Baseline:
[-0.12304319 -0.1197678  -0.12304319 -0.1197678  -0.11691267 -0.1197678
 -0.11691267 -0.11460542 -0.11588404 -0.11460542 -0.11229235 -0.11229235
 -0.11460542 -0.11229235 -0.11229235 -0.11320801 -0.11229235 -0.11229235
 -0.11229235 -0.11229235 -0.11460542 -0.11229235 -0.11229235 -0.11320801
 -0.11588404 -0.11588404]
Returns:
[-8.25321738 -8.16073171 -8.03497149 -7.93099919 -7.79681504 -7.62227875
 -7.47184615 -7.28977321 -7.06145505 -6.76323154 -6.52048791 -6.24178831
 -5.93184287 -5.64534194 -5.32058202 -4.96399979 -4.52592867 -4.09631703
 -3.64409425 -3.21400551 -2.74470308 -2.29045796 -1.74318997 -1.19832394
 -0.59422302]
Advants:
[-6.17649799 -6.16954909 -6.1257917  -6.11452328 -6.07617916 -5.99420745
 -5.94561397 -5.8677047  -5.74154029 -5.54765503 -5.41162748 -5.2376051
 -5.02928347 -4.8490973  -4.62715455 -4.37017583 -4.02858227 -3.68938624
 -3.32129505 -2.96920311 -2.56764268 -2.17775623 -1.68089353 -1.1729311
 -0.58842885]
Mus:
[[0.26095232 0.2659188  0.25372934 0.2193995 ]
 [0.26121724 0.2664132  0.25312385 0.2192457 ]
 [0.26095232 0.2659188  0.25372934 0.2193995 ]
 [0.26121724 0.2664132  0.25312385 0.2192457 ]
 [0.2615571  0.2665519  0.25272617 0.21916476]
 [0.26121724 0.2664132  0.25312385 0.2192457 ]
 [0.2615571  0.2665519  0.25272617 0.21916476]
 [0.2614564  0.26650968 0.25328302 0.21875083]
 [0.26159337 0.27103916 0.25024092 0.2171265 ]
 [0.2614564  0.26650968 0.25328302 0.21875083]
 [0.26154423 0.2667453  0.25390416 0.21780635]
 [0.26154423 0.2667453  0.25390416 0.21780635]
 [0.2614564  0.26650968 0.25328302 0.21875083]
 [0.26154423 0.2667453  0.25390416 0.21780635]
 [0.26154423 0.2667453  0.25390416 0.21780635]
 [0.26139447 0.27110624 0.25089577 0.21660353]
 [0.26154423 0.2667453  0.25390416 0.21780635]
 [0.26154423 0.2667453  0.25390416 0.21780635]
 [0.26154423 0.2667453  0.25390416 0.21780635]
 [0.26154423 0.2667453  0.25390416 0.21780635]
 [0.2614564  0.26650968 0.25328302 0.21875083]
 [0.26154423 0.2667453  0.25390416 0.21780635]
 [0.26154423 0.2667453  0.25390416 0.21780635]
 [0.26139447 0.27110624 0.25089577 0.21660353]
 [0.26159337 0.27103916 0.25024092 0.2171265 ]]
Actions:
[[1. 0. 0. 0.]
 [0. 0. 1. 0.]
 [1. 0. 0. 0.]
 [1. 0. 0. 0.]
 [0. 0. 1. 0.]
 [1. 0. 0. 0.]
 [1. 0. 0. 0.]
 [0. 1. 0. 0.]
 [0. 0. 0. 1.]
 [1. 0. 0. 0.]
 [1. 0. 0. 0.]
 [0. 0. 1. 0.]
 [1. 0. 0. 0.]
 [1. 0. 0. 0.]
 [0. 1. 0. 0.]
 [0. 0. 0. 1.]
 [0. 0. 0. 1.]
 [0. 0. 0. 1.]
 [1. 0. 0. 0.]
 [0. 0. 1. 0.]
 [1. 0. 0. 0.]
 [0. 0. 0. 1.]
 [0. 1. 0. 0.]
 [0. 0. 1. 0.]
 [1. 0. 0. 0.]]
States:
[[0.6 0. ]
 [0.7 0. ]
 [0.6 0. ]
 [0.7 0. ]
 [0.8 0. ]
 [0.7 0. ]
 [0.8 0. ]
 [0.9 0. ]
 [0.9 0.1]
 [0.9 0. ]
 [1.  0. ]
 [1.  0. ]
 [0.9 0. ]
 [1.  0. ]
 [1.  0. ]
 [1.  0.1]
 [1.  0. ]
 [1.  0. ]
 [1.  0. ]
 [1.  0. ]
 [0.9 0. ]
 [1.  0. ]
 [1.  0. ]
 [1.  0.1]
 [0.9 0.1]]
Logstds:
[[0. 0. 0. 0.]
 [0. 0. 0. 0.]
 [0. 0. 0. 0.]
 [0. 0. 0. 0.]
 [0. 0. 0. 0.]
 [0. 0. 0. 0.]
 [0. 0. 0. 0.]
 [0. 0. 0. 0.]
 [0. 0. 0. 0.]
 [0. 0. 0. 0.]
 [0. 0. 0. 0.]
 [0. 0. 0. 0.]
 [0. 0. 0. 0.]
 [0. 0. 0. 0.]
 [0. 0. 0. 0.]
 [0. 0. 0. 0.]
 [0. 0. 0. 0.]
 [0. 0. 0. 0.]
 [0. 0. 0. 0.]
 [0. 0. 0. 0.]
 [0. 0. 0. 0.]
 [0. 0. 0. 0.]
 [0. 0. 0. 0.]
 [0. 0. 0. 0.]
 [0. 0. 0. 0.]]
