Baseline:
[-0.7343453  -0.76324654 -0.7916244  -0.76324654 -0.744546   -0.76324654
 -0.7343453  -0.76324654 -0.744546   -0.7757626  -0.7916244  -0.8107381
 -0.7916244  -0.8107381  -0.84049    -0.8107381  -0.78243744 -0.76324654
 -0.7916244  -0.8107381  -0.7916244  -0.76324654 -0.7343453  -0.7534649
 -0.7534649  -0.7534649 ]
Returns:
[-9.22322069 -9.09301079 -8.92176785 -8.6557056  -8.44825798 -8.29145701
 -8.03123206 -7.83828591 -7.5878162  -7.36909429 -7.12288823 -6.83152992
 -6.45685071 -6.13043779 -5.74015586 -5.2344743  -4.74119261 -4.29296008
 -3.8690829  -3.40647167 -2.85152624 -2.26597758 -1.68862213 -1.17541516
 -0.602777  ]
Advants:
[-6.65239872 -6.5944649  -6.49846655 -6.36588091 -6.28534809 -6.22185141
 -6.10491956 -6.00034752 -5.88867594 -5.76133575 -5.62420472 -5.4397104
 -5.20985735 -4.99006594 -4.69348759 -4.33681073 -3.98686048 -3.66937948
 -3.32420131 -2.94377615 -2.50130147 -2.02820855 -1.55403202 -1.08584701
 -0.56510383]
Mus:
[[0.25660288 0.26619866 0.25651392 0.22068462]
 [0.2568896  0.2685498  0.25433213 0.22022846]
 [0.2570938  0.27074558 0.25239378 0.2197668 ]
 [0.2568896  0.2685498  0.25433213 0.22022846]
 [0.25560227 0.26847625 0.255111   0.22081047]
 [0.2568896  0.2685498  0.25433213 0.22022846]
 [0.25660288 0.26619866 0.25651392 0.22068462]
 [0.2568896  0.2685498  0.25433213 0.22022846]
 [0.25560227 0.26847625 0.255111   0.22081047]
 [0.25605038 0.27073014 0.2528868  0.22033265]
 [0.2570938  0.27074558 0.25239378 0.2197668 ]
 [0.25845334 0.27101848 0.25122532 0.21930292]
 [0.2570938  0.27074558 0.25239378 0.2197668 ]
 [0.25845334 0.27101848 0.25122532 0.21930292]
 [0.25798878 0.27386254 0.2495488  0.21859986]
 [0.25845334 0.27101848 0.25122532 0.21930292]
 [0.25818747 0.26841703 0.25346765 0.21992788]
 [0.2568896  0.2685498  0.25433213 0.22022846]
 [0.2570938  0.27074558 0.25239378 0.2197668 ]
 [0.25845334 0.27101848 0.25122532 0.21930292]
 [0.2570938  0.27074558 0.25239378 0.2197668 ]
 [0.2568896  0.2685498  0.25433213 0.22022846]
 [0.25660288 0.26619866 0.25651392 0.22068462]
 [0.25815555 0.26586536 0.25557297 0.22040607]
 [0.25815555 0.26586536 0.25557297 0.22040607]]
Actions:
[[0. 1. 0. 0.]
 [0. 1. 0. 0.]
 [0. 0. 0. 1.]
 [0. 0. 1. 0.]
 [1. 0. 0. 0.]
 [0. 0. 0. 1.]
 [0. 1. 0. 0.]
 [0. 0. 1. 0.]
 [0. 1. 0. 0.]
 [1. 0. 0. 0.]
 [1. 0. 0. 0.]
 [0. 0. 1. 0.]
 [1. 0. 0. 0.]
 [0. 1. 0. 0.]
 [0. 0. 0. 1.]
 [0. 0. 0. 1.]
 [0. 0. 1. 0.]
 [0. 1. 0. 0.]
 [1. 0. 0. 0.]
 [0. 0. 1. 0.]
 [0. 0. 0. 1.]
 [0. 0. 0. 1.]
 [1. 0. 0. 0.]
 [1. 0. 0. 0.]
 [1. 0. 0. 0.]]
States:
[[0.3 0. ]
 [0.3 0.1]
 [0.3 0.2]
 [0.3 0.1]
 [0.2 0.1]
 [0.3 0.1]
 [0.3 0. ]
 [0.3 0.1]
 [0.2 0.1]
 [0.2 0.2]
 [0.3 0.2]
 [0.4 0.2]
 [0.3 0.2]
 [0.4 0.2]
 [0.4 0.3]
 [0.4 0.2]
 [0.4 0.1]
 [0.3 0.1]
 [0.3 0.2]
 [0.4 0.2]
 [0.3 0.2]
 [0.3 0.1]
 [0.3 0. ]
 [0.4 0. ]
 [0.4 0. ]]
Logstds:
[[0. 0. 0. 0.]
 [0. 0. 0. 0.]
 [0. 0. 0. 0.]
 [0. 0. 0. 0.]
 [0. 0. 0. 0.]
 [0. 0. 0. 0.]
 [0. 0. 0. 0.]
 [0. 0. 0. 0.]
 [0. 0. 0. 0.]
 [0. 0. 0. 0.]
 [0. 0. 0. 0.]
 [0. 0. 0. 0.]
 [0. 0. 0. 0.]
 [0. 0. 0. 0.]
 [0. 0. 0. 0.]
 [0. 0. 0. 0.]
 [0. 0. 0. 0.]
 [0. 0. 0. 0.]
 [0. 0. 0. 0.]
 [0. 0. 0. 0.]
 [0. 0. 0. 0.]
 [0. 0. 0. 0.]
 [0. 0. 0. 0.]
 [0. 0. 0. 0.]
 [0. 0. 0. 0.]]
