Baseline:
[-1.0653385  -1.048076   -1.0653385  -1.0653385  -1.0764261  -1.087252
 -1.0503792  -1.0124714  -1.0256754  -1.0256754  -1.0624977  -1.0624977
 -1.0624977  -1.0503792  -1.0624977  -1.0256754  -1.0624977  -1.0624977
 -1.0256754  -1.0124714  -1.0001254  -0.96193904 -1.0001254  -0.96193904
 -0.94976085 -0.94976085]
Returns:
[-12.80406224 -12.5338533  -12.33907255 -12.06850192 -11.82135529
 -11.53287355 -11.08593882 -10.65509722 -10.34717406  -9.9942518
  -9.57734461  -9.14908047  -8.69827611  -8.15828637  -7.68390585
  -7.04385796  -6.47166688  -5.87994601  -5.14495287  -4.45728682
  -3.76352516  -3.01562193  -2.33894038  -1.516059    -0.73880631]
Advants:
[-9.20734965 -9.09399273 -9.02687219 -8.90520162 -8.80056526 -8.65868326
 -8.40677528 -8.17331532 -8.01531547 -7.82850179 -7.54099825 -7.27987513
 -6.99650766 -6.63401095 -6.31192779 -5.86846789 -5.41399456 -4.97167796
 -4.41404593 -3.87123507 -3.31161097 -2.7121106  -2.09473893 -1.39157664
 -0.69131833]
Mus:
[[0.2549495  0.29121298 0.23503207 0.21880545]
 [0.25450787 0.29069108 0.2352045  0.21959655]
 [0.2549495  0.29121298 0.23503207 0.21880545]
 [0.2549495  0.29121298 0.23503207 0.21880545]
 [0.2554632  0.2928517  0.23413143 0.21755369]
 [0.25585172 0.29473436 0.23327602 0.21613789]
 [0.25637874 0.29151708 0.23519515 0.21690899]
 [0.25715348 0.28821462 0.23720406 0.21742778]
 [0.25784215 0.28955188 0.2363831  0.2162229 ]
 [0.25784215 0.28955188 0.2363831  0.2162229 ]
 [0.25704822 0.29309538 0.23421931 0.21563706]
 [0.25704822 0.29309538 0.23421931 0.21563706]
 [0.25704822 0.29309538 0.23421931 0.21563706]
 [0.25637874 0.29151708 0.23519515 0.21690899]
 [0.25704822 0.29309538 0.23421931 0.21563706]
 [0.25784215 0.28955188 0.2363831  0.2162229 ]
 [0.25704822 0.29309538 0.23421931 0.21563706]
 [0.25704822 0.29309538 0.23421931 0.21563706]
 [0.25784215 0.28955188 0.2363831  0.2162229 ]
 [0.25715348 0.28821462 0.23720406 0.21742778]
 [0.25630412 0.2866494  0.23789486 0.21915166]
 [0.25680903 0.28386763 0.23996964 0.2193537 ]
 [0.25630412 0.2866494  0.23789486 0.21915166]
 [0.25680903 0.28386763 0.23996964 0.2193537 ]
 [0.25595528 0.2827253  0.24014407 0.22117534]]
Actions:
[[0. 0. 1. 0.]
 [1. 0. 0. 0.]
 [0. 1. 0. 0.]
 [1. 0. 0. 0.]
 [1. 0. 0. 0.]
 [0. 0. 0. 1.]
 [0. 0. 0. 1.]
 [1. 0. 0. 0.]
 [1. 0. 0. 0.]
 [0. 1. 0. 0.]
 [1. 0. 0. 0.]
 [1. 0. 0. 0.]
 [0. 0. 1. 0.]
 [1. 0. 0. 0.]
 [0. 0. 0. 1.]
 [0. 1. 0. 0.]
 [1. 0. 0. 0.]
 [0. 0. 0. 1.]
 [0. 0. 1. 0.]
 [0. 0. 1. 0.]
 [0. 0. 0. 1.]
 [0. 1. 0. 0.]
 [0. 0. 0. 1.]
 [0. 0. 1. 0.]
 [1. 0. 0. 0.]]
States:
[[0.1 1. ]
 [0.  1. ]
 [0.1 1. ]
 [0.1 1. ]
 [0.2 1. ]
 [0.3 1. ]
 [0.3 0.9]
 [0.3 0.8]
 [0.4 0.8]
 [0.4 0.8]
 [0.4 0.9]
 [0.4 0.9]
 [0.4 0.9]
 [0.3 0.9]
 [0.4 0.9]
 [0.4 0.8]
 [0.4 0.9]
 [0.4 0.9]
 [0.4 0.8]
 [0.3 0.8]
 [0.2 0.8]
 [0.2 0.7]
 [0.2 0.8]
 [0.2 0.7]
 [0.1 0.7]]
Logstds:
[[0. 0. 0. 0.]
 [0. 0. 0. 0.]
 [0. 0. 0. 0.]
 [0. 0. 0. 0.]
 [0. 0. 0. 0.]
 [0. 0. 0. 0.]
 [0. 0. 0. 0.]
 [0. 0. 0. 0.]
 [0. 0. 0. 0.]
 [0. 0. 0. 0.]
 [0. 0. 0. 0.]
 [0. 0. 0. 0.]
 [0. 0. 0. 0.]
 [0. 0. 0. 0.]
 [0. 0. 0. 0.]
 [0. 0. 0. 0.]
 [0. 0. 0. 0.]
 [0. 0. 0. 0.]
 [0. 0. 0. 0.]
 [0. 0. 0. 0.]
 [0. 0. 0. 0.]
 [0. 0. 0. 0.]
 [0. 0. 0. 0.]
 [0. 0. 0. 0.]
 [0. 0. 0. 0.]]
