Baseline:
[-3.66942263 -3.744174   -3.65010333 -3.57406783 -3.57406783 -3.66942263
 -3.76791096 -3.86734366 -3.96670365 -4.03893328  0.        ]
Returns:
[-10.44339691  -9.758848    -8.77554635  -7.86159067  -6.86353099
  -5.96569048  -4.97075255  -3.87221169  -2.66451709  -1.42995977]
Advants:
[-6.28037377 -5.66504588 -4.90454992 -4.18041628 -3.27496847 -2.351557
 -1.30004195 -0.11049916  1.22783082  2.6089735 ]
Mus:
[[0.26043135 0.2953836  0.23232113 0.21186392]
 [0.26140937 0.2962299  0.23143066 0.21093006]
 [0.26207826 0.29235667 0.23387787 0.2116872 ]
 [0.26112112 0.29140964 0.2347545  0.2127147 ]
 [0.26112112 0.29140964 0.2347545  0.2127147 ]
 [0.26043135 0.2953836  0.23232113 0.21186392]
 [0.25988448 0.29883233 0.23036462 0.21091855]
 [0.25941777 0.30208194 0.22850005 0.21000017]
 [0.25929862 0.30494922 0.22654337 0.20920882]
 [0.259718   0.30611315 0.22571214 0.20845671]]
Actions:
[[1. 0. 0. 0.]
 [0. 0. 0. 1.]
 [0. 0. 1. 0.]
 [0. 0. 0. 1.]
 [0. 1. 0. 0.]
 [0. 1. 0. 0.]
 [0. 1. 0. 0.]
 [0. 1. 0. 0.]
 [1. 0. 0. 0.]
 [0. 1. 0. 0.]]
States:
[[0.9 0.7]
 [1.  0.7]
 [1.  0.6]
 [0.9 0.6]
 [0.9 0.6]
 [0.9 0.7]
 [0.9 0.8]
 [0.9 0.9]
 [0.9 1. ]
 [1.  1. ]]
Logstds:
[[0. 0. 0. 0.]
 [0. 0. 0. 0.]
 [0. 0. 0. 0.]
 [0. 0. 0. 0.]
 [0. 0. 0. 0.]
 [0. 0. 0. 0.]
 [0. 0. 0. 0.]
 [0. 0. 0. 0.]
 [0. 0. 0. 0.]
 [0. 0. 0. 0.]]
