Baseline:
[-2.3704748 -2.3084755 -2.3704748 -2.411198  -2.3498487 -2.2882292
 -2.3498487 -2.2882292 -2.2254012 -2.162468  -2.205638  -2.205638
 -2.162468  -2.205638  -2.162468  -2.162468  -2.120561  -2.120561
 -2.1832652 -2.120561  -2.0783014 -2.1422207 -2.0783014 -2.0372472
 -1.9967092 -1.9967092]
Returns:
[-17.49056582 -16.99193181 -16.60767206 -16.23113816 -15.62974647
 -15.03982848 -14.5601075  -13.91389273 -13.27618923 -12.64709061
 -12.19246958 -11.67667839 -11.02707358 -10.48718849  -9.77497895
  -9.00335295  -8.2518641   -7.43774605  -6.68854538  -5.74981404
  -4.86531936  -4.01831488  -2.97618318  -1.98333553  -0.97554022]
Advants:
[-12.17552912 -11.94218313 -11.7027286  -11.49698822 -11.1697784
 -10.85610429 -10.53092888 -10.16283298  -9.80512021  -9.45710668
  -9.1806556   -8.88910737  -8.5072625   -8.14989686  -7.70508072
  -7.15291439  -6.6595415   -6.05487165  -5.44514669  -4.76142925
  -4.10183726  -3.36094271  -2.53699009  -1.72316056  -0.87570465]
Mus:
[[0.25934857 0.30337563 0.22730306 0.20997274]
 [0.25953948 0.30044404 0.22928064 0.21073581]
 [0.25934857 0.30337563 0.22730306 0.20997274]
 [0.25929862 0.30494922 0.22654337 0.20920882]
 [0.25941777 0.30208194 0.22850005 0.21000017]
 [0.25988448 0.29883233 0.23036462 0.21091855]
 [0.25941777 0.30208194 0.22850005 0.21000017]
 [0.25988448 0.29883233 0.23036462 0.21091855]
 [0.26043135 0.2953836  0.23232113 0.21186392]
 [0.26112112 0.29140964 0.2347545  0.2127147 ]
 [0.26207826 0.29235667 0.23387787 0.2116872 ]
 [0.26207826 0.29235667 0.23387787 0.2116872 ]
 [0.26112112 0.29140964 0.2347545  0.2127147 ]
 [0.26207826 0.29235667 0.23387787 0.2116872 ]
 [0.26112112 0.29140964 0.2347545  0.2127147 ]
 [0.26112112 0.29140964 0.2347545  0.2127147 ]
 [0.26016685 0.29051405 0.23579814 0.21352105]
 [0.26016685 0.29051405 0.23579814 0.21352105]
 [0.259691   0.29433227 0.23337223 0.2126045 ]
 [0.26016685 0.29051405 0.23579814 0.21352105]
 [0.2596395  0.28929067 0.23689438 0.21417549]
 [0.2596946  0.292632   0.2344327  0.21324068]
 [0.2596395  0.28929067 0.23689438 0.21417549]
 [0.25979668 0.28729433 0.238097   0.21481194]
 [0.2595157  0.2845408  0.23981252 0.21613093]]
Actions:
[[0. 0. 0. 1.]
 [0. 1. 0. 0.]
 [1. 0. 0. 0.]
 [0. 0. 0. 1.]
 [0. 0. 0. 1.]
 [0. 1. 0. 0.]
 [0. 0. 0. 1.]
 [0. 0. 0. 1.]
 [0. 0. 0. 1.]
 [1. 0. 0. 0.]
 [1. 0. 0. 0.]
 [0. 0. 1. 0.]
 [1. 0. 0. 0.]
 [0. 0. 1. 0.]
 [0. 0. 0. 1.]
 [0. 0. 1. 0.]
 [0. 0. 0. 1.]
 [0. 1. 0. 0.]
 [0. 0. 0. 1.]
 [0. 0. 1. 0.]
 [0. 1. 0. 0.]
 [0. 0. 0. 1.]
 [0. 0. 1. 0.]
 [0. 0. 1. 0.]
 [0. 1. 0. 0.]]
States:
[[0.8 1. ]
 [0.8 0.9]
 [0.8 1. ]
 [0.9 1. ]
 [0.9 0.9]
 [0.9 0.8]
 [0.9 0.9]
 [0.9 0.8]
 [0.9 0.7]
 [0.9 0.6]
 [1.  0.6]
 [1.  0.6]
 [0.9 0.6]
 [1.  0.6]
 [0.9 0.6]
 [0.9 0.6]
 [0.8 0.6]
 [0.8 0.6]
 [0.8 0.7]
 [0.8 0.6]
 [0.7 0.6]
 [0.7 0.7]
 [0.7 0.6]
 [0.6 0.6]
 [0.5 0.6]]
Logstds:
[[0. 0. 0. 0.]
 [0. 0. 0. 0.]
 [0. 0. 0. 0.]
 [0. 0. 0. 0.]
 [0. 0. 0. 0.]
 [0. 0. 0. 0.]
 [0. 0. 0. 0.]
 [0. 0. 0. 0.]
 [0. 0. 0. 0.]
 [0. 0. 0. 0.]
 [0. 0. 0. 0.]
 [0. 0. 0. 0.]
 [0. 0. 0. 0.]
 [0. 0. 0. 0.]
 [0. 0. 0. 0.]
 [0. 0. 0. 0.]
 [0. 0. 0. 0.]
 [0. 0. 0. 0.]
 [0. 0. 0. 0.]
 [0. 0. 0. 0.]
 [0. 0. 0. 0.]
 [0. 0. 0. 0.]
 [0. 0. 0. 0.]
 [0. 0. 0. 0.]
 [0. 0. 0. 0.]]
