Baseline:
[1.2074616  1.2240916  1.2836812  1.2240916  1.1691316  1.1186519
 1.0947049  1.1186519  1.0947049  1.0735028  1.0947049  1.0735028
 1.0551314  1.1140049  1.0949246  1.1492612  1.0949246  1.0382644
 0.9804228  0.99852675 1.0551314  0.99852675 0.9804228  0.99852675
 0.9497739  0.9497739 ]
Returns:
[0.0417471  0.05807802 0.11169807 0.1371093  0.15239692 0.15731122
 0.15476015 0.16127627 0.1589339  0.15101134 0.15369828 0.14550016
 0.1311819  0.14817269 0.13792184 0.15923679 0.16007875 0.14956322
 0.12749512 0.11183984 0.11793031 0.09758976 0.06395958 0.04496033
 0.00954723]
Advants:
[-0.72848541 -0.72760054 -0.7324697  -0.6436461  -0.56707734 -0.50311035
 -0.47174946 -0.4789056  -0.44548277 -0.41896759 -0.42369218 -0.39532072
 -0.37446575 -0.39941042 -0.37192709 -0.38572718 -0.30798287 -0.23592308
 -0.17092048 -0.17400473 -0.19279318 -0.12097905 -0.09840708 -0.09531413
 -0.03794146]
Mus:
[[0.25979668 0.28729433 0.238097   0.21481194]
 [0.2596395  0.28929067 0.23689438 0.21417549]
 [0.2596946  0.292632   0.2344327  0.21324068]
 [0.2596395  0.28929067 0.23689438 0.21417549]
 [0.25992283 0.28558153 0.23953931 0.21495633]
 [0.260012   0.28206024 0.24247386 0.21545391]
 [0.25948626 0.28070253 0.24371035 0.21610075]
 [0.260012   0.28206024 0.24247386 0.21545391]
 [0.25948626 0.28070253 0.24371035 0.21610075]
 [0.25890708 0.27817583 0.24605037 0.21686669]
 [0.25948626 0.28070253 0.24371035 0.21610075]
 [0.25890708 0.27817583 0.24605037 0.21686669]
 [0.2583469  0.2762402  0.24751526 0.21789771]
 [0.25882447 0.2787865  0.24464741 0.21774161]
 [0.25790602 0.27819282 0.24526347 0.21863773]
 [0.2578627  0.28150547 0.24215011 0.21848173]
 [0.25790602 0.27819282 0.24526347 0.21863773]
 [0.2577019  0.27532676 0.24815924 0.21881211]
 [0.2574822  0.27274606 0.2502805  0.21949127]
 [0.25798878 0.27386254 0.2495488  0.21859986]
 [0.2583469  0.2762402  0.24751526 0.21789771]
 [0.25798878 0.27386254 0.2495488  0.21859986]
 [0.2574822  0.27274606 0.2502805  0.21949127]
 [0.25798878 0.27386254 0.2495488  0.21859986]
 [0.25845334 0.27101848 0.25122532 0.21930292]]
Actions:
[[1. 0. 0. 0.]
 [0. 1. 0. 0.]
 [0. 0. 0. 1.]
 [0. 0. 0. 1.]
 [0. 0. 0. 1.]
 [0. 0. 1. 0.]
 [1. 0. 0. 0.]
 [0. 0. 1. 0.]
 [0. 0. 1. 0.]
 [1. 0. 0. 0.]
 [0. 0. 1. 0.]
 [0. 0. 1. 0.]
 [0. 1. 0. 0.]
 [0. 0. 1. 0.]
 [0. 1. 0. 0.]
 [0. 0. 0. 1.]
 [0. 0. 0. 1.]
 [0. 0. 0. 1.]
 [1. 0. 0. 0.]
 [0. 1. 0. 0.]
 [0. 0. 0. 1.]
 [0. 0. 1. 0.]
 [1. 0. 0. 0.]
 [0. 0. 0. 1.]
 [0. 1. 0. 0.]]
States:
[[0.6 0.6]
 [0.7 0.6]
 [0.7 0.7]
 [0.7 0.6]
 [0.7 0.5]
 [0.7 0.4]
 [0.6 0.4]
 [0.7 0.4]
 [0.6 0.4]
 [0.5 0.4]
 [0.6 0.4]
 [0.5 0.4]
 [0.4 0.4]
 [0.4 0.5]
 [0.3 0.5]
 [0.3 0.6]
 [0.3 0.5]
 [0.3 0.4]
 [0.3 0.3]
 [0.4 0.3]
 [0.4 0.4]
 [0.4 0.3]
 [0.3 0.3]
 [0.4 0.3]
 [0.4 0.2]]
Logstds:
[[0. 0. 0. 0.]
 [0. 0. 0. 0.]
 [0. 0. 0. 0.]
 [0. 0. 0. 0.]
 [0. 0. 0. 0.]
 [0. 0. 0. 0.]
 [0. 0. 0. 0.]
 [0. 0. 0. 0.]
 [0. 0. 0. 0.]
 [0. 0. 0. 0.]
 [0. 0. 0. 0.]
 [0. 0. 0. 0.]
 [0. 0. 0. 0.]
 [0. 0. 0. 0.]
 [0. 0. 0. 0.]
 [0. 0. 0. 0.]
 [0. 0. 0. 0.]
 [0. 0. 0. 0.]
 [0. 0. 0. 0.]
 [0. 0. 0. 0.]
 [0. 0. 0. 0.]
 [0. 0. 0. 0.]
 [0. 0. 0. 0.]
 [0. 0. 0. 0.]
 [0. 0. 0. 0.]]
