Baseline:
[0.50508565 0.50508565 0.52558595 0.52558595 0.52558595 0.54687715
 0.5756226  0.5657722  0.53699833 0.54687715 0.54687715 0.52558595
 0.50508565 0.49355325 0.5143434  0.49355325 0.48184684 0.48184684
 0.5038681  0.48184684 0.4711642  0.48184684 0.5038681  0.5143434
 0.53699833 0.53699833]
Returns:
[-7.48642779 -7.37501698 -7.19812273 -7.05129497 -6.89673943 -6.66987301
 -6.40694431 -6.15479328 -5.87931397 -5.66011513 -5.4122453  -5.10313232
 -4.80061312 -4.53713626 -4.23081173 -3.90130979 -3.60919344 -3.28895606
 -2.93710246 -2.55779388 -2.21279981 -1.87567908 -1.44944248 -1.03504805
 -0.51950961]
Advants:
[-6.03765345 -6.00351333 -5.92613556 -5.86051407 -5.78930248 -5.66781306
 -5.51763592 -5.33869364 -5.11516533 -4.98697306 -4.81947597 -4.56607253
 -4.31662304 -4.11294553 -3.89598846 -3.60928187 -3.36506464 -3.09960623
 -2.81901828 -2.45871556 -2.13656065 -1.83640397 -1.44820736 -1.04917921
 -0.54635954]
Mus:
[[0.26207826 0.29235667 0.23387787 0.2116872 ]
 [0.26207826 0.29235667 0.23387787 0.2116872 ]
 [0.26140937 0.2962299  0.23143066 0.21093006]
 [0.26140937 0.2962299  0.23143066 0.21093006]
 [0.26140937 0.2962299  0.23143066 0.21093006]
 [0.2606076  0.29963258 0.2295155  0.21024439]
 [0.2601313  0.3029988  0.22755642 0.2093135 ]
 [0.25941777 0.30208194 0.22850005 0.21000017]
 [0.25988448 0.29883233 0.23036462 0.21091855]
 [0.2606076  0.29963258 0.2295155  0.21024439]
 [0.2606076  0.29963258 0.2295155  0.21024439]
 [0.26140937 0.2962299  0.23143066 0.21093006]
 [0.26207826 0.29235667 0.23387787 0.2116872 ]
 [0.26112112 0.29140964 0.2347545  0.2127147 ]
 [0.26043135 0.2953836  0.23232113 0.21186392]
 [0.26112112 0.29140964 0.2347545  0.2127147 ]
 [0.26016685 0.29051405 0.23579814 0.21352105]
 [0.26016685 0.29051405 0.23579814 0.21352105]
 [0.259691   0.29433227 0.23337223 0.2126045 ]
 [0.26016685 0.29051405 0.23579814 0.21352105]
 [0.2596395  0.28929067 0.23689438 0.21417549]
 [0.26016685 0.29051405 0.23579814 0.21352105]
 [0.259691   0.29433227 0.23337223 0.2126045 ]
 [0.26043135 0.2953836  0.23232113 0.21186392]
 [0.25988448 0.29883233 0.23036462 0.21091855]]
Actions:
[[1. 0. 0. 0.]
 [0. 1. 0. 0.]
 [1. 0. 0. 0.]
 [1. 0. 0. 0.]
 [0. 1. 0. 0.]
 [0. 1. 0. 0.]
 [0. 0. 1. 0.]
 [0. 0. 0. 1.]
 [1. 0. 0. 0.]
 [1. 0. 0. 0.]
 [0. 0. 0. 1.]
 [0. 0. 0. 1.]
 [0. 0. 1. 0.]
 [0. 1. 0. 0.]
 [0. 0. 0. 1.]
 [0. 0. 1. 0.]
 [0. 0. 0. 1.]
 [0. 1. 0. 0.]
 [0. 0. 0. 1.]
 [0. 0. 1. 0.]
 [1. 0. 0. 0.]
 [0. 1. 0. 0.]
 [1. 0. 0. 0.]
 [0. 1. 0. 0.]
 [0. 0. 1. 0.]]
States:
[[1.  0.6]
 [1.  0.6]
 [1.  0.7]
 [1.  0.7]
 [1.  0.7]
 [1.  0.8]
 [1.  0.9]
 [0.9 0.9]
 [0.9 0.8]
 [1.  0.8]
 [1.  0.8]
 [1.  0.7]
 [1.  0.6]
 [0.9 0.6]
 [0.9 0.7]
 [0.9 0.6]
 [0.8 0.6]
 [0.8 0.6]
 [0.8 0.7]
 [0.8 0.6]
 [0.7 0.6]
 [0.8 0.6]
 [0.8 0.7]
 [0.9 0.7]
 [0.9 0.8]]
Logstds:
[[0. 0. 0. 0.]
 [0. 0. 0. 0.]
 [0. 0. 0. 0.]
 [0. 0. 0. 0.]
 [0. 0. 0. 0.]
 [0. 0. 0. 0.]
 [0. 0. 0. 0.]
 [0. 0. 0. 0.]
 [0. 0. 0. 0.]
 [0. 0. 0. 0.]
 [0. 0. 0. 0.]
 [0. 0. 0. 0.]
 [0. 0. 0. 0.]
 [0. 0. 0. 0.]
 [0. 0. 0. 0.]
 [0. 0. 0. 0.]
 [0. 0. 0. 0.]
 [0. 0. 0. 0.]
 [0. 0. 0. 0.]
 [0. 0. 0. 0.]
 [0. 0. 0. 0.]
 [0. 0. 0. 0.]
 [0. 0. 0. 0.]
 [0. 0. 0. 0.]
 [0. 0. 0. 0.]]
