Baseline:
[-1.5419384 -1.4969014 -1.4969014 -1.5419384 -1.5881199 -1.5881199
 -1.6428896 -1.5976564 -1.6428896 -1.6428896 -1.6428896 -1.6428896
 -1.5976564 -1.6590741 -1.6175092 -1.6815587 -1.7223681 -1.7867169
 -1.7223681 -1.7867169 -1.8506814 -1.8506814 -1.8916992 -1.8506814
 -1.9164692 -1.9164692]
Returns:
[-10.88171426 -10.70688992 -10.51017704 -10.4020986  -10.25372895
  -9.95746101  -9.73974291  -9.4253947   -9.19027622  -8.90673557
  -8.60827173  -8.29409927  -7.90366455  -7.5734167   -7.14189591
  -6.76599116  -6.35191673  -5.86102216  -5.19146798  -4.63949716
  -4.01566418  -3.26549231  -2.55830763  -1.69384302  -0.87204301]
Advants:
[-7.4497804  -7.44383482 -7.37542937 -7.35681609 -7.30220783 -7.14864126
 -7.02258344 -6.90404949 -6.77843578 -6.65404541 -6.51905859 -6.37257261
 -6.19866606 -5.98077426 -5.76733492 -5.50532728 -5.22948028 -4.85135304
 -4.41963401 -3.97251823 -3.4470662  -2.84986838 -2.2445312  -1.55065263
 -0.77621949]
Mus:
[[0.25660288 0.26619866 0.25651392 0.22068462]
 [0.25518367 0.26627228 0.257706   0.22083811]
 [0.25518367 0.26627228 0.257706   0.22083811]
 [0.25660288 0.26619866 0.25651392 0.22068462]
 [0.25815555 0.26586536 0.25557297 0.22040607]
 [0.25815555 0.26586536 0.25557297 0.22040607]
 [0.25818747 0.26841703 0.25346765 0.21992788]
 [0.2568896  0.2685498  0.25433213 0.22022846]
 [0.25818747 0.26841703 0.25346765 0.21992788]
 [0.25818747 0.26841703 0.25346765 0.21992788]
 [0.25818747 0.26841703 0.25346765 0.21992788]
 [0.25818747 0.26841703 0.25346765 0.21992788]
 [0.2568896  0.2685498  0.25433213 0.22022846]
 [0.2570938  0.27074558 0.25239378 0.2197668 ]
 [0.25605038 0.27073014 0.2528868  0.22033265]
 [0.25696608 0.27280056 0.2500919  0.2201414 ]
 [0.2574822  0.27274606 0.2502805  0.21949127]
 [0.2577019  0.27532676 0.24815924 0.21881211]
 [0.2574822  0.27274606 0.2502805  0.21949127]
 [0.2577019  0.27532676 0.24815924 0.21881211]
 [0.25790602 0.27819282 0.24526347 0.21863773]
 [0.25790602 0.27819282 0.24526347 0.21863773]
 [0.25882447 0.2787865  0.24464741 0.21774161]
 [0.25790602 0.27819282 0.24526347 0.21863773]
 [0.2578627  0.28150547 0.24215011 0.21848173]]
Actions:
[[0. 0. 1. 0.]
 [0. 0. 0. 1.]
 [1. 0. 0. 0.]
 [1. 0. 0. 0.]
 [0. 0. 0. 1.]
 [0. 1. 0. 0.]
 [0. 0. 1. 0.]
 [1. 0. 0. 0.]
 [1. 0. 0. 0.]
 [1. 0. 0. 0.]
 [1. 0. 0. 0.]
 [0. 0. 1. 0.]
 [0. 1. 0. 0.]
 [0. 0. 1. 0.]
 [0. 1. 0. 0.]
 [1. 0. 0. 0.]
 [0. 1. 0. 0.]
 [0. 0. 0. 1.]
 [0. 1. 0. 0.]
 [0. 1. 0. 0.]
 [0. 0. 1. 0.]
 [1. 0. 0. 0.]
 [0. 0. 1. 0.]
 [0. 1. 0. 0.]
 [1. 0. 0. 0.]]
States:
[[0.3 0. ]
 [0.2 0. ]
 [0.2 0. ]
 [0.3 0. ]
 [0.4 0. ]
 [0.4 0. ]
 [0.4 0.1]
 [0.3 0.1]
 [0.4 0.1]
 [0.4 0.1]
 [0.4 0.1]
 [0.4 0.1]
 [0.3 0.1]
 [0.3 0.2]
 [0.2 0.2]
 [0.2 0.3]
 [0.3 0.3]
 [0.3 0.4]
 [0.3 0.3]
 [0.3 0.4]
 [0.3 0.5]
 [0.3 0.5]
 [0.4 0.5]
 [0.3 0.5]
 [0.3 0.6]]
Logstds:
[[0. 0. 0. 0.]
 [0. 0. 0. 0.]
 [0. 0. 0. 0.]
 [0. 0. 0. 0.]
 [0. 0. 0. 0.]
 [0. 0. 0. 0.]
 [0. 0. 0. 0.]
 [0. 0. 0. 0.]
 [0. 0. 0. 0.]
 [0. 0. 0. 0.]
 [0. 0. 0. 0.]
 [0. 0. 0. 0.]
 [0. 0. 0. 0.]
 [0. 0. 0. 0.]
 [0. 0. 0. 0.]
 [0. 0. 0. 0.]
 [0. 0. 0. 0.]
 [0. 0. 0. 0.]
 [0. 0. 0. 0.]
 [0. 0. 0. 0.]
 [0. 0. 0. 0.]
 [0. 0. 0. 0.]
 [0. 0. 0. 0.]
 [0. 0. 0. 0.]
 [0. 0. 0. 0.]]
