Baseline:
[-1.3904563 -1.3904563 -1.3240083 -1.356212  -1.3240083 -1.3240083
 -1.3240083 -1.2570204 -1.2570204 -1.3240083 -1.3240083 -1.356212
 -1.3240083 -1.356212  -1.3240083 -1.3904563 -1.3904563 -1.4569004
 -1.3904563 -1.4569004 -1.3904563 -1.4569004 -1.3904563 -1.3904563
 -1.4569004 -1.4569004]
Returns:
[-13.23481621 -12.94723519 -12.62890592 -12.40028554 -12.07253067
 -11.76734784 -11.44610276 -11.0910835  -10.76065167 -10.40448624
 -10.01151161  -9.64513363  -9.17237076  -8.76182748  -8.24257481
  -7.71588997  -7.13783914  -6.51475794  -5.81504145  -5.12233932
  -4.34933764  -3.5794932   -2.72528909  -1.88457506  -0.98500627]
Advants:
[-9.34259845 -9.19932552 -9.09625541 -8.9888526  -8.85065131 -8.70678408
 -8.5506612  -8.43291042 -8.27704506 -8.03024167 -7.81648604 -7.60006327
 -7.34355492 -7.08684447 -6.78661645 -6.37787526 -5.98204587 -5.4689394
 -5.00752867 -4.41140581 -3.85990677 -3.16602122 -2.50843136 -1.7829749
 -0.91216135]
Mus:
[[0.24768008 0.27621937 0.2814319  0.19466865]
 [0.24768008 0.27621937 0.2814319  0.19466865]
 [0.24626715 0.27472165 0.2823628  0.19664836]
 [0.24924172 0.27718598 0.2775636  0.19600873]
 [0.24626715 0.27472165 0.2823628  0.19664836]
 [0.24626715 0.27472165 0.2823628  0.19664836]
 [0.24626715 0.27472165 0.2823628  0.19664836]
 [0.24515374 0.27291837 0.2831931  0.19873483]
 [0.24515374 0.27291837 0.2831931  0.19873483]
 [0.24626715 0.27472165 0.2823628  0.19664836]
 [0.24626715 0.27472165 0.2823628  0.19664836]
 [0.24924172 0.27718598 0.2775636  0.19600873]
 [0.24626715 0.27472165 0.2823628  0.19664836]
 [0.24924172 0.27718598 0.2775636  0.19600873]
 [0.24626715 0.27472165 0.2823628  0.19664836]
 [0.24768008 0.27621937 0.2814319  0.19466865]
 [0.24768008 0.27621937 0.2814319  0.19466865]
 [0.24847582 0.2775015  0.280943   0.19307972]
 [0.24768008 0.27621937 0.2814319  0.19466865]
 [0.24847582 0.2775015  0.280943   0.19307972]
 [0.24768008 0.27621937 0.2814319  0.19466865]
 [0.24847582 0.2775015  0.280943   0.19307972]
 [0.24768008 0.27621937 0.2814319  0.19466865]
 [0.24768008 0.27621937 0.2814319  0.19466865]
 [0.24847582 0.2775015  0.280943   0.19307972]]
Actions:
[[0. 0. 1. 0.]
 [0. 0. 0. 1.]
 [1. 0. 0. 0.]
 [0. 0. 1. 0.]
 [0. 0. 1. 0.]
 [0. 0. 1. 0.]
 [0. 0. 0. 1.]
 [0. 0. 0. 1.]
 [0. 1. 0. 0.]
 [0. 0. 1. 0.]
 [1. 0. 0. 0.]
 [0. 0. 1. 0.]
 [1. 0. 0. 0.]
 [0. 0. 1. 0.]
 [0. 1. 0. 0.]
 [0. 0. 1. 0.]
 [0. 1. 0. 0.]
 [0. 0. 0. 1.]
 [0. 1. 0. 0.]
 [0. 0. 0. 1.]
 [0. 1. 0. 0.]
 [0. 0. 0. 1.]
 [0. 0. 1. 0.]
 [0. 1. 0. 0.]
 [0. 1. 0. 0.]]
States:
[[0.  0.8]
 [0.  0.8]
 [0.  0.7]
 [0.1 0.7]
 [0.  0.7]
 [0.  0.7]
 [0.  0.7]
 [0.  0.6]
 [0.  0.6]
 [0.  0.7]
 [0.  0.7]
 [0.1 0.7]
 [0.  0.7]
 [0.1 0.7]
 [0.  0.7]
 [0.  0.8]
 [0.  0.8]
 [0.  0.9]
 [0.  0.8]
 [0.  0.9]
 [0.  0.8]
 [0.  0.9]
 [0.  0.8]
 [0.  0.8]
 [0.  0.9]]
Logstds:
[[0. 0. 0. 0.]
 [0. 0. 0. 0.]
 [0. 0. 0. 0.]
 [0. 0. 0. 0.]
 [0. 0. 0. 0.]
 [0. 0. 0. 0.]
 [0. 0. 0. 0.]
 [0. 0. 0. 0.]
 [0. 0. 0. 0.]
 [0. 0. 0. 0.]
 [0. 0. 0. 0.]
 [0. 0. 0. 0.]
 [0. 0. 0. 0.]
 [0. 0. 0. 0.]
 [0. 0. 0. 0.]
 [0. 0. 0. 0.]
 [0. 0. 0. 0.]
 [0. 0. 0. 0.]
 [0. 0. 0. 0.]
 [0. 0. 0. 0.]
 [0. 0. 0. 0.]
 [0. 0. 0. 0.]
 [0. 0. 0. 0.]
 [0. 0. 0. 0.]
 [0. 0. 0. 0.]]
