Baseline:
[0.8831874  0.92024887 0.8831874  0.92024887 0.89479655 0.8579645
 0.83192945 0.8579645  0.82305205 0.84851754 0.8831874  0.9105419
 0.93781155 0.93781155 0.9027257  0.9027257  0.8755118  0.9027257
 0.9027257  0.9027257  0.8755118  0.84851754 0.81530917 0.84851754
 0.8831874  0.8831874 ]
Returns:
[-1.74303818 -1.65538022 -1.65265495 -1.56023998 -1.51066787 -1.5128149
 -1.48756694 -1.46076993 -1.47753732 -1.4511873  -1.36321048 -1.30234622
 -1.22450828 -1.12921701 -1.0893617  -1.00309915 -0.91655814 -0.834234
 -0.73454368 -0.62960649 -0.52340797 -0.42669839 -0.39365788 -0.26489642
 -0.11448324]
Advants:
[-1.82651474 -1.78745172 -1.75895051 -1.71413189 -1.64821946 -1.62234994
 -1.57904731 -1.586922   -1.57758813 -1.58623806 -1.54162912 -1.5165219
 -1.47350796 -1.38346742 -1.31190656 -1.22664436 -1.11045681 -1.05100225
 -0.94351434 -0.82686985 -0.67662662 -0.53083231 -0.4385622  -0.31181597
 -0.15864259]
Mus:
[[0.27025497 0.26483846 0.26748982 0.19741683]
 [0.27073106 0.2681101  0.2649357  0.19622315]
 [0.27025497 0.26483846 0.26748982 0.19741683]
 [0.27073106 0.2681101  0.2649357  0.19622315]
 [0.26807493 0.2686845  0.2666398  0.19660072]
 [0.2674641  0.2657798  0.26870856 0.19804758]
 [0.26433307 0.26634073 0.27074865 0.19857754]
 [0.2674641  0.2657798  0.26870856 0.19804758]
 [0.2667143  0.2626433  0.2712128  0.19942966]
 [0.26942575 0.26173177 0.27014214 0.1987003 ]
 [0.27025497 0.26483846 0.26748982 0.19741683]
 [0.2727185  0.26373005 0.26669902 0.1968524 ]
 [0.27411455 0.26293564 0.2663685  0.19658132]
 [0.27411455 0.26293564 0.2663685  0.19658132]
 [0.27337047 0.26058477 0.26844305 0.19760163]
 [0.27337047 0.26058477 0.26844305 0.19760163]
 [0.2716644  0.26121718 0.26908854 0.1980299 ]
 [0.27337047 0.26058477 0.26844305 0.19760163]
 [0.27337047 0.26058477 0.26844305 0.19760163]
 [0.27337047 0.26058477 0.26844305 0.19760163]
 [0.2716644  0.26121718 0.26908854 0.1980299 ]
 [0.26942575 0.26173177 0.27014214 0.1987003 ]
 [0.26785615 0.25958893 0.272403   0.20015188]
 [0.26942575 0.26173177 0.27014214 0.1987003 ]
 [0.27025497 0.26483846 0.26748982 0.19741683]]
Actions:
[[0. 1. 0. 0.]
 [0. 0. 0. 1.]
 [0. 1. 0. 0.]
 [0. 0. 1. 0.]
 [0. 0. 0. 1.]
 [0. 0. 1. 0.]
 [1. 0. 0. 0.]
 [0. 0. 0. 1.]
 [1. 0. 0. 0.]
 [0. 1. 0. 0.]
 [1. 0. 0. 0.]
 [1. 0. 0. 0.]
 [1. 0. 0. 0.]
 [0. 0. 0. 1.]
 [1. 0. 0. 0.]
 [0. 0. 1. 0.]
 [1. 0. 0. 0.]
 [1. 0. 0. 0.]
 [1. 0. 0. 0.]
 [0. 0. 1. 0.]
 [0. 0. 1. 0.]
 [0. 0. 0. 1.]
 [0. 1. 0. 0.]
 [0. 1. 0. 0.]
 [0. 0. 1. 0.]]
States:
[[0.8 0.2]
 [0.8 0.3]
 [0.8 0.2]
 [0.8 0.3]
 [0.7 0.3]
 [0.7 0.2]
 [0.6 0.2]
 [0.7 0.2]
 [0.7 0.1]
 [0.8 0.1]
 [0.8 0.2]
 [0.9 0.2]
 [1.  0.2]
 [1.  0.2]
 [1.  0.1]
 [1.  0.1]
 [0.9 0.1]
 [1.  0.1]
 [1.  0.1]
 [1.  0.1]
 [0.9 0.1]
 [0.8 0.1]
 [0.8 0. ]
 [0.8 0.1]
 [0.8 0.2]]
Logstds:
[[0. 0. 0. 0.]
 [0. 0. 0. 0.]
 [0. 0. 0. 0.]
 [0. 0. 0. 0.]
 [0. 0. 0. 0.]
 [0. 0. 0. 0.]
 [0. 0. 0. 0.]
 [0. 0. 0. 0.]
 [0. 0. 0. 0.]
 [0. 0. 0. 0.]
 [0. 0. 0. 0.]
 [0. 0. 0. 0.]
 [0. 0. 0. 0.]
 [0. 0. 0. 0.]
 [0. 0. 0. 0.]
 [0. 0. 0. 0.]
 [0. 0. 0. 0.]
 [0. 0. 0. 0.]
 [0. 0. 0. 0.]
 [0. 0. 0. 0.]
 [0. 0. 0. 0.]
 [0. 0. 0. 0.]
 [0. 0. 0. 0.]
 [0. 0. 0. 0.]
 [0. 0. 0. 0.]]
