Baseline:
[-3.3064477 -3.2320385 -3.3315043 -3.404576  -3.404576  -3.5033987
 -3.404576  -3.5033987 -3.4324515 -3.5033987 -3.6028323 -3.6028323
 -3.5354953 -3.6028323 -3.6028323 -3.6028323 -3.5033987 -3.6028323
 -3.5354953 -3.6028323 -3.6028323 -3.6028323 -3.5354953 -3.4710476
 -3.3668587 -3.3668587]
Returns:
[-16.55923456 -16.24469475 -16.0271768  -15.80437729 -15.53641191
 -15.19497159 -14.63137404 -14.24230015 -13.71037822 -13.32195337
 -12.8132846  -12.22633559 -11.54079996 -10.99284911 -10.3100877
  -9.66334772  -8.76158651  -8.01289843  -7.10560295  -6.32422068
  -5.46769822  -4.56609563  -3.47738948  -2.3663501   -1.15051413]
Advants:
[-10.82675157 -10.78240699 -10.66808416 -10.58298755 -10.53546475
 -10.32080652 -10.08648054  -9.8335746   -9.61335179  -9.4010329
  -9.04222264  -8.70764898  -8.3442055   -7.98634518  -7.56182428
  -7.17532132  -6.63058522  -6.03576829  -5.44471479  -4.83985499
  -4.2214751   -3.55041717  -2.74764358  -1.90589987  -0.98217082]
Mus:
[[0.25835806 0.28588936 0.23878953 0.2169631 ]
 [0.25779495 0.28501284 0.23922966 0.21796256]
 [0.25715348 0.28821462 0.23720406 0.21742778]
 [0.25784215 0.28955188 0.2363831  0.2162229 ]
 [0.25784215 0.28955188 0.2363831  0.2162229 ]
 [0.25704822 0.29309538 0.23421931 0.21563706]
 [0.25784215 0.28955188 0.2363831  0.2162229 ]
 [0.25704822 0.29309538 0.23421931 0.21563706]
 [0.25637874 0.29151708 0.23519515 0.21690899]
 [0.25704822 0.29309538 0.23421931 0.21563706]
 [0.256633   0.29624987 0.23218006 0.214937  ]
 [0.256633   0.29624987 0.23218006 0.214937  ]
 [0.25585172 0.29473436 0.23327602 0.21613789]
 [0.256633   0.29624987 0.23218006 0.214937  ]
 [0.256633   0.29624987 0.23218006 0.214937  ]
 [0.256633   0.29624987 0.23218006 0.214937  ]
 [0.25704822 0.29309538 0.23421931 0.21563706]
 [0.256633   0.29624987 0.23218006 0.214937  ]
 [0.25585172 0.29473436 0.23327602 0.21613789]
 [0.256633   0.29624987 0.23218006 0.214937  ]
 [0.256633   0.29624987 0.23218006 0.214937  ]
 [0.256633   0.29624987 0.23218006 0.214937  ]
 [0.25585172 0.29473436 0.23327602 0.21613789]
 [0.2554632  0.2928517  0.23413143 0.21755369]
 [0.2558718  0.2898044  0.23592407 0.21839972]]
Actions:
[[0. 0. 1. 0.]
 [0. 1. 0. 0.]
 [1. 0. 0. 0.]
 [1. 0. 0. 0.]
 [0. 1. 0. 0.]
 [0. 0. 0. 1.]
 [0. 1. 0. 0.]
 [0. 0. 1. 0.]
 [1. 0. 0. 0.]
 [0. 1. 0. 0.]
 [0. 1. 0. 0.]
 [0. 0. 1. 0.]
 [1. 0. 0. 0.]
 [0. 1. 0. 0.]
 [1. 0. 0. 0.]
 [0. 0. 0. 1.]
 [0. 1. 0. 0.]
 [0. 0. 1. 0.]
 [1. 0. 0. 0.]
 [1. 0. 0. 0.]
 [1. 0. 0. 0.]
 [0. 0. 1. 0.]
 [0. 0. 1. 0.]
 [0. 0. 0. 1.]
 [0. 0. 1. 0.]]
States:
[[0.4 0.7]
 [0.3 0.7]
 [0.3 0.8]
 [0.4 0.8]
 [0.4 0.8]
 [0.4 0.9]
 [0.4 0.8]
 [0.4 0.9]
 [0.3 0.9]
 [0.4 0.9]
 [0.4 1. ]
 [0.4 1. ]
 [0.3 1. ]
 [0.4 1. ]
 [0.4 1. ]
 [0.4 1. ]
 [0.4 0.9]
 [0.4 1. ]
 [0.3 1. ]
 [0.4 1. ]
 [0.4 1. ]
 [0.4 1. ]
 [0.3 1. ]
 [0.2 1. ]
 [0.2 0.9]]
Logstds:
[[0. 0. 0. 0.]
 [0. 0. 0. 0.]
 [0. 0. 0. 0.]
 [0. 0. 0. 0.]
 [0. 0. 0. 0.]
 [0. 0. 0. 0.]
 [0. 0. 0. 0.]
 [0. 0. 0. 0.]
 [0. 0. 0. 0.]
 [0. 0. 0. 0.]
 [0. 0. 0. 0.]
 [0. 0. 0. 0.]
 [0. 0. 0. 0.]
 [0. 0. 0. 0.]
 [0. 0. 0. 0.]
 [0. 0. 0. 0.]
 [0. 0. 0. 0.]
 [0. 0. 0. 0.]
 [0. 0. 0. 0.]
 [0. 0. 0. 0.]
 [0. 0. 0. 0.]
 [0. 0. 0. 0.]
 [0. 0. 0. 0.]
 [0. 0. 0. 0.]
 [0. 0. 0. 0.]]
