Baseline:
[0.4384785  0.44985455 0.4711642  0.48184684 0.4711642  0.49393737
 0.51737356 0.50555217 0.52930677 0.54398316 0.55562067 0.58339208
 0.57015163 0.58339208 0.59492421 0.59492421 0.60503751 0.        ]
Returns:
[-5.71970384 -5.60360348 -5.41899292 -5.25061919 -5.04735278 -4.80843216
 -4.53237    -4.26088556 -3.95221531 -3.65816524 -3.33294626 -2.90955727
 -2.4863792  -2.07782475 -1.6321997  -1.07477589 -0.56002462]
Advants:
[-4.93929988 -4.91796275 -4.84010199 -4.77025241 -4.64501086 -4.51844269
 -4.35521383 -4.16015856 -3.96219946 -3.76854949 -3.53829591 -3.22086909
 -2.85580469 -2.52569707 -2.14893972 -1.63649583 -1.16506213]
Mus:
[[0.25983584 0.28368637 0.24090892 0.21556887]
 [0.25992283 0.28558153 0.23953931 0.21495633]
 [0.2596395  0.28929067 0.23689438 0.21417549]
 [0.26016685 0.29051405 0.23579814 0.21352105]
 [0.2596395  0.28929067 0.23689438 0.21417549]
 [0.2596946  0.292632   0.2344327  0.21324068]
 [0.25969306 0.2955919  0.23233508 0.21237999]
 [0.25962207 0.2935534  0.23368803 0.21313655]
 [0.2591561  0.2966036  0.23169684 0.2125435 ]
 [0.25962454 0.2985617  0.2302689  0.21154492]
 [0.25953948 0.30044404 0.22928064 0.21073581]
 [0.25934857 0.30337563 0.22730306 0.20997274]
 [0.25919223 0.30164802 0.2284222  0.21073751]
 [0.25934857 0.30337563 0.22730306 0.20997274]
 [0.25929862 0.30494922 0.22654337 0.20920882]
 [0.25929862 0.30494922 0.22654337 0.20920882]
 [0.259718   0.30611315 0.22571214 0.20845671]]
Actions:
[[1. 0. 0. 0.]
 [0. 1. 0. 0.]
 [1. 0. 0. 0.]
 [0. 0. 1. 0.]
 [0. 1. 0. 0.]
 [0. 1. 0. 0.]
 [0. 0. 1. 0.]
 [0. 1. 0. 0.]
 [1. 0. 0. 0.]
 [1. 0. 0. 0.]
 [0. 1. 0. 0.]
 [0. 0. 1. 0.]
 [1. 0. 0. 0.]
 [1. 0. 0. 0.]
 [0. 1. 0. 0.]
 [1. 0. 0. 0.]
 [1. 0. 0. 0.]]
States:
[[0.6 0.5]
 [0.7 0.5]
 [0.7 0.6]
 [0.8 0.6]
 [0.7 0.6]
 [0.7 0.7]
 [0.7 0.8]
 [0.6 0.8]
 [0.6 0.9]
 [0.7 0.9]
 [0.8 0.9]
 [0.8 1. ]
 [0.7 1. ]
 [0.8 1. ]
 [0.9 1. ]
 [0.9 1. ]
 [1.  1. ]]
Logstds:
[[0. 0. 0. 0.]
 [0. 0. 0. 0.]
 [0. 0. 0. 0.]
 [0. 0. 0. 0.]
 [0. 0. 0. 0.]
 [0. 0. 0. 0.]
 [0. 0. 0. 0.]
 [0. 0. 0. 0.]
 [0. 0. 0. 0.]
 [0. 0. 0. 0.]
 [0. 0. 0. 0.]
 [0. 0. 0. 0.]
 [0. 0. 0. 0.]
 [0. 0. 0. 0.]
 [0. 0. 0. 0.]
 [0. 0. 0. 0.]
 [0. 0. 0. 0.]]
