Baseline:
[0.3721851  0.36809367 0.3721851  0.36809367 0.3721851  0.3827622
 0.39375395 0.41353157 0.4311036  0.41353157 0.42342836 0.44378182
 0.45310274 0.47345677 0.46139777 0.44797224 0.4311036  0.44797224
 0.46139777 0.48062086 0.46139777 0.48062086 0.46715096 0.44797224
 0.46715096 0.46715096]
Returns:
[-5.25056547 -5.22606392 -5.20218455 -5.17513664 -5.14857689 -5.1049017
 -5.04273744 -4.93324413 -4.79513885 -4.63062897 -4.50645864 -4.3261262
 -4.14816829 -3.90344158 -3.6589791  -3.41859357 -3.15608067 -2.90111449
 -2.64353177 -2.31674894 -1.95312295 -1.59000282 -1.21644865 -0.81249575
 -0.40994924]
Advants:
[-4.08573123 -4.09921904 -4.12448468 -4.14127379 -4.17012196 -4.19168816
 -4.198254   -4.16842055 -4.10914288 -3.98790336 -3.93612095 -3.83900874
 -3.73337841 -3.57044038 -3.37265333 -3.17473031 -2.94735707 -2.75833444
 -2.55988148 -2.29240722 -1.94121772 -1.62104123 -1.2477886  -0.82651499
 -0.43330678]
Mus:
[[0.25709718 0.2749477  0.24724294 0.2207122 ]
 [0.2562672  0.27548006 0.24728444 0.22096835]
 [0.25709718 0.2749477  0.24724294 0.2207122 ]
 [0.2562672  0.27548006 0.24728444 0.22096835]
 [0.25709718 0.2749477  0.24724294 0.2207122 ]
 [0.25748262 0.27501577 0.24782099 0.21968059]
 [0.2577019  0.27532676 0.24815924 0.21881211]
 [0.25790602 0.27819282 0.24526347 0.21863773]
 [0.2578627  0.28150547 0.24215011 0.21848173]
 [0.25790602 0.27819282 0.24526347 0.21863773]
 [0.25882447 0.2787865  0.24464741 0.21774161]
 [0.25861856 0.28220642 0.2415794  0.21759559]
 [0.2595157  0.2845408  0.23981252 0.21613093]
 [0.25922516 0.2882292  0.23727782 0.21526782]
 [0.25835806 0.28588936 0.23878953 0.2169631 ]
 [0.25779495 0.28501284 0.23922966 0.21796256]
 [0.2578627  0.28150547 0.24215011 0.21848173]
 [0.25779495 0.28501284 0.23922966 0.21796256]
 [0.25835806 0.28588936 0.23878953 0.2169631 ]
 [0.25784215 0.28955188 0.2363831  0.2162229 ]
 [0.25835806 0.28588936 0.23878953 0.2169631 ]
 [0.25784215 0.28955188 0.2363831  0.2162229 ]
 [0.25715348 0.28821462 0.23720406 0.21742778]
 [0.25779495 0.28501284 0.23922966 0.21796256]
 [0.25715348 0.28821462 0.23720406 0.21742778]]
Actions:
[[0. 0. 1. 0.]
 [1. 0. 0. 0.]
 [0. 0. 1. 0.]
 [1. 0. 0. 0.]
 [1. 0. 0. 0.]
 [1. 0. 0. 0.]
 [0. 1. 0. 0.]
 [0. 1. 0. 0.]
 [0. 0. 0. 1.]
 [1. 0. 0. 0.]
 [0. 1. 0. 0.]
 [1. 0. 0. 0.]
 [0. 1. 0. 0.]
 [0. 0. 1. 0.]
 [0. 0. 1. 0.]
 [0. 0. 0. 1.]
 [0. 1. 0. 0.]
 [1. 0. 0. 0.]
 [0. 1. 0. 0.]
 [0. 0. 0. 1.]
 [0. 1. 0. 0.]
 [0. 0. 1. 0.]
 [0. 0. 0. 1.]
 [0. 1. 0. 0.]
 [1. 0. 0. 0.]]
States:
[[0.1 0.4]
 [0.  0.4]
 [0.1 0.4]
 [0.  0.4]
 [0.1 0.4]
 [0.2 0.4]
 [0.3 0.4]
 [0.3 0.5]
 [0.3 0.6]
 [0.3 0.5]
 [0.4 0.5]
 [0.4 0.6]
 [0.5 0.6]
 [0.5 0.7]
 [0.4 0.7]
 [0.3 0.7]
 [0.3 0.6]
 [0.3 0.7]
 [0.4 0.7]
 [0.4 0.8]
 [0.4 0.7]
 [0.4 0.8]
 [0.3 0.8]
 [0.3 0.7]
 [0.3 0.8]]
Logstds:
[[0. 0. 0. 0.]
 [0. 0. 0. 0.]
 [0. 0. 0. 0.]
 [0. 0. 0. 0.]
 [0. 0. 0. 0.]
 [0. 0. 0. 0.]
 [0. 0. 0. 0.]
 [0. 0. 0. 0.]
 [0. 0. 0. 0.]
 [0. 0. 0. 0.]
 [0. 0. 0. 0.]
 [0. 0. 0. 0.]
 [0. 0. 0. 0.]
 [0. 0. 0. 0.]
 [0. 0. 0. 0.]
 [0. 0. 0. 0.]
 [0. 0. 0. 0.]
 [0. 0. 0. 0.]
 [0. 0. 0. 0.]
 [0. 0. 0. 0.]
 [0. 0. 0. 0.]
 [0. 0. 0. 0.]
 [0. 0. 0. 0.]
 [0. 0. 0. 0.]
 [0. 0. 0. 0.]]
