Baseline:
[0.4311036  0.44797224 0.46715096 0.48936808 0.51385754 0.5003016
 0.4901175  0.4817449  0.4901175  0.4817449  0.4817449  0.4817449
 0.4817449  0.4901175  0.5003016  0.47652522 0.45475766 0.47652522
 0.45475766 0.47652522 0.5003016  0.5003016  0.4901175  0.4655875
 0.4901175  0.4901175 ]
Returns:
[-6.29366592 -6.2038358  -6.08504404 -5.93578629 -5.75535182 -5.57036592
 -5.39368958 -5.22596554 -5.07713008 -4.89274502 -4.69879113 -4.49462914
 -4.27972179 -4.08108403 -3.85535493 -3.55767227 -3.26925053 -2.99346562
 -2.67534879 -2.36830589 -2.02198238 -1.63462326 -1.25080256 -0.8342185
 -0.42902231]
Advants:
[-5.03566947 -5.02454432 -4.98895446 -4.92746185 -4.83782569 -4.70510092
 -4.58388508 -4.47357885 -4.4001667  -4.27421002 -4.14674913 -4.0084302
 -3.85832827 -3.73250465 -3.58022444 -3.31747751 -3.06140834 -2.85826526
 -2.56307709 -2.31748257 -2.02802088 -1.66458547 -1.28435665 -0.84454943
 -0.4535282 ]
Mus:
[[0.2578627  0.28150547 0.24215011 0.21848173]
 [0.25779495 0.28501284 0.23922966 0.21796256]
 [0.25715348 0.28821462 0.23720406 0.21742778]
 [0.25637874 0.29151708 0.23519515 0.21690899]
 [0.25585172 0.29473436 0.23327602 0.21613789]
 [0.2554632  0.2928517  0.23413143 0.21755369]
 [0.2549495  0.29121298 0.23503207 0.21880545]
 [0.25450787 0.29069108 0.2352045  0.21959655]
 [0.2549495  0.29121298 0.23503207 0.21880545]
 [0.25450787 0.29069108 0.2352045  0.21959655]
 [0.25450787 0.29069108 0.2352045  0.21959655]
 [0.25450787 0.29069108 0.2352045  0.21959655]
 [0.25450787 0.29069108 0.2352045  0.21959655]
 [0.2549495  0.29121298 0.23503207 0.21880545]
 [0.2554632  0.2928517  0.23413143 0.21755369]
 [0.2558718  0.2898044  0.23592407 0.21839972]
 [0.25630412 0.2866494  0.23789486 0.21915166]
 [0.2558718  0.2898044  0.23592407 0.21839972]
 [0.25630412 0.2866494  0.23789486 0.21915166]
 [0.2558718  0.2898044  0.23592407 0.21839972]
 [0.2554632  0.2928517  0.23413143 0.21755369]
 [0.2554632  0.2928517  0.23413143 0.21755369]
 [0.2549495  0.29121298 0.23503207 0.21880545]
 [0.25544986 0.28817207 0.23637344 0.22000466]
 [0.2549495  0.29121298 0.23503207 0.21880545]]
Actions:
[[0. 1. 0. 0.]
 [0. 1. 0. 0.]
 [0. 1. 0. 0.]
 [0. 1. 0. 0.]
 [0. 0. 1. 0.]
 [0. 0. 1. 0.]
 [0. 0. 1. 0.]
 [1. 0. 0. 0.]
 [0. 0. 1. 0.]
 [0. 1. 0. 0.]
 [0. 1. 0. 0.]
 [0. 1. 0. 0.]
 [1. 0. 0. 0.]
 [1. 0. 0. 0.]
 [0. 0. 0. 1.]
 [0. 0. 0. 1.]
 [0. 1. 0. 0.]
 [0. 0. 0. 1.]
 [0. 1. 0. 0.]
 [0. 1. 0. 0.]
 [0. 1. 0. 0.]
 [0. 0. 1. 0.]
 [0. 0. 0. 1.]
 [0. 1. 0. 0.]
 [0. 0. 1. 0.]]
States:
[[0.3 0.6]
 [0.3 0.7]
 [0.3 0.8]
 [0.3 0.9]
 [0.3 1. ]
 [0.2 1. ]
 [0.1 1. ]
 [0.  1. ]
 [0.1 1. ]
 [0.  1. ]
 [0.  1. ]
 [0.  1. ]
 [0.  1. ]
 [0.1 1. ]
 [0.2 1. ]
 [0.2 0.9]
 [0.2 0.8]
 [0.2 0.9]
 [0.2 0.8]
 [0.2 0.9]
 [0.2 1. ]
 [0.2 1. ]
 [0.1 1. ]
 [0.1 0.9]
 [0.1 1. ]]
Logstds:
[[0. 0. 0. 0.]
 [0. 0. 0. 0.]
 [0. 0. 0. 0.]
 [0. 0. 0. 0.]
 [0. 0. 0. 0.]
 [0. 0. 0. 0.]
 [0. 0. 0. 0.]
 [0. 0. 0. 0.]
 [0. 0. 0. 0.]
 [0. 0. 0. 0.]
 [0. 0. 0. 0.]
 [0. 0. 0. 0.]
 [0. 0. 0. 0.]
 [0. 0. 0. 0.]
 [0. 0. 0. 0.]
 [0. 0. 0. 0.]
 [0. 0. 0. 0.]
 [0. 0. 0. 0.]
 [0. 0. 0. 0.]
 [0. 0. 0. 0.]
 [0. 0. 0. 0.]
 [0. 0. 0. 0.]
 [0. 0. 0. 0.]
 [0. 0. 0. 0.]
 [0. 0. 0. 0.]]
