Baseline:
[1.1269854 1.080957  1.098651  1.1448975 1.1448975 1.1269854 1.1072179
 1.1072179 1.1072179 1.1072179 1.1269854 1.1072179 1.063323  1.1072179
 1.1072179 1.1269854 1.1269854 1.1269854 1.080957  1.034792  1.080957
 1.034792  0.9864167 1.034792  0.9864167 0.9864167]
Returns:
[-3.92555334 -3.8412871  -3.7907383  -3.67030854 -3.52702663 -3.42843254
 -3.3356252  -3.20162537 -3.10767289 -3.00877555 -2.9097524  -2.78964611
 -2.65519815 -2.5014642  -2.32356116 -2.1884741  -1.98096349 -1.76253126
 -1.56442176 -1.37166637 -1.15359425 -0.93921636 -0.72915389 -0.49367474
 -0.26016271]
Advants:
[-3.67134433 -3.57562403 -3.57927261 -3.54240797 -3.43519243 -3.35422182
 -3.27672793 -3.1766532  -3.11661005 -3.05145199 -3.00635862 -2.89923124
 -2.75090867 -2.67025011 -2.51851124 -2.42801814 -2.24103101 -2.03811497
 -1.80326444 -1.56703308 -1.39272766 -1.12152383 -0.84352426 -0.6294053
 -0.30948353]
Mus:
[[0.25919223 0.30164802 0.2284222  0.21073751]
 [0.25962454 0.2985617  0.2302689  0.21154492]
 [0.25953948 0.30044404 0.22928064 0.21073581]
 [0.25934857 0.30337563 0.22730306 0.20997274]
 [0.25934857 0.30337563 0.22730306 0.20997274]
 [0.25919223 0.30164802 0.2284222  0.21073751]
 [0.2584849  0.29996115 0.22948857 0.21206535]
 [0.2584849  0.29996115 0.22948857 0.21206535]
 [0.2584849  0.29996115 0.22948857 0.21206535]
 [0.2584849  0.29996115 0.22948857 0.21206535]
 [0.25919223 0.30164802 0.2284222  0.21073751]
 [0.2584849  0.29996115 0.22948857 0.21206535]
 [0.2591561  0.2966036  0.23169684 0.2125435 ]
 [0.2584849  0.29996115 0.22948857 0.21206535]
 [0.2584849  0.29996115 0.22948857 0.21206535]
 [0.25919223 0.30164802 0.2284222  0.21073751]
 [0.25919223 0.30164802 0.2284222  0.21073751]
 [0.25919223 0.30164802 0.2284222  0.21073751]
 [0.25962454 0.2985617  0.2302689  0.21154492]
 [0.25969306 0.2955919  0.23233508 0.21237999]
 [0.25962454 0.2985617  0.2302689  0.21154492]
 [0.25969306 0.2955919  0.23233508 0.21237999]
 [0.2596946  0.292632   0.2344327  0.21324068]
 [0.25969306 0.2955919  0.23233508 0.21237999]
 [0.2596946  0.292632   0.2344327  0.21324068]]
Actions:
[[0. 0. 0. 1.]
 [1. 0. 0. 0.]
 [0. 1. 0. 0.]
 [0. 1. 0. 0.]
 [0. 0. 1. 0.]
 [0. 0. 1. 0.]
 [0. 1. 0. 0.]
 [0. 0. 1. 0.]
 [0. 0. 1. 0.]
 [1. 0. 0. 0.]
 [0. 0. 1. 0.]
 [0. 0. 0. 1.]
 [0. 1. 0. 0.]
 [0. 1. 0. 0.]
 [1. 0. 0. 0.]
 [0. 1. 0. 0.]
 [0. 1. 0. 0.]
 [0. 0. 0. 1.]
 [0. 0. 0. 1.]
 [0. 1. 0. 0.]
 [0. 0. 0. 1.]
 [0. 0. 0. 1.]
 [0. 1. 0. 0.]
 [0. 0. 0. 1.]
 [0. 1. 0. 0.]]
States:
[[0.7 1. ]
 [0.7 0.9]
 [0.8 0.9]
 [0.8 1. ]
 [0.8 1. ]
 [0.7 1. ]
 [0.6 1. ]
 [0.6 1. ]
 [0.6 1. ]
 [0.6 1. ]
 [0.7 1. ]
 [0.6 1. ]
 [0.6 0.9]
 [0.6 1. ]
 [0.6 1. ]
 [0.7 1. ]
 [0.7 1. ]
 [0.7 1. ]
 [0.7 0.9]
 [0.7 0.8]
 [0.7 0.9]
 [0.7 0.8]
 [0.7 0.7]
 [0.7 0.8]
 [0.7 0.7]]
Logstds:
[[0. 0. 0. 0.]
 [0. 0. 0. 0.]
 [0. 0. 0. 0.]
 [0. 0. 0. 0.]
 [0. 0. 0. 0.]
 [0. 0. 0. 0.]
 [0. 0. 0. 0.]
 [0. 0. 0. 0.]
 [0. 0. 0. 0.]
 [0. 0. 0. 0.]
 [0. 0. 0. 0.]
 [0. 0. 0. 0.]
 [0. 0. 0. 0.]
 [0. 0. 0. 0.]
 [0. 0. 0. 0.]
 [0. 0. 0. 0.]
 [0. 0. 0. 0.]
 [0. 0. 0. 0.]
 [0. 0. 0. 0.]
 [0. 0. 0. 0.]
 [0. 0. 0. 0.]
 [0. 0. 0. 0.]
 [0. 0. 0. 0.]
 [0. 0. 0. 0.]
 [0. 0. 0. 0.]]
