Baseline:
[0.41804153 0.40669134 0.4002466  0.4180614  0.4180614  0.42474574
 0.4180614  0.4367569  0.44441926 0.4367569  0.4180614  0.4367569
 0.4367569  0.457232   0.4367569  0.44441926 0.4367569  0.4180614
 0.42474574 0.43546522 0.42474574 0.43546522 0.44797224 0.46715096
 0.48062086 0.48062086]
Returns:
[-5.29659081 -5.20563603 -5.13092054 -5.03799013 -4.94896754 -4.85002332
 -4.73056887 -4.59528413 -4.45622497 -4.28981466 -4.10079625 -3.93236558
 -3.75810603 -3.5495377  -3.2962834  -3.08885578 -2.85047867 -2.58570573
 -2.36237931 -2.11000367 -1.826183   -1.5455865  -1.23293059 -0.85251223
 -0.46585578]
Advants:
[-4.24338204 -4.18932252 -4.1580075  -4.13466013 -4.0990625  -4.0619253
 -3.99170373 -3.93218928 -3.8586655  -3.74201221 -3.59018491 -3.49646621
 -3.37760552 -3.24381313 -3.02054445 -2.8693602  -2.66843076 -2.42514807
 -2.2454148  -2.03633768 -1.76804243 -1.5182993  -1.2307165  -0.87194109
 -0.48988682]
Mus:
[[0.25720176 0.2809932  0.24223013 0.21957496]
 [0.25631383 0.28038588 0.24212594 0.22117443]
 [0.25570232 0.28053162 0.2418136  0.22195251]
 [0.2553593  0.28294805 0.23984177 0.22185096]
 [0.2553593  0.28294805 0.23984177 0.22185096]
 [0.25595528 0.2827253  0.24014407 0.22117534]
 [0.2553593  0.28294805 0.23984177 0.22185096]
 [0.25529966 0.28516638 0.23828538 0.22124866]
 [0.25568086 0.28524476 0.23822485 0.22084953]
 [0.25529966 0.28516638 0.23828538 0.22124866]
 [0.2553593  0.28294805 0.23984177 0.22185096]
 [0.25529966 0.28516638 0.23828538 0.22124866]
 [0.25529966 0.28516638 0.23828538 0.22124866]
 [0.25500414 0.28770223 0.23664138 0.22065221]
 [0.25529966 0.28516638 0.23828538 0.22124866]
 [0.25568086 0.28524476 0.23822485 0.22084953]
 [0.25529966 0.28516638 0.23828538 0.22124866]
 [0.2553593  0.28294805 0.23984177 0.22185096]
 [0.25595528 0.2827253  0.24014407 0.22117534]
 [0.25680903 0.28386763 0.23996964 0.2193537 ]
 [0.25595528 0.2827253  0.24014407 0.22117534]
 [0.25680903 0.28386763 0.23996964 0.2193537 ]
 [0.25779495 0.28501284 0.23922966 0.21796256]
 [0.25715348 0.28821462 0.23720406 0.21742778]
 [0.25784215 0.28955188 0.2363831  0.2162229 ]]
Actions:
[[0. 0. 1. 0.]
 [0. 0. 1. 0.]
 [0. 1. 0. 0.]
 [0. 0. 1. 0.]
 [1. 0. 0. 0.]
 [0. 0. 1. 0.]
 [0. 1. 0. 0.]
 [1. 0. 0. 0.]
 [0. 0. 1. 0.]
 [0. 0. 0. 1.]
 [0. 1. 0. 0.]
 [0. 0. 1. 0.]
 [0. 1. 0. 0.]
 [0. 0. 0. 1.]
 [1. 0. 0. 0.]
 [0. 0. 1. 0.]
 [0. 0. 0. 1.]
 [1. 0. 0. 0.]
 [1. 0. 0. 0.]
 [0. 0. 1. 0.]
 [1. 0. 0. 0.]
 [1. 0. 0. 0.]
 [0. 1. 0. 0.]
 [1. 0. 0. 0.]
 [0. 1. 0. 0.]]
States:
[[0.2 0.6]
 [0.1 0.6]
 [0.  0.6]
 [0.  0.7]
 [0.  0.7]
 [0.1 0.7]
 [0.  0.7]
 [0.  0.8]
 [0.1 0.8]
 [0.  0.8]
 [0.  0.7]
 [0.  0.8]
 [0.  0.8]
 [0.  0.9]
 [0.  0.8]
 [0.1 0.8]
 [0.  0.8]
 [0.  0.7]
 [0.1 0.7]
 [0.2 0.7]
 [0.1 0.7]
 [0.2 0.7]
 [0.3 0.7]
 [0.3 0.8]
 [0.4 0.8]]
Logstds:
[[0. 0. 0. 0.]
 [0. 0. 0. 0.]
 [0. 0. 0. 0.]
 [0. 0. 0. 0.]
 [0. 0. 0. 0.]
 [0. 0. 0. 0.]
 [0. 0. 0. 0.]
 [0. 0. 0. 0.]
 [0. 0. 0. 0.]
 [0. 0. 0. 0.]
 [0. 0. 0. 0.]
 [0. 0. 0. 0.]
 [0. 0. 0. 0.]
 [0. 0. 0. 0.]
 [0. 0. 0. 0.]
 [0. 0. 0. 0.]
 [0. 0. 0. 0.]
 [0. 0. 0. 0.]
 [0. 0. 0. 0.]
 [0. 0. 0. 0.]
 [0. 0. 0. 0.]
 [0. 0. 0. 0.]
 [0. 0. 0. 0.]
 [0. 0. 0. 0.]
 [0. 0. 0. 0.]]
