Baseline:
[-1.3660029 -1.4254394 -1.4858383 -1.4447793 -1.4030222 -1.464416
 -1.4259194 -1.3622093 -1.3006474 -1.3622093 -1.4259194 -1.3895284
 -1.4563682 -1.5234871 -1.5572454 -1.4909866 -1.5572454 -1.4909866
 -1.4259194 -1.4909866 -1.5274364 -1.4909866 -1.5274364 -1.464416
 -1.5274364 -1.5274364]
Returns:
[-14.83821646 -14.55771212 -14.22268558 -13.82716367 -13.45505185
 -13.09861203 -12.68489532 -12.28556148 -11.90984799 -11.54700921
 -11.12675803 -10.65193295 -10.18151307  -9.64737365  -9.11235964
  -8.43755835  -7.77501827  -7.02983059  -6.28862044  -5.55356461
  -4.80369825  -3.90769828  -3.07120738  -2.08507586  -1.09138489]
Advants:
[-10.66219847 -10.48903307 -10.26236057 -10.0800634   -9.92632345
  -9.6872275   -9.49436625  -9.34625612  -9.22587572  -8.99862711
  -8.71364504  -8.47758092  -8.14331426  -7.74374557  -7.37625351
  -6.9673169   -6.43258763  -5.94326277  -5.45196404  -4.82768544
  -4.2078743   -3.50242935  -2.76972336  -1.97024334  -1.0150131 ]
Mus:
[[0.26506147 0.27183095 0.26759323 0.19551438]
 [0.26509738 0.27520102 0.26584896 0.19385265]
 [0.26512167 0.27805102 0.26441002 0.19241728]
 [0.26045677 0.2785319  0.2674665  0.19354479]
 [0.25606734 0.27875936 0.27041394 0.19475937]
 [0.2569528  0.28054097 0.26900348 0.19350275]
 [0.2541132  0.27939978 0.27173036 0.19475664]
 [0.2527682  0.27766064 0.27345628 0.19611494]
 [0.25213057 0.2755329  0.27473772 0.19759884]
 [0.2527682  0.27766064 0.27345628 0.19611494]
 [0.2541132  0.27939978 0.27173036 0.19475664]
 [0.25160366 0.27844897 0.27444822 0.19549908]
 [0.2527904  0.28029448 0.273075   0.1938401 ]
 [0.25390837 0.2820259  0.27197886 0.19208688]
 [0.25586447 0.28340423 0.2688695  0.19186173]
 [0.25507787 0.28148353 0.27006966 0.1933689 ]
 [0.25586447 0.28340423 0.2688695  0.19186173]
 [0.25507787 0.28148353 0.27006966 0.1933689 ]
 [0.2541132  0.27939978 0.27173036 0.19475664]
 [0.25507787 0.28148353 0.27006966 0.1933689 ]
 [0.25764704 0.2824334  0.2675286  0.19239092]
 [0.25507787 0.28148353 0.27006966 0.1933689 ]
 [0.25764704 0.2824334  0.2675286  0.19239092]
 [0.2569528  0.28054097 0.26900348 0.19350275]
 [0.25764704 0.2824334  0.2675286  0.19239092]]
Actions:
[[0. 1. 0. 0.]
 [0. 1. 0. 0.]
 [0. 0. 1. 0.]
 [0. 0. 1. 0.]
 [0. 1. 0. 0.]
 [0. 0. 1. 0.]
 [0. 0. 0. 1.]
 [0. 0. 0. 1.]
 [0. 1. 0. 0.]
 [0. 1. 0. 0.]
 [0. 0. 1. 0.]
 [0. 1. 0. 0.]
 [0. 1. 0. 0.]
 [1. 0. 0. 0.]
 [0. 0. 0. 1.]
 [0. 1. 0. 0.]
 [0. 0. 0. 1.]
 [0. 0. 0. 1.]
 [0. 1. 0. 0.]
 [1. 0. 0. 0.]
 [0. 0. 1. 0.]
 [1. 0. 0. 0.]
 [0. 0. 0. 1.]
 [0. 1. 0. 0.]
 [0. 0. 1. 0.]]
States:
[[0.6 0.4]
 [0.6 0.5]
 [0.6 0.6]
 [0.5 0.6]
 [0.4 0.6]
 [0.4 0.7]
 [0.3 0.7]
 [0.3 0.6]
 [0.3 0.5]
 [0.3 0.6]
 [0.3 0.7]
 [0.2 0.7]
 [0.2 0.8]
 [0.2 0.9]
 [0.3 0.9]
 [0.3 0.8]
 [0.3 0.9]
 [0.3 0.8]
 [0.3 0.7]
 [0.3 0.8]
 [0.4 0.8]
 [0.3 0.8]
 [0.4 0.8]
 [0.4 0.7]
 [0.4 0.8]]
Logstds:
[[0. 0. 0. 0.]
 [0. 0. 0. 0.]
 [0. 0. 0. 0.]
 [0. 0. 0. 0.]
 [0. 0. 0. 0.]
 [0. 0. 0. 0.]
 [0. 0. 0. 0.]
 [0. 0. 0. 0.]
 [0. 0. 0. 0.]
 [0. 0. 0. 0.]
 [0. 0. 0. 0.]
 [0. 0. 0. 0.]
 [0. 0. 0. 0.]
 [0. 0. 0. 0.]
 [0. 0. 0. 0.]
 [0. 0. 0. 0.]
 [0. 0. 0. 0.]
 [0. 0. 0. 0.]
 [0. 0. 0. 0.]
 [0. 0. 0. 0.]
 [0. 0. 0. 0.]
 [0. 0. 0. 0.]
 [0. 0. 0. 0.]
 [0. 0. 0. 0.]
 [0. 0. 0. 0.]]
