Baseline:
[0.12503292 0.12973574 0.13353442 0.12973574 0.13711803 0.1328289
 0.13595228 0.14023547 0.13595228 0.13246532 0.13246532 0.1271146
 0.12243737 0.12503292 0.12243737 0.12503292 0.12243737 0.12150814
 0.12243737 0.12150814 0.12165536 0.12143703 0.12055741 0.11847377
 0.12055741 0.12055741]
Returns:
[-8.17659369 -7.99204553 -7.76878784 -7.48865715 -7.26776202 -7.0223001
 -6.83830346 -6.63985141 -6.3888385  -6.15558396 -5.94105844 -5.67428468
 -5.36553468 -5.06203007 -4.70257407 -4.3641768  -3.96799168 -3.58124391
 -3.21257953 -2.78607323 -2.32411286 -1.85354782 -1.41206648 -0.95279539
 -0.50259113]
Advants:
[-6.39146205 -6.30008426 -6.16984169 -5.97394753 -5.84936595 -5.68839764
 -5.59827631 -5.49658503 -5.33374867 -5.19002134 -5.06979884 -4.89159454
 -4.67039475 -4.46026321 -4.18552479 -3.93408854 -3.61452677 -3.30082711
 -3.00199795 -2.63611869 -2.22682271 -1.79846997 -1.38847297 -0.94797045
 -0.50861901]
Mus:
[[0.26807493 0.2686845  0.2666398  0.19660072]
 [0.27073106 0.2681101  0.2649357  0.19622315]
 [0.2730036  0.26691929 0.26429424 0.19578291]
 [0.27073106 0.2681101  0.2649357  0.19622315]
 [0.27025497 0.26483846 0.26748982 0.19741683]
 [0.2674641  0.2657798  0.26870856 0.19804758]
 [0.2667143  0.2626433  0.2712128  0.19942966]
 [0.26942575 0.26173177 0.27014214 0.1987003 ]
 [0.2667143  0.2626433  0.2712128  0.19942966]
 [0.2634895  0.26353425 0.27297568 0.20000052]
 [0.2634895  0.26353425 0.27297568 0.20000052]
 [0.26433307 0.26634073 0.27074865 0.19857754]
 [0.2649989  0.26888382 0.26909265 0.19702458]
 [0.26807493 0.2686845  0.2666398  0.19660072]
 [0.2649989  0.26888382 0.26909265 0.19702458]
 [0.26807493 0.2686845  0.2666398  0.19660072]
 [0.2649989  0.26888382 0.26909265 0.19702458]
 [0.26133934 0.26890627 0.27210242 0.19765206]
 [0.2649989  0.26888382 0.26909265 0.19702458]
 [0.26133934 0.26890627 0.27210242 0.19765206]
 [0.26123327 0.27195993 0.27048087 0.19632599]
 [0.25677955 0.27203348 0.2734272  0.19775978]
 [0.25725248 0.26884857 0.2747546  0.19914436]
 [0.2526539  0.2689793  0.27774104 0.20062578]
 [0.25725248 0.26884857 0.2747546  0.19914436]]
Actions:
[[1. 0. 0. 0.]
 [1. 0. 0. 0.]
 [0. 0. 1. 0.]
 [0. 0. 0. 1.]
 [0. 0. 1. 0.]
 [0. 0. 0. 1.]
 [1. 0. 0. 0.]
 [0. 0. 1. 0.]
 [0. 0. 1. 0.]
 [0. 0. 1. 0.]
 [0. 1. 0. 0.]
 [0. 1. 0. 0.]
 [1. 0. 0. 0.]
 [0. 0. 1. 0.]
 [1. 0. 0. 0.]
 [0. 0. 1. 0.]
 [0. 0. 1. 0.]
 [1. 0. 0. 0.]
 [0. 0. 1. 0.]
 [0. 1. 0. 0.]
 [0. 0. 1. 0.]
 [0. 0. 0. 1.]
 [0. 0. 1. 0.]
 [1. 0. 0. 0.]
 [1. 0. 0. 0.]]
States:
[[0.7 0.3]
 [0.8 0.3]
 [0.9 0.3]
 [0.8 0.3]
 [0.8 0.2]
 [0.7 0.2]
 [0.7 0.1]
 [0.8 0.1]
 [0.7 0.1]
 [0.6 0.1]
 [0.6 0.1]
 [0.6 0.2]
 [0.6 0.3]
 [0.7 0.3]
 [0.6 0.3]
 [0.7 0.3]
 [0.6 0.3]
 [0.5 0.3]
 [0.6 0.3]
 [0.5 0.3]
 [0.5 0.4]
 [0.4 0.4]
 [0.4 0.3]
 [0.3 0.3]
 [0.4 0.3]]
Logstds:
[[0. 0. 0. 0.]
 [0. 0. 0. 0.]
 [0. 0. 0. 0.]
 [0. 0. 0. 0.]
 [0. 0. 0. 0.]
 [0. 0. 0. 0.]
 [0. 0. 0. 0.]
 [0. 0. 0. 0.]
 [0. 0. 0. 0.]
 [0. 0. 0. 0.]
 [0. 0. 0. 0.]
 [0. 0. 0. 0.]
 [0. 0. 0. 0.]
 [0. 0. 0. 0.]
 [0. 0. 0. 0.]
 [0. 0. 0. 0.]
 [0. 0. 0. 0.]
 [0. 0. 0. 0.]
 [0. 0. 0. 0.]
 [0. 0. 0. 0.]
 [0. 0. 0. 0.]
 [0. 0. 0. 0.]
 [0. 0. 0. 0.]
 [0. 0. 0. 0.]
 [0. 0. 0. 0.]]
