Baseline:
[0.5939296  0.6148577  0.60138977 0.6148577  0.62849903 0.6077756
 0.5908515  0.5754155  0.56000257 0.5754155  0.56000257 0.5754155
 0.5908515  0.6077756  0.5939296  0.6148577  0.60138977 0.58027285
 0.5665402  0.58027285 0.60138977 0.6240656  0.61115736 0.63726354
 0.6472597  0.6472597 ]
Returns:
[-5.28789829 -5.13622038 -5.01102703 -4.89156842 -4.74396479 -4.61073587
 -4.49737496 -4.35447349 -4.22653589 -4.11071611 -3.96994918 -3.84062484
 -3.68332527 -3.44822091 -3.23133143 -2.97141316 -2.73228258 -2.53438618
 -2.31433864 -2.09613381 -1.79657495 -1.45983056 -1.14255546 -0.77000967
 -0.40534544]
Advants:
[-4.37836587 -4.29740872 -4.20849337 -4.15320821 -4.07012779 -3.96663038
 -3.88706893 -3.77887899 -3.68551443 -3.63624631 -3.53073128 -3.46827761
 -3.37786784 -3.20877678 -3.02417603 -2.82785926 -2.61375711 -2.4297459
 -2.22671923 -2.04929653 -1.79159671 -1.49032375 -1.16381419 -0.81064665
 -0.43770844]
Mus:
[[0.27073106 0.2681101  0.2649357  0.19622315]
 [0.2712291  0.27111375 0.2626056  0.1950515 ]
 [0.2684251  0.2713609  0.26501128 0.19520278]
 [0.2712291  0.27111375 0.2626056  0.1950515 ]
 [0.27307528 0.27008778 0.26181394 0.19502299]
 [0.2730036  0.26691929 0.26429424 0.19578291]
 [0.2727185  0.26373005 0.26669902 0.1968524 ]
 [0.27025497 0.26483846 0.26748982 0.19741683]
 [0.2674641  0.2657798  0.26870856 0.19804758]
 [0.27025497 0.26483846 0.26748982 0.19741683]
 [0.2674641  0.2657798  0.26870856 0.19804758]
 [0.27025497 0.26483846 0.26748982 0.19741683]
 [0.2727185  0.26373005 0.26669902 0.1968524 ]
 [0.2730036  0.26691929 0.26429424 0.19578291]
 [0.27073106 0.2681101  0.2649357  0.19622315]
 [0.2712291  0.27111375 0.2626056  0.1950515 ]
 [0.2684251  0.2713609  0.26501128 0.19520278]
 [0.26807493 0.2686845  0.2666398  0.19660072]
 [0.2649989  0.26888382 0.26909265 0.19702458]
 [0.26807493 0.2686845  0.2666398  0.19660072]
 [0.2684251  0.2713609  0.26501128 0.19520278]
 [0.26875302 0.27425835 0.26316124 0.19382745]
 [0.26509738 0.27520102 0.26584896 0.19385265]
 [0.26512167 0.27805102 0.26441002 0.19241728]
 [0.26911014 0.2769358  0.26196045 0.19199364]]
Actions:
[[0. 1. 0. 0.]
 [0. 0. 1. 0.]
 [1. 0. 0. 0.]
 [1. 0. 0. 0.]
 [0. 0. 0. 1.]
 [0. 0. 0. 1.]
 [0. 0. 1. 0.]
 [0. 0. 1. 0.]
 [1. 0. 0. 0.]
 [0. 0. 1. 0.]
 [1. 0. 0. 0.]
 [1. 0. 0. 0.]
 [0. 1. 0. 0.]
 [0. 0. 1. 0.]
 [0. 1. 0. 0.]
 [0. 0. 1. 0.]
 [0. 0. 0. 1.]
 [0. 0. 1. 0.]
 [1. 0. 0. 0.]
 [0. 1. 0. 0.]
 [0. 1. 0. 0.]
 [0. 0. 1. 0.]
 [0. 1. 0. 0.]
 [1. 0. 0. 0.]
 [1. 0. 0. 0.]]
States:
[[0.8 0.3]
 [0.8 0.4]
 [0.7 0.4]
 [0.8 0.4]
 [0.9 0.4]
 [0.9 0.3]
 [0.9 0.2]
 [0.8 0.2]
 [0.7 0.2]
 [0.8 0.2]
 [0.7 0.2]
 [0.8 0.2]
 [0.9 0.2]
 [0.9 0.3]
 [0.8 0.3]
 [0.8 0.4]
 [0.7 0.4]
 [0.7 0.3]
 [0.6 0.3]
 [0.7 0.3]
 [0.7 0.4]
 [0.7 0.5]
 [0.6 0.5]
 [0.6 0.6]
 [0.7 0.6]]
Logstds:
[[0. 0. 0. 0.]
 [0. 0. 0. 0.]
 [0. 0. 0. 0.]
 [0. 0. 0. 0.]
 [0. 0. 0. 0.]
 [0. 0. 0. 0.]
 [0. 0. 0. 0.]
 [0. 0. 0. 0.]
 [0. 0. 0. 0.]
 [0. 0. 0. 0.]
 [0. 0. 0. 0.]
 [0. 0. 0. 0.]
 [0. 0. 0. 0.]
 [0. 0. 0. 0.]
 [0. 0. 0. 0.]
 [0. 0. 0. 0.]
 [0. 0. 0. 0.]
 [0. 0. 0. 0.]
 [0. 0. 0. 0.]
 [0. 0. 0. 0.]
 [0. 0. 0. 0.]
 [0. 0. 0. 0.]
 [0. 0. 0. 0.]
 [0. 0. 0. 0.]
 [0. 0. 0. 0.]]
