Baseline:
[0.12055741 0.12150814 0.12055741 0.12189072 0.12513807 0.12201738
 0.11851991 0.11603157 0.11851991 0.11603157 0.11899203 0.12189072
 0.12513807 0.12513807 0.12513807 0.12189072 0.12189072 0.11899203
 0.12189072 0.12189072 0.12189072 0.11899203 0.12189072 0.12055741
 0.12143703 0.12143703]
Returns:
[-6.77639268 -6.60400163 -6.38681435 -6.21562431 -6.06745353 -5.91052661
 -5.77679757 -5.60717235 -5.47879393 -5.29348431 -5.1266296  -4.92280152
 -4.70658744 -4.47940514 -4.24026587 -3.93764975 -3.64298227 -3.33022584
 -3.03185019 -2.68950905 -2.32914995 -1.94724446 -1.57608032 -1.10461623
 -0.58026534]
Advants:
[-5.25823495 -5.15520253 -5.00455341 -4.90268142 -4.82705199 -4.73725142
 -4.67201198 -4.57269478 -4.52190887 -4.40980481 -4.32298367 -4.19947874
 -4.06394545 -3.91376666 -3.75079456 -3.51812703 -3.29377742 -3.04466782
 -2.81226674 -2.52778687 -2.21907296 -1.8784123  -1.54666119 -1.09886612
 -0.58633721]
Mus:
[[0.25725248 0.26884857 0.2747546  0.19914436]
 [0.26133934 0.26890627 0.27210242 0.19765206]
 [0.25725248 0.26884857 0.2747546  0.19914436]
 [0.25700617 0.2663656  0.27639094 0.20023732]
 [0.25705484 0.26384923 0.2774117  0.20168422]
 [0.25334868 0.26303935 0.2801229  0.20348899]
 [0.24854293 0.26212177 0.28331977 0.20601548]
 [0.24881975 0.26536024 0.2818042  0.20401584]
 [0.24854293 0.26212177 0.28331977 0.20601548]
 [0.24881975 0.26536024 0.2818042  0.20401584]
 [0.25309172 0.26599646 0.27871954 0.20219229]
 [0.25700617 0.2663656  0.27639094 0.20023732]
 [0.25705484 0.26384923 0.2774117  0.20168422]
 [0.25705484 0.26384923 0.2774117  0.20168422]
 [0.25705484 0.26384923 0.2774117  0.20168422]
 [0.25700617 0.2663656  0.27639094 0.20023732]
 [0.25700617 0.2663656  0.27639094 0.20023732]
 [0.25309172 0.26599646 0.27871954 0.20219229]
 [0.25700617 0.2663656  0.27639094 0.20023732]
 [0.25700617 0.2663656  0.27639094 0.20023732]
 [0.25700617 0.2663656  0.27639094 0.20023732]
 [0.25309172 0.26599646 0.27871954 0.20219229]
 [0.25700617 0.2663656  0.27639094 0.20023732]
 [0.25725248 0.26884857 0.2747546  0.19914436]
 [0.25677955 0.27203348 0.2734272  0.19775978]]
Actions:
[[1. 0. 0. 0.]
 [0. 0. 1. 0.]
 [0. 0. 0. 1.]
 [0. 0. 0. 1.]
 [0. 0. 1. 0.]
 [0. 0. 1. 0.]
 [0. 1. 0. 0.]
 [0. 0. 0. 1.]
 [0. 1. 0. 0.]
 [1. 0. 0. 0.]
 [1. 0. 0. 0.]
 [0. 0. 0. 1.]
 [1. 0. 0. 0.]
 [1. 0. 0. 0.]
 [0. 1. 0. 0.]
 [1. 0. 0. 0.]
 [0. 0. 1. 0.]
 [1. 0. 0. 0.]
 [1. 0. 0. 0.]
 [1. 0. 0. 0.]
 [0. 0. 1. 0.]
 [1. 0. 0. 0.]
 [0. 1. 0. 0.]
 [0. 1. 0. 0.]
 [0. 1. 0. 0.]]
States:
[[0.4 0.3]
 [0.5 0.3]
 [0.4 0.3]
 [0.4 0.2]
 [0.4 0.1]
 [0.3 0.1]
 [0.2 0.1]
 [0.2 0.2]
 [0.2 0.1]
 [0.2 0.2]
 [0.3 0.2]
 [0.4 0.2]
 [0.4 0.1]
 [0.4 0.1]
 [0.4 0.1]
 [0.4 0.2]
 [0.4 0.2]
 [0.3 0.2]
 [0.4 0.2]
 [0.4 0.2]
 [0.4 0.2]
 [0.3 0.2]
 [0.4 0.2]
 [0.4 0.3]
 [0.4 0.4]]
Logstds:
[[0. 0. 0. 0.]
 [0. 0. 0. 0.]
 [0. 0. 0. 0.]
 [0. 0. 0. 0.]
 [0. 0. 0. 0.]
 [0. 0. 0. 0.]
 [0. 0. 0. 0.]
 [0. 0. 0. 0.]
 [0. 0. 0. 0.]
 [0. 0. 0. 0.]
 [0. 0. 0. 0.]
 [0. 0. 0. 0.]
 [0. 0. 0. 0.]
 [0. 0. 0. 0.]
 [0. 0. 0. 0.]
 [0. 0. 0. 0.]
 [0. 0. 0. 0.]
 [0. 0. 0. 0.]
 [0. 0. 0. 0.]
 [0. 0. 0. 0.]
 [0. 0. 0. 0.]
 [0. 0. 0. 0.]
 [0. 0. 0. 0.]
 [0. 0. 0. 0.]
 [0. 0. 0. 0.]]
