Baseline:
[-2.0886357 -2.0886357 -2.0438876 -2.0438876 -1.9991096 -1.9537288
 -1.9107481 -1.8684213 -1.8061291 -1.8684213 -1.9107481 -1.9733562
 -2.0372472 -2.0783014 -2.1422207 -2.1016717 -2.0372472 -2.0783014
 -2.0372472 -2.0783014 -2.120561  -2.1832652 -2.2254012 -2.2882292
 -2.3498487 -2.3498487]
Returns:
[-14.92768304 -14.5842564  -14.17443475 -13.82932522 -13.41663739
 -13.01837152 -12.63604484 -12.27015387 -11.86478362 -11.5924621
 -11.29427462 -10.91237325 -10.46644613  -9.99978501  -9.42301556
  -8.72735171  -7.97003964  -7.37198871  -6.61049924  -5.94089355
  -5.20212282  -4.33525777  -3.44068954  -2.39745238  -1.25234318]
Advants:
[-10.28497615 -10.11043793  -9.91734906  -9.74820139  -9.55986474
  -9.39093614  -9.24072212  -9.11239438  -8.97057374  -8.84401308
  -8.71874375  -8.49406777  -8.20704263  -7.92539675  -7.5102205
  -7.07956763  -6.60883386  -6.19104106  -5.68848989  -5.19229557
  -4.61984523  -3.8878744   -3.1366315   -2.19761828  -1.13485074]
Mus:
[[0.26213208 0.28531942 0.23953825 0.21301027]
 [0.26213208 0.28531942 0.23953825 0.21301027]
 [0.26168966 0.28449368 0.24018049 0.21363623]
 [0.26168966 0.28449368 0.24018049 0.21363623]
 [0.26083913 0.28319848 0.24141394 0.21454845]
 [0.260012   0.28206024 0.24247386 0.21545391]
 [0.25948626 0.28070253 0.24371035 0.21610075]
 [0.25890708 0.27817583 0.24605037 0.21686669]
 [0.25866643 0.2754603  0.24826841 0.2176048 ]
 [0.25890708 0.27817583 0.24605037 0.21686669]
 [0.25948626 0.28070253 0.24371035 0.21610075]
 [0.25983584 0.28368637 0.24090892 0.21556887]
 [0.25979668 0.28729433 0.238097   0.21481194]
 [0.2596395  0.28929067 0.23689438 0.21417549]
 [0.2596946  0.292632   0.2344327  0.21324068]
 [0.2597676  0.29067332 0.23568544 0.21387368]
 [0.25979668 0.28729433 0.238097   0.21481194]
 [0.2596395  0.28929067 0.23689438 0.21417549]
 [0.25979668 0.28729433 0.238097   0.21481194]
 [0.2596395  0.28929067 0.23689438 0.21417549]
 [0.26016685 0.29051405 0.23579814 0.21352105]
 [0.259691   0.29433227 0.23337223 0.2126045 ]
 [0.26043135 0.2953836  0.23232113 0.21186392]
 [0.25988448 0.29883233 0.23036462 0.21091855]
 [0.25941777 0.30208194 0.22850005 0.21000017]]
Actions:
[[0. 1. 0. 0.]
 [0. 0. 1. 0.]
 [0. 1. 0. 0.]
 [0. 0. 1. 0.]
 [0. 0. 1. 0.]
 [0. 0. 1. 0.]
 [0. 0. 1. 0.]
 [0. 0. 0. 1.]
 [0. 1. 0. 0.]
 [1. 0. 0. 0.]
 [0. 1. 0. 0.]
 [0. 1. 0. 0.]
 [1. 0. 0. 0.]
 [0. 1. 0. 0.]
 [0. 0. 1. 0.]
 [0. 0. 0. 1.]
 [1. 0. 0. 0.]
 [0. 0. 1. 0.]
 [1. 0. 0. 0.]
 [1. 0. 0. 0.]
 [0. 1. 0. 0.]
 [1. 0. 0. 0.]
 [0. 1. 0. 0.]
 [0. 1. 0. 0.]
 [0. 1. 0. 0.]]
States:
[[1.  0.4]
 [1.  0.4]
 [0.9 0.4]
 [0.9 0.4]
 [0.8 0.4]
 [0.7 0.4]
 [0.6 0.4]
 [0.5 0.4]
 [0.5 0.3]
 [0.5 0.4]
 [0.6 0.4]
 [0.6 0.5]
 [0.6 0.6]
 [0.7 0.6]
 [0.7 0.7]
 [0.6 0.7]
 [0.6 0.6]
 [0.7 0.6]
 [0.6 0.6]
 [0.7 0.6]
 [0.8 0.6]
 [0.8 0.7]
 [0.9 0.7]
 [0.9 0.8]
 [0.9 0.9]]
Logstds:
[[0. 0. 0. 0.]
 [0. 0. 0. 0.]
 [0. 0. 0. 0.]
 [0. 0. 0. 0.]
 [0. 0. 0. 0.]
 [0. 0. 0. 0.]
 [0. 0. 0. 0.]
 [0. 0. 0. 0.]
 [0. 0. 0. 0.]
 [0. 0. 0. 0.]
 [0. 0. 0. 0.]
 [0. 0. 0. 0.]
 [0. 0. 0. 0.]
 [0. 0. 0. 0.]
 [0. 0. 0. 0.]
 [0. 0. 0. 0.]
 [0. 0. 0. 0.]
 [0. 0. 0. 0.]
 [0. 0. 0. 0.]
 [0. 0. 0. 0.]
 [0. 0. 0. 0.]
 [0. 0. 0. 0.]
 [0. 0. 0. 0.]
 [0. 0. 0. 0.]
 [0. 0. 0. 0.]]
