Baseline:
[0.6472597  0.6594492  0.6726661  0.69653684 0.6726661  0.69653684
 0.7081284  0.685607   0.7081284  0.7081284  0.73551303 0.72543484
 0.69653684 0.72543484 0.7157621  0.7450491  0.77297    0.7450491
 0.77297    0.7843359  0.7550115  0.7450491  0.7550115  0.7450491
 0.7335747  0.7335747 ]
Returns:
[-6.94722795 -6.88619211 -6.80076627 -6.64198102 -6.53006405 -6.35703131
 -6.19935621 -6.04375289 -5.8216933  -5.61356067 -5.34759295 -5.09898481
 -4.88141421 -4.60081493 -4.33579312 -4.02812241 -3.6824378  -3.36500447
 -2.98441892 -2.60632733 -2.21158716 -1.7988896  -1.38041379 -0.92397027
 -0.4659273 ]
Advants:
[-5.61026249 -5.62575594 -5.6211344  -5.55539228 -5.49046994 -5.41359688
 -5.34144235 -5.23803542 -5.11340872 -4.98013201 -4.81540275 -4.62886101
 -4.45306003 -4.27026181 -4.06184424 -3.8467737  -3.5878889  -3.29574818
 -2.98992306 -2.66268495 -2.26835638 -1.86489363 -1.46457831 -0.99264396
 -0.50260603]
Mus:
[[0.26911014 0.2769358  0.26196045 0.19199364]
 [0.2718355  0.27606794 0.2596092  0.1924874 ]
 [0.27345335 0.27544153 0.25820687 0.19289829]
 [0.27310598 0.2775488  0.25723097 0.19211432]
 [0.27345335 0.27544153 0.25820687 0.19289829]
 [0.27310598 0.2775488  0.25723097 0.19211432]
 [0.27471393 0.27707157 0.25590095 0.19231355]
 [0.27496335 0.27492574 0.2571114  0.19299944]
 [0.27471393 0.27707157 0.25590095 0.19231355]
 [0.27471393 0.27707157 0.25590095 0.19231355]
 [0.27422976 0.27943453 0.254839   0.19149671]
 [0.2725661  0.28009844 0.25645533 0.1908801 ]
 [0.27310598 0.2775488  0.25723097 0.19211432]
 [0.2725661  0.28009844 0.25645533 0.1908801 ]
 [0.27068874 0.28129444 0.25799772 0.1900191 ]
 [0.2695251  0.2841426  0.25720325 0.189129  ]
 [0.26870295 0.2868224  0.25630587 0.18816872]
 [0.2695251  0.2841426  0.25720325 0.189129  ]
 [0.26870295 0.2868224  0.25630587 0.18816872]
 [0.2706434  0.28583634 0.2552865  0.18823378]
 [0.27166337 0.28295982 0.255776   0.18960084]
 [0.2695251  0.2841426  0.25720325 0.189129  ]
 [0.27166337 0.28295982 0.255776   0.18960084]
 [0.2695251  0.2841426  0.25720325 0.189129  ]
 [0.26682475 0.28523836 0.25864798 0.18928894]]
Actions:
[[1. 0. 0. 0.]
 [1. 0. 0. 0.]
 [0. 1. 0. 0.]
 [0. 0. 0. 1.]
 [0. 1. 0. 0.]
 [1. 0. 0. 0.]
 [0. 0. 0. 1.]
 [0. 1. 0. 0.]
 [1. 0. 0. 0.]
 [0. 1. 0. 0.]
 [0. 0. 1. 0.]
 [0. 0. 0. 1.]
 [0. 1. 0. 0.]
 [0. 0. 1. 0.]
 [0. 1. 0. 0.]
 [0. 1. 0. 0.]
 [0. 0. 0. 1.]
 [0. 1. 0. 0.]
 [1. 0. 0. 0.]
 [0. 0. 0. 1.]
 [0. 0. 1. 0.]
 [1. 0. 0. 0.]
 [0. 0. 1. 0.]
 [0. 0. 1. 0.]
 [1. 0. 0. 0.]]
States:
[[0.7 0.6]
 [0.8 0.6]
 [0.9 0.6]
 [0.9 0.7]
 [0.9 0.6]
 [0.9 0.7]
 [1.  0.7]
 [1.  0.6]
 [1.  0.7]
 [1.  0.7]
 [1.  0.8]
 [0.9 0.8]
 [0.9 0.7]
 [0.9 0.8]
 [0.8 0.8]
 [0.8 0.9]
 [0.8 1. ]
 [0.8 0.9]
 [0.8 1. ]
 [0.9 1. ]
 [0.9 0.9]
 [0.8 0.9]
 [0.9 0.9]
 [0.8 0.9]
 [0.7 0.9]]
Logstds:
[[0. 0. 0. 0.]
 [0. 0. 0. 0.]
 [0. 0. 0. 0.]
 [0. 0. 0. 0.]
 [0. 0. 0. 0.]
 [0. 0. 0. 0.]
 [0. 0. 0. 0.]
 [0. 0. 0. 0.]
 [0. 0. 0. 0.]
 [0. 0. 0. 0.]
 [0. 0. 0. 0.]
 [0. 0. 0. 0.]
 [0. 0. 0. 0.]
 [0. 0. 0. 0.]
 [0. 0. 0. 0.]
 [0. 0. 0. 0.]
 [0. 0. 0. 0.]
 [0. 0. 0. 0.]
 [0. 0. 0. 0.]
 [0. 0. 0. 0.]
 [0. 0. 0. 0.]
 [0. 0. 0. 0.]
 [0. 0. 0. 0.]
 [0. 0. 0. 0.]
 [0. 0. 0. 0.]]
