Baseline:
[0.77823013 0.7534356  0.7303059  0.7132255  0.69931084 0.69931084
 0.74087995 0.7533767  0.7132255  0.7533767  0.74087995 0.74087995
 0.69931084 0.69931084 0.7132255  0.7533767  0.79148126 0.8113071
 0.8113071  0.79148126 0.8113071  0.83815783 0.7945827  0.7716992
 0.7533767  0.7533767 ]
Returns:
[-0.57409339 -0.54692525 -0.53381299 -0.53591451 -0.5536576  -0.5877434
 -0.55043509 -0.5392824  -0.55470311 -0.50058892 -0.5026928  -0.52013847
 -0.54458439 -0.57819266 -0.58089815 -0.52816264 -0.45688194 -0.41467623
 -0.30653569 -0.26887326 -0.21677235 -0.1492596  -0.10887802 -0.0596384
 -0.02303076]
Advants:
[-0.86719054 -0.81411807 -0.77555091 -0.75758546 -0.75829132 -0.79004274
 -0.79190211 -0.79068176 -0.76240348 -0.74415871 -0.72879782 -0.74139184
 -0.71847406 -0.74683356 -0.75827185 -0.73967512 -0.69894821 -0.66768218
 -0.54655397 -0.47319367 -0.42269625 -0.36100203 -0.25162488 -0.14968514
 -0.06069958]
Mus:
[[0.25700617 0.2663656  0.27639094 0.20023732]
 [0.25309172 0.26599646 0.27871954 0.20219229]
 [0.24881975 0.26536024 0.2818042  0.20401584]
 [0.24464242 0.26394394 0.28564692 0.20576672]
 [0.24081329 0.26245892 0.28949165 0.20723614]
 [0.24081329 0.26245892 0.28949165 0.20723614]
 [0.24178542 0.2653497  0.2881169  0.20474795]
 [0.24530363 0.26698428 0.2842916  0.20342048]
 [0.24464242 0.26394394 0.28564692 0.20576672]
 [0.24530363 0.26698428 0.2842916  0.20342048]
 [0.24178542 0.2653497  0.2881169  0.20474795]
 [0.24178542 0.2653497  0.2881169  0.20474795]
 [0.24081329 0.26245892 0.28949165 0.20723614]
 [0.24081329 0.26245892 0.28949165 0.20723614]
 [0.24464242 0.26394394 0.28564692 0.20576672]
 [0.24530363 0.26698428 0.2842916  0.20342048]
 [0.24587768 0.2701126  0.28248024 0.20152938]
 [0.24885069 0.2715303  0.2792185  0.20040055]
 [0.24885069 0.2715303  0.2792185  0.20040055]
 [0.24587768 0.2701126  0.28248024 0.20152938]
 [0.24885069 0.2715303  0.2792185  0.20040055]
 [0.2523132  0.27232686 0.27621904 0.19914082]
 [0.2526539  0.2689793  0.27774104 0.20062578]
 [0.24827895 0.26860222 0.2809211  0.20219773]
 [0.24530363 0.26698428 0.2842916  0.20342048]]
Actions:
[[0. 0. 1. 0.]
 [0. 0. 1. 0.]
 [0. 0. 1. 0.]
 [0. 0. 1. 0.]
 [0. 0. 1. 0.]
 [0. 1. 0. 0.]
 [1. 0. 0. 0.]
 [0. 0. 0. 1.]
 [0. 1. 0. 0.]
 [0. 0. 1. 0.]
 [0. 0. 1. 0.]
 [0. 0. 0. 1.]
 [0. 0. 1. 0.]
 [1. 0. 0. 0.]
 [0. 1. 0. 0.]
 [0. 1. 0. 0.]
 [1. 0. 0. 0.]
 [0. 1. 0. 0.]
 [0. 0. 1. 0.]
 [1. 0. 0. 0.]
 [1. 0. 0. 0.]
 [0. 0. 0. 1.]
 [0. 0. 1. 0.]
 [0. 0. 1. 0.]
 [0. 0. 1. 0.]]
States:
[[0.4 0.2]
 [0.3 0.2]
 [0.2 0.2]
 [0.1 0.2]
 [0.  0.2]
 [0.  0.2]
 [0.  0.3]
 [0.1 0.3]
 [0.1 0.2]
 [0.1 0.3]
 [0.  0.3]
 [0.  0.3]
 [0.  0.2]
 [0.  0.2]
 [0.1 0.2]
 [0.1 0.3]
 [0.1 0.4]
 [0.2 0.4]
 [0.2 0.4]
 [0.1 0.4]
 [0.2 0.4]
 [0.3 0.4]
 [0.3 0.3]
 [0.2 0.3]
 [0.1 0.3]]
Logstds:
[[0. 0. 0. 0.]
 [0. 0. 0. 0.]
 [0. 0. 0. 0.]
 [0. 0. 0. 0.]
 [0. 0. 0. 0.]
 [0. 0. 0. 0.]
 [0. 0. 0. 0.]
 [0. 0. 0. 0.]
 [0. 0. 0. 0.]
 [0. 0. 0. 0.]
 [0. 0. 0. 0.]
 [0. 0. 0. 0.]
 [0. 0. 0. 0.]
 [0. 0. 0. 0.]
 [0. 0. 0. 0.]
 [0. 0. 0. 0.]
 [0. 0. 0. 0.]
 [0. 0. 0. 0.]
 [0. 0. 0. 0.]
 [0. 0. 0. 0.]
 [0. 0. 0. 0.]
 [0. 0. 0. 0.]
 [0. 0. 0. 0.]
 [0. 0. 0. 0.]
 [0. 0. 0. 0.]]
