Baseline:
[0.12936422 0.13274391 0.13274391 0.1311027  0.13274391 0.13274391
 0.12936422 0.12780099 0.1311027  0.12780099 0.12936422 0.12780099
 0.12936422 0.13274391 0.13411061 0.13411061 0.13411061 0.13520522
 0.13122354 0.13227548 0.13122354 0.13520522 0.13508329 0.13508329
 0.13508329 0.13508329]
Returns:
[-11.40757622 -11.21965003 -10.99108181 -10.76337322 -10.4911797
 -10.22427094  -9.92520194  -9.67049409  -9.41980928  -9.10742076
  -8.77928911  -8.46427006  -8.10228838  -7.74039966  -7.27962689
  -6.81579123  -6.32754318  -5.76269756  -5.17034134  -4.54629443
  -3.91340856  -3.27457451  -2.51864915  -1.69251485  -0.87845415]
Advants:
[-8.75487275 -8.6844346  -8.5726263  -8.46288953 -8.31377213 -8.17038813
 -7.99263284 -7.86375143 -7.74695897 -7.5632205  -7.36974434 -7.18780081
 -6.9623437  -6.73920502 -6.41249274 -6.07830928 -5.71565767 -5.2707667
 -4.78497075 -4.26266661 -3.71839088 -3.16120403 -2.46605546 -1.68045714
 -0.88520837]
Mus:
[[0.27310598 0.2775488  0.25723097 0.19211432]
 [0.27471393 0.27707157 0.25590095 0.19231355]
 [0.27471393 0.27707157 0.25590095 0.19231355]
 [0.27496335 0.27492574 0.2571114  0.19299944]
 [0.27471393 0.27707157 0.25590095 0.19231355]
 [0.27471393 0.27707157 0.25590095 0.19231355]
 [0.27310598 0.2775488  0.25723097 0.19211432]
 [0.27345335 0.27544153 0.25820687 0.19289829]
 [0.27496335 0.27492574 0.2571114  0.19299944]
 [0.27345335 0.27544153 0.25820687 0.19289829]
 [0.27310598 0.2775488  0.25723097 0.19211432]
 [0.27345335 0.27544153 0.25820687 0.19289829]
 [0.27310598 0.2775488  0.25723097 0.19211432]
 [0.27471393 0.27707157 0.25590095 0.19231355]
 [0.27422976 0.27943453 0.254839   0.19149671]
 [0.27422976 0.27943453 0.254839   0.19149671]
 [0.27422976 0.27943453 0.254839   0.19149671]
 [0.27305228 0.28239107 0.25450468 0.19005197]
 [0.27166337 0.28295982 0.255776   0.18960084]
 [0.2706434  0.28583634 0.2552865  0.18823378]
 [0.27166337 0.28295982 0.255776   0.18960084]
 [0.27305228 0.28239107 0.25450468 0.19005197]
 [0.27188736 0.28559473 0.2541659  0.18835205]
 [0.27188736 0.28559473 0.2541659  0.18835205]
 [0.27188736 0.28559473 0.2541659  0.18835205]]
Actions:
[[1. 0. 0. 0.]
 [1. 0. 0. 0.]
 [0. 0. 0. 1.]
 [0. 1. 0. 0.]
 [1. 0. 0. 0.]
 [0. 0. 1. 0.]
 [0. 0. 0. 1.]
 [1. 0. 0. 0.]
 [0. 0. 1. 0.]
 [0. 1. 0. 0.]
 [0. 0. 0. 1.]
 [0. 1. 0. 0.]
 [1. 0. 0. 0.]
 [0. 1. 0. 0.]
 [1. 0. 0. 0.]
 [1. 0. 0. 0.]
 [0. 1. 0. 0.]
 [0. 0. 1. 0.]
 [0. 1. 0. 0.]
 [0. 0. 0. 1.]
 [1. 0. 0. 0.]
 [0. 1. 0. 0.]
 [0. 1. 0. 0.]
 [1. 0. 0. 0.]
 [0. 0. 1. 0.]]
States:
[[0.9 0.7]
 [1.  0.7]
 [1.  0.7]
 [1.  0.6]
 [1.  0.7]
 [1.  0.7]
 [0.9 0.7]
 [0.9 0.6]
 [1.  0.6]
 [0.9 0.6]
 [0.9 0.7]
 [0.9 0.6]
 [0.9 0.7]
 [1.  0.7]
 [1.  0.8]
 [1.  0.8]
 [1.  0.8]
 [1.  0.9]
 [0.9 0.9]
 [0.9 1. ]
 [0.9 0.9]
 [1.  0.9]
 [1.  1. ]
 [1.  1. ]
 [1.  1. ]]
Logstds:
[[0. 0. 0. 0.]
 [0. 0. 0. 0.]
 [0. 0. 0. 0.]
 [0. 0. 0. 0.]
 [0. 0. 0. 0.]
 [0. 0. 0. 0.]
 [0. 0. 0. 0.]
 [0. 0. 0. 0.]
 [0. 0. 0. 0.]
 [0. 0. 0. 0.]
 [0. 0. 0. 0.]
 [0. 0. 0. 0.]
 [0. 0. 0. 0.]
 [0. 0. 0. 0.]
 [0. 0. 0. 0.]
 [0. 0. 0. 0.]
 [0. 0. 0. 0.]
 [0. 0. 0. 0.]
 [0. 0. 0. 0.]
 [0. 0. 0. 0.]
 [0. 0. 0. 0.]
 [0. 0. 0. 0.]
 [0. 0. 0. 0.]
 [0. 0. 0. 0.]
 [0. 0. 0. 0.]]
