Baseline:
[-0.1493164  -0.1428645  -0.13699175 -0.14188829 -0.14188829 -0.14188829
 -0.14188829 -0.1467142  -0.15538557 -0.1564082  -0.14949825 -0.1493164
 -0.1428645  -0.1365127  -0.13175459 -0.13175459 -0.1365127  -0.12796055
 -0.12796055 -0.1365127  -0.13633664 -0.13300209 -0.12981465 -0.13371332
 -0.12981465 -0.12981465]
Returns:
[-6.51805764 -6.34201219 -6.21974157 -6.09943332 -5.96367863 -5.82077895
 -5.67035824 -5.49307541 -5.29571431 -5.06448525 -4.75525799 -4.49318506
 -4.21056737 -3.94412143 -3.72321562 -3.51724842 -3.29741996 -3.0132096
 -2.74328949 -2.47214476 -2.17465562 -1.83812612 -1.45979348 -1.01388464
 -0.50544435]
Advants:
[-4.91718974 -4.81566881 -4.76954254 -4.71672327 -4.65532182 -4.58868976
 -4.5163815  -4.41340716 -4.28687822 -4.13371962 -3.90788316 -3.72088838
 -3.51745789 -3.32825101 -3.18234425 -3.04623149 -2.8905041  -2.68104549
 -2.47461631 -2.25516857 -2.0140418  -1.73151456 -1.39975087 -0.98310887
 -0.49895361]
Mus:
[[0.2560523  0.27317333 0.25027758 0.22049676]
 [0.25527823 0.27115825 0.2531449  0.22041859]
 [0.25413185 0.27175236 0.25380087 0.22031493]
 [0.2551397  0.27375317 0.25066695 0.22044027]
 [0.2551397  0.27375317 0.25066695 0.22044027]
 [0.2551397  0.27375317 0.25066695 0.22044027]
 [0.2551397  0.27375317 0.25066695 0.22044027]
 [0.2562672  0.27548006 0.24728444 0.22096835]
 [0.25709718 0.2749477  0.24724294 0.2207122 ]
 [0.25748262 0.27501577 0.24782099 0.21968059]
 [0.25696608 0.27280056 0.2500919  0.2201414 ]
 [0.2560523  0.27317333 0.25027758 0.22049676]
 [0.25527823 0.27115825 0.2531449  0.22041859]
 [0.25463745 0.26869732 0.25607818 0.22058704]
 [0.25345308 0.26914    0.257082   0.22032495]
 [0.25345308 0.26914    0.257082   0.22032495]
 [0.25463745 0.26869732 0.25607818 0.22058704]
 [0.25402623 0.2659497  0.25912005 0.22090395]
 [0.25402623 0.2659497  0.25912005 0.22090395]
 [0.25463745 0.26869732 0.25607818 0.22058704]
 [0.25560227 0.26847625 0.255111   0.22081047]
 [0.2568896  0.2685498  0.25433213 0.22022846]
 [0.25818747 0.26841703 0.25346765 0.21992788]
 [0.25845334 0.27101848 0.25122532 0.21930292]
 [0.25818747 0.26841703 0.25346765 0.21992788]]
Actions:
[[0. 0. 0. 1.]
 [0. 0. 1. 0.]
 [0. 1. 0. 0.]
 [0. 0. 1. 0.]
 [0. 0. 1. 0.]
 [0. 0. 1. 0.]
 [0. 1. 0. 0.]
 [1. 0. 0. 0.]
 [1. 0. 0. 0.]
 [0. 0. 0. 1.]
 [0. 0. 1. 0.]
 [0. 0. 0. 1.]
 [0. 0. 0. 1.]
 [0. 0. 1. 0.]
 [0. 0. 1. 0.]
 [1. 0. 0. 0.]
 [0. 0. 0. 1.]
 [0. 0. 0. 1.]
 [0. 1. 0. 0.]
 [1. 0. 0. 0.]
 [1. 0. 0. 0.]
 [1. 0. 0. 0.]
 [0. 1. 0. 0.]
 [0. 0. 0. 1.]
 [0. 0. 0. 1.]]
States:
[[0.1 0.3]
 [0.1 0.2]
 [0.  0.2]
 [0.  0.3]
 [0.  0.3]
 [0.  0.3]
 [0.  0.3]
 [0.  0.4]
 [0.1 0.4]
 [0.2 0.4]
 [0.2 0.3]
 [0.1 0.3]
 [0.1 0.2]
 [0.1 0.1]
 [0.  0.1]
 [0.  0.1]
 [0.1 0.1]
 [0.1 0. ]
 [0.1 0. ]
 [0.1 0.1]
 [0.2 0.1]
 [0.3 0.1]
 [0.4 0.1]
 [0.4 0.2]
 [0.4 0.1]]
Logstds:
[[0. 0. 0. 0.]
 [0. 0. 0. 0.]
 [0. 0. 0. 0.]
 [0. 0. 0. 0.]
 [0. 0. 0. 0.]
 [0. 0. 0. 0.]
 [0. 0. 0. 0.]
 [0. 0. 0. 0.]
 [0. 0. 0. 0.]
 [0. 0. 0. 0.]
 [0. 0. 0. 0.]
 [0. 0. 0. 0.]
 [0. 0. 0. 0.]
 [0. 0. 0. 0.]
 [0. 0. 0. 0.]
 [0. 0. 0. 0.]
 [0. 0. 0. 0.]
 [0. 0. 0. 0.]
 [0. 0. 0. 0.]
 [0. 0. 0. 0.]
 [0. 0. 0. 0.]
 [0. 0. 0. 0.]
 [0. 0. 0. 0.]
 [0. 0. 0. 0.]
 [0. 0. 0. 0.]]
