Baseline:
[1.1608166 1.1116953 1.0607108 1.1116953 1.1608166 1.2099123 1.1824316
 1.1623657 1.1824316 1.2343199 1.2862082 1.2343199 1.2617493 1.3137659
 1.3137659 1.3137659 1.2862082 1.3137659 1.3137659 1.2617493 1.3137659
 1.2862082 1.3137659 1.3137659 1.3137659 1.3137659]
Returns:
[ 2.53475148e-01  1.92344898e-01  1.18124227e-01  1.21896498e-01
  1.35349341e-01  1.56988792e-01  1.21077291e-01  7.51426262e-02
  4.64935096e-02  6.35465605e-02  8.89183578e-02  4.22058919e-02
  2.91486391e-02  6.02299925e-02  6.46592187e-02  6.93215620e-02
  4.45586016e-02  4.03643460e-02  4.37480118e-02  2.52588385e-04
  2.98130970e-02  2.97074370e-03 -3.41234654e-03 -2.33271718e-03
 -1.19626522e-03]
Advants:
[-0.38416125 -0.38003548 -0.38648113 -0.41693261 -0.43551561 -0.44528023
 -0.43477295 -0.44089039 -0.46967822 -0.48396623 -0.48900504 -0.46036204
 -0.4766344  -0.47194022 -0.43956126 -0.40442403 -0.36847179 -0.36522381
 -0.32375398 -0.27363858 -0.25165175 -0.20268528 -0.18531441 -0.1285186
 -0.06688452]
Mus:
[[0.2569528  0.28054097 0.26900348 0.19350275]
 [0.25606734 0.27875936 0.27041394 0.19475937]
 [0.25602612 0.27602908 0.2717875  0.19615735]
 [0.25606734 0.27875936 0.27041394 0.19475937]
 [0.2569528  0.28054097 0.26900348 0.19350275]
 [0.25764704 0.2824334  0.2675286  0.19239092]
 [0.25507787 0.28148353 0.27006966 0.1933689 ]
 [0.2527904  0.28029448 0.273075   0.1938401 ]
 [0.25507787 0.28148353 0.27006966 0.1933689 ]
 [0.25586447 0.28340423 0.2688695  0.19186173]
 [0.2565149  0.28498226 0.268045   0.19045782]
 [0.25586447 0.28340423 0.2688695  0.19186173]
 [0.25808397 0.2841792  0.266332   0.19140477]
 [0.25859162 0.28600055 0.2651427  0.19026516]
 [0.25859162 0.28600055 0.2651427  0.19026516]
 [0.25859162 0.28600055 0.2651427  0.19026516]
 [0.2565149  0.28498226 0.268045   0.19045782]
 [0.25859162 0.28600055 0.2651427  0.19026516]
 [0.25859162 0.28600055 0.2651427  0.19026516]
 [0.25808397 0.2841792  0.266332   0.19140477]
 [0.25859162 0.28600055 0.2651427  0.19026516]
 [0.2565149  0.28498226 0.268045   0.19045782]
 [0.25859162 0.28600055 0.2651427  0.19026516]
 [0.25859162 0.28600055 0.2651427  0.19026516]
 [0.25859162 0.28600055 0.2651427  0.19026516]]
Actions:
[[0. 0. 0. 1.]
 [0. 0. 0. 1.]
 [0. 1. 0. 0.]
 [0. 1. 0. 0.]
 [0. 1. 0. 0.]
 [0. 0. 1. 0.]
 [0. 0. 1. 0.]
 [1. 0. 0. 0.]
 [0. 1. 0. 0.]
 [0. 1. 0. 0.]
 [0. 0. 0. 1.]
 [1. 0. 0. 0.]
 [0. 1. 0. 0.]
 [1. 0. 0. 0.]
 [1. 0. 0. 0.]
 [0. 0. 1. 0.]
 [1. 0. 0. 0.]
 [1. 0. 0. 0.]
 [0. 0. 0. 1.]
 [0. 1. 0. 0.]
 [0. 0. 1. 0.]
 [1. 0. 0. 0.]
 [1. 0. 0. 0.]
 [1. 0. 0. 0.]
 [1. 0. 0. 0.]]
States:
[[0.4 0.7]
 [0.4 0.6]
 [0.4 0.5]
 [0.4 0.6]
 [0.4 0.7]
 [0.4 0.8]
 [0.3 0.8]
 [0.2 0.8]
 [0.3 0.8]
 [0.3 0.9]
 [0.3 1. ]
 [0.3 0.9]
 [0.4 0.9]
 [0.4 1. ]
 [0.4 1. ]
 [0.4 1. ]
 [0.3 1. ]
 [0.4 1. ]
 [0.4 1. ]
 [0.4 0.9]
 [0.4 1. ]
 [0.3 1. ]
 [0.4 1. ]
 [0.4 1. ]
 [0.4 1. ]]
Logstds:
[[0. 0. 0. 0.]
 [0. 0. 0. 0.]
 [0. 0. 0. 0.]
 [0. 0. 0. 0.]
 [0. 0. 0. 0.]
 [0. 0. 0. 0.]
 [0. 0. 0. 0.]
 [0. 0. 0. 0.]
 [0. 0. 0. 0.]
 [0. 0. 0. 0.]
 [0. 0. 0. 0.]
 [0. 0. 0. 0.]
 [0. 0. 0. 0.]
 [0. 0. 0. 0.]
 [0. 0. 0. 0.]
 [0. 0. 0. 0.]
 [0. 0. 0. 0.]
 [0. 0. 0. 0.]
 [0. 0. 0. 0.]
 [0. 0. 0. 0.]
 [0. 0. 0. 0.]
 [0. 0. 0. 0.]
 [0. 0. 0. 0.]
 [0. 0. 0. 0.]
 [0. 0. 0. 0.]]
