Baseline:
[1.2899692 1.3412647 1.3412647 1.3412647 1.3186855 1.3752849 1.4354975
 1.4934783 1.4354975 1.4512161 1.4512161 1.3938773 1.4512161 1.4354975
 1.4512161 1.4354975 1.3752849 1.3596809 1.3752849 1.3596809 1.3752849
 1.4354975 1.3752849 1.3596809 1.3752849 1.3752849]
Returns:
[-0.76382571 -0.73621505 -0.74162614 -0.74732203 -0.75118813 -0.7155925
 -0.66573845 -0.60053435 -0.57094929 -0.55475596 -0.53462835 -0.50861731
 -0.44118156 -0.40879302 -0.38406515 -0.34867048 -0.31678551 -0.29226636
 -0.27208528 -0.24521347 -0.22255593 -0.14675259 -0.10424036 -0.06853461
 -0.03657818]
Advants:
[-1.26331057 -1.28390826 -1.28613656 -1.28855468 -1.26570577 -1.28287107
 -1.28938456 -1.27776519 -1.18272062 -1.17411534 -1.14454208 -1.04836398
 -1.02403386 -0.95899322 -0.93132923 -0.85839134 -0.73976155 -0.66960494
 -0.63229452 -0.5529831  -0.505738   -0.4460497  -0.29229369 -0.18401854
 -0.10534239]
Mus:
[[0.26207826 0.29235667 0.23387787 0.2116872 ]
 [0.26140937 0.2962299  0.23143066 0.21093006]
 [0.26140937 0.2962299  0.23143066 0.21093006]
 [0.26140937 0.2962299  0.23143066 0.21093006]
 [0.26043135 0.2953836  0.23232113 0.21186392]
 [0.25988448 0.29883233 0.23036462 0.21091855]
 [0.25941777 0.30208194 0.22850005 0.21000017]
 [0.25929862 0.30494922 0.22654337 0.20920882]
 [0.25941777 0.30208194 0.22850005 0.21000017]
 [0.2601313  0.3029988  0.22755642 0.2093135 ]
 [0.2601313  0.3029988  0.22755642 0.2093135 ]
 [0.2606076  0.29963258 0.2295155  0.21024439]
 [0.2601313  0.3029988  0.22755642 0.2093135 ]
 [0.25941777 0.30208194 0.22850005 0.21000017]
 [0.2601313  0.3029988  0.22755642 0.2093135 ]
 [0.25941777 0.30208194 0.22850005 0.21000017]
 [0.25988448 0.29883233 0.23036462 0.21091855]
 [0.25957286 0.2974508  0.23138697 0.21158926]
 [0.25988448 0.29883233 0.23036462 0.21091855]
 [0.25957286 0.2974508  0.23138697 0.21158926]
 [0.25988448 0.29883233 0.23036462 0.21091855]
 [0.25941777 0.30208194 0.22850005 0.21000017]
 [0.25988448 0.29883233 0.23036462 0.21091855]
 [0.25957286 0.2974508  0.23138697 0.21158926]
 [0.25988448 0.29883233 0.23036462 0.21091855]]
Actions:
[[0. 1. 0. 0.]
 [1. 0. 0. 0.]
 [1. 0. 0. 0.]
 [0. 0. 1. 0.]
 [0. 1. 0. 0.]
 [0. 1. 0. 0.]
 [0. 1. 0. 0.]
 [0. 0. 0. 1.]
 [1. 0. 0. 0.]
 [1. 0. 0. 0.]
 [0. 0. 0. 1.]
 [0. 1. 0. 0.]
 [0. 0. 1. 0.]
 [1. 0. 0. 0.]
 [0. 0. 1. 0.]
 [0. 0. 0. 1.]
 [0. 0. 1. 0.]
 [1. 0. 0. 0.]
 [0. 0. 1. 0.]
 [1. 0. 0. 0.]
 [0. 1. 0. 0.]
 [0. 0. 0. 1.]
 [0. 0. 1. 0.]
 [1. 0. 0. 0.]
 [1. 0. 0. 0.]]
States:
[[1.  0.6]
 [1.  0.7]
 [1.  0.7]
 [1.  0.7]
 [0.9 0.7]
 [0.9 0.8]
 [0.9 0.9]
 [0.9 1. ]
 [0.9 0.9]
 [1.  0.9]
 [1.  0.9]
 [1.  0.8]
 [1.  0.9]
 [0.9 0.9]
 [1.  0.9]
 [0.9 0.9]
 [0.9 0.8]
 [0.8 0.8]
 [0.9 0.8]
 [0.8 0.8]
 [0.9 0.8]
 [0.9 0.9]
 [0.9 0.8]
 [0.8 0.8]
 [0.9 0.8]]
Logstds:
[[0. 0. 0. 0.]
 [0. 0. 0. 0.]
 [0. 0. 0. 0.]
 [0. 0. 0. 0.]
 [0. 0. 0. 0.]
 [0. 0. 0. 0.]
 [0. 0. 0. 0.]
 [0. 0. 0. 0.]
 [0. 0. 0. 0.]
 [0. 0. 0. 0.]
 [0. 0. 0. 0.]
 [0. 0. 0. 0.]
 [0. 0. 0. 0.]
 [0. 0. 0. 0.]
 [0. 0. 0. 0.]
 [0. 0. 0. 0.]
 [0. 0. 0. 0.]
 [0. 0. 0. 0.]
 [0. 0. 0. 0.]
 [0. 0. 0. 0.]
 [0. 0. 0. 0.]
 [0. 0. 0. 0.]
 [0. 0. 0. 0.]
 [0. 0. 0. 0.]
 [0. 0. 0. 0.]]
