Baseline:
[0.12456067 0.12709433 0.12692137 0.12641655 0.12520233 0.12859665
 0.12749486 0.12859665 0.12749486 0.12596811 0.12978719 0.13045914
 0.12918876 0.13076094 0.13122354 0.13227548 0.13508329 0.13520522
 0.13411061 0.13076094 0.13411061 0.13520522 0.13508329 0.13520522
 0.13520522 0.13520522]
Returns:
[-11.19136152 -11.00405991 -10.808875   -10.63433789 -10.44815244
 -10.27314903 -10.01063211  -9.75332531  -9.46344924  -9.12798443
  -8.79655552  -8.41578923  -8.04603587  -7.68280856  -7.22139444
  -6.7052977   -6.18540392  -5.60982558  -5.03475939  -4.43314789
  -3.84950736  -3.15423881  -2.39198     -1.61674776  -0.82680416]
Advants:
[-8.55412673 -8.47835166 -8.3952295  -8.33657066 -8.26967252 -8.22352264
 -8.0878975  -7.96266563 -7.80481881 -7.60187691 -7.40960384 -7.1646197
 -6.92874088 -6.70255805 -6.37436315 -5.9874549  -5.59342872 -5.13371758
 -4.66534265 -4.15863918 -3.66702922 -3.04762134 -2.34279698 -1.60617364
 -0.8335644 ]
Mus:
[[0.2718355  0.27606794 0.2596092  0.1924874 ]
 [0.27150512 0.2785818  0.2586924  0.19122064]
 [0.2689665  0.279596   0.2607683  0.19066921]
 [0.26514602 0.28084964 0.26286966 0.19113463]
 [0.26445377 0.28340918 0.26194772 0.19018933]
 [0.26765636 0.28250727 0.25977683 0.19005963]
 [0.26682475 0.28523836 0.25864798 0.18928894]
 [0.26765636 0.28250727 0.25977683 0.19005963]
 [0.26682475 0.28523836 0.25864798 0.18928894]
 [0.26617014 0.28751493 0.25787565 0.18843928]
 [0.26870295 0.2868224  0.25630587 0.18816872]
 [0.2695251  0.2841426  0.25720325 0.189129  ]
 [0.27068874 0.28129444 0.25799772 0.1900191 ]
 [0.2725661  0.28009844 0.25645533 0.1908801 ]
 [0.27166337 0.28295982 0.255776   0.18960084]
 [0.2706434  0.28583634 0.2552865  0.18823378]
 [0.27188736 0.28559473 0.2541659  0.18835205]
 [0.27305228 0.28239107 0.25450468 0.19005197]
 [0.27422976 0.27943453 0.254839   0.19149671]
 [0.2725661  0.28009844 0.25645533 0.1908801 ]
 [0.27422976 0.27943453 0.254839   0.19149671]
 [0.27305228 0.28239107 0.25450468 0.19005197]
 [0.27188736 0.28559473 0.2541659  0.18835205]
 [0.27305228 0.28239107 0.25450468 0.19005197]
 [0.27305228 0.28239107 0.25450468 0.19005197]]
Actions:
[[0. 1. 0. 0.]
 [0. 0. 1. 0.]
 [0. 0. 1. 0.]
 [0. 1. 0. 0.]
 [1. 0. 0. 0.]
 [0. 1. 0. 0.]
 [0. 0. 0. 1.]
 [0. 1. 0. 0.]
 [0. 1. 0. 0.]
 [1. 0. 0. 0.]
 [0. 0. 0. 1.]
 [0. 0. 0. 1.]
 [1. 0. 0. 0.]
 [0. 1. 0. 0.]
 [0. 1. 0. 0.]
 [1. 0. 0. 0.]
 [0. 0. 0. 1.]
 [0. 0. 0. 1.]
 [0. 0. 1. 0.]
 [1. 0. 0. 0.]
 [0. 1. 0. 0.]
 [0. 1. 0. 0.]
 [0. 0. 0. 1.]
 [1. 0. 0. 0.]
 [0. 0. 0. 1.]]
States:
[[0.8 0.6]
 [0.8 0.7]
 [0.7 0.7]
 [0.6 0.7]
 [0.6 0.8]
 [0.7 0.8]
 [0.7 0.9]
 [0.7 0.8]
 [0.7 0.9]
 [0.7 1. ]
 [0.8 1. ]
 [0.8 0.9]
 [0.8 0.8]
 [0.9 0.8]
 [0.9 0.9]
 [0.9 1. ]
 [1.  1. ]
 [1.  0.9]
 [1.  0.8]
 [0.9 0.8]
 [1.  0.8]
 [1.  0.9]
 [1.  1. ]
 [1.  0.9]
 [1.  0.9]]
Logstds:
[[0. 0. 0. 0.]
 [0. 0. 0. 0.]
 [0. 0. 0. 0.]
 [0. 0. 0. 0.]
 [0. 0. 0. 0.]
 [0. 0. 0. 0.]
 [0. 0. 0. 0.]
 [0. 0. 0. 0.]
 [0. 0. 0. 0.]
 [0. 0. 0. 0.]
 [0. 0. 0. 0.]
 [0. 0. 0. 0.]
 [0. 0. 0. 0.]
 [0. 0. 0. 0.]
 [0. 0. 0. 0.]
 [0. 0. 0. 0.]
 [0. 0. 0. 0.]
 [0. 0. 0. 0.]
 [0. 0. 0. 0.]
 [0. 0. 0. 0.]
 [0. 0. 0. 0.]
 [0. 0. 0. 0.]
 [0. 0. 0. 0.]
 [0. 0. 0. 0.]
 [0. 0. 0. 0.]]
