Baseline:
[-1.1981859 -1.138175  -1.1799133 -1.2217867 -1.1799133 -1.2217867
 -1.2646244 -1.2217867 -1.1799133 -1.138175  -1.1981859 -1.1981859
 -1.2403558 -1.2819341 -1.3236979 -1.3660029 -1.310321  -1.3558325
 -1.2982872 -1.2539054 -1.1976781 -1.1448306 -1.1907248 -1.2371062
 -1.2371062 -1.2371062]
Returns:
[-12.52492979 -12.2867922  -12.11921552 -11.90337222 -11.59970584
 -11.35651993 -11.06202056 -10.67161562 -10.30311994  -9.95853905
  -9.60817085  -9.19933794  -8.8307334   -8.40405933  -7.91625447
  -7.36430351  -6.70867259  -6.09248909  -5.37494217  -4.6427054
  -3.93413715  -3.23344449  -2.55041873  -1.79251978  -0.93893951]
Advants:
[-8.89177821 -8.85102621 -8.78431499 -8.67337929 -8.56277454 -8.43296644
 -8.25367291 -8.06686308 -7.90459091 -7.77073258 -7.53104104 -7.29479186
 -7.0585985  -6.76531733 -6.40924665 -5.9848896  -5.55075758 -5.04853999
 -4.54118882 -3.99771436 -3.48187782 -2.96212913 -2.34967384 -1.64690483
 -0.87708414]
Mus:
[[0.24885069 0.2715303  0.2792185  0.20040055]
 [0.24827895 0.26860222 0.2809211  0.20219773]
 [0.2526539  0.2689793  0.27774104 0.20062578]
 [0.25725248 0.26884857 0.2747546  0.19914436]
 [0.2526539  0.2689793  0.27774104 0.20062578]
 [0.25725248 0.26884857 0.2747546  0.19914436]
 [0.26133934 0.26890627 0.27210242 0.19765206]
 [0.25725248 0.26884857 0.2747546  0.19914436]
 [0.2526539  0.2689793  0.27774104 0.20062578]
 [0.24827895 0.26860222 0.2809211  0.20219773]
 [0.24885069 0.2715303  0.2792185  0.20040055]
 [0.24885069 0.2715303  0.2792185  0.20040055]
 [0.2523132  0.27232686 0.27621904 0.19914082]
 [0.25677955 0.27203348 0.2734272  0.19775978]
 [0.26123327 0.27195993 0.27048087 0.19632599]
 [0.26506147 0.27183095 0.26759323 0.19551438]
 [0.2649989  0.26888382 0.26909265 0.19702458]
 [0.26807493 0.2686845  0.2666398  0.19660072]
 [0.2674641  0.2657798  0.26870856 0.19804758]
 [0.26433307 0.26634073 0.27074865 0.19857754]
 [0.2634895  0.26353425 0.27297568 0.20000052]
 [0.2625047  0.26057243 0.2751999  0.20172296]
 [0.2652432  0.26003522 0.27376205 0.20095958]
 [0.26785615 0.25958893 0.272403   0.20015188]
 [0.26785615 0.25958893 0.272403   0.20015188]]
Actions:
[[0. 0. 0. 1.]
 [1. 0. 0. 0.]
 [1. 0. 0. 0.]
 [0. 0. 1. 0.]
 [1. 0. 0. 0.]
 [1. 0. 0. 0.]
 [0. 0. 1. 0.]
 [0. 0. 1. 0.]
 [0. 0. 1. 0.]
 [0. 1. 0. 0.]
 [0. 1. 0. 0.]
 [1. 0. 0. 0.]
 [1. 0. 0. 0.]
 [1. 0. 0. 0.]
 [1. 0. 0. 0.]
 [0. 0. 0. 1.]
 [1. 0. 0. 0.]
 [0. 0. 0. 1.]
 [0. 0. 1. 0.]
 [0. 0. 0. 1.]
 [0. 0. 0. 1.]
 [1. 0. 0. 0.]
 [1. 0. 0. 0.]
 [0. 0. 0. 1.]
 [0. 1. 0. 0.]]
States:
[[0.2 0.4]
 [0.2 0.3]
 [0.3 0.3]
 [0.4 0.3]
 [0.3 0.3]
 [0.4 0.3]
 [0.5 0.3]
 [0.4 0.3]
 [0.3 0.3]
 [0.2 0.3]
 [0.2 0.4]
 [0.2 0.4]
 [0.3 0.4]
 [0.4 0.4]
 [0.5 0.4]
 [0.6 0.4]
 [0.6 0.3]
 [0.7 0.3]
 [0.7 0.2]
 [0.6 0.2]
 [0.6 0.1]
 [0.6 0. ]
 [0.7 0. ]
 [0.8 0. ]
 [0.8 0. ]]
Logstds:
[[0. 0. 0. 0.]
 [0. 0. 0. 0.]
 [0. 0. 0. 0.]
 [0. 0. 0. 0.]
 [0. 0. 0. 0.]
 [0. 0. 0. 0.]
 [0. 0. 0. 0.]
 [0. 0. 0. 0.]
 [0. 0. 0. 0.]
 [0. 0. 0. 0.]
 [0. 0. 0. 0.]
 [0. 0. 0. 0.]
 [0. 0. 0. 0.]
 [0. 0. 0. 0.]
 [0. 0. 0. 0.]
 [0. 0. 0. 0.]
 [0. 0. 0. 0.]
 [0. 0. 0. 0.]
 [0. 0. 0. 0.]
 [0. 0. 0. 0.]
 [0. 0. 0. 0.]
 [0. 0. 0. 0.]
 [0. 0. 0. 0.]
 [0. 0. 0. 0.]
 [0. 0. 0. 0.]]
