Baseline:
[0.9155927  0.88879937 0.9314878  0.97418404 0.9609953  0.95160484
 0.9609953  0.9174415  0.87377334 0.87377334 0.9174415  0.9314878
 0.95786566 0.9155927  0.94438446 0.9155927  0.8780972  0.9155927
 0.95786566 0.9841797  0.94438446 0.9155927  0.95786566 0.99996215
 1.0262485  1.0262485 ]
Returns:
[-1.64946353 -1.63916336 -1.5664866  -1.47673695 -1.44065497 -1.41681054
 -1.37990327 -1.36649717 -1.36711988 -1.38244877 -1.30914811 -1.26880875
 -1.2138436  -1.18310453 -1.12491597 -1.0728121  -1.05024189 -0.94755919
 -0.82551387 -0.73417867 -0.66648911 -0.59025751 -0.44940683 -0.28807135
 -0.15438414]
Advants:
[-1.74016149 -1.71098197 -1.68865425 -1.64845879 -1.60510646 -1.57726618
 -1.55475254 -1.50146029 -1.4610637  -1.47974118 -1.45282602 -1.42866861
 -1.40151476 -1.32780014 -1.2967318  -1.21152022 -1.14491328 -1.07061147
 -0.97848091 -0.89803776 -0.77049301 -0.64045263 -0.51167804 -0.35598196
 -0.20569658]
Mus:
[[0.2527682  0.27766064 0.27345628 0.19611494]
 [0.25020963 0.27651122 0.2760601  0.19721901]
 [0.25160366 0.27844897 0.27444822 0.19549908]
 [0.2527904  0.28029448 0.273075   0.1938401 ]
 [0.25051224 0.2786596  0.2766165  0.19421163]
 [0.24768008 0.27621937 0.2814319  0.19466865]
 [0.25051224 0.2786596  0.2766165  0.19421163]
 [0.24924172 0.27718598 0.2775636  0.19600873]
 [0.24796636 0.27523673 0.2789434  0.19785348]
 [0.24796636 0.27523673 0.2789434  0.19785348]
 [0.24924172 0.27718598 0.2775636  0.19600873]
 [0.25160366 0.27844897 0.27444822 0.19549908]
 [0.2541132  0.27939978 0.27173036 0.19475664]
 [0.2527682  0.27766064 0.27345628 0.19611494]
 [0.25606734 0.27875936 0.27041394 0.19475937]
 [0.2527682  0.27766064 0.27345628 0.19611494]
 [0.25213057 0.2755329  0.27473772 0.19759884]
 [0.2527682  0.27766064 0.27345628 0.19611494]
 [0.2541132  0.27939978 0.27173036 0.19475664]
 [0.2569528  0.28054097 0.26900348 0.19350275]
 [0.25606734 0.27875936 0.27041394 0.19475937]
 [0.2527682  0.27766064 0.27345628 0.19611494]
 [0.2541132  0.27939978 0.27173036 0.19475664]
 [0.25507787 0.28148353 0.27006966 0.1933689 ]
 [0.25764704 0.2824334  0.2675286  0.19239092]]
Actions:
[[0. 0. 1. 0.]
 [0. 1. 0. 0.]
 [0. 1. 0. 0.]
 [0. 0. 1. 0.]
 [0. 0. 1. 0.]
 [1. 0. 0. 0.]
 [0. 0. 0. 1.]
 [0. 0. 0. 1.]
 [0. 0. 0. 1.]
 [0. 1. 0. 0.]
 [1. 0. 0. 0.]
 [1. 0. 0. 0.]
 [0. 0. 0. 1.]
 [1. 0. 0. 0.]
 [0. 0. 1. 0.]
 [0. 0. 0. 1.]
 [0. 1. 0. 0.]
 [0. 1. 0. 0.]
 [1. 0. 0. 0.]
 [0. 0. 0. 1.]
 [0. 0. 1. 0.]
 [0. 1. 0. 0.]
 [0. 1. 0. 0.]
 [1. 0. 0. 0.]
 [1. 0. 0. 0.]]
States:
[[0.3 0.6]
 [0.2 0.6]
 [0.2 0.7]
 [0.2 0.8]
 [0.1 0.8]
 [0.  0.8]
 [0.1 0.8]
 [0.1 0.7]
 [0.1 0.6]
 [0.1 0.6]
 [0.1 0.7]
 [0.2 0.7]
 [0.3 0.7]
 [0.3 0.6]
 [0.4 0.6]
 [0.3 0.6]
 [0.3 0.5]
 [0.3 0.6]
 [0.3 0.7]
 [0.4 0.7]
 [0.4 0.6]
 [0.3 0.6]
 [0.3 0.7]
 [0.3 0.8]
 [0.4 0.8]]
Logstds:
[[0. 0. 0. 0.]
 [0. 0. 0. 0.]
 [0. 0. 0. 0.]
 [0. 0. 0. 0.]
 [0. 0. 0. 0.]
 [0. 0. 0. 0.]
 [0. 0. 0. 0.]
 [0. 0. 0. 0.]
 [0. 0. 0. 0.]
 [0. 0. 0. 0.]
 [0. 0. 0. 0.]
 [0. 0. 0. 0.]
 [0. 0. 0. 0.]
 [0. 0. 0. 0.]
 [0. 0. 0. 0.]
 [0. 0. 0. 0.]
 [0. 0. 0. 0.]
 [0. 0. 0. 0.]
 [0. 0. 0. 0.]
 [0. 0. 0. 0.]
 [0. 0. 0. 0.]
 [0. 0. 0. 0.]
 [0. 0. 0. 0.]
 [0. 0. 0. 0.]
 [0. 0. 0. 0.]]
