Baseline:
[-2.0419998 -2.1090755 -2.1090755 -2.0419998 -2.1090755 -2.1433847
 -2.1433847 -2.179205  -2.179205  -2.1433847 -2.179205  -2.179205
 -2.1128712 -2.0466194 -2.084623  -2.1501193 -2.1501193 -2.1501193
 -2.084623  -2.0466194 -1.9814125 -2.0466194 -1.9814125 -1.9434673
 -1.9814125 -1.9814125]
Returns:
[-15.00502077 -14.77754489 -14.49248481 -14.07444352 -13.79798989
 -13.5089381  -13.12107516 -12.76526207 -12.30039766 -11.7659111
 -11.33877359 -10.79883084 -10.12069248  -9.45137525  -8.95123162
  -8.34160731  -7.71133182  -7.04788394  -6.18296142  -5.3822803
  -4.50783473  -3.74658666  -2.78605196  -1.88502496  -1.05802059]
Advants:
[-10.36894513 -10.2452197  -10.13672177  -9.96650479  -9.80849659
  -9.67645994  -9.48422398  -9.29277034  -9.03076119  -8.73680803
  -8.48168412  -8.15058082  -7.74648424  -7.35016921  -7.01974131
  -6.54915528  -6.12134467  -5.65709008  -5.04910151  -4.47058191
  -3.83616078  -3.17385529  -2.42896966  -1.70245242  -0.95894992]
Mus:
[[0.25544986 0.28817207 0.23637344 0.22000466]
 [0.2549495  0.29121298 0.23503207 0.21880545]
 [0.2549495  0.29121298 0.23503207 0.21880545]
 [0.25544986 0.28817207 0.23637344 0.22000466]
 [0.2549495  0.29121298 0.23503207 0.21880545]
 [0.2554632  0.2928517  0.23413143 0.21755369]
 [0.2554632  0.2928517  0.23413143 0.21755369]
 [0.25585172 0.29473436 0.23327602 0.21613789]
 [0.25585172 0.29473436 0.23327602 0.21613789]
 [0.2554632  0.2928517  0.23413143 0.21755369]
 [0.25585172 0.29473436 0.23327602 0.21613789]
 [0.25585172 0.29473436 0.23327602 0.21613789]
 [0.25637874 0.29151708 0.23519515 0.21690899]
 [0.25715348 0.28821462 0.23720406 0.21742778]
 [0.25784215 0.28955188 0.2363831  0.2162229 ]
 [0.25704822 0.29309538 0.23421931 0.21563706]
 [0.25704822 0.29309538 0.23421931 0.21563706]
 [0.25704822 0.29309538 0.23421931 0.21563706]
 [0.25784215 0.28955188 0.2363831  0.2162229 ]
 [0.25715348 0.28821462 0.23720406 0.21742778]
 [0.25779495 0.28501284 0.23922966 0.21796256]
 [0.25715348 0.28821462 0.23720406 0.21742778]
 [0.25779495 0.28501284 0.23922966 0.21796256]
 [0.25680903 0.28386763 0.23996964 0.2193537 ]
 [0.25779495 0.28501284 0.23922966 0.21796256]]
Actions:
[[0. 1. 0. 0.]
 [0. 1. 0. 0.]
 [0. 0. 0. 1.]
 [0. 1. 0. 0.]
 [1. 0. 0. 0.]
 [0. 1. 0. 0.]
 [1. 0. 0. 0.]
 [0. 1. 0. 0.]
 [0. 0. 1. 0.]
 [1. 0. 0. 0.]
 [0. 1. 0. 0.]
 [0. 0. 0. 1.]
 [0. 0. 0. 1.]
 [1. 0. 0. 0.]
 [0. 1. 0. 0.]
 [1. 0. 0. 0.]
 [1. 0. 0. 0.]
 [0. 0. 0. 1.]
 [0. 0. 1. 0.]
 [0. 0. 0. 1.]
 [0. 1. 0. 0.]
 [0. 0. 0. 1.]
 [0. 0. 1. 0.]
 [1. 0. 0. 0.]
 [0. 0. 0. 1.]]
States:
[[0.1 0.9]
 [0.1 1. ]
 [0.1 1. ]
 [0.1 0.9]
 [0.1 1. ]
 [0.2 1. ]
 [0.2 1. ]
 [0.3 1. ]
 [0.3 1. ]
 [0.2 1. ]
 [0.3 1. ]
 [0.3 1. ]
 [0.3 0.9]
 [0.3 0.8]
 [0.4 0.8]
 [0.4 0.9]
 [0.4 0.9]
 [0.4 0.9]
 [0.4 0.8]
 [0.3 0.8]
 [0.3 0.7]
 [0.3 0.8]
 [0.3 0.7]
 [0.2 0.7]
 [0.3 0.7]]
Logstds:
[[0. 0. 0. 0.]
 [0. 0. 0. 0.]
 [0. 0. 0. 0.]
 [0. 0. 0. 0.]
 [0. 0. 0. 0.]
 [0. 0. 0. 0.]
 [0. 0. 0. 0.]
 [0. 0. 0. 0.]
 [0. 0. 0. 0.]
 [0. 0. 0. 0.]
 [0. 0. 0. 0.]
 [0. 0. 0. 0.]
 [0. 0. 0. 0.]
 [0. 0. 0. 0.]
 [0. 0. 0. 0.]
 [0. 0. 0. 0.]
 [0. 0. 0. 0.]
 [0. 0. 0. 0.]
 [0. 0. 0. 0.]
 [0. 0. 0. 0.]
 [0. 0. 0. 0.]
 [0. 0. 0. 0.]
 [0. 0. 0. 0.]
 [0. 0. 0. 0.]
 [0. 0. 0. 0.]]
