Baseline:
[0.42474574 0.40669134 0.40669134 0.41804153 0.41804153 0.41804153
 0.43546522 0.42474574 0.4180614  0.4180614  0.4180614  0.42474574
 0.4180614  0.4367569  0.4180614  0.4180614  0.4002466  0.40669134
 0.4002466  0.4002466  0.4180614  0.4180614  0.4367569  0.4180614
 0.42474574 0.42474574]
Returns:
[-5.19613066 -5.06275161 -4.94715485 -4.85242904 -4.70845963 -4.55691289
 -4.39506367 -4.23150931 -4.07950149 -3.94003213 -3.79322229 -3.63344937
 -3.4499647  -3.24727975 -3.00339107 -2.80728433 -2.56559055 -2.36196536
 -2.13758299 -1.88535186 -1.62160204 -1.35276956 -1.03970591 -0.67962914
 -0.3559829 ]
Advants:
[-4.24079598 -4.14095538 -4.07777137 -4.04869475 -3.95919729 -3.86207578
 -3.77224502 -3.65182685 -3.54667014 -3.46098329 -3.36799701 -3.26858239
 -3.13077816 -2.99792389 -2.78270979 -2.6319433  -2.41361132 -2.25501687
 -2.05892377 -1.83658458 -1.61548171 -1.36528233 -1.08203042 -0.70360674
 -0.37722018]
Mus:
[[0.25595528 0.2827253  0.24014407 0.22117534]
 [0.25631383 0.28038588 0.24212594 0.22117443]
 [0.25631383 0.28038588 0.24212594 0.22117443]
 [0.25720176 0.2809932  0.24223013 0.21957496]
 [0.25720176 0.2809932  0.24223013 0.21957496]
 [0.25720176 0.2809932  0.24223013 0.21957496]
 [0.25680903 0.28386763 0.23996964 0.2193537 ]
 [0.25595528 0.2827253  0.24014407 0.22117534]
 [0.2553593  0.28294805 0.23984177 0.22185096]
 [0.2553593  0.28294805 0.23984177 0.22185096]
 [0.2553593  0.28294805 0.23984177 0.22185096]
 [0.25595528 0.2827253  0.24014407 0.22117534]
 [0.2553593  0.28294805 0.23984177 0.22185096]
 [0.25529966 0.28516638 0.23828538 0.22124866]
 [0.2553593  0.28294805 0.23984177 0.22185096]
 [0.2553593  0.28294805 0.23984177 0.22185096]
 [0.25570232 0.28053162 0.2418136  0.22195251]
 [0.25631383 0.28038588 0.24212594 0.22117443]
 [0.25570232 0.28053162 0.2418136  0.22195251]
 [0.25570232 0.28053162 0.2418136  0.22195251]
 [0.2553593  0.28294805 0.23984177 0.22185096]
 [0.2553593  0.28294805 0.23984177 0.22185096]
 [0.25529966 0.28516638 0.23828538 0.22124866]
 [0.2553593  0.28294805 0.23984177 0.22185096]
 [0.25595528 0.2827253  0.24014407 0.22117534]]
Actions:
[[0. 0. 0. 1.]
 [0. 0. 0. 1.]
 [1. 0. 0. 0.]
 [0. 0. 0. 1.]
 [0. 0. 0. 1.]
 [0. 1. 0. 0.]
 [0. 0. 1. 0.]
 [0. 0. 1. 0.]
 [0. 0. 1. 0.]
 [0. 0. 1. 0.]
 [1. 0. 0. 0.]
 [0. 0. 1. 0.]
 [0. 1. 0. 0.]
 [0. 0. 0. 1.]
 [0. 0. 1. 0.]
 [0. 0. 0. 1.]
 [1. 0. 0. 0.]
 [0. 0. 1. 0.]
 [0. 0. 0. 1.]
 [0. 1. 0. 0.]
 [0. 0. 1. 0.]
 [0. 1. 0. 0.]
 [0. 0. 0. 1.]
 [1. 0. 0. 0.]
 [0. 0. 1. 0.]]
States:
[[0.1 0.7]
 [0.1 0.6]
 [0.1 0.6]
 [0.2 0.6]
 [0.2 0.6]
 [0.2 0.6]
 [0.2 0.7]
 [0.1 0.7]
 [0.  0.7]
 [0.  0.7]
 [0.  0.7]
 [0.1 0.7]
 [0.  0.7]
 [0.  0.8]
 [0.  0.7]
 [0.  0.7]
 [0.  0.6]
 [0.1 0.6]
 [0.  0.6]
 [0.  0.6]
 [0.  0.7]
 [0.  0.7]
 [0.  0.8]
 [0.  0.7]
 [0.1 0.7]]
Logstds:
[[0. 0. 0. 0.]
 [0. 0. 0. 0.]
 [0. 0. 0. 0.]
 [0. 0. 0. 0.]
 [0. 0. 0. 0.]
 [0. 0. 0. 0.]
 [0. 0. 0. 0.]
 [0. 0. 0. 0.]
 [0. 0. 0. 0.]
 [0. 0. 0. 0.]
 [0. 0. 0. 0.]
 [0. 0. 0. 0.]
 [0. 0. 0. 0.]
 [0. 0. 0. 0.]
 [0. 0. 0. 0.]
 [0. 0. 0. 0.]
 [0. 0. 0. 0.]
 [0. 0. 0. 0.]
 [0. 0. 0. 0.]
 [0. 0. 0. 0.]
 [0. 0. 0. 0.]
 [0. 0. 0. 0.]
 [0. 0. 0. 0.]
 [0. 0. 0. 0.]
 [0. 0. 0. 0.]]
