Baseline:
[1.0947049 1.0735028 1.1312422 1.1901553 1.2074616 1.266022  1.2836812
 1.2240916 1.2435143 1.2667855 1.2435143 1.2995973 1.3186855 1.3412647
 1.2899692 1.2899692 1.2667855 1.3186855 1.3752849 1.3596809 1.3418422
 1.2836812 1.3418422 1.3985401 1.4550302 1.4550302]
Returns:
[-0.40735916 -0.44508662 -0.45231169 -0.44931292 -0.46227154 -0.44241149
 -0.44386481 -0.44769374 -0.45385063 -0.4569001  -0.46084891 -0.42864522
 -0.42291525 -0.41403698 -0.40378946 -0.40454331 -0.40053597 -0.35922806
 -0.30300296 -0.2777584  -0.25655324 -0.23915261 -0.18939626 -0.12541181
 -0.04604447]
Advants:
[-0.79096349 -0.79387884 -0.84608317 -0.88987969 -0.90793054 -0.93457319
 -0.94119197 -0.87014883 -0.87993499 -0.889931   -0.85229562 -0.85704039
 -0.85004734 -0.84208704 -0.75513413 -0.72833684 -0.67040668 -0.64796864
 -0.61251064 -0.53151388 -0.44769416 -0.32120542 -0.27460457 -0.20740153
 -0.11879599]
Mus:
[[0.25948626 0.28070253 0.24371035 0.21610075]
 [0.25890708 0.27817583 0.24605037 0.21686669]
 [0.25942633 0.28104374 0.242887   0.21664292]
 [0.2595157  0.2845408  0.23981252 0.21613093]
 [0.25979668 0.28729433 0.238097   0.21481194]
 [0.2597676  0.29067332 0.23568544 0.21387368]
 [0.2596946  0.292632   0.2344327  0.21324068]
 [0.2596395  0.28929067 0.23689438 0.21417549]
 [0.26016685 0.29051405 0.23579814 0.21352105]
 [0.26112112 0.29140964 0.2347545  0.2127147 ]
 [0.26016685 0.29051405 0.23579814 0.21352105]
 [0.259691   0.29433227 0.23337223 0.2126045 ]
 [0.26043135 0.2953836  0.23232113 0.21186392]
 [0.26140937 0.2962299  0.23143066 0.21093006]
 [0.26207826 0.29235667 0.23387787 0.2116872 ]
 [0.26207826 0.29235667 0.23387787 0.2116872 ]
 [0.26112112 0.29140964 0.2347545  0.2127147 ]
 [0.26043135 0.2953836  0.23232113 0.21186392]
 [0.25988448 0.29883233 0.23036462 0.21091855]
 [0.25957286 0.2974508  0.23138697 0.21158926]
 [0.25969306 0.2955919  0.23233508 0.21237999]
 [0.2596946  0.292632   0.2344327  0.21324068]
 [0.25969306 0.2955919  0.23233508 0.21237999]
 [0.25962454 0.2985617  0.2302689  0.21154492]
 [0.25919223 0.30164802 0.2284222  0.21073751]]
Actions:
[[0. 0. 1. 0.]
 [0. 1. 0. 0.]
 [0. 1. 0. 0.]
 [1. 0. 0. 0.]
 [0. 1. 0. 0.]
 [1. 0. 0. 0.]
 [0. 0. 0. 1.]
 [1. 0. 0. 0.]
 [1. 0. 0. 0.]
 [0. 0. 1. 0.]
 [0. 1. 0. 0.]
 [1. 0. 0. 0.]
 [1. 0. 0. 0.]
 [0. 0. 0. 1.]
 [0. 0. 0. 1.]
 [0. 0. 1. 0.]
 [0. 1. 0. 0.]
 [0. 1. 0. 0.]
 [0. 0. 1. 0.]
 [0. 0. 1. 0.]
 [0. 0. 0. 1.]
 [0. 1. 0. 0.]
 [0. 1. 0. 0.]
 [0. 1. 0. 0.]
 [1. 0. 0. 0.]]
States:
[[0.6 0.4]
 [0.5 0.4]
 [0.5 0.5]
 [0.5 0.6]
 [0.6 0.6]
 [0.6 0.7]
 [0.7 0.7]
 [0.7 0.6]
 [0.8 0.6]
 [0.9 0.6]
 [0.8 0.6]
 [0.8 0.7]
 [0.9 0.7]
 [1.  0.7]
 [1.  0.6]
 [1.  0.6]
 [0.9 0.6]
 [0.9 0.7]
 [0.9 0.8]
 [0.8 0.8]
 [0.7 0.8]
 [0.7 0.7]
 [0.7 0.8]
 [0.7 0.9]
 [0.7 1. ]]
Logstds:
[[0. 0. 0. 0.]
 [0. 0. 0. 0.]
 [0. 0. 0. 0.]
 [0. 0. 0. 0.]
 [0. 0. 0. 0.]
 [0. 0. 0. 0.]
 [0. 0. 0. 0.]
 [0. 0. 0. 0.]
 [0. 0. 0. 0.]
 [0. 0. 0. 0.]
 [0. 0. 0. 0.]
 [0. 0. 0. 0.]
 [0. 0. 0. 0.]
 [0. 0. 0. 0.]
 [0. 0. 0. 0.]
 [0. 0. 0. 0.]
 [0. 0. 0. 0.]
 [0. 0. 0. 0.]
 [0. 0. 0. 0.]
 [0. 0. 0. 0.]
 [0. 0. 0. 0.]
 [0. 0. 0. 0.]
 [0. 0. 0. 0.]
 [0. 0. 0. 0.]
 [0. 0. 0. 0.]]
