Baseline:
[0.5939296  0.58027285 0.5939296  0.6148577  0.62849903 0.64243215
 0.62849903 0.62849903 0.62849903 0.6077756  0.62849903 0.6077756
 0.5908515  0.6077756  0.62849903 0.64243215 0.62849903 0.6148577
 0.60138977 0.6240656  0.61115736 0.63726354 0.666259   0.6765128
 0.666259   0.666259  ]
Returns:
[-5.75520111 -5.68238585 -5.61988083 -5.48567568 -5.36934086 -5.2259005
 -5.05806882 -4.85142552 -4.63390625 -4.49488478 -4.28112518 -4.12353628
 -3.98453329 -3.76528198 -3.51312224 -3.27198616 -3.00131688 -2.74046494
 -2.4891792  -2.18888766 -1.90998398 -1.57782917 -1.20821858 -0.84582216
 -0.4497515 ]
Advants:
[-4.70457778 -4.67170142 -4.67950366 -4.6241996  -4.58124163 -4.51255319
 -4.39116658 -4.2436539  -4.08357502 -3.98122314 -3.84449892 -3.72178082
 -3.62136132 -3.47301278 -3.29299554 -3.11456504 -2.87408774 -2.63898894
 -2.40879746 -2.1601021  -1.89064908 -1.59939857 -1.26430768 -0.90726891
 -0.48306447]
Mus:
[[0.27073106 0.2681101  0.2649357  0.19622315]
 [0.26807493 0.2686845  0.2666398  0.19660072]
 [0.27073106 0.2681101  0.2649357  0.19622315]
 [0.2712291  0.27111375 0.2626056  0.1950515 ]
 [0.27307528 0.27008778 0.26181394 0.19502299]
 [0.27479967 0.26894513 0.26138732 0.19486786]
 [0.27307528 0.27008778 0.26181394 0.19502299]
 [0.27307528 0.27008778 0.26181394 0.19502299]
 [0.27307528 0.27008778 0.26181394 0.19502299]
 [0.2730036  0.26691929 0.26429424 0.19578291]
 [0.27307528 0.27008778 0.26181394 0.19502299]
 [0.2730036  0.26691929 0.26429424 0.19578291]
 [0.2727185  0.26373005 0.26669902 0.1968524 ]
 [0.2730036  0.26691929 0.26429424 0.19578291]
 [0.27307528 0.27008778 0.26181394 0.19502299]
 [0.27479967 0.26894513 0.26138732 0.19486786]
 [0.27307528 0.27008778 0.26181394 0.19502299]
 [0.2712291  0.27111375 0.2626056  0.1950515 ]
 [0.2684251  0.2713609  0.26501128 0.19520278]
 [0.26875302 0.27425835 0.26316124 0.19382745]
 [0.26509738 0.27520102 0.26584896 0.19385265]
 [0.26512167 0.27805102 0.26441002 0.19241728]
 [0.26514602 0.28084964 0.26286966 0.19113463]
 [0.2689665  0.279596   0.2607683  0.19066921]
 [0.26514602 0.28084964 0.26286966 0.19113463]]
Actions:
[[0. 0. 1. 0.]
 [1. 0. 0. 0.]
 [0. 1. 0. 0.]
 [1. 0. 0. 0.]
 [1. 0. 0. 0.]
 [0. 0. 1. 0.]
 [0. 1. 0. 0.]
 [0. 1. 0. 0.]
 [0. 0. 0. 1.]
 [0. 1. 0. 0.]
 [0. 0. 0. 1.]
 [0. 0. 0. 1.]
 [0. 1. 0. 0.]
 [0. 1. 0. 0.]
 [1. 0. 0. 0.]
 [0. 0. 1. 0.]
 [0. 0. 1. 0.]
 [0. 0. 1. 0.]
 [0. 1. 0. 0.]
 [0. 0. 1. 0.]
 [0. 1. 0. 0.]
 [0. 1. 0. 0.]
 [1. 0. 0. 0.]
 [0. 0. 1. 0.]
 [0. 1. 0. 0.]]
States:
[[0.8 0.3]
 [0.7 0.3]
 [0.8 0.3]
 [0.8 0.4]
 [0.9 0.4]
 [1.  0.4]
 [0.9 0.4]
 [0.9 0.4]
 [0.9 0.4]
 [0.9 0.3]
 [0.9 0.4]
 [0.9 0.3]
 [0.9 0.2]
 [0.9 0.3]
 [0.9 0.4]
 [1.  0.4]
 [0.9 0.4]
 [0.8 0.4]
 [0.7 0.4]
 [0.7 0.5]
 [0.6 0.5]
 [0.6 0.6]
 [0.6 0.7]
 [0.7 0.7]
 [0.6 0.7]]
Logstds:
[[0. 0. 0. 0.]
 [0. 0. 0. 0.]
 [0. 0. 0. 0.]
 [0. 0. 0. 0.]
 [0. 0. 0. 0.]
 [0. 0. 0. 0.]
 [0. 0. 0. 0.]
 [0. 0. 0. 0.]
 [0. 0. 0. 0.]
 [0. 0. 0. 0.]
 [0. 0. 0. 0.]
 [0. 0. 0. 0.]
 [0. 0. 0. 0.]
 [0. 0. 0. 0.]
 [0. 0. 0. 0.]
 [0. 0. 0. 0.]
 [0. 0. 0. 0.]
 [0. 0. 0. 0.]
 [0. 0. 0. 0.]
 [0. 0. 0. 0.]
 [0. 0. 0. 0.]
 [0. 0. 0. 0.]
 [0. 0. 0. 0.]
 [0. 0. 0. 0.]
 [0. 0. 0. 0.]]
