Baseline:
[0.5886033  0.60138977 0.6240656  0.61115736 0.5997293  0.57535875
 0.5997293  0.58727205 0.57274836 0.5496892  0.5636299  0.58727205
 0.57274836 0.57274836 0.57274836 0.58727205 0.61359    0.5973632
 0.62168425 0.6387936  0.61359    0.5973632  0.57274836 0.57274836
 0.58727205 0.58727205]
Returns:
[-4.8262764  -4.71896069 -4.53602608 -4.38065599 -4.23842002 -4.1338262
 -3.95810999 -3.81454859 -3.68486214 -3.59064065 -3.48042248 -3.28972325
 -3.13241441 -2.98894262 -2.83791969 -2.66802961 -2.41435359 -2.18891919
 -1.9095259  -1.64965125 -1.37963768 -1.09974455 -0.84479155 -0.58091856
 -0.29223895]
Advants:
[-4.06502407 -4.02005134 -3.90861417 -3.78811199 -3.68154147 -3.5996938
 -3.49479777 -3.38436034 -3.2851543  -3.21308422 -3.16289114 -3.04067742
 -2.912194   -2.81132682 -2.70186706 -2.58679929 -2.3961411  -2.18683205
 -1.95897917 -1.73824373 -1.45780268 -1.16855921 -0.88780729 -0.61448829
 -0.32160258]
Mus:
[[0.26506147 0.27183095 0.26759323 0.19551438]
 [0.2684251  0.2713609  0.26501128 0.19520278]
 [0.26875302 0.27425835 0.26316124 0.19382745]
 [0.26509738 0.27520102 0.26584896 0.19385265]
 [0.26058388 0.27552563 0.26891318 0.19497737]
 [0.26123327 0.27195993 0.27048087 0.19632599]
 [0.26058388 0.27552563 0.26891318 0.19497737]
 [0.25602612 0.27602908 0.2717875  0.19615735]
 [0.25213057 0.2755329  0.27473772 0.19759884]
 [0.2523132  0.27232686 0.27621904 0.19914082]
 [0.25677955 0.27203348 0.2734272  0.19775978]
 [0.25602612 0.27602908 0.2717875  0.19615735]
 [0.25213057 0.2755329  0.27473772 0.19759884]
 [0.25213057 0.2755329  0.27473772 0.19759884]
 [0.25213057 0.2755329  0.27473772 0.19759884]
 [0.25602612 0.27602908 0.2717875  0.19615735]
 [0.25606734 0.27875936 0.27041394 0.19475937]
 [0.2527682  0.27766064 0.27345628 0.19611494]
 [0.2541132  0.27939978 0.27173036 0.19475664]
 [0.2569528  0.28054097 0.26900348 0.19350275]
 [0.25606734 0.27875936 0.27041394 0.19475937]
 [0.2527682  0.27766064 0.27345628 0.19611494]
 [0.25213057 0.2755329  0.27473772 0.19759884]
 [0.25213057 0.2755329  0.27473772 0.19759884]
 [0.25602612 0.27602908 0.2717875  0.19615735]]
Actions:
[[1. 0. 0. 0.]
 [0. 1. 0. 0.]
 [0. 0. 1. 0.]
 [0. 0. 1. 0.]
 [0. 0. 0. 1.]
 [0. 1. 0. 0.]
 [0. 0. 1. 0.]
 [0. 0. 1. 0.]
 [0. 0. 0. 1.]
 [1. 0. 0. 0.]
 [0. 1. 0. 0.]
 [0. 0. 1. 0.]
 [0. 0. 1. 0.]
 [0. 0. 1. 0.]
 [1. 0. 0. 0.]
 [0. 1. 0. 0.]
 [0. 0. 1. 0.]
 [0. 1. 0. 0.]
 [1. 0. 0. 0.]
 [0. 0. 0. 1.]
 [0. 0. 1. 0.]
 [0. 0. 0. 1.]
 [0. 0. 1. 0.]
 [1. 0. 0. 0.]
 [0. 0. 0. 1.]]
States:
[[0.6 0.4]
 [0.7 0.4]
 [0.7 0.5]
 [0.6 0.5]
 [0.5 0.5]
 [0.5 0.4]
 [0.5 0.5]
 [0.4 0.5]
 [0.3 0.5]
 [0.3 0.4]
 [0.4 0.4]
 [0.4 0.5]
 [0.3 0.5]
 [0.3 0.5]
 [0.3 0.5]
 [0.4 0.5]
 [0.4 0.6]
 [0.3 0.6]
 [0.3 0.7]
 [0.4 0.7]
 [0.4 0.6]
 [0.3 0.6]
 [0.3 0.5]
 [0.3 0.5]
 [0.4 0.5]]
Logstds:
[[0. 0. 0. 0.]
 [0. 0. 0. 0.]
 [0. 0. 0. 0.]
 [0. 0. 0. 0.]
 [0. 0. 0. 0.]
 [0. 0. 0. 0.]
 [0. 0. 0. 0.]
 [0. 0. 0. 0.]
 [0. 0. 0. 0.]
 [0. 0. 0. 0.]
 [0. 0. 0. 0.]
 [0. 0. 0. 0.]
 [0. 0. 0. 0.]
 [0. 0. 0. 0.]
 [0. 0. 0. 0.]
 [0. 0. 0. 0.]
 [0. 0. 0. 0.]
 [0. 0. 0. 0.]
 [0. 0. 0. 0.]
 [0. 0. 0. 0.]
 [0. 0. 0. 0.]
 [0. 0. 0. 0.]
 [0. 0. 0. 0.]
 [0. 0. 0. 0.]
 [0. 0. 0. 0.]]
