Baseline:
[0.7197863  0.7560532  0.7560532  0.7560532  0.7197863  0.6837853
 0.6467923  0.6579279  0.6467923  0.61504745 0.61504745 0.6467923
 0.61504745 0.6467923  0.6579279  0.69600344 0.6837853  0.6467923
 0.6467923  0.61504745 0.61504745 0.62795997 0.6430508  0.66042095
 0.6899003  0.6899003 ]
Returns:
[-1.23679333 -1.1756511  -1.14609006 -1.06558979 -1.0008172  -0.94823563
 -0.90780409 -0.87573875 -0.85950062 -0.82961871 -0.81404386 -0.77562217
 -0.7413256  -0.69907664 -0.65602564 -0.58496362 -0.54062824 -0.47874368
 -0.4524349  -0.40112847 -0.36300151 -0.31492827 -0.25485727 -0.18138142
 -0.07945633]
Advants:
[-1.39311478 -1.37998288 -1.36225137 -1.29209865 -1.19916326 -1.11663555
 -1.04338702 -1.02634175 -1.00233682 -0.94245987 -0.92830219 -0.9229567
 -0.85631758 -0.84483993 -0.81088099 -0.77465673 -0.71284052 -0.60519383
 -0.56855526 -0.47172567 -0.41746747 -0.36371388 -0.29716581 -0.21591972
 -0.11395133]
Mus:
[[0.2551397  0.27375317 0.25066695 0.22044027]
 [0.2562672  0.27548006 0.24728444 0.22096835]
 [0.2562672  0.27548006 0.24728444 0.22096835]
 [0.2562672  0.27548006 0.24728444 0.22096835]
 [0.2551397  0.27375317 0.25066695 0.22044027]
 [0.25413185 0.27175236 0.25380087 0.22031493]
 [0.25345308 0.26914    0.257082   0.22032495]
 [0.25463745 0.26869732 0.25607818 0.22058704]
 [0.25345308 0.26914    0.257082   0.22032495]
 [0.25277823 0.26619062 0.2601554  0.22087568]
 [0.25277823 0.26619062 0.2601554  0.22087568]
 [0.25345308 0.26914    0.257082   0.22032495]
 [0.25277823 0.26619062 0.2601554  0.22087568]
 [0.25345308 0.26914    0.257082   0.22032495]
 [0.25463745 0.26869732 0.25607818 0.22058704]
 [0.25527823 0.27115825 0.2531449  0.22041859]
 [0.25413185 0.27175236 0.25380087 0.22031493]
 [0.25345308 0.26914    0.257082   0.22032495]
 [0.25345308 0.26914    0.257082   0.22032495]
 [0.25277823 0.26619062 0.2601554  0.22087568]
 [0.25277823 0.26619062 0.2601554  0.22087568]
 [0.25402623 0.2659497  0.25912005 0.22090395]
 [0.25518367 0.26627228 0.257706   0.22083811]
 [0.25660288 0.26619866 0.25651392 0.22068462]
 [0.2568896  0.2685498  0.25433213 0.22022846]]
Actions:
[[0. 1. 0. 0.]
 [0. 0. 1. 0.]
 [0. 1. 0. 0.]
 [0. 0. 0. 1.]
 [0. 0. 0. 1.]
 [0. 0. 0. 1.]
 [1. 0. 0. 0.]
 [0. 0. 1. 0.]
 [0. 0. 0. 1.]
 [0. 0. 0. 1.]
 [0. 1. 0. 0.]
 [0. 0. 0. 1.]
 [0. 1. 0. 0.]
 [1. 0. 0. 0.]
 [0. 1. 0. 0.]
 [0. 0. 1. 0.]
 [0. 0. 0. 1.]
 [0. 0. 1. 0.]
 [0. 0. 0. 1.]
 [0. 0. 0. 1.]
 [1. 0. 0. 0.]
 [1. 0. 0. 0.]
 [1. 0. 0. 0.]
 [0. 1. 0. 0.]
 [0. 0. 1. 0.]]
States:
[[0.  0.3]
 [0.  0.4]
 [0.  0.4]
 [0.  0.4]
 [0.  0.3]
 [0.  0.2]
 [0.  0.1]
 [0.1 0.1]
 [0.  0.1]
 [0.  0. ]
 [0.  0. ]
 [0.  0.1]
 [0.  0. ]
 [0.  0.1]
 [0.1 0.1]
 [0.1 0.2]
 [0.  0.2]
 [0.  0.1]
 [0.  0.1]
 [0.  0. ]
 [0.  0. ]
 [0.1 0. ]
 [0.2 0. ]
 [0.3 0. ]
 [0.3 0.1]]
Logstds:
[[0. 0. 0. 0.]
 [0. 0. 0. 0.]
 [0. 0. 0. 0.]
 [0. 0. 0. 0.]
 [0. 0. 0. 0.]
 [0. 0. 0. 0.]
 [0. 0. 0. 0.]
 [0. 0. 0. 0.]
 [0. 0. 0. 0.]
 [0. 0. 0. 0.]
 [0. 0. 0. 0.]
 [0. 0. 0. 0.]
 [0. 0. 0. 0.]
 [0. 0. 0. 0.]
 [0. 0. 0. 0.]
 [0. 0. 0. 0.]
 [0. 0. 0. 0.]
 [0. 0. 0. 0.]
 [0. 0. 0. 0.]
 [0. 0. 0. 0.]
 [0. 0. 0. 0.]
 [0. 0. 0. 0.]
 [0. 0. 0. 0.]
 [0. 0. 0. 0.]
 [0. 0. 0. 0.]]
