Baseline:
[0.7966747  0.75812125 0.74621546 0.7314775  0.74621546 0.7314775
 0.69600344 0.6579279  0.69600344 0.7076505  0.6729473  0.6430508
 0.6729473  0.6430508  0.6729473  0.6579279  0.6729473  0.6430508
 0.66042095 0.6779727  0.66042095 0.6430508  0.66042095 0.6779727
 0.6779727  0.6779727 ]
Returns:
[-1.41490331 -1.3407641  -1.29738814 -1.26466419 -1.21535767 -1.17831633
 -1.12613562 -1.08650387 -1.03809859 -0.98944477 -0.93326171 -0.88987359
 -0.83579374 -0.78727572 -0.72779598 -0.69322713 -0.63945791 -0.58060643
 -0.52427527 -0.45487802 -0.39918992 -0.35174016 -0.28336341 -0.20128658
 -0.1159209 ]
Advants:
[-1.59764175 -1.49756354 -1.4542611  -1.41833108 -1.39520766 -1.35424704
 -1.27562162 -1.2053095  -1.2026855  -1.17289635 -1.08703163 -1.01692979
 -0.9954524  -0.91754918 -0.88760583 -0.83609313 -0.7940565  -0.69899693
 -0.6519817  -0.58979231 -0.50306236 -0.42159836 -0.35095233 -0.2631191
 -0.14981955]
Mus:
[[0.2577019  0.27532676 0.24815924 0.21881211]
 [0.2574822  0.27274606 0.2502805  0.21949127]
 [0.25696608 0.27280056 0.2500919  0.2201414 ]
 [0.2560523  0.27317333 0.25027758 0.22049676]
 [0.25696608 0.27280056 0.2500919  0.2201414 ]
 [0.2560523  0.27317333 0.25027758 0.22049676]
 [0.25527823 0.27115825 0.2531449  0.22041859]
 [0.25463745 0.26869732 0.25607818 0.22058704]
 [0.25527823 0.27115825 0.2531449  0.22041859]
 [0.25605038 0.27073014 0.2528868  0.22033265]
 [0.25560227 0.26847625 0.255111   0.22081047]
 [0.25518367 0.26627228 0.257706   0.22083811]
 [0.25560227 0.26847625 0.255111   0.22081047]
 [0.25518367 0.26627228 0.257706   0.22083811]
 [0.25560227 0.26847625 0.255111   0.22081047]
 [0.25463745 0.26869732 0.25607818 0.22058704]
 [0.25560227 0.26847625 0.255111   0.22081047]
 [0.25518367 0.26627228 0.257706   0.22083811]
 [0.25660288 0.26619866 0.25651392 0.22068462]
 [0.25815555 0.26586536 0.25557297 0.22040607]
 [0.25660288 0.26619866 0.25651392 0.22068462]
 [0.25518367 0.26627228 0.257706   0.22083811]
 [0.25660288 0.26619866 0.25651392 0.22068462]
 [0.25815555 0.26586536 0.25557297 0.22040607]
 [0.25815555 0.26586536 0.25557297 0.22040607]]
Actions:
[[0. 0. 0. 1.]
 [0. 0. 1. 0.]
 [0. 0. 1. 0.]
 [1. 0. 0. 0.]
 [0. 0. 1. 0.]
 [0. 0. 0. 1.]
 [0. 0. 0. 1.]
 [0. 1. 0. 0.]
 [1. 0. 0. 0.]
 [0. 0. 0. 1.]
 [0. 0. 0. 1.]
 [0. 1. 0. 0.]
 [0. 0. 0. 1.]
 [0. 1. 0. 0.]
 [0. 0. 1. 0.]
 [1. 0. 0. 0.]
 [0. 0. 0. 1.]
 [1. 0. 0. 0.]
 [1. 0. 0. 0.]
 [0. 0. 1. 0.]
 [0. 0. 1. 0.]
 [1. 0. 0. 0.]
 [1. 0. 0. 0.]
 [0. 0. 0. 1.]
 [0. 1. 0. 0.]]
States:
[[0.3 0.4]
 [0.3 0.3]
 [0.2 0.3]
 [0.1 0.3]
 [0.2 0.3]
 [0.1 0.3]
 [0.1 0.2]
 [0.1 0.1]
 [0.1 0.2]
 [0.2 0.2]
 [0.2 0.1]
 [0.2 0. ]
 [0.2 0.1]
 [0.2 0. ]
 [0.2 0.1]
 [0.1 0.1]
 [0.2 0.1]
 [0.2 0. ]
 [0.3 0. ]
 [0.4 0. ]
 [0.3 0. ]
 [0.2 0. ]
 [0.3 0. ]
 [0.4 0. ]
 [0.4 0. ]]
Logstds:
[[0. 0. 0. 0.]
 [0. 0. 0. 0.]
 [0. 0. 0. 0.]
 [0. 0. 0. 0.]
 [0. 0. 0. 0.]
 [0. 0. 0. 0.]
 [0. 0. 0. 0.]
 [0. 0. 0. 0.]
 [0. 0. 0. 0.]
 [0. 0. 0. 0.]
 [0. 0. 0. 0.]
 [0. 0. 0. 0.]
 [0. 0. 0. 0.]
 [0. 0. 0. 0.]
 [0. 0. 0. 0.]
 [0. 0. 0. 0.]
 [0. 0. 0. 0.]
 [0. 0. 0. 0.]
 [0. 0. 0. 0.]
 [0. 0. 0. 0.]
 [0. 0. 0. 0.]
 [0. 0. 0. 0.]
 [0. 0. 0. 0.]
 [0. 0. 0. 0.]
 [0. 0. 0. 0.]]
