Baseline:
[-1.1016594 -1.1149462 -1.1519371 -1.1519371 -1.1149462 -1.1519371
 -1.1657788 -1.1519371 -1.1657788 -1.129361  -1.1657788 -1.129361
 -1.0943288 -1.111847  -1.1453846 -1.111847  -1.0943288 -1.129361
 -1.1149462 -1.1016594 -1.0881826 -1.0518819 -1.0652019 -1.0785869
 -1.1149462 -1.1149462]
Returns:
[-15.56807198 -15.36593012 -15.05390975 -14.68433201 -14.24695341
 -13.87603952 -13.51496372 -13.03027351 -12.62468371 -12.04640988
 -11.52399895 -10.88779434 -10.25583276  -9.74663618  -9.10877745
  -8.34966477  -7.63325436  -6.91982402  -6.1250151   -5.32181347
  -4.50892725  -3.63859242  -2.87332177  -2.03747473  -1.06471586]
Advants:
[-11.35714628 -11.31759996 -11.14865981 -10.96306296 -10.74994557
 -10.53264854 -10.35298085 -10.07945254  -9.86117835  -9.52085704
  -9.16344804  -8.76368904  -8.36536577  -8.03788554  -7.56193125
  -7.02600678  -6.51130604  -5.93957691  -5.32683578  -4.69442589
  -4.04121479  -3.34003805  -2.68154251  -1.93637115  -1.00896847]
Mus:
[[0.25962454 0.2985617  0.2302689  0.21154492]
 [0.25953948 0.30044404 0.22928064 0.21073581]
 [0.25934857 0.30337563 0.22730306 0.20997274]
 [0.25934857 0.30337563 0.22730306 0.20997274]
 [0.25953948 0.30044404 0.22928064 0.21073581]
 [0.25934857 0.30337563 0.22730306 0.20997274]
 [0.25929862 0.30494922 0.22654337 0.20920882]
 [0.25934857 0.30337563 0.22730306 0.20997274]
 [0.25929862 0.30494922 0.22654337 0.20920882]
 [0.25941777 0.30208194 0.22850005 0.21000017]
 [0.25929862 0.30494922 0.22654337 0.20920882]
 [0.25941777 0.30208194 0.22850005 0.21000017]
 [0.25988448 0.29883233 0.23036462 0.21091855]
 [0.2606076  0.29963258 0.2295155  0.21024439]
 [0.2601313  0.3029988  0.22755642 0.2093135 ]
 [0.2606076  0.29963258 0.2295155  0.21024439]
 [0.25988448 0.29883233 0.23036462 0.21091855]
 [0.25941777 0.30208194 0.22850005 0.21000017]
 [0.25953948 0.30044404 0.22928064 0.21073581]
 [0.25962454 0.2985617  0.2302689  0.21154492]
 [0.2591561  0.2966036  0.23169684 0.2125435 ]
 [0.25962207 0.2935534  0.23368803 0.21313655]
 [0.25969306 0.2955919  0.23233508 0.21237999]
 [0.25957286 0.2974508  0.23138697 0.21158926]
 [0.25953948 0.30044404 0.22928064 0.21073581]]
Actions:
[[1. 0. 0. 0.]
 [0. 1. 0. 0.]
 [0. 1. 0. 0.]
 [0. 0. 0. 1.]
 [0. 1. 0. 0.]
 [1. 0. 0. 0.]
 [0. 0. 1. 0.]
 [1. 0. 0. 0.]
 [0. 0. 0. 1.]
 [0. 1. 0. 0.]
 [0. 0. 0. 1.]
 [0. 0. 0. 1.]
 [1. 0. 0. 0.]
 [0. 1. 0. 0.]
 [0. 0. 0. 1.]
 [0. 0. 1. 0.]
 [0. 1. 0. 0.]
 [0. 0. 1. 0.]
 [0. 0. 1. 0.]
 [0. 0. 1. 0.]
 [0. 0. 0. 1.]
 [1. 0. 0. 0.]
 [1. 0. 0. 0.]
 [0. 1. 0. 0.]
 [0. 1. 0. 0.]]
States:
[[0.7 0.9]
 [0.8 0.9]
 [0.8 1. ]
 [0.8 1. ]
 [0.8 0.9]
 [0.8 1. ]
 [0.9 1. ]
 [0.8 1. ]
 [0.9 1. ]
 [0.9 0.9]
 [0.9 1. ]
 [0.9 0.9]
 [0.9 0.8]
 [1.  0.8]
 [1.  0.9]
 [1.  0.8]
 [0.9 0.8]
 [0.9 0.9]
 [0.8 0.9]
 [0.7 0.9]
 [0.6 0.9]
 [0.6 0.8]
 [0.7 0.8]
 [0.8 0.8]
 [0.8 0.9]]
Logstds:
[[0. 0. 0. 0.]
 [0. 0. 0. 0.]
 [0. 0. 0. 0.]
 [0. 0. 0. 0.]
 [0. 0. 0. 0.]
 [0. 0. 0. 0.]
 [0. 0. 0. 0.]
 [0. 0. 0. 0.]
 [0. 0. 0. 0.]
 [0. 0. 0. 0.]
 [0. 0. 0. 0.]
 [0. 0. 0. 0.]
 [0. 0. 0. 0.]
 [0. 0. 0. 0.]
 [0. 0. 0. 0.]
 [0. 0. 0. 0.]
 [0. 0. 0. 0.]
 [0. 0. 0. 0.]
 [0. 0. 0. 0.]
 [0. 0. 0. 0.]
 [0. 0. 0. 0.]
 [0. 0. 0. 0.]
 [0. 0. 0. 0.]
 [0. 0. 0. 0.]
 [0. 0. 0. 0.]]
