Baseline:
[1.31868553 1.29959726 1.35968089 1.34184217 1.28368115 1.22409165
 1.28368115 1.29959726 1.2435143  1.2667855  1.31868553 1.37528491
 1.39387727 1.37528491 1.31868553 1.37528491 1.39387727 1.39387727
 1.4512161  1.51131451 0.        ]
Returns:
[-0.55970386 -0.55856972 -0.51906453 -0.51055969 -0.50652781 -0.51365479
 -0.49012595 -0.49081419 -0.49271468 -0.49780963 -0.46162139 -0.41078541
 -0.39390235 -0.36874763 -0.34879011 -0.29201564 -0.26888154 -0.24153833
 -0.1600458  -0.06157649]
Advants:
[-1.37078602 -1.36479139 -1.40144607 -1.3917335  -1.34566485 -1.30907759
 -1.36348116 -1.40050455 -1.36680481 -1.41827586 -1.45954672 -1.49322474
 -1.5252795  -1.51310993 -1.46845279 -1.5028895  -1.53576757 -1.54818619
 -1.5664345  -1.572891  ]
Mus:
[[0.26043135 0.2953836  0.23232113 0.21186392]
 [0.259691   0.29433227 0.23337223 0.2126045 ]
 [0.25957286 0.2974508  0.23138697 0.21158926]
 [0.25969306 0.2955919  0.23233508 0.21237999]
 [0.2596946  0.292632   0.2344327  0.21324068]
 [0.2596395  0.28929067 0.23689438 0.21417549]
 [0.2596946  0.292632   0.2344327  0.21324068]
 [0.259691   0.29433227 0.23337223 0.2126045 ]
 [0.26016685 0.29051405 0.23579814 0.21352105]
 [0.26112112 0.29140964 0.2347545  0.2127147 ]
 [0.26043135 0.2953836  0.23232113 0.21186392]
 [0.25988448 0.29883233 0.23036462 0.21091855]
 [0.2606076  0.29963258 0.2295155  0.21024439]
 [0.25988448 0.29883233 0.23036462 0.21091855]
 [0.26043135 0.2953836  0.23232113 0.21186392]
 [0.25988448 0.29883233 0.23036462 0.21091855]
 [0.2606076  0.29963258 0.2295155  0.21024439]
 [0.2606076  0.29963258 0.2295155  0.21024439]
 [0.2601313  0.3029988  0.22755642 0.2093135 ]
 [0.259718   0.30611315 0.22571214 0.20845671]]
Actions:
[[0. 0. 1. 0.]
 [0. 1. 0. 0.]
 [0. 0. 1. 0.]
 [0. 0. 0. 1.]
 [0. 0. 0. 1.]
 [0. 1. 0. 0.]
 [1. 0. 0. 0.]
 [0. 0. 0. 1.]
 [1. 0. 0. 0.]
 [0. 1. 0. 0.]
 [0. 1. 0. 0.]
 [1. 0. 0. 0.]
 [0. 0. 1. 0.]
 [0. 0. 0. 1.]
 [0. 1. 0. 0.]
 [1. 0. 0. 0.]
 [1. 0. 0. 0.]
 [0. 1. 0. 0.]
 [0. 1. 0. 0.]
 [0. 0. 1. 0.]]
States:
[[0.9 0.7]
 [0.8 0.7]
 [0.8 0.8]
 [0.7 0.8]
 [0.7 0.7]
 [0.7 0.6]
 [0.7 0.7]
 [0.8 0.7]
 [0.8 0.6]
 [0.9 0.6]
 [0.9 0.7]
 [0.9 0.8]
 [1.  0.8]
 [0.9 0.8]
 [0.9 0.7]
 [0.9 0.8]
 [1.  0.8]
 [1.  0.8]
 [1.  0.9]
 [1.  1. ]]
Logstds:
[[0. 0. 0. 0.]
 [0. 0. 0. 0.]
 [0. 0. 0. 0.]
 [0. 0. 0. 0.]
 [0. 0. 0. 0.]
 [0. 0. 0. 0.]
 [0. 0. 0. 0.]
 [0. 0. 0. 0.]
 [0. 0. 0. 0.]
 [0. 0. 0. 0.]
 [0. 0. 0. 0.]
 [0. 0. 0. 0.]
 [0. 0. 0. 0.]
 [0. 0. 0. 0.]
 [0. 0. 0. 0.]
 [0. 0. 0. 0.]
 [0. 0. 0. 0.]
 [0. 0. 0. 0.]
 [0. 0. 0. 0.]
 [0. 0. 0. 0.]]
