Baseline:
[-0.12148571 -0.12501101 -0.12917289 -0.13059838 -0.13339044 -0.13059838
 -0.1280136  -0.12471922 -0.1280136  -0.13059838 -0.1280136  -0.1280136
 -0.12501101 -0.12917289 -0.13059838 -0.13303715 -0.13153625 -0.12983479
 -0.12983479 -0.1273984  -0.12435962 -0.11993201 -0.12245116 -0.12501101
 -0.12917289 -0.12917289]
Returns:
[-8.66312602 -8.52390756 -8.34468499 -8.13587123 -7.94082296 -7.77960803
 -7.54258835 -7.32389111 -7.13966132 -6.91421384 -6.6316471  -6.3891592
 -6.14744337 -5.84314373 -5.50266991 -5.15969857 -4.80031073 -4.39742333
 -3.90812466 -3.4332314  -2.84882174 -2.26612579 -1.71592812 -1.16354601
 -0.59693599]
Advants:
[-6.53858382 -6.48496498 -6.39262611 -6.27468613 -6.17088896 -6.10962085
 -5.97336649 -5.85784596 -5.77291308 -5.64915907 -5.47367926 -5.33709615
 -5.20592653 -5.00462996 -4.76845048 -4.52708336 -4.27103388 -3.9679528
 -3.56998331 -3.18202363 -2.67436745 -2.15820879 -1.65579828 -1.1382849
 -0.59047735]
Mus:
[[0.26163644 0.27011475 0.25023127 0.21801755]
 [0.26097056 0.27460286 0.24770978 0.21671683]
 [0.26020825 0.27856544 0.24543029 0.21579607]
 [0.25950196 0.2771861  0.24672976 0.21658213]
 [0.25866643 0.2754603  0.24826841 0.2176048 ]
 [0.25950196 0.2771861  0.24672976 0.21658213]
 [0.2602806  0.27327022 0.24897115 0.21747795]
 [0.26117095 0.26926658 0.25090307 0.21865943]
 [0.2602806  0.27327022 0.24897115 0.21747795]
 [0.25950196 0.2771861  0.24672976 0.21658213]
 [0.2602806  0.27327022 0.24897115 0.21747795]
 [0.2602806  0.27327022 0.24897115 0.21747795]
 [0.26097056 0.27460286 0.24770978 0.21671683]
 [0.26020825 0.27856544 0.24543029 0.21579607]
 [0.25950196 0.2771861  0.24672976 0.21658213]
 [0.25948626 0.28070253 0.24371035 0.21610075]
 [0.260012   0.28206024 0.24247386 0.21545391]
 [0.26083913 0.28319848 0.24141394 0.21454845]
 [0.26083913 0.28319848 0.24141394 0.21454845]
 [0.26168966 0.28449368 0.24018049 0.21363623]
 [0.26145628 0.28072163 0.24355027 0.2142718 ]
 [0.261404   0.2761095  0.24711935 0.2153671 ]
 [0.26139328 0.27560148 0.24711154 0.21589369]
 [0.26097056 0.27460286 0.24770978 0.21671683]
 [0.26020825 0.27856544 0.24543029 0.21579607]]
Actions:
[[0. 1. 0. 0.]
 [0. 1. 0. 0.]
 [0. 0. 1. 0.]
 [0. 0. 1. 0.]
 [1. 0. 0. 0.]
 [0. 0. 0. 1.]
 [0. 0. 0. 1.]
 [0. 1. 0. 0.]
 [0. 1. 0. 0.]
 [0. 0. 0. 1.]
 [0. 0. 1. 0.]
 [1. 0. 0. 0.]
 [0. 1. 0. 0.]
 [0. 0. 1. 0.]
 [0. 1. 0. 0.]
 [1. 0. 0. 0.]
 [1. 0. 0. 0.]
 [0. 1. 0. 0.]
 [1. 0. 0. 0.]
 [0. 0. 0. 1.]
 [0. 0. 0. 1.]
 [0. 0. 1. 0.]
 [0. 0. 1. 0.]
 [0. 1. 0. 0.]
 [1. 0. 0. 0.]]
States:
[[0.7 0.1]
 [0.7 0.2]
 [0.7 0.3]
 [0.6 0.3]
 [0.5 0.3]
 [0.6 0.3]
 [0.6 0.2]
 [0.6 0.1]
 [0.6 0.2]
 [0.6 0.3]
 [0.6 0.2]
 [0.6 0.2]
 [0.7 0.2]
 [0.7 0.3]
 [0.6 0.3]
 [0.6 0.4]
 [0.7 0.4]
 [0.8 0.4]
 [0.8 0.4]
 [0.9 0.4]
 [0.9 0.3]
 [0.9 0.2]
 [0.8 0.2]
 [0.7 0.2]
 [0.7 0.3]]
Logstds:
[[0. 0. 0. 0.]
 [0. 0. 0. 0.]
 [0. 0. 0. 0.]
 [0. 0. 0. 0.]
 [0. 0. 0. 0.]
 [0. 0. 0. 0.]
 [0. 0. 0. 0.]
 [0. 0. 0. 0.]
 [0. 0. 0. 0.]
 [0. 0. 0. 0.]
 [0. 0. 0. 0.]
 [0. 0. 0. 0.]
 [0. 0. 0. 0.]
 [0. 0. 0. 0.]
 [0. 0. 0. 0.]
 [0. 0. 0. 0.]
 [0. 0. 0. 0.]
 [0. 0. 0. 0.]
 [0. 0. 0. 0.]
 [0. 0. 0. 0.]
 [0. 0. 0. 0.]
 [0. 0. 0. 0.]
 [0. 0. 0. 0.]
 [0. 0. 0. 0.]
 [0. 0. 0. 0.]]
