Baseline:
[-2.6287787 -2.7018504 -2.7018504 -2.7018504 -2.6287787 -2.7018504
 -2.603722  -2.5044768 -2.576986  -2.5044768 -2.4319646 -2.332719
 -2.4319646 -2.5044768 -2.603722  -2.5293126 -2.6287787 -2.7297258
 -2.6641333 -2.7297258 -2.6287787 -2.7018504 -2.6287787 -2.559973
 -2.6641333 -2.6641333]
Returns:
[-16.52542271 -16.23441572 -15.88727181 -15.52185716 -15.05235335
 -14.6838164  -14.15727901 -13.65132155 -13.2512266  -12.71828394
 -12.20264176 -11.68156904 -11.19171475 -10.70268742 -10.08000792
  -9.37478606  -8.68027152  -7.90488006  -7.02995226  -6.23646959
  -5.25754599  -4.37349286  -3.31723304  -2.25103812  -1.17645168]
Advants:
[-11.20944946 -11.03498925 -10.88288047 -10.71781398 -10.52653629
 -10.29390062 -10.07901659  -9.89144031  -9.64202267  -9.40954853
  -9.200092    -9.01879806  -8.67250202  -8.35708294  -7.87991732
  -7.49520477  -6.94373255  -6.30345766  -5.72526466  -5.09045282
  -4.42869034  -3.67659628  -2.885497    -2.06571306  -1.04324508]
Mus:
[[0.25507787 0.28148353 0.27006966 0.1933689 ]
 [0.25764704 0.2824334  0.2675286  0.19239092]
 [0.25764704 0.2824334  0.2675286  0.19239092]
 [0.25764704 0.2824334  0.2675286  0.19239092]
 [0.25507787 0.28148353 0.27006966 0.1933689 ]
 [0.25764704 0.2824334  0.2675286  0.19239092]
 [0.2569528  0.28054097 0.26900348 0.19350275]
 [0.25606734 0.27875936 0.27041394 0.19475937]
 [0.26045677 0.2785319  0.2674665  0.19354479]
 [0.25606734 0.27875936 0.27041394 0.19475937]
 [0.2527682  0.27766064 0.27345628 0.19611494]
 [0.25213057 0.2755329  0.27473772 0.19759884]
 [0.2527682  0.27766064 0.27345628 0.19611494]
 [0.25606734 0.27875936 0.27041394 0.19475937]
 [0.2569528  0.28054097 0.26900348 0.19350275]
 [0.2541132  0.27939978 0.27173036 0.19475664]
 [0.25507787 0.28148353 0.27006966 0.1933689 ]
 [0.25586447 0.28340423 0.2688695  0.19186173]
 [0.25390837 0.2820259  0.27197886 0.19208688]
 [0.25586447 0.28340423 0.2688695  0.19186173]
 [0.25507787 0.28148353 0.27006966 0.1933689 ]
 [0.25764704 0.2824334  0.2675286  0.19239092]
 [0.25507787 0.28148353 0.27006966 0.1933689 ]
 [0.2527904  0.28029448 0.273075   0.1938401 ]
 [0.25390837 0.2820259  0.27197886 0.19208688]]
Actions:
[[1. 0. 0. 0.]
 [1. 0. 0. 0.]
 [1. 0. 0. 0.]
 [0. 0. 1. 0.]
 [1. 0. 0. 0.]
 [0. 0. 0. 1.]
 [0. 0. 0. 1.]
 [1. 0. 0. 0.]
 [0. 0. 1. 0.]
 [0. 0. 1. 0.]
 [0. 0. 0. 1.]
 [0. 1. 0. 0.]
 [1. 0. 0. 0.]
 [0. 1. 0. 0.]
 [0. 0. 1. 0.]
 [0. 1. 0. 0.]
 [0. 1. 0. 0.]
 [0. 0. 1. 0.]
 [1. 0. 0. 0.]
 [0. 0. 0. 1.]
 [1. 0. 0. 0.]
 [0. 0. 1. 0.]
 [0. 0. 1. 0.]
 [0. 1. 0. 0.]
 [0. 1. 0. 0.]]
States:
[[0.3 0.8]
 [0.4 0.8]
 [0.4 0.8]
 [0.4 0.8]
 [0.3 0.8]
 [0.4 0.8]
 [0.4 0.7]
 [0.4 0.6]
 [0.5 0.6]
 [0.4 0.6]
 [0.3 0.6]
 [0.3 0.5]
 [0.3 0.6]
 [0.4 0.6]
 [0.4 0.7]
 [0.3 0.7]
 [0.3 0.8]
 [0.3 0.9]
 [0.2 0.9]
 [0.3 0.9]
 [0.3 0.8]
 [0.4 0.8]
 [0.3 0.8]
 [0.2 0.8]
 [0.2 0.9]]
Logstds:
[[0. 0. 0. 0.]
 [0. 0. 0. 0.]
 [0. 0. 0. 0.]
 [0. 0. 0. 0.]
 [0. 0. 0. 0.]
 [0. 0. 0. 0.]
 [0. 0. 0. 0.]
 [0. 0. 0. 0.]
 [0. 0. 0. 0.]
 [0. 0. 0. 0.]
 [0. 0. 0. 0.]
 [0. 0. 0. 0.]
 [0. 0. 0. 0.]
 [0. 0. 0. 0.]
 [0. 0. 0. 0.]
 [0. 0. 0. 0.]
 [0. 0. 0. 0.]
 [0. 0. 0. 0.]
 [0. 0. 0. 0.]
 [0. 0. 0. 0.]
 [0. 0. 0. 0.]
 [0. 0. 0. 0.]
 [0. 0. 0. 0.]
 [0. 0. 0. 0.]
 [0. 0. 0. 0.]]
