Baseline:
[-0.4057712  -0.4224493  -0.39253396 -0.3745981  -0.39253396 -0.3745981
 -0.35630482 -0.3863096  -0.4166358  -0.44742015 -0.42722312 -0.39712048
 -0.36715728 -0.36715728 -0.33678475 -0.35630482 -0.3863096  -0.36715728
 -0.3863096  -0.4166358  -0.3863096  -0.4057712  -0.43639475 -0.45421222
 -0.43639475 -0.43639475]
Returns:
[-8.70559139 -8.52772451 -8.30716347 -8.09625938 -7.91984034 -7.68855083
 -7.48308031 -7.25571793 -6.97964361 -6.65376591 -6.31892755 -6.00222659
 -5.70842655 -5.43651476 -5.15089979 -4.88912227 -4.52523579 -4.15387093
 -3.80627173 -3.3486476  -2.88274854 -2.4335969  -1.87200665 -1.30153781
 -0.64915425]
Advants:
[-6.46038022 -6.35981711 -6.26526306 -6.17060417 -6.07692232 -5.96621921
 -5.88464804 -5.73392351 -5.53377382 -5.28138315 -5.07016447 -4.88693525
 -4.72711335 -4.55966759 -4.40989625 -4.23435459 -3.94304618 -3.691262
 -3.42215128 -3.02506821 -2.674632   -2.28391485 -1.75791696 -1.22329284
 -0.62733454]
Mus:
[[0.24881975 0.26536024 0.2818042  0.20401584]
 [0.25309172 0.26599646 0.27871954 0.20219229]
 [0.25334868 0.26303935 0.2801229  0.20348899]
 [0.24854293 0.26212177 0.28331977 0.20601548]
 [0.25334868 0.26303935 0.2801229  0.20348899]
 [0.24854293 0.26212177 0.28331977 0.20601548]
 [0.2438608  0.26109055 0.28721163 0.207837  ]
 [0.24464242 0.26394394 0.28564692 0.20576672]
 [0.24530363 0.26698428 0.2842916  0.20342048]
 [0.24587768 0.2701126  0.28248024 0.20152938]
 [0.24300815 0.26813772 0.28632778 0.20252633]
 [0.24178542 0.2653497  0.2881169  0.20474795]
 [0.24081329 0.26245892 0.28949165 0.20723614]
 [0.24081329 0.26245892 0.28949165 0.20723614]
 [0.2399224  0.26025698 0.29062265 0.20919794]
 [0.2438608  0.26109055 0.28721163 0.207837  ]
 [0.24464242 0.26394394 0.28564692 0.20576672]
 [0.24081329 0.26245892 0.28949165 0.20723614]
 [0.24464242 0.26394394 0.28564692 0.20576672]
 [0.24530363 0.26698428 0.2842916  0.20342048]
 [0.24464242 0.26394394 0.28564692 0.20576672]
 [0.24881975 0.26536024 0.2818042  0.20401584]
 [0.24827895 0.26860222 0.2809211  0.20219773]
 [0.2526539  0.2689793  0.27774104 0.20062578]
 [0.24827895 0.26860222 0.2809211  0.20219773]]
Actions:
[[1. 0. 0. 0.]
 [0. 0. 0. 1.]
 [0. 0. 1. 0.]
 [1. 0. 0. 0.]
 [0. 0. 1. 0.]
 [0. 0. 1. 0.]
 [0. 1. 0. 0.]
 [0. 1. 0. 0.]
 [0. 1. 0. 0.]
 [0. 0. 1. 0.]
 [0. 0. 0. 1.]
 [0. 0. 0. 1.]
 [0. 0. 1. 0.]
 [0. 0. 0. 1.]
 [1. 0. 0. 0.]
 [0. 1. 0. 0.]
 [0. 0. 1. 0.]
 [1. 0. 0. 0.]
 [0. 1. 0. 0.]
 [0. 0. 0. 1.]
 [1. 0. 0. 0.]
 [0. 1. 0. 0.]
 [1. 0. 0. 0.]
 [0. 0. 1. 0.]
 [0. 0. 1. 0.]]
States:
[[0.2 0.2]
 [0.3 0.2]
 [0.3 0.1]
 [0.2 0.1]
 [0.3 0.1]
 [0.2 0.1]
 [0.1 0.1]
 [0.1 0.2]
 [0.1 0.3]
 [0.1 0.4]
 [0.  0.4]
 [0.  0.3]
 [0.  0.2]
 [0.  0.2]
 [0.  0.1]
 [0.1 0.1]
 [0.1 0.2]
 [0.  0.2]
 [0.1 0.2]
 [0.1 0.3]
 [0.1 0.2]
 [0.2 0.2]
 [0.2 0.3]
 [0.3 0.3]
 [0.2 0.3]]
Logstds:
[[0. 0. 0. 0.]
 [0. 0. 0. 0.]
 [0. 0. 0. 0.]
 [0. 0. 0. 0.]
 [0. 0. 0. 0.]
 [0. 0. 0. 0.]
 [0. 0. 0. 0.]
 [0. 0. 0. 0.]
 [0. 0. 0. 0.]
 [0. 0. 0. 0.]
 [0. 0. 0. 0.]
 [0. 0. 0. 0.]
 [0. 0. 0. 0.]
 [0. 0. 0. 0.]
 [0. 0. 0. 0.]
 [0. 0. 0. 0.]
 [0. 0. 0. 0.]
 [0. 0. 0. 0.]
 [0. 0. 0. 0.]
 [0. 0. 0. 0.]
 [0. 0. 0. 0.]
 [0. 0. 0. 0.]
 [0. 0. 0. 0.]
 [0. 0. 0. 0.]
 [0. 0. 0. 0.]]
