Baseline:
[-2.1090755 -2.1090755 -2.1090755 -2.1090755 -2.0763316 -2.0763316
 -2.1090755 -2.0419998 -2.076433  -2.1433847 -2.076433  -2.1128712
 -2.179205  -2.179205  -2.1433847 -2.1433847 -2.179205  -2.1433847
 -2.179205  -2.179205  -2.2162104 -2.2162104 -2.2162104 -2.2162104
 -2.2162104 -2.2162104]
Returns:
[-15.02237833 -14.75020421 -14.46370515 -14.16212718 -13.79324767
 -13.49068626 -13.21601569 -12.73079181 -12.42648088 -12.02801816
 -11.44774956 -11.04497753 -10.5368018   -9.95465001  -9.29670305
  -8.68714353  -8.09796561  -7.34229842  -6.68233919  -5.89732095
  -5.12933827  -4.22475979  -3.27257191  -2.27026888  -1.21521306]
Advants:
[-10.30111188 -10.19737524 -10.08480157  -9.96263806  -9.81080491
  -9.69888857  -9.58885195  -9.37196348  -9.24114705  -8.98697865
  -8.6870275   -8.46577524  -8.11002282  -7.74725873  -7.3439676
  -6.95303315  -6.54595447  -6.04032759  -5.55549808  -4.97512119
  -4.36731058  -3.64873005  -2.86893566  -2.02271278  -1.10440254]
Mus:
[[0.2549495  0.29121298 0.23503207 0.21880545]
 [0.2549495  0.29121298 0.23503207 0.21880545]
 [0.2549495  0.29121298 0.23503207 0.21880545]
 [0.2549495  0.29121298 0.23503207 0.21880545]
 [0.25450787 0.29069108 0.2352045  0.21959655]
 [0.25450787 0.29069108 0.2352045  0.21959655]
 [0.2549495  0.29121298 0.23503207 0.21880545]
 [0.25544986 0.28817207 0.23637344 0.22000466]
 [0.2558718  0.2898044  0.23592407 0.21839972]
 [0.2554632  0.2928517  0.23413143 0.21755369]
 [0.2558718  0.2898044  0.23592407 0.21839972]
 [0.25637874 0.29151708 0.23519515 0.21690899]
 [0.25585172 0.29473436 0.23327602 0.21613789]
 [0.25585172 0.29473436 0.23327602 0.21613789]
 [0.2554632  0.2928517  0.23413143 0.21755369]
 [0.2554632  0.2928517  0.23413143 0.21755369]
 [0.25585172 0.29473436 0.23327602 0.21613789]
 [0.2554632  0.2928517  0.23413143 0.21755369]
 [0.25585172 0.29473436 0.23327602 0.21613789]
 [0.25585172 0.29473436 0.23327602 0.21613789]
 [0.256633   0.29624987 0.23218006 0.214937  ]
 [0.256633   0.29624987 0.23218006 0.214937  ]
 [0.256633   0.29624987 0.23218006 0.214937  ]
 [0.256633   0.29624987 0.23218006 0.214937  ]
 [0.256633   0.29624987 0.23218006 0.214937  ]]
Actions:
[[0. 1. 0. 0.]
 [0. 1. 0. 0.]
 [0. 1. 0. 0.]
 [0. 0. 1. 0.]
 [0. 1. 0. 0.]
 [1. 0. 0. 0.]
 [0. 0. 0. 1.]
 [1. 0. 0. 0.]
 [0. 1. 0. 0.]
 [0. 0. 0. 1.]
 [1. 0. 0. 0.]
 [0. 1. 0. 0.]
 [0. 1. 0. 0.]
 [0. 0. 1. 0.]
 [0. 1. 0. 0.]
 [1. 0. 0. 0.]
 [0. 0. 1. 0.]
 [1. 0. 0. 0.]
 [0. 1. 0. 0.]
 [1. 0. 0. 0.]
 [0. 1. 0. 0.]
 [0. 1. 0. 0.]
 [0. 1. 0. 0.]
 [0. 1. 0. 0.]
 [0. 0. 0. 1.]]
States:
[[0.1 1. ]
 [0.1 1. ]
 [0.1 1. ]
 [0.1 1. ]
 [0.  1. ]
 [0.  1. ]
 [0.1 1. ]
 [0.1 0.9]
 [0.2 0.9]
 [0.2 1. ]
 [0.2 0.9]
 [0.3 0.9]
 [0.3 1. ]
 [0.3 1. ]
 [0.2 1. ]
 [0.2 1. ]
 [0.3 1. ]
 [0.2 1. ]
 [0.3 1. ]
 [0.3 1. ]
 [0.4 1. ]
 [0.4 1. ]
 [0.4 1. ]
 [0.4 1. ]
 [0.4 1. ]]
Logstds:
[[0. 0. 0. 0.]
 [0. 0. 0. 0.]
 [0. 0. 0. 0.]
 [0. 0. 0. 0.]
 [0. 0. 0. 0.]
 [0. 0. 0. 0.]
 [0. 0. 0. 0.]
 [0. 0. 0. 0.]
 [0. 0. 0. 0.]
 [0. 0. 0. 0.]
 [0. 0. 0. 0.]
 [0. 0. 0. 0.]
 [0. 0. 0. 0.]
 [0. 0. 0. 0.]
 [0. 0. 0. 0.]
 [0. 0. 0. 0.]
 [0. 0. 0. 0.]
 [0. 0. 0. 0.]
 [0. 0. 0. 0.]
 [0. 0. 0. 0.]
 [0. 0. 0. 0.]
 [0. 0. 0. 0.]
 [0. 0. 0. 0.]
 [0. 0. 0. 0.]
 [0. 0. 0. 0.]]
