Baseline:
[0.81237584 0.8317898  0.81237584 0.84852624 0.81237584 0.8317898
 0.8530772  0.87473804 0.90909153 0.8882851  0.86704147 0.8882851
 0.92786664 0.9497739  0.90909153 0.90909153 0.8882851  0.86704147
 0.8882851  0.90909153 0.8882851  0.86704147 0.9098324  0.9647452
 0.9804228  0.9804228 ]
Returns:
[0.68724801 0.66821226 0.62485867 0.61201502 0.57749612 0.55268395
 0.5299587  0.50910972 0.50410081 0.47204332 0.43228995 0.41183371
 0.40766283 0.39828962 0.37134503 0.3551749  0.31527921 0.2672751
 0.23813386 0.21059332 0.16308807 0.1070739  0.08189515 0.06549864
 0.04240417]
Advants:
[ 0.13119305  0.10951952  0.10304473  0.0714881   0.09209285  0.06708848
  0.04257382  0.01990822  0.00086309  0.01131216  0.01577861 -0.00227745
 -0.02172509 -0.02759779  0.01413706  0.02784889  0.0405968   0.04755793
  0.03220906  0.0203874   0.03249969  0.03877104  0.01323735 -0.0142264
 -0.00661695]
Mus:
[[0.25402623 0.2659497  0.25912005 0.22090395]
 [0.25518367 0.26627228 0.257706   0.22083811]
 [0.25402623 0.2659497  0.25912005 0.22090395]
 [0.25463745 0.26869732 0.25607818 0.22058704]
 [0.25402623 0.2659497  0.25912005 0.22090395]
 [0.25518367 0.26627228 0.257706   0.22083811]
 [0.25660288 0.26619866 0.25651392 0.22068462]
 [0.25815555 0.26586536 0.25557297 0.22040607]
 [0.25818747 0.26841703 0.25346765 0.21992788]
 [0.2568896  0.2685498  0.25433213 0.22022846]
 [0.25560227 0.26847625 0.255111   0.22081047]
 [0.2568896  0.2685498  0.25433213 0.22022846]
 [0.2570938  0.27074558 0.25239378 0.2197668 ]
 [0.25845334 0.27101848 0.25122532 0.21930292]
 [0.25818747 0.26841703 0.25346765 0.21992788]
 [0.25818747 0.26841703 0.25346765 0.21992788]
 [0.2568896  0.2685498  0.25433213 0.22022846]
 [0.25560227 0.26847625 0.255111   0.22081047]
 [0.2568896  0.2685498  0.25433213 0.22022846]
 [0.25818747 0.26841703 0.25346765 0.21992788]
 [0.2568896  0.2685498  0.25433213 0.22022846]
 [0.25560227 0.26847625 0.255111   0.22081047]
 [0.25605038 0.27073014 0.2528868  0.22033265]
 [0.25696608 0.27280056 0.2500919  0.2201414 ]
 [0.2574822  0.27274606 0.2502805  0.21949127]]
Actions:
[[1. 0. 0. 0.]
 [0. 0. 1. 0.]
 [0. 1. 0. 0.]
 [0. 0. 0. 1.]
 [1. 0. 0. 0.]
 [1. 0. 0. 0.]
 [1. 0. 0. 0.]
 [0. 1. 0. 0.]
 [0. 0. 1. 0.]
 [0. 0. 1. 0.]
 [1. 0. 0. 0.]
 [0. 1. 0. 0.]
 [1. 0. 0. 0.]
 [0. 0. 0. 1.]
 [1. 0. 0. 0.]
 [0. 0. 1. 0.]
 [0. 0. 1. 0.]
 [1. 0. 0. 0.]
 [1. 0. 0. 0.]
 [0. 0. 1. 0.]
 [0. 0. 1. 0.]
 [0. 1. 0. 0.]
 [0. 1. 0. 0.]
 [1. 0. 0. 0.]
 [0. 0. 1. 0.]]
States:
[[0.1 0. ]
 [0.2 0. ]
 [0.1 0. ]
 [0.1 0.1]
 [0.1 0. ]
 [0.2 0. ]
 [0.3 0. ]
 [0.4 0. ]
 [0.4 0.1]
 [0.3 0.1]
 [0.2 0.1]
 [0.3 0.1]
 [0.3 0.2]
 [0.4 0.2]
 [0.4 0.1]
 [0.4 0.1]
 [0.3 0.1]
 [0.2 0.1]
 [0.3 0.1]
 [0.4 0.1]
 [0.3 0.1]
 [0.2 0.1]
 [0.2 0.2]
 [0.2 0.3]
 [0.3 0.3]]
Logstds:
[[0. 0. 0. 0.]
 [0. 0. 0. 0.]
 [0. 0. 0. 0.]
 [0. 0. 0. 0.]
 [0. 0. 0. 0.]
 [0. 0. 0. 0.]
 [0. 0. 0. 0.]
 [0. 0. 0. 0.]
 [0. 0. 0. 0.]
 [0. 0. 0. 0.]
 [0. 0. 0. 0.]
 [0. 0. 0. 0.]
 [0. 0. 0. 0.]
 [0. 0. 0. 0.]
 [0. 0. 0. 0.]
 [0. 0. 0. 0.]
 [0. 0. 0. 0.]
 [0. 0. 0. 0.]
 [0. 0. 0. 0.]
 [0. 0. 0. 0.]
 [0. 0. 0. 0.]
 [0. 0. 0. 0.]
 [0. 0. 0. 0.]
 [0. 0. 0. 0.]
 [0. 0. 0. 0.]]
