Baseline:
[0.5055522  0.48354384 0.49393737 0.51737356 0.54398316 0.5556207
 0.5657722  0.5756226  0.54687715 0.53699833 0.5657722  0.5556207
 0.5657722  0.5949242  0.5833921  0.5556207  0.5657722  0.5556207
 0.5833921  0.5833921  0.5701516  0.5701516  0.5701516  0.5701516
 0.5701516  0.5701516 ]
Returns:
[-7.67662576 -7.55944092 -7.49857784 -7.3641023  -7.19809801 -7.05919128
 -6.89734691 -6.71069113 -6.44713569 -6.222292   -5.95551045 -5.69748321
 -5.46396999 -5.13280076 -4.80810047 -4.45556829 -4.15669113 -3.80398919
 -3.40539194 -2.96153565 -2.54109328 -2.0722603  -1.57875191 -1.05926939
 -0.51244569]
Advants:
[-6.08706163 -6.01814352 -6.0423746  -6.00896525 -5.94950246 -5.9050381
 -5.83851251 -5.74866143 -5.54168189 -5.39228959 -5.23952008 -5.05554651
 -4.91665512 -4.69696328 -4.43967033 -4.13326887 -3.91581123 -3.61907462
 -3.30852909 -2.91636072 -2.52535609 -2.08833697 -1.61408941 -1.09944203
 -0.54095328]
Mus:
[[0.25962207 0.2935534  0.23368803 0.21313655]
 [0.2597676  0.29067332 0.23568544 0.21387368]
 [0.2596946  0.292632   0.2344327  0.21324068]
 [0.25969306 0.2955919  0.23233508 0.21237999]
 [0.25962454 0.2985617  0.2302689  0.21154492]
 [0.25953948 0.30044404 0.22928064 0.21073581]
 [0.25941777 0.30208194 0.22850005 0.21000017]
 [0.2601313  0.3029988  0.22755642 0.2093135 ]
 [0.2606076  0.29963258 0.2295155  0.21024439]
 [0.25988448 0.29883233 0.23036462 0.21091855]
 [0.25941777 0.30208194 0.22850005 0.21000017]
 [0.25953948 0.30044404 0.22928064 0.21073581]
 [0.25941777 0.30208194 0.22850005 0.21000017]
 [0.25929862 0.30494922 0.22654337 0.20920882]
 [0.25934857 0.30337563 0.22730306 0.20997274]
 [0.25953948 0.30044404 0.22928064 0.21073581]
 [0.25941777 0.30208194 0.22850005 0.21000017]
 [0.25953948 0.30044404 0.22928064 0.21073581]
 [0.25934857 0.30337563 0.22730306 0.20997274]
 [0.25934857 0.30337563 0.22730306 0.20997274]
 [0.25919223 0.30164802 0.2284222  0.21073751]
 [0.25919223 0.30164802 0.2284222  0.21073751]
 [0.25919223 0.30164802 0.2284222  0.21073751]
 [0.25919223 0.30164802 0.2284222  0.21073751]
 [0.25919223 0.30164802 0.2284222  0.21073751]]
Actions:
[[0. 0. 0. 1.]
 [1. 0. 0. 0.]
 [0. 1. 0. 0.]
 [0. 1. 0. 0.]
 [1. 0. 0. 0.]
 [1. 0. 0. 0.]
 [1. 0. 0. 0.]
 [0. 0. 0. 1.]
 [0. 0. 1. 0.]
 [0. 1. 0. 0.]
 [0. 0. 1. 0.]
 [1. 0. 0. 0.]
 [0. 1. 0. 0.]
 [0. 0. 1. 0.]
 [0. 0. 0. 1.]
 [1. 0. 0. 0.]
 [0. 0. 1. 0.]
 [0. 1. 0. 0.]
 [0. 1. 0. 0.]
 [0. 0. 1. 0.]
 [0. 1. 0. 0.]
 [0. 1. 0. 0.]
 [0. 1. 0. 0.]
 [0. 1. 0. 0.]
 [1. 0. 0. 0.]]
States:
[[0.6 0.8]
 [0.6 0.7]
 [0.7 0.7]
 [0.7 0.8]
 [0.7 0.9]
 [0.8 0.9]
 [0.9 0.9]
 [1.  0.9]
 [1.  0.8]
 [0.9 0.8]
 [0.9 0.9]
 [0.8 0.9]
 [0.9 0.9]
 [0.9 1. ]
 [0.8 1. ]
 [0.8 0.9]
 [0.9 0.9]
 [0.8 0.9]
 [0.8 1. ]
 [0.8 1. ]
 [0.7 1. ]
 [0.7 1. ]
 [0.7 1. ]
 [0.7 1. ]
 [0.7 1. ]]
Logstds:
[[0. 0. 0. 0.]
 [0. 0. 0. 0.]
 [0. 0. 0. 0.]
 [0. 0. 0. 0.]
 [0. 0. 0. 0.]
 [0. 0. 0. 0.]
 [0. 0. 0. 0.]
 [0. 0. 0. 0.]
 [0. 0. 0. 0.]
 [0. 0. 0. 0.]
 [0. 0. 0. 0.]
 [0. 0. 0. 0.]
 [0. 0. 0. 0.]
 [0. 0. 0. 0.]
 [0. 0. 0. 0.]
 [0. 0. 0. 0.]
 [0. 0. 0. 0.]
 [0. 0. 0. 0.]
 [0. 0. 0. 0.]
 [0. 0. 0. 0.]
 [0. 0. 0. 0.]
 [0. 0. 0. 0.]
 [0. 0. 0. 0.]
 [0. 0. 0. 0.]
 [0. 0. 0. 0.]]
