Baseline:
[-0.69407976 -0.6597347  -0.6251186  -0.6597347  -0.6251186  -0.6416515
 -0.6251186  -0.6114886  -0.5978013  -0.5842389  -0.55052483 -0.5636644
 -0.5781605  -0.5781605  -0.5636644  -0.55052483 -0.5636644  -0.55052483
 -0.51713437 -0.48769838 -0.47041026 -0.48769838 -0.47041026 -0.48769838
 -0.47041026 -0.47041026]
Returns:
[-12.88798907 -12.49512349 -12.12010269 -11.72532557 -11.30978909
 -10.92330277 -10.43656688  -9.96175771  -9.50007382  -9.05401289
  -8.63969689  -8.25483084  -7.81436726  -7.31498024  -6.75056749
  -6.19678472  -5.68334434  -5.07339192  -4.48803526  -3.91132813
  -3.31850559  -2.75364544  -2.09989223  -1.47089454  -0.74962813]
Advants:
[-9.63501852 -9.42455622 -9.23429447 -8.95455416 -8.72425426 -8.47222194
 -8.15132563 -7.8379089  -7.53640654 -7.24950553 -7.01513294 -6.76350409
 -6.45331954 -6.09559579 -5.68240265 -5.27340912 -4.8734077  -4.39549816
 -3.95549308 -3.51279484 -3.03294156 -2.53662062 -1.97360979 -1.38704735
 -0.7261076 ]
Mus:
[[0.27068874 0.28129444 0.25799772 0.1900191 ]
 [0.27150512 0.2785818  0.2586924  0.19122064]
 [0.2718355  0.27606794 0.2596092  0.1924874 ]
 [0.27150512 0.2785818  0.2586924  0.19122064]
 [0.2718355  0.27606794 0.2596092  0.1924874 ]
 [0.27345335 0.27544153 0.25820687 0.19289829]
 [0.2718355  0.27606794 0.2596092  0.1924874 ]
 [0.26911014 0.2769358  0.26196045 0.19199364]
 [0.26512167 0.27805102 0.26441002 0.19241728]
 [0.26045677 0.2785319  0.2674665  0.19354479]
 [0.26058388 0.27552563 0.26891318 0.19497737]
 [0.26509738 0.27520102 0.26584896 0.19385265]
 [0.26875302 0.27425835 0.26316124 0.19382745]
 [0.26875302 0.27425835 0.26316124 0.19382745]
 [0.26509738 0.27520102 0.26584896 0.19385265]
 [0.26058388 0.27552563 0.26891318 0.19497737]
 [0.26509738 0.27520102 0.26584896 0.19385265]
 [0.26058388 0.27552563 0.26891318 0.19497737]
 [0.26123327 0.27195993 0.27048087 0.19632599]
 [0.26133934 0.26890627 0.27210242 0.19765206]
 [0.25725248 0.26884857 0.2747546  0.19914436]
 [0.26133934 0.26890627 0.27210242 0.19765206]
 [0.25725248 0.26884857 0.2747546  0.19914436]
 [0.26133934 0.26890627 0.27210242 0.19765206]
 [0.25725248 0.26884857 0.2747546  0.19914436]]
Actions:
[[0. 0. 0. 1.]
 [0. 0. 0. 1.]
 [0. 1. 0. 0.]
 [0. 0. 0. 1.]
 [1. 0. 0. 0.]
 [0. 0. 1. 0.]
 [0. 0. 1. 0.]
 [0. 0. 1. 0.]
 [0. 0. 1. 0.]
 [0. 0. 0. 1.]
 [1. 0. 0. 0.]
 [1. 0. 0. 0.]
 [1. 0. 0. 0.]
 [0. 0. 1. 0.]
 [0. 0. 1. 0.]
 [1. 0. 0. 0.]
 [0. 0. 1. 0.]
 [0. 0. 0. 1.]
 [0. 0. 0. 1.]
 [0. 0. 1. 0.]
 [1. 0. 0. 0.]
 [0. 0. 1. 0.]
 [1. 0. 0. 0.]
 [0. 0. 1. 0.]
 [0. 1. 0. 0.]]
States:
[[0.8 0.8]
 [0.8 0.7]
 [0.8 0.6]
 [0.8 0.7]
 [0.8 0.6]
 [0.9 0.6]
 [0.8 0.6]
 [0.7 0.6]
 [0.6 0.6]
 [0.5 0.6]
 [0.5 0.5]
 [0.6 0.5]
 [0.7 0.5]
 [0.7 0.5]
 [0.6 0.5]
 [0.5 0.5]
 [0.6 0.5]
 [0.5 0.5]
 [0.5 0.4]
 [0.5 0.3]
 [0.4 0.3]
 [0.5 0.3]
 [0.4 0.3]
 [0.5 0.3]
 [0.4 0.3]]
Logstds:
[[0. 0. 0. 0.]
 [0. 0. 0. 0.]
 [0. 0. 0. 0.]
 [0. 0. 0. 0.]
 [0. 0. 0. 0.]
 [0. 0. 0. 0.]
 [0. 0. 0. 0.]
 [0. 0. 0. 0.]
 [0. 0. 0. 0.]
 [0. 0. 0. 0.]
 [0. 0. 0. 0.]
 [0. 0. 0. 0.]
 [0. 0. 0. 0.]
 [0. 0. 0. 0.]
 [0. 0. 0. 0.]
 [0. 0. 0. 0.]
 [0. 0. 0. 0.]
 [0. 0. 0. 0.]
 [0. 0. 0. 0.]
 [0. 0. 0. 0.]
 [0. 0. 0. 0.]
 [0. 0. 0. 0.]
 [0. 0. 0. 0.]
 [0. 0. 0. 0.]
 [0. 0. 0. 0.]]
