Baseline:
[-1.0256754  -1.0124714  -1.0001254  -1.0383137  -1.0764261  -1.0383137
 -1.0001254  -0.9882138  -1.0001254  -0.96193904 -0.94976085 -0.9355296
 -0.9733665  -1.0111336  -1.048076   -1.0653385  -1.0764261  -1.0653385
 -1.048076   -1.048076   -1.0111336  -0.9733665  -1.0111336  -1.048076
 -1.0111336  -1.0111336 ]
Returns:
[-12.35295652 -12.04465909 -11.75023281 -11.49408521 -11.18455155
 -10.74871573 -10.32907922  -9.97560082  -9.68769385  -9.25158897
  -8.88146944  -8.52488311  -8.20309208  -7.82534598  -7.38907235
  -6.92351366  -6.40557817  -5.7674631   -5.12690684  -4.50974737
  -3.78109434  -3.05349592  -2.40471843  -1.68314862  -0.80572724]
Advants:
[-8.94555153 -8.78876692 -8.64805356 -8.49802395 -8.29622539 -8.04447308
 -7.80963345 -7.61660047 -7.4686961  -7.22332614 -7.01985822 -6.83454739
 -6.63421933 -6.37872561 -6.0645249  -5.73933249 -5.36500462 -4.88645795
 -4.40501639 -3.92270577 -3.35593839 -2.78035864 -2.19656534 -1.52609812
 -0.75517046]
Mus:
[[0.25784215 0.28955188 0.2363831  0.2162229 ]
 [0.25715348 0.28821462 0.23720406 0.21742778]
 [0.25630412 0.2866494  0.23789486 0.21915166]
 [0.2558718  0.2898044  0.23592407 0.21839972]
 [0.2554632  0.2928517  0.23413143 0.21755369]
 [0.2558718  0.2898044  0.23592407 0.21839972]
 [0.25630412 0.2866494  0.23789486 0.21915166]
 [0.25568086 0.28524476 0.23822485 0.22084953]
 [0.25630412 0.2866494  0.23789486 0.21915166]
 [0.25680903 0.28386763 0.23996964 0.2193537 ]
 [0.25595528 0.2827253  0.24014407 0.22117534]
 [0.2553593  0.28294805 0.23984177 0.22185096]
 [0.25529966 0.28516638 0.23828538 0.22124866]
 [0.25500414 0.28770223 0.23664138 0.22065221]
 [0.25450787 0.29069108 0.2352045  0.21959655]
 [0.2549495  0.29121298 0.23503207 0.21880545]
 [0.2554632  0.2928517  0.23413143 0.21755369]
 [0.2549495  0.29121298 0.23503207 0.21880545]
 [0.25450787 0.29069108 0.2352045  0.21959655]
 [0.25450787 0.29069108 0.2352045  0.21959655]
 [0.25500414 0.28770223 0.23664138 0.22065221]
 [0.25529966 0.28516638 0.23828538 0.22124866]
 [0.25500414 0.28770223 0.23664138 0.22065221]
 [0.25450787 0.29069108 0.2352045  0.21959655]
 [0.25500414 0.28770223 0.23664138 0.22065221]]
Actions:
[[0. 0. 1. 0.]
 [0. 0. 1. 0.]
 [0. 1. 0. 0.]
 [0. 1. 0. 0.]
 [0. 0. 0. 1.]
 [0. 0. 0. 1.]
 [0. 0. 1. 0.]
 [1. 0. 0. 0.]
 [0. 0. 0. 1.]
 [0. 0. 1. 0.]
 [0. 0. 1. 0.]
 [0. 1. 0. 0.]
 [0. 1. 0. 0.]
 [0. 1. 0. 0.]
 [1. 0. 0. 0.]
 [1. 0. 0. 0.]
 [0. 0. 1. 0.]
 [0. 0. 1. 0.]
 [0. 1. 0. 0.]
 [0. 0. 0. 1.]
 [0. 0. 0. 1.]
 [0. 1. 0. 0.]
 [0. 1. 0. 0.]
 [0. 0. 0. 1.]
 [0. 1. 0. 0.]]
States:
[[0.4 0.8]
 [0.3 0.8]
 [0.2 0.8]
 [0.2 0.9]
 [0.2 1. ]
 [0.2 0.9]
 [0.2 0.8]
 [0.1 0.8]
 [0.2 0.8]
 [0.2 0.7]
 [0.1 0.7]
 [0.  0.7]
 [0.  0.8]
 [0.  0.9]
 [0.  1. ]
 [0.1 1. ]
 [0.2 1. ]
 [0.1 1. ]
 [0.  1. ]
 [0.  1. ]
 [0.  0.9]
 [0.  0.8]
 [0.  0.9]
 [0.  1. ]
 [0.  0.9]]
Logstds:
[[0. 0. 0. 0.]
 [0. 0. 0. 0.]
 [0. 0. 0. 0.]
 [0. 0. 0. 0.]
 [0. 0. 0. 0.]
 [0. 0. 0. 0.]
 [0. 0. 0. 0.]
 [0. 0. 0. 0.]
 [0. 0. 0. 0.]
 [0. 0. 0. 0.]
 [0. 0. 0. 0.]
 [0. 0. 0. 0.]
 [0. 0. 0. 0.]
 [0. 0. 0. 0.]
 [0. 0. 0. 0.]
 [0. 0. 0. 0.]
 [0. 0. 0. 0.]
 [0. 0. 0. 0.]
 [0. 0. 0. 0.]
 [0. 0. 0. 0.]
 [0. 0. 0. 0.]
 [0. 0. 0. 0.]
 [0. 0. 0. 0.]
 [0. 0. 0. 0.]
 [0. 0. 0. 0.]]
