Baseline:
[-3.3668587 -3.4710476 -3.3668587 -3.4324515 -3.5354953 -3.5354953
 -3.4324515 -3.3668587 -3.4710476 -3.4710476 -3.4710476 -3.3668587
 -3.4710476 -3.3668587 -3.4324515 -3.3668587 -3.4710476 -3.3668587
 -3.3033822 -3.1988325 -3.3033822 -3.2428372 -3.3475587 -3.4079978
 -3.3475587 -3.3475587]
Returns:
[-16.50431654 -16.23984685 -15.75419492 -15.50677331 -15.15250917
 -14.72821319 -14.128395   -13.62561067 -13.20963015 -12.72192191
 -12.20854482 -11.5107191  -10.98342849 -10.22112295  -9.68248703
  -8.94570755  -8.28341633  -7.37900489  -6.55630607  -5.64416403
  -4.89407841  -3.97718634  -3.12460362  -2.2334878   -1.12741566]
Advants:
[-10.83679413 -10.66705989 -10.48966949 -10.38843065 -10.14679544
  -9.94342205  -9.6710257   -9.46380514  -9.17710982  -8.92768096
  -8.65700395  -8.30838252  -7.92325999  -7.51213297  -7.15724615
  -6.73588376  -6.21680447  -5.6603093   -5.14209572  -4.57106544
  -3.94671261  -3.31377957  -2.56931449  -1.81930039  -0.96003747]
Mus:
[[0.2558718  0.2898044  0.23592407 0.21839972]
 [0.2554632  0.2928517  0.23413143 0.21755369]
 [0.2558718  0.2898044  0.23592407 0.21839972]
 [0.25637874 0.29151708 0.23519515 0.21690899]
 [0.25585172 0.29473436 0.23327602 0.21613789]
 [0.25585172 0.29473436 0.23327602 0.21613789]
 [0.25637874 0.29151708 0.23519515 0.21690899]
 [0.2558718  0.2898044  0.23592407 0.21839972]
 [0.2554632  0.2928517  0.23413143 0.21755369]
 [0.2554632  0.2928517  0.23413143 0.21755369]
 [0.2554632  0.2928517  0.23413143 0.21755369]
 [0.2558718  0.2898044  0.23592407 0.21839972]
 [0.2554632  0.2928517  0.23413143 0.21755369]
 [0.2558718  0.2898044  0.23592407 0.21839972]
 [0.25637874 0.29151708 0.23519515 0.21690899]
 [0.2558718  0.2898044  0.23592407 0.21839972]
 [0.2554632  0.2928517  0.23413143 0.21755369]
 [0.2558718  0.2898044  0.23592407 0.21839972]
 [0.25544986 0.28817207 0.23637344 0.22000466]
 [0.25568086 0.28524476 0.23822485 0.22084953]
 [0.25544986 0.28817207 0.23637344 0.22000466]
 [0.25500414 0.28770223 0.23664138 0.22065221]
 [0.25450787 0.29069108 0.2352045  0.21959655]
 [0.2549495  0.29121298 0.23503207 0.21880545]
 [0.25450787 0.29069108 0.2352045  0.21959655]]
Actions:
[[0. 1. 0. 0.]
 [0. 0. 0. 1.]
 [1. 0. 0. 0.]
 [0. 1. 0. 0.]
 [0. 1. 0. 0.]
 [0. 0. 0. 1.]
 [0. 0. 1. 0.]
 [0. 1. 0. 0.]
 [0. 1. 0. 0.]
 [0. 1. 0. 0.]
 [0. 0. 0. 1.]
 [0. 1. 0. 0.]
 [0. 0. 0. 1.]
 [1. 0. 0. 0.]
 [0. 0. 1. 0.]
 [0. 1. 0. 0.]
 [0. 0. 0. 1.]
 [0. 0. 1. 0.]
 [0. 0. 0. 1.]
 [0. 1. 0. 0.]
 [0. 0. 1. 0.]
 [0. 1. 0. 0.]
 [1. 0. 0. 0.]
 [0. 0. 1. 0.]
 [0. 0. 1. 0.]]
States:
[[0.2 0.9]
 [0.2 1. ]
 [0.2 0.9]
 [0.3 0.9]
 [0.3 1. ]
 [0.3 1. ]
 [0.3 0.9]
 [0.2 0.9]
 [0.2 1. ]
 [0.2 1. ]
 [0.2 1. ]
 [0.2 0.9]
 [0.2 1. ]
 [0.2 0.9]
 [0.3 0.9]
 [0.2 0.9]
 [0.2 1. ]
 [0.2 0.9]
 [0.1 0.9]
 [0.1 0.8]
 [0.1 0.9]
 [0.  0.9]
 [0.  1. ]
 [0.1 1. ]
 [0.  1. ]]
Logstds:
[[0. 0. 0. 0.]
 [0. 0. 0. 0.]
 [0. 0. 0. 0.]
 [0. 0. 0. 0.]
 [0. 0. 0. 0.]
 [0. 0. 0. 0.]
 [0. 0. 0. 0.]
 [0. 0. 0. 0.]
 [0. 0. 0. 0.]
 [0. 0. 0. 0.]
 [0. 0. 0. 0.]
 [0. 0. 0. 0.]
 [0. 0. 0. 0.]
 [0. 0. 0. 0.]
 [0. 0. 0. 0.]
 [0. 0. 0. 0.]
 [0. 0. 0. 0.]
 [0. 0. 0. 0.]
 [0. 0. 0. 0.]
 [0. 0. 0. 0.]
 [0. 0. 0. 0.]
 [0. 0. 0. 0.]
 [0. 0. 0. 0.]
 [0. 0. 0. 0.]
 [0. 0. 0. 0.]]
