Baseline:
[0.54396176 0.52463657 0.54396176 0.56000257 0.5754155  0.56000257
 0.54590327 0.5285618  0.508659   0.508659   0.508659   0.508659
 0.5285618  0.508659   0.5285618  0.54590327 0.54590327 0.56000257
 0.54590327 0.5285618  0.5285618  0.5285618  0.5285618  0.508659
 0.508659   0.508659  ]
Returns:
[-4.11676734 -4.06965475 -3.93841096 -3.77913785 -3.63977081 -3.47421728
 -3.3229854  -3.22872651 -3.15422485 -3.09906618 -3.04100443 -2.92992329
 -2.75884508 -2.65961282 -2.47430775 -2.2577406  -2.06544297 -1.85660518
 -1.62023583 -1.43635853 -1.22103794 -0.99438468 -0.7558023  -0.55114674
 -0.30902046]
Advants:
[-3.48947268 -3.46535033 -3.39589051 -3.29430406 -3.21170982 -3.07002972
 -2.94221824 -2.86788217 -2.8109968  -2.79484741 -2.77732229 -2.70679549
 -2.59495354 -2.51481816 -2.3866222  -2.22161079 -2.06049467 -1.89357114
 -1.66554045 -1.48244778 -1.28013802 -1.06059405 -0.82234776 -0.59120906
 -0.3344534 ]
Mus:
[[0.2667143  0.2626433  0.2712128  0.19942966]
 [0.2652432  0.26003522 0.27376205 0.20095958]
 [0.2667143  0.2626433  0.2712128  0.19942966]
 [0.2674641  0.2657798  0.26870856 0.19804758]
 [0.27025497 0.26483846 0.26748982 0.19741683]
 [0.2674641  0.2657798  0.26870856 0.19804758]
 [0.26433307 0.26634073 0.27074865 0.19857754]
 [0.2634895  0.26353425 0.27297568 0.20000052]
 [0.2625047  0.26057243 0.2751999  0.20172296]
 [0.2625047  0.26057243 0.2751999  0.20172296]
 [0.2625047  0.26057243 0.2751999  0.20172296]
 [0.2625047  0.26057243 0.2751999  0.20172296]
 [0.2634895  0.26353425 0.27297568 0.20000052]
 [0.2625047  0.26057243 0.2751999  0.20172296]
 [0.2634895  0.26353425 0.27297568 0.20000052]
 [0.26433307 0.26634073 0.27074865 0.19857754]
 [0.26433307 0.26634073 0.27074865 0.19857754]
 [0.2674641  0.2657798  0.26870856 0.19804758]
 [0.26433307 0.26634073 0.27074865 0.19857754]
 [0.2634895  0.26353425 0.27297568 0.20000052]
 [0.2634895  0.26353425 0.27297568 0.20000052]
 [0.2634895  0.26353425 0.27297568 0.20000052]
 [0.2634895  0.26353425 0.27297568 0.20000052]
 [0.2625047  0.26057243 0.2751999  0.20172296]
 [0.2625047  0.26057243 0.2751999  0.20172296]]
Actions:
[[0. 0. 0. 1.]
 [0. 1. 0. 0.]
 [0. 1. 0. 0.]
 [1. 0. 0. 0.]
 [0. 0. 1. 0.]
 [0. 0. 1. 0.]
 [0. 0. 0. 1.]
 [0. 0. 0. 1.]
 [0. 0. 0. 1.]
 [0. 0. 0. 1.]
 [0. 0. 1. 0.]
 [0. 1. 0. 0.]
 [0. 0. 0. 1.]
 [0. 1. 0. 0.]
 [0. 1. 0. 0.]
 [0. 0. 1. 0.]
 [1. 0. 0. 0.]
 [0. 0. 1. 0.]
 [0. 0. 0. 1.]
 [0. 0. 1. 0.]
 [0. 0. 1. 0.]
 [0. 0. 1. 0.]
 [0. 0. 0. 1.]
 [0. 0. 1. 0.]
 [0. 1. 0. 0.]]
States:
[[0.7 0.1]
 [0.7 0. ]
 [0.7 0.1]
 [0.7 0.2]
 [0.8 0.2]
 [0.7 0.2]
 [0.6 0.2]
 [0.6 0.1]
 [0.6 0. ]
 [0.6 0. ]
 [0.6 0. ]
 [0.6 0. ]
 [0.6 0.1]
 [0.6 0. ]
 [0.6 0.1]
 [0.6 0.2]
 [0.6 0.2]
 [0.7 0.2]
 [0.6 0.2]
 [0.6 0.1]
 [0.6 0.1]
 [0.6 0.1]
 [0.6 0.1]
 [0.6 0. ]
 [0.6 0. ]]
Logstds:
[[0. 0. 0. 0.]
 [0. 0. 0. 0.]
 [0. 0. 0. 0.]
 [0. 0. 0. 0.]
 [0. 0. 0. 0.]
 [0. 0. 0. 0.]
 [0. 0. 0. 0.]
 [0. 0. 0. 0.]
 [0. 0. 0. 0.]
 [0. 0. 0. 0.]
 [0. 0. 0. 0.]
 [0. 0. 0. 0.]
 [0. 0. 0. 0.]
 [0. 0. 0. 0.]
 [0. 0. 0. 0.]
 [0. 0. 0. 0.]
 [0. 0. 0. 0.]
 [0. 0. 0. 0.]
 [0. 0. 0. 0.]
 [0. 0. 0. 0.]
 [0. 0. 0. 0.]
 [0. 0. 0. 0.]
 [0. 0. 0. 0.]
 [0. 0. 0. 0.]
 [0. 0. 0. 0.]]
