Baseline:
[-1.2982872 -1.3558325 -1.310321  -1.2646244 -1.3236979 -1.2819341
 -1.3236979 -1.3840073 -1.3236979 -1.2819341 -1.2403558 -1.2819341
 -1.3425516 -1.3840073 -1.4447793 -1.4858383 -1.4254394 -1.4858383
 -1.4447793 -1.4030222 -1.4447793 -1.5048801 -1.464416  -1.5048801
 -1.464416  -1.464416 ]
Returns:
[-14.12122685 -13.83948063 -13.5102676  -13.20614825 -12.91620052
 -12.58183762 -12.31391583 -11.93769052 -11.51488432 -11.10676793
 -10.7204853  -10.39327186  -9.95296107  -9.50978604  -8.94684029
  -8.37369392  -7.68138482  -6.98444632  -6.20796445  -5.43484214
  -4.71602167  -3.86134814  -2.91882978  -2.02961795  -0.99069273]
Advants:
[-10.09809712  -9.912776    -9.78738707  -9.69277066  -9.5107155
  -9.39025624  -9.25779674  -9.00008465  -8.82043247  -8.64116994
  -8.48883236  -8.3173888   -8.01512775  -7.73109923  -7.30578224
  -6.88788278  -6.44945769  -5.87866509  -5.3229332   -4.76394668
  -4.16690945  -3.40131502  -2.6332502   -1.8202253   -0.91747189]
Mus:
[[0.2674641  0.2657798  0.26870856 0.19804758]
 [0.26807493 0.2686845  0.2666398  0.19660072]
 [0.2649989  0.26888382 0.26909265 0.19702458]
 [0.26133934 0.26890627 0.27210242 0.19765206]
 [0.26123327 0.27195993 0.27048087 0.19632599]
 [0.25677955 0.27203348 0.2734272  0.19775978]
 [0.26123327 0.27195993 0.27048087 0.19632599]
 [0.26058388 0.27552563 0.26891318 0.19497737]
 [0.26123327 0.27195993 0.27048087 0.19632599]
 [0.25677955 0.27203348 0.2734272  0.19775978]
 [0.2523132  0.27232686 0.27621904 0.19914082]
 [0.25677955 0.27203348 0.2734272  0.19775978]
 [0.25602612 0.27602908 0.2717875  0.19615735]
 [0.26058388 0.27552563 0.26891318 0.19497737]
 [0.26045677 0.2785319  0.2674665  0.19354479]
 [0.26512167 0.27805102 0.26441002 0.19241728]
 [0.26509738 0.27520102 0.26584896 0.19385265]
 [0.26512167 0.27805102 0.26441002 0.19241728]
 [0.26045677 0.2785319  0.2674665  0.19354479]
 [0.25606734 0.27875936 0.27041394 0.19475937]
 [0.26045677 0.2785319  0.2674665  0.19354479]
 [0.26061618 0.28126755 0.26584566 0.19227064]
 [0.2569528  0.28054097 0.26900348 0.19350275]
 [0.26061618 0.28126755 0.26584566 0.19227064]
 [0.2569528  0.28054097 0.26900348 0.19350275]]
Actions:
[[0. 1. 0. 0.]
 [0. 0. 1. 0.]
 [0. 0. 1. 0.]
 [0. 1. 0. 0.]
 [0. 0. 1. 0.]
 [1. 0. 0. 0.]
 [0. 1. 0. 0.]
 [0. 0. 0. 1.]
 [0. 0. 1. 0.]
 [0. 0. 1. 0.]
 [1. 0. 0. 0.]
 [0. 1. 0. 0.]
 [1. 0. 0. 0.]
 [0. 1. 0. 0.]
 [1. 0. 0. 0.]
 [0. 0. 0. 1.]
 [0. 1. 0. 0.]
 [0. 0. 1. 0.]
 [0. 0. 1. 0.]
 [1. 0. 0. 0.]
 [0. 1. 0. 0.]
 [0. 0. 1. 0.]
 [1. 0. 0. 0.]
 [0. 0. 1. 0.]
 [1. 0. 0. 0.]]
States:
[[0.7 0.2]
 [0.7 0.3]
 [0.6 0.3]
 [0.5 0.3]
 [0.5 0.4]
 [0.4 0.4]
 [0.5 0.4]
 [0.5 0.5]
 [0.5 0.4]
 [0.4 0.4]
 [0.3 0.4]
 [0.4 0.4]
 [0.4 0.5]
 [0.5 0.5]
 [0.5 0.6]
 [0.6 0.6]
 [0.6 0.5]
 [0.6 0.6]
 [0.5 0.6]
 [0.4 0.6]
 [0.5 0.6]
 [0.5 0.7]
 [0.4 0.7]
 [0.5 0.7]
 [0.4 0.7]]
Logstds:
[[0. 0. 0. 0.]
 [0. 0. 0. 0.]
 [0. 0. 0. 0.]
 [0. 0. 0. 0.]
 [0. 0. 0. 0.]
 [0. 0. 0. 0.]
 [0. 0. 0. 0.]
 [0. 0. 0. 0.]
 [0. 0. 0. 0.]
 [0. 0. 0. 0.]
 [0. 0. 0. 0.]
 [0. 0. 0. 0.]
 [0. 0. 0. 0.]
 [0. 0. 0. 0.]
 [0. 0. 0. 0.]
 [0. 0. 0. 0.]
 [0. 0. 0. 0.]
 [0. 0. 0. 0.]
 [0. 0. 0. 0.]
 [0. 0. 0. 0.]
 [0. 0. 0. 0.]
 [0. 0. 0. 0.]
 [0. 0. 0. 0.]
 [0. 0. 0. 0.]
 [0. 0. 0. 0.]]
