Baseline:
[-2.0307088 -1.9752218 -2.0307088 -2.0886357 -2.0307088 -2.0886357
 -2.0307088 -2.0886357 -2.0886357 -2.0307088 -1.9752218 -1.9752218
 -2.0307088 -2.0886357 -2.0438876 -2.0438876 -1.9847157 -1.9404854
 -1.8960358 -1.9537288 -1.8960358 -1.9537288 -1.9107481 -1.8684213
 -1.8272995 -1.8272995]
Returns:
[-15.2419795  -14.84592327 -14.58760114 -14.2708153  -13.78145511
 -13.42224053 -12.88821852 -12.48199148 -12.05687556 -11.45099223
 -10.85541035 -10.41797646  -9.92660449  -9.36450304  -8.67995753
  -8.04566498  -7.26727029  -6.55292984  -5.83689912  -5.17385384
  -4.31982175  -3.5769303   -2.69768566  -1.80872315  -0.90934527]
Advants:
[-10.61327178 -10.4494494  -10.31773799 -10.12904651  -9.88613758
  -9.66067927  -9.37787146  -9.10911538  -8.88289466  -8.53382955
  -8.19286532  -7.95799647  -7.61404516  -7.19503368  -6.7535897
  -6.31493024  -5.78576204  -5.30117174  -4.81014369  -4.2630485
  -3.63051545  -2.98293103  -2.28683703  -1.56612733  -0.81798041]
Mus:
[[0.2616318  0.28082067 0.24340923 0.21413825]
 [0.26108986 0.27594823 0.24766493 0.21529701]
 [0.2616318  0.28082067 0.24340923 0.21413825]
 [0.26213208 0.28531942 0.23953825 0.21301027]
 [0.2616318  0.28082067 0.24340923 0.21413825]
 [0.26213208 0.28531942 0.23953825 0.21301027]
 [0.2616318  0.28082067 0.24340923 0.21413825]
 [0.26213208 0.28531942 0.23953825 0.21301027]
 [0.26213208 0.28531942 0.23953825 0.21301027]
 [0.2616318  0.28082067 0.24340923 0.21413825]
 [0.26108986 0.27594823 0.24766493 0.21529701]
 [0.26108986 0.27594823 0.24766493 0.21529701]
 [0.2616318  0.28082067 0.24340923 0.21413825]
 [0.26213208 0.28531942 0.23953825 0.21301027]
 [0.26168966 0.28449368 0.24018049 0.21363623]
 [0.26168966 0.28449368 0.24018049 0.21363623]
 [0.26145628 0.28072163 0.24355027 0.2142718 ]
 [0.2609231  0.27987248 0.24427333 0.21493107]
 [0.26020825 0.27856544 0.24543029 0.21579607]
 [0.260012   0.28206024 0.24247386 0.21545391]
 [0.26020825 0.27856544 0.24543029 0.21579607]
 [0.260012   0.28206024 0.24247386 0.21545391]
 [0.25948626 0.28070253 0.24371035 0.21610075]
 [0.25890708 0.27817583 0.24605037 0.21686669]
 [0.2583469  0.2762402  0.24751526 0.21789771]]
Actions:
[[0. 0. 0. 1.]
 [0. 1. 0. 0.]
 [0. 1. 0. 0.]
 [0. 0. 0. 1.]
 [0. 1. 0. 0.]
 [0. 0. 0. 1.]
 [0. 1. 0. 0.]
 [1. 0. 0. 0.]
 [0. 0. 0. 1.]
 [0. 0. 0. 1.]
 [1. 0. 0. 0.]
 [0. 1. 0. 0.]
 [0. 1. 0. 0.]
 [0. 0. 1. 0.]
 [0. 1. 0. 0.]
 [0. 0. 0. 1.]
 [0. 0. 1. 0.]
 [0. 0. 1. 0.]
 [0. 1. 0. 0.]
 [0. 0. 0. 1.]
 [0. 1. 0. 0.]
 [0. 0. 1. 0.]
 [0. 0. 1. 0.]
 [0. 0. 1. 0.]
 [0. 0. 1. 0.]]
States:
[[1.  0.3]
 [1.  0.2]
 [1.  0.3]
 [1.  0.4]
 [1.  0.3]
 [1.  0.4]
 [1.  0.3]
 [1.  0.4]
 [1.  0.4]
 [1.  0.3]
 [1.  0.2]
 [1.  0.2]
 [1.  0.3]
 [1.  0.4]
 [0.9 0.4]
 [0.9 0.4]
 [0.9 0.3]
 [0.8 0.3]
 [0.7 0.3]
 [0.7 0.4]
 [0.7 0.3]
 [0.7 0.4]
 [0.6 0.4]
 [0.5 0.4]
 [0.4 0.4]]
Logstds:
[[0. 0. 0. 0.]
 [0. 0. 0. 0.]
 [0. 0. 0. 0.]
 [0. 0. 0. 0.]
 [0. 0. 0. 0.]
 [0. 0. 0. 0.]
 [0. 0. 0. 0.]
 [0. 0. 0. 0.]
 [0. 0. 0. 0.]
 [0. 0. 0. 0.]
 [0. 0. 0. 0.]
 [0. 0. 0. 0.]
 [0. 0. 0. 0.]
 [0. 0. 0. 0.]
 [0. 0. 0. 0.]
 [0. 0. 0. 0.]
 [0. 0. 0. 0.]
 [0. 0. 0. 0.]
 [0. 0. 0. 0.]
 [0. 0. 0. 0.]
 [0. 0. 0. 0.]
 [0. 0. 0. 0.]
 [0. 0. 0. 0.]
 [0. 0. 0. 0.]
 [0. 0. 0. 0.]]
