Baseline:
[-1.8285747 -1.8965378 -1.8066022 -1.8779786 -1.8066022 -1.8779786
 -1.7927728 -1.8779786 -1.951117  -2.0260012 -1.9427674 -1.9427674
 -1.9427674 -1.865275  -1.9427674 -1.9427674 -1.865275  -1.9427674
 -1.9427674 -1.865275  -1.951117  -2.041994  -1.951117  -1.8779786
 -1.9683526 -1.9683526]
Returns:
[-11.89141736 -11.72871499 -11.46221618 -11.27735268 -11.01695116
 -10.80865265 -10.5043887  -10.2058801   -9.91316336  -9.56318975
  -9.11342784  -8.68998781  -8.24426146  -7.77808718  -7.3581578
  -6.87529299  -6.33706774  -5.84129524  -5.2456377   -4.62164112
  -3.9728099   -3.24761327  -2.45454464  -1.68337449  -0.87802237]
Advants:
[-8.08358425 -7.9883993  -7.953397   -7.84285247 -7.80608779 -7.68299441
 -7.62708128 -7.40854248 -7.21061853 -6.95485757 -6.76049527 -6.51079132
 -6.23981578 -6.02875006 -5.70869109 -5.40336419 -5.12104351 -4.72365956
 -4.30044328 -3.92416787 -3.351503   -2.68599925 -2.12548711 -1.55961536
 -0.77960467]
Mus:
[[0.24081329 0.26245892 0.28949165 0.20723614]
 [0.24464242 0.26394394 0.28564692 0.20576672]
 [0.2438608  0.26109055 0.28721163 0.207837  ]
 [0.24854293 0.26212177 0.28331977 0.20601548]
 [0.2438608  0.26109055 0.28721163 0.207837  ]
 [0.24854293 0.26212177 0.28331977 0.20601548]
 [0.24808921 0.25947255 0.28498164 0.20745656]
 [0.24854293 0.26212177 0.28331977 0.20601548]
 [0.25334868 0.26303935 0.2801229  0.20348899]
 [0.25705484 0.26384923 0.2774117  0.20168422]
 [0.25659248 0.26101372 0.27890578 0.20348805]
 [0.25659248 0.26101372 0.27890578 0.20348805]
 [0.25659248 0.26101372 0.27890578 0.20348805]
 [0.2528523  0.26022097 0.28171742 0.20520934]
 [0.25659248 0.26101372 0.27890578 0.20348805]
 [0.25659248 0.26101372 0.27890578 0.20348805]
 [0.2528523  0.26022097 0.28171742 0.20520934]
 [0.25659248 0.26101372 0.27890578 0.20348805]
 [0.25659248 0.26101372 0.27890578 0.20348805]
 [0.2528523  0.26022097 0.28171742 0.20520934]
 [0.25334868 0.26303935 0.2801229  0.20348899]
 [0.25309172 0.26599646 0.27871954 0.20219229]
 [0.25334868 0.26303935 0.2801229  0.20348899]
 [0.24854293 0.26212177 0.28331977 0.20601548]
 [0.24881975 0.26536024 0.2818042  0.20401584]]
Actions:
[[1. 0. 0. 0.]
 [0. 0. 0. 1.]
 [1. 0. 0. 0.]
 [0. 0. 1. 0.]
 [1. 0. 0. 0.]
 [0. 0. 0. 1.]
 [0. 1. 0. 0.]
 [1. 0. 0. 0.]
 [1. 0. 0. 0.]
 [0. 0. 0. 1.]
 [0. 0. 0. 1.]
 [0. 0. 0. 1.]
 [0. 0. 1. 0.]
 [1. 0. 0. 0.]
 [1. 0. 0. 0.]
 [0. 0. 1. 0.]
 [1. 0. 0. 0.]
 [0. 0. 0. 1.]
 [0. 0. 1. 0.]
 [0. 1. 0. 0.]
 [0. 1. 0. 0.]
 [0. 0. 0. 1.]
 [0. 0. 1. 0.]
 [0. 1. 0. 0.]
 [0. 0. 0. 1.]]
States:
[[0.  0.2]
 [0.1 0.2]
 [0.1 0.1]
 [0.2 0.1]
 [0.1 0.1]
 [0.2 0.1]
 [0.2 0. ]
 [0.2 0.1]
 [0.3 0.1]
 [0.4 0.1]
 [0.4 0. ]
 [0.4 0. ]
 [0.4 0. ]
 [0.3 0. ]
 [0.4 0. ]
 [0.4 0. ]
 [0.3 0. ]
 [0.4 0. ]
 [0.4 0. ]
 [0.3 0. ]
 [0.3 0.1]
 [0.3 0.2]
 [0.3 0.1]
 [0.2 0.1]
 [0.2 0.2]]
Logstds:
[[0. 0. 0. 0.]
 [0. 0. 0. 0.]
 [0. 0. 0. 0.]
 [0. 0. 0. 0.]
 [0. 0. 0. 0.]
 [0. 0. 0. 0.]
 [0. 0. 0. 0.]
 [0. 0. 0. 0.]
 [0. 0. 0. 0.]
 [0. 0. 0. 0.]
 [0. 0. 0. 0.]
 [0. 0. 0. 0.]
 [0. 0. 0. 0.]
 [0. 0. 0. 0.]
 [0. 0. 0. 0.]
 [0. 0. 0. 0.]
 [0. 0. 0. 0.]
 [0. 0. 0. 0.]
 [0. 0. 0. 0.]
 [0. 0. 0. 0.]
 [0. 0. 0. 0.]
 [0. 0. 0. 0.]
 [0. 0. 0. 0.]
 [0. 0. 0. 0.]
 [0. 0. 0. 0.]]
