Baseline:
[-2.9473782 -2.871342  -2.9473782 -2.871342  -2.9666975 -3.0414484
 -3.1380904 -3.0414484 -3.1380904 -3.1380904 -3.0651853 -3.1380904
 -3.2366436 -3.3362076 -3.3362076 -3.2639782 -3.2639782 -3.3362076
 -3.2639782 -3.191485  -3.2639782 -3.2639782 -3.2639782 -3.2639782
 -3.191485  -3.191485 ]
Returns:
[-20.54166427 -20.16633061 -19.89338854 -19.48393511 -19.10898358
 -18.73804953 -18.23402194 -17.64541178 -17.08387694 -16.51947169
 -15.84108332 -15.25570296 -14.52275463 -13.70551858 -12.87418902
 -11.90947044 -10.95391549 -10.02212037  -8.90729291  -7.77765155
  -6.72287816  -5.49434467  -4.20115153  -2.83989559  -1.39091754]
Advants:
[-14.07954787 -14.01573641 -13.91151123 -13.83338521 -13.62557132
 -13.45095665 -13.12587143 -12.91774838 -12.54724065 -12.27755415
 -11.97316979 -11.62127365 -11.09654544 -10.48429698  -9.95775228
  -9.36840832  -8.71226959  -8.00211565  -7.24617649  -6.46741199
  -5.60737988  -4.63084969  -3.57113163  -2.42113917  -1.23134327]
Mus:
[[0.27496335 0.27492574 0.2571114  0.19299944]
 [0.27345335 0.27544153 0.25820687 0.19289829]
 [0.27496335 0.27492574 0.2571114  0.19299944]
 [0.27345335 0.27544153 0.25820687 0.19289829]
 [0.27310598 0.2775488  0.25723097 0.19211432]
 [0.27471393 0.27707157 0.25590095 0.19231355]
 [0.27422976 0.27943453 0.254839   0.19149671]
 [0.27471393 0.27707157 0.25590095 0.19231355]
 [0.27422976 0.27943453 0.254839   0.19149671]
 [0.27422976 0.27943453 0.254839   0.19149671]
 [0.2725661  0.28009844 0.25645533 0.1908801 ]
 [0.27422976 0.27943453 0.254839   0.19149671]
 [0.27305228 0.28239107 0.25450468 0.19005197]
 [0.27188736 0.28559473 0.2541659  0.18835205]
 [0.27188736 0.28559473 0.2541659  0.18835205]
 [0.2706434  0.28583634 0.2552865  0.18823378]
 [0.2706434  0.28583634 0.2552865  0.18823378]
 [0.27188736 0.28559473 0.2541659  0.18835205]
 [0.2706434  0.28583634 0.2552865  0.18823378]
 [0.26870295 0.2868224  0.25630587 0.18816872]
 [0.2706434  0.28583634 0.2552865  0.18823378]
 [0.2706434  0.28583634 0.2552865  0.18823378]
 [0.2706434  0.28583634 0.2552865  0.18823378]
 [0.2706434  0.28583634 0.2552865  0.18823378]
 [0.26870295 0.2868224  0.25630587 0.18816872]]
Actions:
[[0. 0. 1. 0.]
 [1. 0. 0. 0.]
 [0. 0. 1. 0.]
 [0. 1. 0. 0.]
 [1. 0. 0. 0.]
 [0. 1. 0. 0.]
 [0. 0. 0. 1.]
 [0. 1. 0. 0.]
 [1. 0. 0. 0.]
 [0. 0. 1. 0.]
 [1. 0. 0. 0.]
 [0. 1. 0. 0.]
 [0. 1. 0. 0.]
 [1. 0. 0. 0.]
 [0. 0. 1. 0.]
 [0. 1. 0. 0.]
 [1. 0. 0. 0.]
 [0. 0. 1. 0.]
 [0. 0. 1. 0.]
 [1. 0. 0. 0.]
 [0. 1. 0. 0.]
 [0. 1. 0. 0.]
 [0. 1. 0. 0.]
 [0. 0. 1. 0.]
 [1. 0. 0. 0.]]
States:
[[1.  0.6]
 [0.9 0.6]
 [1.  0.6]
 [0.9 0.6]
 [0.9 0.7]
 [1.  0.7]
 [1.  0.8]
 [1.  0.7]
 [1.  0.8]
 [1.  0.8]
 [0.9 0.8]
 [1.  0.8]
 [1.  0.9]
 [1.  1. ]
 [1.  1. ]
 [0.9 1. ]
 [0.9 1. ]
 [1.  1. ]
 [0.9 1. ]
 [0.8 1. ]
 [0.9 1. ]
 [0.9 1. ]
 [0.9 1. ]
 [0.9 1. ]
 [0.8 1. ]]
Logstds:
[[0. 0. 0. 0.]
 [0. 0. 0. 0.]
 [0. 0. 0. 0.]
 [0. 0. 0. 0.]
 [0. 0. 0. 0.]
 [0. 0. 0. 0.]
 [0. 0. 0. 0.]
 [0. 0. 0. 0.]
 [0. 0. 0. 0.]
 [0. 0. 0. 0.]
 [0. 0. 0. 0.]
 [0. 0. 0. 0.]
 [0. 0. 0. 0.]
 [0. 0. 0. 0.]
 [0. 0. 0. 0.]
 [0. 0. 0. 0.]
 [0. 0. 0. 0.]
 [0. 0. 0. 0.]
 [0. 0. 0. 0.]
 [0. 0. 0. 0.]
 [0. 0. 0. 0.]
 [0. 0. 0. 0.]
 [0. 0. 0. 0.]
 [0. 0. 0. 0.]
 [0. 0. 0. 0.]]
