Baseline:
[1.4934783  1.4934783  1.47446179 1.47446179 1.4934783  1.51131451
 0.        ]
Returns:
[-0.4229256  -0.33262649 -0.28990686 -0.19973893 -0.15890669 -0.11328006]
Advants:
[-1.70726829 -1.65563097 -1.63394075 -1.58444143 -1.60608404 -1.62459457]
Mus:
[[0.25929862 0.30494922 0.22654337 0.20920882]
 [0.25929862 0.30494922 0.22654337 0.20920882]
 [0.25934857 0.30337563 0.22730306 0.20997274]
 [0.25934857 0.30337563 0.22730306 0.20997274]
 [0.25929862 0.30494922 0.22654337 0.20920882]
 [0.259718   0.30611315 0.22571214 0.20845671]]
Actions:
[[0. 1. 0. 0.]
 [0. 0. 1. 0.]
 [0. 1. 0. 0.]
 [1. 0. 0. 0.]
 [1. 0. 0. 0.]
 [0. 1. 0. 0.]]
States:
[[0.9 1. ]
 [0.9 1. ]
 [0.8 1. ]
 [0.8 1. ]
 [0.9 1. ]
 [1.  1. ]]
Logstds:
[[0. 0. 0. 0.]
 [0. 0. 0. 0.]
 [0. 0. 0. 0.]
 [0. 0. 0. 0.]
 [0. 0. 0. 0.]
 [0. 0. 0. 0.]]
