Baseline:
[0.53987235 0.5636299  0.53987235 0.5636299  0.58727205 0.61359
 0.62686384 0.61359    0.62686384 0.63726354 0.61115736 0.63726354
 0.666259   0.6539683  0.6387936  0.61359    0.58727205 0.61359
 0.62686384 0.63726354 0.6472597  0.63726354 0.61115736 0.5997293
 0.57535875 0.57535875]
Returns:
[-5.11001884 -5.02557227 -5.00755106 -4.91771144 -4.802659   -4.6613319
 -4.54535403 -4.41118055 -4.28203682 -4.1240867  -3.96728838 -3.74341275
 -3.48778024 -3.25376218 -3.02971482 -2.83233617 -2.64882312 -2.39413623
 -2.15883228 -1.88913455 -1.58337162 -1.24983472 -0.94175998 -0.61852948
 -0.3234151 ]
Advants:
[-4.16864592 -4.15463571 -4.16222001 -4.14766241 -4.10933859 -4.04838125
 -4.00115713 -3.90935568 -3.85028836 -3.75981594 -3.63319495 -3.49038704
 -3.31638414 -3.11957555 -2.92667181 -2.74746961 -2.57822444 -2.38683577
 -2.19806926 -1.96684893 -1.69240434 -1.36138504 -1.03044845 -0.68896031
 -0.35218304]
Mus:
[[0.25725248 0.26884857 0.2747546  0.19914436]
 [0.25677955 0.27203348 0.2734272  0.19775978]
 [0.25725248 0.26884857 0.2747546  0.19914436]
 [0.25677955 0.27203348 0.2734272  0.19775978]
 [0.25602612 0.27602908 0.2717875  0.19615735]
 [0.25606734 0.27875936 0.27041394 0.19475937]
 [0.26045677 0.2785319  0.2674665  0.19354479]
 [0.25606734 0.27875936 0.27041394 0.19475937]
 [0.26045677 0.2785319  0.2674665  0.19354479]
 [0.26512167 0.27805102 0.26441002 0.19241728]
 [0.26509738 0.27520102 0.26584896 0.19385265]
 [0.26512167 0.27805102 0.26441002 0.19241728]
 [0.26514602 0.28084964 0.26286966 0.19113463]
 [0.26061618 0.28126755 0.26584566 0.19227064]
 [0.2569528  0.28054097 0.26900348 0.19350275]
 [0.25606734 0.27875936 0.27041394 0.19475937]
 [0.25602612 0.27602908 0.2717875  0.19615735]
 [0.25606734 0.27875936 0.27041394 0.19475937]
 [0.26045677 0.2785319  0.2674665  0.19354479]
 [0.26512167 0.27805102 0.26441002 0.19241728]
 [0.26911014 0.2769358  0.26196045 0.19199364]
 [0.26512167 0.27805102 0.26441002 0.19241728]
 [0.26509738 0.27520102 0.26584896 0.19385265]
 [0.26058388 0.27552563 0.26891318 0.19497737]
 [0.26123327 0.27195993 0.27048087 0.19632599]]
Actions:
[[0. 1. 0. 0.]
 [0. 0. 0. 1.]
 [0. 1. 0. 0.]
 [0. 1. 0. 0.]
 [0. 1. 0. 0.]
 [1. 0. 0. 0.]
 [0. 0. 1. 0.]
 [1. 0. 0. 0.]
 [1. 0. 0. 0.]
 [0. 0. 0. 1.]
 [0. 1. 0. 0.]
 [0. 1. 0. 0.]
 [0. 0. 1. 0.]
 [0. 0. 1. 0.]
 [0. 0. 0. 1.]
 [0. 0. 0. 1.]
 [0. 1. 0. 0.]
 [1. 0. 0. 0.]
 [1. 0. 0. 0.]
 [1. 0. 0. 0.]
 [0. 0. 1. 0.]
 [0. 0. 0. 1.]
 [0. 0. 1. 0.]
 [0. 0. 0. 1.]
 [1. 0. 0. 0.]]
States:
[[0.4 0.3]
 [0.4 0.4]
 [0.4 0.3]
 [0.4 0.4]
 [0.4 0.5]
 [0.4 0.6]
 [0.5 0.6]
 [0.4 0.6]
 [0.5 0.6]
 [0.6 0.6]
 [0.6 0.5]
 [0.6 0.6]
 [0.6 0.7]
 [0.5 0.7]
 [0.4 0.7]
 [0.4 0.6]
 [0.4 0.5]
 [0.4 0.6]
 [0.5 0.6]
 [0.6 0.6]
 [0.7 0.6]
 [0.6 0.6]
 [0.6 0.5]
 [0.5 0.5]
 [0.5 0.4]]
Logstds:
[[0. 0. 0. 0.]
 [0. 0. 0. 0.]
 [0. 0. 0. 0.]
 [0. 0. 0. 0.]
 [0. 0. 0. 0.]
 [0. 0. 0. 0.]
 [0. 0. 0. 0.]
 [0. 0. 0. 0.]
 [0. 0. 0. 0.]
 [0. 0. 0. 0.]
 [0. 0. 0. 0.]
 [0. 0. 0. 0.]
 [0. 0. 0. 0.]
 [0. 0. 0. 0.]
 [0. 0. 0. 0.]
 [0. 0. 0. 0.]
 [0. 0. 0. 0.]
 [0. 0. 0. 0.]
 [0. 0. 0. 0.]
 [0. 0. 0. 0.]
 [0. 0. 0. 0.]
 [0. 0. 0. 0.]
 [0. 0. 0. 0.]
 [0. 0. 0. 0.]
 [0. 0. 0. 0.]]
