Baseline:
[-0.14839922 -0.14219145 -0.13729768 -0.14250539 -0.14949825 -0.14219145
 -0.14839922 -0.14219145 -0.14949825 -0.1564082  -0.15538557 -0.1564082
 -0.14839922 -0.14219145 -0.14839922 -0.1564082  -0.14839922 -0.1563437
 -0.1563437  -0.14772438 -0.14159594 -0.1372587  -0.13417287 -0.13417287
 -0.13908784 -0.13908784]
Returns:
[-7.78542785 -7.59481962 -7.42618518 -7.30650631 -7.19164018 -7.06511426
 -6.88485679 -6.64685008 -6.45636116 -6.26895746 -6.0558933  -5.86467366
 -5.63973513 -5.3361957  -5.06494252 -4.75848284 -4.47532374 -4.13039289
 -3.74173181 -3.35337807 -2.92144413 -2.44236144 -1.91272368 -1.33021997
 -0.67513251]
Advants:
[-5.82437455 -5.71605283 -5.62980773 -5.58515581 -5.54659767 -5.51408834
 -5.41595255 -5.2728385  -5.16516513 -5.0626414  -4.94365111 -4.84644115
 -4.72593036 -4.52403526 -4.34155961 -4.12044195 -3.93808533 -3.67499466
 -3.37174628 -3.07295622 -2.72182131 -2.31342457 -1.84258829 -1.30253087
 -0.66817814]
Mus:
[[0.2577019  0.27532676 0.24815924 0.21881211]
 [0.2574822  0.27274606 0.2502805  0.21949127]
 [0.2570938  0.27074558 0.25239378 0.2197668 ]
 [0.25605038 0.27073014 0.2528868  0.22033265]
 [0.25696608 0.27280056 0.2500919  0.2201414 ]
 [0.2574822  0.27274606 0.2502805  0.21949127]
 [0.2577019  0.27532676 0.24815924 0.21881211]
 [0.2574822  0.27274606 0.2502805  0.21949127]
 [0.25696608 0.27280056 0.2500919  0.2201414 ]
 [0.25748262 0.27501577 0.24782099 0.21968059]
 [0.25709718 0.2749477  0.24724294 0.2207122 ]
 [0.25748262 0.27501577 0.24782099 0.21968059]
 [0.2577019  0.27532676 0.24815924 0.21881211]
 [0.2574822  0.27274606 0.2502805  0.21949127]
 [0.2577019  0.27532676 0.24815924 0.21881211]
 [0.25748262 0.27501577 0.24782099 0.21968059]
 [0.2577019  0.27532676 0.24815924 0.21881211]
 [0.25790602 0.27819282 0.24526347 0.21863773]
 [0.25790602 0.27819282 0.24526347 0.21863773]
 [0.25882447 0.2787865  0.24464741 0.21774161]
 [0.25942633 0.28104374 0.242887   0.21664292]
 [0.25983584 0.28368637 0.24090892 0.21556887]
 [0.25992283 0.28558153 0.23953931 0.21495633]
 [0.25992283 0.28558153 0.23953931 0.21495633]
 [0.2596395  0.28929067 0.23689438 0.21417549]]
Actions:
[[0. 0. 0. 1.]
 [0. 0. 0. 1.]
 [0. 0. 1. 0.]
 [0. 1. 0. 0.]
 [1. 0. 0. 0.]
 [0. 1. 0. 0.]
 [0. 0. 0. 1.]
 [0. 0. 1. 0.]
 [0. 1. 0. 0.]
 [0. 0. 1. 0.]
 [1. 0. 0. 0.]
 [1. 0. 0. 0.]
 [0. 0. 0. 1.]
 [0. 1. 0. 0.]
 [0. 0. 1. 0.]
 [1. 0. 0. 0.]
 [0. 1. 0. 0.]
 [0. 0. 1. 0.]
 [1. 0. 0. 0.]
 [1. 0. 0. 0.]
 [1. 0. 0. 0.]
 [1. 0. 0. 0.]
 [1. 0. 0. 0.]
 [0. 1. 0. 0.]
 [1. 0. 0. 0.]]
States:
[[0.3 0.4]
 [0.3 0.3]
 [0.3 0.2]
 [0.2 0.2]
 [0.2 0.3]
 [0.3 0.3]
 [0.3 0.4]
 [0.3 0.3]
 [0.2 0.3]
 [0.2 0.4]
 [0.1 0.4]
 [0.2 0.4]
 [0.3 0.4]
 [0.3 0.3]
 [0.3 0.4]
 [0.2 0.4]
 [0.3 0.4]
 [0.3 0.5]
 [0.3 0.5]
 [0.4 0.5]
 [0.5 0.5]
 [0.6 0.5]
 [0.7 0.5]
 [0.7 0.5]
 [0.7 0.6]]
Logstds:
[[0. 0. 0. 0.]
 [0. 0. 0. 0.]
 [0. 0. 0. 0.]
 [0. 0. 0. 0.]
 [0. 0. 0. 0.]
 [0. 0. 0. 0.]
 [0. 0. 0. 0.]
 [0. 0. 0. 0.]
 [0. 0. 0. 0.]
 [0. 0. 0. 0.]
 [0. 0. 0. 0.]
 [0. 0. 0. 0.]
 [0. 0. 0. 0.]
 [0. 0. 0. 0.]
 [0. 0. 0. 0.]
 [0. 0. 0. 0.]
 [0. 0. 0. 0.]
 [0. 0. 0. 0.]
 [0. 0. 0. 0.]
 [0. 0. 0. 0.]
 [0. 0. 0. 0.]
 [0. 0. 0. 0.]
 [0. 0. 0. 0.]
 [0. 0. 0. 0.]
 [0. 0. 0. 0.]]
