Baseline:
[-0.43639475 -0.4676152  -0.4676152  -0.4676152  -0.44742015 -0.4676152
 -0.4676152  -0.44742015 -0.44742015 -0.44742015 -0.44742015 -0.4676152
 -0.43639475 -0.4676152  -0.48653895 -0.50192535 -0.51713437 -0.48769838
 -0.51713437 -0.55052483 -0.5636644  -0.5781605  -0.5502037  -0.5330261
 -0.5502037  -0.5502037 ]
Returns:
[-10.38905477 -10.21082539  -9.98846738  -9.75440633  -9.54640124
  -9.38117791  -9.11515425  -8.87350432  -8.61199784  -8.33672787
  -8.04697001  -7.80282924  -7.49846079  -7.16809488  -6.84322985
  -6.46584865  -6.03405898  -5.53872152  -5.00768971  -4.41453989
  -3.80729715  -3.13275285  -2.3782675   -1.59144136  -0.83315086]
Advants:
[-7.67073986 -7.56823599 -7.45505732 -7.33223727 -7.25933613 -7.19288066
 -7.04772651 -6.9505887  -6.81590154 -6.66974076 -6.51112895 -6.38093581
 -6.24490996 -6.02094365 -5.81586581 -5.56147803 -5.25082265 -4.91846991
 -4.4855935  -3.97813612 -3.46779402 -2.87685718 -2.23431961 -1.53201341
 -0.8056407 ]
Mus:
[[0.24827895 0.26860222 0.2809211  0.20219773]
 [0.24885069 0.2715303  0.2792185  0.20040055]
 [0.24885069 0.2715303  0.2792185  0.20040055]
 [0.24885069 0.2715303  0.2792185  0.20040055]
 [0.24587768 0.2701126  0.28248024 0.20152938]
 [0.24885069 0.2715303  0.2792185  0.20040055]
 [0.24885069 0.2715303  0.2792185  0.20040055]
 [0.24587768 0.2701126  0.28248024 0.20152938]
 [0.24587768 0.2701126  0.28248024 0.20152938]
 [0.24587768 0.2701126  0.28248024 0.20152938]
 [0.24587768 0.2701126  0.28248024 0.20152938]
 [0.24885069 0.2715303  0.2792185  0.20040055]
 [0.24827895 0.26860222 0.2809211  0.20219773]
 [0.24885069 0.2715303  0.2792185  0.20040055]
 [0.2523132  0.27232686 0.27621904 0.19914082]
 [0.25677955 0.27203348 0.2734272  0.19775978]
 [0.26123327 0.27195993 0.27048087 0.19632599]
 [0.26133934 0.26890627 0.27210242 0.19765206]
 [0.26123327 0.27195993 0.27048087 0.19632599]
 [0.26058388 0.27552563 0.26891318 0.19497737]
 [0.26509738 0.27520102 0.26584896 0.19385265]
 [0.26875302 0.27425835 0.26316124 0.19382745]
 [0.2684251  0.2713609  0.26501128 0.19520278]
 [0.26506147 0.27183095 0.26759323 0.19551438]
 [0.2684251  0.2713609  0.26501128 0.19520278]]
Actions:
[[0. 1. 0. 0.]
 [0. 1. 0. 0.]
 [0. 1. 0. 0.]
 [0. 0. 1. 0.]
 [1. 0. 0. 0.]
 [0. 1. 0. 0.]
 [0. 0. 1. 0.]
 [0. 1. 0. 0.]
 [0. 1. 0. 0.]
 [0. 1. 0. 0.]
 [1. 0. 0. 0.]
 [0. 0. 0. 1.]
 [0. 1. 0. 0.]
 [1. 0. 0. 0.]
 [1. 0. 0. 0.]
 [1. 0. 0. 0.]
 [0. 0. 0. 1.]
 [0. 1. 0. 0.]
 [0. 1. 0. 0.]
 [1. 0. 0. 0.]
 [1. 0. 0. 0.]
 [0. 0. 0. 1.]
 [0. 0. 1. 0.]
 [1. 0. 0. 0.]
 [1. 0. 0. 0.]]
States:
[[0.2 0.3]
 [0.2 0.4]
 [0.2 0.4]
 [0.2 0.4]
 [0.1 0.4]
 [0.2 0.4]
 [0.2 0.4]
 [0.1 0.4]
 [0.1 0.4]
 [0.1 0.4]
 [0.1 0.4]
 [0.2 0.4]
 [0.2 0.3]
 [0.2 0.4]
 [0.3 0.4]
 [0.4 0.4]
 [0.5 0.4]
 [0.5 0.3]
 [0.5 0.4]
 [0.5 0.5]
 [0.6 0.5]
 [0.7 0.5]
 [0.7 0.4]
 [0.6 0.4]
 [0.7 0.4]]
Logstds:
[[0. 0. 0. 0.]
 [0. 0. 0. 0.]
 [0. 0. 0. 0.]
 [0. 0. 0. 0.]
 [0. 0. 0. 0.]
 [0. 0. 0. 0.]
 [0. 0. 0. 0.]
 [0. 0. 0. 0.]
 [0. 0. 0. 0.]
 [0. 0. 0. 0.]
 [0. 0. 0. 0.]
 [0. 0. 0. 0.]
 [0. 0. 0. 0.]
 [0. 0. 0. 0.]
 [0. 0. 0. 0.]
 [0. 0. 0. 0.]
 [0. 0. 0. 0.]
 [0. 0. 0. 0.]
 [0. 0. 0. 0.]
 [0. 0. 0. 0.]
 [0. 0. 0. 0.]
 [0. 0. 0. 0.]
 [0. 0. 0. 0.]
 [0. 0. 0. 0.]
 [0. 0. 0. 0.]]
