Baseline:
[0.73551303 0.73551303 0.73551303 0.7646958  0.7646958  0.7550115
 0.72543484 0.7157621  0.72543484 0.69653684 0.72543484 0.69653684
 0.686174   0.6765128  0.686174   0.6765128  0.6472597  0.6765128
 0.705654   0.6765128  0.666259   0.693859   0.7197158  0.7335747
 0.75982654 0.75982654]
Returns:
[-6.9436921  -6.77299275 -6.59330922 -6.35835377 -6.13631899 -5.90780039
 -5.70967293 -5.50301207 -5.30109344 -5.09416013 -4.82475801 -4.59275442
 -4.34927996 -4.1157825  -3.88455604 -3.62659942 -3.39824249 -3.10444846
 -2.77441579 -2.47666792 -2.16643124 -1.80703131 -1.40773865 -1.01398176
 -0.5309546 ]
Advants:
[-5.79493422 -5.69594095 -5.58851472 -5.45479061 -5.30407493 -5.13589949
 -4.97714593 -4.82894584 -4.70469185 -4.5353507  -4.35956258 -4.16082083
 -3.96658794 -3.7805909  -3.61420413 -3.3981885  -3.18860921 -2.96800888
 -2.70549532 -2.41014343 -2.11396465 -1.79828563 -1.43079442 -1.04559807
 -0.56894594]
Mus:
[[0.27422976 0.27943453 0.254839   0.19149671]
 [0.27422976 0.27943453 0.254839   0.19149671]
 [0.27422976 0.27943453 0.254839   0.19149671]
 [0.27305228 0.28239107 0.25450468 0.19005197]
 [0.27305228 0.28239107 0.25450468 0.19005197]
 [0.27166337 0.28295982 0.255776   0.18960084]
 [0.2725661  0.28009844 0.25645533 0.1908801 ]
 [0.27068874 0.28129444 0.25799772 0.1900191 ]
 [0.2725661  0.28009844 0.25645533 0.1908801 ]
 [0.27310598 0.2775488  0.25723097 0.19211432]
 [0.2725661  0.28009844 0.25645533 0.1908801 ]
 [0.27310598 0.2775488  0.25723097 0.19211432]
 [0.27150512 0.2785818  0.2586924  0.19122064]
 [0.2689665  0.279596   0.2607683  0.19066921]
 [0.27150512 0.2785818  0.2586924  0.19122064]
 [0.2689665  0.279596   0.2607683  0.19066921]
 [0.26911014 0.2769358  0.26196045 0.19199364]
 [0.2689665  0.279596   0.2607683  0.19066921]
 [0.26765636 0.28250727 0.25977683 0.19005963]
 [0.2689665  0.279596   0.2607683  0.19066921]
 [0.26514602 0.28084964 0.26286966 0.19113463]
 [0.26445377 0.28340918 0.26194772 0.19018933]
 [0.26390362 0.28572625 0.26089567 0.18947445]
 [0.26682475 0.28523836 0.25864798 0.18928894]
 [0.26617014 0.28751493 0.25787565 0.18843928]]
Actions:
[[1. 0. 0. 0.]
 [1. 0. 0. 0.]
 [0. 1. 0. 0.]
 [1. 0. 0. 0.]
 [0. 0. 1. 0.]
 [0. 0. 0. 1.]
 [0. 0. 1. 0.]
 [1. 0. 0. 0.]
 [0. 0. 0. 1.]
 [0. 1. 0. 0.]
 [0. 0. 0. 1.]
 [0. 0. 1. 0.]
 [0. 0. 1. 0.]
 [1. 0. 0. 0.]
 [0. 0. 1. 0.]
 [0. 0. 0. 1.]
 [0. 1. 0. 0.]
 [0. 1. 0. 0.]
 [0. 0. 0. 1.]
 [0. 0. 1. 0.]
 [0. 1. 0. 0.]
 [0. 1. 0. 0.]
 [1. 0. 0. 0.]
 [0. 1. 0. 0.]
 [0. 1. 0. 0.]]
States:
[[1.  0.8]
 [1.  0.8]
 [1.  0.8]
 [1.  0.9]
 [1.  0.9]
 [0.9 0.9]
 [0.9 0.8]
 [0.8 0.8]
 [0.9 0.8]
 [0.9 0.7]
 [0.9 0.8]
 [0.9 0.7]
 [0.8 0.7]
 [0.7 0.7]
 [0.8 0.7]
 [0.7 0.7]
 [0.7 0.6]
 [0.7 0.7]
 [0.7 0.8]
 [0.7 0.7]
 [0.6 0.7]
 [0.6 0.8]
 [0.6 0.9]
 [0.7 0.9]
 [0.7 1. ]]
Logstds:
[[0. 0. 0. 0.]
 [0. 0. 0. 0.]
 [0. 0. 0. 0.]
 [0. 0. 0. 0.]
 [0. 0. 0. 0.]
 [0. 0. 0. 0.]
 [0. 0. 0. 0.]
 [0. 0. 0. 0.]
 [0. 0. 0. 0.]
 [0. 0. 0. 0.]
 [0. 0. 0. 0.]
 [0. 0. 0. 0.]
 [0. 0. 0. 0.]
 [0. 0. 0. 0.]
 [0. 0. 0. 0.]
 [0. 0. 0. 0.]
 [0. 0. 0. 0.]
 [0. 0. 0. 0.]
 [0. 0. 0. 0.]
 [0. 0. 0. 0.]
 [0. 0. 0. 0.]
 [0. 0. 0. 0.]
 [0. 0. 0. 0.]
 [0. 0. 0. 0.]
 [0. 0. 0. 0.]]
