Baseline:
[0.10465632 0.10347324 0.10797264 0.10347324 0.10242918 0.10138497
 0.10026222 0.10138497 0.10341929 0.10138497 0.10026222 0.10152692
 0.10608138 0.10608138 0.10152692 0.10608138 0.10152692 0.10026222
 0.10026222 0.10152692 0.10152692 0.10341929 0.10837083 0.10608138
 0.11203734 0.11203734]
Returns:
[-8.93168984 -8.81475158 -8.72113148 -8.58560597 -8.42356342 -8.22681345
 -7.99365027 -7.76765191 -7.56316284 -7.30822668 -7.02671682 -6.75518211
 -6.44288799 -6.03395578 -5.6390853  -5.26804924 -4.83286789 -4.40399286
 -3.94356304 -3.50975707 -2.97432395 -2.45667064 -1.9467687  -1.32937199
 -0.70481062]
Advants:
[-6.82772226 -6.7972758  -6.80054245 -6.75644448 -6.69241264 -6.59599413
 -6.46447374 -6.34416311 -6.24891945 -6.10034551 -5.9266022  -5.7661386
 -5.56804178 -5.26544519 -4.96906092 -4.70306329 -4.35877128 -4.01890267
 -3.6421938  -3.28712787 -2.81921019 -2.36076478 -1.90239544 -1.31409291
 -0.7104125 ]
Mus:
[[0.24796636 0.27523673 0.2789434  0.19785348]
 [0.24924172 0.27718598 0.2775636  0.19600873]
 [0.25160366 0.27844897 0.27444822 0.19549908]
 [0.24924172 0.27718598 0.2775636  0.19600873]
 [0.25051224 0.2786596  0.2766165  0.19421163]
 [0.2516098  0.28013137 0.27568707 0.19257182]
 [0.25180733 0.2815765  0.27556732 0.19104876]
 [0.2516098  0.28013137 0.27568707 0.19257182]
 [0.25390837 0.2820259  0.27197886 0.19208688]
 [0.2516098  0.28013137 0.27568707 0.19257182]
 [0.25180733 0.2815765  0.27556732 0.19104876]
 [0.2544932  0.28347293 0.2713463  0.19068755]
 [0.2565149  0.28498226 0.268045   0.19045782]
 [0.2565149  0.28498226 0.268045   0.19045782]
 [0.2544932  0.28347293 0.2713463  0.19068755]
 [0.2565149  0.28498226 0.268045   0.19045782]
 [0.2544932  0.28347293 0.2713463  0.19068755]
 [0.25180733 0.2815765  0.27556732 0.19104876]
 [0.25180733 0.2815765  0.27556732 0.19104876]
 [0.2544932  0.28347293 0.2713463  0.19068755]
 [0.2544932  0.28347293 0.2713463  0.19068755]
 [0.25390837 0.2820259  0.27197886 0.19208688]
 [0.25586447 0.28340423 0.2688695  0.19186173]
 [0.2565149  0.28498226 0.268045   0.19045782]
 [0.25859162 0.28600055 0.2651427  0.19026516]]
Actions:
[[0. 1. 0. 0.]
 [1. 0. 0. 0.]
 [0. 0. 1. 0.]
 [0. 1. 0. 0.]
 [0. 1. 0. 0.]
 [0. 1. 0. 0.]
 [0. 0. 0. 1.]
 [1. 0. 0. 0.]
 [0. 0. 1. 0.]
 [0. 1. 0. 0.]
 [1. 0. 0. 0.]
 [1. 0. 0. 0.]
 [0. 1. 0. 0.]
 [0. 0. 1. 0.]
 [1. 0. 0. 0.]
 [0. 0. 1. 0.]
 [0. 0. 1. 0.]
 [0. 1. 0. 0.]
 [1. 0. 0. 0.]
 [0. 1. 0. 0.]
 [0. 0. 0. 1.]
 [1. 0. 0. 0.]
 [0. 1. 0. 0.]
 [1. 0. 0. 0.]
 [0. 0. 1. 0.]]
States:
[[0.1 0.6]
 [0.1 0.7]
 [0.2 0.7]
 [0.1 0.7]
 [0.1 0.8]
 [0.1 0.9]
 [0.1 1. ]
 [0.1 0.9]
 [0.2 0.9]
 [0.1 0.9]
 [0.1 1. ]
 [0.2 1. ]
 [0.3 1. ]
 [0.3 1. ]
 [0.2 1. ]
 [0.3 1. ]
 [0.2 1. ]
 [0.1 1. ]
 [0.1 1. ]
 [0.2 1. ]
 [0.2 1. ]
 [0.2 0.9]
 [0.3 0.9]
 [0.3 1. ]
 [0.4 1. ]]
Logstds:
[[0. 0. 0. 0.]
 [0. 0. 0. 0.]
 [0. 0. 0. 0.]
 [0. 0. 0. 0.]
 [0. 0. 0. 0.]
 [0. 0. 0. 0.]
 [0. 0. 0. 0.]
 [0. 0. 0. 0.]
 [0. 0. 0. 0.]
 [0. 0. 0. 0.]
 [0. 0. 0. 0.]
 [0. 0. 0. 0.]
 [0. 0. 0. 0.]
 [0. 0. 0. 0.]
 [0. 0. 0. 0.]
 [0. 0. 0. 0.]
 [0. 0. 0. 0.]
 [0. 0. 0. 0.]
 [0. 0. 0. 0.]
 [0. 0. 0. 0.]
 [0. 0. 0. 0.]
 [0. 0. 0. 0.]
 [0. 0. 0. 0.]
 [0. 0. 0. 0.]
 [0. 0. 0. 0.]]
