Baseline:
[1.0169699  1.0062674  1.0062674  1.0062674  1.0062674  1.0062674
 1.0062674  1.0169699  0.97496617 1.0169699  1.0062674  1.0169699
 1.0169699  0.97496617 1.0169699  0.97496617 1.0169699  1.0169699
 1.0062674  1.0169699  1.0302708  1.0471561  1.0664121  1.0664121
 1.0664121  1.0664121 ]
Returns:
[-2.95724323 -2.90797901 -2.86881522 -2.79460002 -2.74946891 -2.70196248
 -2.65195572 -2.5908263  -2.4977348  -2.4045179  -2.32616287 -2.24788647
 -2.12694801 -2.00944186 -1.89052532 -1.76057588 -1.62856113 -1.4750266
 -1.34775098 -1.21797922 -1.07140368 -0.90744175 -0.72529418 -0.48155911
 -0.26781303]
Advants:
[-2.8008972  -2.76203812 -2.7445688  -2.69160085 -2.66813118 -2.6426622
 -2.61502358 -2.58731076 -2.47268633 -2.44210395 -2.37268029 -2.32432291
 -2.22049763 -2.07462542 -2.01013335 -1.8463408  -1.76240181 -1.61070805
 -1.47046009 -1.34524511 -1.20117931 -1.0378435  -0.85226974 -0.57638206
 -0.32113367]
Mus:
[[0.2549495  0.29121298 0.23503207 0.21880545]
 [0.25450787 0.29069108 0.2352045  0.21959655]
 [0.25450787 0.29069108 0.2352045  0.21959655]
 [0.25450787 0.29069108 0.2352045  0.21959655]
 [0.25450787 0.29069108 0.2352045  0.21959655]
 [0.25450787 0.29069108 0.2352045  0.21959655]
 [0.25450787 0.29069108 0.2352045  0.21959655]
 [0.2549495  0.29121298 0.23503207 0.21880545]
 [0.25544986 0.28817207 0.23637344 0.22000466]
 [0.2549495  0.29121298 0.23503207 0.21880545]
 [0.25450787 0.29069108 0.2352045  0.21959655]
 [0.2549495  0.29121298 0.23503207 0.21880545]
 [0.2549495  0.29121298 0.23503207 0.21880545]
 [0.25544986 0.28817207 0.23637344 0.22000466]
 [0.2549495  0.29121298 0.23503207 0.21880545]
 [0.25544986 0.28817207 0.23637344 0.22000466]
 [0.2549495  0.29121298 0.23503207 0.21880545]
 [0.2549495  0.29121298 0.23503207 0.21880545]
 [0.25450787 0.29069108 0.2352045  0.21959655]
 [0.2549495  0.29121298 0.23503207 0.21880545]
 [0.2554632  0.2928517  0.23413143 0.21755369]
 [0.25585172 0.29473436 0.23327602 0.21613789]
 [0.256633   0.29624987 0.23218006 0.214937  ]
 [0.256633   0.29624987 0.23218006 0.214937  ]
 [0.256633   0.29624987 0.23218006 0.214937  ]]
Actions:
[[0. 0. 1. 0.]
 [0. 0. 1. 0.]
 [0. 1. 0. 0.]
 [0. 0. 1. 0.]
 [0. 0. 1. 0.]
 [0. 0. 1. 0.]
 [1. 0. 0. 0.]
 [0. 0. 0. 1.]
 [0. 1. 0. 0.]
 [0. 0. 1. 0.]
 [1. 0. 0. 0.]
 [0. 1. 0. 0.]
 [0. 0. 0. 1.]
 [0. 1. 0. 0.]
 [0. 0. 0. 1.]
 [0. 1. 0. 0.]
 [0. 1. 0. 0.]
 [0. 0. 1. 0.]
 [1. 0. 0. 0.]
 [1. 0. 0. 0.]
 [1. 0. 0. 0.]
 [1. 0. 0. 0.]
 [0. 1. 0. 0.]
 [1. 0. 0. 0.]
 [0. 1. 0. 0.]]
States:
[[0.1 1. ]
 [0.  1. ]
 [0.  1. ]
 [0.  1. ]
 [0.  1. ]
 [0.  1. ]
 [0.  1. ]
 [0.1 1. ]
 [0.1 0.9]
 [0.1 1. ]
 [0.  1. ]
 [0.1 1. ]
 [0.1 1. ]
 [0.1 0.9]
 [0.1 1. ]
 [0.1 0.9]
 [0.1 1. ]
 [0.1 1. ]
 [0.  1. ]
 [0.1 1. ]
 [0.2 1. ]
 [0.3 1. ]
 [0.4 1. ]
 [0.4 1. ]
 [0.4 1. ]]
Logstds:
[[0. 0. 0. 0.]
 [0. 0. 0. 0.]
 [0. 0. 0. 0.]
 [0. 0. 0. 0.]
 [0. 0. 0. 0.]
 [0. 0. 0. 0.]
 [0. 0. 0. 0.]
 [0. 0. 0. 0.]
 [0. 0. 0. 0.]
 [0. 0. 0. 0.]
 [0. 0. 0. 0.]
 [0. 0. 0. 0.]
 [0. 0. 0. 0.]
 [0. 0. 0. 0.]
 [0. 0. 0. 0.]
 [0. 0. 0. 0.]
 [0. 0. 0. 0.]
 [0. 0. 0. 0.]
 [0. 0. 0. 0.]
 [0. 0. 0. 0.]
 [0. 0. 0. 0.]
 [0. 0. 0. 0.]
 [0. 0. 0. 0.]
 [0. 0. 0. 0.]
 [0. 0. 0. 0.]]
