Baseline:
[0.92153543 0.9554582  0.98795563 0.9554582  0.98795563 0.9554582
 0.92153543 0.92153543 0.92153543 0.88751715 0.92153543 0.88751715
 0.88751715 0.92153543 0.88751715 0.92153543 0.96143097 0.92856395
 0.88751715 0.88751715 0.92153543 0.96143097 0.9941221  1.0354246
 1.0033463  1.0033463 ]
Returns:
[1.0748176  1.05590149 1.04329168 1.03632713 1.02268709 1.01463808
 0.99726541 0.91835154 0.83528432 0.79951584 0.75916303 0.71938817
 0.66846663 0.62121649 0.57418128 0.52196876 0.51841764 0.47247741
 0.36989636 0.30058052 0.23396795 0.21525891 0.1614545  0.15424597
 0.10539305]
Advants:
[0.33245933 0.29799056 0.27142326 0.31786511 0.29299086 0.34126999
 0.38419274 0.33145743 0.27422974 0.30046624 0.25416579 0.2786931
 0.25906037 0.20923266 0.22993225 0.1776232  0.16964431 0.19465592
 0.17254774 0.14387279 0.08423257 0.068298   0.02543235 0.02276749
 0.05522573]
Mus:
[[0.2652432  0.26003522 0.27376205 0.20095958]
 [0.26785615 0.25958893 0.272403   0.20015188]
 [0.27045357 0.25918248 0.27103743 0.19932657]
 [0.26785615 0.25958893 0.272403   0.20015188]
 [0.27045357 0.25918248 0.27103743 0.19932657]
 [0.26785615 0.25958893 0.272403   0.20015188]
 [0.2652432  0.26003522 0.27376205 0.20095958]
 [0.2652432  0.26003522 0.27376205 0.20095958]
 [0.2652432  0.26003522 0.27376205 0.20095958]
 [0.2625047  0.26057243 0.2751999  0.20172296]
 [0.2652432  0.26003522 0.27376205 0.20095958]
 [0.2625047  0.26057243 0.2751999  0.20172296]
 [0.2625047  0.26057243 0.2751999  0.20172296]
 [0.2652432  0.26003522 0.27376205 0.20095958]
 [0.2625047  0.26057243 0.2751999  0.20172296]
 [0.2652432  0.26003522 0.27376205 0.20095958]
 [0.2667143  0.2626433  0.2712128  0.19942966]
 [0.2634895  0.26353425 0.27297568 0.20000052]
 [0.2625047  0.26057243 0.2751999  0.20172296]
 [0.2625047  0.26057243 0.2751999  0.20172296]
 [0.2652432  0.26003522 0.27376205 0.20095958]
 [0.2667143  0.2626433  0.2712128  0.19942966]
 [0.26942575 0.26173177 0.27014214 0.1987003 ]
 [0.27025497 0.26483846 0.26748982 0.19741683]
 [0.2674641  0.2657798  0.26870856 0.19804758]]
Actions:
[[1. 0. 0. 0.]
 [1. 0. 0. 0.]
 [0. 0. 1. 0.]
 [1. 0. 0. 0.]
 [0. 0. 1. 0.]
 [0. 0. 1. 0.]
 [0. 0. 0. 1.]
 [0. 0. 0. 1.]
 [0. 0. 1. 0.]
 [1. 0. 0. 0.]
 [0. 0. 1. 0.]
 [0. 0. 1. 0.]
 [1. 0. 0. 0.]
 [0. 0. 1. 0.]
 [1. 0. 0. 0.]
 [0. 1. 0. 0.]
 [0. 0. 1. 0.]
 [0. 0. 0. 1.]
 [0. 0. 1. 0.]
 [1. 0. 0. 0.]
 [0. 1. 0. 0.]
 [1. 0. 0. 0.]
 [0. 1. 0. 0.]
 [0. 0. 1. 0.]
 [0. 0. 0. 1.]]
States:
[[0.7 0. ]
 [0.8 0. ]
 [0.9 0. ]
 [0.8 0. ]
 [0.9 0. ]
 [0.8 0. ]
 [0.7 0. ]
 [0.7 0. ]
 [0.7 0. ]
 [0.6 0. ]
 [0.7 0. ]
 [0.6 0. ]
 [0.6 0. ]
 [0.7 0. ]
 [0.6 0. ]
 [0.7 0. ]
 [0.7 0.1]
 [0.6 0.1]
 [0.6 0. ]
 [0.6 0. ]
 [0.7 0. ]
 [0.7 0.1]
 [0.8 0.1]
 [0.8 0.2]
 [0.7 0.2]]
Logstds:
[[0. 0. 0. 0.]
 [0. 0. 0. 0.]
 [0. 0. 0. 0.]
 [0. 0. 0. 0.]
 [0. 0. 0. 0.]
 [0. 0. 0. 0.]
 [0. 0. 0. 0.]
 [0. 0. 0. 0.]
 [0. 0. 0. 0.]
 [0. 0. 0. 0.]
 [0. 0. 0. 0.]
 [0. 0. 0. 0.]
 [0. 0. 0. 0.]
 [0. 0. 0. 0.]
 [0. 0. 0. 0.]
 [0. 0. 0. 0.]
 [0. 0. 0. 0.]
 [0. 0. 0. 0.]
 [0. 0. 0. 0.]
 [0. 0. 0. 0.]
 [0. 0. 0. 0.]
 [0. 0. 0. 0.]
 [0. 0. 0. 0.]
 [0. 0. 0. 0.]
 [0. 0. 0. 0.]]
