Baseline:
[-2.0763316 -2.1090755 -2.1433847 -2.1433847 -2.076433  -2.0419998
 -2.1090755 -2.1090755 -2.1433847 -2.1433847 -2.076433  -2.1433847
 -2.1090755 -2.1433847 -2.179205  -2.2162104 -2.1501193 -2.1128712
 -2.1501193 -2.2162104 -2.2162104 -2.179205  -2.2162104 -2.179205
 -2.1433847 -2.1433847]
Returns:
[-15.02905018 -14.83534613 -14.60089203 -14.27050034 -13.80825712
 -13.43119975 -13.12089119 -12.7486388  -12.404358   -11.95835927
 -11.37442441 -10.9205903  -10.34662813  -9.87592572  -9.34931529
  -8.76301653  -7.94505628  -7.19234551  -6.53367777  -5.75016118
  -4.94171871  -3.98669608  -3.1181542   -2.06715449  -0.99407619]
Advants:
[-10.34227686 -10.28704868 -10.19577854 -10.04778187  -9.83819756
  -9.68650377  -9.50464307  -9.33305749  -9.16051952  -8.92433203
  -8.61904419  -8.31188059  -7.98735745  -7.70018307  -7.35675199
  -6.95182583  -6.41368406  -5.90802784  -5.41826824  -4.76610205
  -4.14691716  -3.40588773  -2.66439852  -1.79707749  -0.8869071 ]
Mus:
[[0.25450787 0.29069108 0.2352045  0.21959655]
 [0.2549495  0.29121298 0.23503207 0.21880545]
 [0.2554632  0.2928517  0.23413143 0.21755369]
 [0.2554632  0.2928517  0.23413143 0.21755369]
 [0.2558718  0.2898044  0.23592407 0.21839972]
 [0.25544986 0.28817207 0.23637344 0.22000466]
 [0.2549495  0.29121298 0.23503207 0.21880545]
 [0.2549495  0.29121298 0.23503207 0.21880545]
 [0.2554632  0.2928517  0.23413143 0.21755369]
 [0.2554632  0.2928517  0.23413143 0.21755369]
 [0.2558718  0.2898044  0.23592407 0.21839972]
 [0.2554632  0.2928517  0.23413143 0.21755369]
 [0.2549495  0.29121298 0.23503207 0.21880545]
 [0.2554632  0.2928517  0.23413143 0.21755369]
 [0.25585172 0.29473436 0.23327602 0.21613789]
 [0.256633   0.29624987 0.23218006 0.214937  ]
 [0.25704822 0.29309538 0.23421931 0.21563706]
 [0.25637874 0.29151708 0.23519515 0.21690899]
 [0.25704822 0.29309538 0.23421931 0.21563706]
 [0.256633   0.29624987 0.23218006 0.214937  ]
 [0.256633   0.29624987 0.23218006 0.214937  ]
 [0.25585172 0.29473436 0.23327602 0.21613789]
 [0.256633   0.29624987 0.23218006 0.214937  ]
 [0.25585172 0.29473436 0.23327602 0.21613789]
 [0.2554632  0.2928517  0.23413143 0.21755369]]
Actions:
[[1. 0. 0. 0.]
 [1. 0. 0. 0.]
 [0. 1. 0. 0.]
 [0. 0. 0. 1.]
 [0. 0. 1. 0.]
 [0. 1. 0. 0.]
 [0. 1. 0. 0.]
 [1. 0. 0. 0.]
 [0. 1. 0. 0.]
 [0. 0. 0. 1.]
 [0. 1. 0. 0.]
 [0. 0. 1. 0.]
 [1. 0. 0. 0.]
 [1. 0. 0. 0.]
 [1. 0. 0. 0.]
 [0. 0. 0. 1.]
 [0. 0. 1. 0.]
 [1. 0. 0. 0.]
 [0. 1. 0. 0.]
 [1. 0. 0. 0.]
 [0. 0. 1. 0.]
 [1. 0. 0. 0.]
 [0. 0. 1. 0.]
 [0. 0. 1. 0.]
 [1. 0. 0. 0.]]
States:
[[0.  1. ]
 [0.1 1. ]
 [0.2 1. ]
 [0.2 1. ]
 [0.2 0.9]
 [0.1 0.9]
 [0.1 1. ]
 [0.1 1. ]
 [0.2 1. ]
 [0.2 1. ]
 [0.2 0.9]
 [0.2 1. ]
 [0.1 1. ]
 [0.2 1. ]
 [0.3 1. ]
 [0.4 1. ]
 [0.4 0.9]
 [0.3 0.9]
 [0.4 0.9]
 [0.4 1. ]
 [0.4 1. ]
 [0.3 1. ]
 [0.4 1. ]
 [0.3 1. ]
 [0.2 1. ]]
Logstds:
[[0. 0. 0. 0.]
 [0. 0. 0. 0.]
 [0. 0. 0. 0.]
 [0. 0. 0. 0.]
 [0. 0. 0. 0.]
 [0. 0. 0. 0.]
 [0. 0. 0. 0.]
 [0. 0. 0. 0.]
 [0. 0. 0. 0.]
 [0. 0. 0. 0.]
 [0. 0. 0. 0.]
 [0. 0. 0. 0.]
 [0. 0. 0. 0.]
 [0. 0. 0. 0.]
 [0. 0. 0. 0.]
 [0. 0. 0. 0.]
 [0. 0. 0. 0.]
 [0. 0. 0. 0.]
 [0. 0. 0. 0.]
 [0. 0. 0. 0.]
 [0. 0. 0. 0.]
 [0. 0. 0. 0.]
 [0. 0. 0. 0.]
 [0. 0. 0. 0.]
 [0. 0. 0. 0.]]
