Baseline:
[-0.14789991 -0.1527844  -0.14789991 -0.14140202 -0.14789991 -0.14140202
 -0.14789991 -0.1419736  -0.13601574 -0.13601574 -0.1419736  -0.1419736
 -0.1419736  -0.14789991 -0.14140202 -0.13551228 -0.13216451 -0.13492362
 -0.13492362 -0.13492362 -0.14083052 -0.13492362 -0.13216451 -0.13551228
 -0.14140202 -0.14140202]
Returns:
[-11.89953418 -11.63929696 -11.43454421 -11.11545701 -10.82100568
 -10.46962698 -10.1411846   -9.83207757  -9.40135624  -9.05440138
  -8.62215473  -8.20617728  -7.76830627  -7.26471821  -6.72616649
  -6.19023562  -5.65693824  -5.160423    -4.63210315  -4.07597699
  -3.50401643  -2.85734738  -2.27205666  -1.57716641  -0.81318676]
Advants:
[-9.09113037 -8.95462078 -8.88813926 -8.71063179 -8.54696396 -8.34039273
 -8.14518527 -7.98426407 -7.70074177 -7.49632954 -7.19925765 -6.92357028
 -6.62439787 -6.2496393  -5.84736542 -5.44176679 -5.03047044 -4.64451559
 -4.22282889 -3.76521987 -3.27638971 -2.71243228 -2.19523177 -1.54629517
 -0.8061167 ]
Mus:
[[0.25941777 0.30208194 0.22850005 0.21000017]
 [0.25953948 0.30044404 0.22928064 0.21073581]
 [0.25941777 0.30208194 0.22850005 0.21000017]
 [0.25988448 0.29883233 0.23036462 0.21091855]
 [0.25941777 0.30208194 0.22850005 0.21000017]
 [0.25988448 0.29883233 0.23036462 0.21091855]
 [0.25941777 0.30208194 0.22850005 0.21000017]
 [0.2601313  0.3029988  0.22755642 0.2093135 ]
 [0.2606076  0.29963258 0.2295155  0.21024439]
 [0.2606076  0.29963258 0.2295155  0.21024439]
 [0.2601313  0.3029988  0.22755642 0.2093135 ]
 [0.2601313  0.3029988  0.22755642 0.2093135 ]
 [0.2601313  0.3029988  0.22755642 0.2093135 ]
 [0.25941777 0.30208194 0.22850005 0.21000017]
 [0.25988448 0.29883233 0.23036462 0.21091855]
 [0.26043135 0.2953836  0.23232113 0.21186392]
 [0.26112112 0.29140964 0.2347545  0.2127147 ]
 [0.26016685 0.29051405 0.23579814 0.21352105]
 [0.26016685 0.29051405 0.23579814 0.21352105]
 [0.26016685 0.29051405 0.23579814 0.21352105]
 [0.259691   0.29433227 0.23337223 0.2126045 ]
 [0.26016685 0.29051405 0.23579814 0.21352105]
 [0.26112112 0.29140964 0.2347545  0.2127147 ]
 [0.26043135 0.2953836  0.23232113 0.21186392]
 [0.25988448 0.29883233 0.23036462 0.21091855]]
Actions:
[[0. 0. 1. 0.]
 [1. 0. 0. 0.]
 [0. 0. 0. 1.]
 [0. 1. 0. 0.]
 [0. 0. 0. 1.]
 [0. 1. 0. 0.]
 [1. 0. 0. 0.]
 [0. 0. 0. 1.]
 [1. 0. 0. 0.]
 [0. 1. 0. 0.]
 [1. 0. 0. 0.]
 [1. 0. 0. 0.]
 [0. 0. 1. 0.]
 [0. 0. 0. 1.]
 [0. 0. 0. 1.]
 [0. 0. 0. 1.]
 [0. 0. 1. 0.]
 [0. 0. 0. 1.]
 [0. 0. 0. 1.]
 [0. 1. 0. 0.]
 [0. 0. 0. 1.]
 [1. 0. 0. 0.]
 [0. 1. 0. 0.]
 [0. 1. 0. 0.]
 [0. 0. 1. 0.]]
States:
[[0.9 0.9]
 [0.8 0.9]
 [0.9 0.9]
 [0.9 0.8]
 [0.9 0.9]
 [0.9 0.8]
 [0.9 0.9]
 [1.  0.9]
 [1.  0.8]
 [1.  0.8]
 [1.  0.9]
 [1.  0.9]
 [1.  0.9]
 [0.9 0.9]
 [0.9 0.8]
 [0.9 0.7]
 [0.9 0.6]
 [0.8 0.6]
 [0.8 0.6]
 [0.8 0.6]
 [0.8 0.7]
 [0.8 0.6]
 [0.9 0.6]
 [0.9 0.7]
 [0.9 0.8]]
Logstds:
[[0. 0. 0. 0.]
 [0. 0. 0. 0.]
 [0. 0. 0. 0.]
 [0. 0. 0. 0.]
 [0. 0. 0. 0.]
 [0. 0. 0. 0.]
 [0. 0. 0. 0.]
 [0. 0. 0. 0.]
 [0. 0. 0. 0.]
 [0. 0. 0. 0.]
 [0. 0. 0. 0.]
 [0. 0. 0. 0.]
 [0. 0. 0. 0.]
 [0. 0. 0. 0.]
 [0. 0. 0. 0.]
 [0. 0. 0. 0.]
 [0. 0. 0. 0.]
 [0. 0. 0. 0.]
 [0. 0. 0. 0.]
 [0. 0. 0. 0.]
 [0. 0. 0. 0.]
 [0. 0. 0. 0.]
 [0. 0. 0. 0.]
 [0. 0. 0. 0.]
 [0. 0. 0. 0.]]
