Baseline:
[-2.8327696 -2.9001067 -2.8327696 -2.7683218 -2.7683218 -2.8327696
 -2.9001067 -2.9001067 -2.9001067 -2.8327696 -2.7683218 -2.7061534
 -2.7683218 -2.7061534 -2.7061534 -2.7683218 -2.7683218 -2.7683218
 -2.7061534 -2.6006563 -2.6641333 -2.7297258 -2.8327696 -2.7683218
 -2.6641333 -2.6641333]
Returns:
[-17.59821231 -17.27858024 -16.80380023 -16.34747293 -15.92357889
 -15.55521679 -15.12805864 -14.56012271 -14.0379652  -13.39262651
 -12.75676374 -12.13282854 -11.60396884 -10.91936021 -10.24936456
  -9.62137517  -8.84347599  -8.02463474  -7.15164011  -6.2535289
  -5.45881542  -4.58264134  -3.54597428  -2.39186666  -1.20349455]
Advants:
[-11.93929131 -11.7562655  -11.55753775 -11.38003334 -11.17566621
 -10.96769822 -10.70190512 -10.36458847 -10.07654712  -9.73472887
  -9.40194449  -9.08176248  -8.73461967  -8.35759013  -7.93318941
  -7.48820288  -6.95230163  -6.37074845  -5.79234735  -5.22744381
  -4.58982013  -3.85828295  -2.91146151  -1.99742213  -1.07028794]
Mus:
[[0.2565149  0.28498226 0.268045   0.19045782]
 [0.25859162 0.28600055 0.2651427  0.19026516]
 [0.2565149  0.28498226 0.268045   0.19045782]
 [0.2544932  0.28347293 0.2713463  0.19068755]
 [0.2544932  0.28347293 0.2713463  0.19068755]
 [0.2565149  0.28498226 0.268045   0.19045782]
 [0.25859162 0.28600055 0.2651427  0.19026516]
 [0.25859162 0.28600055 0.2651427  0.19026516]
 [0.25859162 0.28600055 0.2651427  0.19026516]
 [0.2565149  0.28498226 0.268045   0.19045782]
 [0.2544932  0.28347293 0.2713463  0.19068755]
 [0.25180733 0.2815765  0.27556732 0.19104876]
 [0.2544932  0.28347293 0.2713463  0.19068755]
 [0.25180733 0.2815765  0.27556732 0.19104876]
 [0.25180733 0.2815765  0.27556732 0.19104876]
 [0.2544932  0.28347293 0.2713463  0.19068755]
 [0.2544932  0.28347293 0.2713463  0.19068755]
 [0.2544932  0.28347293 0.2713463  0.19068755]
 [0.25180733 0.2815765  0.27556732 0.19104876]
 [0.2516098  0.28013137 0.27568707 0.19257182]
 [0.25390837 0.2820259  0.27197886 0.19208688]
 [0.25586447 0.28340423 0.2688695  0.19186173]
 [0.2565149  0.28498226 0.268045   0.19045782]
 [0.2544932  0.28347293 0.2713463  0.19068755]
 [0.25390837 0.2820259  0.27197886 0.19208688]]
Actions:
[[1. 0. 0. 0.]
 [0. 0. 1. 0.]
 [0. 0. 1. 0.]
 [0. 1. 0. 0.]
 [1. 0. 0. 0.]
 [1. 0. 0. 0.]
 [0. 1. 0. 0.]
 [1. 0. 0. 0.]
 [0. 0. 1. 0.]
 [0. 0. 1. 0.]
 [0. 0. 1. 0.]
 [1. 0. 0. 0.]
 [0. 0. 1. 0.]
 [0. 1. 0. 0.]
 [1. 0. 0. 0.]
 [0. 1. 0. 0.]
 [0. 1. 0. 0.]
 [0. 0. 1. 0.]
 [0. 0. 0. 1.]
 [1. 0. 0. 0.]
 [1. 0. 0. 0.]
 [0. 1. 0. 0.]
 [0. 0. 1. 0.]
 [0. 0. 0. 1.]
 [0. 0. 0. 1.]]
States:
[[0.3 1. ]
 [0.4 1. ]
 [0.3 1. ]
 [0.2 1. ]
 [0.2 1. ]
 [0.3 1. ]
 [0.4 1. ]
 [0.4 1. ]
 [0.4 1. ]
 [0.3 1. ]
 [0.2 1. ]
 [0.1 1. ]
 [0.2 1. ]
 [0.1 1. ]
 [0.1 1. ]
 [0.2 1. ]
 [0.2 1. ]
 [0.2 1. ]
 [0.1 1. ]
 [0.1 0.9]
 [0.2 0.9]
 [0.3 0.9]
 [0.3 1. ]
 [0.2 1. ]
 [0.2 0.9]]
Logstds:
[[0. 0. 0. 0.]
 [0. 0. 0. 0.]
 [0. 0. 0. 0.]
 [0. 0. 0. 0.]
 [0. 0. 0. 0.]
 [0. 0. 0. 0.]
 [0. 0. 0. 0.]
 [0. 0. 0. 0.]
 [0. 0. 0. 0.]
 [0. 0. 0. 0.]
 [0. 0. 0. 0.]
 [0. 0. 0. 0.]
 [0. 0. 0. 0.]
 [0. 0. 0. 0.]
 [0. 0. 0. 0.]
 [0. 0. 0. 0.]
 [0. 0. 0. 0.]
 [0. 0. 0. 0.]
 [0. 0. 0. 0.]
 [0. 0. 0. 0.]
 [0. 0. 0. 0.]
 [0. 0. 0. 0.]
 [0. 0. 0. 0.]
 [0. 0. 0. 0.]
 [0. 0. 0. 0.]]
