Baseline:
[-0.17040408 -0.17442234 -0.17040408 -0.177593   -0.17040408 -0.177593
 -0.1815678  -0.18593346 -0.1815678  -0.18593346 -0.1815678  -0.1827809
 -0.18853375 -0.1827809  -0.18853375 -0.18631192 -0.18631192 -0.18853375
 -0.18853375 -0.1827809  -0.1815678  -0.18593346 -0.18593346 -0.1814758
 -0.1814758  -0.1814758 ]
Returns:
[-9.78808422 -9.65109481 -9.43381499 -9.30239852 -9.11256183 -8.9642373
 -8.78424491 -8.53786338 -8.21180407 -7.93529408 -7.57752059 -7.3010245
 -6.94703121 -6.51193626 -6.11641201 -5.71074232 -5.26022123 -4.74683923
 -4.2258109  -3.64749383 -3.10678205 -2.56158669 -1.95519492 -1.31914456
 -0.67683077]
Advants:
[-7.35373815 -7.31296459 -7.20188004 -7.16986911 -7.09724735 -7.05632306
 -6.99101683 -6.86128396 -6.6609642  -6.50311507 -6.27228391 -6.11900436
 -5.88316154 -5.57499907 -5.29281397 -5.00612544 -4.66837645 -4.25920491
 -3.8375613  -3.35513988 -2.89677756 -2.41826793 -1.87022579 -1.28241959
 -0.66775697]
Mus:
[[0.25500414 0.28770223 0.23664138 0.22065221]
 [0.25450787 0.29069108 0.2352045  0.21959655]
 [0.25500414 0.28770223 0.23664138 0.22065221]
 [0.25544986 0.28817207 0.23637344 0.22000466]
 [0.25500414 0.28770223 0.23664138 0.22065221]
 [0.25544986 0.28817207 0.23637344 0.22000466]
 [0.2558718  0.2898044  0.23592407 0.21839972]
 [0.2554632  0.2928517  0.23413143 0.21755369]
 [0.2558718  0.2898044  0.23592407 0.21839972]
 [0.2554632  0.2928517  0.23413143 0.21755369]
 [0.2558718  0.2898044  0.23592407 0.21839972]
 [0.25637874 0.29151708 0.23519515 0.21690899]
 [0.25585172 0.29473436 0.23327602 0.21613789]
 [0.25637874 0.29151708 0.23519515 0.21690899]
 [0.25585172 0.29473436 0.23327602 0.21613789]
 [0.256633   0.29624987 0.23218006 0.214937  ]
 [0.256633   0.29624987 0.23218006 0.214937  ]
 [0.25585172 0.29473436 0.23327602 0.21613789]
 [0.25585172 0.29473436 0.23327602 0.21613789]
 [0.25637874 0.29151708 0.23519515 0.21690899]
 [0.2558718  0.2898044  0.23592407 0.21839972]
 [0.2554632  0.2928517  0.23413143 0.21755369]
 [0.2554632  0.2928517  0.23413143 0.21755369]
 [0.2549495  0.29121298 0.23503207 0.21880545]
 [0.2549495  0.29121298 0.23503207 0.21880545]]
Actions:
[[0. 1. 0. 0.]
 [0. 0. 0. 1.]
 [1. 0. 0. 0.]
 [0. 0. 1. 0.]
 [1. 0. 0. 0.]
 [1. 0. 0. 0.]
 [0. 1. 0. 0.]
 [0. 0. 0. 1.]
 [0. 1. 0. 0.]
 [0. 0. 0. 1.]
 [1. 0. 0. 0.]
 [0. 1. 0. 0.]
 [0. 0. 0. 1.]
 [0. 1. 0. 0.]
 [1. 0. 0. 0.]
 [1. 0. 0. 0.]
 [0. 0. 1. 0.]
 [0. 1. 0. 0.]
 [0. 0. 0. 1.]
 [0. 0. 1. 0.]
 [0. 1. 0. 0.]
 [0. 1. 0. 0.]
 [0. 0. 1. 0.]
 [0. 1. 0. 0.]
 [0. 0. 1. 0.]]
States:
[[0.  0.9]
 [0.  1. ]
 [0.  0.9]
 [0.1 0.9]
 [0.  0.9]
 [0.1 0.9]
 [0.2 0.9]
 [0.2 1. ]
 [0.2 0.9]
 [0.2 1. ]
 [0.2 0.9]
 [0.3 0.9]
 [0.3 1. ]
 [0.3 0.9]
 [0.3 1. ]
 [0.4 1. ]
 [0.4 1. ]
 [0.3 1. ]
 [0.3 1. ]
 [0.3 0.9]
 [0.2 0.9]
 [0.2 1. ]
 [0.2 1. ]
 [0.1 1. ]
 [0.1 1. ]]
Logstds:
[[0. 0. 0. 0.]
 [0. 0. 0. 0.]
 [0. 0. 0. 0.]
 [0. 0. 0. 0.]
 [0. 0. 0. 0.]
 [0. 0. 0. 0.]
 [0. 0. 0. 0.]
 [0. 0. 0. 0.]
 [0. 0. 0. 0.]
 [0. 0. 0. 0.]
 [0. 0. 0. 0.]
 [0. 0. 0. 0.]
 [0. 0. 0. 0.]
 [0. 0. 0. 0.]
 [0. 0. 0. 0.]
 [0. 0. 0. 0.]
 [0. 0. 0. 0.]
 [0. 0. 0. 0.]
 [0. 0. 0. 0.]
 [0. 0. 0. 0.]
 [0. 0. 0. 0.]
 [0. 0. 0. 0.]
 [0. 0. 0. 0.]
 [0. 0. 0. 0.]
 [0. 0. 0. 0.]]
