Baseline:
[-2.3300266 -2.3916955 -2.3498487 -2.3916955 -2.3498487 -2.3084755
 -2.2675657 -2.331615  -2.3704748 -2.331615  -2.2675657 -2.2280297
 -2.2920802 -2.2920802 -2.331615  -2.3704748 -2.411198  -2.3704748
 -2.331615  -2.2920802 -2.331615  -2.331615  -2.2920802 -2.331615
 -2.2920802 -2.2920802]
Returns:
[-17.76720993 -17.39065488 -16.91570265 -16.5648948  -16.04648152
 -15.53947088 -15.04344899 -14.59542796 -14.14938572 -13.53787551
 -12.86695615 -12.26758911 -11.71062396 -11.04306344 -10.44589173
  -9.78145284  -9.04564426  -8.1282919   -7.19988202  -6.25916781
  -5.41021211  -4.40840753  -3.32077361  -2.31716559  -1.1194663 ]
Advants:
[-12.38996616 -12.15604373 -11.93124857 -11.75250572 -11.49333429
 -11.24921028 -11.02040573 -10.73808454 -10.48750624 -10.15143009
  -9.78251813  -9.46360181  -9.08481717  -8.65947637  -8.26593162
  -7.80475756  -7.26695996  -6.62228967  -5.95694656  -5.27120213
  -4.58901979  -3.78011456  -2.90893192  -2.02551441  -1.00486231]
Mus:
[[0.2606076  0.29963258 0.2295155  0.21024439]
 [0.2601313  0.3029988  0.22755642 0.2093135 ]
 [0.25941777 0.30208194 0.22850005 0.21000017]
 [0.2601313  0.3029988  0.22755642 0.2093135 ]
 [0.25941777 0.30208194 0.22850005 0.21000017]
 [0.25953948 0.30044404 0.22928064 0.21073581]
 [0.25962454 0.2985617  0.2302689  0.21154492]
 [0.25919223 0.30164802 0.2284222  0.21073751]
 [0.25934857 0.30337563 0.22730306 0.20997274]
 [0.25919223 0.30164802 0.2284222  0.21073751]
 [0.25962454 0.2985617  0.2302689  0.21154492]
 [0.2591561  0.2966036  0.23169684 0.2125435 ]
 [0.2584849  0.29996115 0.22948857 0.21206535]
 [0.2584849  0.29996115 0.22948857 0.21206535]
 [0.25919223 0.30164802 0.2284222  0.21073751]
 [0.25934857 0.30337563 0.22730306 0.20997274]
 [0.25929862 0.30494922 0.22654337 0.20920882]
 [0.25934857 0.30337563 0.22730306 0.20997274]
 [0.25919223 0.30164802 0.2284222  0.21073751]
 [0.2584849  0.29996115 0.22948857 0.21206535]
 [0.25919223 0.30164802 0.2284222  0.21073751]
 [0.25919223 0.30164802 0.2284222  0.21073751]
 [0.2584849  0.29996115 0.22948857 0.21206535]
 [0.25919223 0.30164802 0.2284222  0.21073751]
 [0.2584849  0.29996115 0.22948857 0.21206535]]
Actions:
[[0. 1. 0. 0.]
 [0. 0. 1. 0.]
 [1. 0. 0. 0.]
 [0. 0. 1. 0.]
 [0. 0. 1. 0.]
 [0. 0. 1. 0.]
 [0. 1. 0. 0.]
 [1. 0. 0. 0.]
 [0. 0. 1. 0.]
 [0. 0. 0. 1.]
 [0. 0. 1. 0.]
 [0. 1. 0. 0.]
 [0. 0. 1. 0.]
 [1. 0. 0. 0.]
 [1. 0. 0. 0.]
 [1. 0. 0. 0.]
 [0. 0. 1. 0.]
 [0. 0. 1. 0.]
 [0. 0. 1. 0.]
 [1. 0. 0. 0.]
 [0. 1. 0. 0.]
 [0. 0. 1. 0.]
 [1. 0. 0. 0.]
 [0. 0. 1. 0.]
 [1. 0. 0. 0.]]
States:
[[1.  0.8]
 [1.  0.9]
 [0.9 0.9]
 [1.  0.9]
 [0.9 0.9]
 [0.8 0.9]
 [0.7 0.9]
 [0.7 1. ]
 [0.8 1. ]
 [0.7 1. ]
 [0.7 0.9]
 [0.6 0.9]
 [0.6 1. ]
 [0.6 1. ]
 [0.7 1. ]
 [0.8 1. ]
 [0.9 1. ]
 [0.8 1. ]
 [0.7 1. ]
 [0.6 1. ]
 [0.7 1. ]
 [0.7 1. ]
 [0.6 1. ]
 [0.7 1. ]
 [0.6 1. ]]
Logstds:
[[0. 0. 0. 0.]
 [0. 0. 0. 0.]
 [0. 0. 0. 0.]
 [0. 0. 0. 0.]
 [0. 0. 0. 0.]
 [0. 0. 0. 0.]
 [0. 0. 0. 0.]
 [0. 0. 0. 0.]
 [0. 0. 0. 0.]
 [0. 0. 0. 0.]
 [0. 0. 0. 0.]
 [0. 0. 0. 0.]
 [0. 0. 0. 0.]
 [0. 0. 0. 0.]
 [0. 0. 0. 0.]
 [0. 0. 0. 0.]
 [0. 0. 0. 0.]
 [0. 0. 0. 0.]
 [0. 0. 0. 0.]
 [0. 0. 0. 0.]
 [0. 0. 0. 0.]
 [0. 0. 0. 0.]
 [0. 0. 0. 0.]
 [0. 0. 0. 0.]
 [0. 0. 0. 0.]]
