Baseline:
[-2.5293126 -2.6287787 -2.7297258 -2.8327696 -2.9001067 -2.9001067
 -2.8327696 -2.7297258 -2.8006728 -2.7297258 -2.8327696 -2.9001067
 -2.8327696 -2.7683218 -2.6641333 -2.6006563 -2.7061534 -2.7061534
 -2.7683218 -2.8327696 -2.7683218 -2.6641333 -2.6006563 -2.4961061
 -2.559973  -2.559973 ]
Returns:
[-17.40210131 -17.13007704 -16.79941219 -16.40573307 -16.02333893
 -15.5781928  -15.01391872 -14.44958319 -14.0067639  -13.40792678
 -12.83574842 -12.26546035 -11.52683193 -10.79276945 -10.04655012
  -9.32996634  -8.62242664  -7.83153974  -7.07629642  -6.24228788
  -5.23009151  -4.19109965  -3.16633426  -2.10630403  -1.13582647]
Advants:
[-12.04172454 -11.87755758 -11.65758141 -11.37516033 -11.14407777
 -10.92243893 -10.65267983 -10.4236519  -10.1460458   -9.85810696
  -9.42239369  -9.02496043  -8.59356046  -8.16356315  -7.76170522
  -7.34903194  -6.77176527  -6.21227257  -5.62068597  -4.9395048
  -4.19822874  -3.45857509  -2.67933023  -1.89185065  -1.007828  ]
Mus:
[[0.2541132  0.27939978 0.27173036 0.19475664]
 [0.25507787 0.28148353 0.27006966 0.1933689 ]
 [0.25586447 0.28340423 0.2688695  0.19186173]
 [0.2565149  0.28498226 0.268045   0.19045782]
 [0.25859162 0.28600055 0.2651427  0.19026516]
 [0.25859162 0.28600055 0.2651427  0.19026516]
 [0.2565149  0.28498226 0.268045   0.19045782]
 [0.25586447 0.28340423 0.2688695  0.19186173]
 [0.25808397 0.2841792  0.266332   0.19140477]
 [0.25586447 0.28340423 0.2688695  0.19186173]
 [0.2565149  0.28498226 0.268045   0.19045782]
 [0.25859162 0.28600055 0.2651427  0.19026516]
 [0.2565149  0.28498226 0.268045   0.19045782]
 [0.2544932  0.28347293 0.2713463  0.19068755]
 [0.25390837 0.2820259  0.27197886 0.19208688]
 [0.2516098  0.28013137 0.27568707 0.19257182]
 [0.25180733 0.2815765  0.27556732 0.19104876]
 [0.25180733 0.2815765  0.27556732 0.19104876]
 [0.2544932  0.28347293 0.2713463  0.19068755]
 [0.2565149  0.28498226 0.268045   0.19045782]
 [0.2544932  0.28347293 0.2713463  0.19068755]
 [0.25390837 0.2820259  0.27197886 0.19208688]
 [0.2516098  0.28013137 0.27568707 0.19257182]
 [0.25051224 0.2786596  0.2766165  0.19421163]
 [0.2527904  0.28029448 0.273075   0.1938401 ]]
Actions:
[[0. 1. 0. 0.]
 [0. 1. 0. 0.]
 [0. 1. 0. 0.]
 [1. 0. 0. 0.]
 [1. 0. 0. 0.]
 [0. 0. 1. 0.]
 [0. 0. 0. 1.]
 [1. 0. 0. 0.]
 [0. 0. 1. 0.]
 [0. 1. 0. 0.]
 [1. 0. 0. 0.]
 [0. 0. 1. 0.]
 [0. 0. 1. 0.]
 [0. 0. 0. 1.]
 [0. 0. 1. 0.]
 [0. 1. 0. 0.]
 [0. 1. 0. 0.]
 [1. 0. 0. 0.]
 [1. 0. 0. 0.]
 [0. 0. 1. 0.]
 [0. 0. 0. 1.]
 [0. 0. 1. 0.]
 [0. 0. 0. 1.]
 [1. 0. 0. 0.]
 [0. 0. 1. 0.]]
States:
[[0.3 0.7]
 [0.3 0.8]
 [0.3 0.9]
 [0.3 1. ]
 [0.4 1. ]
 [0.4 1. ]
 [0.3 1. ]
 [0.3 0.9]
 [0.4 0.9]
 [0.3 0.9]
 [0.3 1. ]
 [0.4 1. ]
 [0.3 1. ]
 [0.2 1. ]
 [0.2 0.9]
 [0.1 0.9]
 [0.1 1. ]
 [0.1 1. ]
 [0.2 1. ]
 [0.3 1. ]
 [0.2 1. ]
 [0.2 0.9]
 [0.1 0.9]
 [0.1 0.8]
 [0.2 0.8]]
Logstds:
[[0. 0. 0. 0.]
 [0. 0. 0. 0.]
 [0. 0. 0. 0.]
 [0. 0. 0. 0.]
 [0. 0. 0. 0.]
 [0. 0. 0. 0.]
 [0. 0. 0. 0.]
 [0. 0. 0. 0.]
 [0. 0. 0. 0.]
 [0. 0. 0. 0.]
 [0. 0. 0. 0.]
 [0. 0. 0. 0.]
 [0. 0. 0. 0.]
 [0. 0. 0. 0.]
 [0. 0. 0. 0.]
 [0. 0. 0. 0.]
 [0. 0. 0. 0.]
 [0. 0. 0. 0.]
 [0. 0. 0. 0.]
 [0. 0. 0. 0.]
 [0. 0. 0. 0.]
 [0. 0. 0. 0.]
 [0. 0. 0. 0.]
 [0. 0. 0. 0.]
 [0. 0. 0. 0.]]
