Baseline:
[-1.3558325 -1.4006352 -1.3558325 -1.4006352 -1.4445573 -1.4006352
 -1.4445573 -1.4006352 -1.4445573 -1.501957  -1.4445573 -1.4893869
 -1.4355328 -1.4893869 -1.5456895 -1.5456895 -1.5456895 -1.5456895
 -1.5456895 -1.4893869 -1.5456895 -1.4893869 -1.4893869 -1.5456895
 -1.4893869 -1.4893869]
Returns:
[-15.41552818 -15.21852306 -14.91779757 -14.6945961  -14.41979451
 -14.03275359 -13.72311818 -13.29941009 -12.95117765 -12.4875905
 -11.97813204 -11.5189141  -10.9582458  -10.38823045  -9.74735336
  -9.09009236  -8.34043898  -7.55133016  -6.77848898  -5.925013
  -5.04922973  -4.10474011  -3.18999287  -2.17026117  -1.07424688]
Advants:
[-11.01038258 -10.93616972 -10.85420371 -10.76668641 -10.63396743
 -10.48208657 -10.32512332 -10.14693291  -9.96141886  -9.6485625
  -9.40838311  -9.11867506  -8.82878481  -8.4210235   -7.93679954
  -7.49030751  -6.94619277  -6.35572642  -5.7745472   -5.1607079
  -4.39874679  -3.66770691  -2.8952029   -1.94024978  -0.99977744]
Mus:
[[0.26807493 0.2686845  0.2666398  0.19660072]
 [0.27073106 0.2681101  0.2649357  0.19622315]
 [0.26807493 0.2686845  0.2666398  0.19660072]
 [0.27073106 0.2681101  0.2649357  0.19622315]
 [0.2730036  0.26691929 0.26429424 0.19578291]
 [0.27073106 0.2681101  0.2649357  0.19622315]
 [0.2730036  0.26691929 0.26429424 0.19578291]
 [0.27073106 0.2681101  0.2649357  0.19622315]
 [0.2730036  0.26691929 0.26429424 0.19578291]
 [0.27307528 0.27008778 0.26181394 0.19502299]
 [0.2730036  0.26691929 0.26429424 0.19578291]
 [0.2746262  0.26567322 0.26405904 0.19564156]
 [0.27411455 0.26293564 0.2663685  0.19658132]
 [0.2746262  0.26567322 0.26405904 0.19564156]
 [0.27479967 0.26894513 0.26138732 0.19486786]
 [0.27479967 0.26894513 0.26138732 0.19486786]
 [0.27479967 0.26894513 0.26138732 0.19486786]
 [0.27479967 0.26894513 0.26138732 0.19486786]
 [0.27479967 0.26894513 0.26138732 0.19486786]
 [0.2746262  0.26567322 0.26405904 0.19564156]
 [0.27479967 0.26894513 0.26138732 0.19486786]
 [0.2746262  0.26567322 0.26405904 0.19564156]
 [0.2746262  0.26567322 0.26405904 0.19564156]
 [0.27479967 0.26894513 0.26138732 0.19486786]
 [0.2746262  0.26567322 0.26405904 0.19564156]]
Actions:
[[1. 0. 0. 0.]
 [0. 0. 1. 0.]
 [1. 0. 0. 0.]
 [1. 0. 0. 0.]
 [0. 0. 1. 0.]
 [1. 0. 0. 0.]
 [0. 0. 1. 0.]
 [1. 0. 0. 0.]
 [0. 1. 0. 0.]
 [0. 0. 0. 1.]
 [1. 0. 0. 0.]
 [0. 0. 0. 1.]
 [0. 1. 0. 0.]
 [0. 1. 0. 0.]
 [1. 0. 0. 0.]
 [0. 1. 0. 0.]
 [0. 1. 0. 0.]
 [1. 0. 0. 0.]
 [0. 0. 0. 1.]
 [0. 1. 0. 0.]
 [0. 0. 0. 1.]
 [1. 0. 0. 0.]
 [0. 1. 0. 0.]
 [0. 0. 0. 1.]
 [1. 0. 0. 0.]]
States:
[[0.7 0.3]
 [0.8 0.3]
 [0.7 0.3]
 [0.8 0.3]
 [0.9 0.3]
 [0.8 0.3]
 [0.9 0.3]
 [0.8 0.3]
 [0.9 0.3]
 [0.9 0.4]
 [0.9 0.3]
 [1.  0.3]
 [1.  0.2]
 [1.  0.3]
 [1.  0.4]
 [1.  0.4]
 [1.  0.4]
 [1.  0.4]
 [1.  0.4]
 [1.  0.3]
 [1.  0.4]
 [1.  0.3]
 [1.  0.3]
 [1.  0.4]
 [1.  0.3]]
Logstds:
[[0. 0. 0. 0.]
 [0. 0. 0. 0.]
 [0. 0. 0. 0.]
 [0. 0. 0. 0.]
 [0. 0. 0. 0.]
 [0. 0. 0. 0.]
 [0. 0. 0. 0.]
 [0. 0. 0. 0.]
 [0. 0. 0. 0.]
 [0. 0. 0. 0.]
 [0. 0. 0. 0.]
 [0. 0. 0. 0.]
 [0. 0. 0. 0.]
 [0. 0. 0. 0.]
 [0. 0. 0. 0.]
 [0. 0. 0. 0.]
 [0. 0. 0. 0.]
 [0. 0. 0. 0.]
 [0. 0. 0. 0.]
 [0. 0. 0. 0.]
 [0. 0. 0. 0.]
 [0. 0. 0. 0.]
 [0. 0. 0. 0.]
 [0. 0. 0. 0.]
 [0. 0. 0. 0.]]
