Baseline:
[-0.5330261  -0.5502037  -0.520769   -0.5370854  -0.520769   -0.5370854
 -0.520769   -0.50421864 -0.520769   -0.50421864 -0.47422004 -0.47422004
 -0.50421864 -0.48769838 -0.48769838 -0.47041026 -0.48769838 -0.50421864
 -0.48769838 -0.50421864 -0.520769   -0.49048123 -0.45914653 -0.49048123
 -0.45914653 -0.45914653]
Returns:
[-11.46962977 -11.23124393 -10.9426033  -10.67457132 -10.32286912
 -10.02221954  -9.63618304  -9.26844109  -8.9472267   -8.54322389
  -8.18674668  -7.81749452  -7.40533905  -6.95858245  -6.55246112
  -6.09864558  -5.68010859  -5.20498732  -4.64242273  -4.11268642
  -3.52011652  -2.86458757  -2.21452602  -1.50569649  -0.78411436]
Advants:
[-8.54386099 -8.4148079  -8.28487278 -8.13201311 -7.92894442 -7.74576422
 -7.50979206 -7.29288046 -7.09038832 -6.83774888 -6.64747033 -6.41460061
 -6.10677211 -5.80899791 -5.53406233 -5.22639515 -4.91692837 -4.5472039
 -4.11657445 -3.67867007 -3.16829349 -2.63087038 -2.08830669 -1.40790197
 -0.76115704]
Mus:
[[0.26506147 0.27183095 0.26759323 0.19551438]
 [0.2684251  0.2713609  0.26501128 0.19520278]
 [0.26807493 0.2686845  0.2666398  0.19660072]
 [0.27073106 0.2681101  0.2649357  0.19622315]
 [0.26807493 0.2686845  0.2666398  0.19660072]
 [0.27073106 0.2681101  0.2649357  0.19622315]
 [0.26807493 0.2686845  0.2666398  0.19660072]
 [0.2649989  0.26888382 0.26909265 0.19702458]
 [0.26807493 0.2686845  0.2666398  0.19660072]
 [0.2649989  0.26888382 0.26909265 0.19702458]
 [0.26433307 0.26634073 0.27074865 0.19857754]
 [0.26433307 0.26634073 0.27074865 0.19857754]
 [0.2649989  0.26888382 0.26909265 0.19702458]
 [0.26133934 0.26890627 0.27210242 0.19765206]
 [0.26133934 0.26890627 0.27210242 0.19765206]
 [0.25725248 0.26884857 0.2747546  0.19914436]
 [0.26133934 0.26890627 0.27210242 0.19765206]
 [0.2649989  0.26888382 0.26909265 0.19702458]
 [0.26133934 0.26890627 0.27210242 0.19765206]
 [0.2649989  0.26888382 0.26909265 0.19702458]
 [0.26807493 0.2686845  0.2666398  0.19660072]
 [0.2674641  0.2657798  0.26870856 0.19804758]
 [0.2667143  0.2626433  0.2712128  0.19942966]
 [0.2674641  0.2657798  0.26870856 0.19804758]
 [0.2667143  0.2626433  0.2712128  0.19942966]]
Actions:
[[1. 0. 0. 0.]
 [0. 0. 0. 1.]
 [1. 0. 0. 0.]
 [0. 0. 1. 0.]
 [1. 0. 0. 0.]
 [0. 0. 1. 0.]
 [0. 0. 1. 0.]
 [1. 0. 0. 0.]
 [0. 0. 1. 0.]
 [0. 0. 0. 1.]
 [0. 0. 1. 0.]
 [0. 1. 0. 0.]
 [0. 0. 1. 0.]
 [0. 0. 0. 1.]
 [0. 0. 1. 0.]
 [1. 0. 0. 0.]
 [1. 0. 0. 0.]
 [0. 0. 1. 0.]
 [1. 0. 0. 0.]
 [1. 0. 0. 0.]
 [0. 0. 0. 1.]
 [0. 0. 0. 1.]
 [0. 1. 0. 0.]
 [0. 0. 0. 1.]
 [0. 1. 0. 0.]]
States:
[[0.6 0.4]
 [0.7 0.4]
 [0.7 0.3]
 [0.8 0.3]
 [0.7 0.3]
 [0.8 0.3]
 [0.7 0.3]
 [0.6 0.3]
 [0.7 0.3]
 [0.6 0.3]
 [0.6 0.2]
 [0.6 0.2]
 [0.6 0.3]
 [0.5 0.3]
 [0.5 0.3]
 [0.4 0.3]
 [0.5 0.3]
 [0.6 0.3]
 [0.5 0.3]
 [0.6 0.3]
 [0.7 0.3]
 [0.7 0.2]
 [0.7 0.1]
 [0.7 0.2]
 [0.7 0.1]]
Logstds:
[[0. 0. 0. 0.]
 [0. 0. 0. 0.]
 [0. 0. 0. 0.]
 [0. 0. 0. 0.]
 [0. 0. 0. 0.]
 [0. 0. 0. 0.]
 [0. 0. 0. 0.]
 [0. 0. 0. 0.]
 [0. 0. 0. 0.]
 [0. 0. 0. 0.]
 [0. 0. 0. 0.]
 [0. 0. 0. 0.]
 [0. 0. 0. 0.]
 [0. 0. 0. 0.]
 [0. 0. 0. 0.]
 [0. 0. 0. 0.]
 [0. 0. 0. 0.]
 [0. 0. 0. 0.]
 [0. 0. 0. 0.]
 [0. 0. 0. 0.]
 [0. 0. 0. 0.]
 [0. 0. 0. 0.]
 [0. 0. 0. 0.]
 [0. 0. 0. 0.]
 [0. 0. 0. 0.]]
