Baseline:
[1.1138872  1.098651   1.1448975  1.1448975  1.1625502  1.1625502
 1.1448975  1.098651   1.0505126  1.098651   1.080957   1.034792
 1.0181787  1.063323   1.0181787  0.97289634 0.9864167  1.034792
 0.9864167  1.0006362  0.9534365  0.9365146  0.9864167  1.0006362
 0.9864167  0.9864167 ]
Returns:
[-3.84057684 -3.76403578 -3.64220062 -3.49743935 -3.40636827 -3.2354451
 -3.11077377 -2.97365737 -2.84502418 -2.69130683 -2.56495539 -2.42485966
 -2.31115205 -2.15576167 -2.0040883  -1.86036413 -1.74116541 -1.55895002
 -1.38150512 -1.2286779  -1.038296   -0.873061   -0.6620525  -0.47135935
 -0.26016271]
Advants:
[-3.64449654 -3.59151921 -3.55569782 -3.44961441 -3.41589815 -3.28277287
 -3.17706479 -3.02776617 -2.88249336 -2.80783134 -2.6928815  -2.53243413
 -2.42609522 -2.33846437 -2.1601013  -1.98527587 -1.89171832 -1.76689207
 -1.54386961 -1.40401104 -1.15772411 -0.96048661 -0.77803229 -0.57293419
 -0.30948353]
Mus:
[[0.25941777 0.30208194 0.22850005 0.21000017]
 [0.25953948 0.30044404 0.22928064 0.21073581]
 [0.25934857 0.30337563 0.22730306 0.20997274]
 [0.25934857 0.30337563 0.22730306 0.20997274]
 [0.25929862 0.30494922 0.22654337 0.20920882]
 [0.25929862 0.30494922 0.22654337 0.20920882]
 [0.25934857 0.30337563 0.22730306 0.20997274]
 [0.25953948 0.30044404 0.22928064 0.21073581]
 [0.25957286 0.2974508  0.23138697 0.21158926]
 [0.25953948 0.30044404 0.22928064 0.21073581]
 [0.25962454 0.2985617  0.2302689  0.21154492]
 [0.25969306 0.2955919  0.23233508 0.21237999]
 [0.25962207 0.2935534  0.23368803 0.21313655]
 [0.2591561  0.2966036  0.23169684 0.2125435 ]
 [0.25962207 0.2935534  0.23368803 0.21313655]
 [0.2597676  0.29067332 0.23568544 0.21387368]
 [0.2596946  0.292632   0.2344327  0.21324068]
 [0.25969306 0.2955919  0.23233508 0.21237999]
 [0.2596946  0.292632   0.2344327  0.21324068]
 [0.259691   0.29433227 0.23337223 0.2126045 ]
 [0.26016685 0.29051405 0.23579814 0.21352105]
 [0.2596395  0.28929067 0.23689438 0.21417549]
 [0.2596946  0.292632   0.2344327  0.21324068]
 [0.259691   0.29433227 0.23337223 0.2126045 ]
 [0.2596946  0.292632   0.2344327  0.21324068]]
Actions:
[[0. 0. 1. 0.]
 [0. 1. 0. 0.]
 [0. 1. 0. 0.]
 [1. 0. 0. 0.]
 [0. 1. 0. 0.]
 [0. 0. 1. 0.]
 [0. 0. 0. 1.]
 [0. 0. 0. 1.]
 [0. 1. 0. 0.]
 [0. 0. 1. 0.]
 [0. 0. 0. 1.]
 [0. 0. 1. 0.]
 [0. 1. 0. 0.]
 [0. 0. 0. 1.]
 [0. 0. 0. 1.]
 [1. 0. 0. 0.]
 [0. 1. 0. 0.]
 [0. 0. 0. 1.]
 [1. 0. 0. 0.]
 [0. 0. 0. 1.]
 [0. 0. 1. 0.]
 [0. 1. 0. 0.]
 [1. 0. 0. 0.]
 [0. 0. 1. 0.]
 [0. 1. 0. 0.]]
States:
[[0.9 0.9]
 [0.8 0.9]
 [0.8 1. ]
 [0.8 1. ]
 [0.9 1. ]
 [0.9 1. ]
 [0.8 1. ]
 [0.8 0.9]
 [0.8 0.8]
 [0.8 0.9]
 [0.7 0.9]
 [0.7 0.8]
 [0.6 0.8]
 [0.6 0.9]
 [0.6 0.8]
 [0.6 0.7]
 [0.7 0.7]
 [0.7 0.8]
 [0.7 0.7]
 [0.8 0.7]
 [0.8 0.6]
 [0.7 0.6]
 [0.7 0.7]
 [0.8 0.7]
 [0.7 0.7]]
Logstds:
[[0. 0. 0. 0.]
 [0. 0. 0. 0.]
 [0. 0. 0. 0.]
 [0. 0. 0. 0.]
 [0. 0. 0. 0.]
 [0. 0. 0. 0.]
 [0. 0. 0. 0.]
 [0. 0. 0. 0.]
 [0. 0. 0. 0.]
 [0. 0. 0. 0.]
 [0. 0. 0. 0.]
 [0. 0. 0. 0.]
 [0. 0. 0. 0.]
 [0. 0. 0. 0.]
 [0. 0. 0. 0.]
 [0. 0. 0. 0.]
 [0. 0. 0. 0.]
 [0. 0. 0. 0.]
 [0. 0. 0. 0.]
 [0. 0. 0. 0.]
 [0. 0. 0. 0.]
 [0. 0. 0. 0.]
 [0. 0. 0. 0.]
 [0. 0. 0. 0.]
 [0. 0. 0. 0.]]
