Baseline:
[-0.7083239  -0.69407976 -0.7083239  -0.74206626 -0.7564918  -0.7564918
 -0.7564918  -0.7564918  -0.74206626 -0.7083239  -0.7226828  -0.7083239
 -0.69407976 -0.68287086 -0.6460434  -0.6597347  -0.69407976 -0.7083239
 -0.74206626 -0.7083239  -0.69407976 -0.7306465  -0.69407976 -0.7306465
 -0.71930176 -0.71930176]
Returns:
[-15.34783711 -15.0220506  -14.76126067 -14.39840007 -14.03275616
 -13.6105577  -13.16613828 -12.69832835 -12.15899992 -11.65539667
 -11.1801442  -10.59741172 -10.02160282  -9.45385325  -8.91438497
  -8.40416564  -7.77935871  -7.13737446  -6.3732567   -5.56514064
  -4.72447537  -3.87105752  -2.96650498  -2.02056238  -0.99615997]
Advants:
[-11.41618719 -11.27319176 -11.17255652 -10.95294293 -10.75318524
 -10.51360123 -10.25360773  -9.97146611  -9.63181388  -9.34845289
  -9.04608636  -8.66332968  -8.28582603  -7.91181363  -7.59170462
  -7.24967163  -6.76750482  -6.28304276  -5.6469052   -5.02408103
  -4.33656     -3.5697829   -2.80865526  -1.91172024  -0.96019489]
Mus:
[[0.2725661  0.28009844 0.25645533 0.1908801 ]
 [0.27068874 0.28129444 0.25799772 0.1900191 ]
 [0.2725661  0.28009844 0.25645533 0.1908801 ]
 [0.27166337 0.28295982 0.255776   0.18960084]
 [0.27305228 0.28239107 0.25450468 0.19005197]
 [0.27305228 0.28239107 0.25450468 0.19005197]
 [0.27305228 0.28239107 0.25450468 0.19005197]
 [0.27305228 0.28239107 0.25450468 0.19005197]
 [0.27166337 0.28295982 0.255776   0.18960084]
 [0.2725661  0.28009844 0.25645533 0.1908801 ]
 [0.27422976 0.27943453 0.254839   0.19149671]
 [0.2725661  0.28009844 0.25645533 0.1908801 ]
 [0.27068874 0.28129444 0.25799772 0.1900191 ]
 [0.26765636 0.28250727 0.25977683 0.19005963]
 [0.2689665  0.279596   0.2607683  0.19066921]
 [0.27150512 0.2785818  0.2586924  0.19122064]
 [0.27068874 0.28129444 0.25799772 0.1900191 ]
 [0.2725661  0.28009844 0.25645533 0.1908801 ]
 [0.27166337 0.28295982 0.255776   0.18960084]
 [0.2725661  0.28009844 0.25645533 0.1908801 ]
 [0.27068874 0.28129444 0.25799772 0.1900191 ]
 [0.2695251  0.2841426  0.25720325 0.189129  ]
 [0.27068874 0.28129444 0.25799772 0.1900191 ]
 [0.2695251  0.2841426  0.25720325 0.189129  ]
 [0.26682475 0.28523836 0.25864798 0.18928894]]
Actions:
[[0. 0. 1. 0.]
 [1. 0. 0. 0.]
 [0. 1. 0. 0.]
 [1. 0. 0. 0.]
 [1. 0. 0. 0.]
 [1. 0. 0. 0.]
 [1. 0. 0. 0.]
 [0. 0. 1. 0.]
 [0. 0. 0. 1.]
 [1. 0. 0. 0.]
 [0. 0. 1. 0.]
 [0. 0. 1. 0.]
 [0. 0. 1. 0.]
 [0. 0. 0. 1.]
 [1. 0. 0. 0.]
 [0. 1. 0. 0.]
 [1. 0. 0. 0.]
 [0. 1. 0. 0.]
 [0. 0. 0. 1.]
 [0. 0. 1. 0.]
 [0. 1. 0. 0.]
 [0. 0. 0. 1.]
 [0. 1. 0. 0.]
 [0. 0. 1. 0.]
 [1. 0. 0. 0.]]
States:
[[0.9 0.8]
 [0.8 0.8]
 [0.9 0.8]
 [0.9 0.9]
 [1.  0.9]
 [1.  0.9]
 [1.  0.9]
 [1.  0.9]
 [0.9 0.9]
 [0.9 0.8]
 [1.  0.8]
 [0.9 0.8]
 [0.8 0.8]
 [0.7 0.8]
 [0.7 0.7]
 [0.8 0.7]
 [0.8 0.8]
 [0.9 0.8]
 [0.9 0.9]
 [0.9 0.8]
 [0.8 0.8]
 [0.8 0.9]
 [0.8 0.8]
 [0.8 0.9]
 [0.7 0.9]]
Logstds:
[[0. 0. 0. 0.]
 [0. 0. 0. 0.]
 [0. 0. 0. 0.]
 [0. 0. 0. 0.]
 [0. 0. 0. 0.]
 [0. 0. 0. 0.]
 [0. 0. 0. 0.]
 [0. 0. 0. 0.]
 [0. 0. 0. 0.]
 [0. 0. 0. 0.]
 [0. 0. 0. 0.]
 [0. 0. 0. 0.]
 [0. 0. 0. 0.]
 [0. 0. 0. 0.]
 [0. 0. 0. 0.]
 [0. 0. 0. 0.]
 [0. 0. 0. 0.]
 [0. 0. 0. 0.]
 [0. 0. 0. 0.]
 [0. 0. 0. 0.]
 [0. 0. 0. 0.]
 [0. 0. 0. 0.]
 [0. 0. 0. 0.]
 [0. 0. 0. 0.]
 [0. 0. 0. 0.]]
