Baseline:
[0.11899203 0.11847377 0.11438155 0.11406735 0.11898663 0.11755113
 0.12109429 0.1203568  0.12368396 0.1228007  0.11809152 0.11391556
 0.10797264 0.10347324 0.103963   0.10489653 0.103963   0.103963
 0.103963   0.10347324 0.103963   0.10347324 0.10242918 0.10347324
 0.10242918 0.10242918]
Returns:
[-7.91343704 -7.80125408 -7.70871073 -7.58286069 -7.48183813 -7.29036886
 -7.11843497 -6.85486261 -6.60399961 -6.26063912 -5.90903726 -5.56934498
 -5.23980728 -4.92105419 -4.61413026 -4.32787211 -3.995288   -3.66745634
 -3.32237037 -2.96555754 -2.55571274 -2.1585495  -1.65824082 -1.16090683
 -0.60809064]
Advants:
[-6.10735115 -6.07559798 -6.06381748 -6.02583487 -6.0224529  -5.92420197
 -5.85332043 -5.68665174 -5.53741914 -5.28920603 -5.02608635 -4.77271307
 -4.5250607  -4.28712082 -4.06378945 -3.85982243 -3.60427804 -3.35092282
 -3.07598497 -2.78375562 -2.43235678 -2.08529855 -1.6233449  -1.15446118
 -0.61321211]
Mus:
[[0.25309172 0.26599646 0.27871954 0.20219229]
 [0.2526539  0.2689793  0.27774104 0.20062578]
 [0.24827895 0.26860222 0.2809211  0.20219773]
 [0.24885069 0.2715303  0.2792185  0.20040055]
 [0.2523132  0.27232686 0.27621904 0.19914082]
 [0.25213057 0.2755329  0.27473772 0.19759884]
 [0.25602612 0.27602908 0.2717875  0.19615735]
 [0.25606734 0.27875936 0.27041394 0.19475937]
 [0.26045677 0.2785319  0.2674665  0.19354479]
 [0.26061618 0.28126755 0.26584566 0.19227064]
 [0.2569528  0.28054097 0.26900348 0.19350275]
 [0.2541132  0.27939978 0.27173036 0.19475664]
 [0.25160366 0.27844897 0.27444822 0.19549908]
 [0.24924172 0.27718598 0.2775636  0.19600873]
 [0.24626715 0.27472165 0.2823628  0.19664836]
 [0.24515374 0.27291837 0.2831931  0.19873483]
 [0.24626715 0.27472165 0.2823628  0.19664836]
 [0.24626715 0.27472165 0.2823628  0.19664836]
 [0.24626715 0.27472165 0.2823628  0.19664836]
 [0.24924172 0.27718598 0.2775636  0.19600873]
 [0.24626715 0.27472165 0.2823628  0.19664836]
 [0.24924172 0.27718598 0.2775636  0.19600873]
 [0.25051224 0.2786596  0.2766165  0.19421163]
 [0.24924172 0.27718598 0.2775636  0.19600873]
 [0.25051224 0.2786596  0.2766165  0.19421163]]
Actions:
[[0. 1. 0. 0.]
 [0. 0. 1. 0.]
 [0. 1. 0. 0.]
 [1. 0. 0. 0.]
 [0. 1. 0. 0.]
 [1. 0. 0. 0.]
 [0. 1. 0. 0.]
 [1. 0. 0. 0.]
 [0. 1. 0. 0.]
 [0. 0. 1. 0.]
 [0. 0. 1. 0.]
 [0. 0. 1. 0.]
 [0. 0. 1. 0.]
 [0. 0. 1. 0.]
 [0. 0. 0. 1.]
 [0. 1. 0. 0.]
 [0. 0. 1. 0.]
 [0. 0. 1. 0.]
 [1. 0. 0. 0.]
 [0. 0. 1. 0.]
 [1. 0. 0. 0.]
 [0. 1. 0. 0.]
 [0. 0. 0. 1.]
 [0. 1. 0. 0.]
 [0. 1. 0. 0.]]
States:
[[0.3 0.2]
 [0.3 0.3]
 [0.2 0.3]
 [0.2 0.4]
 [0.3 0.4]
 [0.3 0.5]
 [0.4 0.5]
 [0.4 0.6]
 [0.5 0.6]
 [0.5 0.7]
 [0.4 0.7]
 [0.3 0.7]
 [0.2 0.7]
 [0.1 0.7]
 [0.  0.7]
 [0.  0.6]
 [0.  0.7]
 [0.  0.7]
 [0.  0.7]
 [0.1 0.7]
 [0.  0.7]
 [0.1 0.7]
 [0.1 0.8]
 [0.1 0.7]
 [0.1 0.8]]
Logstds:
[[0. 0. 0. 0.]
 [0. 0. 0. 0.]
 [0. 0. 0. 0.]
 [0. 0. 0. 0.]
 [0. 0. 0. 0.]
 [0. 0. 0. 0.]
 [0. 0. 0. 0.]
 [0. 0. 0. 0.]
 [0. 0. 0. 0.]
 [0. 0. 0. 0.]
 [0. 0. 0. 0.]
 [0. 0. 0. 0.]
 [0. 0. 0. 0.]
 [0. 0. 0. 0.]
 [0. 0. 0. 0.]
 [0. 0. 0. 0.]
 [0. 0. 0. 0.]
 [0. 0. 0. 0.]
 [0. 0. 0. 0.]
 [0. 0. 0. 0.]
 [0. 0. 0. 0.]
 [0. 0. 0. 0.]
 [0. 0. 0. 0.]
 [0. 0. 0. 0.]
 [0. 0. 0. 0.]]
