Baseline:
[-1.7137887 -1.7137887 -1.771781  -1.7137887 -1.6568294 -1.6568294
 -1.6122745 -1.6703191 -1.7137887 -1.7137887 -1.7137887 -1.771781
 -1.8317214 -1.7906264 -1.749483  -1.7906264 -1.8317214 -1.771781
 -1.7137887 -1.771781  -1.8317214 -1.8317214 -1.771781  -1.8317214
 -1.771781  -1.771781 ]
Returns:
[-18.36259017 -18.04036853 -17.64057884 -17.18987701 -16.75708191
 -16.38980556 -15.93927861 -15.5118217  -15.08159683 -14.58669133
 -14.06573818 -13.45675742 -12.77439543 -12.00819376 -11.24356172
 -10.55053596  -9.77918453  -8.87236866  -7.96018208  -7.02985627
  -6.00923633  -4.9568914   -3.79627063  -2.60546197  -1.32108176]
Advants:
[-13.09142345 -12.97110464 -12.71826668 -12.53581417 -12.37652306
 -12.23287882 -12.05703364 -11.8062474  -11.5726124  -11.32291034
 -11.05193687 -10.63561039 -10.14234866  -9.66507162  -9.18814882
  -8.69884348  -8.12699299  -7.51501718  -6.88931445  -6.11838584
  -5.24031442  -4.37516132  -3.4435775   -2.33764666  -1.23249269]
Mus:
[[0.27471393 0.27707157 0.25590095 0.19231355]
 [0.27471393 0.27707157 0.25590095 0.19231355]
 [0.27422976 0.27943453 0.254839   0.19149671]
 [0.27471393 0.27707157 0.25590095 0.19231355]
 [0.27496335 0.27492574 0.2571114  0.19299944]
 [0.27496335 0.27492574 0.2571114  0.19299944]
 [0.27345335 0.27544153 0.25820687 0.19289829]
 [0.27310598 0.2775488  0.25723097 0.19211432]
 [0.27471393 0.27707157 0.25590095 0.19231355]
 [0.27471393 0.27707157 0.25590095 0.19231355]
 [0.27471393 0.27707157 0.25590095 0.19231355]
 [0.27422976 0.27943453 0.254839   0.19149671]
 [0.27305228 0.28239107 0.25450468 0.19005197]
 [0.27166337 0.28295982 0.255776   0.18960084]
 [0.2695251  0.2841426  0.25720325 0.189129  ]
 [0.27166337 0.28295982 0.255776   0.18960084]
 [0.27305228 0.28239107 0.25450468 0.19005197]
 [0.27422976 0.27943453 0.254839   0.19149671]
 [0.27471393 0.27707157 0.25590095 0.19231355]
 [0.27422976 0.27943453 0.254839   0.19149671]
 [0.27305228 0.28239107 0.25450468 0.19005197]
 [0.27305228 0.28239107 0.25450468 0.19005197]
 [0.27422976 0.27943453 0.254839   0.19149671]
 [0.27305228 0.28239107 0.25450468 0.19005197]
 [0.27422976 0.27943453 0.254839   0.19149671]]
Actions:
[[1. 0. 0. 0.]
 [0. 1. 0. 0.]
 [0. 0. 0. 1.]
 [0. 0. 0. 1.]
 [1. 0. 0. 0.]
 [0. 0. 1. 0.]
 [0. 1. 0. 0.]
 [1. 0. 0. 0.]
 [1. 0. 0. 0.]
 [1. 0. 0. 0.]
 [0. 1. 0. 0.]
 [0. 1. 0. 0.]
 [0. 0. 1. 0.]
 [0. 0. 1. 0.]
 [1. 0. 0. 0.]
 [1. 0. 0. 0.]
 [0. 0. 0. 1.]
 [0. 0. 0. 1.]
 [0. 1. 0. 0.]
 [0. 1. 0. 0.]
 [1. 0. 0. 0.]
 [0. 0. 0. 1.]
 [0. 1. 0. 0.]
 [0. 0. 0. 1.]
 [0. 1. 0. 0.]]
States:
[[1.  0.7]
 [1.  0.7]
 [1.  0.8]
 [1.  0.7]
 [1.  0.6]
 [1.  0.6]
 [0.9 0.6]
 [0.9 0.7]
 [1.  0.7]
 [1.  0.7]
 [1.  0.7]
 [1.  0.8]
 [1.  0.9]
 [0.9 0.9]
 [0.8 0.9]
 [0.9 0.9]
 [1.  0.9]
 [1.  0.8]
 [1.  0.7]
 [1.  0.8]
 [1.  0.9]
 [1.  0.9]
 [1.  0.8]
 [1.  0.9]
 [1.  0.8]]
Logstds:
[[0. 0. 0. 0.]
 [0. 0. 0. 0.]
 [0. 0. 0. 0.]
 [0. 0. 0. 0.]
 [0. 0. 0. 0.]
 [0. 0. 0. 0.]
 [0. 0. 0. 0.]
 [0. 0. 0. 0.]
 [0. 0. 0. 0.]
 [0. 0. 0. 0.]
 [0. 0. 0. 0.]
 [0. 0. 0. 0.]
 [0. 0. 0. 0.]
 [0. 0. 0. 0.]
 [0. 0. 0. 0.]
 [0. 0. 0. 0.]
 [0. 0. 0. 0.]
 [0. 0. 0. 0.]
 [0. 0. 0. 0.]
 [0. 0. 0. 0.]
 [0. 0. 0. 0.]
 [0. 0. 0. 0.]
 [0. 0. 0. 0.]
 [0. 0. 0. 0.]
 [0. 0. 0. 0.]]
