Baseline:
[0.7843359 0.7843359 0.7942607 0.7843359 0.7942607 0.7942607 0.7942607
 0.7942607 0.7942607 0.7843359 0.77297   0.7843359 0.7843359 0.7942607
 0.7942607 0.7942607 0.7942607 0.7843359 0.7843359 0.7843359 0.7550115
 0.7646958 0.7646958 0.7942607 0.7942607 0.7942607]
Returns:
[-7.94304049 -7.75786362 -7.60942696 -7.43701268 -7.27168912 -7.02765308
 -6.81969434 -6.5518691  -6.3188691  -6.07853072 -5.84843378 -5.62107982
 -5.31369449 -5.03661735 -4.72386725 -4.39465662 -4.04811912 -3.68826758
 -3.2791553  -2.84851079 -2.46651711 -2.06107555 -1.61286823 -1.09443129
 -0.52527642]
Advants:
[-6.53412771 -6.42630585 -6.36745478 -6.26592326 -6.19340964 -6.03177203
 -5.90679929 -5.72074615 -5.56927798 -5.39975202 -5.23843625 -5.10274268
 -4.87298514 -4.68181104 -4.44183891 -4.18142423 -3.89882555 -3.58699843
 -3.22811889 -2.83866742 -2.4593303  -2.08603848 -1.64834826 -1.15576949
 -0.56498945]
Mus:
[[0.2706434  0.28583634 0.2552865  0.18823378]
 [0.2706434  0.28583634 0.2552865  0.18823378]
 [0.27188736 0.28559473 0.2541659  0.18835205]
 [0.2706434  0.28583634 0.2552865  0.18823378]
 [0.27188736 0.28559473 0.2541659  0.18835205]
 [0.27188736 0.28559473 0.2541659  0.18835205]
 [0.27188736 0.28559473 0.2541659  0.18835205]
 [0.27188736 0.28559473 0.2541659  0.18835205]
 [0.27188736 0.28559473 0.2541659  0.18835205]
 [0.2706434  0.28583634 0.2552865  0.18823378]
 [0.26870295 0.2868224  0.25630587 0.18816872]
 [0.2706434  0.28583634 0.2552865  0.18823378]
 [0.2706434  0.28583634 0.2552865  0.18823378]
 [0.27188736 0.28559473 0.2541659  0.18835205]
 [0.27188736 0.28559473 0.2541659  0.18835205]
 [0.27188736 0.28559473 0.2541659  0.18835205]
 [0.27188736 0.28559473 0.2541659  0.18835205]
 [0.2706434  0.28583634 0.2552865  0.18823378]
 [0.2706434  0.28583634 0.2552865  0.18823378]
 [0.2706434  0.28583634 0.2552865  0.18823378]
 [0.27166337 0.28295982 0.255776   0.18960084]
 [0.27305228 0.28239107 0.25450468 0.19005197]
 [0.27305228 0.28239107 0.25450468 0.19005197]
 [0.27188736 0.28559473 0.2541659  0.18835205]
 [0.27188736 0.28559473 0.2541659  0.18835205]]
Actions:
[[0. 1. 0. 0.]
 [1. 0. 0. 0.]
 [0. 0. 1. 0.]
 [1. 0. 0. 0.]
 [0. 1. 0. 0.]
 [1. 0. 0. 0.]
 [0. 1. 0. 0.]
 [1. 0. 0. 0.]
 [0. 0. 1. 0.]
 [0. 0. 1. 0.]
 [1. 0. 0. 0.]
 [0. 1. 0. 0.]
 [1. 0. 0. 0.]
 [1. 0. 0. 0.]
 [1. 0. 0. 0.]
 [1. 0. 0. 0.]
 [0. 0. 1. 0.]
 [0. 1. 0. 0.]
 [0. 1. 0. 0.]
 [0. 0. 0. 1.]
 [1. 0. 0. 0.]
 [1. 0. 0. 0.]
 [0. 1. 0. 0.]
 [0. 1. 0. 0.]
 [0. 0. 0. 1.]]
States:
[[0.9 1. ]
 [0.9 1. ]
 [1.  1. ]
 [0.9 1. ]
 [1.  1. ]
 [1.  1. ]
 [1.  1. ]
 [1.  1. ]
 [1.  1. ]
 [0.9 1. ]
 [0.8 1. ]
 [0.9 1. ]
 [0.9 1. ]
 [1.  1. ]
 [1.  1. ]
 [1.  1. ]
 [1.  1. ]
 [0.9 1. ]
 [0.9 1. ]
 [0.9 1. ]
 [0.9 0.9]
 [1.  0.9]
 [1.  0.9]
 [1.  1. ]
 [1.  1. ]]
Logstds:
[[0. 0. 0. 0.]
 [0. 0. 0. 0.]
 [0. 0. 0. 0.]
 [0. 0. 0. 0.]
 [0. 0. 0. 0.]
 [0. 0. 0. 0.]
 [0. 0. 0. 0.]
 [0. 0. 0. 0.]
 [0. 0. 0. 0.]
 [0. 0. 0. 0.]
 [0. 0. 0. 0.]
 [0. 0. 0. 0.]
 [0. 0. 0. 0.]
 [0. 0. 0. 0.]
 [0. 0. 0. 0.]
 [0. 0. 0. 0.]
 [0. 0. 0. 0.]
 [0. 0. 0. 0.]
 [0. 0. 0. 0.]
 [0. 0. 0. 0.]
 [0. 0. 0. 0.]
 [0. 0. 0. 0.]
 [0. 0. 0. 0.]
 [0. 0. 0. 0.]
 [0. 0. 0. 0.]]
