Baseline:
[-1.490001  -1.4238857 -1.3904563 -1.4569004 -1.4569004 -1.4569004
 -1.490001  -1.5561165 -1.5229002 -1.4569004 -1.5229002 -1.5229002
 -1.5229002 -1.4569004 -1.490001  -1.4569004 -1.4569004 -1.490001
 -1.4569004 -1.5229002 -1.5229002 -1.4569004 -1.3904563 -1.4238857
 -1.3904563 -1.3904563]
Returns:
[-14.2553518  -13.92625108 -13.63645751 -13.35540885 -13.03161496
 -12.69077929 -12.38840795 -11.96726473 -11.48817673 -11.00662925
 -10.54907681 -10.03531659  -9.49451635  -8.90803937  -8.40657646
  -7.78331362  -7.16625156  -6.57311561  -5.85335482  -5.12457742
  -4.32531723  -3.46677714  -2.60664061  -1.81231276  -0.88494349]
Advants:
[-10.10277245  -9.99964051  -9.90881862  -9.7302229   -9.57969961
  -9.41635365  -9.26311594  -8.9585457   -8.69713527  -8.46891066
  -8.13244657  -7.80582265  -7.45137454  -7.11702707  -6.76791618
  -6.3607523   -5.92319325  -5.472383    -4.95485628  -4.31903976
  -3.66756241  -3.01088259  -2.3400769   -1.62007414  -0.81542051]
Mus:
[[0.2516098  0.28013137 0.27568707 0.19257182]
 [0.25051224 0.2786596  0.2766165  0.19421163]
 [0.24768008 0.27621937 0.2814319  0.19466865]
 [0.24847582 0.2775015  0.280943   0.19307972]
 [0.24847582 0.2775015  0.280943   0.19307972]
 [0.24847582 0.2775015  0.280943   0.19307972]
 [0.2516098  0.28013137 0.27568707 0.19257182]
 [0.25180733 0.2815765  0.27556732 0.19104876]
 [0.24891886 0.2795183  0.28047144 0.19109136]
 [0.24847582 0.2775015  0.280943   0.19307972]
 [0.24891886 0.2795183  0.28047144 0.19109136]
 [0.24891886 0.2795183  0.28047144 0.19109136]
 [0.24891886 0.2795183  0.28047144 0.19109136]
 [0.24847582 0.2775015  0.280943   0.19307972]
 [0.2516098  0.28013137 0.27568707 0.19257182]
 [0.24847582 0.2775015  0.280943   0.19307972]
 [0.24847582 0.2775015  0.280943   0.19307972]
 [0.2516098  0.28013137 0.27568707 0.19257182]
 [0.24847582 0.2775015  0.280943   0.19307972]
 [0.24891886 0.2795183  0.28047144 0.19109136]
 [0.24891886 0.2795183  0.28047144 0.19109136]
 [0.24847582 0.2775015  0.280943   0.19307972]
 [0.24768008 0.27621937 0.2814319  0.19466865]
 [0.25051224 0.2786596  0.2766165  0.19421163]
 [0.24768008 0.27621937 0.2814319  0.19466865]]
Actions:
[[0. 0. 0. 1.]
 [0. 0. 1. 0.]
 [0. 1. 0. 0.]
 [0. 0. 1. 0.]
 [0. 0. 1. 0.]
 [1. 0. 0. 0.]
 [0. 1. 0. 0.]
 [0. 0. 1. 0.]
 [0. 0. 0. 1.]
 [0. 1. 0. 0.]
 [0. 0. 1. 0.]
 [0. 0. 1. 0.]
 [0. 0. 0. 1.]
 [1. 0. 0. 0.]
 [0. 0. 1. 0.]
 [0. 0. 1. 0.]
 [1. 0. 0. 0.]
 [0. 0. 1. 0.]
 [0. 1. 0. 0.]
 [0. 0. 1. 0.]
 [0. 0. 0. 1.]
 [0. 0. 0. 1.]
 [1. 0. 0. 0.]
 [0. 0. 1. 0.]
 [1. 0. 0. 0.]]
States:
[[0.1 0.9]
 [0.1 0.8]
 [0.  0.8]
 [0.  0.9]
 [0.  0.9]
 [0.  0.9]
 [0.1 0.9]
 [0.1 1. ]
 [0.  1. ]
 [0.  0.9]
 [0.  1. ]
 [0.  1. ]
 [0.  1. ]
 [0.  0.9]
 [0.1 0.9]
 [0.  0.9]
 [0.  0.9]
 [0.1 0.9]
 [0.  0.9]
 [0.  1. ]
 [0.  1. ]
 [0.  0.9]
 [0.  0.8]
 [0.1 0.8]
 [0.  0.8]]
Logstds:
[[0. 0. 0. 0.]
 [0. 0. 0. 0.]
 [0. 0. 0. 0.]
 [0. 0. 0. 0.]
 [0. 0. 0. 0.]
 [0. 0. 0. 0.]
 [0. 0. 0. 0.]
 [0. 0. 0. 0.]
 [0. 0. 0. 0.]
 [0. 0. 0. 0.]
 [0. 0. 0. 0.]
 [0. 0. 0. 0.]
 [0. 0. 0. 0.]
 [0. 0. 0. 0.]
 [0. 0. 0. 0.]
 [0. 0. 0. 0.]
 [0. 0. 0. 0.]
 [0. 0. 0. 0.]
 [0. 0. 0. 0.]
 [0. 0. 0. 0.]
 [0. 0. 0. 0.]
 [0. 0. 0. 0.]
 [0. 0. 0. 0.]
 [0. 0. 0. 0.]
 [0. 0. 0. 0.]]
