Baseline:
[-0.8583739  -0.8826419  -0.8583739  -0.8583739  -0.8366417  -0.86110353
 -0.8826419  -0.8583739  -0.8826419  -0.86110353 -0.8826419  -0.9041802
 -0.8826419  -0.90937626 -0.9403778  -0.9705694  -0.9705694  -0.9705694
 -0.9912814  -0.9705694  -0.9912814  -0.9705694  -0.9705694  -0.9705694
 -0.9912814  -0.9912814 ]
Returns:
[-11.95156638 -11.78335916 -11.49939172 -11.23783782 -11.00305761
 -10.81600974 -10.59353438 -10.24694458  -9.98902042  -9.65364991
  -9.36999771  -9.04089573  -8.62155842  -8.23713402  -7.79237764
  -7.28409359  -6.71002259  -6.10573733  -5.50854433  -4.79121842
  -4.1248402   -3.33468776  -2.5527533   -1.7296644   -0.90215176]
Advants:
[-8.62943958 -8.56421967 -8.43458422 -8.30608475 -8.23083664 -8.16232404
 -8.06594215 -7.89385983 -7.76597794 -7.60989527 -7.46645352 -7.28049653
 -7.0491066  -6.80581655 -6.49751354 -6.12410378 -5.71140541 -5.26355043
 -4.79629117 -4.24161134 -3.68729595 -3.03814393 -2.3625613  -1.62942769
 -0.8525877 ]
Mus:
[[0.2614564  0.26650968 0.25328302 0.21875083]
 [0.26159337 0.27103916 0.25024092 0.2171265 ]
 [0.2614564  0.26650968 0.25328302 0.21875083]
 [0.2614564  0.26650968 0.25328302 0.21875083]
 [0.2615571  0.2665519  0.25272617 0.21916476]
 [0.26190236 0.27079847 0.2499197  0.21737947]
 [0.26159337 0.27103916 0.25024092 0.2171265 ]
 [0.2614564  0.26650968 0.25328302 0.21875083]
 [0.26159337 0.27103916 0.25024092 0.2171265 ]
 [0.26190236 0.27079847 0.2499197  0.21737947]
 [0.26159337 0.27103916 0.25024092 0.2171265 ]
 [0.26139447 0.27110624 0.25089577 0.21660353]
 [0.26159337 0.27103916 0.25024092 0.2171265 ]
 [0.261404   0.2761095  0.24711935 0.2153671 ]
 [0.26145628 0.28072163 0.24355027 0.2142718 ]
 [0.26168966 0.28449368 0.24018049 0.21363623]
 [0.26168966 0.28449368 0.24018049 0.21363623]
 [0.26168966 0.28449368 0.24018049 0.21363623]
 [0.26213208 0.28531942 0.23953825 0.21301027]
 [0.26168966 0.28449368 0.24018049 0.21363623]
 [0.26213208 0.28531942 0.23953825 0.21301027]
 [0.26168966 0.28449368 0.24018049 0.21363623]
 [0.26168966 0.28449368 0.24018049 0.21363623]
 [0.26168966 0.28449368 0.24018049 0.21363623]
 [0.26213208 0.28531942 0.23953825 0.21301027]]
Actions:
[[0. 1. 0. 0.]
 [0. 0. 0. 1.]
 [0. 0. 0. 1.]
 [0. 0. 1. 0.]
 [0. 1. 0. 0.]
 [1. 0. 0. 0.]
 [0. 0. 0. 1.]
 [0. 1. 0. 0.]
 [0. 0. 1. 0.]
 [1. 0. 0. 0.]
 [1. 0. 0. 0.]
 [0. 0. 1. 0.]
 [0. 1. 0. 0.]
 [0. 1. 0. 0.]
 [0. 1. 0. 0.]
 [0. 1. 0. 0.]
 [0. 1. 0. 0.]
 [1. 0. 0. 0.]
 [0. 0. 1. 0.]
 [1. 0. 0. 0.]
 [0. 0. 1. 0.]
 [0. 1. 0. 0.]
 [0. 1. 0. 0.]
 [1. 0. 0. 0.]
 [1. 0. 0. 0.]]
States:
[[0.9 0. ]
 [0.9 0.1]
 [0.9 0. ]
 [0.9 0. ]
 [0.8 0. ]
 [0.8 0.1]
 [0.9 0.1]
 [0.9 0. ]
 [0.9 0.1]
 [0.8 0.1]
 [0.9 0.1]
 [1.  0.1]
 [0.9 0.1]
 [0.9 0.2]
 [0.9 0.3]
 [0.9 0.4]
 [0.9 0.4]
 [0.9 0.4]
 [1.  0.4]
 [0.9 0.4]
 [1.  0.4]
 [0.9 0.4]
 [0.9 0.4]
 [0.9 0.4]
 [1.  0.4]]
Logstds:
[[0. 0. 0. 0.]
 [0. 0. 0. 0.]
 [0. 0. 0. 0.]
 [0. 0. 0. 0.]
 [0. 0. 0. 0.]
 [0. 0. 0. 0.]
 [0. 0. 0. 0.]
 [0. 0. 0. 0.]
 [0. 0. 0. 0.]
 [0. 0. 0. 0.]
 [0. 0. 0. 0.]
 [0. 0. 0. 0.]
 [0. 0. 0. 0.]
 [0. 0. 0. 0.]
 [0. 0. 0. 0.]
 [0. 0. 0. 0.]
 [0. 0. 0. 0.]
 [0. 0. 0. 0.]
 [0. 0. 0. 0.]
 [0. 0. 0. 0.]
 [0. 0. 0. 0.]
 [0. 0. 0. 0.]
 [0. 0. 0. 0.]
 [0. 0. 0. 0.]
 [0. 0. 0. 0.]]
