Baseline:
[0.4655875  0.4901175  0.5003016  0.47652522 0.5003016  0.47652522
 0.4655875  0.4901175  0.5003016  0.4901175  0.4655875  0.47652522
 0.5003016  0.4901175  0.4655875  0.44441926 0.4655875  0.457232
 0.4367569  0.4367569  0.457232   0.4367569  0.4367569  0.457232
 0.457232   0.457232  ]
Returns:
[-6.19343473 -6.07030255 -5.94926916 -5.76179252 -5.59407357 -5.38790243
 -5.22665945 -5.05264436 -4.87805001 -4.66493599 -4.42804316 -4.2415254
 -3.9937924  -3.7341385  -3.44825633 -3.17157835 -2.91187224 -2.63913729
 -2.33796718 -2.07979192 -1.78289126 -1.43665557 -1.13104286 -0.78420804
 -0.41806847]
Advants:
[-5.04214282 -5.0087028  -4.96513833 -4.82036832 -4.74412045 -4.58052255
 -4.47501846 -4.3932667  -4.29727496 -4.14131757 -3.94488683 -3.83440506
 -3.67416574 -3.46512743 -3.21109395 -2.96521742 -2.77569892 -2.53911016
 -2.25580981 -2.03126109 -1.78277739 -1.43504717 -1.14057999 -0.81622166
 -0.44093007]
Mus:
[[0.25544986 0.28817207 0.23637344 0.22000466]
 [0.2549495  0.29121298 0.23503207 0.21880545]
 [0.2554632  0.2928517  0.23413143 0.21755369]
 [0.2558718  0.2898044  0.23592407 0.21839972]
 [0.2554632  0.2928517  0.23413143 0.21755369]
 [0.2558718  0.2898044  0.23592407 0.21839972]
 [0.25544986 0.28817207 0.23637344 0.22000466]
 [0.2549495  0.29121298 0.23503207 0.21880545]
 [0.2554632  0.2928517  0.23413143 0.21755369]
 [0.2549495  0.29121298 0.23503207 0.21880545]
 [0.25544986 0.28817207 0.23637344 0.22000466]
 [0.2558718  0.2898044  0.23592407 0.21839972]
 [0.2554632  0.2928517  0.23413143 0.21755369]
 [0.2549495  0.29121298 0.23503207 0.21880545]
 [0.25544986 0.28817207 0.23637344 0.22000466]
 [0.25568086 0.28524476 0.23822485 0.22084953]
 [0.25544986 0.28817207 0.23637344 0.22000466]
 [0.25500414 0.28770223 0.23664138 0.22065221]
 [0.25529966 0.28516638 0.23828538 0.22124866]
 [0.25529966 0.28516638 0.23828538 0.22124866]
 [0.25500414 0.28770223 0.23664138 0.22065221]
 [0.25529966 0.28516638 0.23828538 0.22124866]
 [0.25529966 0.28516638 0.23828538 0.22124866]
 [0.25500414 0.28770223 0.23664138 0.22065221]
 [0.25500414 0.28770223 0.23664138 0.22065221]]
Actions:
[[0. 1. 0. 0.]
 [1. 0. 0. 0.]
 [0. 0. 0. 1.]
 [0. 1. 0. 0.]
 [0. 0. 0. 1.]
 [0. 0. 1. 0.]
 [0. 1. 0. 0.]
 [1. 0. 0. 0.]
 [0. 0. 1. 0.]
 [0. 0. 0. 1.]
 [1. 0. 0. 0.]
 [0. 1. 0. 0.]
 [0. 0. 1. 0.]
 [0. 0. 0. 1.]
 [0. 0. 0. 1.]
 [0. 1. 0. 0.]
 [0. 0. 1. 0.]
 [0. 0. 0. 1.]
 [0. 0. 1. 0.]
 [0. 1. 0. 0.]
 [0. 0. 0. 1.]
 [0. 0. 1. 0.]
 [0. 1. 0. 0.]
 [0. 0. 1. 0.]
 [0. 0. 0. 1.]]
States:
[[0.1 0.9]
 [0.1 1. ]
 [0.2 1. ]
 [0.2 0.9]
 [0.2 1. ]
 [0.2 0.9]
 [0.1 0.9]
 [0.1 1. ]
 [0.2 1. ]
 [0.1 1. ]
 [0.1 0.9]
 [0.2 0.9]
 [0.2 1. ]
 [0.1 1. ]
 [0.1 0.9]
 [0.1 0.8]
 [0.1 0.9]
 [0.  0.9]
 [0.  0.8]
 [0.  0.8]
 [0.  0.9]
 [0.  0.8]
 [0.  0.8]
 [0.  0.9]
 [0.  0.9]]
Logstds:
[[0. 0. 0. 0.]
 [0. 0. 0. 0.]
 [0. 0. 0. 0.]
 [0. 0. 0. 0.]
 [0. 0. 0. 0.]
 [0. 0. 0. 0.]
 [0. 0. 0. 0.]
 [0. 0. 0. 0.]
 [0. 0. 0. 0.]
 [0. 0. 0. 0.]
 [0. 0. 0. 0.]
 [0. 0. 0. 0.]
 [0. 0. 0. 0.]
 [0. 0. 0. 0.]
 [0. 0. 0. 0.]
 [0. 0. 0. 0.]
 [0. 0. 0. 0.]
 [0. 0. 0. 0.]
 [0. 0. 0. 0.]
 [0. 0. 0. 0.]
 [0. 0. 0. 0.]
 [0. 0. 0. 0.]
 [0. 0. 0. 0.]
 [0. 0. 0. 0.]
 [0. 0. 0. 0.]]
