Baseline:
[-2.4373274 -2.5160503 -2.6077857 -2.6859634 -2.6859634 -2.6077857
 -2.6859634 -2.7649322 -2.6859634 -2.6077857 -2.6859634 -2.6077857
 -2.6859634 -2.7649322 -2.7649322 -2.7649322 -2.6859634 -2.7649322
 -2.7649322 -2.7649322 -2.7649322 -2.6859634 -2.6859634 -2.7649322
 -2.7649322 -2.7649322]
Returns:
[-17.52594253 -17.32870751 -17.01781755 -16.70823705 -16.27531516
 -15.80964125 -15.43647253 -14.99972782 -14.42220948 -13.8590037
 -13.38316984 -12.76527776 -12.23187938 -11.62647187 -10.94534911
 -10.16401882  -9.33198949  -8.5739562   -7.66781576  -6.71398371
  -5.70994998  -4.64349597  -3.57558771  -2.5145859   -1.28953123]
Advants:
[-12.11956502 -12.04880542 -11.85640633 -11.68479042 -11.47303403
 -11.31355938 -11.09569986 -10.81741349 -10.5610977  -10.32393775
 -10.02177514  -9.73867182  -9.38665205  -8.96277669  -8.54328053
  -8.02169923  -7.52722439  -6.9449496   -6.28721097  -5.57344143
  -4.79886786  -4.02984905  -3.16598968  -2.21219354  -1.15128469]
Mus:
[[0.26807493 0.2686845  0.2666398  0.19660072]
 [0.27073106 0.2681101  0.2649357  0.19622315]
 [0.2712291  0.27111375 0.2626056  0.1950515 ]
 [0.27307528 0.27008778 0.26181394 0.19502299]
 [0.27307528 0.27008778 0.26181394 0.19502299]
 [0.2712291  0.27111375 0.2626056  0.1950515 ]
 [0.27307528 0.27008778 0.26181394 0.19502299]
 [0.27479967 0.26894513 0.26138732 0.19486786]
 [0.27307528 0.27008778 0.26181394 0.19502299]
 [0.2712291  0.27111375 0.2626056  0.1950515 ]
 [0.27307528 0.27008778 0.26181394 0.19502299]
 [0.2712291  0.27111375 0.2626056  0.1950515 ]
 [0.27307528 0.27008778 0.26181394 0.19502299]
 [0.27479967 0.26894513 0.26138732 0.19486786]
 [0.27479967 0.26894513 0.26138732 0.19486786]
 [0.27479967 0.26894513 0.26138732 0.19486786]
 [0.27307528 0.27008778 0.26181394 0.19502299]
 [0.27479967 0.26894513 0.26138732 0.19486786]
 [0.27479967 0.26894513 0.26138732 0.19486786]
 [0.27479967 0.26894513 0.26138732 0.19486786]
 [0.27479967 0.26894513 0.26138732 0.19486786]
 [0.27307528 0.27008778 0.26181394 0.19502299]
 [0.27307528 0.27008778 0.26181394 0.19502299]
 [0.27479967 0.26894513 0.26138732 0.19486786]
 [0.27479967 0.26894513 0.26138732 0.19486786]]
Actions:
[[1. 0. 0. 0.]
 [0. 1. 0. 0.]
 [1. 0. 0. 0.]
 [0. 1. 0. 0.]
 [0. 0. 1. 0.]
 [1. 0. 0. 0.]
 [1. 0. 0. 0.]
 [0. 0. 1. 0.]
 [0. 0. 1. 0.]
 [1. 0. 0. 0.]
 [0. 0. 1. 0.]
 [1. 0. 0. 0.]
 [1. 0. 0. 0.]
 [1. 0. 0. 0.]
 [0. 1. 0. 0.]
 [0. 0. 1. 0.]
 [1. 0. 0. 0.]
 [0. 1. 0. 0.]
 [0. 1. 0. 0.]
 [0. 1. 0. 0.]
 [0. 0. 1. 0.]
 [0. 1. 0. 0.]
 [1. 0. 0. 0.]
 [0. 1. 0. 0.]
 [0. 1. 0. 0.]]
States:
[[0.7 0.3]
 [0.8 0.3]
 [0.8 0.4]
 [0.9 0.4]
 [0.9 0.4]
 [0.8 0.4]
 [0.9 0.4]
 [1.  0.4]
 [0.9 0.4]
 [0.8 0.4]
 [0.9 0.4]
 [0.8 0.4]
 [0.9 0.4]
 [1.  0.4]
 [1.  0.4]
 [1.  0.4]
 [0.9 0.4]
 [1.  0.4]
 [1.  0.4]
 [1.  0.4]
 [1.  0.4]
 [0.9 0.4]
 [0.9 0.4]
 [1.  0.4]
 [1.  0.4]]
Logstds:
[[0. 0. 0. 0.]
 [0. 0. 0. 0.]
 [0. 0. 0. 0.]
 [0. 0. 0. 0.]
 [0. 0. 0. 0.]
 [0. 0. 0. 0.]
 [0. 0. 0. 0.]
 [0. 0. 0. 0.]
 [0. 0. 0. 0.]
 [0. 0. 0. 0.]
 [0. 0. 0. 0.]
 [0. 0. 0. 0.]
 [0. 0. 0. 0.]
 [0. 0. 0. 0.]
 [0. 0. 0. 0.]
 [0. 0. 0. 0.]
 [0. 0. 0. 0.]
 [0. 0. 0. 0.]
 [0. 0. 0. 0.]
 [0. 0. 0. 0.]
 [0. 0. 0. 0.]
 [0. 0. 0. 0.]
 [0. 0. 0. 0.]
 [0. 0. 0. 0.]
 [0. 0. 0. 0.]]
