Baseline:
[-2.603722  -2.5044768 -2.4319646 -2.5044768 -2.576986  -2.6496675
 -2.5508091 -2.6496675 -2.7222679 -2.62538   -2.62538   -2.7222679
 -2.62538   -2.7222679 -2.62538   -2.7222679 -2.8214085 -2.9204824
 -2.9930289 -3.0651853 -3.1646178 -3.2639782 -3.3362076 -3.2639782
 -3.2639782 -3.2639782]
Returns:
[-17.57967314 -17.25384169 -16.97691308 -16.79236988 -16.55759326
 -16.26896899 -15.84355749 -15.453823   -15.06463644 -14.5353987
 -14.09676173 -13.57209008 -12.96429727 -12.38002222 -11.709489
 -11.05917142 -10.32965181  -9.51679378  -8.68584212  -7.76763171
  -6.68530534  -5.50030104  -4.28147357  -2.8645068   -1.43290114]
Advants:
[-11.92709451 -11.8969508  -11.8993891  -11.85885948 -11.77704075
 -11.64923504 -11.56597353 -11.32628638 -11.12032668 -10.95222552
 -10.78678181 -10.44246471 -10.21661839  -9.82373067  -9.54517613
  -9.09509012  -8.56323131  -7.94518035  -7.33265504  -6.62741798
  -5.71852945  -4.69055733  -3.637805    -2.51008246  -1.2697022 ]
Mus:
[[0.2569528  0.28054097 0.26900348 0.19350275]
 [0.25606734 0.27875936 0.27041394 0.19475937]
 [0.2527682  0.27766064 0.27345628 0.19611494]
 [0.25606734 0.27875936 0.27041394 0.19475937]
 [0.26045677 0.2785319  0.2674665  0.19354479]
 [0.26512167 0.27805102 0.26441002 0.19241728]
 [0.26509738 0.27520102 0.26584896 0.19385265]
 [0.26512167 0.27805102 0.26441002 0.19241728]
 [0.26911014 0.2769358  0.26196045 0.19199364]
 [0.26875302 0.27425835 0.26316124 0.19382745]
 [0.26875302 0.27425835 0.26316124 0.19382745]
 [0.26911014 0.2769358  0.26196045 0.19199364]
 [0.26875302 0.27425835 0.26316124 0.19382745]
 [0.26911014 0.2769358  0.26196045 0.19199364]
 [0.26875302 0.27425835 0.26316124 0.19382745]
 [0.26911014 0.2769358  0.26196045 0.19199364]
 [0.2689665  0.279596   0.2607683  0.19066921]
 [0.26765636 0.28250727 0.25977683 0.19005963]
 [0.27068874 0.28129444 0.25799772 0.1900191 ]
 [0.2725661  0.28009844 0.25645533 0.1908801 ]
 [0.27166337 0.28295982 0.255776   0.18960084]
 [0.2706434  0.28583634 0.2552865  0.18823378]
 [0.27188736 0.28559473 0.2541659  0.18835205]
 [0.2706434  0.28583634 0.2552865  0.18823378]
 [0.2706434  0.28583634 0.2552865  0.18823378]]
Actions:
[[0. 0. 0. 1.]
 [0. 0. 1. 0.]
 [1. 0. 0. 0.]
 [1. 0. 0. 0.]
 [1. 0. 0. 0.]
 [0. 0. 0. 1.]
 [0. 1. 0. 0.]
 [1. 0. 0. 0.]
 [0. 0. 0. 1.]
 [1. 0. 0. 0.]
 [0. 1. 0. 0.]
 [0. 0. 0. 1.]
 [0. 1. 0. 0.]
 [0. 0. 0. 1.]
 [0. 1. 0. 0.]
 [0. 1. 0. 0.]
 [0. 1. 0. 0.]
 [1. 0. 0. 0.]
 [1. 0. 0. 0.]
 [0. 1. 0. 0.]
 [0. 1. 0. 0.]
 [1. 0. 0. 0.]
 [0. 0. 1. 0.]
 [0. 1. 0. 0.]
 [1. 0. 0. 0.]]
States:
[[0.4 0.7]
 [0.4 0.6]
 [0.3 0.6]
 [0.4 0.6]
 [0.5 0.6]
 [0.6 0.6]
 [0.6 0.5]
 [0.6 0.6]
 [0.7 0.6]
 [0.7 0.5]
 [0.7 0.5]
 [0.7 0.6]
 [0.7 0.5]
 [0.7 0.6]
 [0.7 0.5]
 [0.7 0.6]
 [0.7 0.7]
 [0.7 0.8]
 [0.8 0.8]
 [0.9 0.8]
 [0.9 0.9]
 [0.9 1. ]
 [1.  1. ]
 [0.9 1. ]
 [0.9 1. ]]
Logstds:
[[0. 0. 0. 0.]
 [0. 0. 0. 0.]
 [0. 0. 0. 0.]
 [0. 0. 0. 0.]
 [0. 0. 0. 0.]
 [0. 0. 0. 0.]
 [0. 0. 0. 0.]
 [0. 0. 0. 0.]
 [0. 0. 0. 0.]
 [0. 0. 0. 0.]
 [0. 0. 0. 0.]
 [0. 0. 0. 0.]
 [0. 0. 0. 0.]
 [0. 0. 0. 0.]
 [0. 0. 0. 0.]
 [0. 0. 0. 0.]
 [0. 0. 0. 0.]
 [0. 0. 0. 0.]
 [0. 0. 0. 0.]
 [0. 0. 0. 0.]
 [0. 0. 0. 0.]
 [0. 0. 0. 0.]
 [0. 0. 0. 0.]
 [0. 0. 0. 0.]
 [0. 0. 0. 0.]]
