Baseline:
[-0.136604   -0.13339044 -0.136604   -0.14159594 -0.14772438 -0.1563437
 -0.14772438 -0.1563437  -0.16393633 -0.1563437  -0.1563437  -0.16393633
 -0.16737728 -0.17221047 -0.17052382 -0.17732431 -0.1827809  -0.17732431
 -0.17146517 -0.1787176  -0.1787176  -0.1787176  -0.17146517 -0.1787176
 -0.17146517 -0.17146517]
Returns:
[-9.02377414 -8.84727779 -8.7077958  -8.53047452 -8.31980414 -8.12410237
 -7.96639971 -7.7520977  -7.54892033 -7.27931844 -7.05639028 -6.81659673
 -6.53787969 -6.26657221 -5.9783129  -5.6187964  -5.20841868 -4.71544612
 -4.29402916 -3.78494318 -3.26214754 -2.71183635 -2.06282748 -1.43630983
 -0.72016799]
Advants:
[-6.77867393 -6.69527595 -6.64570895 -6.55881915 -6.43886743 -6.3333244
 -6.28682287 -6.16832759 -6.06436067 -5.91014941 -5.7973076  -5.66173453
 -5.49218814 -5.32971175 -5.15762304 -4.90421318 -4.59804335 -4.21445611
 -3.89882808 -3.474963   -3.03634927 -2.56037128 -1.97943215 -1.39205912
 -0.71159476]
Mus:
[[0.25890708 0.27817583 0.24605037 0.21686669]
 [0.25866643 0.2754603  0.24826841 0.2176048 ]
 [0.25890708 0.27817583 0.24605037 0.21686669]
 [0.25942633 0.28104374 0.242887   0.21664292]
 [0.25882447 0.2787865  0.24464741 0.21774161]
 [0.25790602 0.27819282 0.24526347 0.21863773]
 [0.25882447 0.2787865  0.24464741 0.21774161]
 [0.25790602 0.27819282 0.24526347 0.21863773]
 [0.2578627  0.28150547 0.24215011 0.21848173]
 [0.25790602 0.27819282 0.24526347 0.21863773]
 [0.25790602 0.27819282 0.24526347 0.21863773]
 [0.2578627  0.28150547 0.24215011 0.21848173]
 [0.25720176 0.2809932  0.24223013 0.21957496]
 [0.25680903 0.28386763 0.23996964 0.2193537 ]
 [0.25779495 0.28501284 0.23922966 0.21796256]
 [0.25715348 0.28821462 0.23720406 0.21742778]
 [0.25637874 0.29151708 0.23519515 0.21690899]
 [0.25715348 0.28821462 0.23720406 0.21742778]
 [0.25784215 0.28955188 0.2363831  0.2162229 ]
 [0.25704822 0.29309538 0.23421931 0.21563706]
 [0.25704822 0.29309538 0.23421931 0.21563706]
 [0.25704822 0.29309538 0.23421931 0.21563706]
 [0.25784215 0.28955188 0.2363831  0.2162229 ]
 [0.25704822 0.29309538 0.23421931 0.21563706]
 [0.25784215 0.28955188 0.2363831  0.2162229 ]]
Actions:
[[0. 0. 0. 1.]
 [0. 1. 0. 0.]
 [0. 1. 0. 0.]
 [0. 0. 1. 0.]
 [0. 0. 1. 0.]
 [1. 0. 0. 0.]
 [0. 0. 1. 0.]
 [0. 1. 0. 0.]
 [0. 0. 0. 1.]
 [0. 0. 1. 0.]
 [0. 1. 0. 0.]
 [0. 0. 1. 0.]
 [0. 1. 0. 0.]
 [1. 0. 0. 0.]
 [0. 1. 0. 0.]
 [0. 1. 0. 0.]
 [0. 0. 0. 1.]
 [1. 0. 0. 0.]
 [0. 1. 0. 0.]
 [1. 0. 0. 0.]
 [1. 0. 0. 0.]
 [0. 0. 0. 1.]
 [0. 1. 0. 0.]
 [0. 0. 0. 1.]
 [0. 0. 0. 1.]]
States:
[[0.5 0.4]
 [0.5 0.3]
 [0.5 0.4]
 [0.5 0.5]
 [0.4 0.5]
 [0.3 0.5]
 [0.4 0.5]
 [0.3 0.5]
 [0.3 0.6]
 [0.3 0.5]
 [0.3 0.5]
 [0.3 0.6]
 [0.2 0.6]
 [0.2 0.7]
 [0.3 0.7]
 [0.3 0.8]
 [0.3 0.9]
 [0.3 0.8]
 [0.4 0.8]
 [0.4 0.9]
 [0.4 0.9]
 [0.4 0.9]
 [0.4 0.8]
 [0.4 0.9]
 [0.4 0.8]]
Logstds:
[[0. 0. 0. 0.]
 [0. 0. 0. 0.]
 [0. 0. 0. 0.]
 [0. 0. 0. 0.]
 [0. 0. 0. 0.]
 [0. 0. 0. 0.]
 [0. 0. 0. 0.]
 [0. 0. 0. 0.]
 [0. 0. 0. 0.]
 [0. 0. 0. 0.]
 [0. 0. 0. 0.]
 [0. 0. 0. 0.]
 [0. 0. 0. 0.]
 [0. 0. 0. 0.]
 [0. 0. 0. 0.]
 [0. 0. 0. 0.]
 [0. 0. 0. 0.]
 [0. 0. 0. 0.]
 [0. 0. 0. 0.]
 [0. 0. 0. 0.]
 [0. 0. 0. 0.]
 [0. 0. 0. 0.]
 [0. 0. 0. 0.]
 [0. 0. 0. 0.]
 [0. 0. 0. 0.]]
