Baseline:
[1.198297  1.2504768 1.3025422 1.3025422 1.3025422 1.2504768 1.198297
 1.2504768 1.2504768 1.3025422 1.2504768 1.3025422 1.3025422 1.2504768
 1.198297  1.1447321 1.1447321 1.0899409 1.0899409 1.1070412 1.1070412
 1.0899409 1.1070412 1.1279196 1.1812717 1.1812717]
Returns:
[-0.20728811 -0.19650895 -0.17636055 -0.14574723 -0.11352267 -0.09389014
 -0.08263156 -0.06529153 -0.07306978 -0.04642458 -0.02326057  0.00600617
  0.04621774  0.07425766  0.09436613  0.10436754  0.08454779  0.08373264
  0.05338961  0.04655732  0.03515282  0.00860117 -0.00058841 -0.00667346
  0.0104475 ]
Advants:
[-0.8443547  -0.88269784 -0.91228395 -0.87819438 -0.84120083 -0.76211023
 -0.68868739 -0.71376967 -0.71119977 -0.72617643 -0.63728722 -0.64596748
 -0.58919117 -0.48863257 -0.39191294 -0.29986796 -0.28939601 -0.20087855
 -0.19467613 -0.17969021 -0.14921352 -0.11350829 -0.09160792 -0.06710971
 -0.04861605]
Mus:
[[0.25529966 0.28516638 0.23828538 0.22124866]
 [0.25500414 0.28770223 0.23664138 0.22065221]
 [0.25450787 0.29069108 0.2352045  0.21959655]
 [0.25450787 0.29069108 0.2352045  0.21959655]
 [0.25450787 0.29069108 0.2352045  0.21959655]
 [0.25500414 0.28770223 0.23664138 0.22065221]
 [0.25529966 0.28516638 0.23828538 0.22124866]
 [0.25500414 0.28770223 0.23664138 0.22065221]
 [0.25500414 0.28770223 0.23664138 0.22065221]
 [0.25450787 0.29069108 0.2352045  0.21959655]
 [0.25500414 0.28770223 0.23664138 0.22065221]
 [0.25450787 0.29069108 0.2352045  0.21959655]
 [0.25450787 0.29069108 0.2352045  0.21959655]
 [0.25500414 0.28770223 0.23664138 0.22065221]
 [0.25529966 0.28516638 0.23828538 0.22124866]
 [0.2553593  0.28294805 0.23984177 0.22185096]
 [0.2553593  0.28294805 0.23984177 0.22185096]
 [0.25570232 0.28053162 0.2418136  0.22195251]
 [0.25570232 0.28053162 0.2418136  0.22195251]
 [0.25631383 0.28038588 0.24212594 0.22117443]
 [0.25631383 0.28038588 0.24212594 0.22117443]
 [0.25570232 0.28053162 0.2418136  0.22195251]
 [0.25631383 0.28038588 0.24212594 0.22117443]
 [0.25720176 0.2809932  0.24223013 0.21957496]
 [0.25680903 0.28386763 0.23996964 0.2193537 ]]
Actions:
[[0. 1. 0. 0.]
 [0. 1. 0. 0.]
 [0. 1. 0. 0.]
 [0. 1. 0. 0.]
 [0. 0. 0. 1.]
 [0. 0. 0. 1.]
 [0. 1. 0. 0.]
 [0. 0. 1. 0.]
 [0. 1. 0. 0.]
 [0. 0. 0. 1.]
 [0. 1. 0. 0.]
 [0. 1. 0. 0.]
 [0. 0. 0. 1.]
 [0. 0. 0. 1.]
 [0. 0. 0. 1.]
 [0. 0. 1. 0.]
 [0. 0. 0. 1.]
 [0. 0. 1. 0.]
 [1. 0. 0. 0.]
 [0. 0. 0. 1.]
 [0. 0. 1. 0.]
 [1. 0. 0. 0.]
 [1. 0. 0. 0.]
 [0. 1. 0. 0.]
 [0. 0. 1. 0.]]
States:
[[0.  0.8]
 [0.  0.9]
 [0.  1. ]
 [0.  1. ]
 [0.  1. ]
 [0.  0.9]
 [0.  0.8]
 [0.  0.9]
 [0.  0.9]
 [0.  1. ]
 [0.  0.9]
 [0.  1. ]
 [0.  1. ]
 [0.  0.9]
 [0.  0.8]
 [0.  0.7]
 [0.  0.7]
 [0.  0.6]
 [0.  0.6]
 [0.1 0.6]
 [0.1 0.6]
 [0.  0.6]
 [0.1 0.6]
 [0.2 0.6]
 [0.2 0.7]]
Logstds:
[[0. 0. 0. 0.]
 [0. 0. 0. 0.]
 [0. 0. 0. 0.]
 [0. 0. 0. 0.]
 [0. 0. 0. 0.]
 [0. 0. 0. 0.]
 [0. 0. 0. 0.]
 [0. 0. 0. 0.]
 [0. 0. 0. 0.]
 [0. 0. 0. 0.]
 [0. 0. 0. 0.]
 [0. 0. 0. 0.]
 [0. 0. 0. 0.]
 [0. 0. 0. 0.]
 [0. 0. 0. 0.]
 [0. 0. 0. 0.]
 [0. 0. 0. 0.]
 [0. 0. 0. 0.]
 [0. 0. 0. 0.]
 [0. 0. 0. 0.]
 [0. 0. 0. 0.]
 [0. 0. 0. 0.]
 [0. 0. 0. 0.]
 [0. 0. 0. 0.]
 [0. 0. 0. 0.]]
