Baseline:
[-2.7906618 -2.7226584 -2.7226584 -2.7906618 -2.693508  -2.7648942
 -2.6691535 -2.59702   -2.693508  -2.7648942 -2.6691535 -2.59702
 -2.5062015 -2.4422102 -2.528959  -2.6240625 -2.7226584 -2.7226584
 -2.6240625 -2.7226584 -2.6240625 -2.7226584 -2.6240625 -2.7226584
 -2.7226584 -2.7226584]
Returns:
[-11.81415359 -11.51518192 -11.24106993 -11.03422405 -10.60511609
 -10.37415978  -9.92353925  -9.57648079  -9.30977782  -9.01064581
  -8.48826139  -8.06566199  -7.58160387  -7.19798306  -6.88577084
  -6.51357467  -6.077832    -5.57525115  -4.89708391  -4.37626278
  -3.63499089  -3.0477438   -2.23654986  -1.57570061  -0.83616549]
Advants:
[-7.51689429 -7.42951691 -7.30275034 -7.17929776 -7.0013711  -6.85682592
 -6.66221027 -6.55269938 -6.35778088 -6.15841006 -5.90429832 -5.73022304
 -5.51623812 -5.38124798 -5.17031605 -4.89261063 -4.54749154 -4.23470541
 -3.84317214 -3.40865433 -2.94675208 -2.43587076 -1.89109981 -1.29029043
 -0.70003247]
Mus:
[[0.25709718 0.2749477  0.24724294 0.2207122 ]
 [0.2562672  0.27548006 0.24728444 0.22096835]
 [0.2562672  0.27548006 0.24728444 0.22096835]
 [0.25709718 0.2749477  0.24724294 0.2207122 ]
 [0.2560523  0.27317333 0.25027758 0.22049676]
 [0.25696608 0.27280056 0.2500919  0.2201414 ]
 [0.25605038 0.27073014 0.2528868  0.22033265]
 [0.25527823 0.27115825 0.2531449  0.22041859]
 [0.2560523  0.27317333 0.25027758 0.22049676]
 [0.25696608 0.27280056 0.2500919  0.2201414 ]
 [0.25605038 0.27073014 0.2528868  0.22033265]
 [0.25527823 0.27115825 0.2531449  0.22041859]
 [0.25463745 0.26869732 0.25607818 0.22058704]
 [0.25345308 0.26914    0.257082   0.22032495]
 [0.25413185 0.27175236 0.25380087 0.22031493]
 [0.2551397  0.27375317 0.25066695 0.22044027]
 [0.2562672  0.27548006 0.24728444 0.22096835]
 [0.2562672  0.27548006 0.24728444 0.22096835]
 [0.2551397  0.27375317 0.25066695 0.22044027]
 [0.2562672  0.27548006 0.24728444 0.22096835]
 [0.2551397  0.27375317 0.25066695 0.22044027]
 [0.2562672  0.27548006 0.24728444 0.22096835]
 [0.2551397  0.27375317 0.25066695 0.22044027]
 [0.2562672  0.27548006 0.24728444 0.22096835]
 [0.2562672  0.27548006 0.24728444 0.22096835]]
Actions:
[[0. 0. 1. 0.]
 [0. 0. 1. 0.]
 [1. 0. 0. 0.]
 [0. 0. 0. 1.]
 [1. 0. 0. 0.]
 [0. 0. 0. 1.]
 [0. 0. 1. 0.]
 [0. 1. 0. 0.]
 [1. 0. 0. 0.]
 [0. 0. 0. 1.]
 [0. 0. 1. 0.]
 [0. 0. 0. 1.]
 [0. 0. 1. 0.]
 [0. 1. 0. 0.]
 [0. 1. 0. 0.]
 [0. 1. 0. 0.]
 [0. 1. 0. 0.]
 [0. 0. 0. 1.]
 [0. 1. 0. 0.]
 [0. 0. 0. 1.]
 [0. 1. 0. 0.]
 [0. 0. 0. 1.]
 [0. 1. 0. 0.]
 [0. 1. 0. 0.]
 [0. 0. 1. 0.]]
States:
[[0.1 0.4]
 [0.  0.4]
 [0.  0.4]
 [0.1 0.4]
 [0.1 0.3]
 [0.2 0.3]
 [0.2 0.2]
 [0.1 0.2]
 [0.1 0.3]
 [0.2 0.3]
 [0.2 0.2]
 [0.1 0.2]
 [0.1 0.1]
 [0.  0.1]
 [0.  0.2]
 [0.  0.3]
 [0.  0.4]
 [0.  0.4]
 [0.  0.3]
 [0.  0.4]
 [0.  0.3]
 [0.  0.4]
 [0.  0.3]
 [0.  0.4]
 [0.  0.4]]
Logstds:
[[0. 0. 0. 0.]
 [0. 0. 0. 0.]
 [0. 0. 0. 0.]
 [0. 0. 0. 0.]
 [0. 0. 0. 0.]
 [0. 0. 0. 0.]
 [0. 0. 0. 0.]
 [0. 0. 0. 0.]
 [0. 0. 0. 0.]
 [0. 0. 0. 0.]
 [0. 0. 0. 0.]
 [0. 0. 0. 0.]
 [0. 0. 0. 0.]
 [0. 0. 0. 0.]
 [0. 0. 0. 0.]
 [0. 0. 0. 0.]
 [0. 0. 0. 0.]
 [0. 0. 0. 0.]
 [0. 0. 0. 0.]
 [0. 0. 0. 0.]
 [0. 0. 0. 0.]
 [0. 0. 0. 0.]
 [0. 0. 0. 0.]
 [0. 0. 0. 0.]
 [0. 0. 0. 0.]]
