Baseline:
[-0.39253396 -0.4224493  -0.45421222 -0.47041026 -0.50192535 -0.47041026
 -0.50192535 -0.48653895 -0.4676152  -0.44742015 -0.42722312 -0.42722312
 -0.42722312 -0.42722312 -0.39712048 -0.36715728 -0.33678475 -0.36715728
 -0.3863096  -0.36715728 -0.36715728 -0.39712048 -0.42722312 -0.44742015
 -0.4166358  -0.4166358 ]
Returns:
[-9.5212284  -9.33433078 -9.1037383  -8.87833808 -8.55653679 -8.22694715
 -7.87086213 -7.49034368 -7.12620546 -6.77987401 -6.45167293 -6.09437568
 -5.71827331 -5.3704897  -5.00387096 -4.65752589 -4.3309115  -3.97029367
 -3.61303251 -3.19365695 -2.78938886 -2.31188651 -1.77235273 -1.23187684
 -0.61412597]
Advants:
[-7.2066939  -7.10177637 -6.95273434 -6.82663011 -6.58771904 -6.40457693
 -6.12971234 -5.87562678 -5.64024185 -5.42320437 -5.22406705 -4.97386015
 -4.70233882 -4.45728903 -4.22185067 -4.00537208 -3.80838186 -3.51300559
 -3.22870972 -2.91607321 -2.59435003 -2.16076636 -1.65368795 -1.14356171
 -0.5932942 ]
Mus:
[[0.25334868 0.26303935 0.2801229  0.20348899]
 [0.25309172 0.26599646 0.27871954 0.20219229]
 [0.2526539  0.2689793  0.27774104 0.20062578]
 [0.25725248 0.26884857 0.2747546  0.19914436]
 [0.25677955 0.27203348 0.2734272  0.19775978]
 [0.25725248 0.26884857 0.2747546  0.19914436]
 [0.25677955 0.27203348 0.2734272  0.19775978]
 [0.2523132  0.27232686 0.27621904 0.19914082]
 [0.24885069 0.2715303  0.2792185  0.20040055]
 [0.24587768 0.2701126  0.28248024 0.20152938]
 [0.24300815 0.26813772 0.28632778 0.20252633]
 [0.24300815 0.26813772 0.28632778 0.20252633]
 [0.24300815 0.26813772 0.28632778 0.20252633]
 [0.24300815 0.26813772 0.28632778 0.20252633]
 [0.24178542 0.2653497  0.2881169  0.20474795]
 [0.24081329 0.26245892 0.28949165 0.20723614]
 [0.2399224  0.26025698 0.29062265 0.20919794]
 [0.24081329 0.26245892 0.28949165 0.20723614]
 [0.24464242 0.26394394 0.28564692 0.20576672]
 [0.24081329 0.26245892 0.28949165 0.20723614]
 [0.24081329 0.26245892 0.28949165 0.20723614]
 [0.24178542 0.2653497  0.2881169  0.20474795]
 [0.24300815 0.26813772 0.28632778 0.20252633]
 [0.24587768 0.2701126  0.28248024 0.20152938]
 [0.24530363 0.26698428 0.2842916  0.20342048]]
Actions:
[[0. 1. 0. 0.]
 [0. 1. 0. 0.]
 [1. 0. 0. 0.]
 [0. 1. 0. 0.]
 [0. 0. 0. 1.]
 [0. 1. 0. 0.]
 [0. 0. 1. 0.]
 [0. 0. 1. 0.]
 [0. 0. 1. 0.]
 [0. 0. 1. 0.]
 [0. 1. 0. 0.]
 [0. 1. 0. 0.]
 [0. 0. 1. 0.]
 [0. 0. 0. 1.]
 [0. 0. 0. 1.]
 [0. 0. 0. 1.]
 [0. 1. 0. 0.]
 [1. 0. 0. 0.]
 [0. 0. 1. 0.]
 [0. 0. 1. 0.]
 [0. 1. 0. 0.]
 [0. 1. 0. 0.]
 [1. 0. 0. 0.]
 [0. 0. 0. 1.]
 [0. 0. 1. 0.]]
States:
[[0.3 0.1]
 [0.3 0.2]
 [0.3 0.3]
 [0.4 0.3]
 [0.4 0.4]
 [0.4 0.3]
 [0.4 0.4]
 [0.3 0.4]
 [0.2 0.4]
 [0.1 0.4]
 [0.  0.4]
 [0.  0.4]
 [0.  0.4]
 [0.  0.4]
 [0.  0.3]
 [0.  0.2]
 [0.  0.1]
 [0.  0.2]
 [0.1 0.2]
 [0.  0.2]
 [0.  0.2]
 [0.  0.3]
 [0.  0.4]
 [0.1 0.4]
 [0.1 0.3]]
Logstds:
[[0. 0. 0. 0.]
 [0. 0. 0. 0.]
 [0. 0. 0. 0.]
 [0. 0. 0. 0.]
 [0. 0. 0. 0.]
 [0. 0. 0. 0.]
 [0. 0. 0. 0.]
 [0. 0. 0. 0.]
 [0. 0. 0. 0.]
 [0. 0. 0. 0.]
 [0. 0. 0. 0.]
 [0. 0. 0. 0.]
 [0. 0. 0. 0.]
 [0. 0. 0. 0.]
 [0. 0. 0. 0.]
 [0. 0. 0. 0.]
 [0. 0. 0. 0.]
 [0. 0. 0. 0.]
 [0. 0. 0. 0.]
 [0. 0. 0. 0.]
 [0. 0. 0. 0.]
 [0. 0. 0. 0.]
 [0. 0. 0. 0.]
 [0. 0. 0. 0.]
 [0. 0. 0. 0.]]
