Baseline:
[-0.7621665  -0.79703164 -0.8102336  -0.7757626  -0.7916244  -0.8107381
 -0.78243744 -0.8107381  -0.78243744 -0.8107381  -0.84049    -0.8741909
 -0.8610592  -0.89897996 -0.89897996 -0.89897996 -0.8610592  -0.8741909
 -0.8906192  -0.9250407  -0.9632491  -0.9250407  -0.9122306  -0.9250407
 -0.94104356 -0.94104356]
Returns:
[-10.20333796 -10.11940284 -10.01296767  -9.79613564  -9.67766859
  -9.5207724   -9.25308536  -9.06097172  -8.76908463  -8.55149727
  -8.28863952  -7.97541999  -7.58432293  -7.22926215  -6.7963423
  -6.34063719  -5.81737398  -5.39166405  -4.91338563  -4.35167325
  -3.72227569  -2.95924885  -2.23526409  -1.55769922  -0.8141728 ]
Advants:
[-7.30798046 -7.29578049 -7.28812435 -7.22164368 -7.20891218 -7.15941464
 -7.04991409 -6.96363345 -6.83745485 -6.7330754  -6.58497914 -6.38415327
 -6.15303828 -5.90726274 -5.62069976 -5.30972528 -4.96643202 -4.66816791
 -4.31071395 -3.84508794 -3.29845978 -2.68250773 -2.06747844 -1.46008744
 -0.76712066]
Mus:
[[0.25527823 0.27115825 0.2531449  0.22041859]
 [0.2560523  0.27317333 0.25027758 0.22049676]
 [0.25696608 0.27280056 0.2500919  0.2201414 ]
 [0.25605038 0.27073014 0.2528868  0.22033265]
 [0.2570938  0.27074558 0.25239378 0.2197668 ]
 [0.25845334 0.27101848 0.25122532 0.21930292]
 [0.25818747 0.26841703 0.25346765 0.21992788]
 [0.25845334 0.27101848 0.25122532 0.21930292]
 [0.25818747 0.26841703 0.25346765 0.21992788]
 [0.25845334 0.27101848 0.25122532 0.21930292]
 [0.25798878 0.27386254 0.2495488  0.21859986]
 [0.2583469  0.2762402  0.24751526 0.21789771]
 [0.2577019  0.27532676 0.24815924 0.21881211]
 [0.25790602 0.27819282 0.24526347 0.21863773]
 [0.25790602 0.27819282 0.24526347 0.21863773]
 [0.25790602 0.27819282 0.24526347 0.21863773]
 [0.2577019  0.27532676 0.24815924 0.21881211]
 [0.2583469  0.2762402  0.24751526 0.21789771]
 [0.25890708 0.27817583 0.24605037 0.21686669]
 [0.25942633 0.28104374 0.242887   0.21664292]
 [0.2595157  0.2845408  0.23981252 0.21613093]
 [0.25942633 0.28104374 0.242887   0.21664292]
 [0.25882447 0.2787865  0.24464741 0.21774161]
 [0.25942633 0.28104374 0.242887   0.21664292]
 [0.25983584 0.28368637 0.24090892 0.21556887]]
Actions:
[[0. 1. 0. 0.]
 [1. 0. 0. 0.]
 [0. 0. 0. 1.]
 [1. 0. 0. 0.]
 [1. 0. 0. 0.]
 [0. 0. 0. 1.]
 [0. 1. 0. 0.]
 [0. 0. 0. 1.]
 [0. 1. 0. 0.]
 [0. 1. 0. 0.]
 [0. 1. 0. 0.]
 [0. 0. 1. 0.]
 [0. 1. 0. 0.]
 [0. 0. 1. 0.]
 [0. 0. 1. 0.]
 [0. 0. 0. 1.]
 [1. 0. 0. 0.]
 [1. 0. 0. 0.]
 [0. 1. 0. 0.]
 [0. 1. 0. 0.]
 [0. 0. 0. 1.]
 [0. 0. 1. 0.]
 [1. 0. 0. 0.]
 [1. 0. 0. 0.]
 [1. 0. 0. 0.]]
States:
[[0.1 0.2]
 [0.1 0.3]
 [0.2 0.3]
 [0.2 0.2]
 [0.3 0.2]
 [0.4 0.2]
 [0.4 0.1]
 [0.4 0.2]
 [0.4 0.1]
 [0.4 0.2]
 [0.4 0.3]
 [0.4 0.4]
 [0.3 0.4]
 [0.3 0.5]
 [0.3 0.5]
 [0.3 0.5]
 [0.3 0.4]
 [0.4 0.4]
 [0.5 0.4]
 [0.5 0.5]
 [0.5 0.6]
 [0.5 0.5]
 [0.4 0.5]
 [0.5 0.5]
 [0.6 0.5]]
Logstds:
[[0. 0. 0. 0.]
 [0. 0. 0. 0.]
 [0. 0. 0. 0.]
 [0. 0. 0. 0.]
 [0. 0. 0. 0.]
 [0. 0. 0. 0.]
 [0. 0. 0. 0.]
 [0. 0. 0. 0.]
 [0. 0. 0. 0.]
 [0. 0. 0. 0.]
 [0. 0. 0. 0.]
 [0. 0. 0. 0.]
 [0. 0. 0. 0.]
 [0. 0. 0. 0.]
 [0. 0. 0. 0.]
 [0. 0. 0. 0.]
 [0. 0. 0. 0.]
 [0. 0. 0. 0.]
 [0. 0. 0. 0.]
 [0. 0. 0. 0.]
 [0. 0. 0. 0.]
 [0. 0. 0. 0.]
 [0. 0. 0. 0.]
 [0. 0. 0. 0.]
 [0. 0. 0. 0.]]
