Baseline:
[-2.101461  -2.101461  -2.1819465 -2.2631567 -2.1819465 -2.2594256
 -2.339873  -2.4255803 -2.5040228 -2.5945866 -2.5160503 -2.4255803
 -2.339873  -2.2594256 -2.180576  -2.101461  -2.101461  -2.101461
 -2.180576  -2.101461  -2.1819465 -2.101461  -2.101461  -2.101461
 -2.101461  -2.101461 ]
Returns:
[-14.65335942 -14.42965371 -14.23753048 -13.99365464 -13.64631217
 -13.30856668 -12.97326595 -12.51734    -12.05656158 -11.46712314
 -10.79566641 -10.14002871  -9.49866168  -8.86695001  -8.24727583
  -7.64582935  -7.05330626  -6.42959774  -5.7535757   -5.02088184
  -4.3335601   -3.52240292  -2.71285739  -1.86070419  -0.96370083]
Advants:
[-10.12443053 -10.07521999  -9.98353971  -9.84474104  -9.77253428
  -9.55491333  -9.340744    -9.00111012  -8.66441918  -8.18316884
  -7.78759368  -7.41910322  -7.0596896   -6.70433984  -6.35939256
  -6.03347014  -5.63576217  -5.20417456  -4.63416978  -4.16128048
  -3.56580828  -2.99955461  -2.34339588  -1.63134082  -0.8586278 ]
Mus:
[[0.2625047  0.26057243 0.2751999  0.20172296]
 [0.2625047  0.26057243 0.2751999  0.20172296]
 [0.2652432  0.26003522 0.27376205 0.20095958]
 [0.26785615 0.25958893 0.272403   0.20015188]
 [0.2652432  0.26003522 0.27376205 0.20095958]
 [0.2667143  0.2626433  0.2712128  0.19942966]
 [0.26942575 0.26173177 0.27014214 0.1987003 ]
 [0.27025497 0.26483846 0.26748982 0.19741683]
 [0.2727185  0.26373005 0.26669902 0.1968524 ]
 [0.2730036  0.26691929 0.26429424 0.19578291]
 [0.27073106 0.2681101  0.2649357  0.19622315]
 [0.27025497 0.26483846 0.26748982 0.19741683]
 [0.26942575 0.26173177 0.27014214 0.1987003 ]
 [0.2667143  0.2626433  0.2712128  0.19942966]
 [0.2634895  0.26353425 0.27297568 0.20000052]
 [0.2625047  0.26057243 0.2751999  0.20172296]
 [0.2625047  0.26057243 0.2751999  0.20172296]
 [0.2625047  0.26057243 0.2751999  0.20172296]
 [0.2634895  0.26353425 0.27297568 0.20000052]
 [0.2625047  0.26057243 0.2751999  0.20172296]
 [0.2652432  0.26003522 0.27376205 0.20095958]
 [0.2625047  0.26057243 0.2751999  0.20172296]
 [0.2625047  0.26057243 0.2751999  0.20172296]
 [0.2625047  0.26057243 0.2751999  0.20172296]
 [0.2625047  0.26057243 0.2751999  0.20172296]]
Actions:
[[0. 0. 1. 0.]
 [1. 0. 0. 0.]
 [1. 0. 0. 0.]
 [0. 0. 1. 0.]
 [0. 1. 0. 0.]
 [1. 0. 0. 0.]
 [0. 1. 0. 0.]
 [1. 0. 0. 0.]
 [0. 1. 0. 0.]
 [0. 0. 1. 0.]
 [0. 0. 0. 1.]
 [0. 0. 0. 1.]
 [0. 0. 1. 0.]
 [0. 0. 1. 0.]
 [0. 0. 0. 1.]
 [0. 0. 1. 0.]
 [0. 0. 1. 0.]
 [0. 1. 0. 0.]
 [0. 0. 0. 1.]
 [1. 0. 0. 0.]
 [0. 0. 1. 0.]
 [0. 0. 1. 0.]
 [0. 0. 1. 0.]
 [0. 0. 1. 0.]
 [0. 1. 0. 0.]]
States:
[[0.6 0. ]
 [0.6 0. ]
 [0.7 0. ]
 [0.8 0. ]
 [0.7 0. ]
 [0.7 0.1]
 [0.8 0.1]
 [0.8 0.2]
 [0.9 0.2]
 [0.9 0.3]
 [0.8 0.3]
 [0.8 0.2]
 [0.8 0.1]
 [0.7 0.1]
 [0.6 0.1]
 [0.6 0. ]
 [0.6 0. ]
 [0.6 0. ]
 [0.6 0.1]
 [0.6 0. ]
 [0.7 0. ]
 [0.6 0. ]
 [0.6 0. ]
 [0.6 0. ]
 [0.6 0. ]]
Logstds:
[[0. 0. 0. 0.]
 [0. 0. 0. 0.]
 [0. 0. 0. 0.]
 [0. 0. 0. 0.]
 [0. 0. 0. 0.]
 [0. 0. 0. 0.]
 [0. 0. 0. 0.]
 [0. 0. 0. 0.]
 [0. 0. 0. 0.]
 [0. 0. 0. 0.]
 [0. 0. 0. 0.]
 [0. 0. 0. 0.]
 [0. 0. 0. 0.]
 [0. 0. 0. 0.]
 [0. 0. 0. 0.]
 [0. 0. 0. 0.]
 [0. 0. 0. 0.]
 [0. 0. 0. 0.]
 [0. 0. 0. 0.]
 [0. 0. 0. 0.]
 [0. 0. 0. 0.]
 [0. 0. 0. 0.]
 [0. 0. 0. 0.]
 [0. 0. 0. 0.]
 [0. 0. 0. 0.]]
