Baseline:
[1.2997265  1.293719   1.3035264  1.2975672  1.2974945  1.2901225
 1.3038952  1.3030577  1.2715938  1.2858397  1.2868968  1.2604071
 1.2446911  1.210202   1.2070713  1.2082053  1.1985631  1.1649916
 1.1651008  1.1944671  1.1860774  1.2027092  1.2176697  1.2084749
 1.2330052  1.2731686  1.2812705  1.2759446  1.2810163  1.2511499
 1.2217363  1.251616   1.2490278  1.2836761  1.2853104  1.2996073
 1.3135686  1.298085   1.303801   1.3147936  1.3285193  1.3396959
 1.3111889  1.3020332  1.3154588  1.3083184  1.3052683  1.2907357
 1.3102539  1.2932752  1.2936413  1.2888937  1.278826   1.2809943
 1.2651751  1.2570997  1.2662148  1.2552794  1.2290576  1.2130313
 1.1861043  1.1889238  1.1512797  1.149164   1.1304562  1.1206768
 1.1332052  1.1238133  1.1339245  1.1542265  1.1543075  1.1723845
 1.1812341  1.2042072  1.2174242  1.2369959  1.2593379  1.2628176
 1.277185   1.2907935  1.3009057  1.3098633  1.329107   1.3437428
 1.3697157  1.3743932  1.3717906  1.3670255  1.3593903  1.3509748
 1.3425653  1.3023008  1.300286   1.3139976  1.2965231  1.2768991
 1.2831626  1.2606232  1.2396952  1.2589706  1.2297556  1.2033387
 1.2172847  1.2220273  1.2150751  1.2312641  1.228651   1.1882672
 1.2048569  1.1834978  1.1838652  1.1952453  1.1883881  1.2165306
 1.215144   1.229137   1.2435353  1.2426574  1.2585576  1.2837207
 1.3121142  1.311954   1.3136952  1.3131475  1.319829   1.297945
 1.2736782  1.2893794  1.2391577  1.2487285  1.2595594  1.2650905
 1.2500801  1.2197766  1.1979754  1.2113819  1.1879718  1.1983192
 1.203697   1.2005293  1.1985701  1.2029223  1.2013922  1.2123145
 1.1942006  1.213566   1.1962894  1.196115   1.1969995  1.2196109
 1.215034   1.2161493  1.2154014  1.2134004  1.2253511  1.2394682
 1.2545112  1.2604804  1.218795   1.189722   1.1767049  1.1805401
 1.1826847  1.1585782  1.138393   1.1323721  1.1075675  1.0865021
 1.0506237  1.0676203  1.0483892  1.0263289  1.0153977  0.98697263
 0.9568376  0.9503152  0.922498   0.8996376  0.8894978  0.8895274
 0.9041918  0.89544564 0.9094249  0.9142479  0.92005473 0.9096382
 0.93556416 0.92372525 1.0154712  1.061644   1.0870528  1.0960927
 1.0837018  1.0480728  1.0602956  1.0505886  1.0270038  1.0054388
 0.98110545 0.964712   0.964712  ]
Returns:
[5.4451541  5.46232534 5.50756787 5.56908933 5.62654229 5.70905135
 5.7196148  5.71265634 5.67540174 5.61775539 5.5851959  5.58533035
 5.6252854  5.5456315  5.61918532 5.66343708 5.71889088 5.34572097
 5.38466148 5.30088988 5.34056108 5.38376531 5.38775604 5.43243963
 5.48190368 5.45601984 5.39902808 5.43787704 5.54245483 5.48635582
 5.26834893 5.29084248 5.39600969 5.24880473 5.36253651 5.36075152
 5.48421672 5.36188807 5.44412342 5.56602908 5.65195994 5.80121139
 5.78490844 5.68836655 5.62731104 5.3513269  5.45100245 5.53155513
 5.48244299 5.55648423 5.59329535 5.65086944 5.44714935 5.30198707
 5.32216262 5.38698095 5.34369736 5.28348815 5.28348954 5.28920263
 5.32584108 5.23762024 5.17566719 5.22391202 5.16958308 5.12168708
 5.07051769 5.04148659 4.9516542  4.93554106 5.01282582 5.0372301
 5.1514597  5.23928549 5.34036651 5.39992683 5.54104051 5.17181983
 5.26137524 5.3926865  5.43907182 5.55891306 5.47565034 5.55499905
 5.55912309 5.69905199 5.51377749 5.48465403 5.53678499 5.63591152
 5.66759906 5.49132934 5.53648255 5.50716386 5.59055288 5.66425055
 5.61346989 5.68102271 5.58244947 5.45422439 5.45860037 5.4835131
 5.21191131 5.23072292 5.28847432 5.25132079 5.32324673 5.18159604
 4.95964702 4.9587378  4.86859718 4.68832609 4.61983483 4.55628736
 4.57372102 4.49521657 4.48209282 4.53224159 4.58371283 4.57710732
 4.49726175 4.46604824 4.54029127 4.56503845 4.39836691 4.42025826
 4.41204831 4.42283053 4.16557483 4.26096531 4.36591239 4.47099586
 4.60648959 4.56936478 4.52481081 4.65524255 4.32593582 4.43443912
 4.45277267 4.52780729 4.6051036  4.70228727 4.76976377 4.8554957
 4.79923675 4.87206181 4.85241393 4.89422369 4.9842118  4.83898087
 4.87217849 4.93096614 4.76632476 4.75626422 4.76051821 4.76829286
 4.76262759 4.7668536  4.46046807 4.28765424 4.25581156 4.12421163
 3.98403427 3.75570865 3.69130525 3.56967619 3.53383889 3.48510763
 3.36607133 2.93279082 2.91084805 2.86493309 2.55107222 2.49681805
 2.43156268 2.42235776 2.42509417 2.38532266 2.417926   2.2266288
 1.96536832 2.00919502 1.87532376 1.85042986 1.82289864 1.77825778
 1.70670907 1.50079487 1.36127657 1.33479426 1.17485991 1.03352021
 1.00837255 0.85881281 0.77278181 0.75775011 0.66190614 0.5553815
 0.36534791 0.20882443]
Advants:
[2.58879677 2.60829631 2.64083509 2.70725944 2.76541816 2.85876605
 2.85921944 2.85688395 2.85502206 2.78516987 2.75272739 2.7814491
 2.84111806 2.79889514 2.88114379 2.93163312 3.00674211 2.66750649
 2.70793251 2.59302602 2.64065417 2.66757877 2.65665186 2.71224317
 2.73980679 2.67457085 2.60834433 2.65265612 2.75538817 2.73184513
 2.54033766 2.52956068 2.63696899 2.44911484 2.55816723 2.53828338
 2.64704819 2.53609654 2.6105261  2.72260164 2.79830139 2.94443885
 2.96576998 2.8855856  2.81661635 2.54543921 2.64880968 2.74753546
 2.68073321 2.77655189 2.81933183 2.89045549 2.7003657  2.55234454
 2.58870312 2.66424608 2.61310178 2.56366524 2.590523   2.61362311
 2.68063125 2.59051123 2.56644926 2.61863531 2.58389352 2.54555233
 2.47964075 2.45699185 2.35069108 2.30625086 2.3771338  2.37679735
 2.47820515 2.54075314 2.62883353 2.67029365 2.79433569 2.41582764
 2.48703865 2.60406584 2.64072788 2.75546289 2.65396567 2.7217752
 2.7026111  2.84495875 2.66433807 2.64145233 2.70466501 2.81927312
 2.86827836 2.73773386 2.79228663 2.75593934 2.86717458 2.9746377
 2.93117553 3.03879298 2.97776462 2.84373458 2.89298238 2.96289018
 2.68867184 2.71547055 2.7959894  2.75815963 2.8518382  2.76820939
 2.54143384 2.57528135 2.49651299 2.31167418 2.2555265  2.16695472
 2.18974072 2.09868627 2.07187886 2.12525902 2.16448427 2.13569866
 2.02734923 1.99521577 2.06878776 2.09602603 1.91942075 1.96102054
 1.97521314 1.96811894 1.75232136 1.83128508 1.92087222 2.01858856
 2.17175499 2.16761185 2.14706164 2.27009655 1.96126073 2.05926286
 2.07245238 2.15332696 2.23793362 2.33944316 2.42000144 2.50966038
 2.48644979 2.55776973 2.57470663 2.63894227 2.75494871 2.61111005
 2.67610129 2.76509262 2.63011708 2.65318976 2.67903931 2.70890473
 2.72684812 2.76699547 2.53956787 2.43182906 2.45149017 2.35363161
 2.24768552 2.07662488 2.06702234 1.98540312 2.01091369 2.02204836
 1.97842442 1.55712298 1.58577142 1.59521057 1.31904208 1.32145495
 1.31589618 1.3452105  1.41143172 1.43270361 1.51820436 1.3673604
 1.12683307 1.21944485 1.11047138 1.12202437 1.13244072 1.14463961
 1.09452815 0.94584849 0.75669442 0.72748984 0.58356616 0.47348374
 0.50406234 0.43363494 0.37955171 0.42199551 0.39933947 0.36558071
 0.25031833 0.16058886]
Mus:
[[-1.79737061e-02 -6.27560634e-03]
 [-1.77081171e-02 -5.97237982e-03]
 [-1.79519225e-02 -6.09973771e-03]
 [-1.85103808e-02 -6.61049131e-03]
 [-1.92872547e-02 -7.29608303e-03]
 [-1.90590881e-02 -7.38717988e-03]
 [-1.92219336e-02 -7.71040423e-03]
 [-1.80750657e-02 -6.87863724e-03]
 [-1.70379076e-02 -6.55834889e-03]
 [-1.75074767e-02 -7.25581171e-03]
 [-1.79816298e-02 -8.01662449e-03]
 [-1.56528987e-02 -7.38470629e-03]
 [-1.36941634e-02 -7.18929106e-03]
 [-9.11908969e-03 -5.63830975e-03]
 [-7.13386014e-03 -5.33355772e-03]
 [-4.99803154e-03 -4.50504152e-03]
 [-2.16591358e-03 -3.65146529e-03]
 [ 2.99141929e-03 -1.08779245e-03]
 [ 4.56837239e-03 -9.09523224e-04]
 [ 4.07275232e-03 -1.39823870e-03]
 [ 6.62824418e-03 -6.84490777e-04]
 [ 7.47155165e-03 -3.97462776e-04]
 [ 9.61342175e-03 -5.95585370e-05]
 [ 1.23165986e-02  6.32979325e-04]
 [ 1.34119699e-02  9.66604741e-04]
 [ 1.40251927e-02  1.38523430e-03]
 [ 1.53033882e-02  2.92693544e-03]
 [ 1.61526520e-02  2.85078841e-03]
 [ 1.58712808e-02  2.51632277e-03]
 [ 1.63080990e-02  2.62520579e-03]
 [ 1.75063144e-02  3.87254404e-03]
 [ 1.66991614e-02  4.12160996e-03]
 [ 1.54300723e-02  3.84000293e-03]
 [ 1.70487184e-02  5.87006193e-03]
 [ 1.57342087e-02  5.56825707e-03]
 [ 1.61850527e-02  6.62546838e-03]
 [ 1.39088519e-02  5.74178156e-03]
 [ 1.26781026e-02  5.53032896e-03]
 [ 9.08441283e-03  3.91907431e-03]
 [ 5.76096028e-03  2.66268640e-03]
 [ 4.62552952e-03  2.88733584e-03]
 [ 2.23530666e-03  2.14722124e-03]
 [ 1.69278108e-04  1.32890744e-03]
 [-1.52843317e-03  8.80897627e-04]
 [-5.93237998e-03 -9.65623651e-04]
 [-3.96725209e-03  2.09516365e-04]
 [-4.95947897e-03 -3.03893088e-04]
 [-5.93202189e-03 -8.59677792e-04]
 [-7.47270091e-03 -1.27017370e-03]
 [-8.67893174e-03 -1.94346230e-03]
 [-1.12882461e-02 -3.14299972e-03]
 [-1.23316646e-02 -3.59429582e-03]
 [-1.23450132e-02 -3.37617123e-03]
 [-1.51054766e-02 -4.93658567e-03]
 [-1.53865153e-02 -5.08825015e-03]
 [-1.67777948e-02 -5.77124720e-03]
 [-1.86058283e-02 -6.38954761e-03]
 [-2.15761214e-02 -8.19976255e-03]
 [-2.10611317e-02 -8.52058548e-03]
 [-2.16417965e-02 -9.38775949e-03]
 [-2.05637924e-02 -9.35927965e-03]
 [-2.10939106e-02 -9.41561256e-03]
 [-1.83394775e-02 -8.72921385e-03]
 [-1.88464820e-02 -9.08621121e-03]
 [-1.78252906e-02 -9.74943954e-03]
 [-1.60359144e-02 -9.60848201e-03]
 [-1.45633211e-02 -9.76035837e-03]
 [-9.65493172e-03 -8.11247341e-03]
 [-6.30976353e-03 -7.31465919e-03]
 [-2.67727021e-03 -6.33258000e-03]
 [ 3.60898394e-03 -3.82003537e-03]
 [ 7.18451384e-03 -2.59797764e-03]
 [ 1.08615998e-02 -9.79491044e-04]
 [ 1.25080645e-02 -2.33072758e-04]
 [ 1.32624758e-02  6.34780969e-04]
 [ 1.21509535e-02  5.17002190e-04]
 [ 9.54016298e-03 -1.28385131e-04]
 [ 7.84093048e-03  7.25557329e-04]
 [ 5.14857518e-03  2.69683980e-04]
 [ 1.68987561e-03 -6.19297964e-04]
 [-1.36107462e-03 -1.15563895e-03]
 [-5.08416351e-03 -2.05631251e-03]
 [-8.50086100e-03 -3.11983190e-03]
 [-1.10399481e-02 -3.96137917e-03]
 [-1.31704975e-02 -4.64439346e-03]
 [-1.37481317e-02 -4.54754848e-03]
 [-1.11013791e-02 -2.68392335e-03]
 [-9.13167931e-03 -1.67470600e-03]
 [-1.19153922e-02 -3.03034508e-03]
 [-1.15280235e-02 -2.88105779e-03]
 [-1.06699206e-02 -2.42285151e-03]
 [-9.55602620e-03 -2.31012679e-03]
 [-1.28952377e-02 -3.87771218e-03]
 [-1.57199167e-02 -5.13881678e-03]
 [-1.68820992e-02 -5.99765498e-03]
 [-1.67922918e-02 -6.15025964e-03]
 [-1.75940059e-02 -6.38177339e-03]
 [-1.72889717e-02 -6.54160604e-03]
 [-1.53000355e-02 -5.70001546e-03]
 [-1.74798109e-02 -6.57189172e-03]
 [-1.63700283e-02 -6.69750525e-03]
 [-1.44414771e-02 -6.27365429e-03]
 [-1.51037211e-02 -6.11126376e-03]
 [-1.52398003e-02 -6.56676851e-03]
 [-1.42975645e-02 -6.39602635e-03]
 [-1.49033135e-02 -6.71500899e-03]
 [-1.41597288e-02 -6.62069628e-03]
 [-1.11838412e-02 -5.92842232e-03]
 [-1.22108543e-02 -7.36105768e-03]
 [-8.86860117e-03 -6.58280356e-03]
 [-6.35408610e-03 -5.13587892e-03]
 [-5.72930276e-03 -6.09046360e-03]
 [-2.14630761e-03 -5.68309240e-03]
 [-2.13980657e-05 -4.80152108e-03]
 [ 4.08565952e-03 -2.97646481e-03]
 [ 6.59312494e-03 -2.70075980e-03]
 [ 1.00256018e-02 -8.15615815e-04]
 [ 1.26182698e-02  4.50089537e-05]
 [ 1.36310747e-02  5.56599698e-04]
 [ 1.35388849e-02  7.48925610e-04]
 [ 1.27389869e-02  4.52629174e-04]
 [ 1.41559253e-02  1.95032603e-03]
 [ 1.43529084e-02  2.32217042e-03]
 [ 1.58529282e-02  3.72232706e-03]
 [ 1.23604182e-02  1.36144750e-03]
 [ 1.16849188e-02  1.37041556e-03]
 [ 1.11550968e-02  1.50690682e-03]
 [ 1.00708036e-02  8.60842527e-04]
 [ 1.04769012e-02  1.63937302e-03]
 [ 1.16054872e-02  2.60831811e-03]
 [ 1.19165005e-02  2.88754213e-03]
 [ 1.36891976e-02  4.04913677e-03]
 [ 1.36403460e-02  4.53348458e-03]
 [ 1.22314561e-02  4.59649274e-03]
 [ 7.07793841e-03  2.13858392e-03]
 [ 6.19920203e-03  2.34351982e-03]
 [ 6.06739288e-03  3.81021132e-03]
 [ 4.90471581e-03  3.55474907e-03]
 [ 5.57685830e-03  4.51558363e-03]
 [ 5.67615218e-03  5.04031777e-03]
 [ 5.99949621e-03  5.62419044e-03]
 [ 5.86055173e-03  5.88788511e-03]
 [ 6.25049882e-03  6.33917190e-03]
 [ 4.00083046e-03  5.27988048e-03]
 [ 1.85497629e-03  4.16106125e-03]
 [-3.23057116e-04  3.40025290e-03]
 [-8.70423100e-04  3.19701852e-03]
 [-6.78393873e-04  3.57324025e-03]
 [-2.73211347e-03  2.67556217e-03]
 [-3.25908628e-03  2.95673148e-03]
 [-5.34903677e-03  1.79375592e-03]
 [-5.73861971e-03  1.49356679e-03]
 [-3.47088301e-03  2.52455636e-03]
 [-2.80926563e-03  2.56819767e-03]
 [-4.41187527e-03  1.84900453e-03]
 [-6.29597297e-03  9.84760467e-04]
 [-8.06551147e-03  1.46558959e-04]
 [-9.57495160e-03 -9.19249200e-04]
 [-7.57926283e-03 -7.80229399e-04]
 [-5.73120266e-03 -8.29264754e-04]
 [-5.71392942e-03 -1.52612850e-03]
 [-8.39716475e-03 -3.10154469e-03]
 [-1.05001498e-02 -3.91881680e-03]
 [-1.13756582e-02 -4.20060055e-03]
 [-1.29180644e-02 -5.05474489e-03]
 [-1.57648902e-02 -6.27614744e-03]
 [-1.63944904e-02 -6.70408737e-03]
 [-1.63470134e-02 -7.23878993e-03]
 [-1.56692527e-02 -7.16604758e-03]
 [-2.00514700e-02 -8.63058772e-03]
 [-2.01494563e-02 -8.97611026e-03]
 [-1.94782782e-02 -9.15267598e-03]
 [-1.93732902e-02 -8.54865089e-03]
 [-1.86896548e-02 -8.66763480e-03]
 [-1.72898918e-02 -7.95445777e-03]
 [-1.70168690e-02 -7.98946712e-03]
 [-1.54961944e-02 -7.47260591e-03]
 [-1.33820167e-02 -6.25773845e-03]
 [-1.16815353e-02 -5.42650046e-03]
 [-1.02297887e-02 -4.14112629e-03]
 [-9.26985778e-03 -3.18498258e-03]
 [-8.88492446e-03 -3.05902096e-03]
 [-7.33727170e-03 -1.99705432e-03]
 [-7.36093661e-03 -2.28041061e-03]
 [-5.81913954e-03 -1.34651875e-03]
 [-4.87326458e-03 -6.62540668e-04]
 [-4.32698568e-03 -3.41013365e-04]
 [-2.75964965e-03  9.32790455e-04]
 [-4.70403861e-03 -1.28620944e-03]
 [-7.63230771e-03 -2.98245437e-03]
 [-1.11157829e-02 -4.64062905e-03]
 [-1.68531127e-02 -7.46430131e-03]
 [-1.93881318e-02 -8.64183810e-03]
 [-2.04075221e-02 -9.18502454e-03]
 [-2.08558552e-02 -9.26220883e-03]
 [-2.10879296e-02 -9.28151514e-03]
 [-1.95154194e-02 -8.33588000e-03]
 [-1.79162156e-02 -7.33185746e-03]
 [-1.56070320e-02 -6.03637472e-03]
 [-1.60626974e-02 -6.57148659e-03]]
Actions:
[[ 5.13065940e-02 -1.60917710e-01]
 [ 6.75461348e-02  1.20785434e-01]
 [-1.88220127e-01  7.11731815e-02]
 [-1.77263687e-01  1.79032802e-01]
 [-1.34384715e-01 -2.92387506e-04]
 [-6.37297573e-03  2.89198965e-01]
 [ 1.57411002e-01 -1.85130319e-01]
 [-2.54207523e-01 -2.69719376e-01]
 [-9.54606917e-02  3.85705370e-01]
 [-2.45282103e-01  2.96101496e-01]
 [-2.79280086e-01 -1.48928136e-01]
 [-2.61647432e-01  1.84585399e-02]
 [-2.15840255e-01 -3.34553848e-01]
 [-9.03597568e-02  5.58405989e-02]
 [ 5.94234096e-02 -5.20695581e-02]
 [-1.24465963e-01 -9.81199698e-02]
 [ 2.90730057e-02 -6.29604711e-01]
 [-1.27427295e-01  3.90797602e-02]
 [ 1.14086422e-01  3.59467775e-01]
 [-1.64193193e-01 -7.43837882e-02]
 [ 8.47523379e-02  1.37185141e-01]
 [-1.18231810e-01  2.75372367e-01]
 [-2.41141411e-01  3.87960877e-02]
 [ 5.21145396e-02  2.07046116e-01]
 [ 2.25732965e-01  2.58695288e-01]
 [ 3.22776349e-01 -1.97527374e-01]
 [-2.98042855e-01  7.43786251e-02]
 [-1.03454958e-01  1.62958196e-01]
 [-4.01068566e-01 -1.68928352e-01]
 [-3.01509362e-01 -4.72626025e-01]
 [ 2.92960864e-01  1.22357014e-01]
 [-1.59441539e-01 -3.10189370e-02]
 [ 4.64519223e-01 -2.00609270e-01]
 [-1.40039039e-01 -3.21049753e-02]
 [ 2.43576190e-01 -2.21298775e-01]
 [-1.03943302e-02  1.77023129e-01]
 [-3.61912242e-01 -3.25601926e-01]
 [-1.96726661e-01  2.12099728e-01]
 [-9.00929388e-02  1.74853801e-01]
 [ 8.98431821e-02 -1.87557647e-01]
 [ 8.77019539e-03  6.08610163e-02]
 [-3.85510743e-01 -1.70070956e-01]
 [-4.82920192e-01 -1.80982282e-01]
 [ 1.24622401e-01  4.38544160e-01]
 [ 2.40300047e-01 -5.28526360e-01]
 [-5.38025109e-02 -3.07752422e-02]
 [-1.55108433e-01 -9.21001573e-02]
 [ 3.27124207e-01 -6.47316979e-03]
 [-5.33821843e-02 -1.52896573e-01]
 [ 1.11641043e-01  2.10347913e-01]
 [ 1.53401287e-01  9.86024359e-03]
 [ 2.80502827e-01 -3.93135995e-01]
 [-3.71434300e-02  5.05119738e-01]
 [ 5.14875723e-02 -2.04686983e-01]
 [ 5.01443676e-02 -2.98681796e-04]
 [ 2.75010761e-01  1.11490322e-01]
 [-3.52501724e-01  2.77617930e-01]
 [-3.60371924e-01 -4.33976483e-02]
 [-3.15014903e-01  1.57484701e-01]
 [-2.62292269e-01 -1.16497389e-01]
 [ 3.34098319e-01 -3.25731182e-02]
 [-2.96169349e-01 -2.85682989e-01]
 [ 1.01463586e-01  7.87185302e-02]
 [-3.98683767e-01  1.98580594e-01]
 [-4.45561188e-01  6.42752824e-02]
 [-1.24411669e-01  3.80342426e-01]
 [ 2.52674792e-01 -1.03754867e-01]
 [-4.41986419e-01  2.15924864e-01]
 [-2.80360577e-01  2.70337342e-01]
 [-1.01799423e-01 -1.28327017e-01]
 [ 2.04742331e-01  1.03760623e-01]
 [-6.77850530e-02 -5.47618935e-02]
 [-2.18371478e-01  1.10674742e-01]
 [ 7.93626075e-03 -1.43193326e-01]
 [-3.16081388e-01  9.71743647e-02]
 [-1.18396971e-02  1.41661695e-01]
 [ 3.10670235e-01 -6.01029323e-01]
 [ 1.89781584e-01 -5.65538735e-02]
 [ 8.27015834e-02  4.54459164e-02]
 [-3.41831688e-01 -8.77385089e-02]
 [ 1.31398835e-01  3.02268563e-02]
 [ 3.38308041e-01  3.09518665e-01]
 [ 4.48810980e-02  2.58518199e-01]
 [ 1.64468666e-01  3.42201218e-01]
 [ 1.50748536e-02 -5.98590470e-04]
 [ 1.07219722e-01 -5.10842637e-01]
 [ 7.38595843e-02 -3.29567113e-01]
 [-2.00325964e-01  2.80705906e-01]
 [-6.36641918e-02 -1.03032287e-01]
 [ 4.67239100e-02 -2.35058594e-01]
 [-3.01662839e-01 -4.35394959e-01]
 [-1.63785538e-02  2.50302257e-01]
 [ 1.48940848e-01  3.37588247e-01]
 [-2.00896178e-01  1.92525797e-02]
 [-6.91605264e-02 -1.53367203e-01]
 [ 3.04847758e-01  9.55513309e-02]
 [-1.38441799e-01 -1.34076802e-01]
 [ 1.24189572e-01 -3.45586336e-01]
 [ 2.76121118e-01  2.86710431e-01]
 [-3.20234586e-01 -8.71677961e-02]
 [-1.51334300e-01 -1.88049306e-01]
 [ 4.98646888e-01 -6.34794984e-02]
 [-1.82114053e-02  2.09124013e-01]
 [-2.15820190e-02 -2.15740307e-02]
 [ 1.60582374e-01  2.13689778e-01]
 [-5.69672082e-02  5.42673669e-02]
 [-4.14089790e-01 -2.73037450e-01]
 [-2.30019056e-01  5.15147846e-01]
 [-2.82555110e-01 -9.57840487e-02]
 [ 2.41510968e-01 -2.05186626e-01]
 [-3.09611805e-01  4.28566749e-01]
 [-3.30191036e-01  2.24884992e-01]
 [ 1.80683179e-01  1.97039053e-01]
 [-1.18219834e-02 -1.51928819e-01]
 [-1.57774117e-01  3.19795027e-01]
 [ 1.52221727e-01 -1.41229278e-01]
 [-1.59045021e-01 -4.46032248e-03]
 [ 2.84943648e-02  8.06805372e-02]
 [ 1.72934103e-01  1.84644718e-01]
 [ 1.99756911e-01  3.26226859e-01]
 [ 2.63028769e-01 -1.39980599e-01]
 [ 8.18383353e-02  6.06304853e-02]
 [ 2.20532005e-01 -9.90724638e-02]
 [-2.70531853e-01  4.61322246e-01]
 [-2.05450383e-01 -1.48780224e-01]
 [-2.53346811e-01 -1.76205380e-01]
 [ 7.05859197e-02  3.51042731e-01]
 [-3.85005856e-01 -4.39212971e-01]
 [ 1.40478572e-01  5.18987054e-03]
 [ 8.67944589e-02  1.71520907e-01]
 [ 1.76784926e-01  4.91390734e-02]
 [-3.53010652e-02 -1.33633733e-01]
 [-2.07224603e-01 -3.68488639e-01]
 [-4.52001640e-01  1.54056694e-01]
 [ 2.15584090e-01  6.00630525e-02]
 [ 4.46403184e-02 -6.67932051e-01]
 [ 1.57685418e-01  9.34323001e-02]
 [ 2.73490044e-01 -1.73889117e-01]
 [ 4.59521073e-02 -2.23523951e-01]
 [ 4.91662332e-03 -2.33555061e-01]
 [ 8.56720457e-03 -1.47763303e-01]
 [-7.94525649e-02 -2.26926705e-01]
 [-7.26236542e-02  1.90608178e-01]
 [-4.55885248e-01  3.35289299e-02]
 [ 1.50792589e-01  1.23871342e-01]
 [-3.43357265e-01 -1.99986025e-01]
 [-1.12690333e-02 -2.36898002e-01]
 [-1.12677319e-01  1.51248945e-02]
 [ 4.10465978e-01 -1.28623639e-01]
 [-2.86072585e-01  6.37550528e-02]
 [-6.16393491e-02 -8.44972369e-02]
 [ 1.96801389e-01 -3.74815280e-01]
 [-2.90426818e-02 -1.95566663e-01]
 [ 1.23938407e-01 -4.07673565e-02]
 [ 9.09171722e-02  5.05751075e-02]
 [ 1.17469046e-01  7.06071972e-02]
 [-9.35841793e-02  1.63486589e-01]
 [-3.91558921e-01 -4.24334246e-01]
 [-3.21671060e-01 -2.72279302e-01]
 [-1.56811606e-01 -2.50444875e-02]
 [ 7.63592853e-02  3.42557190e-01]
 [ 2.90246166e-01  3.53835547e-02]
 [ 9.43628902e-02 -3.93589332e-01]
 [-6.94709071e-03 -1.24799160e-01]
 [ 2.09759058e-01  1.29730645e-01]
 [-3.95241782e-02 -1.14192776e-01]
 [-2.42197275e-01  6.35219443e-02]
 [-1.75347950e-01 -3.07698151e-01]
 [ 4.24038396e-01  4.61578204e-01]
 [-1.92896137e-01  4.74767770e-02]
 [-3.21093650e-01  3.22015204e-02]
 [ 4.59127069e-01 -1.65711046e-01]
 [-3.31449172e-01 -5.07687176e-02]
 [ 6.43190960e-03 -2.65511052e-01]
 [ 2.46634759e-02  1.71981721e-01]
 [-1.65173358e-01 -1.48983599e-01]
 [ 1.04621323e-01 -2.11205673e-01]
 [ 5.73395126e-02  4.91265907e-02]
 [ 4.44831325e-01  5.98423268e-03]
 [ 5.03399782e-01  8.83221361e-02]
 [-1.28433873e-01 -1.25816357e-02]
 [ 3.82053704e-01 -2.22523696e-03]
 [-2.38883643e-01  1.65024920e-01]
 [ 2.18830198e-01 -5.81875471e-02]
 [-3.33376869e-02 -2.94388045e-01]
 [ 1.95781703e-01  2.00804825e-01]
 [ 1.57763964e-01 -4.28433426e-01]
 [-7.22260087e-02 -3.58876009e-01]
 [ 4.22153708e-02  5.97297087e-02]
 [ 4.82978782e-02  3.81059675e-01]
 [-1.91158406e-01  3.17211477e-01]
 [-1.49414958e-01 -1.72381978e-03]
 [-3.18497128e-01 -2.67021352e-01]
 [ 1.50427964e-01  1.32458371e-01]
 [-3.04275475e-02 -8.28319013e-02]
 [-4.43247235e-03 -2.99235407e-01]
 [ 6.07412477e-02 -2.96119239e-01]
 [ 4.22518762e-02 -3.99151505e-01]
 [-3.77515325e-01 -1.26844380e-01]
 [ 3.17845919e-01 -1.47487935e-01]]
States:
[[0.99930482 0.99901986 0.5363605  0.46988196 0.51346673 0.59708831]
 [0.99924806 0.99880004 0.53743201 0.4666787  0.52663613 0.55491475]
 [0.99905055 0.99850124 0.54087521 0.46276545 0.54368142 0.58739767]
 ...
 [0.71680574 0.         0.05111563 0.25623583 0.51388509 0.61835009]
 [0.71765219 0.         0.05153303 0.26040363 0.52471498 0.51332951]
 [0.71244539 0.         0.04899681 0.27373084 0.42759284 0.4817467 ]]
Logstds:
[[-3. -3.]
 [-3. -3.]
 [-3. -3.]
 [-3. -3.]
 [-3. -3.]
 [-3. -3.]
 [-3. -3.]
 [-3. -3.]
 [-3. -3.]
 [-3. -3.]
 [-3. -3.]
 [-3. -3.]
 [-3. -3.]
 [-3. -3.]
 [-3. -3.]
 [-3. -3.]
 [-3. -3.]
 [-3. -3.]
 [-3. -3.]
 [-3. -3.]
 [-3. -3.]
 [-3. -3.]
 [-3. -3.]
 [-3. -3.]
 [-3. -3.]
 [-3. -3.]
 [-3. -3.]
 [-3. -3.]
 [-3. -3.]
 [-3. -3.]
 [-3. -3.]
 [-3. -3.]
 [-3. -3.]
 [-3. -3.]
 [-3. -3.]
 [-3. -3.]
 [-3. -3.]
 [-3. -3.]
 [-3. -3.]
 [-3. -3.]
 [-3. -3.]
 [-3. -3.]
 [-3. -3.]
 [-3. -3.]
 [-3. -3.]
 [-3. -3.]
 [-3. -3.]
 [-3. -3.]
 [-3. -3.]
 [-3. -3.]
 [-3. -3.]
 [-3. -3.]
 [-3. -3.]
 [-3. -3.]
 [-3. -3.]
 [-3. -3.]
 [-3. -3.]
 [-3. -3.]
 [-3. -3.]
 [-3. -3.]
 [-3. -3.]
 [-3. -3.]
 [-3. -3.]
 [-3. -3.]
 [-3. -3.]
 [-3. -3.]
 [-3. -3.]
 [-3. -3.]
 [-3. -3.]
 [-3. -3.]
 [-3. -3.]
 [-3. -3.]
 [-3. -3.]
 [-3. -3.]
 [-3. -3.]
 [-3. -3.]
 [-3. -3.]
 [-3. -3.]
 [-3. -3.]
 [-3. -3.]
 [-3. -3.]
 [-3. -3.]
 [-3. -3.]
 [-3. -3.]
 [-3. -3.]
 [-3. -3.]
 [-3. -3.]
 [-3. -3.]
 [-3. -3.]
 [-3. -3.]
 [-3. -3.]
 [-3. -3.]
 [-3. -3.]
 [-3. -3.]
 [-3. -3.]
 [-3. -3.]
 [-3. -3.]
 [-3. -3.]
 [-3. -3.]
 [-3. -3.]
 [-3. -3.]
 [-3. -3.]
 [-3. -3.]
 [-3. -3.]
 [-3. -3.]
 [-3. -3.]
 [-3. -3.]
 [-3. -3.]
 [-3. -3.]
 [-3. -3.]
 [-3. -3.]
 [-3. -3.]
 [-3. -3.]
 [-3. -3.]
 [-3. -3.]
 [-3. -3.]
 [-3. -3.]
 [-3. -3.]
 [-3. -3.]
 [-3. -3.]
 [-3. -3.]
 [-3. -3.]
 [-3. -3.]
 [-3. -3.]
 [-3. -3.]
 [-3. -3.]
 [-3. -3.]
 [-3. -3.]
 [-3. -3.]
 [-3. -3.]
 [-3. -3.]
 [-3. -3.]
 [-3. -3.]
 [-3. -3.]
 [-3. -3.]
 [-3. -3.]
 [-3. -3.]
 [-3. -3.]
 [-3. -3.]
 [-3. -3.]
 [-3. -3.]
 [-3. -3.]
 [-3. -3.]
 [-3. -3.]
 [-3. -3.]
 [-3. -3.]
 [-3. -3.]
 [-3. -3.]
 [-3. -3.]
 [-3. -3.]
 [-3. -3.]
 [-3. -3.]
 [-3. -3.]
 [-3. -3.]
 [-3. -3.]
 [-3. -3.]
 [-3. -3.]
 [-3. -3.]
 [-3. -3.]
 [-3. -3.]
 [-3. -3.]
 [-3. -3.]
 [-3. -3.]
 [-3. -3.]
 [-3. -3.]
 [-3. -3.]
 [-3. -3.]
 [-3. -3.]
 [-3. -3.]
 [-3. -3.]
 [-3. -3.]
 [-3. -3.]
 [-3. -3.]
 [-3. -3.]
 [-3. -3.]
 [-3. -3.]
 [-3. -3.]
 [-3. -3.]
 [-3. -3.]
 [-3. -3.]
 [-3. -3.]
 [-3. -3.]
 [-3. -3.]
 [-3. -3.]
 [-3. -3.]
 [-3. -3.]
 [-3. -3.]
 [-3. -3.]
 [-3. -3.]
 [-3. -3.]
 [-3. -3.]
 [-3. -3.]
 [-3. -3.]
 [-3. -3.]
 [-3. -3.]
 [-3. -3.]
 [-3. -3.]
 [-3. -3.]
 [-3. -3.]
 [-3. -3.]]
