Baseline:
[0.5155938  0.5099443  0.503583   0.49962446 0.5023217  0.4923547
 0.49318764 0.49555713 0.49491316 0.49362957 0.49994087 0.49746755
 0.4781213  0.46441472 0.4685194  0.4767212  0.4965323  0.50522107
 0.52991    0.5388203  0.551712   0.56044585 0.5597136  0.54313934
 0.53116816 0.53331167 0.5138354  0.512407   0.5123932  0.5028614
 0.50886834 0.5100826  0.5085126  0.5039199  0.49992737 0.49712962
 0.5093078  0.5057836  0.5090653  0.5076165  0.50900227 0.516228
 0.5019764  0.50718135 0.50247884 0.50574625 0.5160071  0.5065902
 0.5077849  0.49736485 0.49261075 0.48988536 0.5006615  0.5022255
 0.5128817  0.5082219  0.5028663  0.5080881  0.505547   0.5080463
 0.5079337  0.51412636 0.5208312  0.52826685 0.5449181  0.538172
 0.5311449  0.5330823  0.5739287  0.55919355 0.5410169  0.5298516
 0.54587084 0.5279618  0.5379991  0.5344275  0.518587   0.50514805
 0.4861947  0.48584068 0.4859398  0.48548773 0.49592134 0.47762707
 0.46590528 0.46695256 0.4728175  0.45776787 0.44059643 0.4253101
 0.4129027  0.39876944 0.39689836 0.39549094 0.38897344 0.3708765
 0.36701402 0.36978352 0.3817955  0.370891   0.3940484  0.40718362
 0.4036567  0.3951634  0.40083775 0.40209922 0.42430758 0.425951
 0.41399762 0.41900203 0.42202678 0.43606773 0.43544784 0.4379042
 0.45192948 0.45318693 0.44636092 0.44671887 0.4526519  0.4521265
 0.43432963 0.40017608 0.4255835  0.43506253 0.42629024 0.42274144
 0.41925773 0.40722078 0.42086145 0.4399082  0.4462032  0.44040462
 0.4527996  0.4629506  0.46996453 0.47562957 0.4712764  0.4563389
 0.44933054 0.44006708 0.42479    0.40987328 0.3886203  0.373717
 0.3635586  0.3527928  0.34251058 0.33067718 0.32484606 0.3213704
 0.31170866 0.3173642  0.3131622  0.30812493 0.2953061  0.2674874
 0.2641582  0.26258472 0.2624922  0.26843712 0.27603438 0.30058017
 0.32647046 0.33478677 0.34485662 0.34287924 0.33925316 0.3337876
 0.3290722  0.32026133 0.30891114 0.29892054 0.29185292 0.28319678
 0.27821168 0.288755   0.2765867  0.28102836 0.27314138 0.2836022
 0.29418868 0.28574207 0.27847084 0.2715017  0.27966014 0.27071458
 0.2512853  0.23984346 0.22883976 0.2317953  0.22931406 0.22820804
 0.23455137 0.23853467 0.23820895 0.25292677 0.25161582 0.27433848
 0.28089696 0.3013947  0.3013947 ]
Returns:
[ 2.2311391   2.18873655  2.12514208  2.08258251  1.79371072  1.83150393
  1.7931733   1.76748686  1.75273197  1.79595068  1.79879041  1.88060763
  1.8423016   1.90609499  1.88142578  1.94177738  1.81627735  1.89124317
  1.83040397  1.84969725  1.94032596  1.95593719  2.0368606   1.886544
  1.94535592  2.00957552  1.96245194  2.0767254   2.1223169   2.17042835
  2.23916118  2.30963361  2.40941556  2.2535158   2.34847334  2.4106693
  2.25740687  2.33238513  2.37675899  2.37608577  2.35959155  2.34605561
  2.30941488  2.33201957  2.42143958  2.46973036  2.45594067  2.46206721
  2.41911172  2.46471341  2.5297465   2.63652823  2.53788996  2.6037885
  2.2178709   2.2975586   2.37634018  2.22479736  2.28904096  2.35843192
  2.20630531  2.24511584  2.29018941  2.27245911  1.98116273  1.94666694
  1.91450817  1.96153158  1.43947419  1.36050692  1.30222416  1.31027799
  1.14946531  1.1315517   1.07908179  1.04134126  1.06400975  1.12832492
  1.10044372  1.18735514  1.29299639  1.39371437  1.27282626  1.29275788
  1.41129382  1.51388245  1.5823495   1.68613085  1.57108379  1.67039138
  1.71835827  1.86564564  1.73004061  1.80421993  1.93685446  1.63331369
  1.75654484  1.69395115  1.74115067  1.78002989  1.63917943  1.73923909
  1.54450942  1.61162152  1.66114803  1.76654535  1.67614692  1.75948789
  1.71156581  1.55993959  1.63478923  1.67676029  1.51392256  1.56597431
  1.54508668  1.62076347  1.63451969  1.71462096  1.75196147  1.8158465
  1.81999641  1.5394914   0.98201274  1.0329104   1.12016194  1.25058737
  1.38475013  1.070583    1.21881612  1.196471    1.17488735  0.96450799
  1.02613809  1.1189673   1.18759645  1.29683847  1.07900326  0.93864433
  0.62517509  0.5558439   0.51403514  0.52323929  0.39476524  0.3241962
  0.35825878  0.39334177  0.32275243  0.32055408  0.33951985  0.19411569
  0.24965769  0.28529706  0.32404658  0.40795599  0.48467798  0.19477713
  0.25180694  0.21720977  0.0213142  -0.00439839  0.12320532 -0.02874146
  0.00612922  0.03902902  0.02161172  0.13420353  0.24182241  0.28678153
  0.20568598  0.23249018  0.25368157  0.32199994  0.40774638  0.41559245
  0.39279469  0.28439596  0.14957431  0.036257    0.10688698  0.05765309
 -0.00360774 -0.05689171 -0.01024086  0.06528521 -0.00589466  0.03454908
 -0.01210571 -0.11275016 -0.10391297 -0.07777015  0.00689013 -0.01563751
 -0.06120977 -0.00923875  0.04164507  0.08585057  0.20497476  0.20346823
  0.23551897  0.0083797 ]
Advants:
[ 1.18755718  1.1577477   1.10627949  1.07274072  0.77764756  0.82306059
  0.7801386   0.74713638  0.72722139  0.76680159  0.75788123  0.83886572
  0.81573189  0.89109915  0.8591209   0.9094063   0.75757778  0.81883206
  0.72520809  0.72712665  0.79808251  0.79781368  0.87423982  0.73068608
  0.79301112  0.84782856  0.81144921  0.92125354  0.96186947  1.01588105
  1.07660586  1.14583445  1.2502889   1.09766911  1.19825489  1.26703373
  1.10058399  1.18041927  1.22422876  1.22797705  1.21277006  1.19426694
  1.17363644  1.19348266  1.29317108  1.34562699  1.32889825  1.35286799
  1.3164964   1.38269202  1.46567816  1.59289542  1.49931594  1.58282404
  1.194792    1.29101749  1.39064676  1.24584561  1.32767836  1.41296873
  1.27621944  1.32641105  1.38503729  1.38107621  1.0866157   1.07264384
  1.06168644  1.12354857  0.56144057  0.49608552  0.45352045  0.47066548
  0.28611377  0.27773168  0.20419997  0.15701067  0.18258115  0.24869932
  0.22686816  0.30283006  0.3993699   0.49389975  0.3513107   0.37849162
  0.50079213  0.59683885  0.65541438  0.77355096  0.67189473  0.7859301
  0.8475655   1.01534708  0.88437984  0.96530671  1.11455745  0.83124447
  0.96458116  0.90397135  0.94540548  1.00350758  0.84345436  0.93735868
  0.74781692  0.82756312  0.87726505  0.99096974  0.88526421  0.97697766
  0.95076563  0.79987861  0.88015777  0.91812615  0.7617847   0.81929093
  0.79188295  0.87674822  0.9093028   1.00450463  1.05365887  1.13931992
  1.18500633  0.95679777  0.37557271  0.42007484  0.52241465  0.66738644
  0.82122442  0.52732077  0.67500326  0.64653639  0.63182151  0.43519867
  0.49459239  0.59085162  0.66911041  0.79395219  0.59694394  0.48552058
  0.18477208  0.12904555  0.10640438  0.13549315  0.0303471  -0.02478853
  0.02137543  0.0707507   0.01240532  0.02446718  0.05266455 -0.08996333
 -0.02350196  0.00877401  0.05554127  0.15137972  0.25116872 -0.0078979
  0.05760032  0.02913225 -0.16778287 -0.20162624 -0.08028035 -0.2607779
 -0.2558659  -0.23493709 -0.26724034 -0.15435416 -0.04149503  0.01224088
 -0.06290827 -0.02485582  0.0113372   0.09603063  0.19864353  0.2262897
  0.22001941  0.1099244  -0.00692168 -0.1220207  -0.03818887 -0.09396214
 -0.16377601 -0.20779347 -0.15131393 -0.06349202 -0.13950364 -0.08497673
 -0.10746902 -0.19429399 -0.17125932 -0.14388906 -0.04951313 -0.06374658
 -0.10946729 -0.05327281  0.00842641  0.05020934  0.18771192  0.18125475
  0.22682139 -0.00669006]
Mus:
[[-2.80798245e-02 -1.17204571e-02]
 [-2.86753792e-02 -1.14820432e-02]
 [-2.91596055e-02 -1.12355221e-02]
 [-2.97459010e-02 -1.11451028e-02]
 [-2.99563427e-02 -1.05277896e-02]
 [-3.18909250e-02 -1.16500203e-02]
 [-3.24492157e-02 -1.22850109e-02]
 [-3.27380560e-02 -1.22133698e-02]
 [-3.33293378e-02 -1.22641679e-02]
 [-3.39627899e-02 -1.25120804e-02]
 [-3.40719372e-02 -1.27509581e-02]
 [-3.46074924e-02 -1.30315954e-02]
 [-3.64813432e-02 -1.43458154e-02]
 [-3.74706127e-02 -1.49567835e-02]
 [-3.91245708e-02 -1.61704123e-02]
 [-3.88748012e-02 -1.60127915e-02]
 [-3.75174284e-02 -1.50322281e-02]
 [-3.76082063e-02 -1.52547015e-02]
 [-3.63177285e-02 -1.44915236e-02]
 [-3.65302525e-02 -1.50487972e-02]
 [-3.48491073e-02 -1.41951544e-02]
 [-3.22721079e-02 -1.25642475e-02]
 [-3.18796597e-02 -1.26484334e-02]
 [-2.97900550e-02 -1.12006627e-02]
 [-3.01468447e-02 -1.15887187e-02]
 [-2.92667206e-02 -1.10152783e-02]
 [-2.97203418e-02 -1.12016145e-02]
 [-3.02438326e-02 -1.16466107e-02]
 [-3.17762308e-02 -1.27630522e-02]
 [-3.18747088e-02 -1.28668332e-02]
 [-3.19073759e-02 -1.30239176e-02]
 [-3.10452711e-02 -1.25385765e-02]
 [-3.19912396e-02 -1.32630272e-02]
 [-3.07668857e-02 -1.21239293e-02]
 [-3.10977101e-02 -1.24110859e-02]
 [-3.17911059e-02 -1.32107968e-02]
 [-3.07430271e-02 -1.25306342e-02]
 [-3.08226105e-02 -1.25748692e-02]
 [-3.04947272e-02 -1.24197314e-02]
 [-3.02302372e-02 -1.19813839e-02]
 [-3.00684907e-02 -1.15487510e-02]
 [-2.97618788e-02 -1.13514587e-02]
 [-3.12034655e-02 -1.23444172e-02]
 [-3.12126335e-02 -1.25467665e-02]
 [-3.17732953e-02 -1.29325120e-02]
 [-3.17391045e-02 -1.29831722e-02]
 [-3.11147869e-02 -1.26675777e-02]
 [-3.11523005e-02 -1.24148959e-02]
 [-3.08432598e-02 -1.18827745e-02]
 [-3.18802483e-02 -1.22573897e-02]
 [-3.28345448e-02 -1.31178778e-02]
 [-3.34970057e-02 -1.35888923e-02]
 [-3.28949280e-02 -1.31623801e-02]
 [-3.36755626e-02 -1.38233555e-02]
 [-3.42607498e-02 -1.53300390e-02]
 [-3.33861113e-02 -1.48779619e-02]
 [-3.27360332e-02 -1.46193709e-02]
 [-3.17369886e-02 -1.35380700e-02]
 [-3.15112248e-02 -1.34386513e-02]
 [-3.12313810e-02 -1.36044938e-02]
 [-3.05821989e-02 -1.25423400e-02]
 [-3.01987212e-02 -1.24662789e-02]
 [-2.97983345e-02 -1.23544866e-02]
 [-2.91631315e-02 -1.17650907e-02]
 [-2.77076978e-02 -1.04666017e-02]
 [-2.73250677e-02 -9.78466216e-03]
 [-2.74002478e-02 -9.37392097e-03]
 [-2.77349185e-02 -9.53402091e-03]
 [-2.54461821e-02 -8.12787563e-03]
 [-2.55279802e-02 -7.98794348e-03]
 [-2.63800845e-02 -8.34201649e-03]
 [-2.71228552e-02 -8.61637853e-03]
 [-2.64022574e-02 -7.91867636e-03]
 [-2.73834188e-02 -8.88073165e-03]
 [-2.70096119e-02 -8.42599850e-03]
 [-2.72796322e-02 -8.99946690e-03]
 [-2.83490922e-02 -9.61802434e-03]
 [-2.93930005e-02 -1.02998782e-02]
 [-3.13692354e-02 -1.16248792e-02]
 [-3.19518000e-02 -1.18932007e-02]
 [-3.24421525e-02 -1.21285617e-02]
 [-3.27732936e-02 -1.22865401e-02]
 [-3.16640586e-02 -1.13875242e-02]
 [-3.30251642e-02 -1.23946182e-02]
 [-3.38166505e-02 -1.29047781e-02]
 [-3.41316201e-02 -1.29537294e-02]
 [-3.47302034e-02 -1.32243866e-02]
 [-3.56238410e-02 -1.38920825e-02]
 [-3.55777666e-02 -1.38099305e-02]
 [-3.61370407e-02 -1.40542435e-02]
 [-3.86612117e-02 -1.54636465e-02]
 [-3.95104177e-02 -1.59337465e-02]
 [-4.27016132e-02 -1.77011639e-02]
 [-4.44259644e-02 -1.88925117e-02]
 [-4.51513752e-02 -1.96095686e-02]
 [-4.19995785e-02 -1.80746876e-02]
 [-4.24763337e-02 -1.84112359e-02]
 [-4.49086018e-02 -1.98796745e-02]
 [-4.60274406e-02 -2.03018226e-02]
 [-4.54753600e-02 -2.06477568e-02]
 [-4.71389964e-02 -2.15295665e-02]
 [-4.66634370e-02 -2.15476174e-02]
 [-4.39506657e-02 -1.99279021e-02]
 [-4.32519540e-02 -1.99687686e-02]
 [-4.20170464e-02 -1.94379017e-02]
 [-4.08313274e-02 -1.90961957e-02]
 [-3.93930078e-02 -1.88675746e-02]
 [-3.88455875e-02 -1.89568885e-02]
 [-3.56305800e-02 -1.79464798e-02]
 [-3.39623392e-02 -1.81519296e-02]
 [-2.90565472e-02 -1.64914411e-02]
 [-2.42922902e-02 -1.48974424e-02]
 [-1.87425241e-02 -1.22221662e-02]
 [-1.49560859e-02 -1.06562302e-02]
 [-1.19144674e-02 -9.46999621e-03]
 [-8.69290717e-03 -8.35549738e-03]
 [-5.29407337e-03 -6.64559007e-03]
 [-2.50478648e-03 -5.58945211e-03]
 [-4.41456126e-04 -4.46430687e-03]
 [ 1.94869679e-03 -4.01603756e-03]
 [ 5.87647129e-03 -2.69473530e-03]
 [ 1.06295962e-02 -1.07622473e-03]
 [ 1.11770285e-02 -1.87252217e-03]
 [ 1.31369177e-02 -1.23565667e-03]
 [ 1.46519849e-02  9.33874253e-05]
 [ 1.42861521e-02  3.82001454e-04]
 [ 1.23288976e-02  2.72484001e-04]
 [ 9.78298392e-03  8.50677199e-04]
 [ 5.95044810e-03 -2.27767479e-04]
 [ 2.49360246e-03 -1.45784987e-03]
 [-3.64228996e-04 -1.50203484e-03]
 [-3.35932919e-03 -2.07843818e-03]
 [-7.80785596e-03 -3.88638326e-03]
 [-1.19178956e-02 -5.31998975e-03]
 [-1.47338370e-02 -6.08297065e-03]
 [-1.72701553e-02 -6.91051455e-03]
 [-1.74451470e-02 -6.72927313e-03]
 [-1.90996751e-02 -7.45326607e-03]
 [-2.38718744e-02 -9.50699579e-03]
 [-2.63766684e-02 -1.05113667e-02]
 [-3.16308960e-02 -1.32066458e-02]
 [-3.40415314e-02 -1.44583816e-02]
 [-3.70556787e-02 -1.64667200e-02]
 [-3.88222933e-02 -1.74891930e-02]
 [-3.97066139e-02 -1.81067456e-02]
 [-3.96311544e-02 -1.84649825e-02]
 [-3.82945724e-02 -1.85888689e-02]
 [-3.44745405e-02 -1.74825452e-02]
 [-2.85254605e-02 -1.58820115e-02]
 [-2.15706844e-02 -1.35707268e-02]
 [-1.42799038e-02 -1.08306948e-02]
 [-9.20068566e-03 -9.15564410e-03]
 [-3.47356196e-03 -6.80492772e-03]
 [ 8.50632438e-04 -5.16122906e-03]
 [ 4.11449466e-03 -3.60985496e-03]
 [ 7.88540021e-03 -9.80149955e-04]
 [ 7.86073320e-03 -1.12740882e-03]
 [ 7.38690561e-03 -1.21854781e-03]
 [ 5.01495413e-03 -1.89701642e-03]
 [ 3.43589025e-04 -3.34688090e-03]
 [-6.76309178e-03 -5.46326628e-03]
 [-1.32634751e-02 -8.28432664e-03]
 [-2.00794768e-02 -1.07959202e-02]
 [-2.53630169e-02 -1.22662354e-02]
 [-3.15146446e-02 -1.47311548e-02]
 [-3.55235077e-02 -1.60992797e-02]
 [-3.83609310e-02 -1.72210578e-02]
 [-4.03249972e-02 -1.79101992e-02]
 [-4.10248674e-02 -1.83454286e-02]
 [-4.19084840e-02 -1.88570917e-02]
 [-4.28925678e-02 -1.94116626e-02]
 [-4.39721011e-02 -1.99236795e-02]
 [-4.44312692e-02 -2.02897247e-02]
 [-4.45065126e-02 -2.08041016e-02]
 [-4.37733606e-02 -2.08358653e-02]
 [-4.44857888e-02 -2.12793779e-02]
 [-4.16809879e-02 -1.97009705e-02]
 [-4.11001369e-02 -1.94216985e-02]
 [-3.91775221e-02 -1.88715886e-02]
 [-3.68135646e-02 -1.81533378e-02]
 [-3.49360518e-02 -1.74610969e-02]
 [-3.27238999e-02 -1.61672961e-02]
 [-3.12455446e-02 -1.60463136e-02]
 [-2.93613765e-02 -1.55370953e-02]
 [-2.78163236e-02 -1.50208427e-02]
 [-2.60730479e-02 -1.46695403e-02]
 [-2.27853041e-02 -1.32051939e-02]
 [-1.91630032e-02 -1.24926167e-02]
 [-1.49919624e-02 -1.04500875e-02]
 [-1.25861801e-02 -9.58415028e-03]
 [-9.72417649e-03 -8.34218971e-03]
 [-6.96750917e-03 -6.56108512e-03]
 [-5.84467174e-03 -6.16881298e-03]
 [-4.93283803e-03 -5.61274448e-03]
 [-4.70920652e-03 -5.98917948e-03]
 [-3.55745805e-03 -5.48939733e-03]
 [-2.65433569e-03 -5.02561219e-03]
 [-1.69288740e-03 -4.39667236e-03]
 [-4.14309936e-04 -3.21913790e-03]
 [ 2.01041796e-04 -1.81148876e-03]]
Actions:
[[ 7.66830857e-02 -2.50353255e-01]
 [ 6.57913348e-02 -2.75371617e-01]
 [ 1.05005490e-01 -1.99274982e-01]
 [ 3.42174332e-01 -3.30842062e-01]
 [-1.93848953e-01 -3.08889099e-02]
 [ 3.89001007e-02  2.66229510e-01]
 [ 1.86701345e-01 -4.23983235e-02]
 [ 1.62180190e-01 -2.56476130e-02]
 [ 5.85372029e-02  4.24533459e-02]
 [ 7.70039672e-02  2.50135118e-01]
 [-4.06956160e-02  7.71653185e-02]
 [-4.53131929e-01  1.02797343e-01]
 [-2.44715104e-01 -7.87807340e-02]
 [-1.39476209e-01  3.69317531e-01]
 [ 1.24270493e-01  8.83554214e-02]
 [ 3.85889799e-01  9.63287999e-02]
 [-3.27030604e-02  2.05836493e-01]
 [ 2.77849007e-01  2.01800725e-01]
 [-2.16740160e-01  2.81570639e-01]
 [ 6.80909267e-02  5.63676907e-02]
 [ 1.69647988e-01 -1.60994633e-01]
 [-2.18109084e-01  9.63948543e-02]
 [-6.40560073e-02 -4.65535840e-01]
 [-2.86015241e-01  9.22649617e-05]
 [ 7.29478661e-02 -7.61593097e-02]
 [-3.29911124e-01 -2.47150322e-01]
 [-9.93102985e-02  7.86780419e-02]
 [-1.82340347e-01  2.32558839e-01]
 [-2.07331130e-01 -1.41327430e-01]
 [ 8.87101364e-02  1.30988562e-01]
 [ 8.88186769e-02 -8.08326669e-02]
 [-1.49914793e-01  1.31774012e-01]
 [ 1.51658619e-01 -4.10999204e-01]
 [-9.22769273e-02 -1.50789089e-02]
 [-1.71746766e-01  1.82665578e-01]
 [ 3.97839243e-01  2.08240000e-02]
 [-6.16426166e-02 -6.23465447e-02]
 [ 9.62711003e-02  2.37514403e-02]
 [ 8.44773645e-02 -2.02096593e-01]
 [ 1.74525002e-01 -1.69368941e-01]
 [ 2.18744607e-01  7.37898419e-02]
 [-4.32916923e-01 -2.18888504e-02]
 [ 9.35440315e-02  1.66907936e-01]
 [-1.32832442e-01  2.63320765e-04]
 [ 7.11790754e-02  7.60601848e-02]
 [ 2.12669851e-01  1.15003147e-01]
 [-8.63074475e-02 -2.72207741e-01]
 [ 1.95145166e-01 -1.89725229e-01]
 [-1.62794213e-01 -1.85651109e-01]
 [-1.80247723e-01  1.60898888e-01]
 [-5.27152421e-02  5.34161726e-02]
 [ 3.42627208e-01  1.08063393e-01]
 [-1.08693754e-01  1.96298576e-01]
 [-3.55305493e-01  6.47670636e-01]
 [-7.48429387e-02 -1.25529568e-01]
 [-1.05961259e-01 -8.31286763e-02]
 [ 3.35965448e-01 -2.12113733e-01]
 [-4.35390305e-02 -4.21312100e-02]
 [-6.77672538e-02  1.34943761e-01]
 [ 2.64578629e-01 -3.32694885e-01]
 [ 7.95803588e-02  1.15359489e-01]
 [ 6.04232505e-02  1.01063133e-01]
 [ 2.05726468e-01 -3.42329741e-02]
 [ 5.04365058e-01 -6.97442659e-02]
 [ 7.66382594e-02 -2.31414412e-01]
 [-4.04692321e-02 -2.68865600e-01]
 [ 1.01038950e-02  6.45251142e-02]
 [ 6.46097273e-01  2.14927692e-01]
 [-2.14408839e-01 -2.75076691e-01]
 [-2.87151754e-01 -2.29651350e-01]
 [-1.32727220e-01 -1.68590521e-01]
 [ 3.50997417e-01 -1.04164634e-01]
 [-3.55322814e-01  1.35571188e-01]
 [ 1.98465350e-01 -1.76680346e-01]
 [-1.10735228e-01  3.50082088e-01]
 [-2.41094529e-01 -1.33054647e-01]
 [-2.15047271e-01 -3.30466138e-02]
 [-3.77097200e-01  1.87462040e-01]
 [ 5.30171666e-02  7.79157498e-02]
 [ 4.15245624e-02  7.75887607e-02]
 [ 2.52331821e-02  4.27204620e-02]
 [ 3.38645064e-01 -2.17534470e-01]
 [-3.63956762e-01  9.40324237e-02]
 [-1.59557477e-01 -2.85352991e-02]
 [ 1.08225995e-01  1.42020496e-02]
 [ 1.06540845e-01  2.27264952e-01]
 [-2.79414930e-01 -2.73973109e-02]
 [-1.62650064e-01 -4.77576661e-01]
 [-9.92150862e-02 -2.16181749e-01]
 [-1.33397894e-01  3.18932014e-01]
 [-1.10757142e-01 -8.99900612e-02]
 [-1.96454475e-02  5.34025465e-01]
 [-1.53225739e-01  2.87698986e-01]
 [-2.35090633e-01  8.18067848e-02]
 [-1.39561368e-01 -6.48283447e-01]
 [ 6.46318993e-02  3.60037601e-02]
 [-9.59480036e-02  4.46994749e-01]
 [ 2.20264494e-01  8.73561867e-02]
 [-3.89270190e-01  6.94391936e-02]
 [ 2.55084721e-01  3.84763878e-01]
 [ 3.31943737e-02  1.56199769e-01]
 [ 1.43183444e-01 -4.87515560e-01]
 [-3.04588660e-01 -2.73051511e-02]
 [ 1.47398212e-01 -2.83694157e-02]
 [-2.09576767e-02  1.26052944e-02]
 [ 1.77390932e-01  3.57123798e-01]
 [-2.49994617e-01  5.61950433e-02]
 [-3.97084414e-01 -2.03128242e-01]
 [-4.64966126e-01  3.07720327e-01]
 [-1.17500496e-01 -5.28171126e-02]
 [ 6.85191612e-02  1.22556719e-01]
 [ 1.93420273e-01 -3.88326158e-01]
 [ 3.36679578e-02 -8.08447620e-02]
 [ 1.69389605e-01  1.78259678e-01]
 [-8.32549341e-02  2.57191288e-02]
 [-3.97478258e-03 -2.53210989e-01]
 [-2.12772962e-02 -3.39851480e-04]
 [ 1.49076168e-01 -5.00120455e-02]
 [-1.79968434e-01  1.68579019e-01]
 [-3.08450103e-01 -1.71997919e-01]
 [-6.07212493e-01 -2.59295837e-01]
 [-5.01666941e-01  6.75371289e-01]
 [ 6.35624092e-02  2.10094658e-01]
 [-1.15784106e-01 -1.75397026e-01]
 [-8.83576141e-02  1.76377516e-02]
 [-6.64883265e-02 -1.10863551e-01]
 [ 1.85177499e-01 -5.96431403e-01]
 [ 9.71195806e-04 -2.40559602e-02]
 [ 3.49998171e-01  1.93034616e-01]
 [ 7.96554514e-02 -3.52892070e-01]
 [-3.92102473e-01 -3.96481140e-01]
 [-5.08162351e-02  2.54830408e-01]
 [-1.65898270e-03  1.49156908e-01]
 [ 1.58603413e-01 -1.04799463e-02]
 [-1.33595253e-02 -4.41967117e-02]
 [-3.89185302e-02 -5.23303942e-01]
 [-2.87402800e-01 -3.81212977e-01]
 [-6.61121906e-01  1.07489225e-01]
 [ 3.52105747e-03 -2.97710303e-01]
 [ 8.95680186e-03  2.95810383e-01]
 [-1.44321961e-01 -1.73447659e-01]
 [-2.17191856e-02  4.09028419e-01]
 [ 2.60683195e-01  2.38833575e-02]
 [-9.78338297e-02  2.76608765e-02]
 [-1.20510447e-01  6.41076522e-02]
 [-3.27961145e-01  2.35692151e-01]
 [-3.18741904e-01 -4.90527019e-02]
 [-1.62951552e-01  1.64933421e-01]
 [ 3.34863960e-01  4.96390370e-02]
 [-1.13283030e-01 -1.23227743e-01]
 [ 3.39436267e-02  1.74694051e-01]
 [-2.43269671e-01 -9.95195269e-02]
 [ 9.72911114e-02  1.54309600e-02]
 [ 1.07482920e-01 -1.42145545e-01]
 [ 1.66314648e-01 -5.94409528e-01]
 [ 2.16814853e-01  1.40364118e-01]
 [-4.06820349e-01  6.85071006e-02]
 [-5.58539948e-01  1.06677282e-01]
 [-3.85242283e-01  8.05521576e-02]
 [-8.08861376e-02  3.38800577e-02]
 [-8.88564696e-02  5.19677664e-01]
 [ 1.08424120e-01  2.76170386e-01]
 [ 2.61482881e-01 -1.29473441e-01]
 [-3.36740362e-01  2.07938282e-01]
 [ 5.18296684e-02 -7.77559411e-02]
 [-1.31291539e-02 -7.81165701e-02]
 [ 8.61336647e-02 -2.04885143e-01]
 [ 3.32945710e-01 -1.52597060e-01]
 [ 1.54044634e-01 -1.05172306e-01]
 [ 1.48228084e-01 -6.61743474e-02]
 [-5.40561728e-02 -1.08844478e-01]
 [-1.16028171e-02 -3.15600079e-02]
 [-2.23917535e-01  2.48515909e-01]
 [ 2.05191265e-01  8.76669883e-02]
 [ 2.92997023e-01  2.04016973e-01]
 [ 2.10231226e-02 -4.50126782e-01]
 [ 3.19022392e-01  7.24444130e-02]
 [-1.24267800e-01 -5.60103353e-02]
 [ 2.01332511e-01  1.21758811e-01]
 [ 2.42802867e-01  9.20836808e-02]
 [ 5.12808727e-02 -3.31337598e-01]
 [-1.70832595e-01  1.14319093e-01]
 [-1.26882794e-01  6.34858942e-04]
 [ 2.35519483e-01  1.55159087e-01]
 [-3.01924380e-01 -2.61419187e-02]
 [-2.50808338e-01 -3.19169815e-01]
 [-4.68441777e-01  1.18381586e-01]
 [ 6.08874293e-02 -2.40646471e-01]
 [ 8.48230884e-02  1.62349700e-01]
 [ 3.14743278e-02  1.03843728e-02]
 [ 2.67567753e-01 -1.63039171e-01]
 [ 2.42573477e-01  2.26201359e-01]
 [ 1.77343575e-01  1.02462192e-01]
 [-9.77350953e-02  2.47231974e-01]
 [ 1.84693772e-01  1.74609395e-01]
 [-7.19522356e-02 -7.45639951e-02]
 [ 3.07994173e-01  1.56852038e-01]
 [ 1.54660979e-01 -2.40551184e-01]
 [ 4.95697405e-01 -2.71737662e-01]
 [-3.10275073e-01  1.86462278e-01]]
States:
[[0.99751268 0.99961789 0.56020174 0.4811899  0.51305244 0.59687328]
 [0.99736123 0.9993869  0.5617165  0.47617584 0.5327468  0.53126393]
 [0.99690201 0.99834508 0.56605933 0.46087654 0.54926036 0.46039847]
 ...
 [0.31911667 0.38908645 0.03314036 0.00436499 0.42823256 0.68939472]
 [0.30983676 0.3987462  0.0368173  0.00325674 0.46960694 0.62452433]
 [0.31280411 0.39734381 0.03561814 0.00340747 0.5976653  0.5527523 ]]
Logstds:
[[-3. -3.]
 [-3. -3.]
 [-3. -3.]
 [-3. -3.]
 [-3. -3.]
 [-3. -3.]
 [-3. -3.]
 [-3. -3.]
 [-3. -3.]
 [-3. -3.]
 [-3. -3.]
 [-3. -3.]
 [-3. -3.]
 [-3. -3.]
 [-3. -3.]
 [-3. -3.]
 [-3. -3.]
 [-3. -3.]
 [-3. -3.]
 [-3. -3.]
 [-3. -3.]
 [-3. -3.]
 [-3. -3.]
 [-3. -3.]
 [-3. -3.]
 [-3. -3.]
 [-3. -3.]
 [-3. -3.]
 [-3. -3.]
 [-3. -3.]
 [-3. -3.]
 [-3. -3.]
 [-3. -3.]
 [-3. -3.]
 [-3. -3.]
 [-3. -3.]
 [-3. -3.]
 [-3. -3.]
 [-3. -3.]
 [-3. -3.]
 [-3. -3.]
 [-3. -3.]
 [-3. -3.]
 [-3. -3.]
 [-3. -3.]
 [-3. -3.]
 [-3. -3.]
 [-3. -3.]
 [-3. -3.]
 [-3. -3.]
 [-3. -3.]
 [-3. -3.]
 [-3. -3.]
 [-3. -3.]
 [-3. -3.]
 [-3. -3.]
 [-3. -3.]
 [-3. -3.]
 [-3. -3.]
 [-3. -3.]
 [-3. -3.]
 [-3. -3.]
 [-3. -3.]
 [-3. -3.]
 [-3. -3.]
 [-3. -3.]
 [-3. -3.]
 [-3. -3.]
 [-3. -3.]
 [-3. -3.]
 [-3. -3.]
 [-3. -3.]
 [-3. -3.]
 [-3. -3.]
 [-3. -3.]
 [-3. -3.]
 [-3. -3.]
 [-3. -3.]
 [-3. -3.]
 [-3. -3.]
 [-3. -3.]
 [-3. -3.]
 [-3. -3.]
 [-3. -3.]
 [-3. -3.]
 [-3. -3.]
 [-3. -3.]
 [-3. -3.]
 [-3. -3.]
 [-3. -3.]
 [-3. -3.]
 [-3. -3.]
 [-3. -3.]
 [-3. -3.]
 [-3. -3.]
 [-3. -3.]
 [-3. -3.]
 [-3. -3.]
 [-3. -3.]
 [-3. -3.]
 [-3. -3.]
 [-3. -3.]
 [-3. -3.]
 [-3. -3.]
 [-3. -3.]
 [-3. -3.]
 [-3. -3.]
 [-3. -3.]
 [-3. -3.]
 [-3. -3.]
 [-3. -3.]
 [-3. -3.]
 [-3. -3.]
 [-3. -3.]
 [-3. -3.]
 [-3. -3.]
 [-3. -3.]
 [-3. -3.]
 [-3. -3.]
 [-3. -3.]
 [-3. -3.]
 [-3. -3.]
 [-3. -3.]
 [-3. -3.]
 [-3. -3.]
 [-3. -3.]
 [-3. -3.]
 [-3. -3.]
 [-3. -3.]
 [-3. -3.]
 [-3. -3.]
 [-3. -3.]
 [-3. -3.]
 [-3. -3.]
 [-3. -3.]
 [-3. -3.]
 [-3. -3.]
 [-3. -3.]
 [-3. -3.]
 [-3. -3.]
 [-3. -3.]
 [-3. -3.]
 [-3. -3.]
 [-3. -3.]
 [-3. -3.]
 [-3. -3.]
 [-3. -3.]
 [-3. -3.]
 [-3. -3.]
 [-3. -3.]
 [-3. -3.]
 [-3. -3.]
 [-3. -3.]
 [-3. -3.]
 [-3. -3.]
 [-3. -3.]
 [-3. -3.]
 [-3. -3.]
 [-3. -3.]
 [-3. -3.]
 [-3. -3.]
 [-3. -3.]
 [-3. -3.]
 [-3. -3.]
 [-3. -3.]
 [-3. -3.]
 [-3. -3.]
 [-3. -3.]
 [-3. -3.]
 [-3. -3.]
 [-3. -3.]
 [-3. -3.]
 [-3. -3.]
 [-3. -3.]
 [-3. -3.]
 [-3. -3.]
 [-3. -3.]
 [-3. -3.]
 [-3. -3.]
 [-3. -3.]
 [-3. -3.]
 [-3. -3.]
 [-3. -3.]
 [-3. -3.]
 [-3. -3.]
 [-3. -3.]
 [-3. -3.]
 [-3. -3.]
 [-3. -3.]
 [-3. -3.]
 [-3. -3.]
 [-3. -3.]
 [-3. -3.]
 [-3. -3.]
 [-3. -3.]
 [-3. -3.]
 [-3. -3.]
 [-3. -3.]
 [-3. -3.]
 [-3. -3.]]
