Baseline:
[0.48994806 0.5023656  0.49271435 0.47914967 0.48129088 0.47546586
 0.4722993  0.45952004 0.450853   0.44890437 0.45269075 0.45723847
 0.44473687 0.446464   0.44087994 0.43884578 0.43066695 0.42800394
 0.43179074 0.44395998 0.44932464 0.45035228 0.43554175 0.43351668
 0.43223706 0.42876777 0.42291582 0.42451143 0.41606143 0.40222982
 0.37363407 0.36122325 0.34614635 0.3301109  0.3157807  0.30164528
 0.29320547 0.29782316 0.29751042 0.29872254 0.28668904 0.27360073
 0.2655337  0.23761827 0.226437   0.22893217 0.21869913 0.19458787
 0.184401   0.17686136 0.15334469 0.16252503 0.15861942 0.14662667
 0.13743144 0.13908716 0.14226945 0.13847362 0.13991728 0.14576821
 0.1706545  0.1698749  0.17074184 0.17208077 0.18142106 0.18979153
 0.17159148 0.1665935  0.18917103 0.17917478 0.17581873 0.1681924
 0.17824394 0.19090958 0.18469639 0.16884436 0.14847915 0.16061264
 0.14544751 0.14905243 0.15900977 0.17028753 0.18689097 0.20499341
 0.2142478  0.23886144 0.22259766 0.2327836  0.2578024  0.2665108
 0.2883318  0.29898128 0.31367803 0.33619118 0.34949043 0.35184145
 0.35322186 0.3498596  0.34492558 0.35708162 0.34689716 0.3285341
 0.3161812  0.31381422 0.30043414 0.30354097 0.29911426 0.29233226
 0.28883383 0.27362004 0.2533714  0.2541424  0.26248488 0.25896227
 0.23716368 0.22877713 0.21694858 0.20434257 0.20242678 0.20044449
 0.20043428 0.19628662 0.1968826  0.18604048 0.17806882 0.18535945
 0.17438936 0.17024092 0.16058452 0.15033513 0.1469228  0.1362022
 0.1390526  0.12804465 0.12572263 0.14171836 0.1346867  0.1254122
 0.1298972  0.14232075 0.15761045 0.14762549 0.16726162 0.1972463
 0.2166331  0.19670959 0.20967408 0.20740367 0.19694993 0.1767178
 0.18341477 0.18561043 0.19219223 0.19513369 0.16991043 0.17870282
 0.18830936 0.17358352 0.22789319 0.24189274 0.23187776 0.26200053
 0.31710735 0.30210578 0.3274591  0.34014407 0.33171886 0.3048
 0.3099182  0.31405768 0.28876233 0.28447944 0.2953094  0.3047817
 0.31637272 0.31572595 0.31426623 0.2934755  0.3089142  0.3118186
 0.33328006 0.3026373  0.30067977 0.29881373 0.2977318  0.28103313
 0.28467438 0.29801616 0.30343625 0.308381   0.29259488 0.29126522
 0.26869124 0.26818928 0.26881266 0.26513803 0.2519778  0.2681731
 0.295217   0.2955259  0.2955259 ]
Returns:
[ 0.46425942  0.35555743  0.3331603   0.35942535  0.43055508  0.51643619
  0.04703155  0.0205524   0.01146929 -0.17303719 -0.16703696 -0.24349
 -0.36950164 -0.3731304  -0.30447365 -0.25643601 -0.17047495 -0.16123702
 -0.15384999 -0.25889469 -0.21643062 -0.29470206 -0.24050933 -0.15938514
 -0.1094291  -0.01927499  0.02644456  0.12081793  0.11914213  0.1502669
  0.02514577  0.11174441  0.21772699  0.34519608  0.41662776  0.40190975
  0.52805955  0.51296737  0.60923346  0.70916768  0.82983973  0.964778
  1.08875456  0.86192322  0.55155051  0.26584488  0.22473159  0.2728976
  0.32508132 -0.25478165 -0.2473954  -0.41278475 -0.33912119 -0.25453997
 -0.38256972 -0.45138954 -0.3453685  -0.44070255 -0.4467969  -0.34805499
 -0.56948949 -0.47321258 -0.41933817 -0.3632927  -0.45302981 -0.40208151
 -0.4871885  -0.44087126 -0.68157725 -0.7552047  -0.66132849 -0.64328325
 -0.63539073 -0.58679671 -0.56847451 -0.89504767 -1.01204729 -0.96336785
 -1.0337204  -0.94010594 -0.90388853 -0.97682439 -0.9424484  -0.86543945
 -0.77586698 -0.70924514 -0.78307308 -0.67936215 -0.66180811 -0.58080345
 -0.50483082 -0.53773423 -0.41993884 -0.33551998 -0.23798698 -0.23576148
 -0.1588868  -0.56933793 -0.52325778 -0.59587333 -0.53850736 -0.76026981
 -0.68922325 -0.72878755 -0.64120582 -0.66374402 -0.58322842 -0.48639368
 -0.61170822 -0.7890614  -0.81152944 -0.94541667 -0.93478697 -0.87147216
 -0.95531459 -0.90969156 -0.8488468  -0.8199178  -0.74427008 -0.67935423
 -0.59803703 -0.50862742 -0.4148009  -0.49842698 -0.41244294 -0.46282331
 -0.48354022 -0.41180189 -0.3165158  -0.20956679 -0.23772919 -0.2357112
 -0.14549047 -0.13753297 -0.03770323 -0.07213158 -0.03012435  0.07024591
  0.20211677  0.3200123   0.39570882  0.1229309   0.15305547 -0.23083456
 -0.22032641 -0.27471409 -0.18713114 -0.33410948 -0.31620502 -0.36687104
 -0.24119388 -0.1785713  -0.18008938 -0.28068533 -0.38776939 -0.33271855
 -0.21939472 -0.22449933 -0.25947055 -0.32222443 -0.24323293 -0.26467109
 -0.80423381 -0.72724081 -0.8916545  -0.86804924 -0.75557782 -0.77379088
 -0.67494328 -0.60597628 -0.59919379 -0.66984525 -0.63365692 -0.57158752
 -0.4916276  -0.47320297 -0.36337065 -0.36546694 -0.30490742 -0.18355694
 -0.12046465 -0.54770128 -0.44900007 -0.35397901 -0.26939714 -0.2453397
 -0.23488979 -0.14381313 -0.03110446  0.00949168 -0.09713989 -0.03399265
 -0.07471543  0.03768169  0.15212742  0.18107304 -0.02806378 -0.0020454
 -0.02895798  0.08676565]
Advants:
[ 0.10897187 -0.00521675 -0.01083546  0.03796037  0.11881245  0.22622907
 -0.23737995 -0.2486505  -0.24644316 -0.43180025 -0.43255563 -0.51928374
 -0.64251963 -0.65859556 -0.59369189 -0.55220402 -0.46446776 -0.45914783
 -0.46257793 -0.59104628 -0.56501258 -0.65877256 -0.60332799 -0.53232083
 -0.49267699 -0.40873734 -0.36607951 -0.28010535 -0.28050483 -0.24194279
 -0.34839258 -0.25709081 -0.14065151  0.00227755  0.09006736  0.09166746
  0.23278823  0.21955631  0.32615194  0.43879736  0.59071664  0.76417186
  0.92789412  0.75720344  0.47938833  0.20547141  0.18913681  0.27943418
  0.36328892 -0.2034208  -0.16547029 -0.33779109 -0.25538239 -0.15056981
 -0.26413919 -0.33108073 -0.22122635 -0.30798239 -0.31056396 -0.2094214
 -0.45440585 -0.3528974  -0.29341934 -0.22999905 -0.32268465 -0.27185369
 -0.3318737  -0.27149783 -0.53309162 -0.59685713 -0.49676343 -0.46719271
 -0.46518717 -0.42362831 -0.39222396 -0.7051009  -0.80706347 -0.77516928
 -0.83711156 -0.75164851 -0.72951007 -0.82080098 -0.81015894 -0.7571685
 -0.68078642 -0.64175029 -0.70432003 -0.61333452 -0.62378594 -0.55249482
 -0.49775913 -0.54202523 -0.4365119  -0.37007124 -0.27831104 -0.27027281
 -0.18358449 -0.59111606 -0.53900459 -0.62520719 -0.55712048 -0.76622861
 -0.68644486 -0.72871631 -0.63013836 -0.65916349 -0.5752621  -0.46957034
 -0.59290215 -0.76170101 -0.77121579 -0.9179556  -0.92870839 -0.87395471
 -0.95103052 -0.91166305 -0.85263155 -0.82461587 -0.75932448 -0.70367488
 -0.63203896 -0.54610524 -0.45826427 -0.53914797 -0.45107616 -0.51691592
 -0.53582883 -0.46754196 -0.36760115 -0.2522058  -0.27967799 -0.26949944
 -0.18220505 -0.16273546 -0.05687726 -0.10483867 -0.05161066  0.06597115
  0.20590995  0.32826626  0.40886399  0.15985432  0.18562461 -0.22446675
 -0.22951429 -0.2608869  -0.18060571 -0.32364406 -0.29259697 -0.32105417
 -0.19624909 -0.12763222 -0.12709497 -0.22446167 -0.30215788 -0.24994938
 -0.13656742 -0.11616066 -0.19649848 -0.26592082 -0.16620597 -0.20774099
 -0.80992236 -0.72323435 -0.92462906 -0.92598926 -0.81468019 -0.81610942
 -0.73047956 -0.67243663 -0.64672923 -0.72206357 -0.70565043 -0.66113389
 -0.5994194  -0.58697944 -0.47944174 -0.46424329 -0.42152078 -0.30201399
 -0.25794458 -0.66415793 -0.57082496 -0.47889118 -0.39595325 -0.35689476
 -0.35171774 -0.27334933 -0.16205502 -0.12095403 -0.20869532 -0.1388557
 -0.15174625 -0.02964926  0.09767484  0.14595589 -0.03908697 -0.01709491
 -0.05951454  0.07198936]
Mus:
[[-2.46234052e-02 -1.06223095e-02]
 [-2.41378024e-02 -9.89959296e-03]
 [-2.46969741e-02 -1.07700080e-02]
 [-2.53656600e-02 -1.10395998e-02]
 [-2.51476001e-02 -1.13538420e-02]
 [-2.49301456e-02 -1.13321533e-02]
 [-2.54503060e-02 -1.02403443e-02]
 [-2.60788184e-02 -1.03364121e-02]
 [-2.66985204e-02 -1.03800651e-02]
 [-2.71876007e-02 -1.00106010e-02]
 [-2.86185835e-02 -1.09087322e-02]
 [-3.00788451e-02 -1.23507464e-02]
 [-3.09330001e-02 -1.37166418e-02]
 [-3.08625065e-02 -1.34533672e-02]
 [-3.09997965e-02 -1.35523193e-02]
 [-3.10931113e-02 -1.35442931e-02]
 [-3.13131995e-02 -1.38031123e-02]
 [-3.19577865e-02 -1.45741059e-02]
 [-3.18024158e-02 -1.49759129e-02]
 [-3.02324593e-02 -1.39362123e-02]
 [-3.00380904e-02 -1.38225127e-02]
 [-2.96764560e-02 -1.31715992e-02]
 [-3.11274137e-02 -1.38732912e-02]
 [-3.15191001e-02 -1.40370671e-02]
 [-3.17066833e-02 -1.39593724e-02]
 [-3.24537456e-02 -1.42989131e-02]
 [-3.36695798e-02 -1.51858376e-02]
 [-3.37956212e-02 -1.52623467e-02]
 [-3.39303762e-02 -1.49180377e-02]
 [-3.44003066e-02 -1.47375995e-02]
 [-3.60469148e-02 -1.55134164e-02]
 [-3.61295119e-02 -1.55134611e-02]
 [-3.64463702e-02 -1.57115795e-02]
 [-3.64090167e-02 -1.57673061e-02]
 [-3.64967920e-02 -1.56649109e-02]
 [-3.74371782e-02 -1.66308470e-02]
 [-3.71320173e-02 -1.68384630e-02]
 [-3.65466215e-02 -1.71564873e-02]
 [-3.55176590e-02 -1.66651681e-02]
 [-3.48862782e-02 -1.65254772e-02]
 [-3.45805474e-02 -1.63697042e-02]
 [-3.38584743e-02 -1.60736684e-02]
 [-3.27313021e-02 -1.62102375e-02]
 [-3.08226738e-02 -1.46181872e-02]
 [-2.85702553e-02 -1.26901204e-02]
 [-2.81853825e-02 -1.34600783e-02]
 [-2.69038882e-02 -1.22192726e-02]
 [-2.78239660e-02 -1.26683637e-02]
 [-2.81848889e-02 -1.34165306e-02]
 [-2.51814555e-02 -1.08498698e-02]
 [-2.55471282e-02 -1.11546256e-02]
 [-2.56705284e-02 -1.16949901e-02]
 [-2.45406330e-02 -1.10103274e-02]
 [-2.42890343e-02 -1.07053434e-02]
 [-2.05232445e-02 -8.35164450e-03]
 [-2.18468979e-02 -9.55105852e-03]
 [-2.09044460e-02 -9.14687105e-03]
 [-1.86392963e-02 -8.42728466e-03]
 [-1.33782569e-02 -5.93384914e-03]
 [-9.75634344e-03 -4.39953152e-03]
 [-1.93965323e-02 -1.08208964e-02]
 [-1.88284814e-02 -1.12524498e-02]
 [-1.67931095e-02 -1.02488389e-02]
 [-1.58359539e-02 -1.02166040e-02]
 [-1.63483117e-02 -1.12841977e-02]
 [-1.61938518e-02 -1.13565987e-02]
 [-1.28862532e-02 -9.32762306e-03]
 [-1.08946152e-02 -8.06587096e-03]
 [-1.32946856e-02 -9.85059794e-03]
 [-1.46931987e-02 -1.10975849e-02]
 [-1.35584995e-02 -1.05590820e-02]
 [-1.35804974e-02 -1.09558692e-02]
 [-1.45290401e-02 -1.19315442e-02]
 [-1.46439876e-02 -1.23382360e-02]
 [-1.32245142e-02 -1.20712258e-02]
 [-7.11815618e-03 -8.26957449e-03]
 [-2.66899425e-03 -5.88175422e-03]
 [-2.50124768e-03 -5.66728693e-03]
 [ 1.23676215e-03 -3.49835097e-03]
 [ 1.89009437e-03 -3.07505415e-03]
 [ 4.24569845e-03 -1.51462678e-03]
 [ 2.60137697e-03 -2.88546667e-03]
 [ 6.00961735e-03 -1.02126459e-03]
 [ 7.65675399e-03 -2.12293555e-04]
 [ 6.86896360e-03 -6.95492490e-04]
 [ 7.56095769e-03 -1.63074103e-04]
 [ 3.74908280e-03 -2.17829412e-03]
 [ 2.08284194e-03 -2.86800251e-03]
 [ 4.24853479e-03 -1.20352651e-03]
 [ 1.34284876e-03 -2.62159505e-03]
 [-1.12842722e-03 -3.74659710e-03]
 [-5.68898860e-03 -6.18870649e-03]
 [-8.53663590e-03 -7.38571677e-03]
 [-1.22282393e-02 -9.08109453e-03]
 [-1.45011237e-02 -9.57153458e-03]
 [-1.74110588e-02 -9.96719580e-03]
 [-2.14691795e-02 -1.13861058e-02]
 [-2.27258150e-02 -1.04928976e-02]
 [-2.44309343e-02 -1.10095292e-02]
 [-2.46923827e-02 -1.05996067e-02]
 [-2.82712504e-02 -1.22145768e-02]
 [-2.59674639e-02 -1.11693405e-02]
 [-2.68659592e-02 -1.14363171e-02]
 [-3.02244015e-02 -1.26812859e-02]
 [-3.20094228e-02 -1.34888683e-02]
 [-3.45227420e-02 -1.43289892e-02]
 [-3.54731195e-02 -1.45829767e-02]
 [-3.63633074e-02 -1.48611907e-02]
 [-3.46721075e-02 -1.37798619e-02]
 [-3.84172834e-02 -1.58330202e-02]
 [-3.89996581e-02 -1.65468194e-02]
 [-4.34407629e-02 -1.85514018e-02]
 [-4.51656915e-02 -1.90481786e-02]
 [-4.58894409e-02 -1.93041731e-02]
 [-4.57168967e-02 -1.95479468e-02]
 [-4.70364839e-02 -2.04606690e-02]
 [-4.68229018e-02 -2.05767974e-02]
 [-4.63134721e-02 -2.08320133e-02]
 [-4.61625159e-02 -2.11285800e-02]
 [-4.58966419e-02 -2.15207152e-02]
 [-4.51081209e-02 -2.13380735e-02]
 [-4.34276573e-02 -2.06931569e-02]
 [-4.17285003e-02 -2.02922244e-02]
 [-3.79086770e-02 -1.82871297e-02]
 [-3.45209651e-02 -1.70592964e-02]
 [-3.31790783e-02 -1.69109087e-02]
 [-2.95622535e-02 -1.50150135e-02]
 [-2.70759854e-02 -1.42962560e-02]
 [-2.42616106e-02 -1.34721817e-02]
 [-2.11366136e-02 -1.22893676e-02]
 [-1.71834417e-02 -1.01189064e-02]
 [-1.50258690e-02 -9.89073329e-03]
 [-1.19975274e-02 -8.87814444e-03]
 [-9.76106338e-03 -8.53166636e-03]
 [-6.90344116e-03 -7.67327705e-03]
 [-5.75781474e-03 -7.15437066e-03]
 [-4.70505282e-03 -7.06952717e-03]
 [-1.55521231e-03 -5.37479622e-03]
 [-9.70119145e-04 -5.16012916e-03]
 [ 3.91660171e-04 -4.16235020e-03]
 [-5.76818187e-04 -4.70578624e-03]
 [ 6.53418852e-03 -3.29482777e-04]
 [ 1.16139567e-02  2.25676922e-03]
 [ 7.70801352e-03 -4.23990568e-04]
 [ 1.24967908e-02  2.29951413e-03]
 [ 1.29238032e-02  2.79088970e-03]
 [ 1.53465113e-02  4.33735782e-03]
 [ 1.83225814e-02  6.68409420e-03]
 [ 1.99031811e-02  7.81919621e-03]
 [ 1.93198882e-02  6.89619733e-03]
 [ 2.13842299e-02  7.94878229e-03]
 [ 2.36789584e-02  9.46794171e-03]
 [ 2.44410560e-02  1.06421476e-02]
 [ 2.48739198e-02  9.83211026e-03]
 [ 2.35272087e-02  8.75468925e-03]
 [ 2.45872382e-02  9.92448628e-03]
 [ 2.53403969e-02  9.96070635e-03]
 [ 2.44205706e-02  9.20448080e-03]
 [ 2.71076802e-02  9.65959951e-03]
 [ 2.50571538e-02  8.03646632e-03]
 [ 2.58874781e-02  8.78334045e-03]
 [ 2.79517137e-02  9.92437918e-03]
 [ 3.14562842e-02  1.21207312e-02]
 [ 3.11462637e-02  1.20087340e-02]
 [ 2.99511012e-02  1.10832462e-02]
 [ 2.84540448e-02  1.02477670e-02]
 [ 2.67640520e-02  9.38755274e-03]
 [ 2.29015108e-02  7.08022853e-03]
 [ 2.21885759e-02  7.03027006e-03]
 [ 2.19650045e-02  7.31011759e-03]
 [ 1.84745695e-02  5.67708770e-03]
 [ 1.14528053e-02  1.90358702e-03]
 [ 1.23225302e-02  2.70696171e-03]
 [ 1.18364338e-02  2.88750813e-03]
 [ 8.38405825e-03  1.16271758e-03]
 [ 3.31958686e-03 -1.67877518e-03]
 [ 1.05680851e-03 -2.91149435e-03]
 [ 2.47230724e-04 -3.39972321e-03]
 [ 1.02988025e-03 -2.55020591e-03]
 [ 5.28022530e-04 -2.70011788e-03]
 [-7.89835976e-05 -2.69895303e-03]
 [-1.35656458e-03 -3.06879566e-03]
 [-1.89801061e-03 -3.12011922e-03]
 [-2.21799966e-03 -2.99916952e-03]
 [-2.71410635e-03 -3.62220756e-03]
 [-3.07838176e-03 -4.02197381e-03]
 [-3.01250233e-03 -4.63277195e-03]
 [-2.78118998e-03 -4.46872553e-03]
 [-2.86932592e-03 -4.21471940e-03]
 [-3.12065030e-03 -4.92325658e-03]
 [-3.15566012e-03 -4.69074398e-03]
 [-2.41352897e-03 -3.87107860e-03]
 [-1.68756593e-03 -3.94977629e-03]
 [-8.73408862e-04 -3.83305526e-03]
 [-4.22559642e-05 -3.81129817e-03]
 [ 1.41102716e-03 -2.45549995e-03]
 [ 1.18694198e-03 -3.79458326e-03]
 [ 1.26130425e-03 -3.94390291e-03]
 [ 2.67320778e-03 -2.95109162e-03]
 [ 3.50949937e-03 -2.60417257e-03]]
Actions:
[[ 0.36420295 -0.05000368]
 [-0.36301685  0.15768034]
 [-0.22704804 -0.15788739]
 [-0.08098282  0.16756183]
 [-0.11711096 -0.06439077]
 [ 0.3592643  -0.57141025]
 [-0.10692098 -0.26883236]
 [-0.02701427 -0.26762087]
 [ 0.28653278 -0.29665179]
 [ 0.07498848  0.18818593]
 [-0.10988587  0.39056133]
 [-0.38966902  0.29941048]
 [ 0.15742712 -0.10938948]
 [-0.02997031 -0.06084879]
 [ 0.0673076  -0.05403362]
 [-0.08066427 -0.0181598 ]
 [-0.11678058  0.27123419]
 [-0.04472297  0.30327777]
 [ 0.33099538 -0.12855969]
 [ 0.11944876  0.06987025]
 [ 0.18868373 -0.29034108]
 [-0.20922257 -0.06420594]
 [ 0.04242377  0.02387966]
 [ 0.11980394 -0.0449697 ]
 [ 0.00197282  0.03287756]
 [-0.16565918  0.22117583]
 [ 0.03863499  0.04817061]
 [ 0.02774942 -0.31553098]
 [ 0.04567642 -0.26329648]
 [-0.46454318 -0.27463453]
 [ 0.05612946 -0.07165745]
 [-0.1331434  -0.11170799]
 [-0.09267947 -0.09008595]
 [ 0.16755609 -0.05789302]
 [-0.35557786  0.23592871]
 [-0.1120043   0.13311198]
 [ 0.07275679  0.36878748]
 [ 0.17727755 -0.02301055]
 [ 0.15316213  0.1164202 ]
 [-0.20639107 -0.16895859]
 [-0.17510426 -0.15665673]
 [-0.18184555  0.18336229]
 [-0.08799414 -0.63749306]
 [ 0.51545831 -0.35267121]
 [ 0.14757923  0.61010383]
 [ 0.31659435 -0.23412514]
 [-0.31075682 -0.15430013]
 [-0.2680126   0.17587049]
 [ 0.70375569 -0.37452185]
 [-0.34758024 -0.11525327]
 [ 0.24867824  0.4272826 ]
 [ 0.14321033 -0.00311044]
 [-0.09089773 -0.17605709]
 [ 0.13154103 -0.46335824]
 [-0.21745336  0.35529026]
 [-0.02159426 -0.01438838]
 [-0.4408508  -0.17464017]
 [-0.09233303 -0.32785779]
 [-0.00612297 -0.07222774]
 [-0.53461494 -0.21720296]
 [-0.05118677  0.02072877]
 [ 0.19249037 -0.06568135]
 [ 0.04804356  0.20047331]
 [-0.12830854  0.41298645]
 [ 0.10400224  0.18563359]
 [ 0.09309286 -0.43078202]
 [ 0.12294725 -0.20450895]
 [-0.01491232  0.57246275]
 [-0.41272338  0.09117536]
 [ 0.00616216 -0.04513172]
 [-0.30215455  0.00226748]
 [-0.17856059  0.24481789]
 [-0.05413432  0.21909197]
 [-0.30898739 -0.0919673 ]
 [ 0.20632702 -0.61455043]
 [-0.1599619  -0.43266158]
 [ 0.1214727   0.16767573]
 [-0.12411344 -0.38245795]
 [ 0.00506933  0.04638373]
 [ 0.26046079 -0.03162806]
 [-0.1525998   0.383015  ]
 [ 0.27112645  0.03057853]
 [ 0.13950129  0.11290175]
 [-0.04425089  0.136872  ]
 [ 0.19248826  0.12832186]
 [-0.42301488  0.00123113]
 [-0.0651417   0.08287904]
 [ 0.29922554 -0.11826851]
 [-0.11061451  0.16228463]
 [ 0.02815358  0.22001419]
 [-0.25690725  0.30293091]
 [-0.09423235  0.08047973]
 [-0.09766458  0.20680612]
 [-0.10875905 -0.18080118]
 [-0.10649441 -0.35382125]
 [-0.25039467 -0.06597495]
 [ 0.03830018 -0.71684481]
 [-0.15770493 -0.20837274]
 [ 0.38459865 -0.05380223]
 [-0.21722918  0.09564452]
 [-0.181784   -0.53997341]
 [ 0.0225034  -0.11979779]
 [ 0.23045619  0.24316074]
 [-0.10184014  0.0121063 ]
 [ 0.25815188  0.1809542 ]
 [ 0.07941807 -0.06944763]
 [ 0.0406449  -0.06095836]
 [ 0.18845604 -0.41476891]
 [-0.1928876   0.48465813]
 [-0.37772257 -0.06120505]
 [ 0.08886587  0.43708751]
 [ 0.21548547  0.05924173]
 [-0.01996518 -0.15527214]
 [-0.37844428 -0.25314878]
 [-0.19054017  0.12064933]
 [-0.16808532 -0.10904498]
 [-0.29174964 -0.011943  ]
 [-0.03689426  0.10530668]
 [-0.04900151  0.15521797]
 [ 0.07403768 -0.0203007 ]
 [ 0.04045357 -0.10044727]
 [ 0.0333005   0.06016877]
 [ 0.01727365 -0.44181958]
 [-0.13068191 -0.13268312]
 [ 0.21630078  0.27579784]
 [-0.01008751 -0.3662432 ]
 [ 0.05578415  0.13530819]
 [-0.15314212  0.03597839]
 [-0.09915387 -0.07069515]
 [ 0.27051963 -0.24189748]
 [-0.30614026  0.17202089]
 [ 0.07606492  0.12694106]
 [-0.34977616  0.05453671]
 [-0.10931153  0.12780746]
 [ 0.29109065  0.2713468 ]
 [-0.31117221 -0.00494235]
 [-0.06211031 -0.19793498]
 [-0.04675438  0.12488643]
 [ 0.19832254  0.07118245]
 [ 0.05102395  0.29989914]
 [ 0.25186076 -0.59499493]
 [ 0.35622417  0.07772989]
 [-0.01658369  0.72885981]
 [ 0.35193472 -0.11238502]
 [-0.22958204 -0.34973134]
 [ 0.20962854 -0.09127311]
 [ 0.26132068 -0.45355224]
 [ 0.02923536 -0.31980448]
 [-0.3915725   0.08600166]
 [ 0.12926127 -0.00950585]
 [ 0.18301794 -0.21258635]
 [ 0.26462668 -0.27283307]
 [-0.22274395  0.42517685]
 [-0.4487016  -0.08741728]
 [ 0.21174662 -0.19421232]
 [ 0.00913209  0.16541985]
 [-0.34937487 -0.02641624]
 [ 0.43901856  0.04510076]
 [-0.09554906  0.43928173]
 [-0.00154275 -0.23607566]
 [ 0.39859031  0.16444635]
 [ 0.80715442  0.24234326]
 [-0.07060818 -0.14725364]
 [ 0.20433074  0.5053008 ]
 [ 0.16475102  0.27341813]
 [-0.00514823  0.00776712]
 [-0.33118129  0.03057794]
 [ 0.15148202 -0.05344367]
 [ 0.18109314 -0.14470875]
 [-0.24786614 -0.17728501]
 [-0.23495238  0.3549248 ]
 [ 0.22119621 -0.17051932]
 [ 0.17437261 -0.15098952]
 [ 0.07224804  0.19908258]
 [-0.15304673  0.27975564]
 [-0.11362406  0.02256381]
 [-0.29390247 -0.20101703]
 [ 0.19634338 -0.13882405]
 [-0.00240328 -0.06482529]
 [ 0.2461631   0.04038237]
 [-0.48921987 -0.55212942]
 [-0.01147052 -0.11235837]
 [ 0.03188722 -0.12899958]
 [-0.05712735  0.17209043]
 [-0.30408495 -0.10942016]
 [-0.05372693  0.3281652 ]
 [ 0.14255303  0.09230456]
 [ 0.04965622 -0.11424768]
 [-0.08904053  0.28895359]
 [-0.30977801 -0.37900054]
 [ 0.02386025 -0.24587898]
 [-0.41389036 -0.10030534]
 [-0.02700396  0.14036455]
 [-0.07883453  0.14536694]
 [ 0.06066875 -0.32755098]
 [-0.50648788  0.30431643]
 [ 0.17200219  0.28877739]
 [ 0.38951493  0.12548718]
 [-0.12537478 -0.08499848]
 [ 0.47796986  0.05392677]]
States:
[[9.97896965e-01 9.98267329e-01 4.63001305e-01 5.40032196e-01
  5.13428095e-01 5.97100316e-01]
 [9.98510744e-01 9.98353283e-01 4.70369523e-01 5.39028193e-01
  6.06830553e-01 5.83960896e-01]
 [9.99008380e-01 9.98254237e-01 4.77574315e-01 5.40182902e-01
  5.11866896e-01 6.25581689e-01]
 ...
 [1.74971767e-01 4.74136219e-01 1.18686278e-01 1.65045710e-04
  2.50655850e-01 6.88701969e-01]
 [1.50704975e-01 4.91590063e-01 1.40655020e-01 8.43020850e-04
  3.55782337e-01 7.19758783e-01]
 [1.31890524e-01 5.09512695e-01 1.59822094e-01 2.08624470e-03
  3.26738760e-01 6.95064762e-01]]
Logstds:
[[-3. -3.]
 [-3. -3.]
 [-3. -3.]
 [-3. -3.]
 [-3. -3.]
 [-3. -3.]
 [-3. -3.]
 [-3. -3.]
 [-3. -3.]
 [-3. -3.]
 [-3. -3.]
 [-3. -3.]
 [-3. -3.]
 [-3. -3.]
 [-3. -3.]
 [-3. -3.]
 [-3. -3.]
 [-3. -3.]
 [-3. -3.]
 [-3. -3.]
 [-3. -3.]
 [-3. -3.]
 [-3. -3.]
 [-3. -3.]
 [-3. -3.]
 [-3. -3.]
 [-3. -3.]
 [-3. -3.]
 [-3. -3.]
 [-3. -3.]
 [-3. -3.]
 [-3. -3.]
 [-3. -3.]
 [-3. -3.]
 [-3. -3.]
 [-3. -3.]
 [-3. -3.]
 [-3. -3.]
 [-3. -3.]
 [-3. -3.]
 [-3. -3.]
 [-3. -3.]
 [-3. -3.]
 [-3. -3.]
 [-3. -3.]
 [-3. -3.]
 [-3. -3.]
 [-3. -3.]
 [-3. -3.]
 [-3. -3.]
 [-3. -3.]
 [-3. -3.]
 [-3. -3.]
 [-3. -3.]
 [-3. -3.]
 [-3. -3.]
 [-3. -3.]
 [-3. -3.]
 [-3. -3.]
 [-3. -3.]
 [-3. -3.]
 [-3. -3.]
 [-3. -3.]
 [-3. -3.]
 [-3. -3.]
 [-3. -3.]
 [-3. -3.]
 [-3. -3.]
 [-3. -3.]
 [-3. -3.]
 [-3. -3.]
 [-3. -3.]
 [-3. -3.]
 [-3. -3.]
 [-3. -3.]
 [-3. -3.]
 [-3. -3.]
 [-3. -3.]
 [-3. -3.]
 [-3. -3.]
 [-3. -3.]
 [-3. -3.]
 [-3. -3.]
 [-3. -3.]
 [-3. -3.]
 [-3. -3.]
 [-3. -3.]
 [-3. -3.]
 [-3. -3.]
 [-3. -3.]
 [-3. -3.]
 [-3. -3.]
 [-3. -3.]
 [-3. -3.]
 [-3. -3.]
 [-3. -3.]
 [-3. -3.]
 [-3. -3.]
 [-3. -3.]
 [-3. -3.]
 [-3. -3.]
 [-3. -3.]
 [-3. -3.]
 [-3. -3.]
 [-3. -3.]
 [-3. -3.]
 [-3. -3.]
 [-3. -3.]
 [-3. -3.]
 [-3. -3.]
 [-3. -3.]
 [-3. -3.]
 [-3. -3.]
 [-3. -3.]
 [-3. -3.]
 [-3. -3.]
 [-3. -3.]
 [-3. -3.]
 [-3. -3.]
 [-3. -3.]
 [-3. -3.]
 [-3. -3.]
 [-3. -3.]
 [-3. -3.]
 [-3. -3.]
 [-3. -3.]
 [-3. -3.]
 [-3. -3.]
 [-3. -3.]
 [-3. -3.]
 [-3. -3.]
 [-3. -3.]
 [-3. -3.]
 [-3. -3.]
 [-3. -3.]
 [-3. -3.]
 [-3. -3.]
 [-3. -3.]
 [-3. -3.]
 [-3. -3.]
 [-3. -3.]
 [-3. -3.]
 [-3. -3.]
 [-3. -3.]
 [-3. -3.]
 [-3. -3.]
 [-3. -3.]
 [-3. -3.]
 [-3. -3.]
 [-3. -3.]
 [-3. -3.]
 [-3. -3.]
 [-3. -3.]
 [-3. -3.]
 [-3. -3.]
 [-3. -3.]
 [-3. -3.]
 [-3. -3.]
 [-3. -3.]
 [-3. -3.]
 [-3. -3.]
 [-3. -3.]
 [-3. -3.]
 [-3. -3.]
 [-3. -3.]
 [-3. -3.]
 [-3. -3.]
 [-3. -3.]
 [-3. -3.]
 [-3. -3.]
 [-3. -3.]
 [-3. -3.]
 [-3. -3.]
 [-3. -3.]
 [-3. -3.]
 [-3. -3.]
 [-3. -3.]
 [-3. -3.]
 [-3. -3.]
 [-3. -3.]
 [-3. -3.]
 [-3. -3.]
 [-3. -3.]
 [-3. -3.]
 [-3. -3.]
 [-3. -3.]
 [-3. -3.]
 [-3. -3.]
 [-3. -3.]
 [-3. -3.]
 [-3. -3.]
 [-3. -3.]
 [-3. -3.]
 [-3. -3.]
 [-3. -3.]
 [-3. -3.]
 [-3. -3.]
 [-3. -3.]
 [-3. -3.]
 [-3. -3.]]
