Baseline:
[1.3298367  1.3684462  1.3982835  1.3885071  1.3993564  1.3807069
 1.3766835  1.3808334  1.3735781  1.3827484  1.3765486  1.3751541
 1.3520811  1.3363186  1.3194051  1.3063959  1.2847638  1.2926921
 1.2966216  1.2812632  1.3109701  1.2978811  1.3131218  1.2821504
 1.311942   1.2937609  1.2979417  1.2970834  1.2631509  1.249677
 1.2599363  1.2509158  1.2372998  1.2203753  1.2178838  1.2313241
 1.2049658  1.2207747  1.2090771  1.1838869  1.1778337  1.1691463
 1.157769   1.2047019  1.2033882  1.1990025  1.2072757  1.1890721
 1.2311169  1.2254286  1.2320647  1.2270484  1.2775869  1.2691203
 1.2722453  1.2835191  1.2803878  1.2734053  1.2823057  1.3094823
 1.2885426  1.3012159  1.33477    1.3474565  1.3504661  1.3738399
 1.3829021  1.3607955  1.3431001  1.3584296  1.3619281  1.3743696
 1.3813038  1.3870955  1.3767679  1.3798875  1.3617653  1.3561714
 1.3727864  1.3700786  1.3573148  1.3651748  1.3591102  1.3520663
 1.3140599  1.3084749  1.3217064  1.3190548  1.3217108  1.3405713
 1.3379949  1.2612938  1.244169   1.2539359  1.2482331  1.2220659
 1.2055562  1.1770145  1.1757634  1.1793636  1.1861745  1.1955569
 1.1809994  1.1676295  1.1976209  1.2065996  1.2142239  1.2070026
 1.2176723  1.2284042  1.2273519  1.2183106  1.2359234  1.2345164
 1.233701   1.2377176  1.2233508  1.2228682  1.2342815  1.2161806
 1.2150171  1.2133899  1.2099396  1.1958128  1.1865244  1.1823523
 1.1893547  1.15751    1.137564   1.1204277  1.1160836  1.106169
 1.0919404  1.0752418  1.0489863  1.0193299  0.9838541  1.0068042
 1.0226959  1.0264907  1.0206329  1.0323691  1.0764567  1.0922854
 1.1071782  1.1265476  1.1409779  1.1447306  1.1375206  1.152858
 1.1368876  1.1523669  1.1639359  1.1518989  1.136316   1.1647174
 1.1806424  1.1636469  1.2024999  1.2191571  1.2219124  1.2519236
 1.2617192  1.2613523  1.280851   1.2826213  1.2798809  1.275891
 1.2563505  1.2304673  1.2333412  1.2020581  1.1857513  1.1805503
 1.1734376  1.1454757  1.1227428  1.106455   1.1061292  1.0948802
 1.0827147  1.076887   1.0772536  1.0385346  1.038316   1.0029019
 0.968665   0.984093   0.99070245 0.9505039  0.96907014 0.9452438
 0.98859394 0.9829156  0.997725   1.0130315  1.0607069  1.0826817
 1.0764902  1.0614635  1.0614635 ]
Returns:
[6.94941156 6.73800122 6.63997245 6.70382481 6.7519383  6.74580121
 6.84419914 6.90550473 6.98558905 6.97928387 7.03196143 6.93627293
 6.93864099 6.99395774 7.04882375 7.08016556 7.12261476 7.17241339
 7.23938495 7.24099824 7.05389647 7.063632   7.06906511 7.0242973
 6.84514893 6.87888052 6.83734105 6.91280702 6.5891462  6.56095746
 6.60880123 6.69677156 6.78540079 6.85727409 6.98649837 6.99419359
 7.00178969 7.10131096 7.24873931 7.24397748 7.41941558 7.28768322
 6.88674698 6.7587615  6.83080439 6.92760039 7.05390761 7.07460505
 6.580651   6.64259692 6.74246207 6.7803817  6.60891698 6.60478904
 6.59407675 6.68402728 6.77280679 6.8595719  6.97118743 6.95639785
 6.95959043 6.98252633 6.80474197 6.82214682 6.93164893 6.95595938
 7.05540394 6.98655099 6.90115841 6.86782698 6.80541385 6.86839813
 6.82066391 6.82650043 6.86985218 6.90156325 6.91867818 6.98029733
 6.95758174 6.98792455 7.01499127 7.04889268 7.042346   7.10505981
 6.99693807 7.02175079 7.06083597 7.13954388 7.2177878  7.21155963
 7.30880095 6.58482478 6.61565245 6.61390814 6.68674579 6.63421887
 6.36478857 6.25382559 6.23664773 5.49792805 5.47407479 5.38944613
 5.15497928 5.03573188 4.93947339 4.8685658  4.79238096 4.70300816
 4.6127966  4.44859733 4.22337566 4.12134162 3.98377441 3.85463148
 3.75254801 3.65350845 3.53156996 3.36894575 3.2429533  3.14244851
 3.05189433 2.94454778 2.89642134 2.77947008 2.74498933 2.67152842
 2.56416586 2.43688179 2.24495948 2.24838672 2.23846446 2.11370244
 2.15199178 2.05646815 2.11622874 2.16360756 2.08423736 1.89256946
 1.88373218 1.92746907 1.90328303 1.9447221  2.00353601 2.08612476
 2.1436917  2.16276512 2.17745283 2.25423859 2.301154   2.33465905
 2.40406238 2.45389382 2.44127809 2.54268464 2.60172633 2.5791615
 2.66531214 2.65974016 2.45640976 2.31082245 2.33523256 2.25605237
 2.28107056 2.19752654 2.1740938  2.11188249 2.17390931 2.29141963
 2.38871086 2.35934995 2.34783964 2.4463223  2.46016385 2.51503607
 2.49864593 2.60317837 2.54149985 2.6119111  2.68872724 2.76217352
 2.77003669 2.84129826 2.72673379 2.69172425 2.76519111 2.7273821
 2.60037005 2.52299888 2.44448628 2.13458653 2.11239905 1.98433459
 1.73299075 1.68930757 1.53921209 0.93765696 0.75483189 0.5066965
 0.36594338 0.23003146]
Advants:
[3.60754187 3.3521913  3.21458589 3.27992257 3.30934105 3.31372625
 3.41049582 3.46328594 3.54858929 3.53042555 3.58820634 3.48980628
 3.51157836 3.58087427 3.65293867 3.69897028 3.76685736 3.81415262
 3.88503154 3.91103243 3.69731692 3.72420381 3.71850137 3.70873312
 3.49770241 3.54895193 3.50109787 3.5774671  3.27882688 3.25398611
 3.28174415 3.37107134 3.46816214 3.55411296 3.68681285 3.68195812
 3.7179286  3.80641802 3.97564929 4.00767576 4.20736619 4.10026524
 3.71596038 3.54133374 3.61727563 3.72439229 3.85251733 3.90357211
 3.36418515 3.43023436 3.52462677 3.5701532  3.34409491 3.34416731
 3.32527239 3.40089389 3.49233189 3.58846562 3.696947   3.65994034
 3.69020096 3.70743145 3.49711818 3.50309499 3.6142467  3.6202685
 3.71896442 3.67979423 3.61822474 3.57470859 3.51234138 3.5682938
 3.51780519 3.52238713 3.58265025 3.61927069 3.66431065 3.74424032
 3.71749316 3.76522144 3.82221162 3.86768013 3.88826505 3.98304204
 3.93790861 3.99635653 4.05344952 4.17122581 4.28867058 4.30822842
 4.45958309 3.84821654 3.93661946 3.96864859 4.09686757 4.12360302
 3.92047844 3.88954606 3.92900173 3.22382375 3.23251722 3.17830903
 2.99479175 2.92513194 2.83428051 2.79033749 2.7429415  2.69776418
 2.63388678 2.49370165 2.30030496 2.23783049 2.11096906 2.01001351
 1.9346751  1.85657013 1.77274835 1.63136497 1.51223603 1.4471175
 1.37371992 1.28208652 1.25131452 1.16039836 1.14734989 1.08909638
 0.98316974 0.89393559 0.72337455 0.74610973 0.7427158  0.62668662
 0.6795463  0.59865437 0.68508781 0.76495833 0.72278326 0.50339334
 0.47272122 0.50744917 0.48289583 0.50676184 0.51560966 0.57805501
 0.61736672 0.61341277 0.60970852 0.68070119 0.73428646 0.75242979
 0.84041768 0.87866903 0.85796757 0.9786998  1.06354207 1.02208745
 1.10480699 1.13014193 0.89556495 0.73655692 0.76239357 0.65436324
 0.6713167  0.58744535 0.54243277 0.47421389 0.53638597 0.65882785
 0.78029466 0.78173947 0.77225213 0.91134531 0.95254801 1.02647528
 1.0319453  1.18454094 1.1662047  1.27795011 1.38465769 1.50405676
 1.56236504 1.68337887 1.61255984 1.66425371 1.79229026 1.84880224
 1.81708285 1.78767049 1.7687024  1.5624494  1.58928842 1.55517723
 1.32746984 1.36098266 1.26858755 0.71133441 0.53839152 0.32238815
 0.24238073 0.17695832]
Mus:
[[-1.79553851e-02 -6.31752703e-03]
 [-1.79867670e-02 -6.30249828e-03]
 [-1.73869822e-02 -5.70601132e-03]
 [-1.72491632e-02 -5.51215233e-03]
 [-1.75909344e-02 -5.77373849e-03]
 [-1.77579597e-02 -6.13440620e-03]
 [-1.78238899e-02 -6.22801390e-03]
 [-1.70186944e-02 -5.67826349e-03]
 [-1.69049781e-02 -5.63854631e-03]
 [-1.81246921e-02 -6.48359722e-03]
 [-1.72647927e-02 -5.93378348e-03]
 [-1.87696684e-02 -7.25899357e-03]
 [-1.71574205e-02 -6.45770831e-03]
 [-1.66021697e-02 -6.55778218e-03]
 [-1.51959844e-02 -6.07968261e-03]
 [-1.35526480e-02 -5.38918609e-03]
 [-1.21693416e-02 -5.19132474e-03]
 [-1.12209264e-02 -4.96566575e-03]
 [-1.07629253e-02 -5.25750220e-03]
 [-8.14653654e-03 -4.00179066e-03]
 [-7.88871571e-03 -3.28892353e-03]
 [-7.07704155e-03 -3.60025233e-03]
 [-6.88856607e-03 -3.35929682e-03]
 [-5.15838433e-03 -3.24412622e-03]
 [-7.10573513e-03 -4.77836048e-03]
 [-5.40190516e-03 -4.34144074e-03]
 [-6.69227401e-03 -5.62949385e-03]
 [-5.34003321e-03 -5.22542326e-03]
 [ 1.08165620e-03 -1.71379664e-03]
 [ 1.83916057e-03 -2.09435029e-03]
 [ 2.86047463e-03 -1.75257528e-03]
 [ 4.62680589e-03 -9.77737363e-04]
 [ 5.73979784e-03 -8.07067147e-04]
 [ 8.00788030e-03  3.92802001e-04]
 [ 8.98738485e-03  8.81713990e-04]
 [ 1.08910799e-02  2.18931329e-03]
 [ 1.04935421e-02  1.59096566e-03]
 [ 1.08272983e-02  1.61787064e-03]
 [ 1.21221663e-02  2.52585858e-03]
 [ 1.34939170e-02  3.98901897e-03]
 [ 1.36210155e-02  4.02777689e-03]
 [ 1.51527496e-02  5.99160604e-03]
 [ 1.48968855e-02  7.52126332e-03]
 [ 1.64994206e-02  7.34641915e-03]
 [ 1.63636263e-02  7.76649825e-03]
 [ 1.67015046e-02  7.54527329e-03]
 [ 1.71925686e-02  7.52003537e-03]
 [ 1.74688082e-02  7.36674573e-03]
 [ 1.62210353e-02  8.24788213e-03]
 [ 1.73622724e-02  8.11568368e-03]
 [ 1.73238125e-02  8.21665861e-03]
 [ 1.66071150e-02  8.30968004e-03]
 [ 1.70749892e-02  8.05387646e-03]
 [ 1.88367665e-02  7.94686191e-03]
 [ 1.74472257e-02  8.01695790e-03]
 [ 1.74802039e-02  7.93230906e-03]
 [ 1.74326357e-02  7.91288167e-03]
 [ 1.77606288e-02  7.93444738e-03]
 [ 1.79128591e-02  7.88426213e-03]
 [ 1.62904710e-02  7.67570781e-03]
 [ 1.77574176e-02  7.70082604e-03]
 [ 1.79594681e-02  7.14348583e-03]
 [ 1.74828917e-02  5.99357346e-03]
 [ 1.78327877e-02  6.75560907e-03]
 [ 1.76023617e-02  6.55587157e-03]
 [ 1.65326372e-02  5.97343361e-03]
 [ 1.57648604e-02  5.45226596e-03]
 [ 1.59213766e-02  6.34707371e-03]
 [ 1.45109389e-02  6.58790395e-03]
 [ 1.26469899e-02  6.40455121e-03]
 [ 9.69339628e-03  5.96399698e-03]
 [ 8.10469687e-03  5.34328260e-03]
 [ 8.93003680e-03  4.74802684e-03]
 [ 7.06151687e-03  4.38795751e-03]
 [ 6.71043759e-03  3.79242119e-03]
 [ 5.61914546e-03  2.87716719e-03]
 [ 4.91602020e-03  2.73607904e-03]
 [ 3.86988814e-03  2.51356536e-03]
 [ 2.31668982e-03  1.76228769e-03]
 [ 1.15090411e-03  1.72722817e-03]
 [-4.40851669e-04  1.31947978e-03]
 [-1.85969751e-03  3.79914098e-04]
 [-3.07293097e-03  4.10775130e-04]
 [-4.46536299e-03 -1.56037728e-04]
 [-5.76444762e-03 -6.86757383e-04]
 [-6.26729196e-03 -1.33657584e-03]
 [-6.82181120e-03 -1.68045436e-03]
 [-7.61386612e-03 -2.09805230e-03]
 [-8.26023985e-03 -2.33590207e-03]
 [-9.45889484e-03 -3.04856454e-03]
 [-1.02822715e-02 -3.40704480e-03]
 [-9.58141498e-03 -3.33307334e-03]
 [-7.92363565e-03 -2.87457393e-03]
 [-7.74220331e-03 -3.47620226e-03]
 [-6.66263886e-03 -3.22012859e-03]
 [-3.44630238e-03 -1.61951734e-03]
 [-1.64292508e-03  4.86922181e-05]
 [ 3.54992866e-04  3.64535750e-04]
 [ 1.46898394e-03  2.13331383e-04]
 [ 1.71528256e-03  1.90616690e-03]
 [ 1.88129349e-03  1.99915096e-03]
 [ 3.16405972e-03  1.81815086e-03]
 [ 2.36272649e-03  2.31198408e-03]
 [ 2.39361171e-03  2.40570470e-03]
 [ 3.10007343e-03  2.30681757e-03]
 [ 2.92991824e-03  2.15551537e-03]
 [ 2.09927280e-03  1.81113312e-03]
 [ 3.04045621e-03  1.64325943e-03]
 [ 3.76084656e-03  1.32002204e-03]
 [ 4.65527363e-03  8.36981868e-04]
 [ 4.08436870e-03  1.20910711e-03]
 [ 5.10541955e-03  1.17323361e-03]
 [ 5.31113846e-03  6.51251292e-04]
 [ 4.94263368e-03  8.38696607e-04]
 [ 4.22785850e-03  7.28954852e-04]
 [ 5.14432415e-03  6.43882202e-04]
 [ 5.29984944e-03  8.38255277e-04]
 [ 3.09441728e-03  4.54273977e-04]
 [ 6.16738223e-04 -3.38608632e-04]
 [ 2.35819095e-03 -5.85860071e-05]
 [ 3.70144728e-03 -1.24121070e-04]
 [ 3.01552494e-03 -1.53357614e-04]
 [ 3.13095422e-03 -1.27665684e-04]
 [ 3.32014821e-03  2.74354912e-04]
 [ 3.63195641e-03  3.32731783e-04]
 [ 2.80571310e-03  3.37290170e-04]
 [ 7.34936097e-04 -3.88094886e-05]
 [ 2.93921540e-03  2.47998250e-04]
 [ 2.46878853e-03  5.67796174e-04]
 [ 3.01955361e-03  5.49904769e-04]
 [ 2.64475239e-03  6.86415820e-04]
 [ 3.00499331e-03  1.43979967e-03]
 [ 3.95359192e-03  1.75485993e-03]
 [ 5.75864827e-03  3.08971736e-03]
 [ 8.00593011e-03  4.01459495e-03]
 [ 8.98762513e-03  4.42542369e-03]
 [ 1.09304935e-02  5.35434438e-03]
 [ 1.32993357e-02  6.71228161e-03]
 [ 1.55849699e-02  7.94074032e-03]
 [ 1.54000502e-02  7.79440859e-03]
 [ 1.52365016e-02  8.09956342e-03]
 [ 1.47212204e-02  7.81757198e-03]
 [ 1.27061000e-02  6.02249335e-03]
 [ 1.22674312e-02  5.46838576e-03]
 [ 1.27000175e-02  5.81493508e-03]
 [ 1.31705841e-02  6.07070234e-03]
 [ 1.45902606e-02  7.20016146e-03]
 [ 1.35794003e-02  6.65407348e-03]
 [ 1.12343505e-02  5.33437775e-03]
 [ 1.04761655e-02  4.97029535e-03]
 [ 8.06528702e-03  3.83211346e-03]
 [ 8.93376861e-03  4.65172483e-03]
 [ 1.10160299e-02  6.07583346e-03]
 [ 9.13991220e-03  5.06411772e-03]
 [ 6.30878750e-03  3.55188828e-03]
 [ 7.27929454e-03  4.27006232e-03]
 [ 7.59158749e-03  4.61642677e-03]
 [ 6.97838236e-03  4.42379061e-03]
 [ 8.86100903e-03  5.69692487e-03]
 [ 1.12907328e-02  7.36462325e-03]
 [ 9.90208704e-03  6.35275710e-03]
 [ 9.51457955e-03  6.40939642e-03]
 [ 1.02089569e-02  7.01621408e-03]
 [ 1.19718639e-02  8.16196948e-03]
 [ 1.27110723e-02  8.74349754e-03]
 [ 1.14295529e-02  7.70392269e-03]
 [ 1.11406706e-02  7.70116830e-03]
 [ 9.58385039e-03  6.96525536e-03]
 [ 7.35828932e-03  5.47191268e-03]
 [ 6.20710244e-03  4.99905972e-03]
 [ 4.80485521e-03  4.86687850e-03]
 [ 3.11391335e-03  3.61045473e-03]
 [ 2.59378692e-03  3.60734644e-03]
 [ 5.21398964e-04  2.48136697e-03]
 [-9.25358967e-04  2.20125960e-03]
 [-2.83785490e-03  9.85095277e-04]
 [-5.25692618e-03 -8.71161057e-04]
 [-6.62623858e-03 -1.42107217e-03]
 [-8.55052471e-03 -2.32865592e-03]
 [-1.09541379e-02 -3.61476140e-03]
 [-1.14422226e-02 -3.50182364e-03]
 [-1.43764764e-02 -4.95787058e-03]
 [-1.42550245e-02 -4.34833858e-03]
 [-1.58396345e-02 -4.75720689e-03]
 [-1.79511290e-02 -5.63142030e-03]
 [-1.95167568e-02 -6.19360339e-03]
 [-2.02068202e-02 -6.29953109e-03]
 [-2.36008558e-02 -7.85169937e-03]
 [-2.67337859e-02 -9.32907686e-03]
 [-2.54225358e-02 -9.03570373e-03]
 [-2.52489280e-02 -9.02439561e-03]
 [-2.18568482e-02 -7.78669724e-03]
 [-2.30015423e-02 -8.56764428e-03]
 [-2.04877816e-02 -7.61222094e-03]
 [-1.86687130e-02 -6.72170427e-03]
 [-1.51128927e-02 -4.66881227e-03]
 [-2.10020598e-02 -7.96922203e-03]
 [-2.09890250e-02 -7.83804152e-03]
 [-2.37442050e-02 -9.21759009e-03]
 [-2.30622273e-02 -8.79119337e-03]]
Actions:
[[ 3.03903014e-01  4.07920394e-01]
 [ 3.37508909e-01  1.32086215e-01]
 [-1.33335740e-01 -1.09795433e-01]
 [-5.71583139e-02  2.17183623e-01]
 [-3.66426752e-01 -4.57359216e-03]
 [-1.25628654e-01  2.67244430e-02]
 [ 9.81471471e-02 -4.91021830e-02]
 [-1.04450986e-01 -4.07575925e-02]
 [-1.28975423e-01  3.10435857e-01]
 [ 1.30588172e-02 -1.32496688e-01]
 [-3.63025559e-01  3.45267828e-01]
 [-1.01030197e-01 -2.49866063e-01]
 [-2.01301971e-01  9.37112626e-03]
 [-8.35561799e-02 -1.27914511e-01]
 [ 3.88024826e-04 -1.58171645e-01]
 [-2.04699307e-01 -8.65890542e-02]
 [ 1.02498761e-01  6.19968744e-02]
 [-4.27713578e-02  1.55496127e-01]
 [ 7.70372969e-02 -2.34787455e-01]
 [ 4.61038385e-01  5.52861986e-02]
 [-2.67490033e-01  6.69173575e-02]
 [ 1.99970798e-01  9.12403788e-02]
 [-3.69106801e-01 -1.05713432e-01]
 [-3.32830059e-02  5.02256860e-01]
 [-1.63383730e-01 -7.91786692e-02]
 [-2.28199561e-01  2.94219680e-01]
 [ 1.86539571e-02  4.78010375e-02]
 [ 2.09088801e-01 -5.57147455e-01]
 [-3.28481122e-01  8.72141358e-02]
 [ 1.04348908e-01  1.22140293e-01]
 [ 1.43887220e-02 -5.41077765e-02]
 [-1.46562058e-01  2.16220678e-02]
 [ 1.06331287e-02 -1.89536962e-01]
 [ 4.73034714e-02  4.79388105e-03]
 [ 3.50548047e-01  5.57626249e-03]
 [-3.84411824e-01 -2.21593114e-02]
 [ 1.27892877e-01  2.26293591e-01]
 [ 5.69146146e-02 -1.43290630e-01]
 [ 6.85345230e-02 -3.93147223e-01]
 [-9.28235383e-02 -1.27386587e-02]
 [ 3.14314989e-01 -4.30742109e-01]
 [ 3.56396556e-01 -6.14735199e-01]
 [ 8.99379291e-02  5.19679441e-01]
 [ 1.06748621e-01 -2.10720275e-01]
 [-2.14639125e-01  7.80480946e-03]
 [-6.70370384e-02  7.37558807e-02]
 [-3.38423697e-01 -1.27313628e-01]
 [ 7.62830594e-01 -1.39194736e-01]
 [-2.52938585e-01  2.43661557e-02]
 [ 6.22751681e-02 -5.18605643e-02]
 [ 3.17544455e-02 -2.39365811e-01]
 [ 2.36308104e-01  4.93218383e-01]
 [-3.47067020e-01  1.26248037e-01]
 [ 2.22492286e-01 -2.05204217e-01]
 [ 3.97088892e-02  7.48199564e-02]
 [-3.42663999e-02 -8.01919827e-02]
 [-9.89722048e-02 -8.63584654e-02]
 [ 1.28114034e-02  5.78156953e-02]
 [ 3.26372877e-01  1.48399929e-02]
 [-3.27541297e-01 -2.91667988e-02]
 [-1.31175839e-01  3.14147611e-01]
 [-1.45939245e-02  5.76933408e-01]
 [ 2.91892386e-01 -3.26069842e-02]
 [-9.49399807e-04  7.72399914e-02]
 [ 1.52679648e-01  2.89525170e-01]
 [ 3.36361760e-02  1.83795463e-01]
 [ 1.19924065e-01 -3.91537698e-01]
 [ 1.63408510e-01 -3.84230795e-01]
 [ 3.43781829e-01 -2.10433979e-02]
 [ 2.96320052e-01 -1.94354810e-01]
 [ 1.26813753e-01  1.05105875e-01]
 [-2.17239988e-01  3.45610362e-01]
 [ 2.20467194e-01 -2.43580629e-02]
 [-2.15740781e-01  6.11214520e-02]
 [-1.28927350e-01  2.33509441e-01]
 [-7.35991570e-02 -2.07014316e-01]
 [ 3.05853921e-02 -6.50531758e-02]
 [ 1.00490539e-01  3.00436607e-01]
 [ 1.13344811e-01 -1.08074009e-01]
 [-4.01350423e-02 -1.73209239e-01]
 [-8.91176319e-02  2.32627127e-01]
 [ 1.47024905e-01 -1.66866905e-01]
 [-7.85681392e-02 -6.99974862e-03]
 [-3.30599993e-01 -2.82802519e-01]
 [-2.36848882e-01  1.11249951e-01]
 [ 4.49255832e-02  1.84114642e-01]
 [-6.89491772e-02  5.58894351e-02]
 [ 2.49726316e-02  6.63657107e-02]
 [ 5.68576618e-02  3.06790104e-01]
 [-2.09256199e-02  6.21064990e-02]
 [-7.31116049e-01 -5.62390248e-01]
 [-1.66969332e-01 -1.15829424e-01]
 [-9.67918622e-02  2.70027744e-01]
 [-4.18212948e-02  6.12799025e-03]
 [-1.13362712e-02 -3.35371795e-01]
 [ 3.02545859e-01 -4.37658286e-01]
 [-4.01502060e-01 -1.29422565e-01]
 [-2.50057353e-01  8.11380638e-02]
 [ 6.89508255e-01 -4.64415518e-01]
 [ 3.18203326e-02 -4.63568990e-02]
 [-2.40841962e-01  1.48562201e-01]
 [ 1.94248378e-01 -3.69848643e-01]
 [-1.07898714e-01 -2.28534154e-01]
 [ 1.16390409e-01  1.72886179e-01]
 [ 5.82730209e-02 -9.05683941e-03]
 [ 7.70057371e-02 -1.55622375e-02]
 [-2.33480163e-01 -9.64494353e-04]
 [-1.12740929e-01  1.99446296e-01]
 [-2.37745515e-01  2.87637516e-01]
 [ 2.45303217e-01 -2.50457771e-01]
 [-2.33899904e-01 -2.25907017e-02]
 [-9.58625154e-02  2.94052962e-01]
 [ 9.15539238e-02 -1.66400011e-01]
 [ 4.17596095e-02 -1.24185614e-01]
 [-1.31314449e-01  1.45395942e-01]
 [-7.16006851e-02 -2.21923036e-01]
 [ 1.56498945e-01 -1.90899732e-01]
 [ 1.76283591e-01  2.42533598e-02]
 [-2.60546076e-01 -5.79687452e-02]
 [-1.67789113e-01  2.07892982e-01]
 [ 5.07834026e-02 -1.15010602e-01]
 [-3.91200441e-02 -1.69891017e-02]
 [-2.87076253e-02 -2.42709147e-01]
 [-8.05908720e-02 -2.09294498e-02]
 [ 6.42524709e-02 -1.51383360e-01]
 [ 2.31137127e-01 -8.01355192e-02]
 [-3.97319275e-01 -5.98849407e-02]
 [ 6.55549829e-03 -4.12682721e-01]
 [-1.61283741e-01  3.42531748e-02]
 [ 3.70766502e-02 -1.00833072e-01]
 [ 1.16807935e-01 -3.13821972e-01]
 [-1.10468589e-01  6.86480125e-02]
 [ 1.11391962e-01 -3.11953803e-01]
 [-1.19991058e-01  1.68784037e-02]
 [-1.99569635e-01  5.31843897e-02]
 [-3.50758542e-01 -2.27868187e-01]
 [ 4.00525980e-01  3.11708430e-01]
 [ 2.32042472e-01  1.65936590e-01]
 [-1.31382027e-01  1.54581619e-01]
 [-2.18054647e-01 -2.59592751e-01]
 [-1.02998333e-01  1.68657892e-01]
 [ 1.48637547e-01 -3.61582239e-02]
 [ 6.78760087e-02  2.98290761e-02]
 [ 1.54299208e-01  1.23829907e-01]
 [ 1.81782140e-01  2.15618991e-01]
 [ 2.38266120e-01 -1.61174753e-01]
 [-1.30688768e-02  1.41494158e-01]
 [-1.80700824e-01  1.68200033e-01]
 [ 1.20300054e-01  2.47046893e-01]
 [-2.29730493e-01 -8.05122919e-02]
 [ 2.39080598e-01 -9.49102948e-02]
 [ 2.49185111e-01 -2.52661497e-01]
 [-1.90969578e-01  1.92191370e-02]
 [-2.79445006e-01  7.05044995e-02]
 [ 3.43921749e-01  1.37637714e-01]
 [ 1.74614251e-01 -4.98019258e-04]
 [-2.02370080e-01 -3.34517232e-01]
 [ 5.33963491e-01  1.63632972e-01]
 [ 4.48222479e-01 -2.03827359e-01]
 [-1.56360774e-01  2.51281278e-01]
 [ 3.26255258e-01  2.80023311e-01]
 [ 2.54164258e-01 -1.37519063e-01]
 [ 2.25027646e-01 -3.79082528e-01]
 [ 3.41974082e-01  1.18904408e-01]
 [-1.45767392e-02  4.30869685e-01]
 [ 7.94422620e-02 -2.15459717e-01]
 [ 5.92077924e-02  1.30474174e-02]
 [-1.69391925e-01  1.07586220e-01]
 [-1.07846576e-01 -3.86033797e-01]
 [ 3.01007586e-01 -1.46940403e-01]
 [-1.74751678e-01  5.71037645e-02]
 [ 1.70471954e-01 -2.40321012e-01]
 [ 1.07164647e-01  1.73632842e-01]
 [ 2.73978931e-01 -1.72224307e-01]
 [-1.29385211e-01 -2.08062024e-02]
 [-3.84673380e-01  1.57749105e-01]
 [ 3.11813393e-02 -1.48649127e-01]
 [ 2.81814123e-02  9.03396563e-02]
 [-1.67618574e-01  4.17613535e-02]
 [ 1.72511105e-01 -1.92757233e-01]
 [-1.64970574e-01  9.79445653e-02]
 [ 3.72594929e-01 -1.41132208e-01]
 [-1.26639702e-01 -3.49519591e-01]
 [-4.86309909e-02  6.80258966e-02]
 [-1.86400920e-01 -3.14469428e-01]
 [-1.43807987e-01 -4.18080852e-01]
 [-2.55554457e-01  2.81639953e-01]
 [-3.37406942e-01  1.96405771e-01]
 [-5.56678692e-01 -3.15847687e-01]
 [ 1.84577415e-02  1.38569685e-01]
 [-2.99151089e-01 -2.64057144e-01]
 [ 1.18394634e-01  4.29143160e-01]
 [-8.80744805e-02 -1.13639000e-01]
 [ 2.85481893e-01  4.15398065e-02]
 [ 6.36128249e-01 -2.52498242e-01]
 [-3.58022543e-01  7.18853321e-02]
 [ 2.76714081e-01  2.31001876e-01]
 [-2.50709293e-01  4.81188213e-02]
 [-1.74820045e-02 -2.07179612e-01]
 [ 2.67295319e-01 -1.35380861e-01]]
States:
[[0.99972673 0.99882401 0.52636993 0.46701276 0.51347661 0.5969832 ]
 [0.99948886 0.99932869 0.53254407 0.4750711  0.59136842 0.70385571]
 [0.99829639 0.99995634 0.55148874 0.49364108 0.67636601 0.73632451]
 ...
 [0.85764701 0.         0.15423744 0.4378996  0.58819564 0.67506532]
 [0.86214935 0.         0.15899069 0.42541062 0.52236169 0.68613035]
 [0.86287089 0.         0.15976398 0.41633469 0.5176917  0.63007556]]
Logstds:
[[-3. -3.]
 [-3. -3.]
 [-3. -3.]
 [-3. -3.]
 [-3. -3.]
 [-3. -3.]
 [-3. -3.]
 [-3. -3.]
 [-3. -3.]
 [-3. -3.]
 [-3. -3.]
 [-3. -3.]
 [-3. -3.]
 [-3. -3.]
 [-3. -3.]
 [-3. -3.]
 [-3. -3.]
 [-3. -3.]
 [-3. -3.]
 [-3. -3.]
 [-3. -3.]
 [-3. -3.]
 [-3. -3.]
 [-3. -3.]
 [-3. -3.]
 [-3. -3.]
 [-3. -3.]
 [-3. -3.]
 [-3. -3.]
 [-3. -3.]
 [-3. -3.]
 [-3. -3.]
 [-3. -3.]
 [-3. -3.]
 [-3. -3.]
 [-3. -3.]
 [-3. -3.]
 [-3. -3.]
 [-3. -3.]
 [-3. -3.]
 [-3. -3.]
 [-3. -3.]
 [-3. -3.]
 [-3. -3.]
 [-3. -3.]
 [-3. -3.]
 [-3. -3.]
 [-3. -3.]
 [-3. -3.]
 [-3. -3.]
 [-3. -3.]
 [-3. -3.]
 [-3. -3.]
 [-3. -3.]
 [-3. -3.]
 [-3. -3.]
 [-3. -3.]
 [-3. -3.]
 [-3. -3.]
 [-3. -3.]
 [-3. -3.]
 [-3. -3.]
 [-3. -3.]
 [-3. -3.]
 [-3. -3.]
 [-3. -3.]
 [-3. -3.]
 [-3. -3.]
 [-3. -3.]
 [-3. -3.]
 [-3. -3.]
 [-3. -3.]
 [-3. -3.]
 [-3. -3.]
 [-3. -3.]
 [-3. -3.]
 [-3. -3.]
 [-3. -3.]
 [-3. -3.]
 [-3. -3.]
 [-3. -3.]
 [-3. -3.]
 [-3. -3.]
 [-3. -3.]
 [-3. -3.]
 [-3. -3.]
 [-3. -3.]
 [-3. -3.]
 [-3. -3.]
 [-3. -3.]
 [-3. -3.]
 [-3. -3.]
 [-3. -3.]
 [-3. -3.]
 [-3. -3.]
 [-3. -3.]
 [-3. -3.]
 [-3. -3.]
 [-3. -3.]
 [-3. -3.]
 [-3. -3.]
 [-3. -3.]
 [-3. -3.]
 [-3. -3.]
 [-3. -3.]
 [-3. -3.]
 [-3. -3.]
 [-3. -3.]
 [-3. -3.]
 [-3. -3.]
 [-3. -3.]
 [-3. -3.]
 [-3. -3.]
 [-3. -3.]
 [-3. -3.]
 [-3. -3.]
 [-3. -3.]
 [-3. -3.]
 [-3. -3.]
 [-3. -3.]
 [-3. -3.]
 [-3. -3.]
 [-3. -3.]
 [-3. -3.]
 [-3. -3.]
 [-3. -3.]
 [-3. -3.]
 [-3. -3.]
 [-3. -3.]
 [-3. -3.]
 [-3. -3.]
 [-3. -3.]
 [-3. -3.]
 [-3. -3.]
 [-3. -3.]
 [-3. -3.]
 [-3. -3.]
 [-3. -3.]
 [-3. -3.]
 [-3. -3.]
 [-3. -3.]
 [-3. -3.]
 [-3. -3.]
 [-3. -3.]
 [-3. -3.]
 [-3. -3.]
 [-3. -3.]
 [-3. -3.]
 [-3. -3.]
 [-3. -3.]
 [-3. -3.]
 [-3. -3.]
 [-3. -3.]
 [-3. -3.]
 [-3. -3.]
 [-3. -3.]
 [-3. -3.]
 [-3. -3.]
 [-3. -3.]
 [-3. -3.]
 [-3. -3.]
 [-3. -3.]
 [-3. -3.]
 [-3. -3.]
 [-3. -3.]
 [-3. -3.]
 [-3. -3.]
 [-3. -3.]
 [-3. -3.]
 [-3. -3.]
 [-3. -3.]
 [-3. -3.]
 [-3. -3.]
 [-3. -3.]
 [-3. -3.]
 [-3. -3.]
 [-3. -3.]
 [-3. -3.]
 [-3. -3.]
 [-3. -3.]
 [-3. -3.]
 [-3. -3.]
 [-3. -3.]
 [-3. -3.]
 [-3. -3.]
 [-3. -3.]
 [-3. -3.]
 [-3. -3.]
 [-3. -3.]
 [-3. -3.]
 [-3. -3.]
 [-3. -3.]
 [-3. -3.]
 [-3. -3.]
 [-3. -3.]
 [-3. -3.]
 [-3. -3.]
 [-3. -3.]
 [-3. -3.]
 [-3. -3.]]
