Baseline:
[0.60215586 0.5750457  0.5692067  0.58373016 0.576908   0.5641475
 0.5631328  0.54991287 0.5689862  0.55667055 0.5494909  0.5451042
 0.54393816 0.5440192  0.5342123  0.53707737 0.51861984 0.52458525
 0.5222121  0.52158684 0.5112201  0.5013357  0.49352378 0.5001779
 0.47734332 0.47651    0.4849946  0.49801752 0.4969439  0.50312656
 0.5109875  0.50909066 0.51635146 0.5427828  0.5150603  0.51045454
 0.54541755 0.5482904  0.5565761  0.5705236  0.57916    0.59768665
 0.58797824 0.57119346 0.5974027  0.5990944  0.58767664 0.58769035
 0.58358866 0.5784064  0.57344735 0.5567734  0.5582404  0.55303115
 0.5660786  0.5484505  0.5542528  0.55695003 0.5569439  0.5520221
 0.5303972  0.52176726 0.5302708  0.53631574 0.5305512  0.5438558
 0.5289372  0.52535415 0.5269856  0.5352605  0.5160352  0.5102833
 0.50121135 0.50140905 0.5110483  0.5272689  0.5320226  0.51991355
 0.52264446 0.50914925 0.5025792  0.5331977  0.54429823 0.5587467
 0.5704338  0.5790099  0.58799815 0.60180545 0.6155583  0.60161877
 0.6130395  0.6297094  0.62413543 0.6135371  0.6141945  0.6152122
 0.64688486 0.65302455 0.66675174 0.65852773 0.67928326 0.6748514
 0.68549937 0.69508386 0.68121684 0.6898213  0.68587613 0.6770134
 0.6664169  0.6683191  0.69122314 0.6776299  0.6634908  0.6555909
 0.69065475 0.67996854 0.6826354  0.64970696 0.6575121  0.6337142
 0.6346525  0.62169236 0.58713853 0.5953509  0.5274574  0.5383916
 0.52021265 0.5080563  0.49036568 0.5017798  0.46468    0.41699952
 0.41951174 0.39589998 0.3762182  0.3456361  0.32331547 0.29285306
 0.283696   0.2558217  0.2419066  0.2162461  0.21335012 0.21879129
 0.2172375  0.2151395  0.21203023 0.21870512 0.22767742 0.23483635
 0.2578328  0.24473453 0.2627118  0.27989787 0.27743188 0.26910582
 0.26383808 0.26472273 0.27611968 0.2595684  0.25928852 0.2795327
 0.28406367 0.24374737 0.23348574 0.24255024 0.23387404 0.2495536
 0.2654673  0.2657033  0.26567066 0.26982406 0.2746652  0.27030247
 0.2919737  0.28727433 0.27537447 0.23795566 0.25814024 0.25842267
 0.26779515 0.25577033 0.2600841  0.27784544 0.26059458 0.26491117
 0.29142183 0.30428365 0.30100423 0.3007005  0.30022842 0.2865832
 0.302039   0.28231812 0.32116026 0.3314631  0.34872577 0.33675626
 0.34886506 0.3454377  0.3454377 ]
Returns:
[4.36465796 4.26685442 4.14073403 3.93217659 3.97621965 3.98940738
 4.04418822 3.98611792 3.81687869 3.23519972 3.1493677  3.10445184
 3.0702031  3.02764827 2.97860463 2.913701   2.65998633 2.61707765
 2.58897719 2.59723736 2.48933665 2.27670592 2.28246971 2.16927832
 2.12084649 2.10038258 2.11825109 2.09857301 2.16517722 2.23137454
 2.30119935 2.4097938  2.38289159 2.29312589 2.09349973 2.19898125
 1.88458715 1.96711174 2.08098321 2.1693168  2.11763511 2.14350507
 2.24960613 1.96374755 1.85867773 1.94050298 2.02204225 2.11495572
 2.2315415  2.32667858 2.43900193 2.43083149 2.30327688 2.38793142
 2.4421836  2.47488895 2.5428925  2.67518487 2.79378072 2.91262066
 3.00087247 3.13330272 3.29020114 3.44342629 3.52667458 3.6427193
 3.7615591  3.88276411 3.9957749  4.11885742 4.14859945 4.26560945
 4.33972485 4.4542139  4.23809219 4.25787895 4.33756055 4.37737235
 4.50493031 4.50218087 4.56740149 3.97573631 4.00915684 3.9188463
 3.91381623 3.92673946 3.93491853 3.80571623 3.7977498  3.61131308
 3.60689914 3.51311821 3.35692685 3.15366324 3.1525599  3.19958783
 2.91361483 2.94798935 2.87665879 2.78829084 2.65944825 2.68013808
 2.67953624 2.69960409 2.72097549 2.67192647 2.73772249 2.78747083
 2.82878639 2.66318198 2.54898142 2.6173291  2.67956549 2.78704556
 2.19977939 1.97724907 1.99044964 2.01917303 2.06507721 2.13261023
 2.13462154 2.16891197 2.17399897 2.18271377 1.56575431 1.44357344
 1.49630211 1.57455618 1.57565488 1.46564896 1.421512   1.29936782
 1.04437267 1.08594649 1.13076523 1.15594042 1.22677352 1.18639053
 1.10957245 1.19518729 1.21477782 1.22934467 1.29324487 1.30469626
 1.39247524 1.45478373 1.4276274  1.53185915 1.59261113 1.6463685
 1.45069498 1.33296697 1.38974728 1.39291853 1.46942026 1.52796664
 1.58318836 1.67877379 1.70912737 1.77699284 1.75056818 1.68454342
 1.73160502 1.47301595 1.53879616 1.58652297 1.64474437 1.63696092
 1.60337397 1.68240801 1.77823572 1.36478505 1.43059552 1.38141847
 1.31656716 1.35423689 1.41154464 1.19448093 1.10351698 1.15798672
 1.17009021 1.22593687 1.09097271 0.98572536 0.97894152 0.97357821
 0.76085053 0.599383   0.56681202 0.59188502 0.58186547 0.55065329
 0.49453058 0.46763002 0.23484932 0.12525486 0.10574761 0.136242
 0.18097736 0.23365343]
Advants:
[2.75205461 2.70946367 2.61595862 2.41503569 2.49151965 2.54607151
 2.63463291 2.62395257 2.46689679 1.91384378 1.8504586  1.82524375
 1.80775678 1.78072651 1.75721124 1.7044073  1.47811379 1.43745532
 1.41984786 1.43781961 1.34712947 1.14553951 1.16078993 1.03905523
 1.0106162  0.98729458 0.99296329 0.95521922 1.01951754 1.07772086
 1.13963555 1.25349074 1.22192154 1.10494557 0.92688001 1.03368527
 0.6699617  0.73648658 0.83109279 0.89586455 0.82324772 0.81747164
 0.92262585 0.63366724 0.47674926 0.53153814 0.59986639 0.66891256
 0.767447   0.84682884 0.9450174  0.93306354 0.77785145 0.84207293
 0.8567253  0.8798012  0.91434675 1.01793833 1.11198971 1.21293709
 1.30145429 1.42369797 1.556263   1.69081679 1.76888058 1.86291646
 1.99136601 2.11425241 2.2270128  2.34686984 2.40283122 2.53697979
 2.6350965  2.76912379 2.55779772 2.57713879 2.67150276 2.74612116
 2.89943996 2.94143699 3.04936139 2.44704373 2.49172093 2.40798368
 2.41356201 2.4422384  2.46780597 2.34899712 2.35286842 2.20280693
 2.21082939 2.12285201 1.99196431 1.81475067 1.82970334 1.89527383
 1.58903063 1.63051245 1.55719955 1.48732225 1.3442386  1.37720671
 1.37412382 1.39379406 1.44009174 1.39265649 1.4756434  1.55044126
 1.62152453 1.46964164 1.34525136 1.44352396 1.53998456 1.68072903
 1.06667696 0.85726406 0.87076179 0.93753705 0.98237417 1.08384191
 1.09594843 1.15663376 1.21207985 1.22974948 0.6823317  0.54688832
 0.61746224 0.71030677 0.73231864 0.61064044 0.60310551 0.5257986
 0.25724166 0.31245242 0.36812329 0.41602318 0.50353119 0.48717716
 0.41044201 0.51759399 0.54525891 0.58039211 0.64372604 0.64616498
 0.73438509 0.79957612 0.77563666 0.87632754 0.93310965 0.98657785
 0.7685999  0.66148511 0.6987915  0.6827191  0.76189628 0.83106423
 0.89591554 0.99827865 1.02613662 1.12282384 1.10918617 1.0338217
 1.08950111 0.87874652 0.96529878 1.01656261 1.09920423 1.09210076
 1.05882235 1.15766157 1.27823514 0.87453391 0.95247609 0.92469447
 0.85397967 0.9148135  1.00619925 0.84506574 0.75056795 0.82450033
 0.84874292 0.94205759 0.82608275 0.72455782 0.75866254 0.77433454
 0.55520869 0.39731347 0.38495011 0.42948197 0.44042611 0.44455308
 0.39430274 0.41004608 0.15489832 0.04917138 0.02664174 0.08587233
 0.13770297 0.21638155]
Mus:
[[-2.80006602e-02 -1.17216613e-02]
 [-2.90042758e-02 -1.23868827e-02]
 [-2.93328539e-02 -1.19045591e-02]
 [-2.92523745e-02 -1.28410188e-02]
 [-2.88992189e-02 -1.29904356e-02]
 [-2.81377565e-02 -1.29617536e-02]
 [-2.71533187e-02 -1.29083525e-02]
 [-2.63969712e-02 -1.23677645e-02]
 [-2.58143209e-02 -1.26151601e-02]
 [-2.62447279e-02 -1.15484139e-02]
 [-2.53449697e-02 -1.20941196e-02]
 [-2.49180850e-02 -1.17474711e-02]
 [-2.43268050e-02 -1.19903721e-02]
 [-2.34495588e-02 -1.14193019e-02]
 [-2.23553162e-02 -1.16344318e-02]
 [-2.02954207e-02 -1.14477705e-02]
 [-1.85197704e-02 -1.01492899e-02]
 [-1.65535510e-02 -9.66796651e-03]
 [-1.44203864e-02 -9.34525393e-03]
 [-1.19425599e-02 -8.75779893e-03]
 [-8.13128799e-03 -8.03743955e-03]
 [-5.06766979e-03 -6.04222622e-03]
 [-1.46687101e-03 -5.08351484e-03]
 [ 4.29041596e-04 -3.74028762e-03]
 [ 4.12311265e-03 -2.74142739e-03]
 [ 6.44030049e-03 -2.43065041e-03]
 [ 7.77765224e-03 -1.97519455e-03]
 [ 8.75090994e-03 -1.28247135e-03]
 [ 1.03001911e-02 -8.52108584e-04]
 [ 1.10450154e-02 -5.33654296e-04]
 [ 1.11230835e-02 -3.35974582e-05]
 [ 1.16001815e-02  3.88810324e-04]
 [ 1.16115650e-02 -2.91696721e-04]
 [ 1.02159642e-02  7.93393610e-06]
 [ 1.00898389e-02  9.32830968e-04]
 [ 9.85402893e-03  8.70450051e-04]
 [ 8.86662863e-03  1.57926581e-03]
 [ 8.83674715e-03  1.26615551e-03]
 [ 8.79645068e-03  1.29360810e-03]
 [ 8.83868057e-03  1.29348831e-03]
 [ 9.03034117e-03  4.74456145e-04]
 [ 9.22493730e-03  1.12058222e-03]
 [ 9.09423921e-03  1.21489214e-03]
 [ 1.00296950e-02  3.01087182e-03]
 [ 9.94971767e-03  2.14540726e-03]
 [ 1.07081989e-02  2.67461594e-03]
 [ 1.07514644e-02  2.57409271e-03]
 [ 1.12606781e-02  2.95918062e-03]
 [ 1.15660541e-02  3.04920785e-03]
 [ 1.20815961e-02  3.61646758e-03]
 [ 1.14149619e-02  3.24540050e-03]
 [ 8.12195800e-03  1.54983846e-03]
 [ 1.05889877e-02  3.58289876e-03]
 [ 8.94597918e-03  2.68830382e-03]
 [ 1.02110086e-02  3.57656507e-03]
 [ 7.94653688e-03  2.63688341e-03]
 [ 5.58575056e-03  1.32806564e-03]
 [ 5.15605044e-03  1.41943106e-03]
 [ 5.21913357e-03  1.82958448e-03]
 [ 2.55661109e-03  5.92445198e-04]
 [ 1.20767474e-03  2.59910186e-04]
 [ 8.00577283e-04  4.55135596e-04]
 [-2.98102823e-04  2.42367139e-04]
 [-1.27422111e-03  2.17922017e-04]
 [-1.42405310e-03  8.28580232e-04]
 [-2.35714857e-03  6.48229267e-04]
 [-4.28121630e-03  8.33419545e-05]
 [-5.25343884e-03  6.65956104e-05]
 [-7.54946005e-03 -1.31003058e-03]
 [-9.18124802e-03 -2.02693231e-03]
 [-1.13945371e-02 -3.37379402e-03]
 [-1.40387695e-02 -4.98118345e-03]
 [-1.35645429e-02 -4.26057726e-03]
 [-1.40131991e-02 -4.20075888e-03]
 [-1.31141962e-02 -2.94080237e-03]
 [-1.49232829e-02 -3.71019426e-03]
 [-1.68045145e-02 -4.88291448e-03]
 [-1.59785207e-02 -4.29556705e-03]
 [-1.66926179e-02 -4.62517515e-03]
 [-1.65887289e-02 -4.94603999e-03]
 [-1.75807364e-02 -5.83786797e-03]
 [-1.92521457e-02 -5.61387138e-03]
 [-2.05124281e-02 -6.11270126e-03]
 [-2.14303546e-02 -6.18099561e-03]
 [-2.17879899e-02 -6.41027838e-03]
 [-2.16852203e-02 -6.66782539e-03]
 [-2.14162879e-02 -6.73110783e-03]
 [-2.02625804e-02 -5.94396424e-03]
 [-1.96507163e-02 -5.94630511e-03]
 [-1.92992557e-02 -4.96860128e-03]
 [-1.82271879e-02 -4.68174089e-03]
 [-1.65341254e-02 -3.78161273e-03]
 [-1.54208690e-02 -2.58851936e-03]
 [-1.46488054e-02 -1.67746947e-03]
 [-1.42508643e-02 -1.98603095e-03]
 [-1.42142354e-02 -2.19022110e-03]
 [-1.22073544e-02 -1.40001893e-03]
 [-1.09474082e-02 -1.17793097e-03]
 [-8.50438327e-03  3.36649791e-05]
 [-7.14958226e-03  7.70072686e-04]
 [-4.92649572e-03  1.38814002e-03]
 [-3.44751123e-03  1.91760098e-03]
 [-1.80813635e-03  2.69955164e-03]
 [-2.91570992e-04  2.92751356e-03]
 [ 9.50252230e-04  3.30160162e-03]
 [ 2.92475033e-03  4.37314855e-03]
 [ 4.74063121e-03  5.05469134e-03]
 [ 4.86205798e-03  4.61127143e-03]
 [ 6.23164512e-03  5.19615225e-03]
 [ 8.00528750e-03  6.26755599e-03]
 [ 1.04314284e-02  7.31939869e-03]
 [ 1.11319413e-02  7.45078875e-03]
 [ 1.13335336e-02  7.32922368e-03]
 [ 1.13989301e-02  7.14474684e-03]
 [ 1.03557985e-02  7.33765727e-03]
 [ 1.06906444e-02  6.69869501e-03]
 [ 9.60081723e-03  6.47549005e-03]
 [ 9.05841682e-03  5.90933301e-03]
 [ 7.25962687e-03  5.24278358e-03]
 [ 5.99330431e-03  4.64922842e-03]
 [ 5.16406260e-03  3.88135016e-03]
 [ 4.87555237e-03  3.13705159e-03]
 [ 4.30223020e-03  2.73756380e-03]
 [ 2.48488970e-03  2.14223028e-03]
 [ 1.33874908e-03  1.51486322e-03]
 [ 1.88603517e-04  7.52228603e-04]
 [-5.67657524e-04 -9.49900932e-05]
 [-1.80500001e-03 -6.46048575e-04]
 [-3.70165939e-03 -1.04814745e-03]
 [-5.52332215e-03 -1.76973070e-03]
 [-6.79010898e-03 -2.21751910e-03]
 [-7.41406903e-03 -2.58009089e-03]
 [-8.99880193e-03 -2.75508151e-03]
 [-9.27583873e-03 -3.51667195e-03]
 [-9.47811082e-03 -4.12972225e-03]
 [-1.01879267e-02 -4.20042872e-03]
 [-1.08810253e-02 -4.60587116e-03]
 [-1.21066496e-02 -4.55817627e-03]
 [-1.26466136e-02 -4.58970293e-03]
 [-1.41577041e-02 -5.30749932e-03]
 [-1.54273687e-02 -5.57816960e-03]
 [-1.68133005e-02 -6.77096238e-03]
 [-1.71071105e-02 -7.25523848e-03]
 [-1.71112064e-02 -7.23780226e-03]
 [-1.82171073e-02 -7.59574678e-03]
 [-2.06344705e-02 -8.88695754e-03]
 [-1.95380114e-02 -7.79286725e-03]
 [-2.02538576e-02 -8.02559592e-03]
 [-2.16231830e-02 -8.80540442e-03]
 [-2.14195922e-02 -8.41571111e-03]
 [-2.06198040e-02 -7.58229196e-03]
 [-2.34639943e-02 -9.04448610e-03]
 [-2.63137762e-02 -1.06855985e-02]
 [-2.98270285e-02 -1.26213934e-02]
 [-3.03519256e-02 -1.28333084e-02]
 [-3.10477503e-02 -1.32370153e-02]
 [-3.12269758e-02 -1.33954771e-02]
 [-3.09931152e-02 -1.32527659e-02]
 [-3.24642211e-02 -1.42012872e-02]
 [-3.20523791e-02 -1.40316570e-02]
 [-3.00863329e-02 -1.27383014e-02]
 [-3.25091705e-02 -1.42687941e-02]
 [-3.20594795e-02 -1.39051089e-02]
 [-3.18837911e-02 -1.40478192e-02]
 [-3.03220339e-02 -1.34607581e-02]
 [-2.98140924e-02 -1.32570611e-02]
 [-2.83777993e-02 -1.28780212e-02]
 [-2.83035487e-02 -1.28717478e-02]
 [-2.81659365e-02 -1.27683533e-02]
 [-2.76101250e-02 -1.24559030e-02]
 [-2.80552562e-02 -1.28060868e-02]
 [-2.45687086e-02 -1.06494352e-02]
 [-2.60106977e-02 -1.13034910e-02]
 [-2.76196878e-02 -1.20970625e-02]
 [-2.84156818e-02 -1.25742629e-02]
 [-3.06885298e-02 -1.38150938e-02]
 [-3.18324864e-02 -1.44800982e-02]
 [-2.95476615e-02 -1.35202333e-02]
 [-3.06566004e-02 -1.42392991e-02]
 [-2.98271030e-02 -1.38248019e-02]
 [-2.94237621e-02 -1.37036582e-02]
 [-2.87739597e-02 -1.33480653e-02]
 [-2.64105108e-02 -1.18922498e-02]
 [-2.59345435e-02 -1.15757743e-02]
 [-2.78033726e-02 -1.23740844e-02]
 [-2.70260125e-02 -1.18280528e-02]
 [-2.65259352e-02 -1.15684392e-02]
 [-2.50699706e-02 -1.04858438e-02]
 [-2.96070930e-02 -1.25881778e-02]
 [-3.04807238e-02 -1.27367470e-02]
 [-3.43410894e-02 -1.46650849e-02]
 [-3.35638933e-02 -1.38431014e-02]
 [-3.64486948e-02 -1.54402815e-02]
 [-3.57701592e-02 -1.47283673e-02]
 [-3.73622365e-02 -1.56219611e-02]
 [-3.55950780e-02 -1.43565387e-02]
 [-3.61102149e-02 -1.43076442e-02]
 [-3.77987847e-02 -1.47327976e-02]
 [-4.02761772e-02 -1.58442743e-02]
 [-4.25693542e-02 -1.68775581e-02]]
Actions:
[[-4.63484503e-01 -1.93716836e-01]
 [ 1.65298443e-01 -3.42871315e-01]
 [-4.29943422e-02  5.06687856e-01]
 [-1.72139117e-01  1.50818863e-02]
 [-2.60860162e-01 -8.00060756e-02]
 [-8.50279509e-02  7.30732031e-02]
 [-4.68948929e-02 -3.25981844e-01]
 [ 1.40900895e-01  4.01732647e-01]
 [ 2.90825320e-01 -6.65897531e-01]
 [-3.13935731e-01  2.38161950e-01]
 [ 6.67591754e-02 -1.48737637e-01]
 [-1.12059363e-01  1.78386805e-01]
 [ 1.21712692e-01 -1.33738021e-01]
 [-2.92802315e-01  1.83592178e-01]
 [-1.26607665e-01  2.89952884e-01]
 [-7.07846787e-02 -5.14721349e-01]
 [ 5.85009555e-02  1.90016802e-01]
 [-1.59131730e-01  1.85361992e-01]
 [-1.50796294e-01  1.18079986e-01]
 [-3.85319225e-01  1.39151849e-01]
 [ 1.78793340e-01 -3.94216354e-01]
 [-1.99618036e-01  7.46955106e-02]
 [ 2.71978817e-01 -1.18253950e-01]
 [-3.53334509e-01 -7.82195259e-02]
 [-1.77977634e-01  2.47433180e-01]
 [ 5.99353675e-02  1.45098621e-01]
 [ 2.04595596e-01  8.02609184e-02]
 [-9.73953363e-02  9.97054281e-02]
 [ 1.60727799e-02  1.18758816e-01]
 [ 1.33051366e-01  7.61470051e-03]
 [-3.85584615e-02 -3.70013808e-02]
 [-2.19486872e-01  3.41660058e-01]
 [ 4.18193729e-01  6.41390896e-02]
 [-1.01752628e-01 -5.30903895e-01]
 [-1.26314034e-01 -8.92483782e-03]
 [ 6.03837522e-01  9.86504040e-03]
 [-1.07693865e-01  1.33265552e-01]
 [ 2.46196229e-02  7.74205340e-02]
 [ 7.02179864e-02  1.39926712e-01]
 [-2.35963840e-01  3.80715717e-01]
 [ 2.76475694e-01  2.67656265e-02]
 [-1.17753856e-01 -6.72391073e-02]
 [ 2.14316183e-01 -5.34231125e-01]
 [-3.05162456e-03  4.78184854e-01]
 [ 6.64035326e-02 -1.51323986e-02]
 [-1.75927309e-01 -2.98965856e-03]
 [ 3.67152365e-02 -1.16985877e-02]
 [-6.84484919e-02  3.00115175e-02]
 [ 2.74731029e-02 -1.01507825e-01]
 [-1.19299139e-01  5.38419237e-02]
 [-3.82555827e-01  9.75218589e-02]
 [ 3.14992421e-01 -3.39718720e-01]
 [-2.06896582e-01  1.01256402e-01]
 [ 2.41580947e-01 -1.26217700e-02]
 [-3.17481822e-01 -7.02173512e-02]
 [-1.68168564e-01  2.24508744e-01]
 [ 3.69954915e-02 -5.03836493e-03]
 [ 6.72031650e-02 -7.45955805e-02]
 [-2.11437899e-01  1.03801262e-01]
 [-2.42489404e-01 -1.50096281e-01]
 [-6.07324417e-02 -1.37289194e-01]
 [ 8.78066136e-02  3.47268159e-02]
 [ 1.08270933e-01 -2.36575474e-02]
 [ 8.26973586e-02 -2.46886651e-01]
 [ 1.77046320e-01  7.38666254e-02]
 [-2.16306013e-01 -1.78331903e-01]
 [-5.12549738e-03 -1.86169945e-01]
 [-1.44548394e-01  2.56238718e-01]
 [ 1.01901844e-01  1.62015937e-01]
 [-4.37416301e-01  4.27520440e-02]
 [-1.97870240e-01  2.21545148e-01]
 [ 6.89955009e-02 -2.73527595e-01]
 [ 1.37298402e-01 -8.15626627e-02]
 [ 4.22406543e-01 -3.40163411e-01]
 [ 2.18900663e-01  1.66002108e-01]
 [-8.42211099e-02  2.27925605e-01]
 [-5.47253925e-02 -2.71075911e-01]
 [-3.64740592e-03 -1.61622534e-02]
 [-3.87523759e-01 -1.14884867e-01]
 [-2.91011238e-01  1.90578769e-02]
 [ 7.40893714e-01 -1.53662164e-01]
 [ 1.28282981e-01  3.22375001e-02]
 [ 3.07964114e-01 -3.69239745e-02]
 [ 1.42197955e-01  1.05438527e-01]
 [ 4.04321399e-02  2.04841580e-01]
 [ 7.84976362e-02  1.60522827e-01]
 [ 3.26897811e-01 -9.30972728e-03]
 [ 6.41657022e-02  2.43244708e-01]
 [ 1.38306817e-01 -4.08146914e-01]
 [ 7.05911848e-02  1.56462231e-01]
 [ 2.89609682e-01  5.05534531e-02]
 [ 1.24566844e-01 -3.62832208e-01]
 [-4.43236290e-02 -4.59630414e-01]
 [-2.44999818e-01  1.57766940e-01]
 [-1.67158399e-01  3.08826224e-02]
 [ 4.25987382e-01  2.44944517e-01]
 [-4.55046761e-02  1.54326516e-01]
 [ 2.54000566e-01 -3.35686369e-02]
 [-1.61195856e-01 -3.17788259e-01]
 [ 2.62362652e-01  3.20340715e-01]
 [-1.01806517e-01 -1.44281327e-01]
 [ 1.81004714e-01 -4.59741364e-02]
 [ 2.78547696e-02  2.63001669e-01]
 [-2.26769911e-01 -1.49380389e-01]
 [ 2.76982572e-01 -1.00856598e-01]
 [ 2.61359037e-04 -1.28651036e-01]
 [-1.89253718e-01  2.30231327e-01]
 [-4.09270288e-02 -2.34633932e-01]
 [ 2.34422580e-01 -4.02884321e-01]
 [ 4.22819063e-01  5.51437697e-02]
 [-6.71281521e-02 -1.51909461e-01]
 [-8.51254648e-02 -1.69606904e-01]
 [-5.11177608e-02 -1.08341595e-01]
 [ 7.33386007e-01 -2.55700670e-01]
 [-2.90061281e-01  5.22067153e-01]
 [ 1.91880991e-01 -1.61415261e-01]
 [-2.67679459e-01 -9.18009987e-02]
 [ 2.02921501e-01  1.12487399e-01]
 [-6.92625877e-02 -1.66253170e-01]
 [ 3.29649609e-02  3.52050927e-01]
 [-1.27671833e-01  2.79739282e-01]
 [-2.31359631e-01 -2.61660321e-01]
 [ 2.48163762e-01  1.15632941e-01]
 [-5.67934833e-01 -6.35623760e-01]
 [ 2.13419764e-01  3.70257834e-01]
 [-2.00335460e-01  4.47234088e-02]
 [-2.61764582e-02 -7.60460773e-02]
 [ 7.49969716e-02 -2.31688390e-01]
 [ 3.15332301e-01  1.84630285e-01]
 [-1.78440385e-01 -3.29160622e-01]
 [-3.03057504e-01 -3.92141732e-01]
 [ 4.90641097e-01  3.83553007e-02]
 [-1.67806542e-01  1.17067423e-01]
 [-1.37378014e-01  1.44889462e-01]
 [-5.64766566e-03 -2.62985966e-01]
 [ 1.61152272e-02 -3.12941482e-03]
 [ 1.33619896e-01 -2.75259566e-01]
 [ 3.21879748e-01  9.88138237e-02]
 [-1.13424033e-01 -7.87105226e-02]
 [ 1.91730120e-01 -1.77008706e-02]
 [-3.65651111e-01  6.82395859e-02]
 [-2.62990607e-02  2.05631934e-01]
 [ 1.73133826e-01  1.62949590e-01]
 [ 2.04352787e-02  4.42542800e-03]
 [-2.53309237e-01  8.80152280e-02]
 [ 2.12126818e-01 -2.71603753e-01]
 [-1.25002441e-02  4.62962217e-03]
 [-1.04831653e-01  1.63046752e-01]
 [ 1.47858477e-01 -3.48183366e-02]
 [ 4.62420671e-01  1.11495025e-01]
 [-5.06068561e-01 -4.56502669e-03]
 [-2.19329216e-01 -6.45196456e-02]
 [-2.38737973e-01  2.10231224e-01]
 [-3.94433305e-02 -9.00918235e-02]
 [-1.69384209e-01 -1.54950493e-01]
 [-1.01789257e-01 -2.07063269e-01]
 [ 3.95306430e-02 -4.20337390e-02]
 [-3.43942998e-02  2.36604847e-01]
 [-1.66594406e-01 -1.76051445e-01]
 [ 2.72322918e-01 -1.64803454e-01]
 [-5.81105409e-02  3.82147450e-01]
 [ 1.67782624e-01  1.13970201e-03]
 [-5.66200199e-01 -3.50720229e-01]
 [-1.71810877e-01 -1.67845712e-01]
 [ 1.52186607e-01  7.67814107e-02]
 [-2.58370336e-01 -1.24216779e-01]
 [ 2.51678863e-01  4.09567763e-02]
 [ 2.54589821e-01  1.25248985e-01]
 [ 6.37918255e-02 -3.28574284e-02]
 [-7.85985130e-02  4.87851076e-02]
 [ 5.58856595e-01 -3.65231725e-01]
 [-3.45148143e-02 -1.02749156e-01]
 [-2.16525020e-01 -3.35745942e-01]
 [ 1.64017938e-01  2.80391541e-01]
 [-2.29591103e-01  7.78970414e-02]
 [-2.15122583e-01 -4.61613496e-02]
 [-4.30180684e-01 -4.56665888e-01]
 [ 1.74818660e-01  2.96049701e-01]
 [ 7.90244281e-02 -4.13236936e-02]
 [ 1.40450997e-01  1.11852235e-01]
 [-8.03118321e-02 -1.72269756e-01]
 [ 3.89759060e-01 -7.06134409e-02]
 [ 3.03220622e-01  1.61122669e-01]
 [-3.06705719e-01 -1.45818749e-01]
 [ 1.97356297e-01 -5.96696435e-03]
 [ 3.55617196e-01  2.80972016e-01]
 [ 3.86220561e-01 -9.06713936e-03]
 [-3.04078421e-01  1.27707345e-01]
 [ 6.09214876e-02 -1.58818301e-02]
 [-2.75872090e-01  1.55559434e-01]
 [ 1.32976162e-01 -2.18742420e-01]
 [-1.15340806e-01  3.15204314e-01]
 [ 3.37453825e-02 -2.67548125e-01]
 [ 1.81964063e-01  4.56747087e-01]
 [ 3.17427181e-01 -3.78692548e-02]
 [ 1.59984403e-01  1.03927166e-01]
 [-8.17286920e-02 -1.61624962e-01]
 [-8.36776250e-02  1.76509938e-01]
 [-1.82019609e-01  4.07816370e-02]
 [-2.17882724e-01 -5.32083986e-01]]
States:
[[0.9981525  0.99959676 0.55322013 0.48067714 0.51297833 0.59720476]
 [0.99886243 0.99942066 0.54383345 0.47684076 0.39414087 0.54648581]
 [0.99964704 0.99847756 0.52866226 0.46247294 0.43892162 0.45761889]
 ...
 [0.98117471 0.03995131 0.64772597 0.18630376 0.77594469 0.75646692]
 [0.96927394 0.05908356 0.68500552 0.16549666 0.74926353 0.79957233]
 [0.95706679 0.08229555 0.71564435 0.1430516  0.69787162 0.80625535]]
Logstds:
[[-3. -3.]
 [-3. -3.]
 [-3. -3.]
 [-3. -3.]
 [-3. -3.]
 [-3. -3.]
 [-3. -3.]
 [-3. -3.]
 [-3. -3.]
 [-3. -3.]
 [-3. -3.]
 [-3. -3.]
 [-3. -3.]
 [-3. -3.]
 [-3. -3.]
 [-3. -3.]
 [-3. -3.]
 [-3. -3.]
 [-3. -3.]
 [-3. -3.]
 [-3. -3.]
 [-3. -3.]
 [-3. -3.]
 [-3. -3.]
 [-3. -3.]
 [-3. -3.]
 [-3. -3.]
 [-3. -3.]
 [-3. -3.]
 [-3. -3.]
 [-3. -3.]
 [-3. -3.]
 [-3. -3.]
 [-3. -3.]
 [-3. -3.]
 [-3. -3.]
 [-3. -3.]
 [-3. -3.]
 [-3. -3.]
 [-3. -3.]
 [-3. -3.]
 [-3. -3.]
 [-3. -3.]
 [-3. -3.]
 [-3. -3.]
 [-3. -3.]
 [-3. -3.]
 [-3. -3.]
 [-3. -3.]
 [-3. -3.]
 [-3. -3.]
 [-3. -3.]
 [-3. -3.]
 [-3. -3.]
 [-3. -3.]
 [-3. -3.]
 [-3. -3.]
 [-3. -3.]
 [-3. -3.]
 [-3. -3.]
 [-3. -3.]
 [-3. -3.]
 [-3. -3.]
 [-3. -3.]
 [-3. -3.]
 [-3. -3.]
 [-3. -3.]
 [-3. -3.]
 [-3. -3.]
 [-3. -3.]
 [-3. -3.]
 [-3. -3.]
 [-3. -3.]
 [-3. -3.]
 [-3. -3.]
 [-3. -3.]
 [-3. -3.]
 [-3. -3.]
 [-3. -3.]
 [-3. -3.]
 [-3. -3.]
 [-3. -3.]
 [-3. -3.]
 [-3. -3.]
 [-3. -3.]
 [-3. -3.]
 [-3. -3.]
 [-3. -3.]
 [-3. -3.]
 [-3. -3.]
 [-3. -3.]
 [-3. -3.]
 [-3. -3.]
 [-3. -3.]
 [-3. -3.]
 [-3. -3.]
 [-3. -3.]
 [-3. -3.]
 [-3. -3.]
 [-3. -3.]
 [-3. -3.]
 [-3. -3.]
 [-3. -3.]
 [-3. -3.]
 [-3. -3.]
 [-3. -3.]
 [-3. -3.]
 [-3. -3.]
 [-3. -3.]
 [-3. -3.]
 [-3. -3.]
 [-3. -3.]
 [-3. -3.]
 [-3. -3.]
 [-3. -3.]
 [-3. -3.]
 [-3. -3.]
 [-3. -3.]
 [-3. -3.]
 [-3. -3.]
 [-3. -3.]
 [-3. -3.]
 [-3. -3.]
 [-3. -3.]
 [-3. -3.]
 [-3. -3.]
 [-3. -3.]
 [-3. -3.]
 [-3. -3.]
 [-3. -3.]
 [-3. -3.]
 [-3. -3.]
 [-3. -3.]
 [-3. -3.]
 [-3. -3.]
 [-3. -3.]
 [-3. -3.]
 [-3. -3.]
 [-3. -3.]
 [-3. -3.]
 [-3. -3.]
 [-3. -3.]
 [-3. -3.]
 [-3. -3.]
 [-3. -3.]
 [-3. -3.]
 [-3. -3.]
 [-3. -3.]
 [-3. -3.]
 [-3. -3.]
 [-3. -3.]
 [-3. -3.]
 [-3. -3.]
 [-3. -3.]
 [-3. -3.]
 [-3. -3.]
 [-3. -3.]
 [-3. -3.]
 [-3. -3.]
 [-3. -3.]
 [-3. -3.]
 [-3. -3.]
 [-3. -3.]
 [-3. -3.]
 [-3. -3.]
 [-3. -3.]
 [-3. -3.]
 [-3. -3.]
 [-3. -3.]
 [-3. -3.]
 [-3. -3.]
 [-3. -3.]
 [-3. -3.]
 [-3. -3.]
 [-3. -3.]
 [-3. -3.]
 [-3. -3.]
 [-3. -3.]
 [-3. -3.]
 [-3. -3.]
 [-3. -3.]
 [-3. -3.]
 [-3. -3.]
 [-3. -3.]
 [-3. -3.]
 [-3. -3.]
 [-3. -3.]
 [-3. -3.]
 [-3. -3.]
 [-3. -3.]
 [-3. -3.]
 [-3. -3.]
 [-3. -3.]
 [-3. -3.]
 [-3. -3.]
 [-3. -3.]
 [-3. -3.]
 [-3. -3.]
 [-3. -3.]
 [-3. -3.]]
