Baseline:
[1.3035593  1.305751   1.2905121  1.3102736  1.2925265  1.2934123
 1.2669998  1.2627699  1.2784827  1.2602394  1.2680695  1.3031937
 1.2996249  1.3230827  1.3290147  1.3186667  1.309656   1.2878606
 1.3021683  1.2857263  1.2903647  1.3252573  1.3158878  1.3204343
 1.3205842  1.32095    1.2973721  1.3545499  1.3715501  1.366504
 1.3570243  1.3523617  1.3565602  1.3379729  1.351593   1.370389
 1.3637416  1.3801304  1.376368   1.386505   1.417304   1.4066257
 1.4083221  1.4201107  1.4086242  1.4029565  1.3890121  1.3882713
 1.38276    1.3617928  1.3753831  1.3893079  1.3989007  1.3923663
 1.4041183  1.3911296  1.4127947  1.4276677  1.4165269  1.445537
 1.4349372  1.4559226  1.4521096  1.4306285  1.4357426  1.4433091
 1.4691191  1.4489013  1.445894   1.4452198  1.4464694  1.4398098
 1.4393278  1.4235841  1.4240013  1.4117144  1.3926487  1.3745048
 1.3642966  1.3725221  1.3480582  1.3403915  1.3669441  1.3422629
 1.3543003  1.3490838  1.3562245  1.3311318  1.2905843  1.2891382
 1.2763741  1.2713594  1.2498965  1.2568672  1.256389   1.2471938
 1.2297257  1.2263362  1.1836634  1.1583177  1.1327627  1.121105
 1.0756612  1.055587   1.0460556  1.0427603  1.0271337  1.0418563
 1.0010526  0.9877626  0.99294275 0.99843377 1.0060818  1.0171404
 1.0326571  1.0333991  1.0359192  1.0291035  1.0265422  1.0438836
 1.0170051  1.0004841  0.99697024 0.9951231  0.9630433  0.9473467
 0.96750426 0.9657757  0.96307546 0.9557334  0.9589754  0.9629975
 0.966251   0.985115   0.9604593  0.9690317  0.93562144 0.9586283
 0.9722225  0.9870091  0.97844046 1.0065696  1.0418992  1.0689175
 1.0809981  1.0995724  1.1081977  1.1047559  1.111738   1.1242623
 1.1455841  1.1422426  1.1137872  1.1019845  1.0936519  1.0852404
 1.1114942  1.1060116  1.0881953  1.077636   1.0698271  1.0652492
 1.0550447  1.0705812  1.0678436  1.078298   1.0789801  1.0826536
 1.1010153  1.1021994  1.101798   1.1040119  1.1021054  1.1000946
 1.0945189  1.0901893  1.0935414  1.0784788  1.0756152  1.0767713
 1.1148654  1.1007786  1.1006206  1.0983269  1.1138346  1.0830778
 1.0777209  1.0648848  1.0559889  1.0581288  1.0781838  1.0940652
 1.0857639  1.0987623  1.1024806  1.1165969  1.1075356  1.114905
 1.130109   1.1475537  1.1475537 ]
Returns:
[6.1961976  6.29549959 6.27337471 6.20403663 6.25278038 6.29473579
 6.18495986 6.26344019 6.25687627 6.28125995 6.06335595 5.94051565
 6.02952061 5.99716307 6.10736572 6.13493386 6.22622712 6.22765436
 6.23533939 6.29730097 6.34314905 6.20218802 6.1732658  6.24930356
 6.19394011 6.02720393 6.06090902 5.53747301 5.5974499  5.67902409
 5.77193664 5.66601547 5.7366298  5.75519799 5.78168036 5.79591386
 5.74446764 5.79085927 5.8953974  5.96492115 5.66061739 5.74185878
 5.79572646 5.86847112 5.91716624 5.94233008 5.95146366 6.04493759
 6.16595234 6.19804717 6.19504314 5.8493153  5.77762392 5.84489527
 5.92159155 5.96697271 5.88928697 5.68244668 5.53604636 5.33837517
 5.41695988 5.38911311 5.19372004 4.97908611 5.07412252 5.16459186
 4.99407098 4.89248098 4.9958162  5.07916836 5.18051309 5.1922104
 5.31461944 5.341622   5.43904393 5.482996   5.51304721 5.35432225
 5.4675995  5.4701464  5.50057929 5.47785086 4.86467306 4.8099474
 4.80589004 4.86788977 4.84385338 4.84149402 4.70912964 4.61126624
 4.62952543 4.63598823 4.50520772 4.45179544 4.27744563 4.27714669
 3.8533882  3.60114111 3.55643638 3.55620418 3.59231445 3.59403807
 2.84424588 2.89721818 2.97423308 3.0347391  3.07560491 3.13006565
 2.99294669 3.13916257 3.25160889 3.39497389 3.55976301 3.57477114
 3.71877862 3.83630045 3.93034605 4.05258983 4.12358466 4.13987006
 4.18343105 4.18460446 4.30228553 4.32499364 4.24629892 4.32044281
 4.23735144 4.32120363 4.42913248 4.5284506  4.40313427 4.4079787
 4.48257614 4.49596704 4.28847351 4.34562774 4.15665584 4.14105066
 4.25393019 4.3566084  3.70253665 3.79010314 3.84405365 3.98853688
 3.8053838  3.93609467 4.07649577 4.13216469 3.90724405 3.90826124
 3.73102847 3.79223074 3.73743223 3.76649994 3.60954824 3.57741275
 3.41228638 3.39139277 3.19412166 3.1759109  3.04409455 2.94298535
 2.91149735 2.84161506 2.87404447 2.86287529 2.93486515 3.01457703
 2.98458106 2.94220747 2.88509402 2.97253594 3.07447687 3.14736681
 3.24054735 3.34707165 3.20712718 3.12941422 3.04026147 3.10695011
 2.70149012 2.69105216 2.69786122 2.53079555 2.47501239 2.34745619
 2.33506074 2.28201643 2.23392183 2.09811534 1.97011362 1.88478889
 1.81123993 1.68264474 1.42469034 1.3082967  0.97702135 0.82431808
 0.64229033 0.3770076 ]
Advants:
[3.13499129 3.23669469 3.2345801  3.14790279 3.21907869 3.26650261
 3.18745653 3.27740998 3.26230465 3.3140322  3.09119236 2.9314832
 3.02502678 2.96853768 3.075302   3.11709691 3.22471233 3.2565874
 3.25914952 3.34994503 3.40587676 3.24056063 3.23183833 3.31729361
 3.27521704 3.11752834 3.18679809 2.60123518 2.64017027 2.72508367
 2.82879022 2.72582645 2.79244579 2.83097136 2.8457181  2.84305962
 2.79894132 2.83061075 2.94406932 3.01089011 2.67349074 2.76576106
 2.81992638 2.88493156 2.95136858 2.98994195 3.02213491 3.12915486
 3.27349039 3.34751997 3.35316621 3.00652554 2.93684772 3.02553129
 3.10862937 3.18850467 3.1094186  2.90283918 2.77981962 2.55941014
 2.65815892 2.61819553 2.43031467 2.23520226 2.32577927 2.41195665
 2.21310705 2.12648487 2.23041926 2.31443106 2.41760591 2.4398728
 2.57080771 2.62360514 2.73451739 2.80758788 2.87648926 2.75303018
 2.89891546 2.91736909 3.00015172 3.01488557 2.38770349 2.37034711
 2.36752349 2.45122016 2.43696324 2.47876116 2.40479324 2.32476353
 2.3745299  2.40670199 2.31646114 2.27491239 2.11610193 2.14161753
 1.7407965  1.49017762 1.48617166 1.50991954 1.57201001 1.58626669
 0.86108413 0.91378083 0.98092068 1.02563547 1.0631625  1.08354886
 0.96325435 1.10167147 1.18936985 1.31027328 1.45385818 1.44321885
 1.55985196 1.6673757  1.75168732 1.87690987 1.94857721 1.94543887
 2.01579714 2.03395071 2.15939215 2.18931512 2.14708348 2.24445919
 2.14619416 2.2398302  2.36262224 2.48578035 2.37114934 2.38711083
 2.47709006 2.49167059 2.32493991 2.39250341 2.25272935 2.23005561
 2.34970764 2.46241914 1.82388627 1.89272586 1.92212596 2.05492122
 1.87028581 1.99739136 2.14948711 2.23247677 2.019315   2.02778934
 1.84477765 1.92818452 1.92149658 1.98496062 1.85626348 1.85342472
 1.67879001 1.6810743  1.51527198 1.52219935 1.41017741 1.32366716
 1.31260022 1.2356263  1.28104537 1.26987833 1.35473881 1.44783619
 1.416495   1.39005629 1.35016769 1.45628817 1.58601959 1.69132582
 1.82613203 1.97953536 1.87798112 1.85869125 1.81678764 1.93251354
 1.5297105  1.57769474 1.63298936 1.51556592 1.49345222 1.44702552
 1.49443299 1.51206532 1.53442216 1.45900864 1.37423273 1.33856789
 1.34242691 1.27144787 1.0783121  1.01814131 0.76229294 0.66928877
 0.53873907 0.31962991]
Mus:
[[-1.74780302e-02 -5.95770590e-03]
 [-1.78197790e-02 -6.23171125e-03]
 [-1.86250657e-02 -7.20347790e-03]
 [-1.78851988e-02 -6.50127558e-03]
 [-1.80804133e-02 -7.02419691e-03]
 [-1.72506534e-02 -6.40799478e-03]
 [-1.56376138e-02 -5.42440452e-03]
 [-1.57573186e-02 -5.43939183e-03]
 [-1.63518768e-02 -5.46715129e-03]
 [-1.64522491e-02 -5.38429711e-03]
 [-1.73736885e-02 -5.06011676e-03]
 [-1.82457492e-02 -5.46436803e-03]
 [-1.88941397e-02 -6.05527265e-03]
 [-1.93090588e-02 -6.29701559e-03]
 [-1.95433553e-02 -6.31826324e-03]
 [-1.97271276e-02 -6.85295649e-03]
 [-1.94266904e-02 -6.62869774e-03]
 [-1.92318968e-02 -6.41573500e-03]
 [-1.98513474e-02 -6.39859773e-03]
 [-1.98960397e-02 -6.86191907e-03]
 [-2.03298740e-02 -6.76663034e-03]
 [-2.10003406e-02 -7.11577432e-03]
 [-2.06440166e-02 -6.50828937e-03]
 [-2.06842758e-02 -6.28467323e-03]
 [-2.10962594e-02 -7.14195333e-03]
 [-2.05895230e-02 -6.22466672e-03]
 [-2.04545874e-02 -6.52624853e-03]
 [-2.16794517e-02 -6.74857711e-03]
 [-2.13000085e-02 -6.61120517e-03]
 [-2.04988252e-02 -6.52102334e-03]
 [-2.01960728e-02 -6.54929318e-03]
 [-1.82868820e-02 -5.24095958e-03]
 [-1.79483071e-02 -4.88169305e-03]
 [-1.73804928e-02 -4.61345306e-03]
 [-1.80542804e-02 -5.12379082e-03]
 [-1.88454557e-02 -5.56513527e-03]
 [-1.69639513e-02 -4.37349221e-03]
 [-1.75780859e-02 -4.71517351e-03]
 [-1.74608808e-02 -4.81934473e-03]
 [-1.81362350e-02 -5.30986162e-03]
 [-1.67094246e-02 -4.00593225e-03]
 [-1.53354369e-02 -3.48066865e-03]
 [-1.39726223e-02 -2.63881288e-03]
 [-1.43398279e-02 -2.95892125e-03]
 [-1.41552240e-02 -3.11988383e-03]
 [-1.24649256e-02 -2.09035096e-03]
 [-1.35895889e-02 -2.88465177e-03]
 [-1.30782835e-02 -2.50540487e-03]
 [-1.32506825e-02 -2.59445026e-03]
 [-1.37402536e-02 -2.89643812e-03]
 [-1.33400867e-02 -2.56108353e-03]
 [-1.13826999e-02 -1.06680254e-03]
 [-1.09649925e-02 -4.87715355e-04]
 [-1.06926840e-02 -4.05128027e-04]
 [-1.02284653e-02 -2.23458250e-04]
 [-1.00025479e-02 -3.07545502e-04]
 [-9.75324027e-03 -7.93021115e-07]
 [-1.04160327e-02  2.45073781e-04]
 [-9.98266879e-03  3.44526430e-04]
 [-1.00088064e-02  3.41078208e-04]
 [-8.65355972e-03  4.42227727e-04]
 [-9.15999245e-03  2.81918299e-04]
 [-9.17711109e-03 -2.57534412e-04]
 [-6.96338248e-03  1.10178247e-04]
 [-7.15525914e-03  3.82633843e-05]
 [-7.23143760e-03  7.11730609e-05]
 [-8.72912817e-03 -3.29297909e-04]
 [-7.31953979e-03 -1.83384851e-04]
 [-7.61194946e-03 -4.32160596e-04]
 [-6.41284883e-03  8.00243506e-05]
 [-5.62447542e-03  4.25695354e-04]
 [-4.64279717e-03  7.87569443e-04]
 [-5.61434496e-03  3.47894558e-04]
 [-7.09321629e-03 -4.72014246e-04]
 [-6.88545359e-03 -3.21278756e-04]
 [-9.15577728e-03 -1.45491585e-03]
 [-1.10524269e-02 -2.36242427e-03]
 [-9.12698358e-03 -1.60869805e-03]
 [-9.69649944e-03 -1.89422118e-03]
 [-1.16328290e-02 -2.62030214e-03]
 [-1.20039899e-02 -3.09286127e-03]
 [-1.58736426e-02 -4.93673701e-03]
 [-2.23999880e-02 -8.12977646e-03]
 [-2.12627295e-02 -7.99772516e-03]
 [-2.12727133e-02 -8.02583620e-03]
 [-2.10998487e-02 -8.19274690e-03]
 [-2.18876582e-02 -8.91212095e-03]
 [-2.16661859e-02 -8.93894210e-03]
 [-2.05975231e-02 -8.64118244e-03]
 [-1.97810531e-02 -8.08683969e-03]
 [-1.94503888e-02 -8.46916810e-03]
 [-1.94905009e-02 -9.11767408e-03]
 [-1.85727663e-02 -9.54914093e-03]
 [-1.86241772e-02 -1.04035139e-02]
 [-1.78907476e-02 -1.07132941e-02]
 [-1.59286726e-02 -1.03105111e-02]
 [-1.43811237e-02 -1.00680627e-02]
 [-1.27217043e-02 -9.29441862e-03]
 [-1.30128972e-02 -9.90144257e-03]
 [-1.29403826e-02 -9.96535551e-03]
 [-1.11332154e-02 -9.35091451e-03]
 [-9.46403481e-03 -8.48474633e-03]
 [-9.47888568e-03 -9.12726019e-03]
 [-7.62321753e-03 -8.36025923e-03]
 [-6.88132551e-03 -8.03412683e-03]
 [-7.06974510e-03 -7.82000367e-03]
 [-4.41910047e-03 -5.96384751e-03]
 [-5.33523317e-03 -6.42812718e-03]
 [ 7.27064835e-05 -2.82488670e-03]
 [ 5.63829159e-03  1.08201231e-03]
 [ 5.60269691e-03  1.97859830e-03]
 [ 5.74061694e-03  2.85639125e-03]
 [ 5.51312044e-03  3.31801968e-03]
 [ 2.85973470e-03  2.24316888e-03]
 [ 4.43883619e-04  1.29425456e-03]
 [-2.93304143e-03 -1.86101868e-04]
 [-6.02055760e-03 -1.49816717e-03]
 [-7.74901686e-03 -1.91884674e-03]
 [-1.23746796e-02 -3.84546677e-03]
 [-1.92554202e-02 -6.95738802e-03]
 [-1.96540244e-02 -6.53075380e-03]
 [-1.90510079e-02 -5.93447033e-03]
 [-2.15869881e-02 -6.96778763e-03]
 [-2.54635457e-02 -8.57542921e-03]
 [-2.22206097e-02 -7.08647957e-03]
 [-2.02388242e-02 -6.35873945e-03]
 [-2.60807332e-02 -9.14400164e-03]
 [-2.64742300e-02 -9.71699227e-03]
 [-2.56233755e-02 -9.72965732e-03]
 [-2.13523675e-02 -8.30267463e-03]
 [-1.84894409e-02 -7.68181821e-03]
 [-1.47037022e-02 -6.65898435e-03]
 [-1.08436123e-02 -5.50838234e-03]
 [-9.44755878e-03 -5.64870704e-03]
 [-2.05544726e-04 -1.73514104e-03]
 [ 2.02793232e-03 -1.33781706e-03]
 [ 1.00375973e-02  2.48188246e-03]
 [ 9.59740765e-03  1.83571421e-03]
 [ 9.78806149e-03  1.88933010e-03]
 [ 8.94339755e-03  1.58244849e-03]
 [ 1.35491118e-02  4.63791331e-03]
 [ 1.33020952e-02  4.76930058e-03]
 [ 1.15753552e-02  4.47446946e-03]
 [ 9.24620125e-03  4.23958525e-03]
 [ 8.86735041e-03  5.15957270e-03]
 [ 5.59505029e-03  4.26023966e-03]
 [ 2.14605429e-03  3.16778990e-03]
 [ 1.61110645e-03  3.39524355e-03]
 [-1.71034143e-03  2.13073823e-03]
 [-7.08416291e-03 -2.59974709e-04]
 [-1.64426621e-02 -4.52962285e-03]
 [-2.07693595e-02 -6.44561695e-03]
 [-1.86537970e-02 -5.71722444e-03]
 [-1.90768577e-02 -6.51089847e-03]
 [-1.82680003e-02 -6.82109175e-03]
 [-1.46028697e-02 -5.83254080e-03]
 [-1.47308987e-02 -7.06834439e-03]
 [-1.04655800e-02 -6.13426557e-03]
 [-4.53268597e-03 -4.00420092e-03]
 [-7.44325807e-04 -2.86782207e-03]
 [ 2.36813561e-03 -1.96591904e-03]
 [ 5.52924443e-03 -9.77514777e-04]
 [ 8.98280926e-03  4.29714040e-04]
 [ 7.45837251e-03 -6.46827160e-04]
 [ 8.52335151e-03  1.73076507e-04]
 [ 8.32774490e-03  1.92645923e-04]
 [ 9.12153348e-03  1.10256195e-03]
 [ 9.18240380e-03  1.79424963e-03]
 [ 7.04756146e-03  1.02743565e-03]
 [ 6.19001314e-03  1.83299370e-03]
 [ 3.58097511e-03  1.70646794e-03]
 [ 7.43938377e-04  9.91187757e-04]
 [-9.99308657e-04  9.09933413e-04]
 [-4.35809931e-03 -3.31947987e-04]
 [-6.97331782e-03 -1.22317905e-03]
 [-9.57402308e-03 -2.23008543e-03]
 [-1.01386663e-02 -1.97174493e-03]
 [-1.23626441e-02 -3.09518003e-03]
 [-1.16788205e-02 -2.38402258e-03]
 [-1.28409211e-02 -2.68091378e-03]
 [-1.95204038e-02 -5.10871224e-03]
 [-1.85457841e-02 -4.45841253e-03]
 [-2.09884923e-02 -5.81782684e-03]
 [-2.01226510e-02 -4.93301731e-03]
 [-2.22498719e-02 -5.74946497e-03]
 [-1.93934552e-02 -4.58860118e-03]
 [-1.92548987e-02 -4.68011154e-03]
 [-1.81399174e-02 -4.47296165e-03]
 [-1.66892521e-02 -3.93484253e-03]
 [-1.68802273e-02 -4.72150976e-03]
 [-1.75839234e-02 -5.08714654e-03]
 [-1.85798053e-02 -5.87561307e-03]
 [-1.71811972e-02 -5.56387147e-03]
 [-1.66069511e-02 -5.32413088e-03]
 [-1.45810936e-02 -4.08006599e-03]
 [-1.41087882e-02 -4.02424764e-03]
 [-1.30791320e-02 -4.41172766e-03]
 [-1.08465990e-02 -3.56587139e-03]
 [-1.02145951e-02 -3.50434869e-03]
 [-1.17916930e-02 -4.76312218e-03]]
Actions:
[[-0.05256609  0.09383149]
 [-0.41618904  0.13997045]
 [ 0.35125793  0.0298893 ]
 [-0.33567792  0.02714508]
 [ 0.15860715 -0.11675384]
 [-0.00796276 -0.43802557]
 [ 0.03060753 -0.08176317]
 [ 0.25132394  0.0574369 ]
 [-0.06083703 -0.26905338]
 [ 0.42467125 -0.23533693]
 [ 0.22296133  0.36798992]
 [-0.15317493  0.11124125]
 [ 0.14478178  0.3011636 ]
 [ 0.02171078  0.04569943]
 [-0.34624518  0.0983575 ]
 [-0.05269221 -0.14310431]
 [-0.10261737 -0.31717479]
 [ 0.24466729  0.0499134 ]
 [-0.32496319  0.01566666]
 [ 0.18348867 -0.06705336]
 [ 0.21298798  0.4376789 ]
 [ 0.10641722 -0.31801078]
 [ 0.12343735 -0.06026181]
 [-0.36146181  0.32947513]
 [ 0.31737003 -0.3364554 ]
 [-0.33791595 -0.13628791]
 [ 0.48790974  0.58194373]
 [ 0.03831347  0.20425097]
 [-0.24897769  0.03830184]
 [-0.22445154 -0.03019932]
 [ 0.19497128 -0.34623284]
 [ 0.09682722 -0.06138194]
 [-0.13677022 -0.27449319]
 [-0.0534793   0.32206517]
 [ 0.02400368  0.31279726]
 [ 0.1325598  -0.32045285]
 [ 0.01166444  0.26151323]
 [-0.17720486  0.05672577]
 [-0.10341492  0.25277649]
 [ 0.5704451  -0.0470248 ]
 [-0.18810204 -0.08159038]
 [ 0.10597079 -0.12879505]
 [-0.07227336  0.24614338]
 [-0.31270199  0.04069509]
 [ 0.08263637 -0.25179435]
 [-0.38062343  0.07609661]
 [ 0.06453642 -0.09245194]
 [-0.08532307 -0.03018606]
 [-0.2845193  -0.19108386]
 [ 0.28124407  0.09353381]
 [ 0.52381749 -0.29749198]
 [ 0.28939689 -0.18035817]
 [-0.1220942  -0.16757131]
 [ 0.10935729  0.09922683]
 [-0.24755954 -0.15505143]
 [ 0.35361536  0.13547834]
 [ 0.35673543 -0.33904522]
 [-0.20986623 -0.45426512]
 [ 0.41433111  0.29931121]
 [-0.25631409  0.03288433]
 [ 0.2783127   0.24941644]
 [-0.25675075  0.55638331]
 [-0.56234924 -0.217574  ]
 [ 0.07442811  0.10797369]
 [ 0.13606027  0.09159505]
 [ 0.35618183  0.3876762 ]
 [-0.4995105  -0.08836003]
 [-0.15450789  0.08560035]
 [-0.02840686 -0.15625883]
 [ 0.02030832 -0.07055015]
 [-0.13786022 -0.28656607]
 [-0.02872977  0.14737723]
 [-0.36058381 -0.02643823]
 [ 0.03289114 -0.08069132]
 [-0.25373453  0.26552533]
 [-0.35466109 -0.01027631]
 [-0.21117298 -0.48279275]
 [-0.04365511 -0.04671682]
 [ 0.18110295  0.27563423]
 [-0.30327449 -0.12671514]
 [-0.17579125  0.38901813]
 [-0.01022312  0.8620728 ]
 [-0.38002044 -0.13922579]
 [ 0.17899484  0.17471306]
 [-0.08024151  0.10381893]
 [ 0.01149936  0.31600469]
 [-0.22863313 -0.14586802]
 [-0.33051433 -0.3096215 ]
 [ 0.28614302 -0.06030886]
 [-0.15607738  0.08652071]
 [-0.08623048  0.17058703]
 [-0.43203888  0.07371456]
 [-0.03620229  0.29735445]
 [ 0.13462192  0.39049712]
 [-0.01375536  0.08685142]
 [-0.20590828  0.63852509]
 [ 0.44902272  0.11229568]
 [-0.24038105  0.02833824]
 [ 0.01280947 -0.10406844]
 [-0.00785655  0.1461673 ]
 [ 0.23201434  0.05105829]
 [-0.43708035 -0.78265783]
 [-0.16876481 -0.08073833]
 [-0.20273639  0.07500841]
 [-0.29048973  0.03284019]
 [-0.07523514 -0.29339761]
 [ 0.12948305  0.30101445]
 [-0.20807383  0.54371777]
 [ 0.08343571  0.14897567]
 [ 0.01427871 -0.23417853]
 [ 0.0086057  -0.18885107]
 [-0.14428545 -0.10421092]
 [ 0.30169751  0.23256159]
 [ 0.02509785  0.20920321]
 [-0.10274527  0.24877309]
 [-0.1930797   0.26500736]
 [-0.30270225 -0.04345787]
 [-0.28292369  0.22239589]
 [ 0.10896937  0.38034464]
 [ 0.33406993 -0.00907875]
 [-0.21526794  0.34325152]
 [-0.14071306  0.14180734]
 [ 0.02584534  0.33475014]
 [ 0.02760255 -0.47295308]
 [ 0.02319801 -0.23207318]
 [-0.25815046  0.3749833 ]
 [ 0.12103413  0.07736701]
 [ 0.07498023 -0.00159781]
 [-0.08805627 -0.16641965]
 [-0.52412951 -0.02383346]
 [-0.33631532 -0.07887075]
 [ 0.12673272 -0.1069715 ]
 [ 0.20020869  0.22385731]
 [-0.35807927 -0.44486619]
 [ 0.01623468  0.24749504]
 [ 0.12594024 -0.49070756]
 [ 0.11332583  0.34077716]
 [-0.08872748  0.08613637]
 [-0.17507824  0.16601247]
 [-0.71494782 -0.50808035]
 [-0.14646449  0.15006741]
 [-0.26689511  0.16097124]
 [-0.1051906   0.04144052]
 [ 0.45062687 -0.28185165]
 [ 0.02037967  0.10170671]
 [-0.08689857  0.09176877]
 [-0.29948381 -0.11576264]
 [-0.60915964  0.10317415]
 [ 0.17773041  0.21312951]
 [-0.06790715  0.52771287]
 [-0.10953474  0.04332571]
 [-0.08597642 -0.30520064]
 [-0.13024388  0.04669763]
 [ 0.38572273  0.03129429]
 [ 0.08365904 -0.17041572]
 [-0.26640408  0.33940798]
 [ 0.10752502 -0.0158401 ]
 [ 0.3559662  -0.19522828]
 [-0.09509343  0.02427584]
 [-0.36045979  0.0732671 ]
 [-0.31925386  0.05921629]
 [ 0.13015723 -0.1101645 ]
 [ 0.0098446   0.33166437]
 [-0.10439703 -0.04923377]
 [ 0.1564893   0.23836337]
 [ 0.10030712 -0.04531801]
 [ 0.03878721 -0.06057087]
 [-0.30981334  0.28613723]
 [ 0.14127743 -0.33296035]
 [ 0.30910527 -0.19212213]
 [ 0.15124263  0.02314949]
 [ 0.04589771 -0.12769455]
 [-0.24646255  0.09382194]
 [-0.21873071  0.05826106]
 [ 0.02500823  0.13366194]
 [ 0.44409227 -0.12324317]
 [-0.44839245 -0.00442166]
 [ 0.2731273  -0.27352043]
 [ 0.02370207 -0.0763969 ]
 [ 0.47687347  0.41180733]
 [ 0.06032637 -0.19982282]
 [-0.17458318  0.12048675]
 [ 0.35061146 -0.18144452]
 [ 0.19082779  0.13075719]
 [-0.18937861 -0.33925962]
 [-0.0830497  -0.0619881 ]
 [-0.1822446  -0.13098566]
 [-0.02488308 -0.15078131]
 [-0.31958206  0.12815141]
 [ 0.23352834  0.09574025]
 [-0.01120308  0.17370002]
 [-0.12874    -0.07867129]
 [ 0.20230406  0.00990391]
 [ 0.29369962 -0.24276885]
 [ 0.0787729   0.07772508]
 [-0.4722573   0.10877676]
 [ 0.11664415 -0.04709154]
 [ 0.13578606  0.12168769]
 [-0.03425064  0.34360211]
 [ 0.23593455  0.38598323]]
States:
[[0.99855101 0.99991899 0.54823429 0.49133853 0.5133162  0.59747052]
 [0.99862876 0.99995076 0.54718404 0.49324688 0.49982478 0.62205946]
 [0.9992872  0.99999993 0.53669774 0.49975292 0.39334361 0.65828957]
 ...
 [0.97625931 0.26681904 0.35480568 0.9667898  0.25808635 0.52164494]
 [0.96393597 0.27580041 0.32002315 0.96989917 0.29797812 0.55502229]
 [0.95034805 0.27527359 0.2887284  0.96972142 0.29344097 0.64589851]]
Logstds:
[[-3. -3.]
 [-3. -3.]
 [-3. -3.]
 [-3. -3.]
 [-3. -3.]
 [-3. -3.]
 [-3. -3.]
 [-3. -3.]
 [-3. -3.]
 [-3. -3.]
 [-3. -3.]
 [-3. -3.]
 [-3. -3.]
 [-3. -3.]
 [-3. -3.]
 [-3. -3.]
 [-3. -3.]
 [-3. -3.]
 [-3. -3.]
 [-3. -3.]
 [-3. -3.]
 [-3. -3.]
 [-3. -3.]
 [-3. -3.]
 [-3. -3.]
 [-3. -3.]
 [-3. -3.]
 [-3. -3.]
 [-3. -3.]
 [-3. -3.]
 [-3. -3.]
 [-3. -3.]
 [-3. -3.]
 [-3. -3.]
 [-3. -3.]
 [-3. -3.]
 [-3. -3.]
 [-3. -3.]
 [-3. -3.]
 [-3. -3.]
 [-3. -3.]
 [-3. -3.]
 [-3. -3.]
 [-3. -3.]
 [-3. -3.]
 [-3. -3.]
 [-3. -3.]
 [-3. -3.]
 [-3. -3.]
 [-3. -3.]
 [-3. -3.]
 [-3. -3.]
 [-3. -3.]
 [-3. -3.]
 [-3. -3.]
 [-3. -3.]
 [-3. -3.]
 [-3. -3.]
 [-3. -3.]
 [-3. -3.]
 [-3. -3.]
 [-3. -3.]
 [-3. -3.]
 [-3. -3.]
 [-3. -3.]
 [-3. -3.]
 [-3. -3.]
 [-3. -3.]
 [-3. -3.]
 [-3. -3.]
 [-3. -3.]
 [-3. -3.]
 [-3. -3.]
 [-3. -3.]
 [-3. -3.]
 [-3. -3.]
 [-3. -3.]
 [-3. -3.]
 [-3. -3.]
 [-3. -3.]
 [-3. -3.]
 [-3. -3.]
 [-3. -3.]
 [-3. -3.]
 [-3. -3.]
 [-3. -3.]
 [-3. -3.]
 [-3. -3.]
 [-3. -3.]
 [-3. -3.]
 [-3. -3.]
 [-3. -3.]
 [-3. -3.]
 [-3. -3.]
 [-3. -3.]
 [-3. -3.]
 [-3. -3.]
 [-3. -3.]
 [-3. -3.]
 [-3. -3.]
 [-3. -3.]
 [-3. -3.]
 [-3. -3.]
 [-3. -3.]
 [-3. -3.]
 [-3. -3.]
 [-3. -3.]
 [-3. -3.]
 [-3. -3.]
 [-3. -3.]
 [-3. -3.]
 [-3. -3.]
 [-3. -3.]
 [-3. -3.]
 [-3. -3.]
 [-3. -3.]
 [-3. -3.]
 [-3. -3.]
 [-3. -3.]
 [-3. -3.]
 [-3. -3.]
 [-3. -3.]
 [-3. -3.]
 [-3. -3.]
 [-3. -3.]
 [-3. -3.]
 [-3. -3.]
 [-3. -3.]
 [-3. -3.]
 [-3. -3.]
 [-3. -3.]
 [-3. -3.]
 [-3. -3.]
 [-3. -3.]
 [-3. -3.]
 [-3. -3.]
 [-3. -3.]
 [-3. -3.]
 [-3. -3.]
 [-3. -3.]
 [-3. -3.]
 [-3. -3.]
 [-3. -3.]
 [-3. -3.]
 [-3. -3.]
 [-3. -3.]
 [-3. -3.]
 [-3. -3.]
 [-3. -3.]
 [-3. -3.]
 [-3. -3.]
 [-3. -3.]
 [-3. -3.]
 [-3. -3.]
 [-3. -3.]
 [-3. -3.]
 [-3. -3.]
 [-3. -3.]
 [-3. -3.]
 [-3. -3.]
 [-3. -3.]
 [-3. -3.]
 [-3. -3.]
 [-3. -3.]
 [-3. -3.]
 [-3. -3.]
 [-3. -3.]
 [-3. -3.]
 [-3. -3.]
 [-3. -3.]
 [-3. -3.]
 [-3. -3.]
 [-3. -3.]
 [-3. -3.]
 [-3. -3.]
 [-3. -3.]
 [-3. -3.]
 [-3. -3.]
 [-3. -3.]
 [-3. -3.]
 [-3. -3.]
 [-3. -3.]
 [-3. -3.]
 [-3. -3.]
 [-3. -3.]
 [-3. -3.]
 [-3. -3.]
 [-3. -3.]
 [-3. -3.]
 [-3. -3.]
 [-3. -3.]
 [-3. -3.]
 [-3. -3.]
 [-3. -3.]
 [-3. -3.]
 [-3. -3.]
 [-3. -3.]
 [-3. -3.]
 [-3. -3.]
 [-3. -3.]]
