Baseline:
[0.4885321  0.49021983 0.4956508  0.5006965  0.51036996 0.49952918
 0.48477972 0.49154916 0.49461532 0.48773116 0.48873082 0.49298358
 0.48153064 0.47313312 0.4689627  0.4461688  0.44006202 0.43834403
 0.41243106 0.42431673 0.42102653 0.4086704  0.4135562  0.39097387
 0.37028843 0.36405265 0.3606799  0.3467981  0.33641765 0.3338352
 0.32652637 0.333037   0.35206535 0.34330893 0.35125858 0.35833052
 0.36323154 0.3672801  0.38271317 0.38242337 0.38288647 0.3920622
 0.3839515  0.37345186 0.3725129  0.3687307  0.37678102 0.37240317
 0.36831063 0.38307118 0.39434978 0.39699838 0.38855582 0.38653517
 0.3863545  0.39390743 0.41521594 0.3959304  0.4197786  0.42934895
 0.45092422 0.4577671  0.45117062 0.45690838 0.45825502 0.47918275
 0.4941952  0.48860803 0.48328003 0.49266395 0.49743035 0.48403174
 0.50162864 0.50084    0.50293815 0.49495348 0.49324945 0.51796055
 0.5298027  0.5202386  0.5381942  0.5294093  0.53896517 0.51847476
 0.5140064  0.51335764 0.5155001  0.51566195 0.52554685 0.5329371
 0.5319814  0.5376114  0.52346134 0.5245131  0.5397575  0.5407244
 0.5370432  0.54166305 0.5335562  0.53025365 0.52374524 0.51347756
 0.49642703 0.47054315 0.44157162 0.41321728 0.4027538  0.38811162
 0.3792311  0.3614692  0.34620532 0.32886347 0.3289145  0.32068923
 0.30586752 0.29627147 0.31443435 0.27995065 0.25461605 0.26274154
 0.2600834  0.27849007 0.27087042 0.26945478 0.27099147 0.2582507
 0.24552886 0.24468204 0.2435046  0.24706577 0.22978435 0.20524855
 0.20127895 0.19214346 0.18603928 0.20023884 0.20045185 0.20554598
 0.19646995 0.20134018 0.21250631 0.20931761 0.20925143 0.21146463
 0.20921792 0.21657772 0.1902697  0.18494494 0.16022693 0.14857595
 0.1578287  0.16284621 0.16922313 0.17581376 0.1762761  0.18084313
 0.17317204 0.17613448 0.17276366 0.20205367 0.21904069 0.22015299
 0.21234545 0.21266139 0.21375875 0.21169464 0.21271785 0.20292999
 0.2138479  0.21799837 0.23345996 0.23616937 0.24677128 0.24055211
 0.21880567 0.2223837  0.22647466 0.2335978  0.23713896 0.22091912
 0.2353291  0.22677624 0.22616215 0.2267129  0.21686552 0.20831628
 0.18301131 0.18647523 0.17731692 0.19123527 0.1718819  0.17792746
 0.20559289 0.22044645 0.22451533 0.23379958 0.24352466 0.2550388
 0.227944   0.23062924 0.23062924]
Returns:
[ 0.38589096  0.35984205  0.40439122  0.48010147  0.52741804  0.55869543
  0.44876891  0.45339622  0.51406868  0.53491618  0.61899306  0.62829744
  0.7170315   0.81444166  0.92706778  0.86268465  0.8740445   0.89605309
  0.64526735  0.58814537  0.51038826  0.57510621  0.61175924  0.49310464
  0.4029675   0.45880015  0.00985529  0.01408225  0.06955466  0.14592589
 -0.20813326 -0.12407433 -0.43385542 -0.47607496 -0.41213133 -0.34206442
 -0.27881169 -0.21926428 -0.24681145 -0.24158901 -0.18883115 -0.19195786
 -0.136079   -0.12753862 -0.05062015 -0.04158013  0.02241524  0.10057376
  0.10487146  0.14416933  0.21719569  0.33470336  0.42024911  0.52728942
  0.62322714  0.76076277  0.7943912   0.55093669  0.42106967  0.44061852
  0.33817079  0.44487353  0.51012386  0.62509789  0.72470736  0.61551025
  0.67475271  0.78462858  0.8722168   0.86577316  0.96936121  0.92793674
  0.91737973  0.99885481  1.04962179  1.03404367  1.13849734  0.91692747
  0.90655565  0.94955249  0.55539704  0.38959058  0.41363869  0.18745897
  0.11567537 -0.04768992 -0.19861247 -0.24666775 -0.28458828 -0.31495741
 -0.29494176 -0.25281829 -0.33599314 -0.31530791 -0.29490784 -0.21832796
 -0.51974292 -0.71731625 -0.63017216 -0.6473483  -0.59237293 -0.59730661
 -0.54241544 -0.57911508 -0.48380386 -0.76596573 -0.70454349 -0.60781851
 -0.59012048 -0.5137429  -0.40858385 -0.3003597  -0.38276964 -0.31492214
 -0.22842343 -0.10655053 -0.27575075 -0.40346157 -0.64429207 -0.69194381
 -0.59607147 -0.59229434 -0.56921128 -0.49470297 -0.39699181 -0.64337639
 -0.70679998 -0.60930001 -0.51982377 -0.64583763 -0.62315009 -0.79211496
 -0.70077406 -0.6136197  -0.62339419 -0.73675557 -0.72275506 -0.62687433
 -0.56349541 -0.6788806  -0.66236399 -0.62208714 -0.55492026 -0.47408381
 -0.36651168 -0.29809592 -0.55145789 -0.584451   -0.64761203 -0.92109598
 -0.92616008 -0.88114692 -0.81225303 -0.80994962 -0.77811748 -0.79199222
 -0.74285912 -0.65567505 -0.72855294 -0.90310699 -0.87511998 -0.87642978
 -1.00414845 -0.92072371 -0.83709757 -0.82199328 -0.74891114 -0.77508074
 -0.80006486 -0.73593365 -0.68718696 -0.6324856  -0.61532529 -0.55011807
 -0.64037666 -0.58474638 -0.4849335  -0.5688028  -0.50053957 -0.5600886
 -0.53981631 -0.61590106 -0.51575668 -0.40970283 -0.31901371 -0.21948833
 -0.2386262  -0.16347209 -0.04617845 -0.26364075 -0.33165924 -0.33284175
 -0.25651504 -0.20424644 -0.2410506  -0.23554941 -0.18738294 -0.09242635
 -0.13759907 -0.01014787]
Advants:
[-0.10952292 -0.14187808 -0.10656203 -0.03783796 -0.00113648  0.04126246
 -0.05655344 -0.06162553 -0.00541712  0.02165519  0.10658632  0.11380602
  0.21944439  0.3344402   0.46481985  0.43668455  0.46929147  0.51018185
  0.29698027  0.23850374  0.17316195  0.26252224  0.3086048   0.22509604
  0.16713009  0.24358236 -0.20016114 -0.17950795 -0.10885724 -0.02225513
 -0.37142973 -0.29411379 -0.63334473 -0.67915206 -0.63482212 -0.58253653
 -0.53400177 -0.48743971 -0.54144735 -0.54773141 -0.50662048 -0.53143994
 -0.47905464 -0.47201857 -0.4047797  -0.40308399 -0.35748306 -0.28361934
 -0.28438106 -0.26901643 -0.21531305 -0.10563127 -0.01435444  0.0951371
  0.19469543  0.33243122  0.35354574  0.13198744 -0.02364873 -0.01544623
 -0.14523228 -0.04853797  0.0220957   0.13339392  0.23693342  0.10851025
  0.15595486  0.27847732  0.38192807  0.37704296  0.49079552  0.47810577
  0.46572358  0.56764683  0.63915515  0.65611196  0.79219453  0.57077073
  0.57484446  0.65755803  0.2654225   0.12522179  0.15841602 -0.03333961
 -0.0876161  -0.24121571 -0.38912112 -0.43323037 -0.47805644 -0.51375053
 -0.48988935 -0.44913122 -0.5156628  -0.49271656 -0.48380635 -0.40178049
 -0.70176336 -0.91265063 -0.82388851 -0.84523273 -0.78995446 -0.79118964
 -0.72415171 -0.74062345 -0.61863478 -0.88278151 -0.81989249 -0.71484409
 -0.69430057 -0.60379868 -0.4835988  -0.35439137 -0.43545103 -0.35550484
 -0.24684738 -0.10335033 -0.28345543 -0.37168958 -0.58843198 -0.64728697
 -0.54904911 -0.56444863 -0.53363195 -0.45523615 -0.35340482 -0.58813594
 -0.64158574 -0.54317942 -0.44965742 -0.58012729 -0.53989321 -0.68850145
 -0.59477841 -0.49723319 -0.49965474 -0.62980571 -0.61840246 -0.52739538
 -0.45246029 -0.57374353 -0.56934294 -0.52556391 -0.45591132 -0.37223074
 -0.25352732 -0.1809416  -0.40250587 -0.42507264 -0.45916844 -0.72438177
 -0.74280975 -0.70603846 -0.645087   -0.65120571 -0.6208532  -0.64096928
 -0.58422521 -0.49746404 -0.56636492 -0.7758556  -0.77064305 -0.77942052
 -0.90993701 -0.83576662 -0.76038528 -0.75044218 -0.68399543 -0.70697411
 -0.7511454  -0.6982833  -0.67169381 -0.62535985 -0.6247386  -0.55754608
 -0.63277169 -0.58639493 -0.49387152 -0.59114916 -0.53124597 -0.58114461
 -0.5822301  -0.65939024 -0.565964   -0.46515476 -0.36660261 -0.25733885
 -0.24969058 -0.17417584 -0.03966263 -0.26945143 -0.31789419 -0.32510449
 -0.27491895 -0.23469264 -0.27377903 -0.27574025 -0.23413291 -0.14467414
 -0.15678232 -0.02167933]
Mus:
[[-0.02597566 -0.01074978]
 [-0.02592877 -0.01145284]
 [-0.02596927 -0.01187141]
 [-0.02542636 -0.01175874]
 [-0.02423431 -0.01118637]
 [-0.02503645 -0.01177987]
 [-0.02393477 -0.01068744]
 [-0.02268115 -0.00995655]
 [-0.02291852 -0.01041724]
 [-0.02371504 -0.01120382]
 [-0.02303395 -0.01121911]
 [-0.02301066 -0.01184161]
 [-0.02219973 -0.01158695]
 [-0.02172124 -0.01174363]
 [-0.02093751 -0.01165618]
 [-0.01994851 -0.01145085]
 [-0.0170067  -0.00998738]
 [-0.01574251 -0.00953249]
 [-0.01169124 -0.00685376]
 [-0.0120597  -0.00748384]
 [-0.00981798 -0.00576943]
 [-0.01072421 -0.00636912]
 [-0.0102879  -0.00625624]
 [-0.0092692  -0.00510618]
 [-0.0078449  -0.00461945]
 [-0.00698413 -0.0047035 ]
 [-0.008385   -0.00672432]
 [-0.00507175 -0.00564759]
 [-0.00089411 -0.00375252]
 [ 0.00163755 -0.00250478]
 [ 0.00507005  0.00042148]
 [ 0.00595995  0.0006528 ]
 [ 0.00721167  0.00168949]
 [ 0.00834193  0.00240398]
 [ 0.00891989  0.00248067]
 [ 0.0097024   0.00273205]
 [ 0.01082226  0.00344616]
 [ 0.01115146  0.00324633]
 [ 0.01098645  0.002606  ]
 [ 0.01223461  0.00377942]
 [ 0.01216653  0.00335823]
 [ 0.01309893  0.00413956]
 [ 0.01273703  0.00399566]
 [ 0.0133113   0.00475565]
 [ 0.01371778  0.00498492]
 [ 0.01431466  0.00491164]
 [ 0.01474717  0.00466355]
 [ 0.01605168  0.00525439]
 [ 0.01774128  0.00679339]
 [ 0.01800905  0.00642611]
 [ 0.01766809  0.00602729]
 [ 0.01803897  0.00634341]
 [ 0.01894226  0.00687408]
 [ 0.01917813  0.00666288]
 [ 0.01999632  0.00761781]
 [ 0.02011094  0.00762248]
 [ 0.0202443   0.00746449]
 [ 0.01942988  0.00825611]
 [ 0.01822266  0.0086807 ]
 [ 0.01938753  0.0083345 ]
 [ 0.01804247  0.00858167]
 [ 0.0174312   0.0081251 ]
 [ 0.01669065  0.00736415]
 [ 0.01608704  0.00675339]
 [ 0.01554922  0.00598259]
 [ 0.01496253  0.0064433 ]
 [ 0.01469906  0.00612857]
 [ 0.01377336  0.00535612]
 [ 0.01231085  0.00489135]
 [ 0.01112891  0.005044  ]
 [ 0.00955447  0.004315  ]
 [ 0.00763473  0.00260878]
 [ 0.00750726  0.00279717]
 [ 0.0060708   0.00157701]
 [ 0.00521987  0.00161941]
 [ 0.00287617  0.00113083]
 [ 0.0009692   0.00028735]
 [ 0.00075913  0.0005144 ]
 [-0.00096809 -0.00034203]
 [-0.00367357 -0.00167426]
 [-0.00444541 -0.0008161 ]
 [-0.00825403 -0.00148941]
 [-0.01124718 -0.00277471]
 [-0.01600028 -0.00394028]
 [-0.019627   -0.00473184]
 [-0.02326259 -0.00544244]
 [-0.02439561 -0.00678456]
 [-0.02616053 -0.00708287]
 [-0.02704539 -0.00722359]
 [-0.02721166 -0.00719971]
 [-0.02731446 -0.00715621]
 [-0.02714875 -0.00736395]
 [-0.02730646 -0.00809448]
 [-0.02698443 -0.00835637]
 [-0.02717283 -0.00815962]
 [-0.02672186 -0.00785479]
 [-0.02664479 -0.00732741]
 [-0.02547782 -0.00639656]
 [-0.02319301 -0.00569639]
 [-0.01961311 -0.00439256]
 [-0.01553462 -0.00295573]
 [-0.01127814 -0.00138543]
 [-0.00673284  0.00037086]
 [-0.00227197  0.00217045]
 [ 0.00209321  0.00390959]
 [ 0.00804816  0.00574758]
 [ 0.01150799  0.00686328]
 [ 0.01224955  0.00725033]
 [ 0.01310668  0.00744144]
 [ 0.01263793  0.00730041]
 [ 0.01267619  0.00709903]
 [ 0.01193467  0.00653199]
 [ 0.01252346  0.00572243]
 [ 0.0103694   0.00422036]
 [ 0.00694535  0.00254238]
 [ 0.00311948  0.00066524]
 [-0.0011578  -0.00190404]
 [-0.00584447 -0.00318722]
 [-0.01102178 -0.00475021]
 [-0.01471234 -0.00672486]
 [-0.01978291 -0.00850795]
 [-0.02402121 -0.01041424]
 [-0.02888074 -0.01158313]
 [-0.03259146 -0.01248711]
 [-0.03470294 -0.01288974]
 [-0.03784849 -0.01466891]
 [-0.03848749 -0.01418287]
 [-0.03808946 -0.01379882]
 [-0.03800259 -0.01382084]
 [-0.0354265  -0.01194657]
 [-0.0336506  -0.01128937]
 [-0.03285254 -0.01133303]
 [-0.03172502 -0.01099588]
 [-0.03004372 -0.01031338]
 [-0.02618495 -0.00828594]
 [-0.0262658  -0.00849806]
 [-0.02632218 -0.00894409]
 [-0.02540516 -0.00848361]
 [-0.02517788 -0.00856799]
 [-0.02717991 -0.01010505]
 [-0.02639215 -0.00946541]
 [-0.02755388 -0.0103925 ]
 [-0.02662456 -0.00973888]
 [-0.02769406 -0.01046814]
 [-0.02859167 -0.01102131]
 [-0.03094815 -0.01230941]
 [-0.0350901  -0.01485869]
 [-0.03453396 -0.01414741]
 [-0.03416067 -0.01371361]
 [-0.03077379 -0.01161152]
 [-0.02997709 -0.01095379]
 [-0.03067202 -0.01136067]
 [-0.03018936 -0.01107031]
 [-0.03168975 -0.01211879]
 [-0.0303856  -0.01121447]
 [-0.02800114 -0.00972293]
 [-0.0269619  -0.00916152]
 [-0.02600771 -0.008609  ]
 [-0.0237627  -0.00714894]
 [-0.02155661 -0.00590773]
 [-0.02244877 -0.00701832]
 [-0.02403821 -0.00833188]
 [-0.02673409 -0.01021001]
 [-0.02790887 -0.01079098]
 [-0.02922655 -0.01143416]
 [-0.02822878 -0.01067221]
 [-0.02792848 -0.01040413]
 [-0.02567438 -0.00896366]
 [-0.02389666 -0.00770416]
 [-0.02218747 -0.00669827]
 [-0.02071558 -0.00595001]
 [-0.01867539 -0.00478956]
 [-0.01803627 -0.00486195]
 [-0.01812855 -0.00515418]
 [-0.01975624 -0.00612319]
 [-0.02033993 -0.00667683]
 [-0.02000745 -0.00646053]
 [-0.02200306 -0.00803942]
 [-0.02433474 -0.00940297]
 [-0.02250729 -0.00806582]
 [-0.02419254 -0.00919405]
 [-0.02225617 -0.00775521]
 [-0.02171685 -0.00741369]
 [-0.02214446 -0.00778338]
 [-0.0226307  -0.00797778]
 [-0.02378314 -0.00865415]
 [-0.02557846 -0.00964552]
 [-0.02541467 -0.00923943]
 [-0.02619087 -0.00966936]
 [-0.02344991 -0.0076416 ]
 [-0.02286187 -0.00724319]
 [-0.02099109 -0.00598543]
 [-0.02352111 -0.00824647]
 [-0.02336525 -0.00812359]
 [-0.02242753 -0.00745271]
 [-0.02082776 -0.00645632]
 [-0.02076584 -0.00682224]
 [-0.0199955  -0.00658587]
 [-0.02156965 -0.00740265]
 [-0.02188171 -0.00768486]]
Actions:
[[-2.18401207e-01  3.21741743e-01]
 [-7.79718654e-02  2.47580459e-01]
 [ 2.44365762e-02  1.25548170e-01]
 [ 1.79279570e-01  9.06346015e-02]
 [-3.26005285e-01  5.14890939e-02]
 [ 3.42803635e-02 -4.04198924e-01]
 [ 2.17917779e-01 -1.44176922e-02]
 [-9.67758251e-02  2.08363707e-01]
 [-2.83203094e-01  1.62645590e-01]
 [-1.64333992e-02  1.45962975e-01]
 [-5.61453854e-02  3.32773629e-01]
 [-1.08209227e-01 -4.53768429e-02]
 [-1.47537859e-01  9.58558204e-02]
 [-4.90644664e-03  9.79512360e-02]
 [-4.12418150e-01 -1.89988136e-01]
 [ 2.38618142e-01 -1.30711147e-01]
 [ 2.39350244e-01  1.27763919e-01]
 [ 1.04394939e-01 -5.65014235e-01]
 [ 1.58677604e-01  3.57237901e-01]
 [ 3.28041132e-01 -2.01154323e-01]
 [-2.17806229e-01 -8.37989454e-03]
 [ 1.58310929e-01  1.62647843e-01]
 [-9.88504117e-02 -4.51618810e-01]
 [-3.80347159e-01 -2.15464039e-01]
 [-2.12700426e-01  3.44303379e-02]
 [-6.74175457e-01  3.25100147e-01]
 [-2.67221420e-01 -1.21412706e-01]
 [ 4.30116123e-02 -1.70641209e-01]
 [ 1.38623345e-01 -6.16704924e-02]
 [ 3.74947964e-01 -5.23104006e-01]
 [ 1.45315875e-02  6.84257987e-02]
 [ 6.09121805e-01  1.24361547e-01]
 [-2.24937251e-01 -2.41798598e-01]
 [ 1.20110827e-02  7.76440491e-02]
 [ 5.71196290e-02  6.41352697e-02]
 [ 1.40014773e-01 -2.37347948e-02]
 [-1.15286739e-01  7.68823890e-02]
 [ 3.84688563e-02  3.27701912e-01]
 [ 2.57930007e-01 -1.28921754e-01]
 [-1.68380251e-01  7.03800207e-02]
 [ 3.04025552e-01  5.40273873e-02]
 [-1.43596040e-01 -1.16211833e-01]
 [-3.90400742e-02 -2.68264611e-01]
 [-7.02817637e-02 -8.11312470e-02]
 [-2.78058723e-01 -5.73847117e-02]
 [-6.39911483e-02  1.75971783e-01]
 [-1.28983020e-01 -9.49716875e-02]
 [ 1.48648631e-01 -2.70922353e-01]
 [ 4.99811672e-02  2.74939301e-01]
 [ 8.83998312e-02  2.08156958e-01]
 [ 7.64819530e-02  2.13348669e-04]
 [-1.04037903e-01 -1.45565518e-01]
 [-1.66881605e-01  2.42202417e-02]
 [ 1.52070906e-01 -1.40509719e-01]
 [ 7.51007156e-02  7.75432961e-02]
 [ 2.46477763e-01  2.74430412e-01]
 [-7.28821891e-02 -5.71273835e-01]
 [ 4.68985536e-01 -1.72689072e-01]
 [-6.75583480e-02  3.35320432e-01]
 [ 4.37612886e-01 -1.37003730e-01]
 [ 4.19659304e-02  8.09896428e-02]
 [-2.25992065e-01  2.48492974e-04]
 [-3.72207273e-02  1.32989691e-01]
 [-1.42615400e-01  1.21986774e-01]
 [ 4.67643108e-01  3.72517865e-02]
 [ 1.46294029e-01  2.02677692e-01]
 [-1.36546622e-01  6.79886267e-03]
 [-2.31558342e-02 -1.45024960e-01]
 [ 2.95431129e-01 -9.39955046e-02]
 [ 5.36790486e-02  2.14136568e-02]
 [-4.18375715e-01  4.16485735e-02]
 [ 3.11455120e-01  1.27553590e-01]
 [-1.53033873e-01  1.67908550e-01]
 [ 1.61202536e-01 -8.63309761e-02]
 [-1.50660189e-02 -3.18176791e-01]
 [-6.63982854e-02 -5.47178584e-02]
 [ 4.92343032e-01  2.18604387e-01]
 [ 2.13984890e-01  2.64580120e-01]
 [-2.29446172e-01 -8.93597451e-02]
 [ 5.96292410e-01 -1.96733417e-01]
 [ 2.11765635e-01 -3.54557817e-01]
 [ 1.17262453e-01  1.09316718e-01]
 [-2.51806540e-01 -4.64751369e-01]
 [ 6.91121913e-02 -2.87835081e-01]
 [ 2.00672771e-01 -3.24218285e-01]
 [-3.19008573e-01  3.78013471e-01]
 [ 1.78132623e-01 -1.30654478e-01]
 [ 1.82366532e-01 -3.47795030e-02]
 [ 1.94144127e-01 -2.62726201e-02]
 [-1.28250057e-01 -1.52872644e-01]
 [-1.09227405e-02  1.44488641e-01]
 [-4.54741024e-01  6.26124132e-02]
 [-8.51429989e-02  2.71703086e-01]
 [ 2.34563164e-01  8.90224366e-02]
 [ 3.23007090e-02 -1.42576654e-01]
 [ 1.73654240e-01 -5.59958976e-01]
 [ 3.97579295e-01 -2.64272685e-01]
 [-1.68121056e-02 -5.53470796e-02]
 [ 3.04874559e-01  1.96317923e-05]
 [ 1.73091435e-01  8.20371323e-02]
 [ 2.97132488e-01 -7.49413413e-02]
 [ 5.61110803e-02 -2.07716359e-01]
 [ 3.13347710e-01 -1.89048015e-01]
 [-1.24585134e-01  5.66698228e-02]
 [-3.82059777e-01  4.93519663e-01]
 [-2.08939143e-02  2.22042050e-01]
 [ 1.64814327e-02 -1.10055434e-01]
 [ 2.91033160e-01  1.75078277e-01]
 [-1.76154437e-01 -2.95517389e-02]
 [ 1.32829814e-01  5.69134043e-02]
 [-1.07171460e-01  2.74257346e-02]
 [ 2.81552691e-02  4.64119491e-01]
 [ 1.55786085e-01  1.87301826e-01]
 [ 1.95304351e-01  8.30290016e-03]
 [-3.79986832e-02  6.57607428e-02]
 [-1.67531023e-01  5.08174489e-01]
 [-4.92636243e-02 -4.84607840e-01]
 [ 4.72547136e-01 -3.20089711e-01]
 [ 7.11743704e-02  3.61418257e-01]
 [-9.39548458e-03 -1.96428988e-02]
 [-1.00868226e-01  2.91314479e-01]
 [ 1.38267332e-01 -2.25244742e-01]
 [-1.68136133e-01 -1.18861383e-01]
 [ 1.97665495e-02 -7.81415565e-02]
 [-6.16565113e-01  1.32223566e-01]
 [ 3.10578162e-02 -3.95729073e-01]
 [-2.41464564e-02 -4.42170521e-02]
 [-1.49206872e-01  6.09716001e-02]
 [ 3.30626813e-01 -2.95380967e-01]
 [-3.04102352e-01 -1.17739392e-01]
 [-5.40271020e-01 -1.30607322e-01]
 [-1.00527990e-01  4.81192339e-02]
 [-9.80069682e-02 -1.05640349e-01]
 [ 1.84046051e-01 -2.54454420e-01]
 [ 5.54320877e-02  4.45317203e-01]
 [-1.84372748e-01  2.41343895e-01]
 [ 5.27168612e-02  2.02623190e-02]
 [-2.25221013e-01 -7.82184587e-02]
 [-2.06371451e-01  4.24648918e-01]
 [ 2.61031118e-01  2.72686040e-02]
 [-2.55895494e-01  1.20835125e-01]
 [ 1.41271509e-01 -1.13339254e-01]
 [-1.28218572e-01  1.40302775e-01]
 [-1.10563192e-01  4.76798680e-02]
 [-1.18149357e-01  2.07483649e-01]
 [-6.37939610e-01  5.09312704e-02]
 [ 2.28425360e-01 -2.70926321e-01]
 [-8.64975864e-02 -4.08535443e-01]
 [ 2.37819211e-01 -5.40218050e-01]
 [ 2.65475910e-01  5.19388714e-02]
 [-8.16535993e-03  1.98195076e-01]
 [ 1.11482047e-01  5.06359816e-02]
 [-9.78742968e-02  2.84277977e-01]
 [ 1.64448264e-01 -1.51438862e-01]
 [ 2.14169771e-01 -2.14895459e-01]
 [-1.10438240e-01 -2.00751092e-01]
 [ 5.59903777e-02 -5.31129546e-02]
 [ 1.60022458e-01 -3.61957395e-01]
 [ 4.16243911e-01  2.52954017e-01]
 [-1.88378018e-01 -1.80520433e-01]
 [-3.15264846e-01 -1.02930440e-01]
 [-4.56984670e-01  1.63310903e-01]
 [-1.56366195e-02  5.87931351e-02]
 [-6.08063054e-03  7.28084055e-02]
 [ 2.12712895e-01 -1.27639414e-01]
 [ 1.10995595e-01 -2.36837682e-02]
 [ 1.34285461e-01 -3.03472909e-01]
 [ 3.05736241e-01 -8.31294197e-02]
 [ 1.04443579e-01 -1.17275727e-01]
 [ 1.67670024e-01  9.74507447e-02]
 [ 8.99592335e-02 -1.79374543e-01]
 [-5.90121750e-02  2.87816149e-01]
 [-2.19921937e-01  5.52421937e-02]
 [-4.40440458e-01 -1.57008848e-01]
 [-6.09806622e-02  2.14036477e-01]
 [ 8.11372762e-02  1.73701493e-02]
 [-2.31240663e-01  3.77033023e-01]
 [-1.44598648e-01  1.64530760e-01]
 [ 1.87311113e-01 -3.52797999e-01]
 [-5.01213837e-02  2.90638116e-01]
 [ 2.72994575e-01 -3.06034474e-01]
 [ 4.35556557e-02 -7.36816787e-02]
 [-7.48644645e-02  7.84473167e-02]
 [-1.25718606e-01 -1.39141394e-01]
 [-1.85583621e-01 -2.84279337e-02]
 [-3.63218106e-01 -1.86263838e-01]
 [ 1.89047617e-01 -7.55809697e-02]
 [-1.41455485e-01 -3.98504488e-02]
 [ 5.04434656e-01 -2.39433402e-01]
 [-2.18933395e-01 -3.88308764e-01]
 [ 2.12830394e-01 -2.44934433e-01]
 [-1.54060157e-01  1.58813457e-01]
 [ 2.25324444e-01 -9.03083462e-02]
 [ 1.74349345e-01 -3.42890172e-01]
 [ 2.29738077e-01 -2.24948605e-01]
 [-4.46807642e-02  2.71829334e-01]
 [ 1.03841628e-01  1.37410575e-01]
 [-3.94950159e-01 -2.05342148e-01]
 [-2.70427891e-02  7.98776878e-02]
 [ 2.99509900e-01  1.44269656e-01]]
States:
[[0.99812691 0.99794122 0.5535208  0.54363044 0.51311147 0.59700008]
 [0.99848569 0.99729794 0.54909486 0.54996913 0.45707248 0.68134123]
 [0.99917256 0.99508015 0.53879627 0.56735667 0.43816349 0.7445632 ]
 ...
 [0.7525355  0.         0.94860157 0.40988733 0.64406859 0.71852853]
 [0.7419525  0.         0.95474924 0.39608065 0.54010317 0.66230976]
 [0.73881619 0.         0.95650539 0.38502514 0.53263103 0.68195264]]
Logstds:
[[-3. -3.]
 [-3. -3.]
 [-3. -3.]
 [-3. -3.]
 [-3. -3.]
 [-3. -3.]
 [-3. -3.]
 [-3. -3.]
 [-3. -3.]
 [-3. -3.]
 [-3. -3.]
 [-3. -3.]
 [-3. -3.]
 [-3. -3.]
 [-3. -3.]
 [-3. -3.]
 [-3. -3.]
 [-3. -3.]
 [-3. -3.]
 [-3. -3.]
 [-3. -3.]
 [-3. -3.]
 [-3. -3.]
 [-3. -3.]
 [-3. -3.]
 [-3. -3.]
 [-3. -3.]
 [-3. -3.]
 [-3. -3.]
 [-3. -3.]
 [-3. -3.]
 [-3. -3.]
 [-3. -3.]
 [-3. -3.]
 [-3. -3.]
 [-3. -3.]
 [-3. -3.]
 [-3. -3.]
 [-3. -3.]
 [-3. -3.]
 [-3. -3.]
 [-3. -3.]
 [-3. -3.]
 [-3. -3.]
 [-3. -3.]
 [-3. -3.]
 [-3. -3.]
 [-3. -3.]
 [-3. -3.]
 [-3. -3.]
 [-3. -3.]
 [-3. -3.]
 [-3. -3.]
 [-3. -3.]
 [-3. -3.]
 [-3. -3.]
 [-3. -3.]
 [-3. -3.]
 [-3. -3.]
 [-3. -3.]
 [-3. -3.]
 [-3. -3.]
 [-3. -3.]
 [-3. -3.]
 [-3. -3.]
 [-3. -3.]
 [-3. -3.]
 [-3. -3.]
 [-3. -3.]
 [-3. -3.]
 [-3. -3.]
 [-3. -3.]
 [-3. -3.]
 [-3. -3.]
 [-3. -3.]
 [-3. -3.]
 [-3. -3.]
 [-3. -3.]
 [-3. -3.]
 [-3. -3.]
 [-3. -3.]
 [-3. -3.]
 [-3. -3.]
 [-3. -3.]
 [-3. -3.]
 [-3. -3.]
 [-3. -3.]
 [-3. -3.]
 [-3. -3.]
 [-3. -3.]
 [-3. -3.]
 [-3. -3.]
 [-3. -3.]
 [-3. -3.]
 [-3. -3.]
 [-3. -3.]
 [-3. -3.]
 [-3. -3.]
 [-3. -3.]
 [-3. -3.]
 [-3. -3.]
 [-3. -3.]
 [-3. -3.]
 [-3. -3.]
 [-3. -3.]
 [-3. -3.]
 [-3. -3.]
 [-3. -3.]
 [-3. -3.]
 [-3. -3.]
 [-3. -3.]
 [-3. -3.]
 [-3. -3.]
 [-3. -3.]
 [-3. -3.]
 [-3. -3.]
 [-3. -3.]
 [-3. -3.]
 [-3. -3.]
 [-3. -3.]
 [-3. -3.]
 [-3. -3.]
 [-3. -3.]
 [-3. -3.]
 [-3. -3.]
 [-3. -3.]
 [-3. -3.]
 [-3. -3.]
 [-3. -3.]
 [-3. -3.]
 [-3. -3.]
 [-3. -3.]
 [-3. -3.]
 [-3. -3.]
 [-3. -3.]
 [-3. -3.]
 [-3. -3.]
 [-3. -3.]
 [-3. -3.]
 [-3. -3.]
 [-3. -3.]
 [-3. -3.]
 [-3. -3.]
 [-3. -3.]
 [-3. -3.]
 [-3. -3.]
 [-3. -3.]
 [-3. -3.]
 [-3. -3.]
 [-3. -3.]
 [-3. -3.]
 [-3. -3.]
 [-3. -3.]
 [-3. -3.]
 [-3. -3.]
 [-3. -3.]
 [-3. -3.]
 [-3. -3.]
 [-3. -3.]
 [-3. -3.]
 [-3. -3.]
 [-3. -3.]
 [-3. -3.]
 [-3. -3.]
 [-3. -3.]
 [-3. -3.]
 [-3. -3.]
 [-3. -3.]
 [-3. -3.]
 [-3. -3.]
 [-3. -3.]
 [-3. -3.]
 [-3. -3.]
 [-3. -3.]
 [-3. -3.]
 [-3. -3.]
 [-3. -3.]
 [-3. -3.]
 [-3. -3.]
 [-3. -3.]
 [-3. -3.]
 [-3. -3.]
 [-3. -3.]
 [-3. -3.]
 [-3. -3.]
 [-3. -3.]
 [-3. -3.]
 [-3. -3.]
 [-3. -3.]
 [-3. -3.]
 [-3. -3.]
 [-3. -3.]
 [-3. -3.]
 [-3. -3.]
 [-3. -3.]
 [-3. -3.]
 [-3. -3.]
 [-3. -3.]
 [-3. -3.]
 [-3. -3.]]
