Baseline:
[1.29772    1.2952311  1.2860487  1.2832981  1.2708688  1.293983
 1.3065842  1.2895713  1.2865192  1.2774074  1.2300134  1.1764511
 1.1701915  1.1715425  1.1757096  1.1611851  1.1438265  1.1466333
 1.1413034  1.1343663  1.1462421  1.1370264  1.1319859  1.1528814
 1.1615462  1.1943285  1.1996119  1.2119507  1.2233479  1.2265735
 1.2091017  1.2124157  1.2125578  1.21867    1.237466   1.2346334
 1.2603503  1.2595665  1.2690125  1.2791517  1.2829157  1.2920702
 1.3060638  1.31465    1.3173497  1.329258   1.3158536  1.3153498
 1.360782   1.3640049  1.3681586  1.371359   1.3905075  1.3839877
 1.3877268  1.3855276  1.3782322  1.3842613  1.3847871  1.3995193
 1.3910127  1.390339   1.367156   1.3299994  1.3169479  1.329953
 1.3244205  1.3214734  1.317291   1.300293   1.3146611  1.2962006
 1.2801311  1.2658255  1.2376243  1.2400988  1.1988069  1.1808887
 1.1478567  1.1450536  1.1289752  1.1291617  1.1204944  1.1030061
 1.0922381  1.1097579  1.1037805  1.0955322  1.0963385  1.0897208
 1.079282   1.0921028  1.0940734  1.1083856  1.1236109  1.1294267
 1.1486887  1.1769363  1.1974013  1.1930995  1.1654923  1.1603398
 1.1482629  1.1429852  1.115562   1.1055846  1.084871   1.0665457
 1.0254965  1.045145   1.0336447  1.0127494  0.97982484 0.9756394
 0.95459235 0.9325649  0.92234105 0.91111094 0.95088524 0.968121
 0.950073   0.95310223 0.93793494 0.9339542  0.9320745  0.99110967
 1.0086124  1.0151473  1.0205863  1.0403783  1.0365772  1.0296273
 1.0621351  1.0351977  1.0138534  1.0181562  1.0289357  1.025293
 1.0476383  1.040154   1.0291272  1.048021   1.0372791  0.98727673
 0.9892245  0.98293626 0.9749196  0.96281    0.94994754 0.9575867
 0.9557639  0.96080047 1.0100133  1.0222827  1.0276709  1.0214128
 1.0469728  1.0478048  1.051012   1.0435563  1.0280789  1.0485607
 1.0192909  1.039647   1.0310714  1.0473734  1.0267324  1.0438225
 1.0357444  1.0408674  1.0564554  1.0752304  1.06586    1.0832524
 1.0896225  1.0912981  1.1210394  1.1235358  1.1482968  1.1604884
 1.1782573  1.1966639  1.2314272  1.2364854  1.242183   1.2482164
 1.2459321  1.2416523  1.2277386  1.2402127  1.2549357  1.2428916
 1.2399771  1.2452539  1.2168343  1.2104362  1.240262   1.2497077
 1.2346239  1.2344146  1.2344146 ]
Returns:
[5.86815685 5.82718093 5.90193517 5.45940055 5.51718306 5.27205893
 5.24009701 5.25662274 5.31041535 5.30755704 5.05791156 4.74566928
 4.77497155 4.7281478  4.66574913 4.67202826 4.70250991 4.72164747
 4.69999163 4.76655212 4.67592663 4.73201288 4.81370036 4.74843246
 4.67400206 4.52196499 4.61206056 4.68203621 4.7700868  4.84967578
 4.81747951 4.89441472 4.9148517  4.95364968 5.0492735  5.10963234
 5.21813044 5.31557181 5.16406739 5.29398523 5.28756805 5.36063956
 5.50916394 5.64840351 5.71767253 5.83468632 5.77117635 5.54891914
 5.28540404 5.4012071  5.50238228 5.41337973 5.3609684  5.4637649
 5.50332871 5.51704143 5.62454165 5.7040177  5.77005864 5.70339433
 5.75587381 5.86598711 5.90293519 5.80820892 5.7705904  5.63914454
 5.72261484 5.80378847 5.54602816 5.50185162 5.45625408 5.42745573
 5.41967706 5.47453101 5.39899175 5.39753561 5.19788509 5.15730076
 5.03135868 5.04882934 4.96619334 4.96531288 4.83496861 4.613646
 4.23386646 4.07203776 3.98632326 3.86918747 3.86144958 3.75224353
 3.56130727 3.4783227  3.46529859 3.2834459  3.32599941 3.39338087
 3.32348653 3.25326843 3.13496597 3.21255491 3.30318191 3.38028697
 3.48811091 3.53808075 3.63793642 3.76784332 3.89732243 3.88835118
 3.85498572 3.72302852 3.83137751 3.93117118 3.76474356 3.49983001
 3.59100116 3.54863925 3.62894706 3.63203649 3.41942591 3.37216699
 3.38347843 3.4383488  3.42127884 3.49551516 3.48742242 3.55009878
 3.60288927 3.62789283 3.67773995 3.31174232 3.29766696 3.3311404
 2.99244717 2.94487984 2.88355291 2.92994356 2.95527614 3.02090715
 2.85509654 2.91487853 2.97942235 2.90888849 2.96671313 2.56438374
 2.61489918 2.67006481 2.72469069 2.75619565 2.77044671 2.81579726
 2.70404206 2.75600695 2.81070232 2.84002724 2.66813419 2.62863734
 2.54888045 2.59859705 2.53462483 2.56282507 2.60721336 2.55243295
 2.54295365 2.52189816 2.58521972 2.58028753 2.60398652 2.58937035
 2.6688526  2.33824884 2.33112315 2.33293728 2.41849728 2.43830127
 2.51560325 2.5606707  2.50335221 2.57521357 2.55685348 2.60225177
 2.5728632  2.61911691 2.53609385 2.59050804 2.47468861 2.46650453
 2.37038393 2.35104411 2.2735397  2.14881512 2.07291562 1.98509418
 1.91668183 1.4451793  1.17964976 1.0892393  0.77108452 0.62053502
 0.434469   0.23551968]
Advants:
[3.13886007 3.11858431 3.22487975 2.79575746 2.87971098 2.61808885
 2.5793272  2.62019895 2.68675952 2.70374992 2.5068948  2.24607038
 2.28040501 2.22940863 2.15772205 2.17361205 2.21759982 2.23025492
 2.20943509 2.28032932 2.17183269 2.23264822 2.31718988 2.22598912
 2.13485741 1.9356009  2.0073692  2.05263356 2.11823113 2.18495862
 2.15932206 2.22337852 2.23392165 2.25703573 2.32585267 2.382305
 2.4603334  2.55643881 2.38821032 2.5037951  2.48874801 2.54936154
 2.68446806 2.81978691 2.89347828 3.00956304 2.96982236 2.75245848
 2.43871952 2.5495818  2.64773965 2.55391834 2.47838905 2.58677874
 2.62270577 2.63922092 2.75822142 2.83850311 2.91346144 2.83979502
 2.91105595 3.03641949 3.11422863 3.07406233 3.06762149 2.93837331
 3.04662656 3.15423924 2.91831191 2.90944723 2.86750065 2.87639724
 2.90581743 3.00004535 2.97844706 3.00232714 2.86925085 2.87331976
 2.80654852 2.85581492 2.81866153 2.8494704  2.75862162 2.5819373
 2.23097603 2.06566845 1.99870226 1.90030613 1.90288261 1.80918943
 1.6327626  1.53841166 1.52453136 1.323509   1.34641119 1.40507775
 1.31001791 1.20210049 1.04878442 1.1174198  1.22492618 1.29808614
 1.41182269 1.46208946 1.58789987 1.73051676 1.88832    1.90622229
 1.92342003 1.77744992 1.90712168 2.04220237 1.92018819 1.66386395
 1.78433176 1.77232075 1.8746849  1.90228768 1.65651199 1.59719481
 1.63308081 1.69360783 1.70107209 1.79187318 1.79912395 1.81748851
 1.86984527 1.90740827 1.97391079 1.60016587 1.6026448  1.65815788
 1.29185167 1.27589544 1.23974811 1.28729964 1.30823199 1.3865707
 1.20243287 1.27614004 1.3610373  1.27896515 1.35763421 1.00537366
 1.05551553 1.12057839 1.1890748  1.24039082 1.27670029 1.32555734
 1.22432021 1.28213585 1.29960267 1.33019099 1.16211241 1.13783222
 1.03897998 1.09639167 1.03638809 1.08093388 1.15229829 1.0871866
 1.11860438 1.08852992 1.17495351 1.1688265  1.23093201 1.21752401
 1.3276494  1.00602659 0.99791612 0.99627766 1.11077168 1.13448813
 1.23073354 1.30293739 1.24445145 1.34696968 1.33849234 1.41032112
 1.40361727 1.4762255  1.40337031 1.5030116  1.43230526 1.47278716
 1.43540781 1.4811485  1.48157098 1.40959547 1.38694942 1.3825958
 1.39258018 0.98296749 0.81141268 0.79594159 0.51157887 0.41567271
 0.30895095 0.17379892]
Mus:
[[-1.59086566e-02 -5.45874843e-03]
 [-1.71675663e-02 -6.57417905e-03]
 [-1.64161716e-02 -6.23938628e-03]
 [-1.52867166e-02 -4.79337201e-03]
 [-1.54146273e-02 -5.04721841e-03]
 [-1.61348842e-02 -4.67084814e-03]
 [-1.63076427e-02 -5.18040312e-03]
 [-1.67324785e-02 -5.39638707e-03]
 [-1.69383083e-02 -5.66973072e-03]
 [-1.75233148e-02 -6.43463572e-03]
 [-1.58644766e-02 -6.09277841e-03]
 [-1.34324618e-02 -5.58560714e-03]
 [-1.35511504e-02 -6.04756875e-03]
 [-1.37376869e-02 -6.09279005e-03]
 [-1.43801589e-02 -6.93673128e-03]
 [-1.32342698e-02 -6.54828269e-03]
 [-1.21259885e-02 -6.32125745e-03]
 [-1.18974671e-02 -6.25170255e-03]
 [-1.18907439e-02 -6.01767655e-03]
 [-1.13535579e-02 -6.17968151e-03]
 [-1.16048455e-02 -6.87710848e-03]
 [-9.83555056e-03 -6.08620979e-03]
 [-8.92435666e-03 -5.73830446e-03]
 [-9.96300671e-03 -6.25447230e-03]
 [-1.01581383e-02 -7.08139734e-03]
 [-1.04972990e-02 -7.46760797e-03]
 [-8.08467902e-03 -6.42304961e-03]
 [-6.22378942e-03 -5.46998531e-03]
 [-4.71804291e-03 -5.17178187e-03]
 [-2.18936801e-03 -4.52105934e-03]
 [ 2.61269836e-03 -2.90436717e-03]
 [ 5.66898100e-03 -2.14507780e-03]
 [ 8.14944040e-03 -1.83466997e-03]
 [ 9.87612642e-03 -1.66226586e-03]
 [ 1.21382987e-02 -2.35876039e-04]
 [ 1.38031906e-02  7.85175886e-04]
 [ 1.39800729e-02  1.30874256e-03]
 [ 1.32031729e-02  8.71892204e-04]
 [ 1.11615956e-02 -2.48035853e-04]
 [ 9.68673080e-03 -2.53345323e-04]
 [ 7.76993576e-03 -1.99677874e-04]
 [ 5.94372302e-03 -1.51777631e-05]
 [ 3.09714768e-03 -3.84237792e-04]
 [ 1.25971518e-03 -2.74542923e-04]
 [ 5.88635390e-04  3.86110187e-04]
 [-2.63814372e-03 -7.02689402e-04]
 [-2.58667464e-03  1.21559242e-04]
 [-1.51657185e-03  1.30557711e-03]
 [-2.13869219e-03  1.72103022e-03]
 [-3.09048966e-03  1.38656283e-03]
 [-4.76173684e-03  6.91833789e-04]
 [-3.18540819e-03  1.53023761e-03]
 [-5.35305776e-03  7.88511941e-04]
 [-6.16601994e-03  3.28315829e-04]
 [-8.89353175e-03 -8.73905024e-04]
 [-1.13861971e-02 -2.18992797e-03]
 [-1.20970719e-02 -2.58760201e-03]
 [-1.32433763e-02 -3.03784409e-03]
 [-1.33081721e-02 -2.84024398e-03]
 [-1.41527317e-02 -3.13356565e-03]
 [-1.61494520e-02 -4.25368734e-03]
 [-1.67069975e-02 -4.51293401e-03]
 [-1.73985064e-02 -5.11750439e-03]
 [-1.74817517e-02 -5.21588698e-03]
 [-1.70631800e-02 -4.62340377e-03]
 [-1.75060499e-02 -4.48218640e-03]
 [-1.79665666e-02 -4.73221391e-03]
 [-1.86290871e-02 -5.24585461e-03]
 [-1.71995964e-02 -3.92581522e-03]
 [-1.80482715e-02 -4.75634821e-03]
 [-1.83503721e-02 -4.71088011e-03]
 [-1.85822677e-02 -5.34590241e-03]
 [-1.86311025e-02 -5.99318836e-03]
 [-1.82427727e-02 -5.99703379e-03]
 [-1.72368083e-02 -5.50059415e-03]
 [-1.67478081e-02 -5.19497506e-03]
 [-1.54329892e-02 -5.21154888e-03]
 [-1.32507272e-02 -4.29695705e-03]
 [-9.31556616e-03 -2.78351270e-03]
 [-7.22317863e-03 -2.35928386e-03]
 [-4.33961675e-03 -1.72522257e-03]
 [-2.13962677e-03 -1.10608689e-03]
 [ 7.01703422e-04  4.03836399e-04]
 [ 2.71912129e-03  1.23587111e-03]
 [ 6.40244596e-03  1.57842052e-03]
 [ 9.89209116e-03  1.81429449e-03]
 [ 1.17924912e-02  2.65066978e-03]
 [ 1.35714300e-02  3.39414156e-03]
 [ 1.45160537e-02  3.83727951e-03]
 [ 1.46816010e-02  4.18971200e-03]
 [ 1.40800048e-02  4.14640736e-03]
 [ 1.40075125e-02  3.58868227e-03]
 [ 1.26300612e-02  3.12228431e-03]
 [ 1.04300333e-02  2.21487973e-03]
 [ 7.74806598e-03  1.24534837e-03]
 [ 4.44004498e-03  4.00694727e-04]
 [ 1.85626652e-03 -6.83313352e-04]
 [ 3.22709500e-04 -4.48207196e-04]
 [ 5.02189738e-04  3.97041440e-04]
 [-1.84817764e-03 -2.48440454e-04]
 [-3.16729816e-03 -6.07513241e-04]
 [-4.77853464e-03 -1.10940321e-03]
 [-5.22328960e-03 -1.26971200e-03]
 [-6.03761384e-03 -1.69792282e-03]
 [-6.59175869e-03 -1.92357460e-03]
 [-7.83593208e-03 -2.34325114e-03]
 [-8.44194554e-03 -2.38622539e-03]
 [-1.14426007e-02 -3.84760811e-03]
 [-1.19658792e-02 -4.15689778e-03]
 [-1.26678841e-02 -3.87095800e-03]
 [-1.29042035e-02 -3.79515858e-03]
 [-1.48696378e-02 -4.83321398e-03]
 [-1.69751290e-02 -6.24347944e-03]
 [-1.80126075e-02 -6.13312237e-03]
 [-1.92237478e-02 -6.68079173e-03]
 [-1.84740424e-02 -6.06149575e-03]
 [-1.87095534e-02 -5.95295383e-03]
 [-2.25059409e-02 -7.69394962e-03]
 [-2.89054643e-02 -9.94912442e-03]
 [-3.48663516e-02 -1.24194175e-02]
 [-3.61116864e-02 -1.34412888e-02]
 [-3.52429189e-02 -1.31524028e-02]
 [-3.09808385e-02 -1.13853766e-02]
 [-2.82633007e-02 -1.03593729e-02]
 [-2.34388635e-02 -8.29812326e-03]
 [-3.26587483e-02 -1.26830330e-02]
 [-3.29708159e-02 -1.30114863e-02]
 [-3.13415974e-02 -1.23319272e-02]
 [-3.00464518e-02 -1.17876036e-02]
 [-2.76360065e-02 -1.03240451e-02]
 [-2.57849451e-02 -9.25887749e-03]
 [-2.71505620e-02 -1.00051658e-02]
 [-3.21687572e-02 -1.28150862e-02]
 [-3.26703750e-02 -1.33204479e-02]
 [-2.88421623e-02 -1.14531014e-02]
 [-2.83803027e-02 -1.13784550e-02]
 [-2.87305918e-02 -1.17420349e-02]
 [-2.82995235e-02 -1.17312986e-02]
 [-2.67839469e-02 -1.08715296e-02]
 [-2.67179478e-02 -1.07636945e-02]
 [-2.63732709e-02 -1.05066840e-02]
 [-2.60135308e-02 -1.02138296e-02]
 [-2.59678550e-02 -1.00341421e-02]
 [-2.57409122e-02 -1.00336168e-02]
 [-2.52688993e-02 -9.94866248e-03]
 [-2.41625160e-02 -9.58838034e-03]
 [-2.27942038e-02 -9.17680748e-03]
 [-2.00164411e-02 -8.00056662e-03]
 [-1.74668245e-02 -7.15829991e-03]
 [-1.51998335e-02 -6.32560160e-03]
 [-1.10227624e-02 -4.19940287e-03]
 [-9.36518889e-03 -3.61879054e-03]
 [-1.33855427e-02 -6.02224516e-03]
 [-1.33758839e-02 -6.22487487e-03]
 [-9.60945152e-03 -4.10386827e-03]
 [-1.00300098e-02 -4.33043670e-03]
 [-1.01889316e-02 -4.35363548e-03]
 [-1.20084547e-02 -5.24057634e-03]
 [-1.64928772e-02 -7.66617060e-03]
 [-1.51283033e-02 -6.84644794e-03]
 [-1.59432646e-02 -7.36545073e-03]
 [-1.56540778e-02 -7.01863924e-03]
 [-1.49012413e-02 -6.63304748e-03]
 [-1.65609457e-02 -7.47433864e-03]
 [-1.60964038e-02 -7.16451043e-03]
 [-1.77996438e-02 -7.98089802e-03]
 [-1.93585027e-02 -8.91142152e-03]
 [-1.93795692e-02 -8.76520574e-03]
 [-1.88842174e-02 -8.48838314e-03]
 [-2.53047887e-02 -1.21897459e-02]
 [-2.55507436e-02 -1.27329472e-02]
 [-2.47458518e-02 -1.26060583e-02]
 [-2.35967189e-02 -1.23383617e-02]
 [-2.19800361e-02 -1.16328485e-02]
 [-2.07459591e-02 -1.10862870e-02]
 [-1.85622592e-02 -9.94887017e-03]
 [-1.93619169e-02 -1.04876338e-02]
 [-1.82208084e-02 -9.99822095e-03]
 [-1.64418500e-02 -8.98396317e-03]
 [-1.49512524e-02 -8.19113012e-03]
 [-1.38285961e-02 -7.38373492e-03]
 [-1.40538532e-02 -7.55050033e-03]
 [-1.47285629e-02 -7.70074828e-03]
 [-1.44924335e-02 -7.81540293e-03]
 [-1.40929604e-02 -7.05807516e-03]
 [-1.38184214e-02 -7.40716793e-03]
 [-1.33832330e-02 -6.82049012e-03]
 [-1.26594249e-02 -6.45914627e-03]
 [-1.15483329e-02 -6.54859748e-03]
 [-1.14468317e-02 -6.03465084e-03]
 [-1.16093140e-02 -5.98988263e-03]
 [-1.10558392e-02 -5.58957923e-03]
 [-1.10287759e-02 -5.37674734e-03]
 [-1.26878368e-02 -5.01641259e-03]
 [-1.41557176e-02 -5.09938598e-03]
 [-1.49312271e-02 -5.39960433e-03]
 [-1.63218994e-02 -6.09983550e-03]
 [-1.74321327e-02 -6.57355925e-03]
 [-1.76684186e-02 -7.14172982e-03]
 [-1.83858108e-02 -7.06519373e-03]]
Actions:
[[-0.29963073  0.26749742]
 [-0.03930375 -0.09776547]
 [ 0.43820124 -0.47617172]
 [-0.15803089 -0.05959063]
 [ 0.46828171 -0.07337091]
 [-0.09861634  0.2975308 ]
 [-0.1495289  -0.15552667]
 [-0.08786638  0.03545891]
 [-0.28891099  0.13886815]
 [-0.44587425 -0.38940656]
 [-0.46950805 -0.42106971]
 [-0.05250829  0.10269372]
 [ 0.19873322 -0.03753412]
 [-0.15884542  0.32866951]
 [-0.0250966  -0.15783337]
 [-0.10440736 -0.12995006]
 [ 0.09167196  0.01873469]
 [ 0.12120685 -0.1503882 ]
 [-0.11748147  0.08546261]
 [-0.04708807  0.40877676]
 [ 0.00220523 -0.15122323]
 [-0.00128336 -0.04233342]
 [ 0.16265421  0.32770164]
 [-0.21670388  0.38487792]
 [ 0.14805191  0.44499116]
 [ 0.0091858  -0.06465006]
 [ 0.09844286 -0.02991866]
 [-0.0944608   0.12319038]
 [-0.21496472  0.03052032]
 [-0.32900477 -0.23577414]
 [-0.17473202  0.08796439]
 [-0.27447864  0.19233009]
 [-0.24513844  0.19582241]
 [ 0.09789357 -0.09562824]
 [-0.13835231 -0.19048623]
 [ 0.11693571  0.03729026]
 [-0.18211618  0.14650726]
 [-0.4469661   0.3551639 ]
 [ 0.1142189  -0.00246225]
 [-0.38724984 -0.12814844]
 [ 0.18179229 -0.15858569]
 [ 0.00682865 -0.03559507]
 [-0.01666804 -0.12575305]
 [-0.0208085  -0.25897417]
 [ 0.05617547  0.23311684]
 [-0.13942785 -0.41984503]
 [ 0.27723564 -0.47527504]
 [ 0.56851508  0.02210219]
 [ 0.01840829 -0.00532699]
 [ 0.0069837   0.14044193]
 [ 0.1723533  -0.34793002]
 [ 0.25125538  0.29494371]
 [-0.12083566 -0.00462398]
 [-0.01127372  0.30913313]
 [-0.17409797  0.32569831]
 [-0.11922639  0.02849355]
 [ 0.10459406  0.14380606]
 [ 0.13116956 -0.09185272]
 [ 0.26730676  0.28642612]
 [-0.22928006  0.21440568]
 [ 0.03401023  0.11558994]
 [-0.31308701 -0.00365162]
 [-0.34734724 -0.31617206]
 [ 0.17206278 -0.27199353]
 [ 0.41139166  0.07002494]
 [-0.00871316  0.04516894]
 [-0.0786406   0.12749846]
 [ 0.41481625 -0.32132001]
 [-0.38811784  0.06899963]
 [ 0.26997896  0.10279041]
 [-0.35533127  0.05496187]
 [-0.3137393   0.09422532]
 [-0.0982676  -0.08020518]
 [-0.10620776 -0.3288039 ]
 [ 0.17513598 -0.07246059]
 [-0.46453732 -0.22119922]
 [ 0.05249279 -0.24316267]
 [-0.10517416 -0.36196179]
 [-0.05041181 -0.0046568 ]
 [-0.31047865 -0.09929585]
 [ 0.0696727  -0.02330323]
 [ 0.11669642 -0.29410635]
 [-0.11834736 -0.42119888]
 [-0.63445075 -0.05695553]
 [ 0.05666831  0.3767505 ]
 [ 0.05139562 -0.22045278]
 [-0.27298808 -0.18576297]
 [-0.04028343 -0.12019434]
 [-0.05934868 -0.3121164 ]
 [-0.24790604 -0.3592769 ]
 [ 0.08700955  0.35525432]
 [-0.24259182 -0.0836907 ]
 [ 0.44634438  0.19169389]
 [-0.13708328  0.18490694]
 [-0.0052538  -0.07586226]
 [ 0.01035866  0.43259796]
 [ 0.29447954 -0.17176554]
 [ 0.26012223 -0.29573197]
 [ 0.05796589  0.04234342]
 [-0.09993422 -0.13377461]
 [ 0.07744533  0.17450162]
 [-0.02385686  0.14859348]
 [-0.03181263  0.30426127]
 [-0.24475255 -0.03161621]
 [-0.02352845  0.10733625]
 [-0.05857213 -0.16352515]
 [-0.22332776  0.36119262]
 [-0.34041312 -0.30693085]
 [ 0.45311997 -0.02262995]
 [ 0.05980541 -0.14273476]
 [-0.23352233  0.06536833]
 [-0.56870677  0.1429663 ]
 [ 0.40053492 -0.40055932]
 [-0.11119165 -0.03058081]
 [ 0.04161534 -0.36275754]
 [ 0.04722474 -0.03563355]
 [-0.24170862  0.23183854]
 [ 0.31857509  0.39363913]
 [-0.01772696  0.33810795]
 [-0.3163463   0.07607234]
 [ 0.11624333 -0.05656313]
 [ 0.07372533 -0.30892878]
 [ 0.03816914 -0.11251246]
 [ 0.12142916 -0.26015951]
 [ 0.07343442 -0.04109857]
 [ 0.13908581 -0.0031412 ]
 [ 0.16958785 -0.14629303]
 [ 0.15564933  0.00826539]
 [ 0.61477677  0.06214646]
 [ 0.22153188 -0.13010954]
 [-0.23859864 -0.01691109]
 [-0.19150397  0.61859021]
 [-0.3661341  -0.16176169]
 [ 0.0608803  -0.35707789]
 [ 0.0512597   0.07799679]
 [ 0.04109278  0.17367597]
 [-0.05397138  0.0128269 ]
 [ 0.38882524  0.18609686]
 [ 0.00768537 -0.07651386]
 [-0.00323514 -0.12979074]
 [ 0.27190416  0.1786995 ]
 [ 0.01916164 -0.14519534]
 [-0.50527992 -0.5310292 ]
 [-0.02792702  0.03970861]
 [-0.09291308 -0.06903555]
 [-0.14264488 -0.08229609]
 [-0.06571498 -0.20778045]
 [-0.223418   -0.14298479]
 [ 0.04873796  0.02989942]
 [ 0.3329874  -0.19778488]
 [-0.03890847  0.01175454]
 [ 0.0033874   0.04912437]
 [ 0.04246579  0.19537052]
 [ 0.40281004 -0.21570764]
 [-0.08110902 -0.33223072]
 [ 0.22571933  0.27072777]
 [-0.07578528  0.0899274 ]
 [-0.27177988  0.26033491]
 [ 0.08253839 -0.14435904]
 [-0.19443147 -0.06548279]
 [ 0.26611585  0.15679881]
 [-0.1566468  -0.28582617]
 [ 0.06206884  0.27374276]
 [ 0.00363005 -0.09911327]
 [ 0.05837911  0.24116426]
 [-0.28765779 -0.07792185]
 [ 0.20722017  0.15439216]
 [-0.02058986 -0.12355744]
 [-0.47381027  0.46674091]
 [-0.03338166  0.25713914]
 [ 0.09430573  0.21437205]
 [-0.1484703  -0.08030937]
 [ 0.1598043   0.11247929]
 [ 0.06942845 -0.004746  ]
 [ 0.10424846 -0.15009973]
 [ 0.12736951  0.32021342]
 [-0.04595581 -0.14335962]
 [ 0.2502087  -0.00778045]
 [ 0.11000389 -0.11846322]
 [ 0.20987549 -0.11588795]
 [ 0.05333959  0.0919888 ]
 [ 0.24538746  0.19520435]
 [-0.1123007  -0.0249946 ]
 [ 0.14613068 -0.32241317]
 [-0.15249148  0.17400532]
 [-0.00388543 -0.31192812]
 [-0.07053295 -0.12076163]
 [-0.340724    0.03755784]
 [ 0.20606544 -0.10530563]
 [ 0.1280181   0.08243941]
 [-0.10229518 -0.22224413]
 [ 0.01179514 -0.12340676]
 [ 0.4447141  -0.35281206]
 [ 0.03023636 -0.39614061]
 [ 0.02138888 -0.00394836]
 [ 0.19066809  0.38358438]
 [ 0.07984976  0.15173407]
 [-0.32091937  0.05252917]
 [ 0.16098878 -0.12068213]
 [ 0.09949562  0.25268224]]
States:
[[0.99929971 0.99884441 0.48267782 0.53270179 0.51333112 0.59693539]
 [0.9989495  0.99844161 0.47663915 0.53796869 0.43646161 0.66707082]
 [0.99798035 0.99766567 0.46393191 0.54645256 0.427911   0.64006996]
 ...
 [0.82890738 0.86833119 0.1265591  0.17274562 0.76668974 0.59253493]
 [0.85262868 0.86857969 0.14908142 0.17301172 0.67936228 0.60642442]
 [0.87235111 0.86786276 0.17023419 0.17224502 0.71737723 0.57460389]]
Logstds:
[[-3. -3.]
 [-3. -3.]
 [-3. -3.]
 [-3. -3.]
 [-3. -3.]
 [-3. -3.]
 [-3. -3.]
 [-3. -3.]
 [-3. -3.]
 [-3. -3.]
 [-3. -3.]
 [-3. -3.]
 [-3. -3.]
 [-3. -3.]
 [-3. -3.]
 [-3. -3.]
 [-3. -3.]
 [-3. -3.]
 [-3. -3.]
 [-3. -3.]
 [-3. -3.]
 [-3. -3.]
 [-3. -3.]
 [-3. -3.]
 [-3. -3.]
 [-3. -3.]
 [-3. -3.]
 [-3. -3.]
 [-3. -3.]
 [-3. -3.]
 [-3. -3.]
 [-3. -3.]
 [-3. -3.]
 [-3. -3.]
 [-3. -3.]
 [-3. -3.]
 [-3. -3.]
 [-3. -3.]
 [-3. -3.]
 [-3. -3.]
 [-3. -3.]
 [-3. -3.]
 [-3. -3.]
 [-3. -3.]
 [-3. -3.]
 [-3. -3.]
 [-3. -3.]
 [-3. -3.]
 [-3. -3.]
 [-3. -3.]
 [-3. -3.]
 [-3. -3.]
 [-3. -3.]
 [-3. -3.]
 [-3. -3.]
 [-3. -3.]
 [-3. -3.]
 [-3. -3.]
 [-3. -3.]
 [-3. -3.]
 [-3. -3.]
 [-3. -3.]
 [-3. -3.]
 [-3. -3.]
 [-3. -3.]
 [-3. -3.]
 [-3. -3.]
 [-3. -3.]
 [-3. -3.]
 [-3. -3.]
 [-3. -3.]
 [-3. -3.]
 [-3. -3.]
 [-3. -3.]
 [-3. -3.]
 [-3. -3.]
 [-3. -3.]
 [-3. -3.]
 [-3. -3.]
 [-3. -3.]
 [-3. -3.]
 [-3. -3.]
 [-3. -3.]
 [-3. -3.]
 [-3. -3.]
 [-3. -3.]
 [-3. -3.]
 [-3. -3.]
 [-3. -3.]
 [-3. -3.]
 [-3. -3.]
 [-3. -3.]
 [-3. -3.]
 [-3. -3.]
 [-3. -3.]
 [-3. -3.]
 [-3. -3.]
 [-3. -3.]
 [-3. -3.]
 [-3. -3.]
 [-3. -3.]
 [-3. -3.]
 [-3. -3.]
 [-3. -3.]
 [-3. -3.]
 [-3. -3.]
 [-3. -3.]
 [-3. -3.]
 [-3. -3.]
 [-3. -3.]
 [-3. -3.]
 [-3. -3.]
 [-3. -3.]
 [-3. -3.]
 [-3. -3.]
 [-3. -3.]
 [-3. -3.]
 [-3. -3.]
 [-3. -3.]
 [-3. -3.]
 [-3. -3.]
 [-3. -3.]
 [-3. -3.]
 [-3. -3.]
 [-3. -3.]
 [-3. -3.]
 [-3. -3.]
 [-3. -3.]
 [-3. -3.]
 [-3. -3.]
 [-3. -3.]
 [-3. -3.]
 [-3. -3.]
 [-3. -3.]
 [-3. -3.]
 [-3. -3.]
 [-3. -3.]
 [-3. -3.]
 [-3. -3.]
 [-3. -3.]
 [-3. -3.]
 [-3. -3.]
 [-3. -3.]
 [-3. -3.]
 [-3. -3.]
 [-3. -3.]
 [-3. -3.]
 [-3. -3.]
 [-3. -3.]
 [-3. -3.]
 [-3. -3.]
 [-3. -3.]
 [-3. -3.]
 [-3. -3.]
 [-3. -3.]
 [-3. -3.]
 [-3. -3.]
 [-3. -3.]
 [-3. -3.]
 [-3. -3.]
 [-3. -3.]
 [-3. -3.]
 [-3. -3.]
 [-3. -3.]
 [-3. -3.]
 [-3. -3.]
 [-3. -3.]
 [-3. -3.]
 [-3. -3.]
 [-3. -3.]
 [-3. -3.]
 [-3. -3.]
 [-3. -3.]
 [-3. -3.]
 [-3. -3.]
 [-3. -3.]
 [-3. -3.]
 [-3. -3.]
 [-3. -3.]
 [-3. -3.]
 [-3. -3.]
 [-3. -3.]
 [-3. -3.]
 [-3. -3.]
 [-3. -3.]
 [-3. -3.]
 [-3. -3.]
 [-3. -3.]
 [-3. -3.]
 [-3. -3.]
 [-3. -3.]
 [-3. -3.]
 [-3. -3.]
 [-3. -3.]
 [-3. -3.]
 [-3. -3.]
 [-3. -3.]
 [-3. -3.]
 [-3. -3.]
 [-3. -3.]]
