Baseline:
[1.3686181  1.3206208  1.3347017  1.3237013  1.3206259  1.3376349
 1.3022872  1.3007184  1.2769141  1.2739525  1.2779995  1.2937019
 1.2915632  1.3044392  1.2948929  1.2925564  1.3063921  1.2941009
 1.2762021  1.2719913  1.2468165  1.2456266  1.2265078  1.227394
 1.1992937  1.1698834  1.1729454  1.1887451  1.1865758  1.1923977
 1.1586852  1.1346179  1.1154705  1.0848505  1.076894   1.0743986
 1.0537857  1.0131887  1.0139714  1.0185251  1.0389843  1.0428761
 1.0259998  1.0077378  1.0344405  1.0261439  1.0060409  1.0008016
 0.99788225 1.0038248  1.0098847  1.003713   1.0212729  1.024449
 1.0373436  1.0369452  1.0504974  1.0258662  1.0288862  1.0042119
 1.0600785  1.0964845  1.1145097  1.0815475  1.0787293  1.0821334
 1.0588363  1.056513   1.0666307  1.0634077  1.0688821  1.0863811
 1.1003361  1.0880588  1.087866   1.0736071  1.0479723  1.0516757
 1.0600069  1.0654027  1.0738096  1.0644186  1.0697758  1.0699937
 1.0790075  1.069423   1.0716373  1.0822111  1.1266073  1.1449426
 1.1767925  1.1870283  1.2197342  1.2379647  1.2582737  1.2743397
 1.2649127  1.2924798  1.2883066  1.3148268  1.3379736  1.3806204
 1.3991082  1.413304   1.411811   1.4073467  1.4273423  1.448218
 1.4479386  1.4771842  1.486127   1.4586126  1.4650201  1.4603921
 1.4286298  1.4314586  1.4190142  1.3857108  1.396306   1.3993033
 1.4007143  1.3871437  1.3468845  1.368276   1.363838   1.3643962
 1.3409032  1.3195704  1.2932804  1.2480298  1.2216903  1.1898901
 1.1982336  1.2101587  1.2184304  1.2069815  1.1905156  1.1682686
 1.1454505  1.1396027  1.1435204  1.1415793  1.1195327  1.1164585
 1.0886301  1.0808405  1.0641516  1.0637177  1.0708015  1.0795094
 1.092081   1.0869807  1.0970408  1.0796238  1.0784509  1.083152
 1.0801018  1.0941792  1.0725423  1.0639812  1.064838   1.0889696
 1.0737119  1.0884676  1.113289   1.0965911  1.1156727  1.1188332
 1.1118375  1.1066793  1.1044339  1.1032574  1.1100429  1.1034228
 1.110049   1.1102829  1.1086525  1.1133949  1.1191473  1.151184
 1.1766661  1.1877993  1.1830305  1.1795866  1.2130457  1.2025777
 1.1996735  1.2176174  1.2055448  1.2134169  1.1648852  1.090762
 1.0999123  1.063405   1.0637852  1.0218829  1.0248271  1.0377382
 1.0282089  1.0520966  1.0520966 ]
Returns:
[7.09153176 6.8658032  6.75599589 6.7631733  6.79060794 6.76385062
 6.59010867 6.61938646 6.47114587 6.45869218 6.33122788 6.25984886
 5.79569719 5.67620096 5.67759888 5.65837909 5.54757427 5.40183009
 5.40673728 5.33610822 5.29679984 5.30700451 5.31486646 5.12727258
 5.04653602 5.03263172 5.00043181 4.90349171 4.91745344 4.89964607
 4.69764468 4.62338328 4.69028485 4.62889857 4.6485362  4.62813637
 4.51715266 4.49394734 4.28839101 4.2447794  4.1007395  4.12450762
 4.21001686 4.25652292 4.15188316 4.1301865  4.15934124 4.21627273
 4.24164071 4.30128734 4.35528233 4.33287316 4.39167706 4.44519053
 4.52762627 4.64219262 4.46337965 4.42090126 4.4006383  4.36214656
 4.21286238 4.00369344 3.87111049 3.72749767 3.73855356 3.66768257
 3.63919661 3.63191904 3.62672543 3.52103308 3.49631669 3.33952724
 3.30929809 3.39185613 3.46210956 3.54080162 3.52737732 3.61921864
 3.71768542 3.76732738 3.87620688 3.92288149 4.07656181 4.22191871
 4.36303717 4.46652122 4.64104528 4.83898911 4.84156687 5.04196281
 5.24351641 5.4282103  5.54276001 5.76566758 5.95678369 6.16685445
 6.27439622 6.48137411 6.3725387  6.48553342 6.64414764 6.68455325
 6.83702935 7.00960028 6.87188977 7.00435306 7.06165337 6.5429843
 6.6295145  6.45852119 6.5248692  6.33611629 6.38586952 6.4540557
 6.30027159 6.27554485 6.25065    6.12603098 6.01843501 5.96832659
 5.89706216 5.81504133 5.6306427  5.19553416 5.04738549 4.85615508
 4.79415353 4.7331866  4.68310067 4.36248186 4.25461964 4.12001303
 3.98681073 3.793071   3.57190737 3.56015729 3.47315373 3.44194609
 3.3998389  3.42609391 3.42998614 3.45040713 3.31747784 3.10299311
 3.00529986 3.05978191 3.13427222 3.19072341 3.218927   3.23364387
 3.29751483 3.35507679 3.25812948 3.31047203 3.4167187  3.52036279
 3.50111409 3.59463857 3.42113568 3.35860254 3.39747379 3.39281163
 3.35435043 3.45824077 3.46359228 3.46115064 3.50308474 3.57719957
 3.68294885 3.74913789 3.83226678 3.89121668 3.89793334 3.96814589
 4.01518606 4.04827418 4.00371742 4.01396036 4.0282939  3.84858858
 3.72846032 3.69999827 3.69384101 3.71281678 3.40590747 3.4089093
 3.23744166 3.08597104 3.01732316 2.94122732 2.78835878 2.54507789
 2.38958024 1.8769643  1.72426491 1.27850864 1.09802657 0.88947052
 0.5637018  0.32043839]
Advants:
[3.9866262  3.83248609 3.73036713 3.77273075 3.83043048 3.81481651
 3.70269258 3.76300139 3.66668869 3.68742237 3.58464427 3.52605045
 3.08066287 2.96223832 2.98865685 2.988044   2.87720499 2.75460182
 2.78988726 2.73495729 2.73285345 2.75765514 2.80001949 2.62240423
 2.5799303  2.60694416 2.58307962 2.47922132 2.50548946 2.49213002
 2.32978093 2.28448024 2.37850077 2.3554336  2.39223616 2.38377096
 2.3008485  2.32686082 2.1234951  2.07706682 1.90936508 1.92638062
 2.02882838 2.0956671  1.96250945 1.94672515 1.99491903 2.05785825
 2.08785416 2.14507345 2.19830562 2.18731429 2.23552697 2.29498353
 2.37657143 2.50816476 2.3278952  2.32262222 2.31226441 2.31204583
 2.11530748 1.87126648 1.71766498 1.60034379 1.60740832 1.52344625
 1.50758476 1.49089561 1.46237598 1.34240421 1.2922861  1.09098253
 1.01611537 1.08058694 1.12026166 1.18269443 1.16216457 1.21749903
 1.27482442 1.28483362 1.35126046 1.37211397 1.48681257 1.59995152
 1.70141592 1.78473101 1.93008168 2.09399101 2.02542013 2.18408009
 2.3336383  2.49163029 2.5581365  2.75249958 2.91739685 3.11098854
 3.2311265  3.41952535 3.32137982 3.41760062 3.56783441 3.58154812
 3.73699444 3.92355371 3.81370841 3.98348959 4.05760047 3.5413103
 3.65604036 3.47990731 3.56524731 3.42933666 3.50150838 3.60785605
 3.51845062 3.52543757 3.55008716 3.49620776 3.41498656 3.40035781
 3.36718931 3.33949439 3.23512438 2.80766302 2.69102008 2.5226733
 2.50841266 2.49386616 2.49655916 2.24141978 2.17932782 2.09442776
 1.96793612 1.77224701 1.54654131 1.55027817 1.48194104 1.47509116
 1.45749617 1.4924302  1.49547632 1.52186326 1.41191887 1.19498819
 1.11697235 1.17232436 1.25881446 1.31237048 1.33053072 1.33351387
 1.38311626 1.44587494 1.33566267 1.40410168 1.51341058 1.617464
 1.60631037 1.69368924 1.54573363 1.49433592 1.53631968 1.51094296
 1.49072998 1.58586652 1.57230761 1.5934193  1.62441795 1.70640698
 1.83461353 1.92494617 2.0335635  2.12077259 2.15009146 2.26119149
 2.34004174 2.41562288 2.41773559 2.47228206 2.5343525  2.37410774
 2.27987801 2.29481582 2.35256309 2.43984942 2.15934664 2.23819853
 2.13537357 2.03205795 2.04546254 2.03483898 2.00686757 1.91534896
 1.82986176 1.42493238 1.34436115 1.00670204 0.88943658 0.7329168
 0.47737683 0.26783347]
Mus:
[[-1.64011512e-02 -5.74608333e-03]
 [-1.55711612e-02 -5.48204221e-03]
 [-1.66299026e-02 -5.60059259e-03]
 [-1.68184191e-02 -5.68768010e-03]
 [-1.69808175e-02 -6.09515281e-03]
 [-1.78343728e-02 -6.56852452e-03]
 [-1.72791183e-02 -6.18622918e-03]
 [-1.77847650e-02 -6.72128797e-03]
 [-1.74393598e-02 -6.32720860e-03]
 [-1.80769004e-02 -7.12712761e-03]
 [-1.87117755e-02 -8.10081139e-03]
 [-1.87743977e-02 -7.99675751e-03]
 [-1.89266484e-02 -7.13019213e-03]
 [-1.95638612e-02 -7.97614828e-03]
 [-1.97327323e-02 -8.36297311e-03]
 [-2.02556476e-02 -8.90989043e-03]
 [-1.94574930e-02 -8.33463296e-03]
 [-1.87557507e-02 -7.65830558e-03]
 [-1.85848866e-02 -7.70874880e-03]
 [-1.89393219e-02 -7.60765141e-03]
 [-1.88290328e-02 -7.98546243e-03]
 [-1.91417560e-02 -8.20011552e-03]
 [-1.88575424e-02 -8.33290536e-03]
 [-1.93057489e-02 -8.01710226e-03]
 [-1.94550883e-02 -7.79589452e-03]
 [-1.97244678e-02 -8.15296173e-03]
 [-2.08234172e-02 -8.62755068e-03]
 [-2.23733746e-02 -9.50032286e-03]
 [-2.28561331e-02 -9.97247640e-03]
 [-2.33544614e-02 -1.02171442e-02]
 [-2.18627192e-02 -9.18303058e-03]
 [-2.15638150e-02 -8.76484439e-03]
 [-2.19296217e-02 -9.05060209e-03]
 [-2.13337019e-02 -8.66452511e-03]
 [-2.20407639e-02 -8.82128906e-03]
 [-2.34492756e-02 -9.69437044e-03]
 [-2.25244965e-02 -8.95434432e-03]
 [-2.23165601e-02 -9.16414522e-03]
 [-2.39341632e-02 -1.04281185e-02]
 [-2.31815372e-02 -9.88645479e-03]
 [-2.27536280e-02 -9.43944696e-03]
 [-2.24967189e-02 -9.14643612e-03]
 [-2.22067907e-02 -8.96294788e-03]
 [-2.16746125e-02 -8.52479227e-03]
 [-2.32192464e-02 -9.55710839e-03]
 [-2.20218655e-02 -8.64858646e-03]
 [-2.26557124e-02 -9.10534989e-03]
 [-2.19255351e-02 -8.56757909e-03]
 [-2.11126469e-02 -7.89134111e-03]
 [-2.06115507e-02 -7.47110555e-03]
 [-1.98907517e-02 -6.94419816e-03]
 [-1.83173399e-02 -5.86574199e-03]
 [-1.98731367e-02 -6.51170686e-03]
 [-1.95360798e-02 -6.09295210e-03]
 [-2.12114993e-02 -6.88824803e-03]
 [-2.17678528e-02 -7.06060510e-03]
 [-2.58497093e-02 -9.30489972e-03]
 [-2.30273027e-02 -7.94563629e-03]
 [-2.37053875e-02 -8.64102878e-03]
 [-1.92004163e-02 -6.75806263e-03]
 [-2.23079901e-02 -8.53001233e-03]
 [-2.37098578e-02 -9.25106555e-03]
 [-2.25693211e-02 -8.53601843e-03]
 [-2.35770177e-02 -9.05245543e-03]
 [-2.46260036e-02 -9.85093508e-03]
 [-2.69233361e-02 -1.14922272e-02]
 [-2.54393071e-02 -1.11498442e-02]
 [-2.23649442e-02 -9.72733740e-03]
 [-2.16005296e-02 -9.52407252e-03]
 [-2.36025751e-02 -1.11518083e-02]
 [-2.49293279e-02 -1.23027069e-02]
 [-2.28892621e-02 -1.11523792e-02]
 [-2.30155326e-02 -1.11325150e-02]
 [-2.21845843e-02 -1.07114799e-02]
 [-2.32368205e-02 -1.13980575e-02]
 [-2.17418466e-02 -1.08215399e-02]
 [-2.06396133e-02 -1.08677223e-02]
 [-2.03740709e-02 -1.10425651e-02]
 [-1.85710322e-02 -1.01530030e-02]
 [-1.49793029e-02 -8.29113927e-03]
 [-1.40989833e-02 -7.97988661e-03]
 [-1.50728002e-02 -8.97671469e-03]
 [-1.36634745e-02 -8.42839945e-03]
 [-1.04552647e-02 -6.89188251e-03]
 [-9.94427502e-03 -6.90664956e-03]
 [-8.76862835e-03 -6.88551739e-03]
 [-5.48472069e-03 -5.46568539e-03]
 [-3.26480274e-03 -4.47684387e-03]
 [-4.25080396e-03 -4.96809743e-03]
 [-4.25086776e-03 -5.13497926e-03]
 [-4.32679709e-03 -4.80956724e-03]
 [-5.22089982e-03 -5.05824620e-03]
 [-5.95614593e-03 -4.45168745e-03]
 [-7.81931449e-03 -4.79850871e-03]
 [-1.03868162e-02 -5.81141934e-03]
 [-1.23274811e-02 -5.91863319e-03]
 [-1.54700140e-02 -7.40623288e-03]
 [-1.72172077e-02 -7.66332820e-03]
 [-2.05409005e-02 -9.47414525e-03]
 [-2.30997242e-02 -1.02296965e-02]
 [-2.48070676e-02 -1.07197138e-02]
 [-2.57531609e-02 -1.07614761e-02]
 [-2.64462568e-02 -1.08844265e-02]
 [-2.67661326e-02 -1.08777890e-02]
 [-2.51420103e-02 -9.38836578e-03]
 [-2.48075537e-02 -9.28662159e-03]
 [-2.48282254e-02 -9.19475500e-03]
 [-1.92732103e-02 -5.97576797e-03]
 [-1.93255041e-02 -6.06443034e-03]
 [-1.78919099e-02 -5.19074639e-03]
 [-1.74552742e-02 -5.07204514e-03]
 [-1.85913872e-02 -5.90384798e-03]
 [-1.82516035e-02 -5.83007373e-03]
 [-1.80327501e-02 -5.74515015e-03]
 [-1.84362642e-02 -6.15070621e-03]
 [-1.96540207e-02 -6.89616241e-03]
 [-2.10266989e-02 -8.07297975e-03]
 [-2.15438884e-02 -8.68852716e-03]
 [-2.22796984e-02 -9.30743478e-03]
 [-2.24474873e-02 -9.47659742e-03]
 [-2.29788702e-02 -9.84011404e-03]
 [-2.24383958e-02 -9.64087341e-03]
 [-2.33406648e-02 -1.06305275e-02]
 [-2.11711358e-02 -9.31985769e-03]
 [-2.25587804e-02 -1.06058968e-02]
 [-2.08309330e-02 -9.77049489e-03]
 [-2.05034781e-02 -9.98746511e-03]
 [-2.11298652e-02 -1.06780780e-02]
 [-2.01574843e-02 -1.03779212e-02]
 [-1.43947210e-02 -7.56153977e-03]
 [-1.34034306e-02 -7.63390679e-03]
 [-9.53762606e-03 -6.36210572e-03]
 [-9.52891447e-03 -6.45904569e-03]
 [-1.00205885e-02 -6.67633256e-03]
 [-8.35216511e-03 -5.90924174e-03]
 [-7.54297758e-03 -5.64288860e-03]
 [-1.01672914e-02 -7.34633440e-03]
 [-8.15772172e-03 -6.33190759e-03]
 [-6.08489197e-03 -5.29241003e-03]
 [-6.48370944e-03 -5.59858978e-03]
 [-5.70963416e-03 -5.18081989e-03]
 [-3.66708427e-03 -4.01022285e-03]
 [-2.26370044e-04 -2.12000031e-03]
 [-5.86952176e-03 -5.27442526e-03]
 [-3.88303655e-03 -4.27197292e-03]
 [-2.62536760e-03 -3.74870701e-03]
 [ 1.07912661e-03 -1.78535900e-03]
 [ 5.02814725e-03  3.14551609e-04]
 [ 7.46050011e-03  1.77942764e-03]
 [ 6.08189218e-03  8.43263348e-04]
 [ 7.49739259e-03  1.74058171e-03]
 [ 8.86018481e-03  2.70518847e-03]
 [ 8.65249708e-03  2.35473015e-03]
 [ 8.85705743e-03  2.48146500e-03]
 [ 9.03593004e-03  2.62208609e-03]
 [ 9.78300162e-03  3.14506516e-03]
 [ 9.62896552e-03  3.01903533e-03]
 [ 1.19329002e-02  4.45090281e-03]
 [ 1.10153118e-02  4.29107342e-03]
 [ 7.33024115e-03  2.55469326e-03]
 [ 7.44944857e-03  3.50597897e-03]
 [ 9.79289971e-03  5.21279359e-03]
 [ 7.10103614e-03  4.23640292e-03]
 [ 4.43025911e-03  3.23908986e-03]
 [ 2.24597892e-03  2.34032003e-03]
 [-1.46476540e-03  6.58405246e-04]
 [-1.57128216e-03  1.09369203e-03]
 [-1.43200520e-03  1.66634121e-03]
 [-3.11427563e-03  1.05852971e-03]
 [-3.90814291e-03  1.15123705e-03]
 [-4.76508355e-03  1.02491304e-03]
 [-7.99643621e-03 -5.17820881e-04]
 [-7.99572561e-03 -9.74498544e-05]
 [-7.93273933e-03  2.05212255e-05]
 [-1.00453934e-02 -8.17409949e-04]
 [-1.32201603e-02 -2.38335854e-03]
 [-1.26218423e-02 -1.72568054e-03]
 [-1.37683814e-02 -2.05966807e-03]
 [-1.63595062e-02 -3.36896023e-03]
 [-2.13208292e-02 -5.55257266e-03]
 [-2.48516779e-02 -7.23591028e-03]
 [-2.73170024e-02 -8.54412653e-03]
 [-2.94564068e-02 -9.75603424e-03]
 [-3.05389874e-02 -1.02584679e-02]
 [-3.46555971e-02 -1.21269468e-02]
 [-3.51108275e-02 -1.22123696e-02]
 [-3.25386971e-02 -1.06852902e-02]
 [-3.53126116e-02 -1.20731676e-02]
 [-3.89482416e-02 -1.39820427e-02]
 [-4.06666063e-02 -1.47805316e-02]
 [-3.53748277e-02 -1.18047697e-02]
 [-3.05058770e-02 -9.94043611e-03]
 [-2.94919088e-02 -9.35049262e-03]
 [-2.19969749e-02 -6.04429469e-03]
 [-1.95919536e-02 -4.87261917e-03]
 [-1.28122158e-02 -2.11718259e-03]
 [-1.07835876e-02 -1.06655713e-03]
 [-9.64304060e-03 -2.98698869e-04]
 [-6.00745110e-03  1.51584262e-03]
 [-6.18143240e-03  1.81542453e-03]]
Actions:
[[-0.33366973 -0.43549056]
 [ 0.28484703  0.00458006]
 [-0.04449206 -0.12885621]
 [-0.10793551  0.09495309]
 [ 0.11817811  0.21438932]
 [-0.16046589 -0.43382954]
 [-0.07100662  0.11383683]
 [ 0.01331862 -0.38898458]
 [-0.15506709  0.22600238]
 [-0.22813491  0.41302693]
 [ 0.24038077  0.07731569]
 [ 0.43486351 -0.44713306]
 [-0.11574533  0.36718799]
 [-0.20526392  0.08947662]
 [-0.15859594  0.17258136]
 [ 0.25748308 -0.02158235]
 [ 0.08914511 -0.34525051]
 [-0.14663446 -0.1087887 ]
 [ 0.13537813 -0.11839919]
 [-0.32538891 -0.03498593]
 [ 0.01470159  0.04703288]
 [-0.19553426 -0.05207324]
 [ 0.33703697 -0.13849497]
 [ 0.02817881 -0.2950368 ]
 [-0.2358876  -0.11788441]
 [ 0.10204984  0.14772764]
 [ 0.07729855  0.34623152]
 [-0.11836153  0.13749684]
 [ 0.07461318  0.12917102]
 [ 0.02742767 -0.48023696]
 [ 0.08348688 -0.29452157]
 [-0.11794358 -0.01473187]
 [ 0.00083614 -0.30747228]
 [ 0.12827667  0.03032866]
 [-0.17096605  0.29659039]
 [ 0.20953474 -0.29746712]
 [-0.38015574 -0.17985677]
 [-0.35159448  0.43644318]
 [ 0.24300144  0.05020147]
 [ 0.360191    0.16736687]
 [ 0.175215    0.03106853]
 [-0.09069366 -0.14322333]
 [-0.00302372 -0.1939362 ]
 [-0.03427847  0.42260823]
 [ 0.22082625 -0.16918494]
 [-0.33549976 -0.10881973]
 [ 0.10948468 -0.09119599]
 [ 0.18394502 -0.09464679]
 [ 0.14250579  0.02121544]
 [ 0.16885151 -0.00347202]
 [ 0.23640002 -0.2330721 ]
 [-0.03975272  0.2140145 ]
 [ 0.15448078 -0.08055334]
 [-0.13163019  0.15310285]
 [-0.05833589 -0.05381465]
 [-0.48168348  0.3181932 ]
 [-0.06491774 -0.37722772]
 [-0.34269067  0.12389789]
 [-0.15128953 -0.34770463]
 [ 0.11942011  0.43956603]
 [ 0.27982524  0.39053909]
 [ 0.34824453  0.14001152]
 [-0.37510131 -0.31347315]
 [-0.23377739  0.07780797]
 [-0.24751609  0.28666137]
 [-0.28929708 -0.18726263]
 [ 0.15241185 -0.11634555]
 [ 0.13228585  0.15215925]
 [-0.3710921   0.23810644]
 [-0.1878813   0.25189268]
 [ 0.38550199  0.14256675]
 [ 0.16369844  0.18748525]
 [-0.02379787 -0.10127124]
 [-0.12370133  0.11061629]
 [-0.1105733  -0.16069271]
 [-0.3968438  -0.10723004]
 [-0.09756849  0.12889738]
 [ 0.07768516 -0.01742633]
 [ 0.18325721 -0.11559602]
 [ 0.02062783  0.10143898]
 [-0.34372356  0.09821055]
 [-0.02454212  0.04085483]
 [-0.00788745 -0.14865684]
 [-0.09004019  0.15100151]
 [-0.32859095  0.02297047]
 [-0.09977627 -0.15103272]
 [-0.06614386 -0.04870387]
 [ 0.11318788  0.42441108]
 [-0.14270636  0.11017325]
 [ 0.09168325 -0.01713513]
 [-0.19965762 -0.12872779]
 [ 0.13817648 -0.25632247]
 [-0.03174177 -0.04311373]
 [-0.06097201  0.20521678]
 [ 0.03234828 -0.15861883]
 [-0.39502256  0.11620223]
 [ 0.12079693  0.03271585]
 [-0.52342456  0.35812229]
 [ 0.23095531  0.13438469]
 [ 0.07909498  0.16431702]
 [ 0.27597326  0.21391189]
 [ 0.00934814  0.20024842]
 [-0.03237477 -0.09890787]
 [ 0.07861624 -0.51386181]
 [-0.17080332 -0.06486804]
 [ 0.18479992  0.15858301]
 [ 0.64625449 -0.31379542]
 [-0.09129395  0.03447854]
 [ 0.4156712   0.16304042]
 [-0.01356929  0.11750057]
 [-0.56364278 -0.08901995]
 [ 0.03102066  0.12923256]
 [-0.0698786  -0.00145029]
 [-0.46525665 -0.17173123]
 [ 0.04634523  0.27137562]
 [-0.26615386  0.21849025]
 [-0.41523145 -0.1143265 ]
 [ 0.16167138  0.28494228]
 [ 0.15397501  0.14389761]
 [ 0.03113841  0.26665871]
 [-0.00204039 -0.25762262]
 [-0.44594365 -0.08221688]
 [ 0.5676958   0.01916721]
 [-0.15358941  0.31167675]
 [ 0.31732691 -0.00760599]
 [-0.15253088 -0.00881203]
 [-0.11169664  0.1232712 ]
 [-0.00256765 -0.14874464]
 [-0.01231822 -0.52584919]
 [-0.29762451 -0.0589032 ]
 [-0.24543683 -0.22058879]
 [ 0.21106595  0.21366573]
 [ 0.29678313  0.23514147]
 [ 0.36229442  0.16911502]
 [ 0.03261122  0.02483956]
 [-0.23633589  0.22271624]
 [-0.02346226 -0.17488902]
 [-0.08776212 -0.21687166]
 [-0.00688502  0.1125042 ]
 [ 0.16031243  0.09799852]
 [ 0.14374828 -0.07266652]
 [-0.00526573 -0.40488616]
 [-0.37548466  0.39247118]
 [-0.21329725 -0.32493846]
 [-0.08736284 -0.05932714]
 [-0.01160597 -0.02967366]
 [ 0.13607345 -0.04292921]
 [ 0.13331016 -0.1748218 ]
 [-0.12467419  0.2617352 ]
 [ 0.17750182  0.0580091 ]
 [-0.01221199 -0.2169851 ]
 [-0.01492488  0.45973953]
 [-0.23726915 -0.11514001]
 [-0.10542651  0.10072188]
 [ 0.02400058  0.20772946]
 [-0.16231905  0.39343614]
 [ 0.20405676  0.10104306]
 [-0.42106765 -0.37080658]
 [-0.46915522  0.05655534]
 [-0.07506211 -0.3026463 ]
 [ 0.33204332 -0.07370216]
 [-0.426178   -0.11421977]
 [-0.00274027  0.20964376]
 [ 0.1613236   0.30580566]
 [-0.37031545  0.09968827]
 [ 0.22969098  0.02577145]
 [ 0.1302221  -0.10681161]
 [-0.11711305  0.00263429]
 [ 0.04525408 -0.2038417 ]
 [ 0.04906899 -0.09830624]
 [-0.13945383  0.16733121]
 [ 0.22363513 -0.12779272]
 [-0.0738139  -0.15471607]
 [ 0.01203942  0.06942169]
 [-0.15929663  0.14000387]
 [ 0.21961432 -0.17746427]
 [ 0.11169739 -0.01253697]
 [-0.11809653  0.12425737]
 [ 0.16685292  0.3677008 ]
 [ 0.12553226  0.3127478 ]
 [-0.01705557  0.20084584]
 [-0.14799951  0.11325594]
 [ 0.01503112  0.01927416]
 [ 0.24320866  0.44560307]
 [ 0.06885332 -0.04824654]
 [ 0.3216667  -0.21057495]
 [ 0.08299276  0.34939596]
 [-0.25812761  0.15136886]
 [ 0.11042767  0.18979776]
 [ 0.17732409  0.27280195]
 [-0.54369756 -0.06249803]
 [ 0.26269536  0.11731952]
 [ 0.0224712  -0.67191993]
 [ 0.17431576 -0.16051155]
 [-0.27504561 -0.54177748]
 [ 0.11794325 -0.12607536]
 [ 0.20193781 -0.06957957]
 [-0.02334315 -0.37211114]
 [ 0.1410381  -0.07202279]
 [-0.01139154 -0.24807532]]
States:
[[0.9992733  0.99993372 0.48217591 0.50783655 0.51348077 0.59715808]
 [0.99887412 0.99999928 0.47547942 0.49918644 0.42794887 0.48306772]
 [0.99832372 0.99965819 0.46798481 0.4822092  0.50268457 0.48649745]
 ...
 [0.99854411 0.00989437 0.54832604 0.77558857 0.48216472 0.16415672]
 [0.99891523 0.05736793 0.54302977 0.83273083 0.47679914 0.07521417]
 [0.99909003 0.11932978 0.54021806 0.88763396 0.5137306  0.0666728 ]]
Logstds:
[[-3. -3.]
 [-3. -3.]
 [-3. -3.]
 [-3. -3.]
 [-3. -3.]
 [-3. -3.]
 [-3. -3.]
 [-3. -3.]
 [-3. -3.]
 [-3. -3.]
 [-3. -3.]
 [-3. -3.]
 [-3. -3.]
 [-3. -3.]
 [-3. -3.]
 [-3. -3.]
 [-3. -3.]
 [-3. -3.]
 [-3. -3.]
 [-3. -3.]
 [-3. -3.]
 [-3. -3.]
 [-3. -3.]
 [-3. -3.]
 [-3. -3.]
 [-3. -3.]
 [-3. -3.]
 [-3. -3.]
 [-3. -3.]
 [-3. -3.]
 [-3. -3.]
 [-3. -3.]
 [-3. -3.]
 [-3. -3.]
 [-3. -3.]
 [-3. -3.]
 [-3. -3.]
 [-3. -3.]
 [-3. -3.]
 [-3. -3.]
 [-3. -3.]
 [-3. -3.]
 [-3. -3.]
 [-3. -3.]
 [-3. -3.]
 [-3. -3.]
 [-3. -3.]
 [-3. -3.]
 [-3. -3.]
 [-3. -3.]
 [-3. -3.]
 [-3. -3.]
 [-3. -3.]
 [-3. -3.]
 [-3. -3.]
 [-3. -3.]
 [-3. -3.]
 [-3. -3.]
 [-3. -3.]
 [-3. -3.]
 [-3. -3.]
 [-3. -3.]
 [-3. -3.]
 [-3. -3.]
 [-3. -3.]
 [-3. -3.]
 [-3. -3.]
 [-3. -3.]
 [-3. -3.]
 [-3. -3.]
 [-3. -3.]
 [-3. -3.]
 [-3. -3.]
 [-3. -3.]
 [-3. -3.]
 [-3. -3.]
 [-3. -3.]
 [-3. -3.]
 [-3. -3.]
 [-3. -3.]
 [-3. -3.]
 [-3. -3.]
 [-3. -3.]
 [-3. -3.]
 [-3. -3.]
 [-3. -3.]
 [-3. -3.]
 [-3. -3.]
 [-3. -3.]
 [-3. -3.]
 [-3. -3.]
 [-3. -3.]
 [-3. -3.]
 [-3. -3.]
 [-3. -3.]
 [-3. -3.]
 [-3. -3.]
 [-3. -3.]
 [-3. -3.]
 [-3. -3.]
 [-3. -3.]
 [-3. -3.]
 [-3. -3.]
 [-3. -3.]
 [-3. -3.]
 [-3. -3.]
 [-3. -3.]
 [-3. -3.]
 [-3. -3.]
 [-3. -3.]
 [-3. -3.]
 [-3. -3.]
 [-3. -3.]
 [-3. -3.]
 [-3. -3.]
 [-3. -3.]
 [-3. -3.]
 [-3. -3.]
 [-3. -3.]
 [-3. -3.]
 [-3. -3.]
 [-3. -3.]
 [-3. -3.]
 [-3. -3.]
 [-3. -3.]
 [-3. -3.]
 [-3. -3.]
 [-3. -3.]
 [-3. -3.]
 [-3. -3.]
 [-3. -3.]
 [-3. -3.]
 [-3. -3.]
 [-3. -3.]
 [-3. -3.]
 [-3. -3.]
 [-3. -3.]
 [-3. -3.]
 [-3. -3.]
 [-3. -3.]
 [-3. -3.]
 [-3. -3.]
 [-3. -3.]
 [-3. -3.]
 [-3. -3.]
 [-3. -3.]
 [-3. -3.]
 [-3. -3.]
 [-3. -3.]
 [-3. -3.]
 [-3. -3.]
 [-3. -3.]
 [-3. -3.]
 [-3. -3.]
 [-3. -3.]
 [-3. -3.]
 [-3. -3.]
 [-3. -3.]
 [-3. -3.]
 [-3. -3.]
 [-3. -3.]
 [-3. -3.]
 [-3. -3.]
 [-3. -3.]
 [-3. -3.]
 [-3. -3.]
 [-3. -3.]
 [-3. -3.]
 [-3. -3.]
 [-3. -3.]
 [-3. -3.]
 [-3. -3.]
 [-3. -3.]
 [-3. -3.]
 [-3. -3.]
 [-3. -3.]
 [-3. -3.]
 [-3. -3.]
 [-3. -3.]
 [-3. -3.]
 [-3. -3.]
 [-3. -3.]
 [-3. -3.]
 [-3. -3.]
 [-3. -3.]
 [-3. -3.]
 [-3. -3.]
 [-3. -3.]
 [-3. -3.]
 [-3. -3.]
 [-3. -3.]
 [-3. -3.]
 [-3. -3.]
 [-3. -3.]
 [-3. -3.]
 [-3. -3.]
 [-3. -3.]
 [-3. -3.]
 [-3. -3.]
 [-3. -3.]]
