Baseline:
[0.55425084 0.54792625 0.53895897 0.5359258  0.52513677 0.50981444
 0.51712745 0.5035322  0.49745384 0.49484244 0.4777147  0.46261016
 0.45356506 0.44755784 0.4210104  0.38760918 0.3611664  0.33835635
 0.31686386 0.3045406  0.27690503 0.2546325  0.23215881 0.2100025
 0.19647893 0.18838595 0.18019792 0.17831193 0.18568042 0.1830663
 0.18614396 0.20305645 0.18370458 0.19164564 0.20218128 0.23383471
 0.22533058 0.20787466 0.21229005 0.18469489 0.18113619 0.19514066
 0.18165286 0.17846057 0.19006011 0.18037671 0.1795426  0.18279709
 0.18780436 0.18940301 0.18238507 0.17349488 0.18465343 0.19112077
 0.19183043 0.20669197 0.20651919 0.22023246 0.22422656 0.20977923
 0.2062029  0.21104622 0.21643941 0.22870265 0.2159483  0.20316216
 0.21722755 0.22447346 0.20940304 0.22091806 0.23053691 0.23348194
 0.23976707 0.2325938  0.24359033 0.24306269 0.25929582 0.2659511
 0.26147717 0.27127257 0.27393538 0.27504236 0.2835777  0.29537442
 0.28339276 0.27987513 0.26144388 0.23897637 0.20868888 0.19184995
 0.16774067 0.14871255 0.1337507  0.13287586 0.13163269 0.16454424
 0.17340444 0.18299994 0.19240841 0.21083595 0.21418944 0.19876447
 0.19305472 0.18627015 0.16800605 0.15869634 0.15928079 0.1525498
 0.15125346 0.14569911 0.15300146 0.15135784 0.16875763 0.1709981
 0.1961704  0.19824645 0.21076718 0.22544044 0.24277477 0.26782644
 0.29983565 0.32864374 0.35568205 0.37001112 0.37390316 0.3833548
 0.38091415 0.3901457  0.3915753  0.3876383  0.3830483  0.38463092
 0.3836641  0.39362296 0.4004273  0.39947525 0.4019895  0.41536465
 0.4097187  0.40705433 0.41280007 0.4239073  0.4321872  0.43081698
 0.43527767 0.45804092 0.47610542 0.49489266 0.51541585 0.5243807
 0.5455747  0.5325926  0.5313498  0.5175393  0.50130004 0.49293843
 0.50492567 0.5033609  0.5023096  0.49626693 0.49579147 0.48633894
 0.46703255 0.45766383 0.4493182  0.43041965 0.42214704 0.41058964
 0.4041864  0.4006419  0.39616394 0.38740107 0.40454724 0.39718205
 0.41321117 0.4088076  0.39823654 0.3716063  0.35652024 0.3358175
 0.3360725  0.33654812 0.31787524 0.3004835  0.28360444 0.25507233
 0.24511753 0.2431202  0.2385757  0.18929434 0.18556666 0.18916911
 0.19635639 0.20918939 0.22143385 0.22581986 0.21817338 0.21719867
 0.21240729 0.21608703 0.21608703]
Returns:
[ 2.26947245  2.22161554  1.96736842  1.86566667  1.82492486  1.75867486
  1.58942269  1.47936037  1.2640704   1.139509    1.11644592  1.01111533
  0.93755489  0.48156342  0.4331089   0.37953205  0.34676067  0.35919921
  0.37677129  0.31948245  0.12700809  0.13440532  0.16495837  0.09461065
  0.14190638  0.14328295  0.20020403  0.18956208  0.158724    0.22746097
  0.30154234  0.28828701  0.28455575  0.33176468  0.28584919  0.04151844
  0.1183275   0.15890517  0.21704407  0.05924458  0.1299072   0.06350169
  0.08243231  0.1535093   0.15006995  0.20612428  0.22905786  0.28853989
  0.25766354  0.28272553  0.33107646  0.27288034  0.25167662  0.00664843
  0.01910255  0.05292181 -0.04418385 -0.19476737 -0.34169795 -0.40394376
 -0.38311731 -0.4193257  -0.42511073 -0.44281749 -0.46672211 -0.51194
 -0.55723379 -0.55253472 -0.62641745 -0.57668208 -0.5087449  -0.41287215
 -0.33118864 -0.29469192 -0.19251654 -0.10508904 -0.01264312  0.01594037
 -0.08810828  0.02325393  0.0036226  -0.23122229 -0.27244212 -0.25862513
 -0.21929768 -0.14226345 -0.07554523 -0.1407635  -0.28571327 -0.20577012
 -0.13834695 -0.09076753 -0.16870796 -0.08823834 -0.03482421 -0.01701846
  0.08029446  0.09218053  0.1298534   0.05941959  0.09765539  0.15688335
  0.22558751  0.28760862  0.26565132  0.17791306  0.21844831  0.22534359
  0.26532456  0.33590878  0.29143488  0.40783492  0.41818103  0.46487706
  0.39167177  0.5367912   0.58997489  0.75803469  0.94293154  1.11725456
  1.27766121  1.11277418  1.20927104  1.30390694  1.41070068  1.55122637
  1.40164664  1.51995027  1.62875452  1.72596877  1.78841967  1.75692124
  1.84955805  1.88427664  1.67263886  1.63958484  1.65613146  1.6277328
  1.61399385  1.55652927  1.5823415   1.48772391  1.50076349  1.56739054
  1.65274625  1.67622711  1.70770452  1.7968107   1.9350522   1.98978132
  2.09269326  1.95262989  1.916682    1.8914942   1.65387936  1.6506577
  1.46911764  1.34588577  1.31112728  1.24471775  1.11652214  0.83620261
  0.67509261  0.58575834  0.50269392  0.43048491  0.3425087   0.33655841
  0.31051291  0.36104624  0.41613954  0.51021851  0.21374365  0.2088079
  0.1681247   0.29900667  0.40446121  0.42257151  0.57014136  0.67215818
  0.72500551  0.65157162  0.68519513  0.79871239  0.92835058  0.56865806
  0.69226366  0.75850944  0.8604165   0.8487284   0.92876414  1.02868585
  0.8475013   0.76164988  0.56012948  0.59293937  0.47636489  0.40036676
  0.05401208  0.03680149]
Advants:
[ 1.46630555e+00  1.45533236e+00  1.23562895e+00  1.16166392e+00
  1.15759281e+00  1.13317644e+00  9.79920212e-01  9.05764281e-01
  7.14293847e-01  6.07824731e-01  6.18505484e-01  5.43520533e-01
  4.93549348e-01  4.54311597e-02  2.48715584e-02  5.53420924e-03
 -8.03919576e-05  3.70331612e-02  7.93297295e-02  3.64807920e-02
 -1.31159123e-01 -1.03611513e-01 -5.12476881e-02 -1.01648916e-01
 -4.13467084e-02 -3.21454128e-02  3.46862626e-02  2.75288189e-02
 -1.01247244e-02  6.40332610e-02  1.40278940e-01  1.14866628e-01
  1.36130960e-01  1.82737800e-01  1.32504896e-01 -1.45266948e-01
 -5.92551165e-02  1.33147403e-03  5.94869993e-02 -6.99346998e-02
  7.43143054e-03 -7.20527521e-02 -3.76270141e-02  4.11175483e-02
  3.04700683e-02  1.03006426e-01  1.34886981e-01  2.01657488e-01
  1.76105172e-01  2.11505563e-01  2.81540826e-01  2.46625748e-01
  2.28879342e-01 -1.45334653e-02  6.34551196e-03  3.58022123e-02
 -5.27352209e-02 -2.13002725e-01 -3.64222653e-01 -4.13819857e-01
 -3.90614277e-01 -4.34234817e-01 -4.48546431e-01 -4.82843651e-01
 -4.99034616e-01 -5.37939522e-01 -6.06159108e-01 -6.18399939e-01
 -6.89550974e-01 -6.63538383e-01 -6.16664078e-01 -5.33281233e-01
 -4.65908919e-01 -4.29598088e-01 -3.43585326e-01 -2.58516129e-01
 -1.83078007e-01 -1.61312275e-01 -2.64142940e-01 -1.62968196e-01
 -1.86377329e-01 -4.30836616e-01 -4.91362773e-01 -5.00968558e-01
 -4.60689002e-01 -3.89614987e-01 -3.12117267e-01 -3.64493775e-01
 -4.93148070e-01 -4.08556671e-01 -3.27422512e-01 -2.70039019e-01
 -3.44975235e-01 -2.74091201e-01 -2.29095014e-01 -2.55152125e-01
 -1.75847968e-01 -1.83414462e-01 -1.64972659e-01 -2.67241641e-01
 -2.45830301e-01 -1.83487049e-01 -1.20129982e-01 -6.11950288e-02
 -7.57140511e-02 -1.68316256e-01 -1.42510933e-01 -1.43813748e-01
 -1.17460643e-01 -5.51628421e-02 -1.23560229e-01 -1.99027868e-02
 -4.27863585e-02 -1.41342714e-02 -1.32704210e-01 -7.14927083e-03
  1.57930568e-02  1.54693314e-01  3.11717845e-01  4.54170147e-01
  5.79138693e-01  3.75732056e-01  4.36799969e-01  5.10485091e-01
  6.09383538e-01  7.40167131e-01  5.88162162e-01  6.95327226e-01
  8.03953242e-01  9.09590857e-01  9.83573744e-01  9.57002937e-01
  1.06056634e+00  1.09690004e+00  8.84261938e-01  8.57465533e-01
  8.77689453e-01  8.41342622e-01  8.38888636e-01  7.88512908e-01
  8.14001447e-01  7.10890731e-01  7.18634402e-01  7.91972871e-01
  8.81165989e-01  8.90910763e-01  9.14534718e-01  9.98109337e-01
  1.13385333e+00  1.20059422e+00  1.30760305e+00  1.20403684e+00
  1.19377665e+00  1.20857467e+00  1.00875763e+00  1.03745158e+00
  8.63499430e-01  7.59312040e-01  7.43531178e-01  7.00750766e-01
  5.88165082e-01  3.25344410e-01  1.87886967e-01  1.10164663e-01
  3.55692800e-02 -1.92560199e-02 -1.03068553e-01 -1.01747028e-01
 -1.26647443e-01 -7.66031588e-02 -1.95666714e-02  8.37051492e-02
 -2.39148914e-01 -2.46663877e-01 -3.15921735e-01 -1.90066353e-01
 -8.06858181e-02 -4.17726943e-02  1.19589976e-01  2.44701572e-01
  3.01516265e-01  2.29902974e-01  2.86308589e-01  4.25725612e-01
  5.86007095e-01  2.59541431e-01  4.02327206e-01  4.82692203e-01
  6.05590571e-01  6.62194396e-01  7.69178450e-01  8.93675401e-01
  7.30055687e-01  6.55179847e-01  4.60640497e-01  5.10806736e-01
  4.22104341e-01  3.66709197e-01  3.58824110e-02  2.59971470e-02]
Mus:
[[-0.02695243 -0.0113536 ]
 [-0.02733257 -0.01132599]
 [-0.02840259 -0.01094357]
 [-0.02901632 -0.01091276]
 [-0.03031267 -0.01153084]
 [-0.03118926 -0.01204844]
 [-0.03220125 -0.0125589 ]
 [-0.03339417 -0.0129126 ]
 [-0.03397436 -0.01280246]
 [-0.03449753 -0.01312028]
 [-0.03633182 -0.0138671 ]
 [-0.03786249 -0.01411824]
 [-0.03875876 -0.01457505]
 [-0.0394452  -0.01388889]
 [-0.0411302  -0.01441641]
 [-0.04264785 -0.01529952]
 [-0.04318453 -0.01536091]
 [-0.04238717 -0.01482011]
 [-0.04120329 -0.01409816]
 [-0.03889749 -0.01271123]
 [-0.03851343 -0.01336973]
 [-0.03693115 -0.01314009]
 [-0.03512489 -0.01275069]
 [-0.03507153 -0.01344151]
 [-0.03544181 -0.01377126]
 [-0.03259715 -0.01229022]
 [-0.0308939  -0.01144455]
 [-0.02998564 -0.0107865 ]
 [-0.03176967 -0.01181563]
 [-0.03221422 -0.01231994]
 [-0.03285954 -0.01283886]
 [-0.03484261 -0.01380376]
 [-0.03301431 -0.01310371]
 [-0.03477637 -0.01403414]
 [-0.03825442 -0.01606448]
 [-0.03923241 -0.01635666]
 [-0.04042932 -0.01704367]
 [-0.04106561 -0.01747858]
 [-0.04151742 -0.01772617]
 [-0.0383192  -0.01611022]
 [-0.03746859 -0.01585419]
 [-0.04092404 -0.01780595]
 [-0.03835573 -0.01672453]
 [-0.0377726  -0.01675111]
 [-0.03853575 -0.01727572]
 [-0.03645051 -0.01658543]
 [-0.03441202 -0.01556529]
 [-0.03353472 -0.01551814]
 [-0.03161778 -0.01441487]
 [-0.0300897  -0.01365414]
 [-0.02808278 -0.01282332]
 [-0.02316969 -0.0108602 ]
 [-0.02363187 -0.01159637]
 [-0.0203534  -0.00960229]
 [-0.01738403 -0.00855633]
 [-0.02097818 -0.01127714]
 [-0.02087842 -0.01206831]
 [-0.01926226 -0.01134609]
 [-0.02050151 -0.01274764]
 [-0.0207004  -0.01336447]
 [-0.01960894 -0.01303065]
 [-0.01974127 -0.01354774]
 [-0.01891229 -0.01325577]
 [-0.01922502 -0.0135929 ]
 [-0.01692182 -0.01237756]
 [-0.01583651 -0.01241065]
 [-0.01387226 -0.01118381]
 [-0.01394612 -0.01179112]
 [-0.01007644 -0.00969596]
 [-0.00932365 -0.00946477]
 [-0.00754474 -0.00856379]
 [-0.00591984 -0.00779801]
 [-0.00551448 -0.00779232]
 [-0.00374243 -0.0069555 ]
 [-0.00241013 -0.00615063]
 [-0.0004379  -0.00522872]
 [ 0.00123481 -0.00411112]
 [-0.00088246 -0.005459  ]
 [-0.00228567 -0.00626939]
 [-0.00421684 -0.0067551 ]
 [-0.00557201 -0.0061623 ]
 [-0.00817484 -0.00569121]
 [-0.00783545 -0.00478668]
 [-0.00853091 -0.0047907 ]
 [-0.00968816 -0.00520426]
 [-0.0094908  -0.0047371 ]
 [-0.01016841 -0.005088  ]
 [-0.00823648 -0.00403852]
 [-0.00595975 -0.00301069]
 [-0.00740092 -0.00355666]
 [-0.00879034 -0.00380241]
 [-0.00908992 -0.0034716 ]
 [-0.01056823 -0.0041929 ]
 [-0.01133403 -0.00432907]
 [-0.01330693 -0.00515274]
 [-0.02438206 -0.0106415 ]
 [-0.03105524 -0.01415195]
 [-0.03439404 -0.01590256]
 [-0.03738544 -0.01740875]
 [-0.04034625 -0.01881398]
 [-0.04160328 -0.01970769]
 [-0.04130563 -0.01988052]
 [-0.04031288 -0.01970621]
 [-0.03863875 -0.01925071]
 [-0.03545469 -0.01774685]
 [-0.03400348 -0.01828675]
 [-0.03227994 -0.01820993]
 [-0.02819396 -0.01664358]
 [-0.02425868 -0.01526431]
 [-0.01968114 -0.01333189]
 [-0.01649291 -0.01268347]
 [-0.0123802  -0.01101615]
 [-0.01122935 -0.0110641 ]
 [-0.0083505  -0.0097389 ]
 [-0.00937343 -0.0105782 ]
 [-0.00770811 -0.00952703]
 [-0.00679496 -0.00891833]
 [-0.00703485 -0.00854636]
 [-0.00765619 -0.00829473]
 [-0.01020067 -0.00892211]
 [-0.01449512 -0.01028623]
 [-0.01994027 -0.01197664]
 [-0.02733225 -0.01447257]
 [-0.03342301 -0.01648113]
 [-0.03732255 -0.01758629]
 [-0.04177429 -0.01954179]
 [-0.04252307 -0.01928349]
 [-0.0447864  -0.02023104]
 [-0.04481371 -0.02039612]
 [-0.04434518 -0.02031975]
 [-0.04398843 -0.02037362]
 [-0.04423218 -0.02076852]
 [-0.04401913 -0.02093899]
 [-0.0441527  -0.02150922]
 [-0.04229343 -0.02098951]
 [-0.03791974 -0.01940045]
 [-0.03260426 -0.01770719]
 [-0.02543395 -0.01568733]
 [-0.01598881 -0.01200345]
 [-0.00812434 -0.00904717]
 [-0.00299181 -0.00744035]
 [ 0.00044768 -0.00674065]
 [ 0.00416628 -0.00544216]
 [ 0.00921427 -0.00297903]
 [ 0.01078811 -0.00187175]
 [ 0.00851468 -0.00265953]
 [ 0.00494077 -0.0037728 ]
 [-0.0005715  -0.00549124]
 [-0.0069048  -0.00721846]
 [-0.01335871 -0.00819237]
 [-0.02081538 -0.01075215]
 [-0.02278047 -0.01035271]
 [-0.02584008 -0.01178349]
 [-0.02474786 -0.01084756]
 [-0.02360628 -0.00990556]
 [-0.02563393 -0.01099316]
 [-0.02845526 -0.01336518]
 [-0.02677876 -0.01329734]
 [-0.02437323 -0.01304394]
 [-0.02102601 -0.01228881]
 [-0.01724541 -0.01148533]
 [-0.01239784 -0.00987741]
 [-0.00643697 -0.00736858]
 [-0.00226295 -0.00578892]
 [ 0.00059718 -0.0047609 ]
 [ 0.0045506  -0.00295432]
 [ 0.00516719 -0.00290164]
 [ 0.00658194 -0.0021625 ]
 [ 0.00808296 -0.0015417 ]
 [ 0.00940891 -0.00100712]
 [ 0.01086563 -0.00026667]
 [ 0.0120115   0.00059519]
 [ 0.01090695 -0.00036649]
 [ 0.01139837  0.00028341]
 [ 0.00941096 -0.00068632]
 [ 0.00835845 -0.00081148]
 [ 0.00653375 -0.00113291]
 [ 0.0050427  -0.00097904]
 [ 0.00156818 -0.00204303]
 [-0.0016125  -0.00290529]
 [-0.00646614 -0.00511348]
 [-0.01193042 -0.00791284]
 [-0.01587871 -0.00939882]
 [-0.02023042 -0.01114231]
 [-0.02481477 -0.01297542]
 [-0.02722729 -0.01347395]
 [-0.03084802 -0.01497765]
 [-0.03412341 -0.01684203]
 [-0.03659985 -0.0182019 ]
 [-0.03183968 -0.01468349]
 [-0.02870555 -0.01335437]
 [-0.02739164 -0.01329377]
 [-0.0261752  -0.01322132]
 [-0.02395123 -0.01216889]
 [-0.0218108  -0.01105863]
 [-0.01965223 -0.0101355 ]
 [-0.01850827 -0.01053647]
 [-0.01326886 -0.00791006]
 [-0.01318511 -0.00928482]
 [-0.01070338 -0.00837788]]
Actions:
[[-1.45886373e-02 -1.36000594e-01]
 [ 1.35200317e-01 -4.21559581e-01]
 [ 1.02325657e-01 -1.60716600e-01]
 [-1.15066234e-01 -1.15359301e-01]
 [-2.30771215e-01 -1.84636151e-01]
 [ 2.44428642e-01  1.61252963e-01]
 [-1.29283858e-01 -3.08542145e-01]
 [ 3.02094153e-01 -1.40040725e-01]
 [ 2.08314415e-01  1.08931547e-01]
 [-8.72802184e-02 -1.34714183e-01]
 [ 1.24888723e-01 -2.15405284e-01]
 [ 1.46959341e-01  1.14652155e-01]
 [ 5.04777131e-01 -2.50348349e-01]
 [-8.18002275e-02 -2.05461736e-01]
 [-3.29163631e-01 -1.37804641e-01]
 [-1.47388319e-01 -2.33009747e-01]
 [ 9.31766543e-02 -5.19569460e-02]
 [ 1.22095968e-01 -1.82682054e-03]
 [ 2.75370420e-01  4.27054322e-02]
 [-5.32267659e-01  2.46927193e-01]
 [-3.13142147e-01  9.66249806e-02]
 [-2.67418865e-01  5.05259028e-02]
 [-3.97628107e-01  2.27986707e-01]
 [-5.98122957e-02  2.02064137e-01]
 [ 1.33611704e-01 -2.18553381e-01]
 [ 1.10107184e-01 -5.23751032e-03]
 [ 2.48530361e-01  9.36978002e-02]
 [-8.08846908e-02  3.46909354e-01]
 [-1.66860296e-01  9.83863689e-02]
 [-7.43982640e-02  1.17237353e-01]
 [ 1.08868944e-01  2.66393551e-01]
 [-2.22519203e-01 -2.73754980e-01]
 [ 6.61076636e-03  1.77877312e-01]
 [-1.73641308e-01  3.34969528e-01]
 [ 4.09975412e-01  2.98311221e-01]
 [-1.26629231e-01  8.84801716e-03]
 [-2.27385756e-01 -1.43789213e-01]
 [ 5.79300177e-02  4.04372779e-02]
 [-1.10681339e-01 -4.87032206e-01]
 [-8.20056265e-02 -8.46878797e-02]
 [-7.45877894e-02  3.54900751e-01]
 [-1.07431586e-01 -2.55311881e-01]
 [-1.46457793e-01 -2.06544910e-02]
 [ 1.14327949e-01  1.82735372e-01]
 [-1.77798619e-01 -1.48180438e-01]
 [ 8.75782918e-02 -1.90096348e-01]
 [-4.40015001e-02  1.03670721e-01]
 [ 2.28295022e-01 -1.46210363e-01]
 [ 1.49685736e-01 -4.39290809e-02]
 [-1.26369970e-01 -1.73395910e-01]
 [-2.73417595e-01 -3.13251844e-01]
 [-1.45120829e-01  2.63985907e-01]
 [ 4.64469586e-01 -2.04498816e-01]
 [-2.21674014e-01 -8.81754279e-02]
 [-3.57745598e-02 -1.64471433e-01]
 [-1.17276937e-01  3.34973428e-01]
 [ 3.39672055e-01  1.60693006e-01]
 [-2.25717644e-01  3.68788584e-01]
 [-3.68986164e-01 -7.25284126e-03]
 [-1.50848446e-02  1.90501949e-02]
 [-8.51198085e-02  2.33821525e-01]
 [ 1.11375842e-01  1.29445212e-01]
 [ 3.83184393e-02  2.20055639e-01]
 [-7.28173662e-02 -3.19549709e-01]
 [-3.90649967e-01 -8.17551102e-02]
 [ 2.74102937e-01 -1.19493106e-02]
 [-2.02619617e-01  2.08002463e-01]
 [-7.92244188e-02 -3.97448817e-01]
 [ 3.60624021e-02  1.46386565e-01]
 [ 9.72248858e-02  3.53473688e-02]
 [-2.79634650e-02 -3.31340524e-02]
 [-9.19252974e-02  1.09826388e-01]
 [-2.13365510e-01 -1.73970964e-01]
 [ 7.91009733e-02  1.79593645e-02]
 [-1.39596270e-01 -1.21162420e-01]
 [ 1.72946182e-01 -1.14068627e-03]
 [-2.66308146e-01  1.76407449e-01]
 [-4.79985170e-01 -1.01083629e-01]
 [-1.35981341e-01 -4.68913135e-02]
 [-1.14976963e-01 -3.69109857e-01]
 [-1.70187042e-02 -5.90013503e-01]
 [ 2.47859309e-01 -2.90127597e-01]
 [ 2.74599127e-01  1.12135058e-01]
 [-2.46627747e-01 -1.37513125e-01]
 [ 9.62800655e-02 -1.60759149e-01]
 [-2.34909447e-01 -6.92233544e-02]
 [-9.28200781e-02 -4.18867545e-01]
 [-2.87757339e-01 -4.26080805e-01]
 [-1.75277641e-01  1.45015537e-02]
 [ 1.03538122e-01 -1.75613127e-01]
 [ 1.19738879e-01 -2.17968059e-01]
 [-4.43051451e-01  5.68882566e-02]
 [ 1.65156912e-01 -3.45701612e-02]
 [-1.43854872e-01  2.04261627e-01]
 [ 1.54054153e-01  1.98794839e-01]
 [-1.35854071e-01 -5.52712501e-02]
 [ 1.00743791e-01  2.08861056e-01]
 [ 6.10633035e-02  1.40186946e-01]
 [ 2.32405107e-01  2.14652840e-01]
 [ 1.24211906e-02  1.17050276e-01]
 [-1.57158325e-01 -9.71193699e-02]
 [-5.82684672e-03 -4.13096307e-02]
 [-9.88961883e-03 -6.26250677e-02]
 [-3.85309772e-02 -3.50523715e-01]
 [-3.95216913e-01  1.98681776e-01]
 [-8.90877601e-02  1.26735763e-01]
 [-3.29528531e-01 -1.84763304e-01]
 [ 1.33307606e-01 -6.67846979e-02]
 [-1.35575428e-01 -1.97236638e-01]
 [-2.54195332e-01  2.79178492e-01]
 [-7.00774306e-02 -6.63766913e-02]
 [-2.08836953e-01  2.86184732e-01]
 [-3.36770974e-01 -3.37482902e-02]
 [-1.31132950e-02  4.53379491e-01]
 [-1.03673578e-01 -1.72882648e-02]
 [-3.33464754e-01  9.56116467e-02]
 [ 4.18250237e-02  3.65421051e-02]
 [ 4.35668556e-02  1.68877588e-02]
 [ 1.24070943e-01  5.27350392e-02]
 [ 1.74098622e-01  8.74545179e-02]
 [-6.18454454e-01  3.64597420e-02]
 [ 2.72788714e-01  7.97214120e-02]
 [ 2.78341710e-01 -1.14333102e-02]
 [-2.61977902e-01 -1.93486131e-01]
 [-6.93078580e-03  1.84207395e-01]
 [ 2.52179203e-01 -4.54656475e-01]
 [-1.76196578e-01  3.73714111e-02]
 [ 5.15700366e-02 -5.23417294e-02]
 [-1.46611090e-01 -1.24167661e-01]
 [ 1.17095882e-01 -9.18703977e-02]
 [ 2.86591224e-01  4.05756944e-02]
 [-5.78479973e-02 -1.48340200e-02]
 [-1.02755378e-01  2.40612450e-01]
 [-6.40453335e-01 -2.76510769e-02]
 [-3.40807900e-01 -2.06787103e-01]
 [-3.00181051e-01 -1.33512839e-02]
 [-1.23884142e-01  2.78157822e-01]
 [-1.43484816e-01 -2.64435401e-01]
 [ 2.47546533e-01 -1.22891380e-01]
 [-7.94574357e-02  1.98710632e-01]
 [-2.48662531e-02  4.17106512e-01]
 [-2.87959906e-01  1.75180711e-01]
 [ 1.25560544e-02 -1.89142419e-01]
 [-2.23461412e-01 -4.58534931e-02]
 [-2.51622335e-01  2.70694632e-01]
 [-2.79241522e-01  2.54014936e-01]
 [-1.72783081e-01  2.74754181e-01]
 [-1.86855335e-01  1.24923482e-01]
 [-1.41697595e-01 -2.86260964e-01]
 [ 1.67240732e-02  2.62952883e-01]
 [ 3.02497750e-01 -3.65697573e-01]
 [ 2.73577164e-01  2.31440450e-01]
 [-8.96190996e-03 -2.94012431e-01]
 [-2.91527760e-01 -4.69424991e-01]
 [-2.57033429e-01 -3.55790189e-02]
 [-2.02047237e-01  4.52789337e-01]
 [ 2.52580634e-01 -2.37169446e-02]
 [-9.67982319e-02  4.25948717e-02]
 [ 7.84886059e-02 -6.49603445e-03]
 [ 1.76964661e-01  1.04590164e-01]
 [ 3.89201815e-01 -5.64246460e-02]
 [-3.76620933e-02 -2.54403981e-01]
 [-2.57317985e-02 -5.42089007e-02]
 [-1.21377744e-01  7.14844848e-02]
 [-8.13448223e-02 -1.24529601e-01]
 [ 1.77338007e-01  1.29755340e-01]
 [ 6.27067688e-02 -6.36725010e-03]
 [-2.53983342e-01  7.13575584e-02]
 [-7.19545993e-02  7.85115190e-02]
 [ 1.66497816e-01  2.11515769e-02]
 [-1.07444845e-01 -7.10769792e-02]
 [-5.11815809e-01  3.89599443e-01]
 [ 3.38443401e-01 -8.30761401e-02]
 [-2.93699500e-01  2.87959603e-01]
 [ 7.84579829e-02  5.15836493e-02]
 [-2.03313207e-01  5.37433847e-03]
 [ 2.74754666e-01 -2.10679601e-01]
 [-8.08247819e-02  1.86446976e-02]
 [ 2.26121028e-01 -4.82499651e-02]
 [-9.91889220e-02  3.11143886e-01]
 [ 4.17427955e-02  4.68899591e-01]
 [-4.26700848e-02  3.40235560e-01]
 [-9.15257907e-02  1.93255500e-01]
 [ 6.94469279e-02 -1.56971551e-01]
 [-3.18934568e-01 -6.60805383e-01]
 [-1.66419445e-01 -5.14032460e-02]
 [ 3.35584712e-02  1.86879531e-01]
 [ 3.24075735e-02  5.85726805e-02]
 [-5.84381855e-02 -3.82415212e-01]
 [-1.89363571e-01 -1.38827268e-01]
 [-1.19717658e-02  3.36298712e-02]
 [ 4.04457867e-01  2.33362150e-01]
 [ 3.55029959e-01 -5.82453008e-02]
 [ 4.72952084e-01  5.80851734e-06]
 [ 1.07835125e-01 -5.91019268e-02]
 [-4.46260541e-01  8.97305334e-02]
 [ 6.48664213e-02 -3.67838714e-01]
 [-5.62573011e-01  3.32807618e-01]
 [ 2.05096379e-01  8.48572697e-02]
 [-1.61021379e-01 -3.01751753e-01]]
States:
[[0.99964296 1.         0.52877232 0.50000772 0.51293081 0.59691393]
 [0.99965561 0.99999193 0.52842928 0.49726738 0.5092093  0.56128028]
 [0.9995743  0.99970692 0.53053685 0.4835259  0.54400335 0.45150333]
 ...
 [0.84988423 0.         0.14632275 0.59556907 0.19474592 0.48119305]
 [0.80460643 0.         0.10626831 0.60608808 0.05665823 0.57069683]
 [0.74987748 0.         0.06895833 0.60831048 0.11834072 0.59345859]]
Logstds:
[[-3. -3.]
 [-3. -3.]
 [-3. -3.]
 [-3. -3.]
 [-3. -3.]
 [-3. -3.]
 [-3. -3.]
 [-3. -3.]
 [-3. -3.]
 [-3. -3.]
 [-3. -3.]
 [-3. -3.]
 [-3. -3.]
 [-3. -3.]
 [-3. -3.]
 [-3. -3.]
 [-3. -3.]
 [-3. -3.]
 [-3. -3.]
 [-3. -3.]
 [-3. -3.]
 [-3. -3.]
 [-3. -3.]
 [-3. -3.]
 [-3. -3.]
 [-3. -3.]
 [-3. -3.]
 [-3. -3.]
 [-3. -3.]
 [-3. -3.]
 [-3. -3.]
 [-3. -3.]
 [-3. -3.]
 [-3. -3.]
 [-3. -3.]
 [-3. -3.]
 [-3. -3.]
 [-3. -3.]
 [-3. -3.]
 [-3. -3.]
 [-3. -3.]
 [-3. -3.]
 [-3. -3.]
 [-3. -3.]
 [-3. -3.]
 [-3. -3.]
 [-3. -3.]
 [-3. -3.]
 [-3. -3.]
 [-3. -3.]
 [-3. -3.]
 [-3. -3.]
 [-3. -3.]
 [-3. -3.]
 [-3. -3.]
 [-3. -3.]
 [-3. -3.]
 [-3. -3.]
 [-3. -3.]
 [-3. -3.]
 [-3. -3.]
 [-3. -3.]
 [-3. -3.]
 [-3. -3.]
 [-3. -3.]
 [-3. -3.]
 [-3. -3.]
 [-3. -3.]
 [-3. -3.]
 [-3. -3.]
 [-3. -3.]
 [-3. -3.]
 [-3. -3.]
 [-3. -3.]
 [-3. -3.]
 [-3. -3.]
 [-3. -3.]
 [-3. -3.]
 [-3. -3.]
 [-3. -3.]
 [-3. -3.]
 [-3. -3.]
 [-3. -3.]
 [-3. -3.]
 [-3. -3.]
 [-3. -3.]
 [-3. -3.]
 [-3. -3.]
 [-3. -3.]
 [-3. -3.]
 [-3. -3.]
 [-3. -3.]
 [-3. -3.]
 [-3. -3.]
 [-3. -3.]
 [-3. -3.]
 [-3. -3.]
 [-3. -3.]
 [-3. -3.]
 [-3. -3.]
 [-3. -3.]
 [-3. -3.]
 [-3. -3.]
 [-3. -3.]
 [-3. -3.]
 [-3. -3.]
 [-3. -3.]
 [-3. -3.]
 [-3. -3.]
 [-3. -3.]
 [-3. -3.]
 [-3. -3.]
 [-3. -3.]
 [-3. -3.]
 [-3. -3.]
 [-3. -3.]
 [-3. -3.]
 [-3. -3.]
 [-3. -3.]
 [-3. -3.]
 [-3. -3.]
 [-3. -3.]
 [-3. -3.]
 [-3. -3.]
 [-3. -3.]
 [-3. -3.]
 [-3. -3.]
 [-3. -3.]
 [-3. -3.]
 [-3. -3.]
 [-3. -3.]
 [-3. -3.]
 [-3. -3.]
 [-3. -3.]
 [-3. -3.]
 [-3. -3.]
 [-3. -3.]
 [-3. -3.]
 [-3. -3.]
 [-3. -3.]
 [-3. -3.]
 [-3. -3.]
 [-3. -3.]
 [-3. -3.]
 [-3. -3.]
 [-3. -3.]
 [-3. -3.]
 [-3. -3.]
 [-3. -3.]
 [-3. -3.]
 [-3. -3.]
 [-3. -3.]
 [-3. -3.]
 [-3. -3.]
 [-3. -3.]
 [-3. -3.]
 [-3. -3.]
 [-3. -3.]
 [-3. -3.]
 [-3. -3.]
 [-3. -3.]
 [-3. -3.]
 [-3. -3.]
 [-3. -3.]
 [-3. -3.]
 [-3. -3.]
 [-3. -3.]
 [-3. -3.]
 [-3. -3.]
 [-3. -3.]
 [-3. -3.]
 [-3. -3.]
 [-3. -3.]
 [-3. -3.]
 [-3. -3.]
 [-3. -3.]
 [-3. -3.]
 [-3. -3.]
 [-3. -3.]
 [-3. -3.]
 [-3. -3.]
 [-3. -3.]
 [-3. -3.]
 [-3. -3.]
 [-3. -3.]
 [-3. -3.]
 [-3. -3.]
 [-3. -3.]
 [-3. -3.]
 [-3. -3.]
 [-3. -3.]
 [-3. -3.]
 [-3. -3.]
 [-3. -3.]
 [-3. -3.]
 [-3. -3.]
 [-3. -3.]
 [-3. -3.]
 [-3. -3.]
 [-3. -3.]]
