Baseline:
[1.3710399  1.3376844  1.328616   1.311273   1.2764851  1.2809309
 1.3021438  1.2636174  1.2521513  1.2238622  1.2141035  1.2333852
 1.2259756  1.2202996  1.2144176  1.1772761  1.147276   1.1555654
 1.1173962  1.0714902  1.0539008  1.0494024  1.0000085  0.973777
 0.956026   0.9389592  0.92412204 0.9537373  0.9738009  0.9954744
 0.9883755  1.0135999  0.9601457  0.9627294  0.97687536 1.000203
 0.9853882  0.9620331  0.9876668  0.9907978  0.9883709  0.9920865
 1.0091205  1.0110656  1.0175511  1.02241    1.0378438  1.051568
 1.0524602  1.0576285  1.0690763  1.0722923  1.0764675  1.0811065
 1.0608214  1.0788883  1.0700973  1.0552322  1.0542552  1.0442756
 1.0360204  1.055735   1.0746199  1.0716463  1.0618043  1.0834594
 1.0833077  1.1072574  1.0873963  1.0835732  1.0839854  1.079885
 1.0759077  1.0378215  1.0786937  1.0584037  1.0368445  1.1023566
 1.1157899  1.1034898  1.1017867  1.1076529  1.1017585  1.1077437
 1.1133019  1.1159112  1.0788873  1.081145   1.0866143  1.1096437
 1.0873101  1.0616224  1.0227314  1.0181576  1.0072976  1.0095428
 1.0015261  0.97673935 0.96197444 0.9477188  0.99250424 0.9899064
 0.9890572  1.0191034  1.0404013  1.0523916  1.0710799  1.0465266
 1.0543038  1.0549997  1.0519034  1.0878719  1.0734998  1.0827897
 1.0873826  1.0984955  1.0846184  1.0765668  1.0693232  1.0720623
 1.0648917  1.0522848  1.046441   1.0481203  1.057291   1.0511897
 1.0550089  1.0652524  1.0734268  1.0517664  1.0418643  1.0459152
 1.0501822  1.012666   1.0023973  0.97916967 0.9724243  0.96822876
 0.95632917 0.982079   0.98978674 0.98544204 0.9723841  0.9871864
 0.98872375 0.98801833 1.0024682  0.97597224 0.9848592  1.0140127
 1.0259424  1.0232689  1.0394849  1.0579823  1.0832223  1.1020017
 1.109035   1.1122775  1.1515789  1.1622471  1.1639475  1.1494807
 1.140607   1.1545876  1.1857601  1.1860975  1.2155913  1.1679833
 1.1603249  1.1507369  1.1581452  1.139217   1.1318913  1.1494147
 1.1693712  1.1650915  1.1842458  1.1695558  1.1460328  1.1536163
 1.1606251  1.1442994  1.1659471  1.1663541  1.1805784  1.1943238
 1.1939563  1.1969002  1.194316   1.2001978  1.1906859  1.204449
 1.1984854  1.2039717  1.1560781  1.1610143  1.1820732  1.1734279
 1.1625172  1.1694143  1.1694143 ]
Returns:
[6.84390764 6.74545067 6.76312151 6.76654398 6.67245861 6.68850782
 6.39893634 6.02113982 6.01478962 5.47503776 5.45605535 5.10146424
 5.07688902 4.98778517 4.97455052 4.8971125  4.90030341 4.77551185
 4.70059934 4.57618992 4.58907603 4.53071925 4.25268998 4.22172032
 4.22995221 4.29114712 4.32411213 4.20575909 4.21463287 4.08778492
 4.15860738 4.05959984 3.69307514 3.66647079 3.55782807 3.48492484
 3.47830021 3.37423149 3.33594435 3.1205582  3.09136616 3.07926229
 3.1823338  3.26459549 3.40423915 3.47378166 3.58115681 3.70770745
 3.65841588 3.81450894 3.98077579 4.16836665 4.31013883 4.3768945
 4.52569355 4.60919247 4.75317162 4.86158352 5.03550861 5.18113793
 4.88737321 5.00452731 5.07965431 5.21339966 5.30985884 5.25288241
 5.14116104 5.05898904 4.74071251 4.67060445 4.76650851 4.81885018
 4.90841021 4.76718177 4.47432582 4.36767369 4.34210209 4.01276769
 4.03864241 3.96178409 3.95254194 3.97364679 3.88749533 3.91673746
 3.75770057 3.73731815 3.60728413 3.61104953 3.55682062 3.42635649
 3.3097146  3.25372979 3.0506982  3.06568952 3.084212   3.05260595
 3.08848032 2.96201822 2.92867456 2.85246072 2.86978393 2.9270455
 2.98989143 2.77361445 2.80532076 2.87715532 2.93592417 2.85259504
 2.96258331 3.02953761 3.14541321 3.01294595 3.00290873 3.11729014
 3.19762302 3.31730291 3.36934657 3.48558283 3.56229314 3.684018
 3.82964201 3.93724945 3.9161567  4.01469807 3.98898596 4.03213646
 4.09690081 4.02829928 3.76035108 3.78934511 3.84365473 3.85083466
 3.88916291 3.76448463 3.64970614 3.64920573 3.33343411 3.38009013
 3.438845   3.27997769 3.31723747 3.4084508  3.4729518  3.47741199
 3.58447013 3.68879209 3.77678373 3.73007495 3.75480061 3.80898045
 3.9811138  3.3074182  3.37574072 3.467816   3.49091502 3.54977603
 3.62249254 3.73382404 3.66473213 3.67018326 3.807614   3.91894014
 3.96484998 3.97973343 3.63825292 3.73557531 3.50488624 3.21944045
 3.30332843 3.28602862 3.3109503  3.31777597 3.38003586 3.33009978
 3.21413735 3.24855156 3.20238309 3.06856543 3.0602262  2.95068144
 2.858078   2.84508853 2.67516254 2.67215482 2.64091991 2.61188029
 2.42309149 2.43560548 2.23248508 2.14694235 2.04468779 2.00760212
 1.92598709 1.79854528 1.20562294 0.95829985 0.66766247 0.55239273
 0.42110218 0.26791549]
Advants:
[3.88710344 3.8541657  3.91663553 3.97681765 3.95846074 4.01485108
 3.74305706 3.43560595 3.47540959 2.98577107 2.99994544 2.63990082
 2.63721066 2.56691111 2.57357774 2.54724842 2.59662301 2.47698839
 2.45370035 2.38737066 2.43199934 2.39183422 2.17098727 2.17455444
 2.21035384 2.30168875 2.36515618 2.22961132 2.23155726 2.09269704
 2.18351259 2.06943105 1.75769289 1.7290481  1.60305127 1.50036271
 1.50179845 1.41125869 1.3346978  1.09570557 1.04589341 1.00457426
 1.06560087 1.12125994 1.23177834 1.27389397 1.34418844 1.43701345
 1.36357245 1.49392652 1.63121062 1.80225901 1.92964994 1.98261218
 2.1469917  2.20934189 2.36349241 2.49208026 2.67815479 2.85070054
 2.57474062 2.68555668 2.75805422 2.91664184 3.04996238 2.99821994
 2.91237929 2.8308966  2.54998953 2.50065431 2.61749328 2.69884658
 2.82231014 2.74845347 2.43618417 2.37043798 2.38867357 2.00575861
 2.03153273 1.97944635 1.98520833 2.01535244 1.9487884  1.98762415
 1.83484453 1.82396351 1.74121925 1.75391402 1.70450955 1.55743935
 1.46718488 1.44034988 1.2748898  1.29362813 1.32302212 1.2881365
 1.33226247 1.22769755 1.20540838 1.13750744 1.1027468  1.15653756
 1.21561687 0.95666643 0.95369381 1.00086807 1.02843903 0.95427002
 1.04293771 1.09654818 1.20547433 1.02092771 1.00791336 1.09742805
 1.15860663 1.25472956 1.30918481 1.42487457 1.50209451 1.6174526
 1.77103606 1.89582437 1.88506748 1.98979996 1.96237906 2.02125187
 2.09452244 2.02661428 1.75382036 1.80965375 1.88147147 1.8929511
 1.9371279  1.85824729 1.75949212 1.78916724 1.47812315 1.52835781
 1.60052786 1.41184565 1.43790034 1.53261845 1.61166462 1.60261667
 1.71280535 1.82614655 1.91098482 1.90240582 1.93135908 1.97139128
 2.15283382 1.48410663 1.54031517 1.62061997 1.62571286 1.67488416
 1.7524628  1.87680356 1.78269406 1.79281634 1.94939057 2.10169345
 2.18693956 2.22092789 1.87265355 1.99909354 1.76282792 1.54358907
 1.65815007 1.67517485 1.72007377 1.77634255 1.88119482 1.84991989
 1.74906415 1.827005   1.8022522  1.7234661  1.78289756 1.71016401
 1.6556475  1.70802422 1.56374369 1.61154528 1.62025937 1.63493926
 1.50305082 1.57426534 1.43442292 1.40603503 1.37883049 1.39753021
 1.39501222 1.33733621 0.85711365 0.66737933 0.41389434 0.36714228
 0.30801218 0.20944476]
Mus:
[[-1.59649234e-02 -5.48921758e-03]
 [-1.57439914e-02 -5.32069523e-03]
 [-1.56829301e-02 -5.41844871e-03]
 [-1.53641170e-02 -5.68137784e-03]
 [-1.43049685e-02 -5.78765944e-03]
 [-1.42827099e-02 -6.13406301e-03]
 [-1.51669299e-02 -5.93172014e-03]
 [-1.44134676e-02 -5.28113917e-03]
 [-1.47923380e-02 -5.71161089e-03]
 [-1.64428465e-02 -5.66264335e-03]
 [-1.77549683e-02 -6.17932109e-03]
 [-2.02654768e-02 -6.59921346e-03]
 [-2.14123167e-02 -7.51519483e-03]
 [-2.25386340e-02 -7.76881166e-03]
 [-2.33929586e-02 -8.45919922e-03]
 [-2.36837752e-02 -8.65872018e-03]
 [-2.40101926e-02 -8.87637213e-03]
 [-2.66547035e-02 -9.72912088e-03]
 [-2.57235337e-02 -9.31899529e-03]
 [-2.57402733e-02 -9.86916665e-03]
 [-2.66565066e-02 -1.00007011e-02]
 [-3.03650200e-02 -1.15478532e-02]
 [-2.65431851e-02 -9.81696323e-03]
 [-2.85851397e-02 -1.08910529e-02]
 [-2.90072653e-02 -1.13227498e-02]
 [-2.82195304e-02 -1.10457242e-02]
 [-2.66678315e-02 -1.01337433e-02]
 [-2.82561947e-02 -1.04520284e-02]
 [-2.86575668e-02 -1.04871728e-02]
 [-3.03933658e-02 -1.16861416e-02]
 [-2.79231239e-02 -1.06758922e-02]
 [-2.89071053e-02 -1.17252702e-02]
 [-2.16756295e-02 -8.69469438e-03]
 [-1.96471810e-02 -8.52019340e-03]
 [-1.52556067e-02 -6.46592118e-03]
 [-1.56127485e-02 -7.28368526e-03]
 [-1.21322898e-02 -6.32683700e-03]
 [-7.02338200e-03 -4.71918285e-03]
 [-1.01410188e-02 -6.85335044e-03]
 [-9.42667481e-03 -6.82285801e-03]
 [-6.70070108e-03 -5.72395371e-03]
 [-4.04481543e-03 -4.51044878e-03]
 [-3.00870254e-03 -4.03134665e-03]
 [-1.54769034e-04 -2.40095216e-03]
 [ 1.08549499e-03 -1.71212445e-03]
 [ 3.32921278e-03 -2.55555380e-04]
 [ 1.51313527e-03 -1.04881264e-03]
 [-1.55512229e-04 -1.70518458e-03]
 [ 2.43203901e-03  3.97131284e-04]
 [ 1.82362297e-03  6.81684585e-04]
 [-3.06421221e-04  2.86533887e-05]
 [-2.05797190e-03 -3.99560260e-04]
 [-5.32354740e-03 -1.68724894e-03]
 [-5.75901987e-03 -1.34139776e-03]
 [-6.86020916e-03 -1.59628084e-03]
 [-7.95967784e-03 -1.60463841e-03]
 [-1.13804704e-02 -3.19423620e-03]
 [-1.58989411e-02 -5.31879487e-03]
 [-1.90260410e-02 -6.53027277e-03]
 [-1.99788865e-02 -6.73578400e-03]
 [-1.59658510e-02 -4.42733290e-03]
 [-2.21883021e-02 -6.91830926e-03]
 [-2.71808635e-02 -8.86119809e-03]
 [-3.00811864e-02 -1.01357475e-02]
 [-3.25652435e-02 -1.13151865e-02]
 [-3.68454978e-02 -1.29408985e-02]
 [-3.45164314e-02 -1.16144242e-02]
 [-4.10497189e-02 -1.45238973e-02]
 [-3.41752321e-02 -1.12403464e-02]
 [-3.88255902e-02 -1.36608584e-02]
 [-3.90683599e-02 -1.38253998e-02]
 [-4.15400304e-02 -1.52422525e-02]
 [-4.05659862e-02 -1.48949884e-02]
 [-3.35748084e-02 -1.20615382e-02]
 [-3.55480835e-02 -1.26297446e-02]
 [-3.11223418e-02 -1.05213774e-02]
 [-2.76074931e-02 -9.10965167e-03]
 [-3.26205306e-02 -1.12233078e-02]
 [-3.34011652e-02 -1.15414886e-02]
 [-3.43446694e-02 -1.22182705e-02]
 [-3.37943025e-02 -1.19578764e-02]
 [-3.39804776e-02 -1.20081771e-02]
 [-3.16939689e-02 -1.07223243e-02]
 [-3.30509022e-02 -1.14413351e-02]
 [-3.72329466e-02 -1.37522602e-02]
 [-3.98745909e-02 -1.52114071e-02]
 [-3.53432670e-02 -1.33109465e-02]
 [-3.64904255e-02 -1.41617740e-02]
 [-3.51272896e-02 -1.34630976e-02]
 [-3.73466089e-02 -1.45536037e-02]
 [-3.76474187e-02 -1.52510507e-02]
 [-3.64289582e-02 -1.53834438e-02]
 [-3.01896501e-02 -1.26502328e-02]
 [-2.83794999e-02 -1.23110283e-02]
 [-2.64017712e-02 -1.19525706e-02]
 [-2.21855808e-02 -1.01207262e-02]
 [-1.97269060e-02 -9.41838603e-03]
 [-1.25061646e-02 -6.34250324e-03]
 [-7.99001660e-03 -4.92298277e-03]
 [-1.69695728e-03 -2.31376686e-03]
 [-8.35911836e-03 -6.09514862e-03]
 [-8.22776370e-03 -6.36133924e-03]
 [-6.09252090e-03 -5.46680158e-03]
 [-2.80054100e-03 -3.50248138e-03]
 [ 2.75270984e-04 -1.88806816e-03]
 [ 2.21546087e-03 -8.56325205e-04]
 [ 3.90346581e-03  1.14485614e-04]
 [ 5.11952024e-03  6.19809725e-04]
 [ 4.98241140e-03  5.26793883e-04]
 [ 5.45592839e-03  8.20432091e-04]
 [ 5.03847841e-03  7.02657155e-04]
 [ 9.31223948e-03  3.10005783e-03]
 [ 8.03644862e-03  2.83700950e-03]
 [ 8.80506448e-03  3.62667372e-03]
 [ 6.23208703e-03  2.33621174e-03]
 [ 4.97839972e-03  1.87534059e-03]
 [ 1.72408507e-03  7.57484697e-04]
 [-1.31271081e-03 -3.48647736e-04]
 [-1.86957151e-03 -2.44409108e-04]
 [-4.66344086e-03 -1.24425697e-03]
 [-7.00387871e-03 -1.98930176e-03]
 [-7.38240872e-03 -1.70432834e-03]
 [-8.46368819e-03 -1.78317539e-03]
 [-1.38766821e-02 -4.25553834e-03]
 [-1.91992652e-02 -6.54878095e-03]
 [-2.16714554e-02 -7.46134669e-03]
 [-2.72322707e-02 -9.67938174e-03]
 [-3.58442813e-02 -1.33173661e-02]
 [-4.37775068e-02 -1.69081539e-02]
 [-4.42180634e-02 -1.70472227e-02]
 [-4.56232093e-02 -1.78240091e-02]
 [-4.74208221e-02 -1.88514683e-02]
 [-4.90709879e-02 -1.98032204e-02]
 [-4.31708843e-02 -1.74152311e-02]
 [-4.38236818e-02 -1.85506400e-02]
 [-3.93571965e-02 -1.69681218e-02]
 [-3.48829776e-02 -1.51039958e-02]
 [-3.26592103e-02 -1.48106329e-02]
 [-2.81431079e-02 -1.32073108e-02]
 [-2.91042980e-02 -1.43918311e-02]
 [-2.59393472e-02 -1.34065850e-02]
 [-2.17248481e-02 -1.17479749e-02]
 [-1.73749961e-02 -9.89686418e-03]
 [-1.33842323e-02 -7.80193461e-03]
 [-1.10471686e-02 -6.71369769e-03]
 [-1.11842426e-02 -6.99813943e-03]
 [-9.09049530e-03 -5.85959572e-03]
 [-5.62334107e-03 -4.18626657e-03]
 [-1.42883672e-03 -1.83292245e-03]
 [-6.03287444e-05 -1.17354898e-03]
 [ 1.44452869e-03 -5.09895501e-04]
 [ 1.12049822e-02  5.12561435e-03]
 [ 1.01514440e-02  4.33876552e-03]
 [ 1.27155418e-02  5.73310861e-03]
 [ 1.54124461e-02  7.42159877e-03]
 [ 1.55885452e-02  7.28295511e-03]
 [ 1.73024330e-02  8.55814572e-03]
 [ 1.79762822e-02  9.28728376e-03]
 [ 1.91181861e-02  9.77938902e-03]
 [ 1.82817578e-02  9.21249483e-03]
 [ 1.77265108e-02  9.06148553e-03]
 [ 1.63425319e-02  8.06995295e-03]
 [ 1.55177889e-02  7.48354150e-03]
 [ 1.57424528e-02  8.26408528e-03]
 [ 1.54126072e-02  9.30212345e-03]
 [ 1.41985677e-02  8.42313562e-03]
 [ 1.30281476e-02  8.14086106e-03]
 [ 8.39171372e-03  6.71544392e-03]
 [ 6.73626177e-03  5.73135074e-03]
 [ 6.05773041e-03  4.58190730e-03]
 [ 4.20886464e-03  3.79514345e-03]
 [ 1.14440301e-03  2.03758455e-03]
 [-7.83992757e-04  1.11313805e-03]
 [-2.31148326e-03  6.23846776e-04]
 [-5.87729877e-03 -1.18880835e-03]
 [-1.01311654e-02 -3.03238514e-03]
 [-1.53078502e-02 -5.25841210e-03]
 [-1.56390797e-02 -4.79575153e-03]
 [-1.92775391e-02 -5.99804102e-03]
 [-2.57568210e-02 -8.95822514e-03]
 [-2.55310964e-02 -8.41317326e-03]
 [-3.05276662e-02 -1.04566086e-02]
 [-2.90335901e-02 -9.55832377e-03]
 [-3.31619084e-02 -1.13493102e-02]
 [-3.61454375e-02 -1.26554482e-02]
 [-3.97048630e-02 -1.42610827e-02]
 [-3.58883217e-02 -1.22633539e-02]
 [-3.76394391e-02 -1.28877265e-02]
 [-3.60337347e-02 -1.16010802e-02]
 [-3.92132066e-02 -1.32132294e-02]
 [-4.30743694e-02 -1.50875058e-02]
 [-4.32505719e-02 -1.51523603e-02]
 [-4.28207070e-02 -1.48347802e-02]
 [-4.58572507e-02 -1.65634193e-02]
 [-4.53169160e-02 -1.67834293e-02]
 [-4.37546968e-02 -1.58014502e-02]
 [-4.60691266e-02 -1.69208832e-02]
 [-4.51876186e-02 -1.66171324e-02]
 [-4.56587113e-02 -1.71306059e-02]
 [-4.64595519e-02 -1.77047756e-02]]
Actions:
[[-1.63819316e-01 -3.31181429e-01]
 [-7.36416295e-02 -6.34890209e-02]
 [-2.34928436e-01 -3.40997157e-02]
 [-3.86826765e-01 -1.55516411e-01]
 [-1.72307747e-03  1.65164563e-01]
 [ 4.71396476e-01 -2.01672582e-02]
 [-4.51810197e-02 -6.01288233e-01]
 [-1.00485971e-01 -1.71456300e-03]
 [ 3.64019485e-01 -5.51369037e-01]
 [ 7.30230250e-02 -4.32754478e-02]
 [ 5.03528747e-01  1.79523683e-02]
 [-1.27540952e-01  2.02848378e-01]
 [ 1.89616376e-01 -9.74258922e-02]
 [-6.37720373e-02  1.84173005e-01]
 [-1.80324512e-01 -3.11978885e-01]
 [-1.27415856e-01 -1.91142695e-01]
 [ 2.32179983e-01  2.72289317e-01]
 [-1.36124079e-01 -3.67253531e-01]
 [-5.11107109e-01 -8.38025686e-02]
 [ 1.29859257e-01 -2.43640958e-02]
 [-9.35197240e-02  3.66379430e-01]
 [-2.28139284e-02 -5.78370276e-01]
 [-3.59229359e-01  1.73406297e-01]
 [-3.03908981e-01  1.12399325e-01]
 [-1.34581948e-01 -1.75432736e-02]
 [ 1.15255179e-01 -9.13340170e-02]
 [ 2.71693593e-01  2.89982994e-01]
 [ 1.12616633e-01  1.79706986e-01]
 [-2.96591139e-01  3.66535189e-01]
 [ 8.00871129e-03 -1.26013087e-01]
 [-1.90805618e-01  3.90089610e-01]
 [-3.08954326e-01 -6.42755800e-01]
 [-2.97033549e-01  1.44504439e-01]
 [ 3.37136250e-01 -1.23603386e-01]
 [-1.39072397e-01  3.44090529e-01]
 [-2.99480411e-01 -5.65369920e-02]
 [-4.19249219e-01 -1.69680484e-01]
 [-2.77335139e-01  1.91108944e-01]
 [-5.63579889e-01  8.14462756e-02]
 [ 2.24484514e-01 -1.87425691e-01]
 [-2.52705912e-02 -3.24204206e-01]
 [ 2.79947634e-02  1.06059180e-01]
 [ 7.86795169e-02 -1.70719367e-01]
 [ 7.18615957e-02  2.10054036e-02]
 [-1.34424915e-01 -2.36190310e-01]
 [-1.24363431e-01  2.36764574e-01]
 [-4.33026735e-03  2.51797110e-01]
 [ 1.83449960e-01 -4.04584289e-01]
 [-1.75329739e-01 -1.07869510e-01]
 [-1.24258786e-01  1.30993791e-01]
 [-5.75852599e-02 -1.04813926e-01]
 [-4.42896331e-02  2.10970530e-01]
 [ 2.91129861e-01 -1.12231794e-01]
 [-1.40730295e-01 -1.33317834e-01]
 [ 2.52553449e-01  8.53576521e-02]
 [-1.39487077e-01  1.04354292e-01]
 [-2.51944164e-01  9.62137416e-02]
 [-5.95533776e-02 -6.48062512e-03]
 [-2.14685682e-02 -1.85014170e-01]
 [ 3.22813682e-01 -5.72446102e-01]
 [ 1.94886549e-02  8.65226606e-02]
 [ 1.71773441e-01  4.34435063e-02]
 [-7.15714609e-02 -1.57765245e-02]
 [-1.41881955e-01 -2.24530912e-01]
 [ 3.05611968e-01  2.11779564e-01]
 [ 3.78979135e-01 -2.14491570e-01]
 [ 1.93700922e-03  4.19803133e-01]
 [ 3.29418228e-01 -5.25474894e-01]
 [-3.95390673e-01  2.32030634e-01]
 [ 2.78875697e-02 -2.34180172e-03]
 [-2.56849017e-01  1.31135314e-01]
 [ 4.91250494e-02 -7.93404883e-02]
 [-8.50373733e-02 -5.22882552e-01]
 [ 4.84274050e-01  2.60053219e-01]
 [ 1.76228273e-01 -3.61822684e-01]
 [-1.37662040e-01 -2.96983677e-01]
 [ 4.02698729e-01 -4.08635710e-01]
 [ 8.18266599e-02  6.15427347e-02]
 [-3.04875425e-01 -2.57702790e-01]
 [ 5.66481985e-02 -2.18724330e-01]
 [ 8.18712603e-02  5.12631028e-02]
 [ 2.54535632e-01 -1.91200245e-01]
 [-1.11577464e-01  1.09794358e-01]
 [-4.14796326e-01  2.79110756e-01]
 [-1.77948304e-01  2.04898151e-01]
 [-1.40765235e-01 -4.40819983e-01]
 [-1.48667706e-01  1.47685237e-01]
 [ 2.29729164e-01 -4.38363276e-02]
 [ 1.52966886e-01  3.34150731e-01]
 [-4.48032762e-01 -1.20266118e-02]
 [-3.70526591e-01 -6.15386082e-02]
 [-8.20327098e-02 -5.02566913e-01]
 [-9.14648729e-02  3.93560992e-02]
 [-1.64996083e-01  1.53327361e-02]
 [ 1.55279328e-01 -1.51595633e-01]
 [-1.27955098e-01 -2.28849145e-02]
 [-1.04953417e-01 -4.28596420e-01]
 [-2.99693003e-01 -9.75287275e-02]
 [-2.08599360e-01 -2.99845526e-01]
 [-2.49241059e-02 -8.90531702e-02]
 [-1.32396075e-01  1.52619060e-02]
 [-1.45648854e-01 -5.23541929e-02]
 [ 4.91839266e-01 -1.13911598e-01]
 [ 1.85547287e-01 -8.10891353e-02]
 [ 5.76279222e-02 -1.28069763e-01]
 [ 1.76993393e-01  9.66115165e-02]
 [-3.66069278e-01 -2.59521675e-01]
 [-5.27516952e-02  7.61558275e-02]
 [-8.65351793e-02 -2.14317578e-01]
 [-1.65229534e-01 -5.88364482e-04]
 [ 4.61223118e-01  1.82192422e-01]
 [-2.66278245e-01 -2.72314868e-01]
 [ 2.94271481e-02 -1.48658700e-01]
 [-1.60219926e-01  2.28944001e-01]
 [-6.17814040e-03  1.99293510e-01]
 [-3.15715086e-01 -1.65044514e-01]
 [-2.48664802e-01 -4.35441549e-02]
 [-2.92474195e-01 -1.59609774e-01]
 [-1.86005936e-01  1.27856791e-01]
 [ 7.10191401e-02  3.65871138e-02]
 [-1.20433108e-01 -2.14463067e-01]
 [ 2.88473263e-01 -2.33001395e-01]
 [-1.52194276e-01  7.79053748e-02]
 [-3.45452921e-01  2.32987320e-01]
 [ 2.05324894e-01 -6.20843285e-02]
 [-1.63824921e-01  1.20529747e-01]
 [-3.39796575e-01  2.73205315e-01]
 [ 4.01454983e-01  3.22579531e-01]
 [-1.30374683e-01 -2.46679989e-01]
 [ 6.24986140e-02 -3.66146693e-02]
 [ 1.24278094e-01  1.05050023e-01]
 [ 7.63847195e-02  1.11551336e-01]
 [-4.07211099e-02 -4.70142287e-01]
 [-4.37578255e-01  1.83585355e-01]
 [-2.23607605e-01 -2.51406242e-01]
 [ 4.86705050e-01 -2.21143958e-01]
 [-1.12562728e-01  7.42928481e-02]
 [-4.53568485e-02 -1.30647303e-01]
 [-1.64783967e-02  4.31349587e-01]
 [ 3.94571859e-02  1.03519171e-01]
 [-1.22502539e-03 -7.36013879e-02]
 [-6.38211971e-02 -1.82643105e-01]
 [ 2.64251835e-01 -7.58038059e-02]
 [ 1.08192015e-02 -3.21424435e-02]
 [-1.58019064e-01  1.08897449e-01]
 [ 1.53389643e-01  1.43528555e-02]
 [-2.12166814e-01 -4.21108968e-01]
 [ 9.59505641e-02 -3.33053509e-01]
 [ 1.69162845e-01  2.16747246e-01]
 [ 2.05504655e-03  7.16347899e-02]
 [ 4.74545889e-01 -7.41469908e-01]
 [-1.05362734e-01  2.52949480e-01]
 [ 1.98993425e-01  1.00884400e-02]
 [ 3.31957429e-01  4.97321611e-03]
 [ 7.66104770e-02  2.85639946e-01]
 [ 1.80141474e-01 -2.02197535e-01]
 [ 1.05236517e-01 -1.73188472e-01]
 [ 4.25890514e-01  1.75638696e-01]
 [ 1.15647189e-01 -3.50375483e-01]
 [ 9.71027922e-02 -7.37140579e-02]
 [-1.90228558e-01 -1.32844014e-01]
 [-1.10046645e-01 -3.10753004e-01]
 [ 3.68363634e-01 -3.93495279e-02]
 [ 6.91328261e-01 -1.39654156e-02]
 [ 7.86143606e-02  1.58579558e-01]
 [ 5.52207373e-01  2.12238294e-01]
 [ 5.76937815e-02 -6.15219197e-01]
 [-5.61774665e-02 -1.29959531e-02]
 [-3.27735928e-01  3.69653936e-02]
 [ 1.41999947e-01 -9.28483146e-02]
 [-2.86120806e-01 -1.58013110e-03]
 [-2.85206304e-02 -1.82230115e-02]
 [ 2.48143394e-01  1.49913489e-01]
 [-4.51409396e-02  3.82300654e-01]
 [-9.86332927e-02  7.33135694e-02]
 [-2.66640514e-02  3.01561789e-01]
 [ 2.73874258e-01 -2.65612482e-01]
 [-7.93942086e-02 -2.24171012e-01]
 [-3.33673207e-01  2.34222793e-01]
 [ 2.76494762e-01 -2.17781743e-03]
 [-2.92905110e-01 -7.74324464e-02]
 [ 3.36023867e-01  1.43262437e-01]
 [-2.11319292e-01  7.37257275e-02]
 [-5.76853419e-02  1.95392814e-01]
 [-9.95364584e-02  2.16579559e-01]
 [ 3.12735177e-01 -2.19989383e-01]
 [-2.92442313e-02  4.54035486e-04]
 [ 2.59733298e-01 -2.91161977e-01]
 [-2.91043619e-01  2.00037923e-01]
 [-3.99385845e-01  5.40302597e-02]
 [ 4.30887141e-02  8.72561024e-02]
 [-8.85780290e-02 -2.37060536e-01]
 [-3.16707665e-01  2.56656313e-01]
 [-6.12473977e-01 -5.42313533e-01]
 [ 2.71174476e-01 -1.54835085e-01]
 [ 3.13132286e-02  3.95996230e-01]
 [-8.03322257e-02 -1.67784935e-01]
 [-2.42312763e-01 -1.50555142e-02]
 [-5.42923874e-02  1.81758336e-01]
 [-3.52987800e-03 -3.08017151e-01]]
States:
[[0.99931043 0.99903774 0.48288426 0.52984396 0.51329214 0.59685576]
 [0.99912925 0.99941728 0.47958567 0.52322838 0.47131221 0.51008935]
 [0.99860199 0.99991357 0.47158759 0.50894822 0.45326174 0.49518267]
 ...
 [0.95469273 0.32851166 0.72100403 0.01512225 0.4663563  0.67726314]
 [0.95955472 0.3407761  0.70984271 0.0124034  0.40511032 0.67174008]
 [0.96621775 0.35636946 0.69323502 0.00934806 0.39331472 0.71789777]]
Logstds:
[[-3. -3.]
 [-3. -3.]
 [-3. -3.]
 [-3. -3.]
 [-3. -3.]
 [-3. -3.]
 [-3. -3.]
 [-3. -3.]
 [-3. -3.]
 [-3. -3.]
 [-3. -3.]
 [-3. -3.]
 [-3. -3.]
 [-3. -3.]
 [-3. -3.]
 [-3. -3.]
 [-3. -3.]
 [-3. -3.]
 [-3. -3.]
 [-3. -3.]
 [-3. -3.]
 [-3. -3.]
 [-3. -3.]
 [-3. -3.]
 [-3. -3.]
 [-3. -3.]
 [-3. -3.]
 [-3. -3.]
 [-3. -3.]
 [-3. -3.]
 [-3. -3.]
 [-3. -3.]
 [-3. -3.]
 [-3. -3.]
 [-3. -3.]
 [-3. -3.]
 [-3. -3.]
 [-3. -3.]
 [-3. -3.]
 [-3. -3.]
 [-3. -3.]
 [-3. -3.]
 [-3. -3.]
 [-3. -3.]
 [-3. -3.]
 [-3. -3.]
 [-3. -3.]
 [-3. -3.]
 [-3. -3.]
 [-3. -3.]
 [-3. -3.]
 [-3. -3.]
 [-3. -3.]
 [-3. -3.]
 [-3. -3.]
 [-3. -3.]
 [-3. -3.]
 [-3. -3.]
 [-3. -3.]
 [-3. -3.]
 [-3. -3.]
 [-3. -3.]
 [-3. -3.]
 [-3. -3.]
 [-3. -3.]
 [-3. -3.]
 [-3. -3.]
 [-3. -3.]
 [-3. -3.]
 [-3. -3.]
 [-3. -3.]
 [-3. -3.]
 [-3. -3.]
 [-3. -3.]
 [-3. -3.]
 [-3. -3.]
 [-3. -3.]
 [-3. -3.]
 [-3. -3.]
 [-3. -3.]
 [-3. -3.]
 [-3. -3.]
 [-3. -3.]
 [-3. -3.]
 [-3. -3.]
 [-3. -3.]
 [-3. -3.]
 [-3. -3.]
 [-3. -3.]
 [-3. -3.]
 [-3. -3.]
 [-3. -3.]
 [-3. -3.]
 [-3. -3.]
 [-3. -3.]
 [-3. -3.]
 [-3. -3.]
 [-3. -3.]
 [-3. -3.]
 [-3. -3.]
 [-3. -3.]
 [-3. -3.]
 [-3. -3.]
 [-3. -3.]
 [-3. -3.]
 [-3. -3.]
 [-3. -3.]
 [-3. -3.]
 [-3. -3.]
 [-3. -3.]
 [-3. -3.]
 [-3. -3.]
 [-3. -3.]
 [-3. -3.]
 [-3. -3.]
 [-3. -3.]
 [-3. -3.]
 [-3. -3.]
 [-3. -3.]
 [-3. -3.]
 [-3. -3.]
 [-3. -3.]
 [-3. -3.]
 [-3. -3.]
 [-3. -3.]
 [-3. -3.]
 [-3. -3.]
 [-3. -3.]
 [-3. -3.]
 [-3. -3.]
 [-3. -3.]
 [-3. -3.]
 [-3. -3.]
 [-3. -3.]
 [-3. -3.]
 [-3. -3.]
 [-3. -3.]
 [-3. -3.]
 [-3. -3.]
 [-3. -3.]
 [-3. -3.]
 [-3. -3.]
 [-3. -3.]
 [-3. -3.]
 [-3. -3.]
 [-3. -3.]
 [-3. -3.]
 [-3. -3.]
 [-3. -3.]
 [-3. -3.]
 [-3. -3.]
 [-3. -3.]
 [-3. -3.]
 [-3. -3.]
 [-3. -3.]
 [-3. -3.]
 [-3. -3.]
 [-3. -3.]
 [-3. -3.]
 [-3. -3.]
 [-3. -3.]
 [-3. -3.]
 [-3. -3.]
 [-3. -3.]
 [-3. -3.]
 [-3. -3.]
 [-3. -3.]
 [-3. -3.]
 [-3. -3.]
 [-3. -3.]
 [-3. -3.]
 [-3. -3.]
 [-3. -3.]
 [-3. -3.]
 [-3. -3.]
 [-3. -3.]
 [-3. -3.]
 [-3. -3.]
 [-3. -3.]
 [-3. -3.]
 [-3. -3.]
 [-3. -3.]
 [-3. -3.]
 [-3. -3.]
 [-3. -3.]
 [-3. -3.]
 [-3. -3.]
 [-3. -3.]
 [-3. -3.]
 [-3. -3.]
 [-3. -3.]
 [-3. -3.]
 [-3. -3.]
 [-3. -3.]
 [-3. -3.]
 [-3. -3.]
 [-3. -3.]
 [-3. -3.]
 [-3. -3.]
 [-3. -3.]]
