Baseline:
[1.4879918 1.4900798 1.4525278 1.4255497 1.4165691 1.4288554 1.378636
 1.3783128 1.3576128 1.371292  1.3762686 1.3537939 1.3579262 1.3574255
 1.3302705 1.301091  1.2696666 1.251973  1.2392414 1.2210445 1.1981703
 1.170182  1.1717011 1.1437647 1.126405  1.1191341 1.1361845 1.1320525
 1.1242933 1.0972369 1.109736  1.0885642 1.0542908 1.0665269 1.0605224
 1.0743515 1.0883832 1.0861077 1.0827072 1.0704706 1.0901194 1.1076739
 1.099107  1.1214403 1.1255469 1.1011    1.0798508 1.0626992 1.07288
 1.056689  1.0607748 1.0783117 1.1194456 1.1348774 1.1494257 1.1926174
 1.1838181 1.1753461 1.191065  1.1910753 1.2008263 1.2195992 1.2117476
 1.2049844 1.1973503 1.2243865 1.2545916 1.2751185 1.292021  1.2862115
 1.272276  1.2503793 1.2547607 1.2527306 1.2361476 1.2487624 1.2453258
 1.2222211 1.2396779 1.2244519 1.2318778 1.1818494 1.140477  1.1225541
 1.1306337 1.0995133 1.0989923 1.104752  1.1147902 1.1057506 1.1055272
 1.1954703 1.1881926 1.1844246 1.1873685 1.1984966 1.1972005 1.2139453
 1.2239543 1.2156767 1.2211901 1.2417897 1.2275746 1.2279383 1.204601
 1.2042224 1.2475194 1.2412038 1.2677555 1.2818661 1.3020298 1.3556612
 1.3442242 1.366401  1.4109191 1.4393992 1.4739159 1.5182167 1.5498149
 1.5635393 1.565932  1.5683756 1.5718479 1.5609055 1.5906601 1.5943363
 1.5821335 1.5811064 1.567996  1.5602083 1.5595398 1.5560137 1.5322013
 1.5293924 1.5001274 1.5250269 1.5207353 1.520709  1.4874614 1.4767915
 1.4589636 1.4487764 1.4146739 1.4027905 1.3842254 1.370735  1.3545963
 1.3469256 1.2322744 1.2019765 1.2091547 1.1947621 1.1747005 1.1986144
 1.2022973 1.2041588 1.197878  1.2144073 1.1780772 1.2025734 1.1883714
 1.2128358 1.2146127 1.2296884 1.2427362 1.2189145 1.2169627 1.1893938
 1.1870009 1.22259   1.2495091 1.2249091 1.2194618 1.2517588 1.2649845
 1.2633886 1.281498  1.2941508 1.3291923 1.3547616 1.3458349 1.3523206
 1.3417622 1.3443356 1.3491788 1.3541564 1.3049445 1.3170795 1.31533
 1.3258767 1.2979332 1.324754  1.330274  1.3494895 1.3440524 1.3551687
 1.3731067 1.3919427 1.4103302 1.4013697 1.4013697]
Returns:
[7.48418482 7.31021789 7.05218996 6.96167352 6.85370635 6.72349609
 6.43263417 6.25948118 6.04018599 5.82660888 5.71569874 5.6638312
 5.50755255 5.35424438 5.30176103 5.24708127 5.14101514 5.10967276
 5.07218459 4.85969744 4.81540583 4.78904603 4.71497616 4.69097021
 4.29670801 4.25987014 4.056897   4.0500828  4.06069774 4.0321751
 3.99533432 4.00892978 3.99504109 3.99167025 3.89506308 3.83522233
 3.82205238 3.86503573 3.90697481 3.95634615 3.94131014 3.9337316
 4.00784121 3.73091558 3.77970498 3.79469058 3.8169059  3.83919488
 3.90662424 3.97466181 4.06580629 4.11967649 3.85709426 3.7614851
 3.80352535 3.59377863 3.64634142 3.74707233 3.7290697  3.83208343
 3.86499788 3.80937201 3.89295491 3.91479378 3.98934128 4.02032742
 3.92298952 3.94043801 4.01220156 3.53811918 3.58890418 3.58738681
 3.59067226 3.62788395 3.69849238 3.71798725 3.83109345 3.87926154
 3.88913735 3.8468705  3.71974338 3.74635095 3.79549443 3.91886811
 3.99730034 4.06534498 3.9983428  4.12334404 4.27272254 4.40305572
 4.36933717 4.49919045 4.50513774 4.64581414 4.80570306 4.85187703
 4.89363218 4.99030192 5.09660144 5.30678706 5.491722   5.56481074
 5.80905354 5.97164173 6.16500938 6.40130203 6.38750308 6.67740695
 6.90003271 7.18660983 7.49470946 7.46239772 7.58591585 7.88831641
 7.81069042 8.01622047 8.07635755 8.03658963 7.99206276 8.15149748
 8.24877193 8.37346519 8.06673916 8.15284863 7.99491785 8.02581572
 8.02249054 8.05981296 8.07300896 8.07638834 7.96098174 7.7875933
 7.56938338 7.54759217 7.47354929 7.22737574 7.19372316 7.10929615
 7.01488446 6.92453753 6.88958556 6.69607809 6.71889007 6.62657229
 6.52236877 6.48764954 6.57953887 6.5006603  6.60312922 6.70261999
 6.80809632 6.85950963 6.8909857  6.92441642 6.73939341 6.75959464
 6.68096626 6.70222236 6.54516221 6.41139195 6.4595716  6.17688204
 6.2346899  6.20294506 6.19478879 6.15968009 5.99394944 5.8714808
 5.87453846 5.34175074 5.2849821  5.09553007 5.04969187 4.86574595
 4.80750321 4.75382697 4.59330727 4.5167659  4.18306332 3.90765177
 3.83202451 3.65912776 3.54576856 3.47264171 3.28587975 3.19760607
 2.74911577 2.58582819 2.46640218 2.30819565 2.10173949 1.89906182
 1.80299774 1.43856811 1.24016005 1.01228156 0.86466415 0.67832631
 0.41247375 0.23888808]
Advants:
[4.36763219 4.23284909 4.05034185 4.02604143 3.96657409 3.86255615
 3.65622762 3.51528962 3.34516087 3.14176765 3.04819256 3.04210289
 2.90201913 2.76654462 2.7592422  2.75251483 2.69593677 2.70146824
 2.69676032 2.51821742 2.51322661 2.53273129 2.47420348 2.49677008
 2.12843465 2.10724999 1.88951796 1.88923936 1.91079043 1.91272643
 1.86555257 1.90374561 1.92847845 1.91710733 1.82829896 1.75429791
 1.7258956  1.77125129 1.81809816 1.88324724 1.85133241 1.82842805
 1.91608011 1.6129652  1.65484547 1.69245639 1.73528819 1.77526208
 1.8348599  1.9242429  2.01958769 2.06603676 1.7639048  1.65114852
 1.67762938 1.41577095 1.46935087 1.5734861  1.53322241 1.63231175
 1.65194431 1.57141275 1.6590199  1.68435322 1.76552941 1.76851038
 1.63597115 1.62737584 1.67794662 1.19053541 1.2364888  1.23713264
 1.2145861  1.23176361 1.2977078  1.28174359 1.37710035 1.42758668
 1.39721412 1.34460362 1.17814143 1.22252025 1.28083056 1.39154788
 1.43089215 1.49947439 1.39774902 1.48243195 1.58857905 1.69624158
 1.627299   1.62997629 1.60320572 1.70871482 1.82826181 1.82380765
 1.82532533 1.8626506  1.9156904  2.09397525 2.23534462 2.2481635
 2.4715654  2.60076472 2.78833332 3.00070612 2.91547596 3.19032597
 3.36927417 3.63158277 3.9174006  3.82650113 3.96025135 4.24783438
 4.12989871 4.31699132 4.35430227 4.28032007 4.21278646 4.37232665
 4.48515079 4.63065229 4.33609255 4.45311698 4.28130075 4.32658542
 4.35533928 4.41644427 4.46825831 4.50745129 4.419578   4.27361556
 4.09914146 4.10119293 4.0778556  3.82166601 3.80754821 3.73707881
 3.68914125 3.62135323 3.61660127 3.44103744 3.50812916 3.43625148
 3.3572501  3.34256704 3.46103966 3.3989637  3.63270861 3.78455245
 3.90982472 4.00693792 4.0940437  4.14245305 3.9901164  4.04849098
 4.01735109 4.06694199 3.99116416 3.87678436 3.98872049 3.72584289
 3.83165493 3.83740812 3.87260056 3.92216532 3.81935663 3.78768593
 3.86192025 3.35060821 3.32625804 3.22069992 3.24340471 3.0889446
 3.0823118  3.09897949 2.98943032 2.97244206 2.6706506  2.43301696
 2.43299725 2.32042793 2.28695257 2.28414218 2.1657102  2.14898139
 1.82039551 1.71626194 1.6723081  1.57833851 1.47545914 1.32093898
 1.2975786  0.98695553 0.86725904 0.7003892  0.60798257 0.47584318
 0.26206831 0.16881955]
Mus:
[[-1.72000472e-02 -5.87037299e-03]
 [-1.70182232e-02 -5.32174343e-03]
 [-1.71697959e-02 -5.15176496e-03]
 [-1.69621147e-02 -5.44607313e-03]
 [-1.78640746e-02 -5.74022345e-03]
 [-1.97079461e-02 -6.54330803e-03]
 [-1.83626637e-02 -6.53932244e-03]
 [-2.04460528e-02 -7.13465828e-03]
 [-2.13986170e-02 -8.34788661e-03]
 [-2.33994909e-02 -8.95699766e-03]
 [-2.45191213e-02 -9.32194758e-03]
 [-2.43914612e-02 -9.40516219e-03]
 [-2.56557744e-02 -9.72477440e-03]
 [-2.61078682e-02 -9.58444923e-03]
 [-2.65691802e-02 -1.00231059e-02]
 [-2.65904162e-02 -1.03259888e-02]
 [-2.66152006e-02 -1.08147804e-02]
 [-2.66991705e-02 -1.08411722e-02]
 [-2.78068632e-02 -1.13041159e-02]
 [-2.64955387e-02 -1.04795108e-02]
 [-2.75269113e-02 -1.11384820e-02]
 [-2.77878270e-02 -1.15433065e-02]
 [-2.93296669e-02 -1.20756431e-02]
 [-2.81316508e-02 -1.16202952e-02]
 [-2.65520625e-02 -1.04032736e-02]
 [-2.75138393e-02 -1.07315071e-02]
 [-2.97830366e-02 -1.18810553e-02]
 [-2.99475752e-02 -1.19813485e-02]
 [-3.03582903e-02 -1.23727024e-02]
 [-3.04865502e-02 -1.26790097e-02]
 [-3.08283959e-02 -1.29408855e-02]
 [-2.90781260e-02 -1.21704014e-02]
 [-2.72166524e-02 -1.15032112e-02]
 [-2.69765854e-02 -1.15208365e-02]
 [-2.35885680e-02 -9.77423787e-03]
 [-2.22523380e-02 -9.12101660e-03]
 [-2.31333990e-02 -9.73428600e-03]
 [-2.20987238e-02 -9.30215325e-03]
 [-2.05194540e-02 -8.57898407e-03]
 [-1.91608910e-02 -8.04593042e-03]
 [-1.94295440e-02 -8.39508139e-03]
 [-1.96193401e-02 -8.56747758e-03]
 [-1.82329491e-02 -8.04507546e-03]
 [-2.17378736e-02 -1.03355870e-02]
 [-2.08999552e-02 -1.00606615e-02]
 [-1.80953313e-02 -8.99675395e-03]
 [-1.43152196e-02 -7.29745300e-03]
 [-1.04727363e-02 -5.48759801e-03]
 [-9.05125402e-03 -4.92902147e-03]
 [-6.03578705e-03 -3.61256534e-03]
 [-3.79858841e-03 -2.50599254e-03]
 [-4.14970983e-03 -2.64055328e-03]
 [-1.11115410e-03 -6.88393018e-04]
 [-6.28987560e-03 -3.40830814e-03]
 [-8.08135979e-03 -4.38791513e-03]
 [-7.25990208e-03 -3.69273988e-03]
 [-9.48969275e-03 -5.06380852e-03]
 [-1.04504544e-02 -5.69704408e-03]
 [-7.54199177e-03 -3.93104926e-03]
 [-8.72443337e-03 -4.75134281e-03]
 [-1.07046207e-02 -6.09269319e-03]
 [-1.29720969e-02 -7.73871550e-03]
 [-1.22165065e-02 -7.75758922e-03]
 [-8.65660142e-03 -6.08982285e-03]
 [-7.02717062e-03 -5.57939243e-03]
 [-4.32752538e-03 -4.00298135e-03]
 [-1.61531416e-03 -1.97910890e-03]
 [-2.03220197e-03 -1.56558841e-03]
 [-2.62527401e-03 -1.69314200e-03]
 [-2.58604158e-03 -5.86580834e-04]
 [-1.94363727e-03 -2.10938771e-04]
 [-1.02205412e-03 -5.33195271e-04]
 [-8.70103075e-04  5.83577748e-05]
 [-4.44443373e-04  5.74239704e-04]
 [ 3.26509995e-04  4.61801508e-04]
 [ 2.08519152e-04  7.00987526e-04]
 [ 2.24229865e-04  6.05759560e-04]
 [ 1.44131354e-03  1.14567124e-03]
 [ 9.13348631e-04  1.15073239e-03]
 [ 1.81730161e-03  2.02205032e-03]
 [ 2.66119395e-03  3.09097022e-03]
 [ 4.21190448e-03  3.33846314e-03]
 [ 5.68373827e-03  3.46633513e-03]
 [ 7.21082045e-03  4.21115849e-03]
 [ 7.62680219e-03  4.41786088e-03]
 [ 8.98436736e-03  5.03843511e-03]
 [ 1.01462901e-02  6.32761978e-03]
 [ 1.09468345e-02  6.72560930e-03]
 [ 1.14805531e-02  7.02746445e-03]
 [ 1.20299207e-02  6.95925951e-03]
 [ 1.30339358e-02  8.06510728e-03]
 [ 1.12565113e-02  4.96651186e-03]
 [ 7.80463777e-03  2.50534690e-03]
 [ 6.87245326e-03  1.88179314e-03]
 [ 6.32390194e-03  1.48873369e-03]
 [ 4.32385597e-03  3.72638751e-04]
 [ 8.66923854e-03  2.85023195e-03]
 [ 8.96198303e-03  3.24771204e-03]
 [ 6.91679958e-03  2.31091888e-03]
 [ 4.66372725e-03  1.26440905e-03]
 [ 6.46221871e-03  2.47921445e-03]
 [ 8.15389771e-03  3.89262894e-03]
 [ 6.70446083e-03  3.19128018e-03]
 [ 2.75088637e-03  1.01288885e-03]
 [ 8.72269273e-04 -1.75144505e-05]
 [-1.83435180e-03 -1.57860736e-03]
 [-4.11797257e-04 -6.13231154e-04]
 [-1.29775947e-03 -1.18084857e-03]
 [-6.96524163e-04 -7.19201635e-04]
 [-2.29379232e-03 -1.74467801e-03]
 [-3.04828561e-03 -2.18205829e-03]
 [-4.81503271e-03 -2.48693652e-03]
 [-5.57566481e-03 -3.82121117e-03]
 [-6.15412649e-03 -4.20891866e-03]
 [-6.60461001e-03 -4.13542800e-03]
 [-6.48325775e-03 -4.33868077e-03]
 [-5.13664493e-03 -4.01914213e-03]
 [-4.25854092e-03 -3.34614119e-03]
 [-3.87189491e-03 -2.73102312e-03]
 [-1.09951990e-03 -1.76313787e-03]
 [ 2.52875523e-03 -7.04866427e-04]
 [ 5.01890201e-03  1.80676551e-07]
 [ 4.07958217e-03  9.85372928e-04]
 [ 5.43625606e-03  1.36575208e-03]
 [ 6.03849813e-03  9.47746565e-04]
 [ 6.38114521e-03  9.27901303e-04]
 [ 7.75136007e-03  1.46592746e-03]
 [ 8.09401181e-03  1.47272472e-03]
 [ 8.58083181e-03  1.76738261e-03]
 [ 7.76745193e-03  9.98553587e-04]
 [ 8.39222688e-03  2.10007746e-03]
 [ 8.81824549e-03  3.26541765e-03]
 [ 7.93210510e-03  1.74928037e-03]
 [ 7.74195231e-03  1.86132884e-03]
 [ 8.05868860e-03  1.96822197e-03]
 [ 6.71673892e-03  1.46139332e-03]
 [ 5.59002860e-03  7.84553820e-04]
 [ 4.30591591e-03  2.97972205e-04]
 [ 9.69429035e-04 -1.54190080e-03]
 [-5.14264102e-04 -1.96732697e-03]
 [-1.71933428e-03 -2.15223990e-03]
 [-3.18389805e-03 -2.60303984e-03]
 [-6.12499891e-03 -3.98472138e-03]
 [-6.68417383e-03 -3.89660848e-03]
 [-8.80217832e-03 -4.46190173e-03]
 [-1.05806543e-02 -4.59243590e-03]
 [-1.47296498e-02 -5.98729495e-03]
 [-1.84442457e-02 -7.18526030e-03]
 [-1.68799423e-02 -5.28566167e-03]
 [-1.70653015e-02 -4.93280124e-03]
 [-1.83968320e-02 -5.36014885e-03]
 [-1.78769100e-02 -4.90295468e-03]
 [-1.64198168e-02 -4.14042780e-03]
 [-1.89812109e-02 -5.33466041e-03]
 [-1.57913733e-02 -3.45546659e-03]
 [-1.80201363e-02 -4.57587978e-03]
 [-1.93656404e-02 -5.48258005e-03]
 [-2.14362033e-02 -6.61449181e-03]
 [-1.77051332e-02 -5.24150813e-03]
 [-1.82606876e-02 -5.31393010e-03]
 [-1.57954134e-02 -4.27002879e-03]
 [-1.98548436e-02 -6.65855315e-03]
 [-2.04444639e-02 -7.25031691e-03]
 [-2.07149442e-02 -7.40798842e-03]
 [-2.38131490e-02 -9.07509495e-03]
 [-1.93176251e-02 -7.06281653e-03]
 [-1.58696044e-02 -5.16083930e-03]
 [-1.27043976e-02 -3.84945585e-03]
 [-1.02082761e-02 -2.64969491e-03]
 [-1.08047752e-02 -2.41697254e-03]
 [-1.24170519e-02 -3.10086668e-03]
 [-1.15253571e-02 -2.94984621e-03]
 [-1.05263116e-02 -2.66462751e-03]
 [-1.21491859e-02 -3.46817588e-03]
 [-1.27557814e-02 -3.68819642e-03]
 [-1.24609638e-02 -3.36843194e-03]
 [-1.27667766e-02 -3.21988016e-03]
 [-1.42163243e-02 -3.98673117e-03]
 [-1.70362219e-02 -5.31991664e-03]
 [-1.85431708e-02 -5.67378569e-03]
 [-1.98613554e-02 -5.92972059e-03]
 [-2.03362070e-02 -5.63604850e-03]
 [-2.29750164e-02 -6.80275727e-03]
 [-2.42953915e-02 -7.23080244e-03]
 [-2.35054865e-02 -6.41833618e-03]
 [-2.41485108e-02 -6.48429757e-03]
 [-2.14322861e-02 -4.77971975e-03]
 [-2.12559346e-02 -4.38319566e-03]
 [-2.06618570e-02 -3.86314373e-03]
 [-1.82702802e-02 -2.66105100e-03]
 [-1.56644806e-02 -1.24422100e-03]
 [-1.19547546e-02  4.60636744e-04]
 [-1.00948764e-02  1.23199006e-03]
 [-5.48126223e-03  3.56209092e-03]
 [-1.90110994e-03  5.24892379e-03]
 [ 2.21759826e-03  6.81696786e-03]
 [ 6.67743059e-03  8.44107009e-03]
 [ 1.09260818e-02  9.83685441e-03]
 [ 1.48683926e-02  1.09817004e-02]
 [ 1.83782261e-02  1.23822605e-02]]
Actions:
[[ 0.23509166 -0.21189796]
 [-0.10900984 -0.47597136]
 [-0.28375615 -0.1346495 ]
 [ 0.08481328 -0.17608295]
 [ 0.14678949  0.18848711]
 [-0.47345174 -0.33502397]
 [ 0.24731282 -0.09645972]
 [-0.39114119  0.31684135]
 [ 0.30133066  0.12783389]
 [ 0.15567456  0.06693339]
 [-0.12443255 -0.13007209]
 [ 0.22079336  0.04250665]
 [ 0.2308235  -0.11247386]
 [-0.23472891 -0.10259193]
 [-0.26972832 -0.0917317 ]
 [-0.39668574  0.01617337]
 [ 0.01297481 -0.09654645]
 [ 0.00548703  0.06661906]
 [ 0.2155295  -0.31850935]
 [-0.21452221  0.08980768]
 [-0.25701482  0.02509016]
 [ 0.12542557  0.16525953]
 [-0.05160342 -0.18491833]
 [ 0.41716478 -0.35868768]
 [ 0.06343083  0.12639392]
 [-0.04066249  0.44100789]
 [-0.0049659   0.04040272]
 [-0.1901889   0.07271306]
 [-0.33111135 -0.08396318]
 [ 0.03506648  0.18658151]
 [-0.05535025 -0.1649842 ]
 [-0.25705711 -0.21056342]
 [ 0.03407256  0.16520196]
 [ 0.26934524 -0.15541357]
 [ 0.21917837  0.07873529]
 [-0.09486199  0.21118554]
 [ 0.00129575 -0.0205426 ]
 [ 0.04445473 -0.0551316 ]
 [-0.09345752 -0.09498044]
 [-0.00602717  0.24127086]
 [ 0.06288642  0.20261097]
 [-0.06397721 -0.07479456]
 [-0.26797325  0.52999054]
 [ 0.01777502  0.05208436]
 [-0.19468325 -0.2258166 ]
 [-0.06515674 -0.27793382]
 [ 0.0061776  -0.26682829]
 [ 0.04107687  0.09461099]
 [-0.08702701 -0.19805033]
 [ 0.07143242 -0.04411229]
 [ 0.0589734   0.1966064 ]
 [ 0.53954862  0.15699558]
 [-0.24093418  0.39835307]
 [-0.03511966  0.25393017]
 [ 0.41184676  0.29260473]
 [-0.24596244  0.11252287]
 [-0.15612356  0.02771837]
 [ 0.30490124 -0.10770594]
 [-0.12477583  0.11960433]
 [-0.11681212  0.2710369 ]
 [-0.13312581  0.39747267]
 [-0.23849978 -0.08943233]
 [-0.09433689 -0.3288096 ]
 [-0.21048516 -0.1699122 ]
 [ 0.21722509 -0.09828132]
 [ 0.31091871 -0.28777695]
 [ 0.2203809  -0.09571083]
 [ 0.11135575  0.08521231]
 [ 0.20150377 -0.70050462]
 [-0.03542458 -0.16608494]
 [-0.31350375  0.1679394 ]
 [ 0.19720935 -0.16651956]
 [ 0.12588846 -0.11937979]
 [-0.1881995   0.12768236]
 [ 0.22351277  0.09460734]
 [-0.02775342  0.08434037]
 [-0.11462083 -0.2684397 ]
 [ 0.23225875  0.19599434]
 [ 0.10707841 -0.38364928]
 [ 0.38131248 -0.23876017]
 [-0.33432916 -0.18818873]
 [-0.35744686 -0.04170988]
 [-0.05427711 -0.14773497]
 [ 0.0513075   0.23813881]
 [-0.17876976 -0.28612591]
 [ 0.25978466 -0.35604918]
 [ 0.04448955  0.10122645]
 [ 0.06118694  0.04380587]
 [-0.20273278 -0.0345968 ]
 [ 0.17189426 -0.35810202]
 [-0.08756462  0.07096538]
 [-0.3919123   0.05203151]
 [-0.157955    0.05099007]
 [-0.07552919  0.11254822]
 [-0.00839744  0.37168051]
 [ 0.20376617 -0.29807038]
 [ 0.22885538  0.18475734]
 [ 0.06469044  0.30051228]
 [-0.10627473  0.07654403]
 [ 0.1984308  -0.09235216]
 [ 0.38316193 -0.02572917]
 [-0.12086454 -0.09496878]
 [-0.13998192  0.3134783 ]
 [-0.27876636 -0.15341914]
 [-0.18997672  0.16580297]
 [ 0.43023655  0.26074648]
 [-0.12409633 -0.05730775]
 [ 0.23921195  0.05705828]
 [-0.0388779   0.1725718 ]
 [ 0.06086093  0.08771366]
 [ 0.45491979  0.30243631]
 [-0.45413064  0.13204322]
 [-0.00584569 -0.00243082]
 [ 0.27451743  0.4977117 ]
 [ 0.02082604  0.22082693]
 [-0.00406759  0.44025959]
 [ 0.23166868 -0.40972574]
 [ 0.26889626 -0.33239357]
 [-0.01359069  0.02858367]
 [-0.17405813 -0.18373172]
 [-0.13576506  0.01886059]
 [ 0.3178545  -0.52110835]
 [-0.15773084 -0.06727167]
 [ 0.06226893  0.47690087]
 [-0.03502063  0.19546056]
 [-0.13038191 -0.19172481]
 [-0.03627518  0.08025988]
 [-0.07990317 -0.11568728]
 [-0.18717002  0.09622566]
 [ 0.29857907 -0.14149289]
 [ 0.32125782 -0.22328975]
 [-0.50946908  0.09793785]
 [ 0.09403354  0.01701782]
 [-0.19516125 -0.21710219]
 [ 0.29862074  0.3708782 ]
 [ 0.00692268  0.15337243]
 [ 0.16987418  0.17297805]
 [-0.34670245  0.06097978]
 [ 0.1393415   0.26204873]
 [ 0.08519071 -0.21032053]
 [ 0.14764739  0.4201622 ]
 [-0.20182464  0.01362253]
 [ 0.21781433  0.27809954]
 [ 0.116962    0.36598053]
 [ 0.24292668  0.14659992]
 [-0.02171915 -0.1459946 ]
 [ 0.04524022  0.4241092 ]
 [-0.05298943 -0.13730528]
 [-0.03675383  0.19836266]
 [ 0.00456303  0.15696076]
 [-0.00831824 -0.26456763]
 [-0.0721996  -0.31581061]
 [-0.12272311  0.29580229]
 [ 0.42932991 -0.24946752]
 [-0.33701231  0.10611183]
 [-0.47613391  0.04264274]
 [-0.19535959  0.26570083]
 [-0.42086255 -0.35289454]
 [ 0.3833147   0.13339592]
 [-0.08362987 -0.19514276]
 [-0.37595129  0.49557116]
 [-0.1472019   0.09711077]
 [ 0.21380068  0.14138612]
 [-0.09107803  0.28829729]
 [ 0.01935398 -0.33356651]
 [ 0.37714074 -0.22558607]
 [-0.2603105  -0.35127215]
 [ 0.11331205 -0.15352212]
 [ 0.66584788  0.14641297]
 [ 0.08153942  0.23163197]
 [-0.43486205 -0.19181705]
 [-0.18695505 -0.08204044]
 [ 0.19579369  0.29590374]
 [ 0.10883992  0.09457055]
 [ 0.06129524 -0.0835933 ]
 [ 0.2696125   0.07313896]
 [-0.05875365  0.18130061]
 [ 0.14365681  0.47692052]
 [ 0.30322417  0.26136174]
 [ 0.02812475 -0.02958081]
 [ 0.26322724  0.0095881 ]
 [-0.23619888  0.0910876 ]
 [ 0.01380713  0.0844414 ]
 [ 0.27759789 -0.08989165]
 [ 0.06489882  0.065687  ]
 [ 0.07322657 -0.59412769]
 [ 0.17828617  0.0860417 ]
 [ 0.06047065 -0.02000498]
 [ 0.16130163  0.07754806]
 [-0.04682445 -0.33021419]
 [ 0.2264387   0.13910491]
 [-0.05868075  0.00276563]
 [ 0.43587848 -0.11643787]
 [ 0.0781389  -0.27894235]
 [ 0.28341115  0.01515177]
 [ 0.11631931  0.07912147]
 [-0.07044058  0.27595526]
 [-0.01527955  0.40414371]
 [ 0.04679272 -0.25145541]
 [-0.40171083 -0.05703721]]
States:
[[0.9994     0.99999992 0.53446003 0.50027283 0.51337652 0.59692186]
 [0.99914782 0.99998293 0.53922964 0.49602415 0.57368501 0.54137305]
 [0.99868397 0.9994881  0.54642003 0.47822963 0.54458059 0.41775638]
 ...
 [0.3847403  0.         1.         0.63820172 1.         0.63032582]
 [0.30279354 0.         0.97938362 0.62567574 1.         0.73557309]
 [0.22746432 0.         0.93939788 0.6104121  1.         0.66693196]]
Logstds:
[[-3. -3.]
 [-3. -3.]
 [-3. -3.]
 [-3. -3.]
 [-3. -3.]
 [-3. -3.]
 [-3. -3.]
 [-3. -3.]
 [-3. -3.]
 [-3. -3.]
 [-3. -3.]
 [-3. -3.]
 [-3. -3.]
 [-3. -3.]
 [-3. -3.]
 [-3. -3.]
 [-3. -3.]
 [-3. -3.]
 [-3. -3.]
 [-3. -3.]
 [-3. -3.]
 [-3. -3.]
 [-3. -3.]
 [-3. -3.]
 [-3. -3.]
 [-3. -3.]
 [-3. -3.]
 [-3. -3.]
 [-3. -3.]
 [-3. -3.]
 [-3. -3.]
 [-3. -3.]
 [-3. -3.]
 [-3. -3.]
 [-3. -3.]
 [-3. -3.]
 [-3. -3.]
 [-3. -3.]
 [-3. -3.]
 [-3. -3.]
 [-3. -3.]
 [-3. -3.]
 [-3. -3.]
 [-3. -3.]
 [-3. -3.]
 [-3. -3.]
 [-3. -3.]
 [-3. -3.]
 [-3. -3.]
 [-3. -3.]
 [-3. -3.]
 [-3. -3.]
 [-3. -3.]
 [-3. -3.]
 [-3. -3.]
 [-3. -3.]
 [-3. -3.]
 [-3. -3.]
 [-3. -3.]
 [-3. -3.]
 [-3. -3.]
 [-3. -3.]
 [-3. -3.]
 [-3. -3.]
 [-3. -3.]
 [-3. -3.]
 [-3. -3.]
 [-3. -3.]
 [-3. -3.]
 [-3. -3.]
 [-3. -3.]
 [-3. -3.]
 [-3. -3.]
 [-3. -3.]
 [-3. -3.]
 [-3. -3.]
 [-3. -3.]
 [-3. -3.]
 [-3. -3.]
 [-3. -3.]
 [-3. -3.]
 [-3. -3.]
 [-3. -3.]
 [-3. -3.]
 [-3. -3.]
 [-3. -3.]
 [-3. -3.]
 [-3. -3.]
 [-3. -3.]
 [-3. -3.]
 [-3. -3.]
 [-3. -3.]
 [-3. -3.]
 [-3. -3.]
 [-3. -3.]
 [-3. -3.]
 [-3. -3.]
 [-3. -3.]
 [-3. -3.]
 [-3. -3.]
 [-3. -3.]
 [-3. -3.]
 [-3. -3.]
 [-3. -3.]
 [-3. -3.]
 [-3. -3.]
 [-3. -3.]
 [-3. -3.]
 [-3. -3.]
 [-3. -3.]
 [-3. -3.]
 [-3. -3.]
 [-3. -3.]
 [-3. -3.]
 [-3. -3.]
 [-3. -3.]
 [-3. -3.]
 [-3. -3.]
 [-3. -3.]
 [-3. -3.]
 [-3. -3.]
 [-3. -3.]
 [-3. -3.]
 [-3. -3.]
 [-3. -3.]
 [-3. -3.]
 [-3. -3.]
 [-3. -3.]
 [-3. -3.]
 [-3. -3.]
 [-3. -3.]
 [-3. -3.]
 [-3. -3.]
 [-3. -3.]
 [-3. -3.]
 [-3. -3.]
 [-3. -3.]
 [-3. -3.]
 [-3. -3.]
 [-3. -3.]
 [-3. -3.]
 [-3. -3.]
 [-3. -3.]
 [-3. -3.]
 [-3. -3.]
 [-3. -3.]
 [-3. -3.]
 [-3. -3.]
 [-3. -3.]
 [-3. -3.]
 [-3. -3.]
 [-3. -3.]
 [-3. -3.]
 [-3. -3.]
 [-3. -3.]
 [-3. -3.]
 [-3. -3.]
 [-3. -3.]
 [-3. -3.]
 [-3. -3.]
 [-3. -3.]
 [-3. -3.]
 [-3. -3.]
 [-3. -3.]
 [-3. -3.]
 [-3. -3.]
 [-3. -3.]
 [-3. -3.]
 [-3. -3.]
 [-3. -3.]
 [-3. -3.]
 [-3. -3.]
 [-3. -3.]
 [-3. -3.]
 [-3. -3.]
 [-3. -3.]
 [-3. -3.]
 [-3. -3.]
 [-3. -3.]
 [-3. -3.]
 [-3. -3.]
 [-3. -3.]
 [-3. -3.]
 [-3. -3.]
 [-3. -3.]
 [-3. -3.]
 [-3. -3.]
 [-3. -3.]
 [-3. -3.]
 [-3. -3.]
 [-3. -3.]
 [-3. -3.]
 [-3. -3.]
 [-3. -3.]
 [-3. -3.]
 [-3. -3.]
 [-3. -3.]
 [-3. -3.]
 [-3. -3.]
 [-3. -3.]]
