Baseline:
[1.2978779  1.3070278  1.297402   1.3009138  1.3095592  1.3055825
 1.2958217  1.2788211  1.2652636  1.276093   1.3161727  1.3016485
 1.3154347  1.3206803  1.3348092  1.3337593  1.3191088  1.3127177
 1.2918744  1.2931378  1.3008053  1.2894232  1.2728417  1.2626925
 1.2586979  1.2559122  1.2468     1.2344004  1.2354019  1.2242775
 1.1971216  1.1994243  1.1762828  1.1737924  1.1790279  1.1463921
 1.1286461  1.1132182  1.0923867  1.083128   1.0710309  1.0759621
 1.0449784  1.0510974  1.0241463  0.9982464  0.967658   0.9443029
 0.914391   0.9086181  0.90322423 0.9118259  0.91339236 0.92784715
 0.9445811  0.9518216  0.9612784  0.9592517  0.9599239  0.9553336
 0.9697474  0.9756436  1.0057852  1.0443199  1.053724   1.0622731
 1.0451866  1.046102   1.0377657  1.0563445  1.0632534  1.0407538
 1.0342085  1.0889385  1.0829458  1.0776819  1.0737839  1.0514956
 1.0586293  1.0593878  1.0647022  1.0358417  1.0540414  1.0396969
 1.0105379  1.0034981  1.0238898  1.0302715  1.0525868  1.060857
 1.0395352  1.0350418  1.005175   0.99084103 0.98113036 0.98107535
 0.96752894 0.9485418  0.9595419  0.93935275 0.9523417  0.96545947
 1.0071323  1.0448191  1.0715066  1.0894262  1.0870339  1.0864706
 1.075703   1.0599866  1.0285838  1.020623   1.0030146  0.9794622
 0.9679582  0.95293564 0.96019876 0.9807408  0.9787757  1.0024533
 1.0256906  1.0592735  1.0894254  1.1047179  1.088063   1.0635078
 1.0428336  1.0379574  1.0235629  0.9971757  0.9753289  0.96032614
 0.9398715  0.9054895  0.8973595  0.8758574  0.8637307  0.8520654
 0.8460084  0.87011653 0.876617   0.8928395  0.9068338  0.92286414
 0.95826155 0.9869946  1.0035061  1.0136834  1.0213425  1.0182666
 1.0203254  1.0141759  1.0063136  0.98404044 0.96433985 0.96940553
 0.9589223  0.9585884  0.9472868  0.9370776  0.9496774  0.94197184
 0.9412393  0.92186505 0.94778407 0.9635461  0.9564156  0.95888746
 0.9628652  0.9559348  0.9514615  0.9543975  0.94432366 0.96127486
 0.9940288  1.0001435  1.0307596  1.050211   1.0696765  1.0656422
 1.0545845  1.0636104  1.1055543  1.1528809  1.1744561  1.1964035
 1.2216024  1.2301102  1.2432187  1.2251486  1.2215691  1.237927
 1.2189581  1.2304989  1.2158439  1.2094493  1.185957   1.1828233
 1.1835996  1.157929   1.157929  ]
Returns:
[5.54378932 5.55431287 5.62806504 5.59206196 5.537053   5.31533644
 5.11005411 5.04307619 4.68542517 4.66732722 4.32686862 4.33839229
 4.32374456 4.35643738 4.3220397  4.35442797 4.36023506 4.09240869
 4.05213385 4.08221595 4.05076797 4.09139748 3.98502313 3.90811339
 3.94596605 3.70356916 3.75462041 3.80869254 3.85790765 3.92064176
 3.66653215 3.6477816  3.53182346 3.56087208 3.53073403 3.43517114
 3.46918993 3.50420034 3.35696183 3.38583857 3.42522753 3.4322398
 3.39097911 3.32883874 3.10008215 3.01991572 2.85478086 2.84354455
 2.72440287 2.79415328 2.85963649 2.86467606 2.81683049 2.80034919
 2.87510121 2.84347293 2.90324911 2.84201053 2.97973981 3.11280906
 3.20013332 3.28360268 3.33392526 3.44603885 3.5959107  3.60512643
 3.69322403 3.79162391 3.95230133 3.91708989 4.03188155 4.01208913
 4.02898003 3.5363968  3.24919957 3.27550443 3.39066715 3.35949305
 3.43844706 3.43771781 3.51176465 3.451484   3.44850623 3.51266838
 3.50899311 3.57675589 3.46245271 3.52951834 3.4220859  3.50622255
 3.47332195 3.51046099 3.54511241 3.63983011 3.66656016 3.49708505
 3.57048036 3.55824736 3.64288929 3.25456773 3.31661675 3.42384697
 2.972836   3.06741023 3.07821524 3.17595529 3.23565166 3.15255101
 3.24285954 3.25137438 3.14694048 3.07181658 3.0293718  2.95282954
 2.96326392 2.97307378 2.86234855 2.55144596 2.56318686 2.57579757
 2.53329661 2.63407328 2.72970302 2.81093093 2.68323443 2.74920718
 2.81067094 2.65338681 2.67129864 2.60656749 2.59296002 2.5543034
 2.56120675 2.50411883 2.4452409  2.31468387 2.35390759 2.22655748
 2.24521366 2.19537221 2.24262192 2.24535819 2.28449648 2.29028284
 2.17711511 2.30067689 2.31431652 2.45297358 2.54757533 2.68353347
 2.76049201 2.79844521 2.91097056 2.64389853 2.57883879 2.54022595
 2.52732273 2.53954883 2.57612827 2.62249905 2.49767401 2.51159337
 2.55459726 2.37699465 2.11021628 1.99364331 2.00803132 1.98048451
 1.92831681 1.9917587  1.88457996 1.64761387 1.65831656 1.69650204
 1.63105189 1.64433755 1.6417079  1.4514169  1.51458087 1.57401463
 1.51066444 1.56295182 1.47540476 1.35039822 1.42466523 1.3439049
 1.3357445  1.33193766 1.30582538 1.14376297 1.08226499 1.01015505
 0.94205105 0.83384671 0.80726726 0.75898768 0.59968248 0.36296729
 0.23390767 0.14610344]
Advants:
[3.00798095 3.03525803 3.14932493 3.14189107 3.11108194 2.9222511
 2.75205427 2.72801326 2.40142345 2.39059605 2.0179305  2.05332741
 2.03415947 2.07251106 2.03431692 2.08000174 2.11438189 1.85996981
 1.84755869 1.88488704 1.85379636 1.9161251  1.83475119 1.7750621
 1.82587728 1.58858736 1.6531306  1.72641087 1.78350435 1.86928327
 1.64824632 1.6329629  1.54353684 1.57973078 1.54831461 1.48773586
 1.54365007 1.60015132 1.47641399 1.51862612 1.57612846 1.58480255
 1.58136244 1.5184113  1.31612478 1.25965796 1.11856248 1.12394912
 1.02465418 1.09159057 1.15534136 1.14393567 1.08448371 1.04169569
 1.0886465  1.03656549 1.07410352 0.99919012 1.12344701 1.25147349
 1.31618511 1.38726029 1.40101384 1.46989348 1.6096059  1.60947352
 1.7170437  1.82013252 2.0004552  1.95727378 2.08000566 2.09891053
 2.14064913 1.59627027 1.30955299 1.33611579 1.45342638 1.44236658
 1.51404877 1.51236519 1.58301098 1.55269531 1.5320614  1.61358596
 1.643133   1.72465837 1.59309315 1.65905023 1.53101209 1.61108002
 1.60370268 1.65118192 1.72404043 1.8455156  1.8965652  1.73775864
 1.83890691 1.86128679 1.95416312 1.59551814 1.65639118 1.76623359
 1.27538212 1.33601734 1.32371078 1.40988055 1.48077954 1.40525024
 1.5170576  1.55368365 1.49184457 1.43474962 1.42007101 1.37646523
 1.40926567 1.44665347 1.33864094 1.00777103 1.02252465 1.01225232
 0.94534324 1.01334466 1.08172386 1.15284716 1.04400105 1.13971139
 1.23001349 1.08175153 1.11955628 1.08599324 1.09967543 1.08119671
 1.1150168  1.09862121 1.05315168 0.94645185 1.00194619 0.88718055
 0.91365535 0.8393305  0.88093272 0.86795505 0.89442855 0.88531054
 0.73337252 0.82747379 0.82372381 0.95522412 1.04813357 1.19794284
 1.28685204 1.3475218  1.4896111  1.26079141 1.23136979 1.20363563
 1.21844344 1.2500872  1.32015867 1.40256929 1.28892518 1.33702546
 1.41084537 1.28036964 1.00873639 0.89516709 0.93771552 0.92958982
 0.89546585 0.99191197 0.91432519 0.69426185 0.73720965 0.7831607
 0.70874173 0.74194576 0.73592262 0.54923495 0.61930341 0.71335092
 0.69262554 0.77148127 0.67661187 0.53651965 0.62582859 0.55968079
 0.56496403 0.59420311 0.59886283 0.49803565 0.48516808 0.44285272
 0.44228197 0.37153507 0.41241396 0.42653511 0.347299   0.16788953
 0.09282496 0.08820701]
Mus:
[[-0.01789835 -0.00630688]
 [-0.01760155 -0.00597015]
 [-0.01777435 -0.00609398]
 [-0.01797988 -0.00576446]
 [-0.01868274 -0.00663357]
 [-0.01821445 -0.00572743]
 [-0.0183143  -0.00518141]
 [-0.01901923 -0.00611877]
 [-0.02005238 -0.00593653]
 [-0.02086918 -0.00636761]
 [-0.02220729 -0.00689859]
 [-0.02242325 -0.00715367]
 [-0.02295629 -0.00747703]
 [-0.02288214 -0.00741794]
 [-0.0226366  -0.00696613]
 [-0.02238484 -0.00705999]
 [-0.02174621 -0.00682707]
 [-0.02132931 -0.00612607]
 [-0.02169141 -0.00637709]
 [-0.022311   -0.00665973]
 [-0.02317174 -0.00671713]
 [-0.02373538 -0.00700447]
 [-0.02406405 -0.00699002]
 [-0.02517287 -0.00789676]
 [-0.02623136 -0.00843476]
 [-0.02829729 -0.00987049]
 [-0.02918926 -0.0104961 ]
 [-0.02946524 -0.01076036]
 [-0.02977001 -0.01087564]
 [-0.0303108  -0.01126935]
 [-0.02728608 -0.00997762]
 [-0.02950876 -0.01083336]
 [-0.03012984 -0.0117326 ]
 [-0.03144786 -0.01228558]
 [-0.03265705 -0.01258824]
 [-0.03181414 -0.01270582]
 [-0.03244764 -0.01313836]
 [-0.03356997 -0.01379709]
 [-0.03426424 -0.0147186 ]
 [-0.03441283 -0.01505843]
 [-0.03321325 -0.01481174]
 [-0.03347144 -0.01521326]
 [-0.02980767 -0.01428117]
 [-0.02862062 -0.01460062]
 [-0.02229636 -0.01197652]
 [-0.0171775  -0.00996289]
 [-0.01173443 -0.00767183]
 [-0.00786528 -0.00604392]
 [-0.00316558 -0.00372569]
 [-0.00087403 -0.00280405]
 [ 0.00106227 -0.0019426 ]
 [-0.00010575 -0.00223052]
 [ 0.0010272  -0.00154784]
 [-0.00013983 -0.00209144]
 [-0.00030378 -0.00202733]
 [ 0.00213296 -0.00027792]
 [ 0.00392119  0.00102806]
 [ 0.00830134  0.00355934]
 [ 0.00963571  0.0045759 ]
 [ 0.00961521  0.00506886]
 [ 0.00781489  0.00443524]
 [ 0.00640484  0.00434992]
 [ 0.00554398  0.0046652 ]
 [-0.00123572  0.00136515]
 [-0.00549554 -0.00061286]
 [-0.00544778 -0.00025079]
 [-0.00914687 -0.00205524]
 [-0.01325036 -0.00399585]
 [-0.01528525 -0.00477089]
 [-0.01595462 -0.00434714]
 [-0.01681256 -0.00447756]
 [-0.02105343 -0.00675176]
 [-0.02040447 -0.0059763 ]
 [-0.02812714 -0.00929712]
 [-0.02332967 -0.00665461]
 [-0.02846678 -0.00910098]
 [-0.03124661 -0.01035448]
 [-0.02878834 -0.00910878]
 [-0.0327502  -0.01087043]
 [-0.03068233 -0.00972032]
 [-0.03496163 -0.01170993]
 [-0.03271952 -0.01068484]
 [-0.03704605 -0.01259127]
 [-0.0399399  -0.01413867]
 [-0.03982095 -0.01444813]
 [-0.04319035 -0.01623733]
 [-0.04585004 -0.01703238]
 [-0.04753014 -0.01771765]
 [-0.05202262 -0.02004458]
 [-0.05355115 -0.02093655]
 [-0.05353677 -0.0217425 ]
 [-0.05347604 -0.02254037]
 [-0.04944901 -0.0215672 ]
 [-0.04616033 -0.02083897]
 [-0.04227968 -0.01971684]
 [-0.03762561 -0.01848433]
 [-0.02991217 -0.01571714]
 [-0.02167383 -0.01237231]
 [-0.0161569  -0.01053681]
 [-0.00812712 -0.00667313]
 [-0.00609279 -0.00584503]
 [-0.00198145 -0.00388552]
 [-0.00233331 -0.00412571]
 [-0.00359304 -0.00366318]
 [-0.00752575 -0.00395396]
 [-0.01109058 -0.00482626]
 [-0.01486868 -0.00601316]
 [-0.02166747 -0.00878793]
 [-0.02760089 -0.0110777 ]
 [-0.03119026 -0.01255949]
 [-0.03503758 -0.0141823 ]
 [-0.04089019 -0.01696944]
 [-0.04166837 -0.01799452]
 [-0.03786332 -0.01724316]
 [-0.03269825 -0.01588633]
 [-0.02274871 -0.01231838]
 [-0.01503674 -0.00996256]
 [-0.01108159 -0.00871068]
 [-0.00600051 -0.00615712]
 [-0.00303243 -0.00490496]
 [-0.00024396 -0.00312913]
 [-0.00257125 -0.00341601]
 [-0.00713298 -0.00412771]
 [-0.01047868 -0.00459546]
 [-0.00901986 -0.00335718]
 [-0.01186182 -0.00420457]
 [-0.01512602 -0.00549463]
 [-0.01987595 -0.0076639 ]
 [-0.02408108 -0.00952425]
 [-0.02714254 -0.01080565]
 [-0.03399416 -0.01355209]
 [-0.03701239 -0.01488032]
 [-0.03797906 -0.01554243]
 [-0.03480873 -0.01449641]
 [-0.03419812 -0.01455454]
 [-0.02901329 -0.01274985]
 [-0.02291009 -0.01065366]
 [-0.01526987 -0.00775932]
 [-0.00727198 -0.00459187]
 [-0.00641571 -0.0046111 ]
 [-0.0024375  -0.00268152]
 [ 0.00065906 -0.00129822]
 [ 0.00570496  0.00141924]
 [ 0.00962847  0.00384769]
 [ 0.00757557  0.00291895]
 [ 0.00311906  0.00044832]
 [ 0.00085346 -0.00036179]
 [-0.0015902  -0.00077496]
 [-0.00486787 -0.00185043]
 [-0.00722974 -0.00252802]
 [-0.01123506 -0.0041498 ]
 [-0.014849   -0.00544632]
 [-0.01881891 -0.006868  ]
 [-0.02018081 -0.00696509]
 [-0.02020447 -0.00676719]
 [-0.02655457 -0.00930546]
 [-0.0294742  -0.01049048]
 [-0.03469747 -0.01271664]
 [-0.0354133  -0.01322578]
 [-0.03451907 -0.0131354 ]
 [-0.03685583 -0.01466975]
 [-0.03482288 -0.01440109]
 [-0.03305334 -0.01427359]
 [-0.0273729  -0.01214381]
 [-0.02890331 -0.01369577]
 [-0.02909963 -0.01461871]
 [-0.02522439 -0.01344113]
 [-0.02258156 -0.0128401 ]
 [-0.02223152 -0.01314559]
 [-0.01986604 -0.0120702 ]
 [-0.01815627 -0.01133698]
 [-0.01412338 -0.00916854]
 [-0.01037287 -0.00714306]
 [-0.01005074 -0.00718533]
 [-0.00717417 -0.00526348]
 [-0.00416115 -0.0034208 ]
 [-0.00138893 -0.0017727 ]
 [-0.00411462 -0.00346156]
 [-0.00369293 -0.00324422]
 [-0.00390263 -0.00353596]
 [-0.00595678 -0.00494578]
 [-0.0079642  -0.00590701]
 [-0.00632977 -0.00432709]
 [-0.00760589 -0.00436984]
 [-0.00978275 -0.00504625]
 [-0.0101143  -0.00426637]
 [-0.01094398 -0.00437049]
 [-0.01354639 -0.00572355]
 [-0.01252674 -0.00477671]
 [-0.01331495 -0.00499783]
 [-0.01223624 -0.00420989]
 [-0.01354651 -0.00457266]
 [-0.01359147 -0.0045956 ]
 [-0.01326481 -0.00407114]
 [-0.0143132  -0.00454135]
 [-0.01440943 -0.00433014]
 [-0.0140369  -0.00403032]
 [-0.0165756  -0.00529429]
 [-0.01650827 -0.00491259]
 [-0.01757753 -0.00547214]]
Actions:
[[ 1.69856680e-01 -1.03529725e-03]
 [-1.10186746e-01 -7.72071631e-02]
 [ 2.17051847e-01 -1.49026678e-01]
 [-2.12996897e-01  3.68269138e-01]
 [ 2.88291570e-01 -3.73112122e-01]
 [ 2.02484822e-01 -3.97102065e-01]
 [-4.06270486e-01  8.39324408e-02]
 [ 2.94257711e-01 -4.78526913e-01]
 [ 9.00862197e-02  1.88696221e-01]
 [ 2.27792958e-01  5.42421016e-01]
 [-2.00481967e-01 -7.44143261e-02]
 [ 2.33148314e-03  2.38300438e-01]
 [ 7.88744773e-03  4.58568594e-02]
 [ 2.15046543e-01 -7.13231512e-03]
 [-1.64787794e-01  7.28146088e-02]
 [-1.35775808e-01 -1.80874426e-01]
 [ 2.41574407e-01 -4.21953544e-01]
 [-1.79484338e-01 -2.29093538e-01]
 [ 2.64406558e-02  8.69429050e-02]
 [ 1.75071842e-01 -8.27647235e-02]
 [-1.04260688e-01 -1.19288983e-01]
 [-4.56528092e-03 -3.73465275e-01]
 [-2.14051576e-01  3.46692705e-01]
 [-3.57728246e-02  1.72228759e-01]
 [-3.04702524e-01  5.16704483e-01]
 [-1.75636145e-01  4.93236977e-02]
 [-1.21499573e-01 -6.60765308e-02]
 [ 5.53358177e-02  1.19798967e-02]
 [-1.22456993e-01 -2.70619426e-02]
 [-1.87648037e-02 -5.34146806e-01]
 [ 1.18199494e-01  1.72001986e-01]
 [-4.60974111e-01  1.31308572e-01]
 [ 4.94326901e-02  5.38146064e-02]
 [ 2.08984142e-01  1.30148756e-02]
 [-4.26114747e-01 -1.31138631e-01]
 [-1.42691525e-01 -3.53899900e-02]
 [-1.46954370e-01  5.25887512e-02]
 [-4.79748806e-01  1.73544726e-01]
 [-1.12280164e-01  8.03371368e-02]
 [-6.96556560e-02 -6.29251026e-02]
 [ 1.69680410e-02  1.57748208e-01]
 [-2.99781714e-01 -2.01198889e-01]
 [-2.17763495e-01  2.90083079e-01]
 [-1.06634783e-01 -5.05103293e-01]
 [ 7.51135517e-03 -3.37447006e-01]
 [-1.62892734e-01 -4.35167337e-01]
 [-7.37260288e-02 -2.28601407e-01]
 [ 2.60879863e-02 -3.87097077e-01]
 [-1.61497749e-01  9.60755640e-02]
 [ 6.92755382e-02  1.18384313e-01]
 [ 1.06320793e-01  2.74303743e-01]
 [-4.54115196e-01 -4.06999987e-03]
 [-2.56173923e-01  3.02020151e-01]
 [-6.90227467e-02  2.30593845e-01]
 [ 2.41090764e-01 -2.98382592e-01]
 [ 1.05698257e-01 -2.58461991e-01]
 [-1.36120960e-02 -4.51999603e-01]
 [-1.52408578e-01 -9.51265049e-02]
 [ 4.13227771e-02 -1.72619249e-01]
 [-5.68017328e-02  2.60630919e-01]
 [ 2.13211709e-01 -1.37682666e-01]
 [ 2.90827753e-01 -1.06306584e-02]
 [ 1.44265743e-01  3.00485065e-02]
 [ 6.41290338e-02  9.80345505e-03]
 [ 1.50979402e-01 -3.59232685e-01]
 [-2.58347878e-01  1.01947457e-01]
 [-7.21604398e-02  2.39684778e-01]
 [-6.23291971e-02 -6.75743877e-02]
 [ 4.06324960e-01 -7.79708254e-02]
 [ 1.79461633e-01  1.22434633e-02]
 [-4.53898492e-01  4.88709918e-02]
 [ 2.25151836e-01 -2.86457260e-01]
 [ 2.12703625e-01  7.40216148e-01]
 [ 4.83410899e-01 -3.61478019e-01]
 [-3.09150502e-01  1.36715091e-01]
 [-7.08943678e-02  4.70929035e-02]
 [ 7.70582638e-02 -3.80593544e-01]
 [-5.88615479e-02  1.93988218e-01]
 [ 2.59016559e-01 -1.59236921e-01]
 [-1.42815416e-01  2.01202158e-01]
 [-8.28960727e-02 -4.27656796e-01]
 [ 2.02716881e-03  3.11275004e-01]
 [-2.98871854e-01  1.24667000e-03]
 [-3.48620185e-01 -2.18383060e-01]
 [-2.50004489e-01  8.53522266e-02]
 [ 3.65764099e-01  1.00239017e-01]
 [ 1.03598150e-01  4.72604038e-02]
 [-4.72413835e-02  4.51292835e-01]
 [-1.08896035e-02  1.22955483e-01]
 [-4.73560651e-01  4.16399112e-03]
 [-2.23187783e-01  2.14554997e-01]
 [-3.39194962e-01 -1.73081896e-01]
 [-2.78902385e-01 -7.19394129e-02]
 [-3.90956635e-01 -9.65543056e-02]
 [-6.16172480e-01  5.94277946e-02]
 [-6.44210612e-02 -2.26192773e-01]
 [-1.28060502e-01 -3.74582065e-01]
 [-1.15789938e-01  1.85219121e-01]
 [-5.28400093e-01 -5.37135969e-01]
 [-2.59497096e-01  1.81371894e-01]
 [-2.43060526e-01 -6.53624554e-02]
 [-6.35662799e-01  4.86297817e-01]
 [-9.03381439e-02 -2.16615563e-01]
 [ 2.01707429e-01 -2.83310422e-01]
 [-2.11122186e-01  1.08069364e-01]
 [-2.85641020e-01  1.46896509e-01]
 [ 1.76679773e-01  3.98818239e-01]
 [-1.64590321e-01  2.03204894e-02]
 [-2.80226005e-01 -1.94441239e-01]
 [ 5.10372835e-02 -4.02352032e-01]
 [-4.17020722e-01  1.19173366e-01]
 [-3.74750833e-01  4.07832711e-02]
 [ 2.42396104e-01 -6.74656904e-02]
 [ 1.07066000e-01 -1.80743864e-02]
 [-2.07664983e-01 -2.02141841e-01]
 [ 1.70255996e-01  3.23939940e-01]
 [ 4.69402612e-01  3.01244544e-01]
 [-2.12492953e-01 -2.31122844e-01]
 [ 1.88470689e-01  1.50396535e-01]
 [-3.06865693e-01 -2.70528941e-01]
 [-8.49246147e-02  4.94384979e-02]
 [-7.14830885e-02 -1.51279408e-01]
 [-1.93714035e-01 -1.50643778e-01]
 [ 8.55290793e-02 -4.64450132e-01]
 [-5.51074299e-03 -1.19482161e-01]
 [-5.75390834e-02  9.32241149e-02]
 [ 2.04868974e-01  4.02849276e-01]
 [ 9.85056026e-02 -1.85103718e-02]
 [ 8.85820106e-02 -2.90850184e-01]
 [ 1.07500050e-01  3.33157259e-02]
 [-3.02267814e-01 -6.39980575e-02]
 [-1.82001146e-01 -6.80835187e-02]
 [-1.54818366e-01 -3.11198825e-01]
 [ 1.62917511e-01  1.47091340e-01]
 [-4.81183885e-01 -1.38948432e-01]
 [-1.48017077e-01 -2.50321505e-02]
 [ 3.27599557e-01 -1.34952012e-01]
 [ 1.00520833e-01 -1.36187317e-01]
 [-5.86960638e-02  3.17151954e-01]
 [-1.79415365e-01 -1.49577109e-01]
 [ 2.58320587e-01  1.20740577e-02]
 [-3.49689732e-02 -2.49814699e-01]
 [-1.72666028e-02 -3.12710002e-01]
 [-1.78562893e-01  4.49029430e-01]
 [-2.09763652e-02  7.51980787e-02]
 [-3.42311002e-02 -3.34659160e-01]
 [ 3.42083379e-02  3.48003916e-02]
 [-1.76975813e-01  1.58317688e-01]
 [-6.47484256e-02  1.97607074e-02]
 [ 9.83728079e-02  2.23964422e-01]
 [-3.19778030e-01  3.17788576e-02]
 [-6.56223442e-02 -1.01910748e-01]
 [ 4.34481980e-01 -3.81907050e-01]
 [ 2.62960882e-02 -3.85776221e-01]
 [ 2.05627933e-01  1.76351901e-01]
 [-2.99491546e-01 -1.11975026e-01]
 [ 8.67733023e-02  1.18164510e-01]
 [ 5.10918173e-02 -5.32122884e-02]
 [-8.59420018e-02 -8.05472648e-02]
 [-3.05974883e-01  2.98773927e-01]
 [ 1.09984675e-01 -4.92849051e-03]
 [-4.68151061e-02  3.43645452e-02]
 [ 3.16593458e-01 -2.88057527e-01]
 [-3.81502104e-01  4.09621421e-01]
 [-5.65201465e-02  3.51494421e-01]
 [ 7.84030716e-02  3.05336137e-02]
 [ 1.20996424e-01  1.88533319e-01]
 [ 8.04589912e-02  2.81519963e-01]
 [-2.33498090e-03 -6.84546781e-02]
 [-4.80268360e-01 -4.37746424e-02]
 [ 4.89744805e-01 -1.86593963e-01]
 [-2.77059046e-02 -2.82658413e-01]
 [-7.06932363e-02  2.01834110e-01]
 [ 3.64280084e-01  3.25134471e-02]
 [ 1.02925278e-01 -2.44952693e-01]
 [ 2.77607124e-01  7.76002921e-02]
 [-1.20900776e-01  5.16173957e-01]
 [ 6.20164818e-02  1.60531656e-01]
 [-2.22554529e-01 -7.29948856e-02]
 [-4.20713754e-01  5.50901807e-02]
 [-2.46031606e-01  6.44707723e-02]
 [ 2.90049035e-01 -2.76703853e-01]
 [ 3.71930798e-01  2.09790189e-01]
 [ 3.70643698e-02  4.85332723e-02]
 [ 1.61446374e-01 -3.35063621e-01]
 [ 1.86560145e-01  1.31427537e-01]
 [-1.35706924e-01  2.19088730e-01]
 [ 1.39752554e-01 -2.18996854e-01]
 [-3.34818023e-01 -3.37538114e-01]
 [-1.19716361e-04 -2.93077318e-01]
 [ 1.63233032e-01  1.95379806e-01]
 [-2.09234707e-01 -2.34641499e-01]
 [ 2.57463455e-01 -5.40388536e-02]
 [-1.61505671e-01 -6.63634814e-02]
 [ 4.68616924e-02 -1.69279884e-01]
 [-1.29446545e-01 -3.52681870e-01]
 [-6.22860509e-02  4.50145924e-01]
 [ 1.75565160e-01 -1.52844000e-01]
 [-2.45572205e-01 -7.53594077e-02]
 [ 4.10914381e-02  2.82397733e-01]]
States:
[[9.99822689e-01 9.98870599e-01 5.23102738e-01 4.67672156e-01
  5.13258563e-01 5.96914502e-01]
 [9.99721220e-01 9.98866355e-01 5.26538271e-01 4.67611535e-01
  5.56818742e-01 5.96631112e-01]
 [9.99551589e-01 9.98750684e-01 5.31088744e-01 4.66001066e-01
  5.27706848e-01 5.76420493e-01]
 ...
 [3.16149333e-01 4.66389935e-01 9.84843839e-01 3.19436658e-05
  2.72588318e-01 5.50868087e-01]
 [3.47717434e-01 4.55634451e-01 9.96010791e-01 1.79385653e-05
  3.22398578e-01 5.11725046e-01]
 [3.80685485e-01 4.40225292e-01 1.00000000e+00 3.43976337e-04
  2.63169144e-01 4.93681497e-01]]
Logstds:
[[-3. -3.]
 [-3. -3.]
 [-3. -3.]
 [-3. -3.]
 [-3. -3.]
 [-3. -3.]
 [-3. -3.]
 [-3. -3.]
 [-3. -3.]
 [-3. -3.]
 [-3. -3.]
 [-3. -3.]
 [-3. -3.]
 [-3. -3.]
 [-3. -3.]
 [-3. -3.]
 [-3. -3.]
 [-3. -3.]
 [-3. -3.]
 [-3. -3.]
 [-3. -3.]
 [-3. -3.]
 [-3. -3.]
 [-3. -3.]
 [-3. -3.]
 [-3. -3.]
 [-3. -3.]
 [-3. -3.]
 [-3. -3.]
 [-3. -3.]
 [-3. -3.]
 [-3. -3.]
 [-3. -3.]
 [-3. -3.]
 [-3. -3.]
 [-3. -3.]
 [-3. -3.]
 [-3. -3.]
 [-3. -3.]
 [-3. -3.]
 [-3. -3.]
 [-3. -3.]
 [-3. -3.]
 [-3. -3.]
 [-3. -3.]
 [-3. -3.]
 [-3. -3.]
 [-3. -3.]
 [-3. -3.]
 [-3. -3.]
 [-3. -3.]
 [-3. -3.]
 [-3. -3.]
 [-3. -3.]
 [-3. -3.]
 [-3. -3.]
 [-3. -3.]
 [-3. -3.]
 [-3. -3.]
 [-3. -3.]
 [-3. -3.]
 [-3. -3.]
 [-3. -3.]
 [-3. -3.]
 [-3. -3.]
 [-3. -3.]
 [-3. -3.]
 [-3. -3.]
 [-3. -3.]
 [-3. -3.]
 [-3. -3.]
 [-3. -3.]
 [-3. -3.]
 [-3. -3.]
 [-3. -3.]
 [-3. -3.]
 [-3. -3.]
 [-3. -3.]
 [-3. -3.]
 [-3. -3.]
 [-3. -3.]
 [-3. -3.]
 [-3. -3.]
 [-3. -3.]
 [-3. -3.]
 [-3. -3.]
 [-3. -3.]
 [-3. -3.]
 [-3. -3.]
 [-3. -3.]
 [-3. -3.]
 [-3. -3.]
 [-3. -3.]
 [-3. -3.]
 [-3. -3.]
 [-3. -3.]
 [-3. -3.]
 [-3. -3.]
 [-3. -3.]
 [-3. -3.]
 [-3. -3.]
 [-3. -3.]
 [-3. -3.]
 [-3. -3.]
 [-3. -3.]
 [-3. -3.]
 [-3. -3.]
 [-3. -3.]
 [-3. -3.]
 [-3. -3.]
 [-3. -3.]
 [-3. -3.]
 [-3. -3.]
 [-3. -3.]
 [-3. -3.]
 [-3. -3.]
 [-3. -3.]
 [-3. -3.]
 [-3. -3.]
 [-3. -3.]
 [-3. -3.]
 [-3. -3.]
 [-3. -3.]
 [-3. -3.]
 [-3. -3.]
 [-3. -3.]
 [-3. -3.]
 [-3. -3.]
 [-3. -3.]
 [-3. -3.]
 [-3. -3.]
 [-3. -3.]
 [-3. -3.]
 [-3. -3.]
 [-3. -3.]
 [-3. -3.]
 [-3. -3.]
 [-3. -3.]
 [-3. -3.]
 [-3. -3.]
 [-3. -3.]
 [-3. -3.]
 [-3. -3.]
 [-3. -3.]
 [-3. -3.]
 [-3. -3.]
 [-3. -3.]
 [-3. -3.]
 [-3. -3.]
 [-3. -3.]
 [-3. -3.]
 [-3. -3.]
 [-3. -3.]
 [-3. -3.]
 [-3. -3.]
 [-3. -3.]
 [-3. -3.]
 [-3. -3.]
 [-3. -3.]
 [-3. -3.]
 [-3. -3.]
 [-3. -3.]
 [-3. -3.]
 [-3. -3.]
 [-3. -3.]
 [-3. -3.]
 [-3. -3.]
 [-3. -3.]
 [-3. -3.]
 [-3. -3.]
 [-3. -3.]
 [-3. -3.]
 [-3. -3.]
 [-3. -3.]
 [-3. -3.]
 [-3. -3.]
 [-3. -3.]
 [-3. -3.]
 [-3. -3.]
 [-3. -3.]
 [-3. -3.]
 [-3. -3.]
 [-3. -3.]
 [-3. -3.]
 [-3. -3.]
 [-3. -3.]
 [-3. -3.]
 [-3. -3.]
 [-3. -3.]
 [-3. -3.]
 [-3. -3.]
 [-3. -3.]
 [-3. -3.]
 [-3. -3.]
 [-3. -3.]
 [-3. -3.]
 [-3. -3.]
 [-3. -3.]
 [-3. -3.]
 [-3. -3.]]
