Baseline:
[0.666563   0.67886555 0.66270745 0.6920582  0.6770631  0.6869204
 0.6855699  0.67876166 0.6586118  0.64249504 0.6370299  0.64315367
 0.6390612  0.63803077 0.6238888  0.6263808  0.61554074 0.618484
 0.61801755 0.6004257  0.60958934 0.61332333 0.6277608  0.6237173
 0.6407198  0.6485055  0.6555314  0.65733737 0.66189337 0.64470184
 0.66162    0.6517563  0.66630995 0.65687335 0.6514081  0.63505894
 0.6155629  0.6173873  0.6449435  0.66505146 0.6626263  0.6722207
 0.6952941  0.68351394 0.6932044  0.66022277 0.6448323  0.6329753
 0.628153   0.60556877 0.60151935 0.6171799  0.6356256  0.65209395
 0.6457652  0.6506997  0.6561055  0.6591684  0.6703211  0.65846014
 0.6378306  0.6204702  0.60587716 0.5913117  0.57247466 0.5619428
 0.5519216  0.53373414 0.5126922  0.4951102  0.4762238  0.4644543
 0.46454573 0.4513695  0.43605775 0.42432588 0.41580677 0.3900767
 0.3680965  0.35569945 0.31493425 0.29088655 0.27384922 0.25502792
 0.23758236 0.22100148 0.23534963 0.2152035  0.20031957 0.21539134
 0.22257128 0.24934524 0.30518275 0.3335219  0.34125587 0.32627004
 0.3261789  0.30567116 0.3049049  0.29743823 0.27669996 0.27296013
 0.29122484 0.29198587 0.28219903 0.28135705 0.27734253 0.28021872
 0.27138028 0.2653331  0.26774073 0.26303852 0.24802    0.22900286
 0.22690435 0.23829806 0.23568168 0.24018823 0.22835508 0.23861054
 0.24952313 0.25032997 0.2540526  0.26229793 0.26643822 0.28265014
 0.2504303  0.25332564 0.25947675 0.25221255 0.24879093 0.26200926
 0.27983767 0.2789734  0.27077675 0.25134754 0.24842334 0.26821747
 0.26786053 0.24844417 0.260534   0.2923318  0.28179222 0.25906643
 0.25907534 0.26584923 0.2929324  0.30296826 0.30781645 0.33967406
 0.35305205 0.36014044 0.37271768 0.38569358 0.38913995 0.40243143
 0.41684616 0.44419992 0.4808696  0.51704    0.55624354 0.593179
 0.6205824  0.63737625 0.6454889  0.64325774 0.64134717 0.63455874
 0.6188122  0.5893774  0.5663888  0.5572867  0.53300005 0.49778226
 0.4636578  0.43031502 0.41900036 0.3893409  0.37943608 0.3758714
 0.3686319  0.2584633  0.26279914 0.2733595  0.2834407  0.28610438
 0.27538824 0.28244203 0.2902245  0.30553466 0.3083991  0.3208922
 0.32217386 0.2899225  0.28827146 0.2957944  0.26856244 0.2623346
 0.27417502 0.25304803 0.25304803]
Returns:
[ 5.45177804e+00  5.43475256e+00  5.39423846e+00  4.94892922e+00
  4.90735029e+00  4.63602736e+00  4.60697064e+00  4.60693106e+00
  4.65670472e+00  4.71880818e+00  4.45646413e+00  4.38645549e+00
  4.41826047e+00  4.29654996e+00  4.34192178e+00  4.34659529e+00
  4.41663378e+00  4.41500532e+00  4.49008201e+00  4.52729982e+00
  4.49507400e+00  4.52218999e+00  4.49717586e+00  4.58821666e+00
  4.56594075e+00  4.58881122e+00  4.67295051e+00  4.77710912e+00
  4.88640707e+00  4.90843336e+00  4.89885592e+00  4.95038507e+00
  4.98889905e+00  5.06680834e+00  5.14305271e+00  5.18347585e+00
  5.04930144e+00  5.11692336e+00  4.97497605e+00  4.92675777e+00
  4.88244058e+00  4.89357015e+00  4.79209410e+00  4.49857108e+00
  4.48793008e+00  4.30252429e+00  4.24817853e+00  4.24672935e+00
  4.26234004e+00  4.14152952e+00  4.12191801e+00  3.93409633e+00
  3.66930892e+00  3.51572654e+00  3.51656553e+00  3.47023472e+00
  3.32699600e+00  3.28612544e+00  3.07583723e+00  3.04411860e+00
  2.58961623e+00  2.46675484e+00  2.39577593e+00  2.15598594e+00
  2.00921676e+00  1.95064598e+00  1.93443788e+00  1.91753300e+00
  1.85035608e+00  1.81146133e+00  1.84425580e+00  1.78552758e+00
  1.63630197e+00  1.64188834e+00  1.69226391e+00  1.75667689e+00
  1.76687727e+00  1.72233088e+00  1.78456879e+00  1.69558412e+00
  1.65134217e+00  1.57853668e+00  1.64329177e+00  1.53392060e+00
  1.63233740e+00  1.72639220e+00  1.59635926e+00  1.61872461e+00
  1.40493145e+00  1.24471133e+00  1.02689924e+00  1.02650062e+00
  1.07848748e+00  8.60890741e-01  8.17742467e-01  7.91865901e-01
  7.93018986e-01  7.69096413e-01  7.65144928e-01  7.92724505e-01
  5.90987346e-01  5.97435510e-01  6.17785616e-01  6.20504099e-01
  6.26320481e-01  6.38520090e-01  6.08049535e-01  5.67790890e-01
  5.79880439e-01  5.09736020e-01  3.28703386e-01  1.75290089e-01
  1.23309630e-01  6.44223501e-02 -6.83677709e-02 -1.71230380e-01
 -1.84028153e-01 -2.11970057e-01 -2.62954231e-01 -3.17214912e-01
 -3.00625506e-01 -2.27027946e-01 -1.34780086e-01 -2.98108313e-02
  9.13275696e-02  5.98019275e-02 -4.95415076e-02  6.82172918e-02
  3.11144017e-03  4.73245071e-02  1.54315828e-01  2.18809214e-01
  2.62399171e-01  3.90101958e-01  4.82334452e-01  5.33781787e-01
  6.53682278e-01  7.82230576e-01  8.99016345e-01  8.89305781e-01
  1.07128533e+00  1.07781237e+00  1.18303280e+00  1.16779119e+00
  1.25866898e+00  1.30225925e+00  1.35180135e+00  1.54071258e+00
  1.72199843e+00  1.78360034e+00  1.83642802e+00  2.04211948e+00
  2.15636467e+00  1.90832388e+00  1.90001155e+00  1.98135057e+00
  2.07179129e+00  2.03176395e+00  2.10499410e+00  2.12972858e+00
  2.10606785e+00  2.09618639e+00  1.96678389e+00  1.73673543e+00
  1.52744306e+00  1.40521088e+00  1.02491293e+00  6.89789287e-01
  5.31354318e-01  2.74960911e-01  1.17811002e-01 -2.95969773e-01
 -3.87459479e-01 -4.83161736e-01 -5.20520073e-01 -5.31287112e-01
 -5.67076277e-01 -5.15782092e-01 -4.61029854e-01 -3.72982680e-01
 -2.64976652e-01 -2.03055615e-01 -1.32396090e-01 -1.28681530e-01
 -1.83382243e-01 -1.12600483e-01 -4.09587199e-02 -6.07620989e-03
  3.65618884e-02  1.39621540e-01  2.86039474e-01  4.09851014e-01
 -2.90020454e-01 -3.96589844e-01 -2.84376300e-01 -2.02054200e-01
 -1.71060387e-01 -4.94124424e-02 -6.33581355e-02 -6.70519471e-02]
Advants:
[ 3.31158516  3.30381202  3.30209382  2.83731998  2.82064225  2.54151568
  2.51518118  2.52364772  2.59757637  2.68256204  2.42508025  2.34593903
  2.37968157  2.25293058  2.30769696  2.30479405  2.38265648  2.37467029
  2.44884454  2.50386381  2.46142177  2.48438464  2.44325802  2.5394654
  2.50019096  2.51574652  2.59575581  2.7044166   2.81924352  2.87061826
  2.85649575  2.93321457  2.97454735  3.08344707  3.19107379  3.27772677
  3.19192782  3.29109989  3.15257159  3.11574614  3.10674266  3.14401562
  3.05439628  2.80184541  2.81256393  2.68912073  2.68041035  2.72396147
  2.78099302  2.71944517  2.74320472  2.57610059  2.32358479  2.18160871
  2.21946439  2.19991575  2.08109244  2.06816186  1.87351617  1.88212222
  1.46571897  1.37591289  1.33481512  1.1192153   0.99777107  0.95528703
  0.9549369   0.96259313  0.92194781  0.90593327  0.96496208  0.92452494
  0.77766699  0.79967842  0.8709229   0.95545328  0.9838516   0.97495669
  1.07254606  1.00810008  1.01769172  0.98160764  1.07968306  1.00400278
  1.13958479  1.27504172  1.15313091  1.22134166  1.0441691   0.8870442
  0.67480822  0.66063795  0.67077816  0.43241867  0.38818457  0.3841715
  0.39291778  0.39753846  0.40297475  0.44846088  0.27319332  0.28991595
  0.29915713  0.3089405   0.33351891  0.35670358  0.34043647  0.30702444
  0.33915078  0.28522345  0.10714602 -0.04034468 -0.07712546 -0.11803211
 -0.25389051 -0.37728748 -0.39770307 -0.4422611  -0.49576416 -0.57785027
 -0.5910646  -0.53652304 -0.46506368 -0.38386794 -0.28010233 -0.34367607
 -0.44037012 -0.34319181 -0.43584428 -0.40599307 -0.31563361 -0.28453451
 -0.27987089 -0.17022274 -0.0872181  -0.03305833  0.07542423  0.171978
  0.279504    0.27907402  0.44321887  0.41093226  0.52265898  0.52599774
  0.61517845  0.65130149  0.67370265  0.85804753  1.04587748  1.08890448
  1.14398846  1.36570004  1.49558944  1.25712561  1.26947731  1.36579371
  1.47484802  1.4412249   1.5155498   1.54474162  1.52402187  1.52149171
  1.40789554  1.20030958  1.01878109  0.93400158  0.58213332  0.27242172
  0.14553029 -0.07130494 -0.1986298  -0.60840547 -0.68321819 -0.75383118
 -0.76815643 -0.75691869 -0.794454   -0.72517006 -0.6711771  -0.58830442
 -0.47897825 -0.30798987 -0.24081001 -0.24693843 -0.3129454  -0.24404997
 -0.15830137 -0.12593244 -0.08507181  0.01190811  0.16991816  0.30036751
 -0.40171017 -0.47932999 -0.36552688 -0.28848104 -0.22601642 -0.08958575
 -0.10688574 -0.07970436]
Mus:
[[-2.48613656e-02 -1.07048452e-02]
 [-2.43502930e-02 -1.04253674e-02]
 [-2.54788920e-02 -1.03727160e-02]
 [-2.44489498e-02 -9.24704317e-03]
 [-2.58130450e-02 -9.34047438e-03]
 [-2.56218780e-02 -8.41337629e-03]
 [-2.66193263e-02 -9.28284880e-03]
 [-2.74649877e-02 -9.29819513e-03]
 [-2.90561877e-02 -1.01166163e-02]
 [-3.05135529e-02 -1.09630032e-02]
 [-3.24243084e-02 -1.28200706e-02]
 [-3.21312808e-02 -1.24134030e-02]
 [-3.31520177e-02 -1.32616162e-02]
 [-3.25583965e-02 -1.24750677e-02]
 [-3.37680839e-02 -1.32357627e-02]
 [-3.48036028e-02 -1.40849315e-02]
 [-3.58967036e-02 -1.48647660e-02]
 [-3.55461948e-02 -1.45098697e-02]
 [-3.57899219e-02 -1.46398116e-02]
 [-3.64393517e-02 -1.49093494e-02]
 [-3.67597565e-02 -1.51691847e-02]
 [-3.65734212e-02 -1.49832247e-02]
 [-3.66610400e-02 -1.51612656e-02]
 [-3.66456322e-02 -1.51418420e-02]
 [-3.67319174e-02 -1.54951122e-02]
 [-3.58019657e-02 -1.47740627e-02]
 [-3.55004482e-02 -1.47861578e-02]
 [-3.51599306e-02 -1.47639699e-02]
 [-3.46279480e-02 -1.46128340e-02]
 [-3.45647447e-02 -1.45203052e-02]
 [-3.42359133e-02 -1.48166455e-02]
 [-3.42370458e-02 -1.51834888e-02]
 [-3.30177695e-02 -1.45693468e-02]
 [-3.23877558e-02 -1.42479995e-02]
 [-3.23195755e-02 -1.45494398e-02]
 [-3.11689284e-02 -1.41534172e-02]
 [-3.05955987e-02 -1.33915534e-02]
 [-3.02306581e-02 -1.33662410e-02]
 [-2.92618014e-02 -1.34575646e-02]
 [-2.81664655e-02 -1.30994730e-02]
 [-2.78164502e-02 -1.25322714e-02]
 [-2.68900432e-02 -1.21885752e-02]
 [-2.58596875e-02 -1.19962590e-02]
 [-2.51790024e-02 -1.06936973e-02]
 [-2.48494726e-02 -1.08917914e-02]
 [-2.59862915e-02 -1.08228745e-02]
 [-2.70805489e-02 -1.10120494e-02]
 [-2.72013359e-02 -1.15262996e-02]
 [-2.73293406e-02 -1.15649449e-02]
 [-2.75800135e-02 -1.14815393e-02]
 [-2.81263199e-02 -1.17971376e-02]
 [-2.85769086e-02 -1.21646933e-02]
 [-2.80716158e-02 -1.16436221e-02]
 [-2.77594123e-02 -1.18762553e-02]
 [-2.85894275e-02 -1.21818744e-02]
 [-2.86573581e-02 -1.21295936e-02]
 [-2.87083164e-02 -1.17820576e-02]
 [-2.92753633e-02 -1.22472011e-02]
 [-2.87928861e-02 -1.16015133e-02]
 [-3.07088904e-02 -1.25503950e-02]
 [-3.14016677e-02 -1.18549801e-02]
 [-3.34778130e-02 -1.32716289e-02]
 [-3.45450565e-02 -1.36039024e-02]
 [-3.58355865e-02 -1.35887107e-02]
 [-3.75277326e-02 -1.38629060e-02]
 [-3.85455564e-02 -1.46666933e-02]
 [-3.92721109e-02 -1.52757270e-02]
 [-4.03208099e-02 -1.56725664e-02]
 [-4.11639996e-02 -1.56814884e-02]
 [-4.22159620e-02 -1.66929178e-02]
 [-4.36610654e-02 -1.74929816e-02]
 [-4.35056984e-02 -1.71916354e-02]
 [-4.30505797e-02 -1.66771505e-02]
 [-4.45211679e-02 -1.76718328e-02]
 [-4.56669666e-02 -1.83266085e-02]
 [-4.65735383e-02 -1.88628957e-02]
 [-4.75787856e-02 -1.95777267e-02]
 [-4.69979420e-02 -1.92410275e-02]
 [-4.71549444e-02 -1.96376368e-02]
 [-4.54965495e-02 -1.84624773e-02]
 [-4.37195040e-02 -1.77998338e-02]
 [-4.40976694e-02 -1.86330378e-02]
 [-4.22254130e-02 -1.77865494e-02]
 [-3.93197946e-02 -1.60600170e-02]
 [-3.70721035e-02 -1.51401814e-02]
 [-3.37312557e-02 -1.37423463e-02]
 [-3.42418402e-02 -1.43221552e-02]
 [-2.90813856e-02 -1.20540429e-02]
 [-2.40309052e-02 -1.08191660e-02]
 [-1.99880004e-02 -8.54182523e-03]
 [-1.40362419e-02 -5.41942054e-03]
 [-1.53238717e-02 -6.22704532e-03]
 [-2.84362584e-02 -1.31449429e-02]
 [-2.87707727e-02 -1.33175105e-02]
 [-2.97081042e-02 -1.40743731e-02]
 [-2.91647166e-02 -1.35444002e-02]
 [-3.02401949e-02 -1.43880295e-02]
 [-2.93425638e-02 -1.38443084e-02]
 [-2.78753731e-02 -1.30328536e-02]
 [-2.74983514e-02 -1.29171573e-02]
 [-2.39822399e-02 -1.08896233e-02]
 [-2.18082629e-02 -1.00870905e-02]
 [-2.38005593e-02 -1.16702821e-02]
 [-2.36472487e-02 -1.21772988e-02]
 [-2.25268994e-02 -1.21835601e-02]
 [-2.09318642e-02 -1.18363844e-02]
 [-1.83559638e-02 -1.04512852e-02]
 [-1.76500902e-02 -1.06628183e-02]
 [-1.55394236e-02 -9.65778716e-03]
 [-1.47615355e-02 -1.00700296e-02]
 [-1.13991266e-02 -7.99636822e-03]
 [-1.14865089e-02 -8.94056633e-03]
 [-9.97379515e-03 -8.78412370e-03]
 [-6.13030652e-03 -7.14810379e-03]
 [-1.85181911e-03 -4.60336311e-03]
 [ 9.77711286e-04 -3.22602526e-03]
 [ 7.08140360e-05 -4.35111858e-03]
 [ 2.12821946e-03 -3.25369718e-03]
 [ 2.49523344e-03 -3.71585693e-03]
 [ 6.08393643e-03 -1.50839018e-03]
 [ 8.68298579e-03  2.74828599e-05]
 [ 1.02915242e-02  9.00035375e-04]
 [ 1.05100079e-02  8.30011675e-04]
 [ 1.10040149e-02  9.51916503e-04]
 [ 1.27938092e-02  1.86320744e-03]
 [ 1.66894589e-02  4.16078465e-03]
 [ 1.62645373e-02  4.06595133e-03]
 [ 1.74464490e-02  4.72325785e-03]
 [ 1.58935320e-02  3.45472619e-03]
 [ 1.44614503e-02  2.56477855e-03]
 [ 1.49653219e-02  2.80931965e-03]
 [ 1.84323341e-02  4.77626687e-03]
 [ 1.78732108e-02  3.96782206e-03]
 [ 1.75865106e-02  3.68156587e-03]
 [ 2.01415103e-02  5.41173341e-03]
 [ 1.87317170e-02  4.81862901e-03]
 [ 1.98548939e-02  5.85792074e-03]
 [ 2.19046697e-02  7.20291631e-03]
 [ 1.97537411e-02  6.02044025e-03]
 [ 1.51468031e-02  3.85048892e-03]
 [ 1.39225032e-02  3.58470180e-03]
 [ 1.20455353e-02  2.63651251e-03]
 [ 7.17371656e-03  4.65955731e-04]
 [ 5.32584684e-03  5.23646246e-04]
 [ 7.56595051e-04 -1.67600741e-03]
 [-5.11528831e-03 -4.52540163e-03]
 [-1.03949541e-02 -6.77524274e-03]
 [-1.39333857e-02 -8.02311208e-03]
 [-1.67227462e-02 -8.74747615e-03]
 [-2.12004054e-02 -1.05018755e-02]
 [-2.89064273e-02 -1.41779110e-02]
 [-3.42267193e-02 -1.61464084e-02]
 [-4.01849709e-02 -1.86415613e-02]
 [-4.52818535e-02 -2.06827912e-02]
 [-5.01993671e-02 -2.32042223e-02]
 [-5.44577241e-02 -2.52318829e-02]
 [-5.49400561e-02 -2.60008778e-02]
 [-5.38171344e-02 -2.58837622e-02]
 [-5.16795740e-02 -2.53237616e-02]
 [-4.83203493e-02 -2.42079776e-02]
 [-4.40918617e-02 -2.26250943e-02]
 [-3.80382240e-02 -2.05179173e-02]
 [-3.08132246e-02 -1.80508830e-02]
 [-2.31705308e-02 -1.54209593e-02]
 [-1.64243616e-02 -1.30233765e-02]
 [-1.07164113e-02 -1.09645696e-02]
 [-7.33832503e-03 -9.48899053e-03]
 [-5.70124108e-03 -8.67154915e-03]
 [-4.58851550e-03 -8.17934331e-03]
 [-4.05494869e-03 -8.20348319e-03]
 [-3.04578035e-03 -7.69663276e-03]
 [ 1.00316806e-03 -5.54295396e-03]
 [ 4.73125419e-03 -4.04167967e-03]
 [ 6.41378481e-03 -3.70878843e-03]
 [ 9.51909926e-03 -2.81610945e-03]
 [ 1.12488149e-02 -2.33126082e-03]
 [ 1.36069097e-02 -1.01003842e-03]
 [ 1.26840360e-02 -1.40628300e-03]
 [ 1.24892676e-02 -1.16638676e-03]
 [ 1.13021946e-02 -1.37256924e-03]
 [ 9.86400619e-03 -1.78237527e-03]
 [ 1.72004644e-02  3.82271758e-03]
 [ 2.06701774e-02  6.12673257e-03]
 [ 2.17845701e-02  6.65371958e-03]
 [ 2.49988344e-02  9.07041598e-03]
 [ 2.43208911e-02  8.33395682e-03]
 [ 2.35277470e-02  8.02172348e-03]
 [ 2.55172979e-02  9.62337293e-03]
 [ 2.44242344e-02  8.63065477e-03]
 [ 2.40443442e-02  8.27330630e-03]
 [ 2.36477964e-02  8.18665698e-03]
 [ 2.26760823e-02  7.62494514e-03]
 [ 1.51296807e-02  2.99199345e-03]
 [ 1.25942631e-02  2.58795125e-03]
 [ 1.09505700e-02  2.45462870e-03]
 [ 7.06434576e-03  8.44162947e-04]
 [ 4.74001095e-03  1.08302556e-04]
 [ 3.04258731e-03 -6.30177019e-05]
 [ 1.26176034e-04 -7.47929502e-04]
 [-3.29008629e-03 -2.28483439e-03]]
Actions:
[[ 0.16653806  0.07944241]
 [-0.02699031 -0.30503629]
 [ 0.59129168 -0.01562884]
 [-0.0684437  -0.29347514]
 [ 0.3652307  -0.26877735]
 [-0.0502951   0.24957818]
 [ 0.03903109 -0.14186355]
 [-0.21310051 -0.11902528]
 [-0.21250184 -0.06688778]
 [-0.412898    0.47260245]
 [ 0.25503526 -0.0288495 ]
 [-0.22183106  0.16077689]
 [ 0.24977703 -0.24971118]
 [-0.25592872 -0.0393524 ]
 [-0.0974314   0.26672018]
 [-0.25861249  0.00912631]
 [ 0.18396338 -0.04962149]
 [ 0.02511179  0.02028477]
 [-0.19135037 -0.2258123 ]
 [ 0.15348985  0.21025049]
 [ 0.14130826  0.01623807]
 [ 0.13340224  0.25149511]
 [-0.06807982 -0.05400816]
 [ 0.04662923  0.33340051]
 [ 0.16430933 -0.05472761]
 [-0.04455797  0.12860608]
 [-0.10664709  0.0464434 ]
 [-0.04808046  0.05323897]
 [-0.26381519 -0.23422782]
 [ 0.00649607  0.32782749]
 [-0.33262841  0.02535984]
 [ 0.15751194  0.0370283 ]
 [-0.13604323 -0.13339191]
 [-0.25075513  0.06313044]
 [-0.2672673  -0.15957456]
 [-0.00081207 -0.45268573]
 [ 0.05089643 -0.01187487]
 [ 0.21341874  0.36006799]
 [ 0.19889392  0.17457373]
 [ 0.13863061 -0.18711344]
 [ 0.09539979  0.09176468]
 [ 0.15997198  0.30165446]
 [ 0.21737829 -0.47171485]
 [-0.03924734  0.22133946]
 [-0.19880759 -0.45791988]
 [-0.12801019 -0.24730949]
 [-0.2814464   0.0151545 ]
 [-0.00716003 -0.09299151]
 [-0.1615794  -0.36239439]
 [ 0.03173386 -0.04808847]
 [ 0.25228867  0.21779225]
 [ 0.39679459  0.03157662]
 [ 0.13337969  0.30475294]
 [-0.04171765 -0.0538786 ]
 [ 0.10673445  0.01682005]
 [ 0.21586943 -0.07984032]
 [-0.01236859  0.16510522]
 [ 0.31285918 -0.04621061]
 [-0.21824618  0.02469185]
 [ 0.15450374 -0.58943559]
 [-0.31027066  0.16975214]
 [-0.04113002 -0.18298948]
 [ 0.12605322 -0.36401984]
 [ 0.10163263 -0.25286412]
 [-0.03377205  0.17016867]
 [-0.05186084  0.13020504]
 [-0.03613325 -0.09487982]
 [ 0.08415434 -0.21614781]
 [-0.25640339  0.17834743]
 [-0.17370205  0.00647682]
 [ 0.17986236 -0.06166918]
 [ 0.31377083  0.06958146]
 [-0.25391895  0.13871478]
 [-0.22076492 -0.00534944]
 [-0.12542718  0.10933072]
 [-0.13880051  0.22898524]
 [-0.1950916  -0.36555084]
 [-0.24555947  0.05279533]
 [ 0.22969364 -0.26869785]
 [-0.32917355 -0.31052326]
 [-0.3180384   0.30813333]
 [ 0.03036827 -0.14903704]
 [ 0.28187882 -0.25993563]
 [-0.04247335 -0.06019801]
 [-0.03349685 -0.12859012]
 [ 0.08110076  0.4341928 ]
 [-0.04423457 -0.31142514]
 [-0.64861125 -0.09374559]
 [ 0.40691332 -0.20016938]
 [ 0.29139702 -0.42684958]
 [ 0.1299994   0.14041979]
 [-0.04976214  0.04051698]
 [ 0.3500865   0.24954569]
 [-0.0043391   0.23055151]
 [-0.00761073 -0.2579702 ]
 [-0.11953087  0.15966596]
 [-0.12740909 -0.28804577]
 [ 0.13498962 -0.09772636]
 [-0.08837586 -0.07599529]
 [-0.01477227 -0.51221132]
 [-0.17777775 -0.11990099]
 [-0.11702593  0.05656607]
 [-0.1132314  -0.15388323]
 [-0.2331311  -0.00777038]
 [-0.01631717  0.07231481]
 [ 0.07448788 -0.21232121]
 [-0.02052062  0.23359838]
 [-0.04604014 -0.17440849]
 [-0.2697923   0.19189846]
 [ 0.3683108  -0.21630876]
 [-0.35313204  0.25562936]
 [-0.35295434 -0.02522472]
 [-0.24250603 -0.27842966]
 [ 0.28288377 -0.28308411]
 [ 0.33460833  0.13020756]
 [-0.29791955  0.04629785]
 [ 0.14960056 -0.23742   ]
 [-0.38186105  0.02839727]
 [ 0.34387697 -0.04659054]
 [ 0.23610651  0.01589011]
 [ 0.03223163 -0.13078825]
 [-0.07567016  0.07386225]
 [-0.00365809  0.10338282]
 [ 0.05746508 -0.0109287 ]
 [ 0.39205489 -0.03457754]
 [-0.35104932 -0.3055861 ]
 [ 0.00808457 -0.08490052]
 [-0.2126655  -0.36669477]
 [-0.27776641 -0.01525417]
 [-0.12144549 -0.10882477]
 [ 0.2645987  -0.10230557]
 [-0.06356861  0.31448009]
 [-0.13375062  0.06420843]
 [ 0.05145812 -0.24599226]
 [-0.29651961 -0.11175536]
 [ 0.01036501 -0.2164239 ]
 [ 0.23267477 -0.02102555]
 [-0.20310786  0.1333471 ]
 [-0.4234105  -0.01637182]
 [ 0.06200309  0.09312064]
 [ 0.11100011  0.41723132]
 [-0.28656497  0.07932511]
 [-0.10057508 -0.44528   ]
 [-0.22211802  0.23412566]
 [-0.21813697  0.31855454]
 [ 0.12662387  0.35001047]
 [ 0.08926633  0.03559928]
 [ 0.1202998  -0.09457829]
 [ 0.19275199  0.29759342]
 [-0.19614123  0.3431819 ]
 [ 0.01325239  0.00621882]
 [ 0.01018805  0.26043406]
 [ 0.00971466  0.63558391]
 [-0.29092326  0.33985662]
 [-0.13926744 -0.24058118]
 [-0.2615874  -0.10938542]
 [-0.18894419  0.36150915]
 [-0.12436989  0.12820318]
 [-0.06853511  0.19117435]
 [-0.06009643  0.21855617]
 [-0.04506975  0.10049665]
 [-0.38844107 -0.07802855]
 [ 0.2884719  -0.00736055]
 [ 0.10842068 -0.26188946]
 [-0.06809862  0.01044603]
 [ 0.24015133  0.36377941]
 [ 0.06843135 -0.41294481]
 [ 0.0110324  -0.01256707]
 [-0.16672352  0.3207512 ]
 [ 0.06150429  0.12594944]
 [ 0.49957979 -0.08316122]
 [ 0.09229069  0.00613653]
 [-0.20691797  0.12144606]
 [-0.14162507  0.07466397]
 [-0.15481292 -0.1020995 ]
 [ 0.24274323  0.12513874]
 [-0.15539075  0.09192591]
 [ 0.15015646 -0.1275768 ]
 [ 0.07833325 -0.10558057]
 [-0.00646898 -0.07119305]
 [-0.22884958 -0.02934853]
 [ 0.22998058  0.0774228 ]
 [ 0.04072458  0.35096206]
 [ 0.35914723 -0.2243193 ]
 [-0.1774927   0.12940461]
 [-0.19834297 -0.09389005]
 [ 0.24153644 -0.20394524]
 [-0.18751304  0.22733911]
 [ 0.0028911   0.20191697]
 [-0.02742111  0.00828251]
 [-0.01228398  0.17892654]
 [-0.64846801  0.61417488]
 [-0.25387422 -0.38527217]
 [ 0.01837316 -0.10796942]
 [-0.0945823   0.18061249]
 [-0.30562372 -0.00143562]
 [ 0.0167715  -0.08427931]
 [ 0.1727945   0.32021893]
 [-0.33713015 -0.1247896 ]
 [-0.05218896  0.21538172]]
States:
[[0.99846648 0.99863423 0.46979212 0.53554803 0.51299284 0.59714913]
 [0.99871201 0.99851084 0.47311076 0.53711685 0.55569923 0.6179514 ]
 [0.99910442 0.99873793 0.47916161 0.5341735  0.54796825 0.53760537]
 ...
 [0.26141618 0.         0.95946946 0.5661877  0.01886224 0.58821553]
 [0.32760432 0.         0.98917299 0.56767119 0.07300128 0.58800615]
 [0.39914747 0.         1.         0.57148446 0.         0.55547971]]
Logstds:
[[-3. -3.]
 [-3. -3.]
 [-3. -3.]
 [-3. -3.]
 [-3. -3.]
 [-3. -3.]
 [-3. -3.]
 [-3. -3.]
 [-3. -3.]
 [-3. -3.]
 [-3. -3.]
 [-3. -3.]
 [-3. -3.]
 [-3. -3.]
 [-3. -3.]
 [-3. -3.]
 [-3. -3.]
 [-3. -3.]
 [-3. -3.]
 [-3. -3.]
 [-3. -3.]
 [-3. -3.]
 [-3. -3.]
 [-3. -3.]
 [-3. -3.]
 [-3. -3.]
 [-3. -3.]
 [-3. -3.]
 [-3. -3.]
 [-3. -3.]
 [-3. -3.]
 [-3. -3.]
 [-3. -3.]
 [-3. -3.]
 [-3. -3.]
 [-3. -3.]
 [-3. -3.]
 [-3. -3.]
 [-3. -3.]
 [-3. -3.]
 [-3. -3.]
 [-3. -3.]
 [-3. -3.]
 [-3. -3.]
 [-3. -3.]
 [-3. -3.]
 [-3. -3.]
 [-3. -3.]
 [-3. -3.]
 [-3. -3.]
 [-3. -3.]
 [-3. -3.]
 [-3. -3.]
 [-3. -3.]
 [-3. -3.]
 [-3. -3.]
 [-3. -3.]
 [-3. -3.]
 [-3. -3.]
 [-3. -3.]
 [-3. -3.]
 [-3. -3.]
 [-3. -3.]
 [-3. -3.]
 [-3. -3.]
 [-3. -3.]
 [-3. -3.]
 [-3. -3.]
 [-3. -3.]
 [-3. -3.]
 [-3. -3.]
 [-3. -3.]
 [-3. -3.]
 [-3. -3.]
 [-3. -3.]
 [-3. -3.]
 [-3. -3.]
 [-3. -3.]
 [-3. -3.]
 [-3. -3.]
 [-3. -3.]
 [-3. -3.]
 [-3. -3.]
 [-3. -3.]
 [-3. -3.]
 [-3. -3.]
 [-3. -3.]
 [-3. -3.]
 [-3. -3.]
 [-3. -3.]
 [-3. -3.]
 [-3. -3.]
 [-3. -3.]
 [-3. -3.]
 [-3. -3.]
 [-3. -3.]
 [-3. -3.]
 [-3. -3.]
 [-3. -3.]
 [-3. -3.]
 [-3. -3.]
 [-3. -3.]
 [-3. -3.]
 [-3. -3.]
 [-3. -3.]
 [-3. -3.]
 [-3. -3.]
 [-3. -3.]
 [-3. -3.]
 [-3. -3.]
 [-3. -3.]
 [-3. -3.]
 [-3. -3.]
 [-3. -3.]
 [-3. -3.]
 [-3. -3.]
 [-3. -3.]
 [-3. -3.]
 [-3. -3.]
 [-3. -3.]
 [-3. -3.]
 [-3. -3.]
 [-3. -3.]
 [-3. -3.]
 [-3. -3.]
 [-3. -3.]
 [-3. -3.]
 [-3. -3.]
 [-3. -3.]
 [-3. -3.]
 [-3. -3.]
 [-3. -3.]
 [-3. -3.]
 [-3. -3.]
 [-3. -3.]
 [-3. -3.]
 [-3. -3.]
 [-3. -3.]
 [-3. -3.]
 [-3. -3.]
 [-3. -3.]
 [-3. -3.]
 [-3. -3.]
 [-3. -3.]
 [-3. -3.]
 [-3. -3.]
 [-3. -3.]
 [-3. -3.]
 [-3. -3.]
 [-3. -3.]
 [-3. -3.]
 [-3. -3.]
 [-3. -3.]
 [-3. -3.]
 [-3. -3.]
 [-3. -3.]
 [-3. -3.]
 [-3. -3.]
 [-3. -3.]
 [-3. -3.]
 [-3. -3.]
 [-3. -3.]
 [-3. -3.]
 [-3. -3.]
 [-3. -3.]
 [-3. -3.]
 [-3. -3.]
 [-3. -3.]
 [-3. -3.]
 [-3. -3.]
 [-3. -3.]
 [-3. -3.]
 [-3. -3.]
 [-3. -3.]
 [-3. -3.]
 [-3. -3.]
 [-3. -3.]
 [-3. -3.]
 [-3. -3.]
 [-3. -3.]
 [-3. -3.]
 [-3. -3.]
 [-3. -3.]
 [-3. -3.]
 [-3. -3.]
 [-3. -3.]
 [-3. -3.]
 [-3. -3.]
 [-3. -3.]
 [-3. -3.]
 [-3. -3.]
 [-3. -3.]
 [-3. -3.]
 [-3. -3.]
 [-3. -3.]
 [-3. -3.]
 [-3. -3.]
 [-3. -3.]
 [-3. -3.]
 [-3. -3.]]
