Baseline:
[0.49331996 0.49494985 0.4886128  0.50729144 0.49432048 0.48765615
 0.47374877 0.45408005 0.46368998 0.4720249  0.46376333 0.4528386
 0.43185094 0.4345764  0.43263793 0.41080877 0.39249772 0.37927327
 0.36650294 0.34780052 0.33681086 0.33187512 0.33877823 0.33257857
 0.33256677 0.32771537 0.31578645 0.3060442  0.2951345  0.27277166
 0.25901684 0.25182083 0.257305   0.23959392 0.23789345 0.22188203
 0.1961876  0.17808597 0.16932243 0.15982035 0.16099517 0.16642219
 0.15959252 0.13963169 0.1225316  0.12247258 0.13168056 0.13745977
 0.15065189 0.17887773 0.19302545 0.18088488 0.17879869 0.18072599
 0.18919933 0.19201142 0.18888116 0.18802759 0.19340287 0.18872602
 0.18266806 0.1764865  0.18016945 0.1901972  0.18546748 0.20038858
 0.19566599 0.18793347 0.19446026 0.1840495  0.1840346  0.17610343
 0.17083122 0.16586107 0.15272911 0.1489134  0.14473292 0.15112162
 0.14805889 0.14079303 0.1498972  0.16044788 0.17061771 0.17114218
 0.18218054 0.20817389 0.18058604 0.15545754 0.15727742 0.16204257
 0.15292697 0.16076377 0.15507968 0.14260346 0.14690746 0.14374737
 0.13219705 0.13647136 0.1291901  0.12753165 0.15276629 0.17083295
 0.15995866 0.17669185 0.1674384  0.16594023 0.19100267 0.19450824
 0.21754362 0.22525327 0.21303695 0.19365    0.18066552 0.18777938
 0.1756319  0.1729387  0.1889351  0.19215886 0.18839918 0.2147748
 0.20553751 0.21393053 0.23166409 0.24120523 0.25169814 0.2752272
 0.2892434  0.31177226 0.3134251  0.32628378 0.34080887 0.3527663
 0.380223   0.39315644 0.40239242 0.3844698  0.41257465 0.4273046
 0.44730556 0.46894506 0.48957726 0.5105667  0.50660604 0.51308894
 0.51196545 0.51336783 0.49949792 0.4949895  0.5048845  0.50718623
 0.49232894 0.46130964 0.46677956 0.4541768  0.46907556 0.47371855
 0.46224642 0.49564117 0.46813616 0.4272587  0.4012846  0.38584313
 0.374052   0.36288765 0.3733782  0.38266656 0.4080432  0.41441312
 0.40363854 0.41528866 0.41859528 0.42786756 0.42017725 0.45330897
 0.43056515 0.42843828 0.42008317 0.44656116 0.43490425 0.41708127
 0.4133038  0.40320227 0.4158123  0.42665505 0.39905238 0.39653042
 0.41057023 0.41631633 0.42522985 0.44485945 0.43788704 0.4339811
 0.44507697 0.45218834 0.43835354 0.42953646 0.44341558 0.42554078
 0.41196126 0.387163   0.387163  ]
Returns:
[ 1.27073945  1.31832658  1.37204514  1.1659211   1.17779112  1.13087748
  1.09812655  1.01170912  0.90136071  0.8115433   0.81608059  0.87076866
  0.69809248  0.55091587  0.25104037  0.14441114  0.13034732  0.11256746
  0.08412033  0.09676415  0.05935346  0.08075538 -0.09993551 -0.04000097
 -0.01241137  0.04577817  0.11570882  0.14146923  0.13926787 -0.0407488
  0.02112826  0.02102107 -0.12774806 -0.0472201  -0.00174114 -0.23229119
 -0.24804075 -0.16477348 -0.24835344 -0.22823442 -0.19860169 -0.1657281
 -0.10573733 -0.11951662 -0.32964168 -0.30549307 -0.21604584 -0.12373954
 -0.17345463 -0.08672788 -0.11809193 -0.28142213 -0.19554978 -0.36572073
 -0.73355673 -0.69599407 -0.6522358  -0.75436415 -0.76086329 -0.77279092
 -0.80572189 -0.87834576 -1.00602825 -1.04717658 -1.02386115 -1.10540023
 -1.08337512 -1.03425574 -1.03981325 -1.00550454 -0.95313812 -0.89467256
 -0.83237239 -0.79638766 -0.78613829 -0.71922132 -0.65828621 -0.62936074
 -0.56758937 -0.55637921 -0.50899858 -0.53400254 -0.46062996 -0.41680978
 -0.41528043 -0.64060032 -0.76407276 -0.76390057 -0.77795453 -0.70511493
 -0.6294872  -0.60188649 -0.51827774 -0.49285675 -0.40751377 -0.34168956
 -0.37639841 -0.36863734 -0.39916607 -0.30785381 -0.59518123 -0.58072589
 -0.53956582 -0.47867244 -0.47437484 -0.40620189 -0.45847594 -0.35577102
 -0.4092669  -0.32460842 -0.25619385 -0.34525718 -0.2660461  -0.2022366
 -0.12372746 -0.15414287 -0.54815896 -0.44203453 -0.34665031 -0.40912484
 -0.3475132  -0.26049922 -0.19832587 -0.14083109 -0.01650118  0.0141667
  0.1438701   0.15466297  0.15064345  0.19666183  0.26132129  0.38571895
  0.46830339  0.61532165  0.77443576  0.68931091  0.31638133  0.30579177
  0.43044665  0.562181    0.70000191  0.82487635  0.53498272  0.64921251
  0.75991057  0.81408393  0.81908009  0.78174573  0.84603152  0.94489892
  1.03928731  0.99324235  1.03925356  1.11936798  1.14807154  1.24180964
  1.35976626  1.18789749  1.21896815  1.09769733  1.11419674  1.06436619
  1.11076668  1.04364079  1.10121494  1.11536962  1.04619786  1.12956803
  1.19510292  1.21986598  1.3231041   1.41696254  1.20818606  1.07452885
  0.98932872  0.78944844  0.63120987  0.44788161  0.47108792  0.40493455
  0.44649096  0.40771337  0.4520577   0.44891065  0.20972722  0.22037656
  0.20875232  0.21547736  0.16755683  0.06520139  0.00471101  0.04104561
 -0.07477967 -0.05295545 -0.02344269  0.03708569 -0.15307849 -0.1973101
 -0.14999513 -0.08690745]
Advants:
[ 0.67726092  0.74015118  0.82043968  0.61064083  0.65253206  0.62954063
  0.6288423   0.57972018  0.47517992  0.39072349  0.41878078  0.50298109
  0.36677208  0.22903209 -0.0649214  -0.14802123 -0.14179758 -0.1443491
 -0.15833617 -0.12418675 -0.14838296 -0.11881641 -0.30870831 -0.2430224
 -0.2150538  -0.14966468 -0.06272515 -0.02061175 -0.00446021 -0.15891264
 -0.07746754 -0.06385102 -0.21579125 -0.11200382 -0.05734417 -0.27040057
 -0.25853965 -0.15195635 -0.22342808 -0.18926125 -0.15499023 -0.12038649
 -0.04373256 -0.02668866 -0.21389578 -0.18262601 -0.09224138  0.00797145
 -0.04202977  0.03228586  0.00252844 -0.13624073 -0.03208331 -0.19192536
 -0.56657285 -0.52894411 -0.47748208 -0.57692597 -0.58718076 -0.59289819
 -0.61893837 -0.68653181 -0.82320929 -0.8817327  -0.86079339 -0.96794805
 -0.95197861 -0.90506486 -0.92830761 -0.8943141  -0.85195239 -0.79437533
 -0.73428406 -0.70018094 -0.68351192 -0.61787574 -0.55627694 -0.53685951
 -0.47340533 -0.45585534 -0.41739999 -0.45386012 -0.38968529 -0.34399563
 -0.35120085 -0.60778661 -0.71235839 -0.69570244 -0.72144837 -0.6619816
 -0.58395827 -0.57087558 -0.48607148 -0.45187332 -0.37234213 -0.30286053
 -0.32619564 -0.32279267 -0.34685006 -0.25188288 -0.57194524 -0.58380752
 -0.53911768 -0.50156186 -0.49475871 -0.43025555 -0.51559208 -0.42200625
 -0.50699619 -0.43684673 -0.3611007  -0.43823301 -0.35127712 -0.29851404
 -0.20932115 -0.23948919 -0.66483667 -0.57539482 -0.48778996 -0.59191007
 -0.53544069 -0.46999265 -0.43847353 -0.40305813 -0.29930674 -0.30289189
 -0.19526427 -0.21610939 -0.2318423  -0.20857463 -0.16762437 -0.0616731
 -0.01188212  0.12055828  0.27328731  0.20710038 -0.20523533 -0.24360195
 -0.14986988 -0.04822228  0.06342399  0.16450733 -0.13330923 -0.03512588
  0.06977583  0.11666958  0.12974122  0.08961201  0.13775963  0.2305368
  0.33904999  0.32276474  0.36319298  0.45865499  0.47586543  0.57141182
  0.71184437  0.51217367  0.5786302   0.50430267  0.55467237  0.52778856
  0.59592454  0.5490237   0.60739608  0.62466333  0.54064802  0.63146016
  0.72511818  0.75746313  0.88135561  0.99456     0.8183108   0.67331616
  0.63257916  0.45227912  0.31670033  0.11592847  0.1616739   0.123658
  0.18158711  0.16569232  0.21227817  0.21397244  0.01286813  0.03781566
  0.02413729  0.03815322 -0.00629104 -0.11860355 -0.1632802  -0.1122006
 -0.23128479 -0.20761232 -0.15320125 -0.06970509 -0.26470286 -0.28205873
 -0.20951322 -0.1062656 ]
Mus:
[[-2.74366029e-02 -1.17601696e-02]
 [-2.73561832e-02 -1.18982876e-02]
 [-2.76811831e-02 -1.21792955e-02]
 [-2.62047574e-02 -1.11613199e-02]
 [-2.71171797e-02 -1.16646979e-02]
 [-2.76371837e-02 -1.14236949e-02]
 [-2.91414186e-02 -1.17207738e-02]
 [-2.92948093e-02 -1.19873360e-02]
 [-3.02676037e-02 -1.24617256e-02]
 [-3.01597212e-02 -1.22569082e-02]
 [-3.10003348e-02 -1.25362994e-02]
 [-3.19014862e-02 -1.30902762e-02]
 [-3.22074890e-02 -1.40652768e-02]
 [-3.24254856e-02 -1.37923881e-02]
 [-3.22629325e-02 -1.30723659e-02]
 [-3.36159728e-02 -1.40046263e-02]
 [-3.40163074e-02 -1.41223902e-02]
 [-3.42681743e-02 -1.47728231e-02]
 [-3.48796248e-02 -1.55982962e-02]
 [-3.42773981e-02 -1.56272855e-02]
 [-3.28514911e-02 -1.50476294e-02]
 [-3.23754884e-02 -1.51882283e-02]
 [-3.18340734e-02 -1.56248622e-02]
 [-3.06331050e-02 -1.50763327e-02]
 [-2.96556596e-02 -1.46643845e-02]
 [-2.91453153e-02 -1.47592071e-02]
 [-2.78722104e-02 -1.43365329e-02]
 [-2.62965187e-02 -1.33955432e-02]
 [-2.48806961e-02 -1.25107383e-02]
 [-2.38267351e-02 -1.12067768e-02]
 [-2.32326388e-02 -1.13196373e-02]
 [-2.25626715e-02 -1.12064043e-02]
 [-2.20444780e-02 -1.10824499e-02]
 [-2.22585984e-02 -1.09666651e-02]
 [-2.25905348e-02 -1.15099745e-02]
 [-2.15015355e-02 -9.99019295e-03]
 [-2.24624611e-02 -1.04977796e-02]
 [-2.19999682e-02 -1.00357039e-02]
 [-2.13913955e-02 -9.26745217e-03]
 [-2.24006251e-02 -1.03208842e-02]
 [-2.28534341e-02 -1.07543059e-02]
 [-2.37575211e-02 -1.15646226e-02]
 [-2.28196532e-02 -1.08304573e-02]
 [-2.19281185e-02 -1.00804484e-02]
 [-1.73725430e-02 -7.45158968e-03]
 [-1.39747476e-02 -5.59207890e-03]
 [-1.19789848e-02 -4.89077624e-03]
 [-8.70041270e-03 -3.36522749e-03]
 [-1.01378467e-02 -4.93281055e-03]
 [-1.70288142e-02 -9.46392491e-03]
 [-1.55064184e-02 -8.71147960e-03]
 [-1.66181326e-02 -9.39350575e-03]
 [-1.63336843e-02 -9.34792310e-03]
 [-1.48246624e-02 -8.29305500e-03]
 [-1.25209913e-02 -6.77690748e-03]
 [-1.29534928e-02 -6.80381851e-03]
 [-1.46369897e-02 -7.59586506e-03]
 [-1.55267436e-02 -7.94709381e-03]
 [-1.52163003e-02 -7.57255778e-03]
 [-1.73047408e-02 -8.56871717e-03]
 [-1.95983090e-02 -9.78820678e-03]
 [-2.11467966e-02 -1.08475527e-02]
 [-1.93314981e-02 -9.84720141e-03]
 [-1.96865574e-02 -1.03244036e-02]
 [-2.05409117e-02 -1.09919896e-02]
 [-2.11128965e-02 -1.15327314e-02]
 [-2.20739339e-02 -1.22268256e-02]
 [-2.21454743e-02 -1.22426189e-02]
 [-2.30461657e-02 -1.30623402e-02]
 [-2.31969580e-02 -1.33226877e-02]
 [-2.32183635e-02 -1.35624856e-02]
 [-2.24957783e-02 -1.33024156e-02]
 [-2.14276202e-02 -1.28321210e-02]
 [-1.95689332e-02 -1.17671043e-02]
 [-1.78765487e-02 -1.10626053e-02]
 [-1.66114010e-02 -1.08409226e-02]
 [-1.41858608e-02 -9.62068979e-03]
 [-1.38484249e-02 -9.87230428e-03]
 [-1.14363637e-02 -8.56438931e-03]
 [-8.34240858e-03 -6.74228556e-03]
 [-7.26221316e-03 -6.31970307e-03]
 [-8.62309150e-03 -7.49008637e-03]
 [-8.49729124e-03 -7.48880673e-03]
 [-5.89321414e-03 -5.90437138e-03]
 [-2.94085662e-03 -4.18544794e-03]
 [ 9.82072670e-04 -1.87637925e-03]
 [ 1.54344772e-03 -1.08006620e-03]
 [ 8.84262554e-04 -1.22300209e-03]
 [-1.78127817e-03 -2.82364408e-03]
 [-1.64082123e-03 -2.78292899e-03]
 [-1.87919429e-03 -2.86553428e-03]
 [-5.91906544e-04 -2.13533477e-03]
 [-1.63932540e-03 -2.66686524e-03]
 [-2.15472560e-03 -2.91530159e-03]
 [-1.30112935e-03 -2.45586038e-03]
 [-1.88802043e-03 -2.87921028e-03]
 [-1.11659011e-03 -2.58948398e-03]
 [-1.39456522e-03 -3.42365145e-03]
 [ 1.88573217e-03 -1.55940850e-03]
 [ 4.47901245e-03 -2.48227705e-04]
 [ 5.37305791e-03 -6.85411433e-05]
 [ 5.59583632e-03 -1.08030377e-04]
 [ 6.46248506e-03  6.60975580e-04]
 [ 5.34599833e-03 -4.18394251e-04]
 [ 3.36898514e-03 -1.81038410e-03]
 [ 2.65168701e-03 -2.45264545e-03]
 [ 4.14699502e-03 -1.67472288e-03]
 [ 3.98641219e-03 -1.74898817e-03]
 [ 2.95156310e-03 -2.33521406e-03]
 [ 1.59809028e-03 -2.96369358e-03]
 [-1.55786646e-03 -4.61177109e-03]
 [ 1.72071904e-03 -2.49333493e-03]
 [ 2.42289141e-04 -3.26091726e-03]
 [-1.53013004e-03 -4.37517231e-03]
 [-2.50384398e-03 -5.00359526e-03]
 [ 1.51437952e-03 -2.48822616e-03]
 [-4.38539404e-03 -6.31088391e-03]
 [-4.65084985e-03 -6.43932354e-03]
 [-4.21925122e-03 -6.14133896e-03]
 [-2.70577939e-03 -5.14085731e-03]
 [-2.25546351e-03 -4.76815831e-03]
 [-3.39641236e-03 -5.54262754e-03]
 [-3.63495434e-03 -5.73764695e-03]
 [-5.57746133e-03 -7.06144143e-03]
 [-4.50632768e-03 -6.50288910e-03]
 [-2.04333197e-03 -4.98193922e-03]
 [-1.60775939e-03 -4.69181873e-03]
 [-3.66932503e-03 -6.14842540e-03]
 [-9.29642119e-04 -4.33756458e-03]
 [ 3.31923320e-06 -3.26555036e-03]
 [-7.99406145e-04 -4.11556847e-03]
 [-1.64683384e-03 -4.80378559e-03]
 [-1.67493906e-03 -4.33291821e-03]
 [-2.41010892e-03 -4.42107720e-03]
 [-3.08861327e-03 -4.52801958e-03]
 [-3.36745963e-03 -5.18786721e-03]
 [-3.98618449e-03 -7.00264098e-03]
 [-3.14360927e-03 -7.05809798e-03]
 [-9.48272296e-04 -6.03668625e-03]
 [ 1.66821678e-03 -4.86912020e-03]
 [ 4.26697498e-03 -3.67983803e-03]
 [ 6.55105198e-03 -2.52262969e-03]
 [ 9.23108310e-03 -8.28046061e-04]
 [ 1.02580674e-02 -3.95977317e-04]
 [ 1.12515651e-02  2.75480532e-04]
 [ 1.19163347e-02  1.29945308e-03]
 [ 1.29594775e-02  2.51815771e-03]
 [ 1.31708933e-02  1.45392469e-03]
 [ 1.27157317e-02  9.79064964e-04]
 [ 1.23955123e-02  7.07351428e-04]
 [ 1.29662538e-02  1.08290033e-03]
 [ 1.44498330e-02  2.33538845e-03]
 [ 1.59683507e-02  3.55150271e-03]
 [ 1.74085256e-02  4.65407129e-03]
 [ 1.85549818e-02  5.59255667e-03]
 [ 1.93591416e-02  6.24150131e-03]
 [ 1.90102756e-02  5.91068109e-03]
 [ 1.95628460e-02  6.23310823e-03]
 [ 1.85724013e-02  5.90964733e-03]
 [ 1.76867675e-02  5.61617548e-03]
 [ 1.78004224e-02  6.06107106e-03]
 [ 1.86383743e-02  7.51248980e-03]
 [ 1.87437609e-02  7.78866652e-03]
 [ 1.94051117e-02  8.57365225e-03]
 [ 1.87751651e-02  8.79125018e-03]
 [ 1.98162757e-02  8.30708537e-03]
 [ 2.03244984e-02  8.56489036e-03]
 [ 2.05163863e-02  8.10481701e-03]
 [ 2.04089154e-02  8.05780385e-03]
 [ 2.00944841e-02  8.52458086e-03]
 [ 1.97898019e-02  8.46945681e-03]
 [ 1.93185695e-02  8.47682636e-03]
 [ 1.93451736e-02  6.98582269e-03]
 [ 1.88801549e-02  6.40461408e-03]
 [ 1.97740998e-02  7.63569679e-03]
 [ 1.82288047e-02  8.21041409e-03]
 [ 1.87643524e-02  7.27736298e-03]
 [ 1.82598028e-02  6.04723766e-03]
 [ 1.82437785e-02  6.00327691e-03]
 [ 1.84128229e-02  5.94427669e-03]
 [ 1.91447660e-02  6.65855827e-03]
 [ 1.94878690e-02  7.52495462e-03]
 [ 1.92824807e-02  7.25253904e-03]
 [ 1.87878907e-02  6.16528606e-03]
 [ 1.96033716e-02  7.24151451e-03]
 [ 1.95433330e-02  7.41476566e-03]
 [ 1.92185994e-02  7.79652176e-03]
 [ 1.86236165e-02  7.94546399e-03]
 [ 1.75530948e-02  8.06874409e-03]
 [ 1.55682173e-02  7.70780910e-03]
 [ 1.42627358e-02  7.09081488e-03]
 [ 1.31011987e-02  6.19984372e-03]
 [ 1.08088078e-02  5.61118638e-03]
 [ 9.02209990e-03  4.78053233e-03]
 [ 7.81498104e-03  3.78106860e-03]
 [ 6.90214522e-03  2.95538874e-03]
 [ 5.12285018e-03  2.94025335e-03]
 [ 2.70581385e-03  2.20992183e-03]
 [ 2.17417930e-03  1.39818399e-03]
 [ 1.55934796e-03  7.19192263e-04]]
Actions:
[[-0.02990294  0.0899046 ]
 [-0.15051113 -0.02787601]
 [ 0.42542037  0.06150731]
 [-0.26394065 -0.08848744]
 [ 0.04677059 -0.25795969]
 [-0.11215759 -0.29744157]
 [-0.35089356 -0.24680454]
 [ 0.25476459  0.17316427]
 [ 0.25549637  0.0211674 ]
 [-0.05106149 -0.14938902]
 [-0.15127114 -0.06521263]
 [-0.54457313  0.04633693]
 [ 0.31060171 -0.11982881]
 [ 0.40366792 -0.25358316]
 [-0.40130818 -0.14727766]
 [-0.04721588 -0.22009742]
 [-0.04578939  0.22983062]
 [-0.31475957  0.19097481]
 [-0.30369076 -0.11245455]
 [ 0.22801219  0.01207261]
 [ 0.00348382  0.16696177]
 [ 0.07621373  0.46545451]
 [-0.03181269 -0.15141525]
 [ 0.11042067 -0.00742376]
 [-0.0754221   0.12554805]
 [-0.19833688 -0.13587648]
 [ 0.01467161 -0.2572878 ]
 [ 0.18388383 -0.12926518]
 [ 0.16010436 -0.45509431]
 [-0.08706903  0.13394771]
 [ 0.1706727   0.18026775]
 [ 0.35343491  0.25532469]
 [-0.08356557 -0.18275556]
 [-0.01329691  0.21762633]
 [ 0.31624999 -0.43423017]
 [-0.35389049 -0.15355315]
 [ 0.0269494  -0.16335544]
 [ 0.36629505 -0.06838484]
 [-0.18725933  0.22941955]
 [ 0.04925249  0.20776575]
 [-0.11720301  0.23463419]
 [ 0.12754175 -0.11058483]
 [-0.1423537  -0.35183874]
 [-0.0830763  -0.57008948]
 [ 0.1293525  -0.23317868]
 [-0.10185893  0.02801882]
 [-0.01662193 -0.12975925]
 [-0.35571229  0.19091963]
 [ 0.06616531 -0.02108469]
 [ 0.32486249 -0.02135078]
 [-0.25721305 -0.46473449]
 [-0.0323204  -0.00397302]
 [ 0.18961331 -0.47879869]
 [ 0.47622613 -0.43779429]
 [ 0.11232841 -0.03585776]
 [-0.13151485 -0.08303919]
 [-0.02386415 -0.4221404 ]
 [ 0.22084086 -0.01764346]
 [-0.183263   -0.243259  ]
 [-0.32821196 -0.02785997]
 [-0.39953215 -0.0036851 ]
 [ 0.26868439 -0.302907  ]
 [ 0.05146362  0.26590594]
 [-0.12787142  0.07026144]
 [ 0.12784427  0.29821805]
 [-0.1393477   0.06403809]
 [-0.07938148 -0.09335692]
 [-0.07229101  0.22726886]
 [-0.18949829 -0.0751832 ]
 [-0.05398219  0.08281807]
 [-0.08550733 -0.09512225]
 [-0.03844083 -0.10296245]
 [ 0.0675925  -0.18730079]
 [-0.19458089 -0.21996264]
 [-0.14965348  0.02531992]
 [ 0.02966247 -0.15620184]
 [-0.02113558  0.23247067]
 [ 0.06658986 -0.16368445]
 [ 0.07496444 -0.28082649]
 [ 0.1335096   0.15724779]
 [-0.10012558  0.3335786 ]
 [ 0.0631619   0.13374995]
 [ 0.16453183 -0.17055349]
 [ 0.30707217 -0.0528614 ]
 [ 0.55998033 -0.00135624]
 [ 0.00782274 -0.45417886]
 [-0.15419955 -0.25212753]
 [-0.2486321   0.19800295]
 [ 0.07048957  0.07774469]
 [-0.08759873 -0.08799251]
 [ 0.24115545  0.05135857]
 [-0.11305116 -0.0204399 ]
 [-0.22454302 -0.16333149]
 [ 0.11160885  0.02327592]
 [-0.20420626 -0.03527488]
 [-0.29459344 -0.2441607 ]
 [-0.15567943  0.26704662]
 [-0.07234841 -0.36782384]
 [ 0.0275293  -0.12822621]
 [ 0.41054903  0.47169185]
 [ 0.17037085  0.23146906]
 [ 0.00249685 -0.23778683]
 [-0.02802681 -0.18877123]
 [-0.30490593 -0.01035115]
 [-0.162658    0.09220254]
 [ 0.33261224  0.21350986]
 [ 0.04020029  0.06075347]
 [ 0.22066554  0.33518375]
 [ 0.07470905  0.137111  ]
 [-0.21061766  0.05361169]
 [ 0.04999438 -0.44922052]
 [-0.18822783 -0.0582873 ]
 [-0.04695968  0.22499045]
 [-0.21570168 -0.03590078]
 [ 0.22908685 -0.31149549]
 [-0.28863554  0.64271989]
 [-0.03611201  0.02759222]
 [-0.08519741 -0.11678574]
 [ 0.38307919  0.151095  ]
 [-0.1024321  -0.21134698]
 [-0.03402783  0.17054925]
 [ 0.13066174  0.2015193 ]
 [-0.13206304  0.22796936]
 [ 0.07478841 -0.00953588]
 [ 0.30460619 -0.05859502]
 [ 0.08361818  0.00788577]
 [-0.04609819  0.35676597]
 [ 0.06774899 -0.36954856]
 [ 0.11950374 -0.2745466 ]
 [-0.03206517  0.27369679]
 [-0.09626836  0.12003853]
 [ 0.24540604 -0.01122416]
 [ 0.03038512 -0.06514878]
 [-0.00909254 -0.066059  ]
 [-0.50047373 -0.08764062]
 [-0.1447449   0.69757584]
 [-0.21474868  0.32270207]
 [ 0.01100945  0.11627569]
 [ 0.02414446  0.05191987]
 [ 0.03723948  0.06603283]
 [ 0.09060623  0.06663643]
 [-0.04951629 -0.61262511]
 [ 0.01933828  0.07469774]
 [ 0.007133   -0.06106017]
 [ 0.16477054 -0.1367087 ]
 [ 0.04519717 -0.28605936]
 [-0.27829119  0.29504288]
 [ 0.02263977  0.22380921]
 [-0.0197727   0.11912388]
 [-0.10550548 -0.08490264]
 [-0.12135117 -0.3452279 ]
 [ 0.26201619 -0.0223513 ]
 [ 0.04365191 -0.16643883]
 [ 0.3249969   0.08320914]
 [ 0.19133815  0.01888324]
 [-0.12000484 -0.01686777]
 [ 0.47691589  0.30884777]
 [-0.210985   -0.18487756]
 [-0.36703863 -0.30775644]
 [-0.13846164 -0.27088409]
 [ 0.13771241 -0.35867288]
 [-0.13539125 -0.20667977]
 [-0.18942026 -0.36296635]
 [ 0.17129391 -0.12770977]
 [-0.11583393  0.30707038]
 [ 0.3715525   0.21906961]
 [-0.07186938  0.17622231]
 [-0.15838819 -0.13066083]
 [ 0.26919448 -0.07351938]
 [ 0.02566127 -0.03421011]
 [ 0.1349522  -0.03818408]
 [-0.48999811  0.28704713]
 [ 0.28716973  0.41339735]
 [ 0.01034511 -0.38539747]
 [ 0.22330966 -0.444407  ]
 [-0.43886745  0.21600429]
 [ 0.10189808  0.51343392]
 [-0.1490704  -0.10407476]
 [-0.31092108 -0.16101716]
 [ 0.0543598  -0.11722044]
 [ 0.02793154 -0.29227226]
 [ 0.08894075  0.15984016]
 [-0.09430144  0.30664738]
 [-0.22440839 -0.48101201]
 [-0.08020411 -0.17883943]
 [ 0.26155204 -0.06087418]
 [ 0.05786824 -0.18781637]
 [ 0.14827345 -0.24713838]
 [ 0.37601643 -0.06563405]
 [-0.22158958 -0.24994003]
 [-0.14085975  0.0469689 ]
 [ 0.25864922 -0.24746997]
 [ 0.15915018  0.01430526]
 [-0.2337831   0.0350961 ]
 [-0.12394573  0.11228845]
 [ 0.43689724 -0.18309472]
 [-0.02075341 -0.33560238]
 [-0.1018338   0.22987608]
 [-0.22857659 -0.01353598]
 [ 0.11790627 -0.07010568]]
States:
[[0.99991172 0.99898153 0.50001784 0.46929932 0.51350626 0.59724118]
 [0.99990096 0.99909711 0.49945272 0.47109221 0.50582351 0.62080328]
 [0.99980168 0.99927365 0.49525456 0.47406991 0.46737424 0.61304551]
 ...
 [0.19099618 0.90126346 0.10565327 0.21172996 0.60597385 0.14701105]
 [0.20075687 0.85882561 0.09823122 0.16284214 0.57799427 0.2161746 ]
 [0.20511571 0.81462307 0.09503596 0.12285786 0.51808    0.22019016]]
Logstds:
[[-3. -3.]
 [-3. -3.]
 [-3. -3.]
 [-3. -3.]
 [-3. -3.]
 [-3. -3.]
 [-3. -3.]
 [-3. -3.]
 [-3. -3.]
 [-3. -3.]
 [-3. -3.]
 [-3. -3.]
 [-3. -3.]
 [-3. -3.]
 [-3. -3.]
 [-3. -3.]
 [-3. -3.]
 [-3. -3.]
 [-3. -3.]
 [-3. -3.]
 [-3. -3.]
 [-3. -3.]
 [-3. -3.]
 [-3. -3.]
 [-3. -3.]
 [-3. -3.]
 [-3. -3.]
 [-3. -3.]
 [-3. -3.]
 [-3. -3.]
 [-3. -3.]
 [-3. -3.]
 [-3. -3.]
 [-3. -3.]
 [-3. -3.]
 [-3. -3.]
 [-3. -3.]
 [-3. -3.]
 [-3. -3.]
 [-3. -3.]
 [-3. -3.]
 [-3. -3.]
 [-3. -3.]
 [-3. -3.]
 [-3. -3.]
 [-3. -3.]
 [-3. -3.]
 [-3. -3.]
 [-3. -3.]
 [-3. -3.]
 [-3. -3.]
 [-3. -3.]
 [-3. -3.]
 [-3. -3.]
 [-3. -3.]
 [-3. -3.]
 [-3. -3.]
 [-3. -3.]
 [-3. -3.]
 [-3. -3.]
 [-3. -3.]
 [-3. -3.]
 [-3. -3.]
 [-3. -3.]
 [-3. -3.]
 [-3. -3.]
 [-3. -3.]
 [-3. -3.]
 [-3. -3.]
 [-3. -3.]
 [-3. -3.]
 [-3. -3.]
 [-3. -3.]
 [-3. -3.]
 [-3. -3.]
 [-3. -3.]
 [-3. -3.]
 [-3. -3.]
 [-3. -3.]
 [-3. -3.]
 [-3. -3.]
 [-3. -3.]
 [-3. -3.]
 [-3. -3.]
 [-3. -3.]
 [-3. -3.]
 [-3. -3.]
 [-3. -3.]
 [-3. -3.]
 [-3. -3.]
 [-3. -3.]
 [-3. -3.]
 [-3. -3.]
 [-3. -3.]
 [-3. -3.]
 [-3. -3.]
 [-3. -3.]
 [-3. -3.]
 [-3. -3.]
 [-3. -3.]
 [-3. -3.]
 [-3. -3.]
 [-3. -3.]
 [-3. -3.]
 [-3. -3.]
 [-3. -3.]
 [-3. -3.]
 [-3. -3.]
 [-3. -3.]
 [-3. -3.]
 [-3. -3.]
 [-3. -3.]
 [-3. -3.]
 [-3. -3.]
 [-3. -3.]
 [-3. -3.]
 [-3. -3.]
 [-3. -3.]
 [-3. -3.]
 [-3. -3.]
 [-3. -3.]
 [-3. -3.]
 [-3. -3.]
 [-3. -3.]
 [-3. -3.]
 [-3. -3.]
 [-3. -3.]
 [-3. -3.]
 [-3. -3.]
 [-3. -3.]
 [-3. -3.]
 [-3. -3.]
 [-3. -3.]
 [-3. -3.]
 [-3. -3.]
 [-3. -3.]
 [-3. -3.]
 [-3. -3.]
 [-3. -3.]
 [-3. -3.]
 [-3. -3.]
 [-3. -3.]
 [-3. -3.]
 [-3. -3.]
 [-3. -3.]
 [-3. -3.]
 [-3. -3.]
 [-3. -3.]
 [-3. -3.]
 [-3. -3.]
 [-3. -3.]
 [-3. -3.]
 [-3. -3.]
 [-3. -3.]
 [-3. -3.]
 [-3. -3.]
 [-3. -3.]
 [-3. -3.]
 [-3. -3.]
 [-3. -3.]
 [-3. -3.]
 [-3. -3.]
 [-3. -3.]
 [-3. -3.]
 [-3. -3.]
 [-3. -3.]
 [-3. -3.]
 [-3. -3.]
 [-3. -3.]
 [-3. -3.]
 [-3. -3.]
 [-3. -3.]
 [-3. -3.]
 [-3. -3.]
 [-3. -3.]
 [-3. -3.]
 [-3. -3.]
 [-3. -3.]
 [-3. -3.]
 [-3. -3.]
 [-3. -3.]
 [-3. -3.]
 [-3. -3.]
 [-3. -3.]
 [-3. -3.]
 [-3. -3.]
 [-3. -3.]
 [-3. -3.]
 [-3. -3.]
 [-3. -3.]
 [-3. -3.]
 [-3. -3.]
 [-3. -3.]
 [-3. -3.]
 [-3. -3.]
 [-3. -3.]
 [-3. -3.]
 [-3. -3.]
 [-3. -3.]
 [-3. -3.]]
