Baseline:
[0.6021467  0.6344262  0.63633496 0.6300353  0.6532462  0.64316803
 0.62618583 0.62636805 0.62960494 0.6192789  0.5992835  0.5663771
 0.5502356  0.53161657 0.52711433 0.5491837  0.5393535  0.533579
 0.53307766 0.52305853 0.53366864 0.5203865  0.53855    0.530025
 0.54931474 0.518461   0.5109324  0.50827706 0.48793533 0.5032255
 0.52377367 0.52578354 0.5339555  0.5499935  0.5553482  0.5609313
 0.6007564  0.60089844 0.6284181  0.60931367 0.6238093  0.6159382
 0.6181733  0.6035196  0.6127921  0.59522665 0.59441984 0.58899236
 0.5762093  0.5508807  0.5515085  0.5710327  0.56559527 0.5692085
 0.55270135 0.5659707  0.5627257  0.5531004  0.5598682  0.56762123
 0.5484317  0.5485991  0.58124155 0.58578444 0.59109145 0.5755515
 0.5733123  0.545933   0.52806497 0.5273509  0.507779   0.4922977
 0.46944052 0.4571852  0.41963047 0.39524364 0.37966114 0.36185658
 0.35339203 0.3289408  0.3253015  0.31845698 0.32475927 0.32259905
 0.30258232 0.31064415 0.30018535 0.28676116 0.2671212  0.23473535
 0.22349389 0.21753009 0.2167332  0.20608927 0.21327275 0.22448133
 0.21659936 0.22212179 0.21128415 0.2528767  0.28155482 0.28663093
 0.2558147  0.27952272 0.26504076 0.29464647 0.27335376 0.25814947
 0.26973954 0.2637559  0.29690063 0.3023631  0.28271258 0.25618982
 0.25611985 0.23498613 0.23607479 0.24139936 0.22019263 0.22669603
 0.24608089 0.25755692 0.24314438 0.27300078 0.27800238 0.273754
 0.26947588 0.2762467  0.26821184 0.27095804 0.26815814 0.2792543
 0.2637738  0.23432337 0.2242787  0.19896409 0.20585933 0.19983996
 0.19605252 0.19865876 0.19805294 0.20781027 0.21466321 0.23055585
 0.23422857 0.23566575 0.23905681 0.2322624  0.21714346 0.21255362
 0.2055872  0.19119953 0.19230935 0.18227373 0.17648211 0.18754369
 0.19415237 0.19211997 0.17548056 0.18217161 0.19242789 0.18768343
 0.20226584 0.19579779 0.19679235 0.21766134 0.21953417 0.22038226
 0.21499477 0.21028335 0.19637649 0.19287518 0.1990009  0.20838822
 0.19159776 0.17538883 0.16624479 0.17949188 0.18340772 0.19722293
 0.20453684 0.19551612 0.19654222 0.19604121 0.18374734 0.19138183
 0.18989117 0.18802862 0.1802007  0.18166408 0.18303688 0.18974444
 0.20119034 0.1836919  0.1890047  0.2038574  0.21533026 0.21413307
 0.21938731 0.24725156 0.24725156]
Returns:
[ 5.15678806e+00  4.92061672e+00  4.99703662e+00  5.08158086e+00
  4.95278281e+00  4.99459220e+00  4.99325948e+00  5.08004903e+00
  5.03803484e+00  4.93424241e+00  4.95774290e+00  4.70143315e+00
  4.68800673e+00  4.68022409e+00  4.71671020e+00  4.55753526e+00
  4.47278158e+00  4.19549457e+00  4.23265868e+00  4.20054376e+00
  4.10918753e+00  4.14479606e+00  4.05503598e+00  4.12299818e+00
  3.99312663e+00  3.73911970e+00  3.80091052e+00  3.74640336e+00
  3.71019056e+00  3.71990651e+00  3.63436822e+00  3.71390369e+00
  3.56389569e+00  3.59261423e+00  3.71357491e+00  3.79918402e+00
  3.58676151e+00  3.61063945e+00  3.56753712e+00  3.63126157e+00
  3.62715572e+00  3.70908198e+00  3.78957331e+00  3.81514530e+00
  3.86058913e+00  3.88043364e+00  3.96040668e+00  4.01271075e+00
  4.07706964e+00  4.03714362e+00  4.03642444e+00  4.02117781e+00
  4.05159182e+00  3.99180774e+00  3.93330397e+00  3.81559753e+00
  3.80006567e+00  3.72341363e+00  3.70965279e+00  3.70943961e+00
  3.55757604e+00  3.42354973e+00  3.19608342e+00  3.15657044e+00
  3.10628440e+00  2.92446365e+00  2.91458746e+00  2.75658331e+00
  2.66810716e+00  2.55698161e+00  2.42581815e+00  2.41055501e+00
  2.33322455e+00  2.28670981e+00  2.06469024e+00  1.96442536e+00
  1.85539434e+00  1.62879603e+00  1.40934629e+00  1.45538535e+00
  1.35825313e+00  1.39296194e+00  1.05710540e+00  1.06653657e+00
  1.08958190e+00  9.85332253e-01  1.06092880e+00  1.09413897e+00
  1.16809710e+00  9.69474647e-01  1.05044952e+00  1.13582953e+00
  1.20808478e+00  1.11338937e+00  1.22468484e+00  1.01939064e+00
  1.05558638e+00  1.15347051e+00  1.14634126e+00  1.15202809e+00
  1.00399771e+00  1.06444550e+00  1.02907072e+00  9.40799818e-01
  9.79353613e-01  8.66895796e-01  8.49326567e-01  9.08151694e-01
  8.50208724e-01  9.41368743e-01  7.72877539e-01  6.88855188e-01
  6.79041274e-01  6.69482570e-01  7.46706140e-01  7.28139051e-01
  8.21357158e-01  8.92149239e-01  8.77429120e-01  9.43874677e-01
  8.77150334e-01  8.21295074e-01  8.24104257e-01  5.24209871e-01
  5.47401731e-01  5.74380478e-01  4.36394300e-01  4.59205943e-01
  4.49316081e-01  4.97686545e-01  5.18461571e-01  4.62381370e-01
  4.46772143e-01  3.30858466e-01  3.72501107e-01  3.44442586e-01
  3.41017852e-01  3.90735310e-01  4.35973952e-01  3.86115871e-01
  4.08977419e-01  2.77544731e-01  3.27627276e-01  1.92440753e-01
  2.01439047e-01  1.85478010e-01 -1.41876853e-02 -8.32283567e-02
 -2.23394953e-01 -2.87248391e-01 -3.03640573e-01 -4.36999388e-01
 -5.36952984e-01 -5.48404969e-01 -4.83580867e-01 -7.20117133e-01
 -6.67365143e-01 -5.71454898e-01 -5.65019925e-01 -4.62967115e-01
 -5.87354791e-01 -4.78930298e-01 -4.52710629e-01 -3.72891803e-01
 -2.50233055e-01 -2.91186949e-01 -1.69982492e-01 -6.06536858e-02
  4.03618820e-02  1.64113547e-01  1.56306416e-01  2.70228418e-01
  3.48881078e-01  2.93426651e-01  3.12799580e-01  3.14081789e-01
  3.36004340e-01  2.12117395e-01  1.49010976e-01  1.90604563e-02
 -6.71082567e-02 -4.50740186e-02 -7.36100765e-02 -9.20017238e-02
 -8.51993682e-02 -2.21248313e-01 -2.68165861e-01 -2.15149777e-01
 -1.93216756e-01 -1.04664893e-01 -7.12105175e-02  1.29973742e-02
 -2.28969188e-01 -3.17838287e-01 -2.07186912e-01 -1.12940862e-01
 -2.48232166e-02 -6.11508185e-02  4.02337685e-03 -2.79042870e-02]
Advants:
[ 3.08604832e+00  2.82505475e+00  2.90996290e+00  3.01489913e+00
  2.87348164e+00  2.93846779e+00  2.96881563e+00  3.07405202e+00
  3.04761743e+00  2.97167969e+00  3.03554277e+00  2.82733217e+00
  2.84661819e+00  2.87577232e+00  2.93790656e+00  2.77400398e+00
  2.71558238e+00  2.45358016e+00  2.50273094e+00  2.49241551e+00
  2.40007946e+00  2.46093287e+00  2.36265330e+00  2.45197162e+00
  2.31212125e+00  2.09217049e+00  2.16710911e+00  2.11975149e+00
  2.10826659e+00  2.10727978e+00  2.00289052e+00  2.08465559e+00
  1.92618403e+00  1.93894036e+00  2.05820402e+00  2.14467431e+00
  1.89161851e+00  1.91521142e+00  1.84225012e+00  1.92510210e+00
  1.90595038e+00  1.99792792e+00  2.08097028e+00  2.12763394e+00
  2.17191041e+00  2.21927291e+00  2.31335154e+00  2.38730027e+00
  2.48442672e+00  2.49106476e+00  2.51272054e+00  2.50183664e+00
  2.56471870e+00  2.52869395e+00  2.51510279e+00  2.41090140e+00
  2.42728978e+00  2.38930810e+00  2.39966386e+00  2.42496662e+00
  2.32429232e+00  2.22067394e+00  1.98570066e+00  1.96755889e+00
  1.93836811e+00  1.79559600e+00  1.81323416e+00  1.70599755e+00
  1.65858636e+00  1.56993309e+00  1.47850195e+00  1.50060476e+00
  1.46819566e+00  1.45682042e+00  1.29148407e+00  1.23401732e+00
  1.15765837e+00  9.60952456e-01  7.56559519e-01  8.36383693e-01
  7.50128262e-01  8.00820769e-01  4.57997467e-01  4.69226258e-01
  5.13226637e-01  3.98459873e-01  4.84512274e-01  5.32585746e-01
  6.30640305e-01  4.64098459e-01  5.58835611e-01  6.55740046e-01
  7.37085843e-01  6.59435011e-01  7.73712862e-01  5.61545987e-01
  6.11692186e-01  7.13495876e-01  7.27565288e-01  7.01792736e-01
  5.30615413e-01  5.93701970e-01  5.97374515e-01  4.90864610e-01
  5.51475568e-01  4.13238822e-01  4.21230260e-01  5.02180747e-01
  4.38007876e-01  5.43972767e-01  3.45673345e-01  2.57041707e-01
  2.68108370e-01  2.86931944e-01  3.68633945e-01  3.76063965e-01
  4.76320453e-01  5.52632088e-01  5.71087215e-01  6.45871343e-01
  5.73205306e-01  5.18379945e-01  5.49705554e-01  2.25061629e-01
  2.49356407e-01  2.88173859e-01  1.58567441e-01  1.79555400e-01
  1.83011598e-01  2.35810567e-01  2.67900519e-01  2.07886957e-01
  2.15527186e-01  1.34820606e-01  1.94353553e-01  2.00038769e-01
  1.98546784e-01  2.65587465e-01  3.28396610e-01  2.89266895e-01
  3.27930601e-01  1.98864738e-01  2.56588321e-01  1.16565287e-01
  1.34053546e-01  1.29316016e-01 -6.62815954e-02 -1.22358465e-01
 -2.44578614e-01 -3.02606732e-01 -3.10983289e-01 -4.32495382e-01
 -5.39441872e-01 -5.47286279e-01 -4.81462185e-01 -7.41917518e-01
 -7.08299875e-01 -6.20920763e-01 -6.08596153e-01 -5.21950572e-01
 -6.70217458e-01 -5.68331877e-01 -5.68579260e-01 -4.92520767e-01
 -3.78193495e-01 -4.49890358e-01 -3.37583177e-01 -2.33370223e-01
 -1.28307674e-01  2.67379617e-03  1.16950979e-02  1.35920513e-01
  2.18072102e-01  1.61669482e-01  2.08109379e-01  2.37293401e-01
  2.82009780e-01  1.55447086e-01  9.78238249e-02 -4.01885730e-02
 -1.30318982e-01 -9.46657891e-02 -1.20152284e-01 -1.34173391e-01
 -1.10287381e-01 -2.53216829e-01 -2.99230464e-01 -2.43291259e-01
 -2.11458975e-01 -1.19429235e-01 -8.09932567e-02  5.79970578e-03
 -2.45366002e-01 -3.16505865e-01 -2.07658929e-01 -1.22002895e-01
 -3.61914467e-02 -6.24608307e-02  8.92819053e-03 -4.02668715e-02]
Mus:
[[-2.68547479e-02 -1.14929043e-02]
 [-2.51882859e-02 -1.10118845e-02]
 [-2.50356775e-02 -1.07378950e-02]
 [-2.53325216e-02 -1.09024718e-02]
 [-2.40682531e-02 -1.04420958e-02]
 [-2.46259347e-02 -1.07763717e-02]
 [-2.54170261e-02 -1.13519700e-02]
 [-2.52389889e-02 -1.13138612e-02]
 [-2.58918330e-02 -1.22382483e-02]
 [-2.43689213e-02 -1.09221544e-02]
 [-2.43449826e-02 -1.08169699e-02]
 [-2.32267771e-02 -1.05757415e-02]
 [-2.15040240e-02 -1.01858582e-02]
 [-1.88336186e-02 -9.49057471e-03]
 [-1.65743101e-02 -8.69684573e-03]
 [-1.59371551e-02 -8.91660992e-03]
 [-1.40402699e-02 -7.69253075e-03]
 [-1.16653312e-02 -8.23789183e-03]
 [-8.87961220e-03 -7.33839720e-03]
 [-4.95814160e-03 -5.44900540e-03]
 [-2.42430228e-03 -5.13546169e-03]
 [ 2.05911207e-03 -3.60385515e-03]
 [ 3.91225889e-03 -3.14224535e-03]
 [ 7.87607860e-03 -1.55946740e-03]
 [ 8.83713830e-03 -9.12371208e-04]
 [ 1.13684852e-02  1.25966140e-03]
 [ 1.35168359e-02  2.08346196e-03]
 [ 1.47124473e-02  3.45688662e-03]
 [ 1.65315606e-02  4.37232060e-03]
 [ 1.58442818e-02  4.16956004e-03]
 [ 1.50308022e-02  4.11175657e-03]
 [ 1.48097426e-02  3.52872722e-03]
 [ 1.52715994e-02  4.94285487e-03]
 [ 1.53035112e-02  5.19848010e-03]
 [ 1.51802413e-02  4.87961853e-03]
 [ 1.53889302e-02  5.26991952e-03]
 [ 1.55353900e-02  5.78533951e-03]
 [ 1.53667275e-02  4.85831173e-03]
 [ 1.52610829e-02  4.75026295e-03]
 [ 1.56419147e-02  4.51889401e-03]
 [ 1.62122250e-02  5.25974389e-03]
 [ 1.57776792e-02  4.69262758e-03]
 [ 1.51705407e-02  4.25756117e-03]
 [ 1.62994936e-02  5.30641433e-03]
 [ 1.54546360e-02  4.75094328e-03]
 [ 1.53648248e-02  5.06271748e-03]
 [ 1.44696701e-02  4.57852194e-03]
 [ 1.41944988e-02  4.71166521e-03]
 [ 1.31151080e-02  4.14595893e-03]
 [ 1.08072106e-02  2.77229096e-03]
 [ 1.14195002e-02  3.54175689e-03]
 [ 1.09096859e-02  3.20090726e-03]
 [ 1.04800453e-02  3.42977024e-03]
 [ 1.02178166e-02  4.03664168e-03]
 [ 8.50134529e-03  4.01668670e-03]
 [ 6.59707701e-03  3.98413744e-03]
 [ 4.09557205e-03  3.06731369e-03]
 [ 1.52010424e-03  2.35399697e-03]
 [-4.86169884e-04  1.56595372e-03]
 [-2.88177235e-03  5.34098770e-04]
 [-6.71063410e-03 -7.23436242e-04]
 [-9.37016122e-03 -1.41420879e-03]
 [-1.15731424e-02 -2.08867691e-03]
 [-1.49587132e-02 -3.42384866e-03]
 [-1.78982653e-02 -4.47666692e-03]
 [-2.05117427e-02 -6.17054338e-03]
 [-2.21929140e-02 -7.20587885e-03]
 [-2.45728344e-02 -8.45458824e-03]
 [-2.72706784e-02 -9.46727116e-03]
 [-2.84478702e-02 -1.05297016e-02]
 [-3.04237790e-02 -1.10307802e-02]
 [-3.20889615e-02 -1.19723864e-02]
 [-3.36218737e-02 -1.36054205e-02]
 [-3.41641828e-02 -1.41316494e-02]
 [-3.44618112e-02 -1.39270155e-02]
 [-3.50647494e-02 -1.39146606e-02]
 [-3.66794728e-02 -1.45333223e-02]
 [-3.85056250e-02 -1.61531772e-02]
 [-3.87477092e-02 -1.57274362e-02]
 [-3.98289487e-02 -1.64473876e-02]
 [-4.04570960e-02 -1.67996399e-02]
 [-4.09619138e-02 -1.69919860e-02]
 [-3.96456942e-02 -1.56397857e-02]
 [-4.08421569e-02 -1.59890242e-02]
 [-4.07100432e-02 -1.55349812e-02]
 [-4.05999497e-02 -1.50779784e-02]
 [-4.06372659e-02 -1.50842499e-02]
 [-3.94845195e-02 -1.42118214e-02]
 [-3.91465500e-02 -1.42037226e-02]
 [-3.53008956e-02 -1.21394172e-02]
 [-3.34979147e-02 -1.16121164e-02]
 [-3.21642309e-02 -1.13126775e-02]
 [-3.11886594e-02 -1.10931052e-02]
 [-2.76825596e-02 -9.16055497e-03]
 [-2.65918989e-02 -8.66633002e-03]
 [-2.84465905e-02 -1.01262201e-02]
 [-2.73155142e-02 -1.00121722e-02]
 [-2.68373452e-02 -9.90745425e-03]
 [-2.38038916e-02 -8.60696007e-03]
 [-3.17967273e-02 -1.25757763e-02]
 [-3.28393020e-02 -1.30047072e-02]
 [-3.35970558e-02 -1.33858770e-02]
 [-3.36454660e-02 -1.35165043e-02]
 [-3.62443067e-02 -1.49481036e-02]
 [-3.51088755e-02 -1.42627554e-02]
 [-3.76920477e-02 -1.56583320e-02]
 [-3.59766707e-02 -1.46183018e-02]
 [-3.52086425e-02 -1.41618159e-02]
 [-3.86512503e-02 -1.61718056e-02]
 [-3.89795825e-02 -1.63421910e-02]
 [-4.08303067e-02 -1.73124261e-02]
 [-3.95707339e-02 -1.62876025e-02]
 [-4.22370844e-02 -1.78938620e-02]
 [-4.26186584e-02 -1.80699695e-02]
 [-4.31078337e-02 -1.82812493e-02]
 [-4.22201566e-02 -1.78353041e-02]
 [-4.27691378e-02 -1.82346310e-02]
 [-4.29257751e-02 -1.83399208e-02]
 [-3.99467163e-02 -1.70265660e-02]
 [-4.08243500e-02 -1.76112391e-02]
 [-4.28053737e-02 -1.88856889e-02]
 [-4.16513458e-02 -1.80810485e-02]
 [-4.24264222e-02 -1.89348552e-02]
 [-4.18725312e-02 -1.86030902e-02]
 [-4.16242406e-02 -1.84011012e-02]
 [-4.28872108e-02 -1.93978101e-02]
 [-4.10906374e-02 -1.80659983e-02]
 [-4.15631793e-02 -1.85325500e-02]
 [-4.06214744e-02 -1.78552978e-02]
 [-4.07871231e-02 -1.81247592e-02]
 [-4.00883853e-02 -1.76375546e-02]
 [-4.00328338e-02 -1.75226983e-02]
 [-3.94052267e-02 -1.68831218e-02]
 [-3.80472280e-02 -1.60794947e-02]
 [-3.64093557e-02 -1.53536033e-02]
 [-3.36998105e-02 -1.43411765e-02]
 [-3.33731696e-02 -1.43232727e-02]
 [-3.18358913e-02 -1.37912240e-02]
 [-2.96461619e-02 -1.28162727e-02]
 [-2.64402125e-02 -1.11100115e-02]
 [-2.35893168e-02 -9.96570755e-03]
 [-2.45895498e-02 -1.10762063e-02]
 [-2.30516754e-02 -1.06267184e-02]
 [-2.50388701e-02 -1.19450130e-02]
 [-2.30132286e-02 -1.10172154e-02]
 [-2.31065713e-02 -1.18171079e-02]
 [-2.35451143e-02 -1.30737536e-02]
 [-2.04379000e-02 -1.13688046e-02]
 [-1.82794966e-02 -1.11451084e-02]
 [-1.62620228e-02 -1.10600740e-02]
 [-1.36465291e-02 -1.04784835e-02]
 [-8.04028474e-03 -7.93423597e-03]
 [-7.21417740e-03 -8.24427512e-03]
 [-3.37545364e-03 -6.65054377e-03]
 [-3.60730977e-04 -5.44204237e-03]
 [ 1.08249439e-03 -5.27243596e-03]
 [ 3.74126900e-03 -4.11249977e-03]
 [ 5.83515922e-03 -2.91982736e-03]
 [ 9.13841370e-03 -7.38589326e-04]
 [ 1.03559643e-02 -1.37024545e-04]
 [ 1.04267681e-02 -1.16489347e-04]
 [ 1.20016588e-02  1.08134176e-03]
 [ 1.06787337e-02  6.64378866e-04]
 [ 1.04269553e-02  1.24356861e-03]
 [ 7.94982165e-03  6.54493109e-04]
 [ 2.85627530e-03 -1.64272380e-03]
 [-1.16122258e-03 -3.00074881e-03]
 [-5.50419139e-03 -4.46119253e-03]
 [-8.62620305e-03 -5.35519468e-03]
 [-1.27219893e-02 -6.91295322e-03]
 [-1.57449730e-02 -7.71780917e-03]
 [-1.89467818e-02 -8.83152243e-03]
 [-2.29076911e-02 -1.05614942e-02]
 [-2.92746369e-02 -1.34888459e-02]
 [-3.09377778e-02 -1.39355864e-02]
 [-3.10047567e-02 -1.38726654e-02]
 [-2.97871903e-02 -1.33159095e-02]
 [-3.37287709e-02 -1.55630196e-02]
 [-3.38030010e-02 -1.58720836e-02]
 [-3.55428308e-02 -1.73819084e-02]
 [-3.50523517e-02 -1.80840660e-02]
 [-3.16961110e-02 -1.70023367e-02]
 [-2.88814828e-02 -1.65016893e-02]
 [-2.64244974e-02 -1.60537418e-02]
 [-2.20325943e-02 -1.42252911e-02]
 [-2.00491957e-02 -1.42262168e-02]
 [-1.72569323e-02 -1.33981602e-02]
 [-1.41524598e-02 -1.21652698e-02]
 [-1.04959132e-02 -1.04575837e-02]
 [-8.37740768e-03 -9.58764460e-03]
 [-5.90933254e-03 -8.12340342e-03]
 [-4.19144426e-03 -7.02657225e-03]
 [-5.84826199e-03 -8.59393179e-03]
 [-2.02740077e-03 -5.99620771e-03]
 [-6.91760215e-04 -5.38189150e-03]
 [-4.30008338e-04 -5.28959883e-03]
 [ 2.61263852e-03 -3.44062108e-03]
 [ 4.50015032e-05 -4.74011758e-03]
 [-8.28504490e-05 -4.32099169e-03]
 [-1.39458012e-03 -4.53557121e-03]]
Actions:
[[ 0.34764249  0.3856281 ]
 [ 0.05453426 -0.02795261]
 [-0.15456489 -0.0084519 ]
 [ 0.29032579  0.28660612]
 [-0.28187079 -0.01051007]
 [-0.38701924 -0.02435338]
 [-0.040809    0.04152114]
 [-0.27501349  0.3252406 ]
 [ 0.19560573 -0.32130102]
 [-0.20929272 -0.18382789]
 [-0.55789294 -0.31747002]
 [-0.2717556  -0.16035549]
 [-0.29030333 -0.19232242]
 [ 0.00588379 -0.12282883]
 [ 0.22265743  0.34961183]
 [ 0.08281619 -0.32665203]
 [-0.53777343  0.37272811]
 [-0.02454733  0.03729434]
 [ 0.04459381 -0.27034249]
 [-0.0392834   0.35247734]
 [-0.1910517  -0.06289303]
 [ 0.1636839   0.32129404]
 [-0.07983164 -0.05923528]
 [ 0.34259439  0.21340039]
 [-0.00366964 -0.55868864]
 [-0.13742914 -0.01870687]
 [ 0.26682918 -0.18303915]
 [-0.26228429 -0.2681901 ]
 [ 0.19570064  0.18018975]
 [ 0.3619827   0.18516399]
 [-0.11446336  0.18862473]
 [ 0.42094362 -0.22808228]
 [ 0.24270712  0.09684455]
 [-0.01799691  0.14001621]
 [ 0.13631641 -0.03325011]
 [ 0.48883579  0.23938888]
 [-0.17754332  0.26913829]
 [ 0.26078245  0.28262963]
 [-0.19853557 -0.03303059]
 [ 0.28619664  0.0472757 ]
 [-0.08390206  0.07133324]
 [ 0.04684173  0.12771833]
 [ 0.08880944 -0.20046928]
 [ 0.11330154  0.18109133]
 [-0.00286147 -0.20514341]
 [ 0.00541973  0.03155133]
 [ 0.06550857 -0.10831538]
 [-0.12453739 -0.098493  ]
 [-0.36679615 -0.09928034]
 [ 0.21518456 -0.11431178]
 [ 0.17685668  0.19271525]
 [ 0.11757246 -0.14502863]
 [ 0.27876566 -0.15070208]
 [ 0.02073761 -0.33613523]
 [ 0.31497953 -0.12932554]
 [-0.07348516 -0.17596699]
 [-0.03731275 -0.28569021]
 [ 0.00222077 -0.07669323]
 [-0.03938098 -0.03702193]
 [-0.20567972 -0.33799254]
 [ 0.05517656 -0.28793546]
 [ 0.33565291  0.08493005]
 [-0.06738876 -0.09197545]
 [-0.00146871 -0.09294339]
 [-0.48441043 -0.05574281]
 [-0.12594512  0.03484693]
 [-0.32623773 -0.27413697]
 [-0.0149843  -0.24737851]
 [ 0.02179559  0.27691503]
 [ 0.10297072 -0.24364814]
 [ 0.00717039  0.02429009]
 [-0.35771127  0.20872143]
 [ 0.10130378  0.14015777]
 [-0.20259018 -0.51110601]
 [ 0.23173096 -0.11112072]
 [ 0.27048747  0.13733349]
 [-0.31942408  0.45542659]
 [ 0.42084523 -0.04304434]
 [-0.28555744  0.00925377]
 [ 0.16480456  0.27712615]
 [ 0.0689699   0.1250567 ]
 [ 0.52799757 -0.10084191]
 [ 0.07221177  0.15249094]
 [-0.04601746 -0.2535353 ]
 [ 0.32151118  0.12951629]
 [-0.1214988   0.03769723]
 [ 0.01969525 -0.18804734]
 [-0.28713772 -0.01973877]
 [-0.07833557 -0.54993747]
 [-0.13889563  0.10843712]
 [-0.14019321  0.14153047]
 [-0.0799435   0.19257519]
 [ 0.19228898 -0.36950837]
 [-0.02633588  0.04613876]
 [-0.39818903  0.4424881 ]
 [-0.32118637 -0.05923334]
 [-0.01465704  0.0530293 ]
 [-0.18293296 -0.31902842]
 [ 0.22022337 -0.15568524]
 [ 0.3124648   0.30209841]
 [ 0.0339893   0.09382771]
 [-0.33389819 -0.26051366]
 [ 0.07363694  0.38195866]
 [ 0.0365242  -0.202588  ]
 [ 0.09683975  0.39189099]
 [ 0.0457291  -0.29474591]
 [-0.04155536 -0.18467621]
 [-0.18088604  0.34635746]
 [-0.03273615 -0.04585628]
 [ 0.21254706  0.40182988]
 [ 0.30209311 -0.13817139]
 [-0.36319771  0.08575372]
 [-0.23667799 -0.29130135]
 [-0.00549557 -0.04051042]
 [-0.16509109 -0.31405496]
 [-0.07222878  0.0183035 ]
 [ 0.0574286   0.02776842]
 [-0.14422892 -0.33590529]
 [-0.01538056  0.12246191]
 [ 0.05146498  0.344706  ]
 [ 0.29011139 -0.05063657]
 [-0.3927896   0.01189804]
 [ 0.46842063  0.25359148]
 [ 0.11218639 -0.01532411]
 [-0.28190397  0.08562624]
 [ 0.19899996 -0.3529569 ]
 [-0.02597006  0.16361402]
 [ 0.0261005  -0.24022881]
 [-0.04233681  0.08899624]
 [ 0.07099868 -0.11825155]
 [ 0.22332022  0.12056766]
 [ 0.0081115  -0.26894396]
 [-0.25101227 -0.40050438]
 [-0.04188182 -0.10005991]
 [-0.31176836 -0.25087184]
 [ 0.07828275  0.153815  ]
 [-0.06957224 -0.02808012]
 [ 0.05054295 -0.07894016]
 [ 0.18512102 -0.22171573]
 [-0.14375104 -0.16202613]
 [-0.3495625   0.28350152]
 [-0.08030726  0.02944554]
 [ 0.02032011  0.38004843]
 [ 0.06500556 -0.07376222]
 [-0.23506301  0.06694214]
 [-0.12962262  0.44979753]
 [ 0.05054338 -0.31782598]
 [-0.4415795  -0.01659087]
 [-0.27276394  0.14775352]
 [-0.23118533  0.03554845]
 [-0.1908674  -0.40155778]
 [-0.01527382  0.35298257]
 [-0.24559148 -0.15737486]
 [-0.08937192 -0.01227836]
 [-0.49839456  0.26474552]
 [ 0.16968712  0.06123883]
 [ 0.03269853 -0.04748735]
 [-0.00323218 -0.30667709]
 [-0.05235039  0.09787876]
 [-0.44029851  0.19628942]
 [-0.04900707 -0.08474177]
 [ 0.25317367  0.19173375]
 [ 0.01705472 -0.20744481]
 [-0.08076738 -0.02364296]
 [ 0.06823433  0.40087068]
 [-0.07882281  0.02575826]
 [-0.14515588 -0.01602942]
 [-0.08082767 -0.16359291]
 [ 0.05892321 -0.07454277]
 [ 0.16533457 -0.32789334]
 [-0.05736255 -0.13193928]
 [-0.10487979  0.16630253]
 [-0.1222452   0.36911848]
 [-0.00073517 -0.29705647]
 [-0.18188784 -0.29161342]
 [-0.0715418  -0.27306625]
 [-0.05778886  0.41175424]
 [ 0.27801657  0.01837817]
 [-0.2332182   0.34893295]
 [-0.21418536  0.27515633]
 [-0.03350583 -0.1288921 ]
 [ 0.12955254  0.10142628]
 [ 0.08540423  0.09584315]
 [-0.07994772 -0.22237554]
 [-0.22228534  0.35226125]
 [ 0.19913077  0.09404775]
 [-0.12712875 -0.05069741]
 [ 0.06770417 -0.20542184]
 [-0.11505908 -0.01679328]
 [ 0.22238202 -0.07332702]
 [ 0.15719296  0.03598125]
 [-0.48028547  0.35776906]
 [ 0.14559237 -0.42131086]
 [-0.04014054  0.06589331]
 [ 0.01139621  0.18131714]
 [ 0.1941066  -0.08243375]
 [-0.40662813  0.10460593]
 [-0.26122687 -0.1134525 ]
 [ 0.37416668  0.16150266]
 [ 0.05706578 -0.3236174 ]]
States:
[[9.99884177e-01 9.99778121e-01 4.98629098e-01 4.85665590e-01
  5.13090277e-01 5.97279383e-01]
 [9.99985005e-01 9.99952061e-01 5.05631860e-01 4.93336955e-01
  6.02208999e-01 6.98299638e-01]
 [9.99882622e-01 9.99932492e-01 5.20580652e-01 5.07908597e-01
  6.14438414e-01 6.88967467e-01]
 ...
 [3.64142365e-05 1.39529827e-01 4.36310933e-01 9.78455585e-02
  0.00000000e+00 7.31799333e-01]
 [0.00000000e+00 1.55261933e-01 5.21504098e-01 8.74765006e-02
  0.00000000e+00 6.99421819e-01]
 [3.22960329e-03 1.71947727e-01 6.02419520e-01 7.73050965e-02
  4.87177208e-02 7.39730506e-01]]
Logstds:
[[-3. -3.]
 [-3. -3.]
 [-3. -3.]
 [-3. -3.]
 [-3. -3.]
 [-3. -3.]
 [-3. -3.]
 [-3. -3.]
 [-3. -3.]
 [-3. -3.]
 [-3. -3.]
 [-3. -3.]
 [-3. -3.]
 [-3. -3.]
 [-3. -3.]
 [-3. -3.]
 [-3. -3.]
 [-3. -3.]
 [-3. -3.]
 [-3. -3.]
 [-3. -3.]
 [-3. -3.]
 [-3. -3.]
 [-3. -3.]
 [-3. -3.]
 [-3. -3.]
 [-3. -3.]
 [-3. -3.]
 [-3. -3.]
 [-3. -3.]
 [-3. -3.]
 [-3. -3.]
 [-3. -3.]
 [-3. -3.]
 [-3. -3.]
 [-3. -3.]
 [-3. -3.]
 [-3. -3.]
 [-3. -3.]
 [-3. -3.]
 [-3. -3.]
 [-3. -3.]
 [-3. -3.]
 [-3. -3.]
 [-3. -3.]
 [-3. -3.]
 [-3. -3.]
 [-3. -3.]
 [-3. -3.]
 [-3. -3.]
 [-3. -3.]
 [-3. -3.]
 [-3. -3.]
 [-3. -3.]
 [-3. -3.]
 [-3. -3.]
 [-3. -3.]
 [-3. -3.]
 [-3. -3.]
 [-3. -3.]
 [-3. -3.]
 [-3. -3.]
 [-3. -3.]
 [-3. -3.]
 [-3. -3.]
 [-3. -3.]
 [-3. -3.]
 [-3. -3.]
 [-3. -3.]
 [-3. -3.]
 [-3. -3.]
 [-3. -3.]
 [-3. -3.]
 [-3. -3.]
 [-3. -3.]
 [-3. -3.]
 [-3. -3.]
 [-3. -3.]
 [-3. -3.]
 [-3. -3.]
 [-3. -3.]
 [-3. -3.]
 [-3. -3.]
 [-3. -3.]
 [-3. -3.]
 [-3. -3.]
 [-3. -3.]
 [-3. -3.]
 [-3. -3.]
 [-3. -3.]
 [-3. -3.]
 [-3. -3.]
 [-3. -3.]
 [-3. -3.]
 [-3. -3.]
 [-3. -3.]
 [-3. -3.]
 [-3. -3.]
 [-3. -3.]
 [-3. -3.]
 [-3. -3.]
 [-3. -3.]
 [-3. -3.]
 [-3. -3.]
 [-3. -3.]
 [-3. -3.]
 [-3. -3.]
 [-3. -3.]
 [-3. -3.]
 [-3. -3.]
 [-3. -3.]
 [-3. -3.]
 [-3. -3.]
 [-3. -3.]
 [-3. -3.]
 [-3. -3.]
 [-3. -3.]
 [-3. -3.]
 [-3. -3.]
 [-3. -3.]
 [-3. -3.]
 [-3. -3.]
 [-3. -3.]
 [-3. -3.]
 [-3. -3.]
 [-3. -3.]
 [-3. -3.]
 [-3. -3.]
 [-3. -3.]
 [-3. -3.]
 [-3. -3.]
 [-3. -3.]
 [-3. -3.]
 [-3. -3.]
 [-3. -3.]
 [-3. -3.]
 [-3. -3.]
 [-3. -3.]
 [-3. -3.]
 [-3. -3.]
 [-3. -3.]
 [-3. -3.]
 [-3. -3.]
 [-3. -3.]
 [-3. -3.]
 [-3. -3.]
 [-3. -3.]
 [-3. -3.]
 [-3. -3.]
 [-3. -3.]
 [-3. -3.]
 [-3. -3.]
 [-3. -3.]
 [-3. -3.]
 [-3. -3.]
 [-3. -3.]
 [-3. -3.]
 [-3. -3.]
 [-3. -3.]
 [-3. -3.]
 [-3. -3.]
 [-3. -3.]
 [-3. -3.]
 [-3. -3.]
 [-3. -3.]
 [-3. -3.]
 [-3. -3.]
 [-3. -3.]
 [-3. -3.]
 [-3. -3.]
 [-3. -3.]
 [-3. -3.]
 [-3. -3.]
 [-3. -3.]
 [-3. -3.]
 [-3. -3.]
 [-3. -3.]
 [-3. -3.]
 [-3. -3.]
 [-3. -3.]
 [-3. -3.]
 [-3. -3.]
 [-3. -3.]
 [-3. -3.]
 [-3. -3.]
 [-3. -3.]
 [-3. -3.]
 [-3. -3.]
 [-3. -3.]
 [-3. -3.]
 [-3. -3.]
 [-3. -3.]
 [-3. -3.]
 [-3. -3.]
 [-3. -3.]
 [-3. -3.]
 [-3. -3.]
 [-3. -3.]
 [-3. -3.]
 [-3. -3.]]
