Baseline:
[1.3041308 1.3086727 1.315107  1.2957193 1.3159842 1.3185402 1.3306758
 1.3204904 1.296075  1.3162084 1.3308035 1.3300406 1.3276497 1.3374901
 1.3554487 1.3640536 1.3649259 1.4073589 1.3981712 1.4026175 1.3684044
 1.3655916 1.3660195 1.3969048 1.4153705 1.3950815 1.3846636 1.3752561
 1.3900793 1.3705862 1.3441224 1.3329332 1.31502   1.3289948 1.3192844
 1.3132665 1.2713199 1.2711358 1.265993  1.2501798 1.2293515 1.2457525
 1.2335553 1.2563387 1.23375   1.256679  1.2518022 1.2325935 1.2267094
 1.2464346 1.2577364 1.2463449 1.2441163 1.2468802 1.2441874 1.2345589
 1.2405131 1.2583487 1.2727431 1.2855937 1.3020316 1.302204  1.3236003
 1.3477571 1.3691111 1.3733722 1.4084342 1.4283955 1.422657  1.417397
 1.4138932 1.4243231 1.4338069 1.449501  1.4549636 1.4617528 1.4616456
 1.4697653 1.4809434 1.49593   1.5127517 1.537055  1.5374699 1.5442525
 1.5389374 1.519598  1.4863806 1.5092006 1.4821451 1.464844  1.4533688
 1.4622989 1.4254711 1.4219882 1.4059541 1.40938   1.4067645 1.3953738
 1.393331  1.3747311 1.395701  1.3552997 1.362975  1.3436    1.3284653
 1.3132977 1.2836913 1.3166468 1.288408  1.2887952 1.3037691 1.2855878
 1.2409824 1.2796156 1.2960458 1.2861836 1.2847646 1.2987121 1.3013712
 1.3213875 1.327529  1.3281657 1.2996182 1.2991672 1.3047138 1.3201386
 1.3197439 1.3287473 1.3420062 1.3166069 1.2927597 1.2876521 1.3039958
 1.2810692 1.2713165 1.2629936 1.2741115 1.282449  1.2820909 1.2648025
 1.2628626 1.2649971 1.2479749 1.2322431 1.2090124 1.2064835 1.208612
 1.2043011 1.2148616 1.2029606 1.2081739 1.2267544 1.2445996 1.2687224
 1.2719057 1.271249  1.2592955 1.2746565 1.2665305 1.2490184 1.2303292
 1.2438481 1.2550936 1.2566178 1.2668982 1.279196  1.2971426 1.3054872
 1.318919  1.323251  1.3221047 1.3247516 1.3221375 1.336575  1.3440772
 1.348855  1.3468881 1.3558352 1.3496838 1.3173048 1.3028272 1.3038669
 1.3174406 1.3297266 1.3058367 1.2992418 1.302631  1.2696182 1.2625952
 1.2539778 1.2402031 1.2443302 1.2280717 1.2056959 1.2031748 1.1936712
 1.1694983 1.2037449 1.2093172 1.2347746 1.2347746]
Returns:
[5.56919872 5.59405526 5.65957141 5.60524587 5.57184518 5.64477319
 5.66797179 5.73581795 5.57723464 5.52369483 5.52351355 5.48000645
 5.5669718  5.62776047 5.64428191 5.68063522 5.7605281  5.43690357
 5.49179495 5.55875427 5.46006297 5.51549208 5.34375015 5.18980525
 5.13218329 5.11310361 5.15859402 5.20008081 5.13183377 5.16940247
 5.17351375 4.98901842 5.03386295 5.00000797 4.94811043 5.01182942
 4.86747326 4.92215014 4.89744309 4.82741855 4.84469256 4.8639508
 4.90367765 4.87125949 4.87189369 4.83262202 4.88942463 4.83759276
 4.86525295 4.86878063 4.91233451 4.87650543 4.87487303 4.93973768
 5.01615964 5.02323736 5.10462285 4.98533595 4.88319432 4.93041126
 4.99713111 4.92604752 4.86706334 4.90295171 4.90794633 4.97275055
 4.8062585  4.6711645  4.7126784  4.7179868  4.69620439 4.62981867
 4.69737629 4.69520256 4.75436245 4.83171939 4.85430522 4.84808874
 4.84151872 4.74660712 4.79477863 4.74198716 4.8610536  4.96973459
 4.94171059 5.06564887 5.02415295 4.93002699 4.97898074 5.05199689
 5.10029423 4.96293306 4.93482235 4.97033505 4.97979649 5.02522376
 5.03670925 5.10208123 5.11802588 5.13827507 4.97527039 4.90093212
 4.92733791 4.8700449  4.89746735 4.93652191 4.79744581 4.57299399
 4.4993884  4.46680866 4.46453996 4.45899316 4.23838172 3.87121838
 3.84462231 3.85651475 3.88864617 3.87086346 3.90136489 3.8577833
 3.82464777 3.87386935 3.68880277 3.66937656 3.63054242 3.61935755
 3.27406905 3.25500549 3.27048648 3.23905219 3.14473373 2.94772243
 2.85258093 2.85497207 2.83395009 2.89659756 2.60356482 2.58557981
 2.60125749 2.49391684 2.50477957 2.4971289  2.55284848 2.58680716
 2.62966846 2.56157409 2.62601067 2.65734464 2.66226132 2.73125342
 2.83550122 2.70769787 2.76684896 2.73857272 2.83708711 2.91839604
 2.79636099 2.86211464 2.95970092 3.00261058 2.89520403 2.83292328
 2.8864162  2.99375554 3.0426088  3.14140201 3.21667885 3.33786041
 3.4028879  3.41481964 3.44716211 3.54633911 3.61615345 3.6806048
 3.76654648 3.83549602 3.82127711 3.87968348 3.89534937 3.59031136
 3.57688299 3.54352732 3.49656119 3.31348679 3.25398631 3.2188804
 3.0533648  2.83500413 2.75205879 2.58532159 2.43220322 2.30073375
 2.16336809 1.94272447 1.7906947  1.65967733 1.41750069 1.00898612
 0.75352293 0.44308603]
Advants:
[2.7500982  2.77389444 2.83858173 2.80864634 2.75874955 2.83538791
 2.85359313 2.94178878 2.81450117 2.74601594 2.73641247 2.69795998
 2.79473698 2.85531383 2.86428118 2.90417866 2.99882725 2.63840742
 2.71058634 2.78382271 2.72898711 2.79949428 2.63530978 2.45342869
 2.37818827 2.3803543  2.43902997 2.49450132 2.41382896 2.47525766
 2.51151726 2.33901999 2.40459636 2.35834619 2.31656828 2.3889062
 2.28615186 2.34233534 2.32360134 2.26861446 2.30705349 2.31036456
 2.36438678 2.30975493 2.33431436 2.27164033 2.33471378 2.3025942
 2.33772252 2.32274311 2.3573144  2.33463787 2.3371635  2.40327887
 2.48919699 2.51380281 2.60013964 2.47061081 2.35871104 2.3991714
 2.45762174 2.39302609 2.3173873  2.33462728 2.32373977 2.39209332
 2.19278136 2.03536366 2.08151384 2.09121304 2.07142582 1.99059736
 2.04611251 2.02491548 2.07666078 2.1472927  2.17075728 2.15681491
 2.13894529 2.02551648 2.05400423 1.97141936 2.08778276 2.19034944
 2.1676634  2.31539725 2.31169851 2.19610557 2.27593389 2.37318881
 2.44233866 2.30169913 2.31681899 2.36396876 2.39910167 2.45286049
 2.48015647 2.57361231 2.61027139 2.67058426 2.50421182 2.48832702
 2.52722658 2.51002321 2.57637585 2.65809744 2.5750841  2.33842586
 2.3141726  2.30309822 2.30907995 2.34730795 2.19363207 1.79951753
 1.76783782 1.80257828 1.85125838 1.83496535 1.88042118 1.83397019
 1.81208612 1.88104809 1.74180115 1.74098267 1.7149327  1.70739244
 1.37252568 1.35447184 1.36762865 1.37327338 1.31329738 1.12684769
 1.01783317 1.04661507 1.03875644 1.11562309 0.80846418 0.77806307
 0.79016886 0.69306674 0.69861472 0.68065425 0.74677417 0.79081538
 0.85282109 0.7807934  0.83801592 0.86924426 0.85863319 0.9366377
 1.03560047 0.88461137 0.92219737 0.86414086 0.956281   1.03731881
 0.92282594 0.96998989 1.07546791 1.13750406 1.04779502 0.96857472
 1.00841689 1.11489443 1.15537906 1.24662413 1.31088178 1.43472621
 1.49986266 1.52239175 1.57311743 1.69133822 1.78954519 1.86908033
 1.98198196 2.08553628 2.11564281 2.21259869 2.28663354 2.06220744
 2.11563084 2.13700767 2.13511866 1.99736329 2.02316361 2.06041316
 1.95764685 1.83833946 1.83173515 1.74394823 1.67661909 1.61497816
 1.57038113 1.44900925 1.37832285 1.33858799 1.20258718 0.83512096
 0.64772136 0.3813473 ]
Mus:
[[-1.7471945e-02 -5.9301443e-03]
 [-1.7310187e-02 -5.6597586e-03]
 [-1.7604869e-02 -5.9250863e-03]
 [-1.7134225e-02 -5.5065686e-03]
 [-1.7723102e-02 -5.5082887e-03]
 [-1.7941706e-02 -5.5677295e-03]
 [-1.8141938e-02 -5.4312041e-03]
 [-1.8010186e-02 -5.3839115e-03]
 [-1.7710824e-02 -5.0263321e-03]
 [-1.8740794e-02 -5.5422457e-03]
 [-1.9349771e-02 -6.0182642e-03]
 [-2.0115260e-02 -6.8816799e-03]
 [-2.0285616e-02 -7.1586482e-03]
 [-1.9864727e-02 -6.9269598e-03]
 [-1.9144563e-02 -6.4037601e-03]
 [-1.9516513e-02 -6.8060486e-03]
 [-1.9615352e-02 -6.9805803e-03]
 [-1.9808790e-02 -6.9734193e-03]
 [-1.9014476e-02 -6.4797746e-03]
 [-1.8540466e-02 -6.0527278e-03]
 [-1.8250221e-02 -5.9622903e-03]
 [-1.7757066e-02 -5.5580353e-03]
 [-1.6656661e-02 -4.4321530e-03]
 [-1.6736273e-02 -4.2737448e-03]
 [-1.7152680e-02 -4.3429895e-03]
 [-1.7296037e-02 -4.1580861e-03]
 [-1.7804710e-02 -4.1804039e-03]
 [-1.8141270e-02 -4.0641427e-03]
 [-1.8728692e-02 -4.5378432e-03]
 [-1.9001678e-02 -4.6052877e-03]
 [-1.9395489e-02 -5.0165197e-03]
 [-1.7952947e-02 -3.6106042e-03]
 [-1.7808165e-02 -3.5115683e-03]
 [-1.7817294e-02 -3.3972492e-03]
 [-1.5997952e-02 -2.1713413e-03]
 [-1.5955782e-02 -2.1112848e-03]
 [-1.6225623e-02 -2.3040862e-03]
 [-1.5885418e-02 -2.0683049e-03]
 [-1.7623356e-02 -3.2373781e-03]
 [-1.6218491e-02 -2.1862360e-03]
 [-1.6456068e-02 -2.3210521e-03]
 [-1.6490467e-02 -2.3613253e-03]
 [-1.6220555e-02 -2.1232725e-03]
 [-1.6214782e-02 -2.2316754e-03]
 [-1.6239146e-02 -2.1476236e-03]
 [-1.6395530e-02 -2.3809504e-03]
 [-1.7511602e-02 -3.0854333e-03]
 [-1.6313041e-02 -2.1608579e-03]
 [-1.5503469e-02 -1.5950303e-03]
 [-1.5198413e-02 -1.5294134e-03]
 [-1.4928476e-02 -1.5002672e-03]
 [-1.3043534e-02 -3.3756805e-04]
 [-1.0974353e-02  7.7706366e-04]
 [-9.5802369e-03  1.4394138e-03]
 [-8.7257298e-03  1.7346105e-03]
 [-7.7317785e-03  2.1820890e-03]
 [-7.2201472e-03  2.3519883e-03]
 [-4.9033626e-03  3.6715367e-03]
 [-2.8475889e-03  4.7259373e-03]
 [-2.1223431e-03  4.8965975e-03]
 [-1.8001475e-03  4.8675537e-03]
 [-2.3655964e-04  5.3241835e-03]
 [ 3.2692397e-04  5.6012566e-03]
 [ 7.8657635e-05  5.2167675e-03]
 [-5.4893258e-04  4.6765371e-03]
 [-3.0978580e-04  4.5104194e-03]
 [ 1.7147882e-04  4.6300380e-03]
 [ 1.0081246e-03  4.6750950e-03]
 [ 9.2081504e-04  4.4371458e-03]
 [ 1.1640147e-03  4.4718739e-03]
 [ 9.6941885e-04  4.3673296e-03]
 [ 7.7073445e-04  4.4169193e-03]
 [ 5.0637487e-04  4.1806982e-03]
 [ 6.3289504e-04  4.0336698e-03]
 [ 6.2524329e-04  3.9554155e-03]
 [ 6.5131474e-04  3.8101026e-03]
 [ 7.0577848e-04  3.8697498e-03]
 [ 8.6028472e-04  3.7316817e-03]
 [ 1.0355407e-03  4.0040622e-03]
 [ 1.5939957e-04  3.7450760e-03]
 [ 7.5333362e-04  4.0835971e-03]
 [ 1.1942082e-03  4.4685365e-03]
 [ 2.3476847e-03  4.7966964e-03]
 [ 3.0011851e-03  5.0061205e-03]
 [ 2.8781584e-03  4.5214384e-03]
 [ 5.3827967e-03  5.1350747e-03]
 [ 7.3263510e-03  5.1773889e-03]
 [ 8.7121362e-03  5.9554670e-03]
 [ 1.1181685e-02  6.7613409e-03]
 [ 1.2338194e-02  7.2345193e-03]
 [ 1.2749829e-02  7.5912094e-03]
 [ 1.2557425e-02  8.0634784e-03]
 [ 1.2730833e-02  7.5651240e-03]
 [ 1.1524370e-02  7.3321452e-03]
 [ 9.2871003e-03  6.6413870e-03]
 [ 6.2749842e-03  5.6138607e-03]
 [ 3.4677223e-03  4.4447272e-03]
 [ 6.5205793e-04  3.0081256e-03]
 [-2.3651309e-03  1.3928374e-03]
 [-5.2445009e-03  2.0393658e-04]
 [-7.0837168e-03 -1.0954755e-03]
 [-7.9867896e-03 -1.4524516e-03]
 [-8.9777140e-03 -2.2014929e-03]
 [-1.0744092e-02 -2.4358942e-03]
 [-1.2455609e-02 -2.9461852e-03]
 [-1.3830306e-02 -3.5175774e-03]
 [-1.5769258e-02 -3.7722585e-03]
 [-1.7729204e-02 -4.2266808e-03]
 [-1.9101039e-02 -5.0513409e-03]
 [-2.0306533e-02 -6.0129524e-03]
 [-2.1479400e-02 -6.4916350e-03]
 [-2.2111705e-02 -6.8355557e-03]
 [-2.3459332e-02 -7.9026408e-03]
 [-2.4026249e-02 -7.5653475e-03]
 [-2.5280487e-02 -7.9610730e-03]
 [-2.5893681e-02 -8.2994457e-03]
 [-2.6469063e-02 -8.6138947e-03]
 [-2.7109459e-02 -8.5522030e-03]
 [-2.7612368e-02 -8.5495021e-03]
 [-2.8489606e-02 -8.9066150e-03]
 [-2.8417503e-02 -8.4763430e-03]
 [-2.8160565e-02 -8.3096558e-03]
 [-2.6718505e-02 -8.4787561e-03]
 [-2.6777975e-02 -8.2001043e-03]
 [-2.6930720e-02 -7.9071419e-03]
 [-2.7550522e-02 -7.8269243e-03]
 [-2.7149564e-02 -6.9704442e-03]
 [-2.7457410e-02 -7.1541918e-03]
 [-2.7343236e-02 -6.9520329e-03]
 [-2.6447447e-02 -7.0734140e-03]
 [-2.6177743e-02 -7.5915484e-03]
 [-2.5187559e-02 -6.8926639e-03]
 [-2.5521357e-02 -6.6743032e-03]
 [-2.5068624e-02 -6.9023198e-03]
 [-2.5524545e-02 -7.4206875e-03]
 [-2.5374122e-02 -7.5039337e-03]
 [-2.4392907e-02 -6.4977328e-03]
 [-2.4320761e-02 -6.2406436e-03]
 [-2.3460539e-02 -5.7648201e-03]
 [-2.1978069e-02 -5.1022358e-03]
 [-2.1419413e-02 -4.7344137e-03]
 [-1.9825049e-02 -3.9393967e-03]
 [-1.7996330e-02 -3.5026507e-03]
 [-1.5824236e-02 -2.5555682e-03]
 [-1.4011360e-02 -2.1498816e-03]
 [-1.2573142e-02 -1.9134368e-03]
 [-1.1506959e-02 -1.5779294e-03]
 [-1.0213083e-02 -8.5150369e-04]
 [-8.4789144e-03  1.4158011e-04]
 [-6.9187256e-03  4.2819223e-04]
 [-5.5204495e-03  1.0633245e-03]
 [-5.0540944e-03  8.6714712e-04]
 [-5.0823097e-03  7.1260787e-04]
 [-6.7123603e-03 -3.0125628e-04]
 [-7.9705231e-03 -1.3071954e-03]
 [-9.3840826e-03 -2.4431748e-03]
 [-8.8431733e-03 -1.8077877e-03]
 [-9.7864820e-03 -2.4798715e-03]
 [-1.0187161e-02 -2.7090993e-03]
 [-1.0626201e-02 -3.0666930e-03]
 [-9.6774995e-03 -2.4925449e-03]
 [-1.1608452e-02 -3.4534419e-03]
 [-1.1148731e-02 -2.9610903e-03]
 [-1.2023382e-02 -3.4809031e-03]
 [-1.3938257e-02 -4.4659195e-03]
 [-1.5190524e-02 -5.0622215e-03]
 [-1.6972767e-02 -5.9572472e-03]
 [-1.8061345e-02 -6.4757960e-03]
 [-1.6938509e-02 -5.6910301e-03]
 [-1.9827373e-02 -7.2979699e-03]
 [-2.1188326e-02 -8.2266638e-03]
 [-2.1764634e-02 -8.4450496e-03]
 [-2.1978887e-02 -8.3670681e-03]
 [-2.2081368e-02 -8.1771631e-03]
 [-2.2345994e-02 -8.1621008e-03]
 [-2.1873001e-02 -7.8024715e-03]
 [-2.5000699e-02 -9.4056176e-03]
 [-2.4895592e-02 -9.2421016e-03]
 [-2.5397608e-02 -9.5288465e-03]
 [-2.1798808e-02 -7.9889260e-03]
 [-2.2125399e-02 -8.4489854e-03]
 [-2.2657949e-02 -9.1285771e-03]
 [-2.3184896e-02 -9.6168304e-03]
 [-2.4019560e-02 -1.0567461e-02]
 [-2.2344287e-02 -1.0062688e-02]
 [-2.1575077e-02 -9.7614117e-03]
 [-2.2586703e-02 -1.1001619e-02]
 [-1.9845814e-02 -9.7140782e-03]
 [-1.8627336e-02 -9.6544754e-03]
 [-1.5961515e-02 -8.5224984e-03]
 [-1.4838287e-02 -9.0785855e-03]
 [-1.3576864e-02 -9.2263846e-03]
 [-1.0153070e-02 -8.0213649e-03]
 [-5.0573042e-03 -5.9258174e-03]
 [-1.2001090e-03 -4.5837509e-03]
 [ 1.8519363e-03 -3.6385951e-03]
 [ 6.8093748e-03 -1.2370457e-03]
 [ 9.1352407e-03  1.6434908e-04]
 [ 7.7948160e-03 -9.4594446e-04]
 [ 8.7831989e-03 -2.6086482e-04]]
Actions:
[[ 0.13056317 -0.04603742]
 [-0.03303994  0.14634453]
 [-0.03384732 -0.33921271]
 [ 0.25871677  0.12736948]
 [ 0.01319843  0.01759635]
 [ 0.16575254  0.03832283]
 [-0.10036105 -0.12076712]
 [-0.04576102 -0.46479671]
 [ 0.10302894  0.33175139]
 [-0.03665342  0.29033278]
 [-0.31486845  0.26798567]
 [-0.14706899  0.08176156]
 [ 0.07838306  0.08879593]
 [ 0.19898319  0.11243838]
 [-0.10502303  0.24124531]
 [-0.13679709  0.12512525]
 [ 0.35711593  0.49322527]
 [-0.14114005 -0.07891142]
 [ 0.03946865  0.02785006]
 [-0.36327233 -0.23008904]
 [ 0.04305646 -0.06657078]
 [ 0.30346099 -0.29601154]
 [ 0.29258695  0.31050864]
 [ 0.15068604  0.28895605]
 [-0.12247092 -0.19880147]
 [-0.05104095 -0.04637052]
 [ 0.00637257 -0.07181787]
 [ 0.04499418  0.38916669]
 [-0.14095997 -0.09102262]
 [-0.27433938 -0.05545194]
 [ 0.33232615 -0.29764254]
 [-0.08679831 -0.0933565 ]
 [ 0.22379447  0.1896927 ]
 [ 0.22342411 -0.20220745]
 [-0.00576338  0.03490905]
 [-0.39522406 -0.28270714]
 [ 0.06647847 -0.00363533]
 [-0.27960808  0.20157474]
 [ 0.14452569 -0.30736116]
 [-0.20313911 -0.1524744 ]
 [ 0.12720732  0.16074155]
 [-0.02923393 -0.15821523]
 [ 0.14734418  0.27657181]
 [-0.15144861 -0.23096622]
 [ 0.12848116  0.30625091]
 [-0.15211233  0.0999612 ]
 [ 0.07849005 -0.3281667 ]
 [ 0.08546779 -0.16154989]
 [ 0.14481749  0.21772243]
 [ 0.07123731  0.16967813]
 [ 0.15288328 -0.27615963]
 [ 0.14115147 -0.19970333]
 [ 0.05527197 -0.06776829]
 [-0.08573444 -0.04781536]
 [-0.12443164 -0.2447957 ]
 [-0.05978783 -0.02793691]
 [ 0.30850666 -0.25476209]
 [ 0.11924139 -0.36494995]
 [-0.15039728 -0.09681992]
 [-0.12262869  0.05668539]
 [-0.26962561 -0.28665158]
 [ 0.13328399 -0.26192498]
 [-0.05337298  0.19673457]
 [-0.03327382  0.27460117]
 [-0.15278759 -0.01656524]
 [ 0.35216212  0.2843103 ]
 [ 0.09828376  0.45642501]
 [-0.1959738  -0.05618585]
 [-0.08834801 -0.23014607]
 [-0.05813192 -0.26675598]
 [ 0.17360908 -0.2552841 ]
 [ 0.05101842  0.00696624]
 [ 0.11502337  0.26386158]
 [ 0.03428487 -0.03565988]
 [ 0.05339301  0.11889267]
 [ 0.0174153  -0.2049665 ]
 [ 0.1484426   0.32157821]
 [ 0.29462187  0.00382053]
 [ 0.30528838  0.32507332]
 [ 0.21626247  0.01992879]
 [ 0.36673411 -0.04246014]
 [ 0.00482179 -0.02648316]
 [ 0.13295828  0.03094909]
 [-0.03939047  0.45330913]
 [-0.16809253  0.03414705]
 [-0.3908384   0.25242517]
 [ 0.4379446   0.19067539]
 [-0.18964774 -0.23197714]
 [-0.01698495 -0.20300864]
 [ 0.09186266 -0.22396338]
 [ 0.42626594 -0.20042063]
 [-0.38105619 -0.04456126]
 [ 0.17483696 -0.15572288]
 [ 0.08908943 -0.23591702]
 [ 0.21137919  0.02495391]
 [ 0.27091739  0.05140368]
 [ 0.13318899  0.09582948]
 [ 0.15594635  0.21348429]
 [ 0.16082961 -0.11159023]
 [-0.28563358  0.46295996]
 [-0.247711   -0.32273393]
 [-0.04456637  0.23268548]
 [ 0.08799465 -0.29468186]
 [-0.01509552 -0.15749023]
 [-0.11364138 -0.09378373]
 [ 0.07405366 -0.40414774]
 [ 0.42312607  0.18987407]
 [-0.37566196 -0.14651975]
 [-0.24091855  0.22486351]
 [ 0.08515532  0.1727914 ]
 [-0.21989148 -0.20705865]
 [-0.5216411  -0.25653384]
 [ 0.52593791  0.20315184]
 [ 0.08315401  0.17463158]
 [-0.16248989 -0.05211158]
 [-0.10744013  0.05279614]
 [ 0.18024244  0.0387744 ]
 [ 0.04643253 -0.04481083]
 [ 0.01377383  0.28913108]
 [ 0.15836249 -0.13778899]
 [-0.04322167 -0.0045496 ]
 [-0.55942759  0.0656272 ]
 [ 0.10963847 -0.1862216 ]
 [ 0.14384547 -0.19982581]
 [ 0.17479274  0.05410363]
 [ 0.26566283 -0.49667525]
 [-0.03812117  0.28255841]
 [ 0.09466661  0.12247761]
 [-0.38342259 -0.00855575]
 [-0.42276081  0.17953232]
 [ 0.10769427 -0.43435152]
 [ 0.28900932  0.15992417]
 [-0.29926485  0.03485339]
 [-0.18881829  0.26187252]
 [-0.10351486  0.01217561]
 [ 0.35832464 -0.37755393]
 [ 0.16784567  0.08942473]
 [ 0.08693912 -0.09299404]
 [ 0.02453358 -0.37112722]
 [ 0.15016694  0.03731929]
 [ 0.19852045  0.03307437]
 [-0.19605257  0.02940195]
 [ 0.02297251 -0.1883515 ]
 [-0.2690449  -0.00119094]
 [-0.10035315  0.40264325]
 [ 0.01232718  0.18052732]
 [ 0.11067357 -0.21993109]
 [ 0.27187397 -0.00834046]
 [-0.17975857  0.13719426]
 [ 0.12243639  0.03757424]
 [ 0.01845632  0.49917379]
 [ 0.07628188  0.22959517]
 [ 0.00553113  0.40320612]
 [-0.20027629  0.13576181]
 [-0.25983306  0.11633596]
 [-0.01849305 -0.50802874]
 [-0.0006649   0.26277146]
 [-0.15170185 -0.15876217]
 [-0.28257385 -0.17173736]
 [-0.18039205 -0.45933537]
 [ 0.05235264  0.41314063]
 [ 0.17290778 -0.11009032]
 [-0.07962978  0.13023887]
 [-0.03367915  0.27513128]
 [-0.0122291   0.14331287]
 [-0.00276128  0.23885266]
 [-0.0991173   0.03017036]
 [ 0.12314581 -0.15433797]
 [-0.24214939  0.3013859 ]
 [-0.29355942  0.15800307]
 [-0.16449903 -0.01919011]
 [-0.17156407 -0.15071393]
 [ 0.10018619  0.03816878]
 [ 0.00213319  0.02134531]
 [-0.00416244 -0.07683847]
 [-0.28765194  0.21481199]
 [ 0.01484537  0.01608083]
 [-0.25204369 -0.06360332]
 [-0.34600183 -0.50106164]
 [-0.22504145  0.05227133]
 [-0.0963314   0.25005175]
 [ 0.07980784  0.24323325]
 [-0.05191825  0.4490902 ]
 [-0.22840895 -0.14486065]
 [ 0.06304741 -0.05981402]
 [-0.22744167  0.35802324]
 [-0.0195669  -0.37997271]
 [ 0.09523998  0.06033269]
 [ 0.14755896 -0.16987581]
 [-0.25265293  0.20549992]
 [-0.07806772  0.19366578]
 [-0.1050101  -0.16229876]
 [-0.04465682 -0.30340754]
 [ 0.10132449 -0.06122176]
 [-0.10967023 -0.01465602]
 [-0.11945197 -0.31010083]
 [ 0.49741398  0.02639348]
 [-0.09884128  0.33043115]
 [ 0.34531348  0.19128431]
 [ 0.04539784  0.54642972]]
States:
[[9.98191390e-01 9.99938674e-01 5.52759081e-01 4.92463803e-01
  5.13450561e-01 5.96907970e-01]
 [9.97961076e-01 9.99922144e-01 5.55421459e-01 4.91508582e-01
  5.46934442e-01 5.84835431e-01]
 [9.97534979e-01 9.99940388e-01 5.59974817e-01 4.92569870e-01
  5.37780295e-01 6.23434354e-01]
 ...
 [5.58370108e-01 7.20458046e-01 3.76244747e-03 9.38063685e-01
  1.11809766e-01 6.99405263e-01]
 [4.94919810e-01 6.99544941e-01 6.24291275e-06 9.48178579e-01
  9.43696039e-02 7.83968682e-01]
 [4.37646365e-01 6.68371427e-01 3.61514325e-03 9.61338198e-01
  1.91217434e-01 8.30364093e-01]]
Logstds:
[[-3. -3.]
 [-3. -3.]
 [-3. -3.]
 [-3. -3.]
 [-3. -3.]
 [-3. -3.]
 [-3. -3.]
 [-3. -3.]
 [-3. -3.]
 [-3. -3.]
 [-3. -3.]
 [-3. -3.]
 [-3. -3.]
 [-3. -3.]
 [-3. -3.]
 [-3. -3.]
 [-3. -3.]
 [-3. -3.]
 [-3. -3.]
 [-3. -3.]
 [-3. -3.]
 [-3. -3.]
 [-3. -3.]
 [-3. -3.]
 [-3. -3.]
 [-3. -3.]
 [-3. -3.]
 [-3. -3.]
 [-3. -3.]
 [-3. -3.]
 [-3. -3.]
 [-3. -3.]
 [-3. -3.]
 [-3. -3.]
 [-3. -3.]
 [-3. -3.]
 [-3. -3.]
 [-3. -3.]
 [-3. -3.]
 [-3. -3.]
 [-3. -3.]
 [-3. -3.]
 [-3. -3.]
 [-3. -3.]
 [-3. -3.]
 [-3. -3.]
 [-3. -3.]
 [-3. -3.]
 [-3. -3.]
 [-3. -3.]
 [-3. -3.]
 [-3. -3.]
 [-3. -3.]
 [-3. -3.]
 [-3. -3.]
 [-3. -3.]
 [-3. -3.]
 [-3. -3.]
 [-3. -3.]
 [-3. -3.]
 [-3. -3.]
 [-3. -3.]
 [-3. -3.]
 [-3. -3.]
 [-3. -3.]
 [-3. -3.]
 [-3. -3.]
 [-3. -3.]
 [-3. -3.]
 [-3. -3.]
 [-3. -3.]
 [-3. -3.]
 [-3. -3.]
 [-3. -3.]
 [-3. -3.]
 [-3. -3.]
 [-3. -3.]
 [-3. -3.]
 [-3. -3.]
 [-3. -3.]
 [-3. -3.]
 [-3. -3.]
 [-3. -3.]
 [-3. -3.]
 [-3. -3.]
 [-3. -3.]
 [-3. -3.]
 [-3. -3.]
 [-3. -3.]
 [-3. -3.]
 [-3. -3.]
 [-3. -3.]
 [-3. -3.]
 [-3. -3.]
 [-3. -3.]
 [-3. -3.]
 [-3. -3.]
 [-3. -3.]
 [-3. -3.]
 [-3. -3.]
 [-3. -3.]
 [-3. -3.]
 [-3. -3.]
 [-3. -3.]
 [-3. -3.]
 [-3. -3.]
 [-3. -3.]
 [-3. -3.]
 [-3. -3.]
 [-3. -3.]
 [-3. -3.]
 [-3. -3.]
 [-3. -3.]
 [-3. -3.]
 [-3. -3.]
 [-3. -3.]
 [-3. -3.]
 [-3. -3.]
 [-3. -3.]
 [-3. -3.]
 [-3. -3.]
 [-3. -3.]
 [-3. -3.]
 [-3. -3.]
 [-3. -3.]
 [-3. -3.]
 [-3. -3.]
 [-3. -3.]
 [-3. -3.]
 [-3. -3.]
 [-3. -3.]
 [-3. -3.]
 [-3. -3.]
 [-3. -3.]
 [-3. -3.]
 [-3. -3.]
 [-3. -3.]
 [-3. -3.]
 [-3. -3.]
 [-3. -3.]
 [-3. -3.]
 [-3. -3.]
 [-3. -3.]
 [-3. -3.]
 [-3. -3.]
 [-3. -3.]
 [-3. -3.]
 [-3. -3.]
 [-3. -3.]
 [-3. -3.]
 [-3. -3.]
 [-3. -3.]
 [-3. -3.]
 [-3. -3.]
 [-3. -3.]
 [-3. -3.]
 [-3. -3.]
 [-3. -3.]
 [-3. -3.]
 [-3. -3.]
 [-3. -3.]
 [-3. -3.]
 [-3. -3.]
 [-3. -3.]
 [-3. -3.]
 [-3. -3.]
 [-3. -3.]
 [-3. -3.]
 [-3. -3.]
 [-3. -3.]
 [-3. -3.]
 [-3. -3.]
 [-3. -3.]
 [-3. -3.]
 [-3. -3.]
 [-3. -3.]
 [-3. -3.]
 [-3. -3.]
 [-3. -3.]
 [-3. -3.]
 [-3. -3.]
 [-3. -3.]
 [-3. -3.]
 [-3. -3.]
 [-3. -3.]
 [-3. -3.]
 [-3. -3.]
 [-3. -3.]
 [-3. -3.]
 [-3. -3.]
 [-3. -3.]
 [-3. -3.]
 [-3. -3.]
 [-3. -3.]
 [-3. -3.]
 [-3. -3.]
 [-3. -3.]
 [-3. -3.]
 [-3. -3.]
 [-3. -3.]]
