Baseline:
[1.4218823 1.409121  1.4287709 1.4365569 1.4163827 1.4235142 1.4348737
 1.433678  1.4712197 1.4558978 1.4590062 1.4616729 1.443981  1.4277579
 1.4378697 1.4180754 1.3862406 1.3732334 1.3852257 1.3719373 1.4092873
 1.3821555 1.3646916 1.3734146 1.3772508 1.3515946 1.360483  1.3580859
 1.352618  1.3408297 1.3310615 1.3570002 1.3368474 1.3173803 1.3262064
 1.3211999 1.3326855 1.3091097 1.3130196 1.2842199 1.2712718 1.2681847
 1.3189151 1.306163  1.2803215 1.2589527 1.2816865 1.293128  1.2540522
 1.2219921 1.2035536 1.1948506 1.2069129 1.2205116 1.211558  1.2249606
 1.222735  1.2087237 1.2068728 1.2180465 1.2119303 1.204641  1.1863807
 1.1751547 1.1688437 1.1511482 1.1489683 1.1368091 1.141112  1.1531364
 1.139342  1.1204207 1.0589378 1.044353  1.0411147 1.0280738 1.0709486
 1.089111  1.0966343 1.0760075 1.0864562 1.0965638 1.1003243 1.0872468
 1.1173185 1.1068171 1.1027172 1.1118981 1.1340868 1.1761544 1.2211773
 1.28371   1.3222424 1.3311081 1.3729278 1.3801166 1.3923923 1.4243344
 1.4549408 1.4804839 1.4854764 1.4959003 1.4769744 1.4745418 1.470388
 1.459375  1.4558399 1.4504768 1.454985  1.4529029 1.4275839 1.4497305
 1.4424683 1.4753305 1.4468423 1.4225903 1.4036931 1.3938138 1.3949462
 1.3856703 1.3645658 1.3688048 1.3569988 1.3598043 1.3455329 1.3103596
 1.2779316 1.2745464 1.2676936 1.2658132 1.2765144 1.2836074 1.2689701
 1.2686932 1.2544686 1.2455331 1.252189  1.2525095 1.269211  1.2827927
 1.2882854 1.276848  1.287335  1.2953082 1.2931038 1.2999254 1.297177
 1.312652  1.2856214 1.2761605 1.2657071 1.2413851 1.2264261 1.1999971
 1.2155014 1.2031015 1.1960081 1.1906855 1.2015492 1.2207457 1.2242223
 1.1940268 1.1953598 1.1688185 1.1407923 1.1324263 1.1445817 1.1351191
 1.1274649 1.1572895 1.2104641 1.2391713 1.214414  1.2018218 1.2550241
 1.2284018 1.2482439 1.2756639 1.2847584 1.2671565 1.3111769 1.303988
 1.3014616 1.3039148 1.3298553 1.3446907 1.3566169 1.386008  1.4103156
 1.3778325 1.3813411 1.4260823 1.4391801 1.4434335 1.446037  1.4437276
 1.397392  1.3605021 1.3469552 1.3234916 1.3234916]
Returns:
[8.68377676 8.65782395 8.60554275 8.56078336 8.59603383 8.6573234
 8.70021717 8.67413504 8.35935449 8.27718276 8.32435169 8.12651775
 8.13702486 7.96738272 7.9235782  7.86087158 7.72171462 7.67538072
 7.64071742 7.63182078 7.25812496 7.14738201 7.0711666  7.03704642
 6.96804704 6.89953614 6.85621244 6.70109168 6.66804117 6.64868982
 6.55429594 6.44161571 6.418787   6.3951848  6.33161261 6.35006894
 6.33437152 6.32308638 6.30285501 6.15413945 6.10615845 6.06254467
 5.49470835 5.44821694 5.35192587 5.36365969 5.28191222 5.26889683
 5.25062098 5.28166243 5.35958788 5.3254846  5.50310049 5.29317164
 5.15139227 5.23113121 5.17494944 5.30765236 5.41388888 5.22649572
 5.35269659 5.4693621  5.56549319 5.65945986 5.50332587 5.61850528
 5.68565116 5.75348534 5.79439595 5.64723921 5.70550229 5.82011727
 5.85160723 5.9748344  5.22085537 5.28000657 5.09366166 5.23651329
 5.33479602 5.4087579  5.53161656 5.74459853 5.66167583 5.66432164
 5.72176003 5.70234756 5.77640939 5.77579198 5.946623   6.00800546
 6.05817395 5.80420048 5.73050886 5.7455487  5.68755696 5.74589018
 5.76948069 5.76228053 5.69094796 5.53087951 5.55538449 5.41603129
 5.43334866 5.42396709 5.47777925 5.26708538 5.23284173 5.27739142
 4.98786523 5.02082488 4.87939549 4.64649045 4.68303642 4.34122271
 4.30726673 4.26369292 4.23771665 4.26947264 4.23593476 4.17386857
 4.14110249 4.12115147 4.17278744 4.13371956 4.09408216 4.00372529
 3.81816537 3.89551358 3.96326346 4.06097934 4.08343002 4.03658106
 4.10167131 4.19125962 4.26733349 4.35205703 4.39901956 4.35090359
 4.31154617 4.35363703 4.43208731 4.54300097 4.58902865 4.60103915
 4.65458289 4.74231956 4.89637761 4.9633967  4.935283   5.10144635
 5.29235045 5.39402388 5.5838672  5.63582164 5.58025216 5.77353909
 5.94053296 6.15308721 6.24934578 6.20588478 6.17144631 6.24837526
 6.43438825 6.50731987 6.61097547 6.76459936 6.92260853 7.06970727
 6.9711192  7.06749919 6.81143187 6.81251584 6.73362096 6.72107802
 6.44902228 6.13428491 6.09816557 6.06586142 6.03927219 5.84053642
 5.63901199 5.419968   5.33178498 5.21568557 5.06769603 4.95932315
 4.81970058 4.52592659 4.30822216 4.01448844 3.72990252 3.28814822
 3.0503421  2.80660782 2.56872513 2.32416996 1.75001856 1.26018182
 0.85508981 0.40643227]
Advants:
[4.87580181 4.88353243 4.83208111 4.80013497 4.87962802 4.96157959
 5.02425037 5.03238308 4.70499648 4.66313883 4.73568323 4.55989184
 4.61577724 4.4876582  4.45952942 4.44327423 4.36156102 4.35499395
 4.33593475 4.37040944 3.97929633 3.9147301  3.87482884 3.85111674
 3.79678931 3.77269409 3.73922463 3.60211698 3.59062744 3.60029442
 3.53174947 3.40629372 3.41781969 3.42896842 3.37091671 3.41067414
 3.40033307 3.4312805  3.42663849 3.3241744  3.30699635 3.28459212
 2.6665608  2.63235913 2.55922874 2.59044589 2.48068724 2.449747
 2.46415476 2.52227107 2.61620552 2.58738318 2.75434341 2.52542909
 2.38264955 2.4402359  2.37511545 2.51425218 2.61745928 2.4074552
 2.53145317 2.65021362 2.76250603 2.86867449 2.7152766  2.84838172
 2.92010117 3.00516632 3.04841002 2.89150712 2.96826548 3.11103304
 3.21689904 3.3729647  2.61881382 2.68953796 2.45163609 2.57075979
 2.65828671 2.75229284 2.86754728 3.07978281 3.00057747 3.02490178
 3.06244853 3.06430916 3.15657768 3.16178479 3.33130796 3.37387989
 3.40442272 3.10568862 3.00927978 3.03280714 2.94874045 3.01855266
 3.05047542 3.03248595 2.95034918 2.78048594 2.81769178 2.68248311
 2.73565673 2.74686546 2.82632866 2.64380062 2.6307564  2.70138188
 2.4207308  2.47137981 2.36861517 2.120158   2.17247725 1.7954496
 1.78726056 1.7643882  1.75323708 1.79174105 1.75260053 1.69332647
 1.67426815 1.64130315 1.69718475 1.64581181 1.60935259 1.54042412
 1.36764026 1.42954461 1.48602139 1.56902813 1.56313817 1.48838592
 1.54799608 1.61880954 1.6912261  1.76837657 1.79201482 1.72399218
 1.64494455 1.64938853 1.69848734 1.79873111 1.81138046 1.79070135
 1.82135167 1.87753327 2.01234927 2.04162346 2.01633993 2.17113392
 2.35611416 2.46823411 2.66431292 2.73565393 2.65473958 2.856109
 3.03089533 3.25626918 3.35244086 3.29954033 3.27104073 3.39169581
 3.59677086 3.72145281 3.88456371 4.08567004 4.27848341 4.49084682
 4.45765623 4.58893239 4.34036042 4.37772114 4.3924289  4.46718982
 4.21294831 3.99298868 4.00925792 4.02607042 4.07233959 3.97453803
 3.8118301  3.68331627 3.68545142 3.65850273 3.57860081 3.55362004
 3.50397945 3.28140899 3.14107612 2.98208646 2.79605425 2.40526909
 2.25046887 2.099102   1.95602973 1.81200418 1.37445151 1.0054484
 0.69288831 0.34025764]
Mus:
[[-1.67056043e-02 -5.79833658e-03]
 [-1.65281724e-02 -5.45303104e-03]
 [-1.73224080e-02 -6.23562327e-03]
 [-1.84086412e-02 -7.20312679e-03]
 [-1.76439919e-02 -6.94187591e-03]
 [-1.73829161e-02 -6.87143253e-03]
 [-1.69602931e-02 -6.86621992e-03]
 [-1.55903781e-02 -5.92952967e-03]
 [-1.68779083e-02 -7.07583968e-03]
 [-1.76090337e-02 -7.97984470e-03]
 [-1.70931965e-02 -7.97126722e-03]
 [-1.41883409e-02 -6.04926795e-03]
 [-1.35304071e-02 -5.86468726e-03]
 [-1.08768241e-02 -4.23147902e-03]
 [-1.15087945e-02 -4.83866129e-03]
 [-1.11353407e-02 -5.23896236e-03]
 [-8.26022495e-03 -3.97381606e-03]
 [-7.71023938e-03 -4.49744100e-03]
 [-6.64657028e-03 -4.13392857e-03]
 [-4.86242119e-03 -3.51189217e-03]
 [-7.27494387e-03 -5.29581495e-03]
 [-3.74286436e-03 -3.66742699e-03]
 [-9.53952374e-04 -2.35081511e-03]
 [-3.03219975e-04 -2.17388244e-03]
 [ 1.12785341e-03 -1.25862856e-03]
 [ 2.87435181e-03 -4.45059442e-04]
 [ 3.58325825e-03 -6.56649863e-05]
 [ 3.42425168e-03 -1.03046792e-03]
 [ 5.03768260e-03 -9.30223541e-05]
 [ 6.13621529e-03  1.75816458e-04]
 [ 8.02349672e-03  1.50321575e-03]
 [ 7.71957636e-03  9.55077470e-04]
 [ 8.66582245e-03  1.33752462e-03]
 [ 9.37879644e-03  1.44061539e-03]
 [ 1.11042568e-02  2.56007886e-03]
 [ 1.16284927e-02  2.69180490e-03]
 [ 1.17493337e-02  2.55236239e-03]
 [ 1.18401917e-02  2.41846987e-03]
 [ 1.31406942e-02  3.35855270e-03]
 [ 1.40652135e-02  4.47166571e-03]
 [ 1.48900431e-02  5.36839757e-03]
 [ 1.46039166e-02  4.72764904e-03]
 [ 1.30818328e-02  2.93384003e-03]
 [ 1.13903740e-02  1.68469932e-03]
 [ 1.00238631e-02  6.65244006e-04]
 [ 1.04260109e-02  1.04775105e-03]
 [ 9.99858603e-03  6.64725783e-04]
 [ 8.68014060e-03 -9.45646243e-05]
 [ 9.59652290e-03  8.60535249e-04]
 [ 9.67576355e-03  1.34260941e-03]
 [ 8.98872595e-03  1.51444925e-03]
 [ 9.18087922e-03  2.58838106e-03]
 [ 7.89126940e-03  2.48505524e-03]
 [ 4.92268149e-03  1.56803208e-03]
 [ 3.26700602e-03  2.13886495e-03]
 [-1.18543510e-03  3.89011140e-04]
 [-5.02709998e-03 -8.01475253e-04]
 [-6.93805469e-03 -1.10726932e-03]
 [-1.01309791e-02 -2.31581950e-03]
 [-1.78488735e-02 -5.89611148e-03]
 [-2.17989478e-02 -7.38156168e-03]
 [-2.55626626e-02 -8.87426920e-03]
 [-2.66355332e-02 -9.27203614e-03]
 [-2.95074061e-02 -1.05868876e-02]
 [-3.33264582e-02 -1.24149853e-02]
 [-3.42497267e-02 -1.31349005e-02]
 [-3.51253971e-02 -1.41018974e-02]
 [-3.31120752e-02 -1.37959132e-02]
 [-3.30671854e-02 -1.47206075e-02]
 [-3.39809284e-02 -1.64917782e-02]
 [-3.10387984e-02 -1.59882959e-02]
 [-2.68528145e-02 -1.47693856e-02]
 [-1.37576619e-02 -8.28845520e-03]
 [-7.28791207e-03 -5.61296381e-03]
 [-4.22552228e-03 -4.46977839e-03]
 [ 1.42133969e-03 -1.75599859e-03]
 [ 6.79997029e-03  1.07215717e-03]
 [ 8.10199697e-03  1.80647545e-03]
 [ 7.33735180e-03  1.04361842e-03]
 [ 6.42570434e-03  4.29643434e-04]
 [ 9.47215129e-03  2.37912196e-03]
 [ 9.35577601e-03  2.39479938e-03]
 [ 1.31350635e-02  5.14289411e-03]
 [ 1.23691717e-02  5.07569406e-03]
 [ 1.38022080e-02  6.07776036e-03]
 [ 1.48988403e-02  7.63213169e-03]
 [ 1.44387642e-02  7.73939397e-03]
 [ 1.75544936e-02  9.89308674e-03]
 [ 1.59733631e-02  9.23510361e-03]
 [ 1.58418100e-02  9.84553620e-03]
 [ 1.41455047e-02  9.30008944e-03]
 [ 1.42918108e-02  9.54422541e-03]
 [ 1.57927945e-02  1.04775997e-02]
 [ 1.65035147e-02  1.10981241e-02]
 [ 1.64867640e-02  1.12006934e-02]
 [ 1.65070724e-02  1.11865113e-02]
 [ 1.69127546e-02  1.08236521e-02]
 [ 1.70533825e-02  1.08531369e-02]
 [ 1.79852098e-02  1.12526519e-02]
 [ 2.02203635e-02  1.15748188e-02]
 [ 2.09344383e-02  1.16402274e-02]
 [ 2.17794068e-02  1.13453586e-02]
 [ 2.16743760e-02  1.10441344e-02]
 [ 2.21147723e-02  1.14213005e-02]
 [ 2.22871769e-02  1.14014968e-02]
 [ 2.14960333e-02  1.01678260e-02]
 [ 1.98091045e-02  9.01559275e-03]
 [ 2.04131100e-02  9.42005217e-03]
 [ 2.33740415e-02  1.14122275e-02]
 [ 2.40105521e-02  1.13476347e-02]
 [ 2.31076162e-02  1.13263503e-02]
 [ 2.46390551e-02  1.24861272e-02]
 [ 2.49352492e-02  1.24121318e-02]
 [ 2.72306763e-02  1.29978629e-02]
 [ 2.70064194e-02  1.27871865e-02]
 [ 2.63655335e-02  1.20277312e-02]
 [ 2.55508870e-02  1.11626135e-02]
 [ 2.53764745e-02  1.10385157e-02]
 [ 2.63993293e-02  1.18756061e-02]
 [ 2.48737466e-02  1.06506078e-02]
 [ 2.28915215e-02  9.55650304e-03]
 [ 2.43689884e-02  1.04871504e-02]
 [ 2.43139341e-02  1.05625158e-02]
 [ 2.31765136e-02  9.78387985e-03]
 [ 2.02966835e-02  7.96739943e-03]
 [ 1.89993940e-02  7.54594384e-03]
 [ 1.75248571e-02  7.42027257e-03]
 [ 1.75331570e-02  7.62254186e-03]
 [ 1.70079023e-02  7.67157227e-03]
 [ 1.68319438e-02  7.82707334e-03]
 [ 1.80424806e-02  8.39154795e-03]
 [ 2.06708238e-02  1.01324487e-02]
 [ 1.89794600e-02  9.38504003e-03]
 [ 1.85937397e-02  9.01485234e-03]
 [ 1.64638385e-02  8.02457333e-03]
 [ 1.40514551e-02  6.79164194e-03]
 [ 1.59612633e-02  8.06432124e-03]
 [ 1.77498925e-02  9.51330736e-03]
 [ 2.02006362e-02  1.09972917e-02]
 [ 2.19427086e-02  1.18175186e-02]
 [ 2.28893459e-02  1.20707536e-02]
 [ 2.27683578e-02  1.20524131e-02]
 [ 2.36122515e-02  1.23026045e-02]
 [ 2.45334674e-02  1.31958965e-02]
 [ 2.42886133e-02  1.26054035e-02]
 [ 2.54480131e-02  1.29063725e-02]
 [ 2.59462744e-02  1.27940541e-02]
 [ 2.72881500e-02  1.34560997e-02]
 [ 2.49086171e-02  1.27963936e-02]
 [ 2.38501392e-02  1.18313888e-02]
 [ 2.23796777e-02  1.08917281e-02]
 [ 2.07879618e-02  1.01902541e-02]
 [ 1.93441547e-02  9.13298409e-03]
 [ 1.77570097e-02  8.26904923e-03]
 [ 1.64093580e-02  7.08877947e-03]
 [ 1.58339962e-02  7.05787446e-03]
 [ 1.60719007e-02  8.11325107e-03]
 [ 1.53937079e-02  7.78475823e-03]
 [ 1.46482550e-02  7.87551980e-03]
 [ 1.44969998e-02  8.41579959e-03]
 [ 1.26589127e-02  8.31243768e-03]
 [ 1.07544856e-02  7.06691481e-03]
 [ 9.31621995e-03  6.28431188e-03]
 [ 6.63357647e-03  5.41078579e-03]
 [ 4.54004481e-03  4.52065933e-03]
 [ 3.12408106e-03  4.11033444e-03]
 [ 2.67330278e-03  3.73838935e-03]
 [ 1.61774294e-03  3.39362514e-03]
 [-6.86962041e-04  3.42270196e-03]
 [-1.69050694e-03  3.11100273e-03]
 [-2.69835605e-03  1.83794950e-03]
 [-4.33703978e-03  1.39980705e-03]
 [-5.86761627e-03  5.87358430e-04]
 [-6.39282120e-03  5.23297058e-04]
 [-8.17263778e-03  1.14200164e-04]
 [-8.75418447e-03  7.20295822e-04]
 [-1.01725142e-02 -1.34558402e-04]
 [-1.13496203e-02 -4.63386445e-04]
 [-1.25610260e-02 -1.07918307e-03]
 [-1.29207093e-02 -1.21993781e-03]
 [-1.50481910e-02 -2.05715816e-03]
 [-1.64215527e-02 -2.79654283e-03]
 [-1.62526574e-02 -2.62881792e-03]
 [-1.55562824e-02 -2.15613982e-03]
 [-1.57196335e-02 -2.17955490e-03]
 [-1.56659260e-02 -2.09329836e-03]
 [-1.58242043e-02 -2.39549833e-03]
 [-1.67451538e-02 -3.37315677e-03]
 [-1.75607894e-02 -3.98622779e-03]
 [-1.62040479e-02 -3.29491775e-03]
 [-1.59648806e-02 -2.86520296e-03]
 [-1.68517735e-02 -3.31629533e-03]
 [-1.68351624e-02 -3.30690364e-03]
 [-1.74464118e-02 -3.79028125e-03]
 [-1.76855847e-02 -3.94103304e-03]
 [-1.79894064e-02 -4.10612905e-03]
 [-1.61095522e-02 -3.23139247e-03]
 [-1.42054278e-02 -2.50453874e-03]
 [-1.32936817e-02 -2.05048453e-03]
 [-1.14098378e-02 -1.45566952e-03]]
Actions:
[[ 6.26309936e-02 -2.34034881e-01]
 [-9.92212601e-02  3.80792886e-01]
 [-2.13078547e-01  3.39700899e-01]
 [-1.56789610e-01 -1.59902768e-01]
 [ 3.39934315e-02  8.29571873e-02]
 [ 6.87952730e-03  1.81938566e-01]
 [ 1.55506749e-01 -1.96706884e-01]
 [-1.49532768e-02  6.25462804e-01]
 [-4.13398924e-01  1.81517379e-01]
 [-2.44819091e-02  1.02144208e-01]
 [ 3.28532443e-01 -2.57546917e-01]
 [-1.65425300e-01 -9.20602941e-02]
 [ 1.21452508e-01 -3.69123243e-01]
 [-2.24462202e-02  2.63145731e-01]
 [-3.31387620e-01  3.60075064e-03]
 [-1.28240807e-01 -3.64518227e-01]
 [-2.94411816e-01  1.02587460e-01]
 [ 1.47362021e-01  9.77909004e-02]
 [-5.90582242e-02 -8.67903621e-02]
 [ 3.31314721e-02  6.14443108e-01]
 [-5.46664716e-02 -2.96590243e-01]
 [ 1.40284281e-02 -1.95017921e-01]
 [ 6.96141015e-02  1.04560680e-01]
 [ 1.96135278e-01 -5.30783456e-02]
 [-1.05274109e-01 -2.24072325e-01]
 [ 1.18857302e-01  4.44766840e-02]
 [-3.26681902e-01  2.34692676e-01]
 [ 9.56550080e-02 -1.06731134e-01]
 [-1.32280550e-01 -3.19666213e-02]
 [ 1.58578203e-01 -2.18361158e-01]
 [ 5.02155309e-02  3.40478697e-01]
 [-1.23942727e-01 -1.14946869e-01]
 [-1.92305776e-01 -6.17594495e-02]
 [ 2.57122111e-01 -1.31479008e-02]
 [-4.41351410e-02  1.96345777e-02]
 [ 4.81459961e-02  2.05538121e-01]
 [-2.30863706e-01 -7.86212932e-02]
 [ 2.01860082e-01 -4.11016036e-02]
 [-2.88146917e-02 -3.98007196e-01]
 [ 4.08359288e-02 -2.52672690e-01]
 [-2.77396425e-01  1.30847716e-01]
 [ 6.92916335e-02  7.78044789e-01]
 [-2.90590079e-01  1.38179244e-01]
 [-4.09543320e-01 -1.19621135e-02]
 [-1.77900764e-01 -1.38714549e-01]
 [ 8.44117958e-02  4.06694144e-01]
 [ 2.17112475e-02  3.63746270e-01]
 [-1.95564914e-01 -2.97020604e-01]
 [-2.38784223e-01 -2.22506211e-01]
 [-2.02722718e-01 -1.45799300e-01]
 [-1.09267143e-01 -3.74316403e-01]
 [-6.89904924e-02  1.83151806e-02]
 [-6.40925675e-01  1.31252293e-01]
 [ 3.09533241e-01 -3.91580656e-01]
 [-1.64704036e-01  2.71833182e-01]
 [-4.98858263e-01  4.02080509e-02]
 [-1.03935875e-01 -1.15368178e-01]
 [ 1.29175912e-01  1.42608435e-01]
 [ 6.76804405e-02  5.55186149e-01]
 [-2.25271523e-02  3.93450403e-03]
 [ 3.88768429e-02  3.25673673e-02]
 [-1.19521190e-01 -1.77940949e-01]
 [ 1.06259608e-01  1.24631433e-02]
 [-5.64121577e-01  1.10820831e-01]
 [-7.59624531e-02 -2.95837407e-02]
 [-2.56483706e-01  5.39080942e-02]
 [ 1.25044309e-01 -1.20652757e-01]
 [-1.85985772e-01  1.96030110e-01]
 [ 7.02371282e-02  4.56229755e-01]
 [-2.90020572e-01  5.18746275e-02]
 [ 3.72633903e-02 -1.47900865e-02]
 [ 2.08896368e-01  1.78065568e-01]
 [-2.22477806e-01 -4.62782321e-02]
 [ 8.52769324e-01  2.35028559e-01]
 [ 5.61121641e-02 -2.75715807e-01]
 [ 5.24841899e-01 -6.85873220e-02]
 [ 1.29345803e-01  2.37626564e-02]
 [-1.79708168e-01  2.45577498e-01]
 [-3.61084579e-01  5.01650873e-02]
 [ 1.30008446e-01 -2.03768867e-01]
 [-5.60883766e-02  1.02533238e-01]
 [ 1.66933280e-01 -4.83719228e-01]
 [-4.08811793e-01 -2.36810090e-01]
 [ 3.36547134e-01  1.54500166e-01]
 [-6.27956821e-03 -4.66917672e-01]
 [-3.24704014e-01 -2.30683472e-01]
 [ 8.34029606e-02 -4.14356109e-01]
 [-1.65761982e-01  1.00850834e-01]
 [ 3.00364713e-01 -1.85532007e-02]
 [ 2.28253914e-01  2.18576252e-01]
 [ 5.48559287e-01  2.50224822e-01]
 [ 3.90825558e-01 -6.90675490e-02]
 [ 2.61833897e-02 -2.92044339e-01]
 [ 3.28920505e-01  8.37536090e-02]
 [-6.97877596e-02 -1.12039999e-01]
 [-1.90519933e-01  1.97377542e-01]
 [ 2.26499379e-01  1.05025367e-01]
 [ 3.10041007e-01  1.27561682e-01]
 [ 1.45086602e-01  4.44090431e-01]
 [ 9.08524909e-03  1.27266850e-01]
 [-4.58403019e-02  4.66198176e-01]
 [-2.30101887e-01 -3.64103737e-02]
 [ 9.64133623e-02 -1.33273462e-01]
 [-2.69308614e-02  1.63303740e-02]
 [-3.70690497e-01  4.12733502e-01]
 [-1.73434505e-01  2.87895083e-01]
 [ 5.75915729e-02 -5.95541379e-02]
 [ 4.17418359e-01 -3.50875913e-01]
 [-2.45832146e-02  1.62854754e-01]
 [-1.48227300e-01 -3.81550708e-01]
 [ 4.88699618e-01  1.35711706e-03]
 [-6.06027835e-02  4.35091626e-02]
 [ 3.64935284e-01  5.00317255e-01]
 [-1.79874306e-01 -1.35644585e-01]
 [-2.70132763e-01  4.22668158e-02]
 [-2.39367518e-01  1.25133800e-01]
 [-4.22443776e-02  5.77812164e-03]
 [ 2.17946915e-01 -1.09028506e-01]
 [-2.24521333e-01  2.48813403e-01]
 [-2.90224734e-01 -1.42801714e-02]
 [ 2.44640599e-01  1.34819639e-02]
 [-3.99840750e-03 -5.82822466e-02]
 [ 3.63044982e-02  3.31003339e-01]
 [-2.51637487e-01  2.49564571e-01]
 [-2.69526015e-01 -2.94224512e-01]
 [-2.40880837e-01 -4.29997612e-01]
 [ 2.28580920e-02 -9.42227096e-03]
 [-2.02074016e-02 -8.36096994e-02]
 [ 2.22453566e-02 -3.14625494e-02]
 [ 1.93006432e-01  2.06887092e-01]
 [ 3.41644356e-01 -1.02126384e-01]
 [-1.78215733e-01 -7.92779589e-02]
 [-4.75292327e-02  1.51447878e-01]
 [-2.15214049e-01 -3.23555230e-02]
 [-2.03994640e-01  1.00337835e-01]
 [ 2.57982201e-01 -3.57321847e-02]
 [ 2.27658297e-01 -3.15987435e-01]
 [ 3.68304881e-01 -5.05532601e-02]
 [ 2.43985449e-01  1.07836823e-01]
 [ 1.07160018e-01  1.60785318e-01]
 [-5.04148593e-02 -1.34814119e-01]
 [ 1.77137279e-01  2.46185198e-01]
 [ 2.93221054e-01 -1.72434313e-01]
 [-2.81933461e-02  3.10510509e-01]
 [ 1.80186308e-01  2.01164100e-01]
 [ 5.09084999e-02  1.31043884e-01]
 [ 3.27688580e-01  9.15642034e-02]
 [-9.48087840e-02 -4.21620327e-01]
 [-7.85624479e-02  1.29336451e-01]
 [-5.20025996e-02  8.25372517e-02]
 [-1.52994546e-01 -2.57003632e-01]
 [-1.49937688e-01  4.01737117e-02]
 [-2.80537210e-01 -2.67793385e-01]
 [ 8.00797210e-02  5.03294623e-01]
 [-2.48985330e-02 -1.40242230e-01]
 [ 2.16162885e-01  6.56140777e-02]
 [ 7.17530502e-04  9.57870523e-02]
 [ 2.95684282e-01  1.65549275e-01]
 [ 4.83133049e-01  1.09449205e-01]
 [ 4.63127159e-01 -9.62438453e-02]
 [-2.80843152e-01 -2.58849217e-01]
 [ 1.91781781e-02  6.53621274e-03]
 [-5.62918866e-02 -3.51290132e-01]
 [-1.69472448e-01 -2.70564297e-01]
 [ 1.40365994e-02 -1.48789688e-01]
 [-9.30021753e-03  1.02859551e-01]
 [-5.69495277e-02 -1.41562821e-01]
 [ 2.80490326e-01 -3.80979402e-01]
 [ 1.41725358e-01  9.53902840e-02]
 [-1.22471989e-01  6.11070299e-01]
 [ 2.39352457e-01  1.46190393e-01]
 [-3.92990890e-01 -2.14647346e-01]
 [-1.56139238e-01 -2.45001186e-01]
 [ 4.34013333e-01  3.02990438e-01]
 [ 6.32672768e-02 -5.61814209e-01]
 [-2.26574368e-01  1.46676703e-01]
 [ 1.06106246e-01  1.08145024e-01]
 [-1.78603143e-01  6.15833180e-02]
 [-4.00850145e-01 -2.27090840e-01]
 [ 2.11123809e-01  2.90489998e-01]
 [-4.44587514e-01 -8.12242870e-02]
 [-8.83341384e-02 -1.28649718e-01]
 [ 4.79324021e-02 -1.47017940e-01]
 [ 1.40191979e-01  7.96665909e-02]
 [ 3.75217746e-02 -1.29592797e-02]
 [-1.68173619e-01  1.05129835e-01]
 [-2.11730101e-01  3.96820440e-01]
 [ 1.66230742e-02  2.76751244e-01]
 [-1.85412534e-01 -3.30759460e-01]
 [ 2.09767674e-01 -1.59988064e-01]
 [ 2.58605077e-01  3.65667985e-01]
 [ 6.68697882e-02  1.09957713e-01]
 [-1.38050282e-01  1.56591048e-01]
 [-2.76881674e-02  7.34261141e-02]
 [-6.23270828e-02  2.56526457e-02]
 [-3.18889867e-01 -4.82090384e-01]
 [-2.64895200e-01 -3.68051052e-01]
 [ 6.77320249e-03 -2.67638648e-01]
 [-1.28434074e-01 -2.94842375e-01]
 [-1.64668086e-01  1.48022029e-01]]
States:
[[0.99992222 0.99995774 0.50060351 0.50625727 0.51305904 0.59747433]
 [0.99994223 0.99999705 0.50184255 0.50165296 0.52914796 0.53613089]
 [0.99994898 0.99999999 0.50230755 0.50008603 0.50334953 0.63714014]
 ...
 [0.98194157 0.7431558  0.64493535 0.92581817 0.40785416 0.41886036]
 [0.98595571 0.77196739 0.62918835 0.90819042 0.41170026 0.35225154]
 [0.98989678 0.80824698 0.61122729 0.88220483 0.38079524 0.27984301]]
Logstds:
[[-3. -3.]
 [-3. -3.]
 [-3. -3.]
 [-3. -3.]
 [-3. -3.]
 [-3. -3.]
 [-3. -3.]
 [-3. -3.]
 [-3. -3.]
 [-3. -3.]
 [-3. -3.]
 [-3. -3.]
 [-3. -3.]
 [-3. -3.]
 [-3. -3.]
 [-3. -3.]
 [-3. -3.]
 [-3. -3.]
 [-3. -3.]
 [-3. -3.]
 [-3. -3.]
 [-3. -3.]
 [-3. -3.]
 [-3. -3.]
 [-3. -3.]
 [-3. -3.]
 [-3. -3.]
 [-3. -3.]
 [-3. -3.]
 [-3. -3.]
 [-3. -3.]
 [-3. -3.]
 [-3. -3.]
 [-3. -3.]
 [-3. -3.]
 [-3. -3.]
 [-3. -3.]
 [-3. -3.]
 [-3. -3.]
 [-3. -3.]
 [-3. -3.]
 [-3. -3.]
 [-3. -3.]
 [-3. -3.]
 [-3. -3.]
 [-3. -3.]
 [-3. -3.]
 [-3. -3.]
 [-3. -3.]
 [-3. -3.]
 [-3. -3.]
 [-3. -3.]
 [-3. -3.]
 [-3. -3.]
 [-3. -3.]
 [-3. -3.]
 [-3. -3.]
 [-3. -3.]
 [-3. -3.]
 [-3. -3.]
 [-3. -3.]
 [-3. -3.]
 [-3. -3.]
 [-3. -3.]
 [-3. -3.]
 [-3. -3.]
 [-3. -3.]
 [-3. -3.]
 [-3. -3.]
 [-3. -3.]
 [-3. -3.]
 [-3. -3.]
 [-3. -3.]
 [-3. -3.]
 [-3. -3.]
 [-3. -3.]
 [-3. -3.]
 [-3. -3.]
 [-3. -3.]
 [-3. -3.]
 [-3. -3.]
 [-3. -3.]
 [-3. -3.]
 [-3. -3.]
 [-3. -3.]
 [-3. -3.]
 [-3. -3.]
 [-3. -3.]
 [-3. -3.]
 [-3. -3.]
 [-3. -3.]
 [-3. -3.]
 [-3. -3.]
 [-3. -3.]
 [-3. -3.]
 [-3. -3.]
 [-3. -3.]
 [-3. -3.]
 [-3. -3.]
 [-3. -3.]
 [-3. -3.]
 [-3. -3.]
 [-3. -3.]
 [-3. -3.]
 [-3. -3.]
 [-3. -3.]
 [-3. -3.]
 [-3. -3.]
 [-3. -3.]
 [-3. -3.]
 [-3. -3.]
 [-3. -3.]
 [-3. -3.]
 [-3. -3.]
 [-3. -3.]
 [-3. -3.]
 [-3. -3.]
 [-3. -3.]
 [-3. -3.]
 [-3. -3.]
 [-3. -3.]
 [-3. -3.]
 [-3. -3.]
 [-3. -3.]
 [-3. -3.]
 [-3. -3.]
 [-3. -3.]
 [-3. -3.]
 [-3. -3.]
 [-3. -3.]
 [-3. -3.]
 [-3. -3.]
 [-3. -3.]
 [-3. -3.]
 [-3. -3.]
 [-3. -3.]
 [-3. -3.]
 [-3. -3.]
 [-3. -3.]
 [-3. -3.]
 [-3. -3.]
 [-3. -3.]
 [-3. -3.]
 [-3. -3.]
 [-3. -3.]
 [-3. -3.]
 [-3. -3.]
 [-3. -3.]
 [-3. -3.]
 [-3. -3.]
 [-3. -3.]
 [-3. -3.]
 [-3. -3.]
 [-3. -3.]
 [-3. -3.]
 [-3. -3.]
 [-3. -3.]
 [-3. -3.]
 [-3. -3.]
 [-3. -3.]
 [-3. -3.]
 [-3. -3.]
 [-3. -3.]
 [-3. -3.]
 [-3. -3.]
 [-3. -3.]
 [-3. -3.]
 [-3. -3.]
 [-3. -3.]
 [-3. -3.]
 [-3. -3.]
 [-3. -3.]
 [-3. -3.]
 [-3. -3.]
 [-3. -3.]
 [-3. -3.]
 [-3. -3.]
 [-3. -3.]
 [-3. -3.]
 [-3. -3.]
 [-3. -3.]
 [-3. -3.]
 [-3. -3.]
 [-3. -3.]
 [-3. -3.]
 [-3. -3.]
 [-3. -3.]
 [-3. -3.]
 [-3. -3.]
 [-3. -3.]
 [-3. -3.]
 [-3. -3.]
 [-3. -3.]
 [-3. -3.]
 [-3. -3.]
 [-3. -3.]
 [-3. -3.]
 [-3. -3.]
 [-3. -3.]
 [-3. -3.]]
