Baseline:
[1.5557983 1.5380992 1.551152  1.5217787 1.525977  1.5401343 1.5587026
 1.5407757 1.546983  1.540003  1.5137583 1.5060971 1.5263543 1.499688
 1.4748973 1.4510018 1.4448466 1.4387788 1.464935  1.4722623 1.4536386
 1.4213728 1.4342138 1.4343089 1.4302033 1.4459437 1.4257952 1.4006267
 1.3822156 1.3783879 1.3430166 1.3322045 1.3365035 1.3429538 1.3797795
 1.3543073 1.343764  1.320922  1.3104365 1.2700318 1.2430916 1.2535743
 1.2569577 1.2543856 1.2169778 1.1843269 1.1519364 1.1337328 1.1369303
 1.1452519 1.155985  1.1532444 1.1338261 1.1449604 1.1183099 1.1402965
 1.1881789 1.193823  1.1874121 1.21818   1.2393653 1.2761021 1.296221
 1.296839  1.3023148 1.2891091 1.2656505 1.2677531 1.2572418 1.240662
 1.2777551 1.255339  1.2571796 1.2815865 1.2923998 1.3232335 1.3072633
 1.3152467 1.3188845 1.3201109 1.3188423 1.3147758 1.3327557 1.3220817
 1.3261791 1.2999649 1.2905656 1.2964034 1.2552952 1.2239907 1.237827
 1.2596856 1.2604071 1.284524  1.303639  1.3109771 1.326865  1.3335437
 1.3366709 1.3083253 1.3749247 1.3717355 1.3818945 1.3752524 1.3868295
 1.3641076 1.3652236 1.3766478 1.393377  1.3698218 1.3887233 1.351245
 1.3460747 1.3235401 1.2888862 1.2749197 1.2866582 1.2417905 1.2731084
 1.2618946 1.258811  1.228062  1.2386893 1.2865989 1.331709  1.3461154
 1.3261243 1.2850379 1.2688724 1.3006235 1.286932  1.3228369 1.3258778
 1.3167366 1.3032656 1.2860562 1.2958597 1.3037049 1.3100891 1.2756478
 1.2790288 1.2921048 1.2796762 1.2780646 1.2963076 1.3068606 1.2853122
 1.305294  1.3052754 1.2991248 1.311869  1.3128091 1.3100127 1.3017138
 1.3083087 1.3150963 1.3368666 1.362178  1.3707952 1.3629168 1.3319991
 1.2930545 1.2697335 1.292312  1.290362  1.2899975 1.2905716 1.2963063
 1.3130203 1.3057693 1.2997675 1.3107134 1.3276452 1.3398627 1.346224
 1.3613429 1.373243  1.3828523 1.409135  1.4021133 1.42453   1.3911239
 1.3936206 1.4015744 1.4112773 1.422254  1.4259719 1.3967546 1.4312264
 1.4475007 1.4697033 1.4921788 1.4726979 1.4741184 1.4714892 1.479198
 1.5046965 1.5180304 1.5000501 1.5335697 1.5335697]
Returns:
[8.6825297  8.68405112 8.6396264  8.59650874 8.59354082 8.55163922
 8.42811072 8.41288084 8.37982699 8.30557236 8.23173749 8.22713537
 8.13425257 7.96856694 7.90959457 7.79020941 7.4229524  7.36825797
 7.17093195 7.06434552 6.96345027 6.77209109 6.64411802 6.49146172
 6.40555014 6.23009156 6.03748346 5.92664299 5.82686465 5.73976108
 5.5264509  5.35516102 5.20114956 5.04820749 4.73354029 4.51215088
 4.38780314 4.27003998 4.18357153 3.88176399 3.83351809 3.54369508
 3.40988698 3.28806168 3.25363786 3.27726096 3.31718015 3.35853378
 3.38648226 3.34602042 3.35414637 3.42767735 3.48688644 3.55075786
 3.45832207 3.56710411 3.42522315 3.56140655 3.64934243 3.6329396
 3.76066003 3.6502356  3.63906334 3.68477516 3.79792055 3.89429405
 3.85690253 4.01113534 4.08641782 3.99485064 3.76393545 3.7980764
 3.87758397 3.80074337 3.91877617 3.8283271  3.65106336 3.66380278
 3.76901913 3.88759607 4.01749373 3.99475296 4.01869739 4.11317717
 4.25563039 4.32171814 4.46600636 4.57901844 4.42221952 4.36679916
 4.47670539 4.59324557 4.68608373 4.70034138 4.76551638 4.911157
 5.00954442 5.15828658 5.32608824 5.13036482 4.48073931 4.6491369
 4.75046252 4.90555122 5.0085399  5.07353542 5.23905821 5.33032149
 5.32362656 5.50551638 5.58293719 5.69353092 5.89967389 6.04472551
 6.18389371 6.37520455 6.3987882  6.13794326 5.44115618 5.58994999
 5.71885626 5.81258427 5.79947433 5.6240547  5.43868256 5.48316323
 5.53642369 5.49895381 5.56464508 5.47404443 5.56150799 5.4865352
 5.51533085 5.54142987 5.51625138 5.5766199  5.50435237 5.5489698
 5.59513518 5.45263488 5.51239115 5.54190146 5.65669303 5.69555475
 5.71713295 5.78108019 5.7799387  5.67634156 5.76707987 5.77236889
 5.82702459 5.95176472 6.0288654  6.1127514  6.10575981 6.157871
 6.00349519 5.97559625 6.06671465 6.16760581 6.07168278 5.93807055
 5.99685058 5.79033604 5.80572749 5.85360039 5.91699268 5.950328
 5.92781175 5.97681975 6.04890051 6.03901163 6.01101835 6.04549089
 6.09851884 6.04822535 6.01010398 6.01907452 5.94447352 5.86192782
 5.71447373 5.45118546 5.38742893 5.28187494 5.17741942 5.05967705
 4.95653176 4.67317731 4.25396713 4.04207916 3.74012145 3.46705505
 3.18875978 2.97911773 2.49020781 2.12871422 1.71122189 1.37872641
 0.96795962 0.423576  ]
Advants:
[4.87374693 4.92205085 4.89435648 4.91250744 4.93973195 4.91925962
 4.81138623 4.85130554 4.8512232  4.82438426 4.8192024  4.86837722
 4.80178228 4.70897343 4.72388177 4.67871047 4.36104542 4.3580521
 4.17717859 4.10598019 4.06751814 3.95104594 3.8521288  3.74011914
 3.69999547 3.54811626 3.41299216 3.36518657 3.32239472 3.278405
 3.13759567 3.01244722 2.88757937 2.75954893 2.4312187  2.25437802
 2.15775548 2.07854402 2.01725921 1.76372191 1.75029298 1.44924715
 1.30700938 1.17859183 1.17172316 1.21904561 1.28387742 1.33716179
 1.35587095 1.29902251 1.2875824  1.35662772 1.42984488 1.47834205
 1.40592097 1.48819971 1.28766575 1.41055446 1.4995167  1.44504411
 1.54695011 1.39021409 1.34756471 1.3817274  1.48086469 1.58457365
 1.5638395  1.71329409 1.79883784 1.72125996 1.44215143 1.48841187
 1.55730718 1.44340942 1.54021724 1.40388462 1.22127087 1.20303759
 1.28280991 1.38012617 1.49360824 1.45516561 1.43986231 1.52518855
 1.64630679 1.72275759 1.86399682 1.96097712 1.83064594 1.78989652
 1.87088718 1.95213319 2.03251878 2.0096243  2.04296294 2.17173792
 2.24644985 2.38445606 2.54982062 2.37801506 1.63483376 1.78247481
 1.85047532 1.99206861 2.0644544  2.13423809 2.28426819 2.35097516
 2.31257587 2.5081238  2.55771291 2.70067345 2.91297542 3.08681762
 3.27280456 3.49763167 3.53105859 3.33182167 2.59936431 2.75959754
 2.89591447 3.02893694 3.01373899 2.79276939 2.55771941 2.58376718
 2.65491455 2.65635948 2.73839138 2.61244549 2.71282894 2.59768458
 2.61960579 2.65177567 2.63637425 2.71234291 2.62598718 2.6592471
 2.69644693 2.58224491 2.63369728 2.64529761 2.77120676 2.81150902
 2.81476186 2.86971802 2.89245107 2.76757427 2.85972978 2.87304092
 2.91827963 3.04951915 3.13996049 3.24643889 3.24794348 3.31104541
 3.14874424 3.1089127  3.20848381 3.33914159 3.29587862 3.22187752
 3.32894478 3.1198596  3.15944956 3.23332266 3.32590313 3.38665514
 3.38218699 3.47790934 3.60123193 3.62884668 3.63510912 3.71360034
 3.82273708 3.82309338 3.84289634 3.91801025 3.89621238 3.90417542
 3.81964988 3.67527369 3.69976131 3.68121382 3.66657448 3.64187122
 3.6445796  3.50148803 3.15428007 3.03460539 2.81814888 2.63034531
 2.48044256 2.38104189 2.00089539 1.73545015 1.39135442 1.1421489
 0.84206951 0.34689748]
Mus:
[[-1.82833765e-02 -6.49336493e-03]
 [-1.84095167e-02 -6.65925862e-03]
 [-1.82846040e-02 -6.52077654e-03]
 [-1.84832048e-02 -6.96740439e-03]
 [-1.86253395e-02 -7.07272347e-03]
 [-1.84493642e-02 -6.88966177e-03]
 [-1.78467967e-02 -6.33582054e-03]
 [-1.79409124e-02 -6.36732159e-03]
 [-1.81923788e-02 -6.23990688e-03]
 [-1.91159621e-02 -7.23091327e-03]
 [-1.88577641e-02 -7.58582167e-03]
 [-1.83164496e-02 -7.43237324e-03]
 [-1.88056640e-02 -7.85306841e-03]
 [-1.67898219e-02 -6.82744384e-03]
 [-1.55882584e-02 -6.49491791e-03]
 [-1.48734963e-02 -6.90846425e-03]
 [-1.38939647e-02 -5.91503037e-03]
 [-1.36770299e-02 -6.22767117e-03]
 [-1.43831279e-02 -6.42927131e-03]
 [-1.50722507e-02 -7.04999920e-03]
 [-1.34546626e-02 -6.44159131e-03]
 [-1.14992941e-02 -5.63865807e-03]
 [-1.19754802e-02 -6.01225439e-03]
 [-1.21059632e-02 -6.72020158e-03]
 [-1.04276016e-02 -5.96018694e-03]
 [-9.94928926e-03 -5.56619512e-03]
 [-8.24701972e-03 -4.66158893e-03]
 [-6.78983610e-03 -4.49603656e-03]
 [-5.64894406e-03 -4.56241192e-03]
 [-4.54520993e-03 -4.21370566e-03]
 [-2.27544620e-03 -3.92245641e-03]
 [-1.01936562e-03 -3.08250892e-03]
 [-1.39158964e-03 -2.84605403e-03]
 [-8.09192425e-04 -3.10167181e-03]
 [-2.08919821e-03 -3.24511947e-03]
 [-8.07960285e-04 -2.44099507e-03]
 [-5.62826928e-04 -2.07198341e-03]
 [ 9.29211907e-04 -1.40922714e-03]
 [ 7.05440354e-04 -1.16065005e-03]
 [ 2.03215051e-03 -3.49447393e-04]
 [ 3.32008908e-03  8.94580662e-05]
 [ 5.04247437e-04 -1.00112802e-05]
 [-1.20211230e-03 -2.36445296e-04]
 [-1.92355947e-03 -1.49896350e-05]
 [-1.53585323e-04  9.73574875e-04]
 [ 2.27095094e-03  1.56393298e-03]
 [ 4.57929866e-03  2.36384687e-03]
 [ 6.61973329e-03  2.87145749e-03]
 [ 7.44194165e-03  3.72616295e-03]
 [ 7.21086143e-03  3.52742081e-03]
 [ 9.62973479e-03  5.05016977e-03]
 [ 1.00816898e-02  5.00795292e-03]
 [ 1.19593749e-02  5.78515930e-03]
 [ 1.12265134e-02  5.11032809e-03]
 [ 1.13803241e-02  5.17171575e-03]
 [ 1.19365565e-02  5.34663210e-03]
 [ 1.45163704e-02  6.85720146e-03]
 [ 1.48845427e-02  7.03827292e-03]
 [ 1.55200372e-02  7.42423069e-03]
 [ 1.46657880e-02  6.54883916e-03]
 [ 1.30740041e-02  5.35646221e-03]
 [ 1.54138021e-02  6.80080056e-03]
 [ 1.78854596e-02  8.39165132e-03]
 [ 1.90701075e-02  9.30030085e-03]
 [ 1.90817323e-02  9.21481941e-03]
 [ 1.73888020e-02  8.07562564e-03]
 [ 1.38633288e-02  5.90250315e-03]
 [ 1.32963117e-02  5.64195123e-03]
 [ 1.01626096e-02  3.81087558e-03]
 [ 1.24447374e-02  5.40922955e-03]
 [ 1.65436082e-02  8.08569416e-03]
 [ 1.57735217e-02  7.65535934e-03]
 [ 1.72160305e-02  8.62831902e-03]
 [ 1.63669474e-02  7.93940760e-03]
 [ 1.68357305e-02  8.23719520e-03]
 [ 1.91038791e-02  9.65210330e-03]
 [ 2.09751967e-02  1.08960988e-02]
 [ 2.16224752e-02  1.13318171e-02]
 [ 1.98646206e-02  9.92905721e-03]
 [ 1.90171860e-02  9.33237281e-03]
 [ 1.81067958e-02  8.73778947e-03]
 [ 1.99299566e-02  1.00162523e-02]
 [ 2.13371087e-02  1.10251913e-02]
 [ 2.01267526e-02  1.00302473e-02]
 [ 2.05347538e-02  1.02915950e-02]
 [ 1.91932265e-02  9.43583902e-03]
 [ 1.92242004e-02  9.51123144e-03]
 [ 1.86600424e-02  8.96953978e-03]
 [ 1.52181275e-02  6.89121941e-03]
 [ 1.34092411e-02  6.00699708e-03]
 [ 1.30053340e-02  5.74043626e-03]
 [ 1.40068317e-02  6.29458437e-03]
 [ 1.36988992e-02  6.29731407e-03]
 [ 1.55548407e-02  7.52000650e-03]
 [ 1.75469778e-02  8.70337151e-03]
 [ 1.81992948e-02  9.12392884e-03]
 [ 1.99190173e-02  1.01644667e-02]
 [ 2.07739510e-02  1.06392065e-02]
 [ 1.99022591e-02  1.00185219e-02]
 [ 2.10345369e-02  1.08673470e-02]
 [ 2.30149589e-02  1.22825494e-02]
 [ 2.29150075e-02  1.21997027e-02]
 [ 2.28512380e-02  1.25608481e-02]
 [ 2.24691313e-02  1.20302746e-02]
 [ 2.13847421e-02  1.18794944e-02]
 [ 1.92515831e-02  1.01317661e-02]
 [ 1.75554864e-02  9.51356906e-03]
 [ 1.56967975e-02  8.65059532e-03]
 [ 1.29311187e-02  7.06443563e-03]
 [ 1.02316663e-02  5.73405018e-03]
 [ 8.91612004e-03  5.36218379e-03]
 [ 5.29109174e-03  3.59516405e-03]
 [ 2.03201151e-03  2.26512877e-03]
 [-9.42494313e-04  1.02851971e-03]
 [-3.45277251e-03 -5.51110657e-04]
 [-6.70168782e-03 -2.29139160e-03]
 [-6.74258452e-03 -1.82796817e-03]
 [-1.19005647e-02 -4.96066129e-03]
 [-9.68134869e-03 -2.86252913e-03]
 [-1.17701218e-02 -3.66790779e-03]
 [-1.37172304e-02 -4.40870645e-03]
 [-1.51575562e-02 -4.91478574e-03]
 [-1.93994604e-02 -7.12299207e-03]
 [-2.10564397e-02 -7.67530594e-03]
 [-2.27111708e-02 -8.10667034e-03]
 [-2.49942001e-02 -8.73048697e-03]
 [-2.77027488e-02 -9.51546244e-03]
 [-3.12833451e-02 -1.10318270e-02]
 [-3.23626325e-02 -1.12254340e-02]
 [-3.24234553e-02 -1.08225970e-02]
 [-3.45777646e-02 -1.16468491e-02]
 [-3.61798890e-02 -1.21915489e-02]
 [-3.58906239e-02 -1.17274765e-02]
 [-3.91047634e-02 -1.32991504e-02]
 [-4.19573635e-02 -1.48219839e-02]
 [-4.10906784e-02 -1.44317467e-02]
 [-3.91750522e-02 -1.32175861e-02]
 [-3.84478010e-02 -1.27156889e-02]
 [-4.02275361e-02 -1.36348745e-02]
 [-3.87300700e-02 -1.30477985e-02]
 [-3.88281792e-02 -1.30148567e-02]
 [-3.88891436e-02 -1.29843708e-02]
 [-3.95512581e-02 -1.34387687e-02]
 [-4.26550619e-02 -1.49882557e-02]
 [-4.29847874e-02 -1.51087698e-02]
 [-4.31564115e-02 -1.51736140e-02]
 [-4.16913368e-02 -1.45752002e-02]
 [-4.50335108e-02 -1.62438117e-02]
 [-4.44343984e-02 -1.59348305e-02]
 [-4.74500358e-02 -1.77490618e-02]
 [-4.79652211e-02 -1.81048010e-02]
 [-4.81289886e-02 -1.84016488e-02]
 [-4.72598709e-02 -1.80801693e-02]
 [-4.61968668e-02 -1.77193061e-02]
 [-4.49177399e-02 -1.70450322e-02]
 [-4.43533249e-02 -1.67966783e-02]
 [-4.24834266e-02 -1.57085471e-02]
 [-4.25958037e-02 -1.57249328e-02]
 [-4.23247889e-02 -1.56032620e-02]
 [-4.24585305e-02 -1.57949850e-02]
 [-4.11596410e-02 -1.54053578e-02]
 [-3.81476395e-02 -1.46006979e-02]
 [-3.82642373e-02 -1.49192158e-02]
 [-4.13610972e-02 -1.58864670e-02]
 [-4.27243561e-02 -1.67449880e-02]
 [-4.22822908e-02 -1.66325103e-02]
 [-4.24946100e-02 -1.68887582e-02]
 [-4.34188955e-02 -1.75238326e-02]
 [-4.40415852e-02 -1.80714428e-02]
 [-4.22366075e-02 -1.74065959e-02]
 [-4.11947146e-02 -1.72098186e-02]
 [-4.04225588e-02 -1.69959608e-02]
 [-3.93053070e-02 -1.65845118e-02]
 [-3.88276316e-02 -1.66398138e-02]
 [-3.75923403e-02 -1.64211411e-02]
 [-3.51808630e-02 -1.53266815e-02]
 [-3.57010290e-02 -1.60506610e-02]
 [-3.32902744e-02 -1.50903435e-02]
 [-3.30754407e-02 -1.53372092e-02]
 [-2.89229322e-02 -1.35803623e-02]
 [-2.66267080e-02 -1.24219330e-02]
 [-2.30784360e-02 -1.12948474e-02]
 [-2.17180345e-02 -1.09777683e-02]
 [-2.11313050e-02 -1.10672787e-02]
 [-1.92196816e-02 -1.02534154e-02]
 [-1.81040838e-02 -1.00795189e-02]
 [-1.58855878e-02 -9.16824862e-03]
 [-1.16952443e-02 -7.40020955e-03]
 [-1.11105479e-02 -6.67042797e-03]
 [-9.82428156e-03 -5.89891803e-03]
 [-9.00290348e-03 -5.15421061e-03]
 [-9.20542050e-03 -5.31998603e-03]
 [-7.71007268e-03 -4.66793776e-03]
 [-7.26257823e-03 -4.55937209e-03]
 [-7.45398877e-03 -3.84432753e-03]
 [-7.00581400e-03 -4.17839363e-03]
 [-7.49984570e-03 -4.48818086e-03]
 [-7.27847824e-03 -4.41052997e-03]
 [-7.17414776e-03 -4.88906354e-03]
 [-6.57124259e-03 -4.38481569e-03]]
Actions:
[[-1.50308812e-01 -9.77624106e-02]
 [ 1.35704375e-01  6.38109873e-02]
 [-3.28078543e-01 -8.21673479e-02]
 [ 4.38619882e-02  5.09512548e-02]
 [ 1.61703854e-01  5.56053454e-02]
 [ 2.59760922e-01  1.32773638e-02]
 [-1.10036145e-01 -1.55433498e-01]
 [ 1.45460472e-01 -4.53081072e-02]
 [-3.15623891e-01  2.26984542e-01]
 [-3.54092360e-01 -2.38956425e-03]
 [-3.28686346e-02 -5.54684098e-02]
 [ 3.13874658e-02  2.85026957e-01]
 [-3.41925380e-03 -3.85037411e-01]
 [-1.49293436e-01 -1.81605291e-01]
 [-3.91351967e-01  1.12098783e-01]
 [ 3.34284446e-01 -3.78435748e-01]
 [-1.23962267e-01  1.30076910e-01]
 [ 2.40494427e-01  2.17210663e-01]
 [-7.54150355e-02  2.45660301e-01]
 [-8.64175779e-02 -1.85130224e-01]
 [-1.28004147e-01 -3.48408265e-01]
 [ 7.14294482e-02  2.20177784e-01]
 [-1.94218546e-01  2.77908737e-01]
 [ 3.87139483e-02 -1.14506043e-01]
 [ 2.01792847e-01  5.42864953e-02]
 [-3.43570424e-02 -3.28051521e-01]
 [-2.48370959e-01 -6.49882569e-02]
 [-2.52766793e-01  4.71167398e-02]
 [-1.64836978e-02  6.05752618e-04]
 [-4.15064636e-01 -1.96580634e-01]
 [ 9.51546797e-02 -2.44919454e-01]
 [ 1.93346445e-01 -4.49524824e-02]
 [-1.34904293e-01  3.20671405e-01]
 [ 3.44750936e-01  2.71674881e-01]
 [-6.69600416e-02 -3.96052318e-01]
 [ 3.05659127e-02 -1.81101405e-01]
 [-1.31324317e-01 -2.56069054e-01]
 [ 3.73973754e-02 -1.70901927e-01]
 [-1.62707880e-01 -4.97438418e-01]
 [-1.63966531e-01 -9.49849969e-02]
 [ 4.27199490e-01 -1.13664653e-01]
 [ 2.89166961e-01  9.74259758e-02]
 [ 2.88429115e-01 -2.27002406e-02]
 [-3.21428471e-02 -2.77214107e-01]
 [-2.54442041e-01  9.51903049e-02]
 [-2.21784413e-01 -6.73753309e-03]
 [-2.01775653e-01  1.78723163e-01]
 [ 2.16019582e-01  3.32970570e-02]
 [ 6.77248334e-03  3.72244058e-01]
 [ 2.54858955e-01 -7.79805461e-02]
 [-1.20192679e-01  1.54018597e-01]
 [-1.58866128e-01 -2.40394415e-01]
 [-7.99807590e-02  2.52934021e-01]
 [-4.03611637e-01 -3.22405999e-01]
 [ 1.64249980e-02  1.49398229e-01]
 [ 4.44175511e-01  1.93886981e-01]
 [-4.35688113e-02 -1.14725829e-02]
 [-1.37514755e-01 -1.79126886e-01]
 [-4.23460342e-02 -3.70846155e-01]
 [-2.42689116e-02 -6.97330716e-02]
 [ 4.15173388e-01  2.04832900e-01]
 [ 3.43051494e-01 -8.60936152e-02]
 [ 1.41440687e-01 -2.30786345e-01]
 [ 5.22195260e-02  1.22781251e-01]
 [-2.34042810e-01  1.05632023e-01]
 [-4.50857658e-01  1.26209982e-01]
 [-3.59372012e-02  5.77190238e-02]
 [-3.12155991e-01  1.57780244e-01]
 [-8.35921797e-03 -4.91582149e-01]
 [ 5.58658011e-01 -1.92445774e-01]
 [-2.80399673e-01 -2.06540384e-01]
 [ 9.11225426e-02 -2.10254794e-01]
 [ 3.81320302e-02  4.62381383e-01]
 [ 1.04048562e-01  6.29757736e-02]
 [ 4.47774602e-01  1.03446619e-01]
 [ 5.15635339e-02 -5.33684495e-01]
 [ 1.33847121e-01 -2.99982227e-01]
 [-1.58129861e-01 -3.69296822e-02]
 [-5.52717680e-02  1.59893790e-01]
 [-7.08810875e-02  1.18925521e-01]
 [ 1.83002324e-01 -3.50599717e-01]
 [ 3.26023313e-01 -2.87774219e-02]
 [-1.88025497e-01  1.72203802e-01]
 [ 1.16960939e-01  1.47576368e-02]
 [-2.98963659e-01 -1.49834408e-01]
 [-5.59049881e-02 -1.50488301e-01]
 [-2.58754261e-02  2.47969741e-01]
 [-5.92535219e-01 -8.88884520e-02]
 [-4.28287040e-01 -2.74571547e-01]
 [ 5.43711824e-03 -2.58953101e-01]
 [ 1.77251081e-01  1.54728638e-01]
 [-5.79303332e-02 -3.00134850e-01]
 [ 2.86627887e-01 -2.77073090e-01]
 [ 2.83620168e-01 -1.64508835e-01]
 [ 1.17730298e-01 -1.49719308e-01]
 [ 2.85195962e-01 -6.02917683e-02]
 [ 1.40137658e-01 -1.70683443e-01]
 [-3.22650821e-02  2.18369821e-01]
 [-8.68733414e-02 -6.14868366e-01]
 [ 7.90854697e-01  4.32780512e-01]
 [ 3.90812148e-02  5.18578559e-03]
 [ 2.54026288e-01 -6.91537184e-02]
 [-2.82597384e-02  1.58200106e-01]
 [ 2.71396642e-01  9.82893438e-02]
 [-2.70465241e-01  2.62352498e-01]
 [ 1.47328809e-01  8.55967608e-02]
 [ 2.18704395e-01  2.50573509e-01]
 [ 1.59948058e-01  4.20660160e-01]
 [-1.28389028e-01 -1.18386322e-01]
 [ 3.15217585e-01  8.98087247e-02]
 [-2.24290523e-01 -2.68247249e-01]
 [ 5.65830533e-02 -1.01353038e-01]
 [ 5.42654025e-03 -2.67257673e-01]
 [-3.25409165e-01 -1.23141872e-01]
 [-2.17475695e-01  2.43701513e-02]
 [ 3.69491161e-01 -9.68051271e-02]
 [-7.44831160e-01  2.03645549e-02]
 [ 8.44439559e-01 -2.02284868e-01]
 [ 1.11240003e-02 -8.09639682e-02]
 [ 3.60773779e-02 -1.86245308e-02]
 [-1.14574619e-01 -2.52165898e-01]
 [-2.74819644e-01  2.95785797e-01]
 [ 3.11845082e-01  3.65500311e-01]
 [ 3.58820466e-01  3.08580187e-01]
 [ 1.62261385e-01  2.06266679e-02]
 [-7.60711186e-02 -2.52803872e-01]
 [-3.87945780e-01 -2.88224885e-01]
 [-4.16180166e-02 -2.06332226e-01]
 [ 3.00466764e-01  1.28996943e-01]
 [-1.84184414e-01 -1.05201629e-01]
 [ 1.38536822e-01  2.94786481e-01]
 [ 1.03825750e-01 -1.13175144e-01]
 [-3.93455578e-01  7.92755983e-02]
 [-4.48095264e-01  3.64789009e-02]
 [-1.09508758e-01 -2.09667771e-01]
 [ 2.89089275e-01 -1.04853913e-01]
 [ 1.09035843e-01 -1.19420368e-02]
 [-1.70944626e-01  2.08797355e-01]
 [-2.33133092e-01 -4.72328700e-01]
 [ 2.14316113e-02  7.29932115e-02]
 [ 6.85834939e-02  1.81503055e-01]
 [-1.99912838e-01 -4.65702082e-02]
 [-2.12138955e-01  2.52529305e-01]
 [ 1.30529369e-01  1.76577102e-01]
 [ 5.79799047e-02  7.32303585e-02]
 [-1.28588893e-01 -3.44910224e-01]
 [-7.82849462e-02  4.35868131e-01]
 [ 4.60920806e-02 -8.64659335e-02]
 [-3.99944067e-01  1.89392308e-01]
 [ 3.52837435e-02  1.44152763e-01]
 [-9.04254137e-02  3.21554244e-02]
 [ 7.52405859e-03 -1.05675248e-01]
 [-4.47136244e-02 -1.42164701e-01]
 [ 1.84659354e-01 -6.56763655e-02]
 [ 8.52120451e-02  1.69538785e-02]
 [ 3.72083850e-01 -7.23267436e-03]
 [ 1.50092178e-01  2.01425916e-01]
 [ 6.97274290e-03  9.56524557e-03]
 [-1.92872776e-01 -7.50771265e-02]
 [-2.83309066e-01 -3.97213877e-01]
 [-3.42580790e-01 -4.13760021e-01]
 [-2.24724484e-01 -2.02283792e-02]
 [ 2.90099366e-01  3.00744411e-01]
 [-1.80330520e-01  1.91036271e-01]
 [ 2.21950036e-02  8.73478357e-03]
 [-4.41199662e-02  8.43182859e-02]
 [-7.13540402e-02  1.76684983e-01]
 [ 5.28914759e-03  2.57163715e-01]
 [-3.65286905e-02 -1.41963850e-01]
 [-1.38863991e-01 -4.26717385e-02]
 [ 1.05728122e-01  9.47576771e-02]
 [ 1.51590838e-01  1.08011807e-01]
 [-1.92121771e-02  1.30816760e-01]
 [-8.49340996e-02  4.85723710e-02]
 [ 1.81245007e-01 -3.01901732e-02]
 [-2.31812859e-01  2.14718672e-01]
 [ 4.12792237e-02 -5.31126892e-02]
 [-2.21471405e-02  2.63502805e-01]
 [-4.56439549e-02 -2.97003414e-01]
 [ 2.29503321e-01 -1.17986945e-02]
 [-4.05361206e-01 -3.68924671e-01]
 [-6.78035171e-02  4.23873509e-02]
 [-7.12040084e-02  1.71054811e-01]
 [ 9.95253912e-02  1.28330295e-02]
 [-3.08530842e-02  1.76898250e-01]
 [ 1.73300937e-02 -2.52975986e-02]
 [-2.14662452e-01 -4.26116005e-01]
 [ 4.22033636e-01  1.23670268e-01]
 [ 1.82815268e-01 -1.13576134e-02]
 [ 2.76794275e-01 -1.28118599e-02]
 [ 1.14545052e-01  2.34972904e-01]
 [-1.82833303e-01 -2.64361225e-01]
 [-3.66212187e-02  2.27722220e-02]
 [ 2.09851997e-01 -4.08993111e-01]
 [-9.97412887e-02  3.22028032e-01]
 [ 1.40552356e-01  2.95549197e-01]
 [ 5.35499917e-02  1.07980257e-01]
 [-3.81633033e-01  2.27162926e-02]
 [ 2.92992891e-01  1.92345593e-01]
 [-1.96353468e-01  1.81582436e-01]]
States:
[[0.99975007 0.99790509 0.5256363  0.4559908  0.51300233 0.59717004]
 [0.99983662 0.99771657 0.52256015 0.45405724 0.47446966 0.57156576]
 [0.99990891 0.99745514 0.51926948 0.45150427 0.510032   0.58878101]
 ...
 [0.72632579 0.9753706  0.05592576 0.35068483 0.558534   0.75267508]
 [0.72573714 0.98243376 0.0556209  0.37347828 0.45976418 0.75558779]
 [0.72362585 0.98915575 0.05453561 0.40027713 0.53594375 0.80282786]]
Logstds:
[[-3. -3.]
 [-3. -3.]
 [-3. -3.]
 [-3. -3.]
 [-3. -3.]
 [-3. -3.]
 [-3. -3.]
 [-3. -3.]
 [-3. -3.]
 [-3. -3.]
 [-3. -3.]
 [-3. -3.]
 [-3. -3.]
 [-3. -3.]
 [-3. -3.]
 [-3. -3.]
 [-3. -3.]
 [-3. -3.]
 [-3. -3.]
 [-3. -3.]
 [-3. -3.]
 [-3. -3.]
 [-3. -3.]
 [-3. -3.]
 [-3. -3.]
 [-3. -3.]
 [-3. -3.]
 [-3. -3.]
 [-3. -3.]
 [-3. -3.]
 [-3. -3.]
 [-3. -3.]
 [-3. -3.]
 [-3. -3.]
 [-3. -3.]
 [-3. -3.]
 [-3. -3.]
 [-3. -3.]
 [-3. -3.]
 [-3. -3.]
 [-3. -3.]
 [-3. -3.]
 [-3. -3.]
 [-3. -3.]
 [-3. -3.]
 [-3. -3.]
 [-3. -3.]
 [-3. -3.]
 [-3. -3.]
 [-3. -3.]
 [-3. -3.]
 [-3. -3.]
 [-3. -3.]
 [-3. -3.]
 [-3. -3.]
 [-3. -3.]
 [-3. -3.]
 [-3. -3.]
 [-3. -3.]
 [-3. -3.]
 [-3. -3.]
 [-3. -3.]
 [-3. -3.]
 [-3. -3.]
 [-3. -3.]
 [-3. -3.]
 [-3. -3.]
 [-3. -3.]
 [-3. -3.]
 [-3. -3.]
 [-3. -3.]
 [-3. -3.]
 [-3. -3.]
 [-3. -3.]
 [-3. -3.]
 [-3. -3.]
 [-3. -3.]
 [-3. -3.]
 [-3. -3.]
 [-3. -3.]
 [-3. -3.]
 [-3. -3.]
 [-3. -3.]
 [-3. -3.]
 [-3. -3.]
 [-3. -3.]
 [-3. -3.]
 [-3. -3.]
 [-3. -3.]
 [-3. -3.]
 [-3. -3.]
 [-3. -3.]
 [-3. -3.]
 [-3. -3.]
 [-3. -3.]
 [-3. -3.]
 [-3. -3.]
 [-3. -3.]
 [-3. -3.]
 [-3. -3.]
 [-3. -3.]
 [-3. -3.]
 [-3. -3.]
 [-3. -3.]
 [-3. -3.]
 [-3. -3.]
 [-3. -3.]
 [-3. -3.]
 [-3. -3.]
 [-3. -3.]
 [-3. -3.]
 [-3. -3.]
 [-3. -3.]
 [-3. -3.]
 [-3. -3.]
 [-3. -3.]
 [-3. -3.]
 [-3. -3.]
 [-3. -3.]
 [-3. -3.]
 [-3. -3.]
 [-3. -3.]
 [-3. -3.]
 [-3. -3.]
 [-3. -3.]
 [-3. -3.]
 [-3. -3.]
 [-3. -3.]
 [-3. -3.]
 [-3. -3.]
 [-3. -3.]
 [-3. -3.]
 [-3. -3.]
 [-3. -3.]
 [-3. -3.]
 [-3. -3.]
 [-3. -3.]
 [-3. -3.]
 [-3. -3.]
 [-3. -3.]
 [-3. -3.]
 [-3. -3.]
 [-3. -3.]
 [-3. -3.]
 [-3. -3.]
 [-3. -3.]
 [-3. -3.]
 [-3. -3.]
 [-3. -3.]
 [-3. -3.]
 [-3. -3.]
 [-3. -3.]
 [-3. -3.]
 [-3. -3.]
 [-3. -3.]
 [-3. -3.]
 [-3. -3.]
 [-3. -3.]
 [-3. -3.]
 [-3. -3.]
 [-3. -3.]
 [-3. -3.]
 [-3. -3.]
 [-3. -3.]
 [-3. -3.]
 [-3. -3.]
 [-3. -3.]
 [-3. -3.]
 [-3. -3.]
 [-3. -3.]
 [-3. -3.]
 [-3. -3.]
 [-3. -3.]
 [-3. -3.]
 [-3. -3.]
 [-3. -3.]
 [-3. -3.]
 [-3. -3.]
 [-3. -3.]
 [-3. -3.]
 [-3. -3.]
 [-3. -3.]
 [-3. -3.]
 [-3. -3.]
 [-3. -3.]
 [-3. -3.]
 [-3. -3.]
 [-3. -3.]
 [-3. -3.]
 [-3. -3.]
 [-3. -3.]
 [-3. -3.]
 [-3. -3.]
 [-3. -3.]
 [-3. -3.]
 [-3. -3.]
 [-3. -3.]
 [-3. -3.]
 [-3. -3.]
 [-3. -3.]]
