Baseline:
[1.2736777  1.2820971  1.2887949  1.2866663  1.2615029  1.2705188
 1.246534   1.212777   1.1974747  1.1833436  1.1965796  1.2008811
 1.2020854  1.2059805  1.2058568  1.224351   1.2496727  1.2331902
 1.236703   1.20635    1.2294371  1.2402649  1.245571   1.2536488
 1.2537746  1.2769579  1.2638053  1.2602767  1.2694677  1.2805701
 1.2541987  1.256091   1.2491266  1.2395958  1.2303683  1.2139896
 1.2117761  1.2216889  1.2211407  1.2591237  1.265502   1.2672564
 1.2662487  1.259401   1.2546457  1.249381   1.2703768  1.2557328
 1.2489239  1.2594688  1.248233   1.2479087  1.2804625  1.2642065
 1.2817582  1.2926215  1.3066876  1.325252   1.3401877  1.323063
 1.3496606  1.36579    1.3545102  1.3409535  1.330294   1.3194383
 1.3015535  1.2688421  1.2511698  1.2460551  1.2248925  1.215606
 1.1844817  1.1765639  1.1857861  1.1923497  1.1970284  1.1788629
 1.1702161  1.1391702  1.1356932  1.1305352  1.1250991  1.1007301
 1.1005691  1.0846982  1.0716743  1.085298   1.1167339  1.1234713
 1.1162934  1.0875839  1.0468965  1.0344673  1.0273005  1.0489651
 1.0418859  1.0324558  1.0425552  1.0469958  1.0681447  1.0795519
 1.0408288  1.034583   0.9997794  1.0237539  1.0098563  1.0253497
 1.0731643  1.083459   1.0976619  1.0814174  1.0895169  1.0981748
 1.0869857  1.0958065  1.0990287  1.1045364  1.0954436  1.0984666
 1.1083456  1.0956849  1.1002649  1.1334262  1.1352421  1.1343299
 1.1772598  1.1619266  1.1351153  1.1427742  1.1275495  1.1114243
 1.1039726  1.1099069  1.1291229  1.1488738  1.1340367  1.1581744
 1.09767    1.072146   1.078643   1.0769726  1.0872172  1.0866784
 1.100599   1.0890774  1.0948199  1.0750676  1.072399   1.0644457
 1.0589222  1.0637211  1.0719999  1.0469034  1.0174721  1.0128845
 1.0075685  0.9989583  0.9568879  0.9637954  0.9324504  0.9145238
 0.924473   0.9287002  0.9300258  0.9431309  0.94149953 0.97575223
 0.95445263 0.9559711  0.9813397  1.0035973  1.0025994  1.0076656
 1.0450729  1.0651098  1.0292467  1.0461355  1.0581203  1.0743276
 1.0999357  1.088492   1.111555   1.1137846  1.1423625  1.1484529
 1.1663816  1.2079654  1.231166   1.2241322  1.2324253  1.2471148
 1.2561432  1.2677269  1.2279611  1.2457024  1.2479172  1.2238129
 1.2095779  1.2093781  1.2093781 ]
Returns:
[4.35469164 4.39776008 4.45728577 4.52584223 4.49712077 4.52579012
 4.52125878 4.40449616 4.30976167 4.3705273  4.37845836 4.44862414
 4.51281146 4.59153123 4.68715268 4.68585487 4.65621668 4.68932352
 4.7834228  4.63843343 4.60269571 4.63075004 4.59560744 4.18135233
 4.11766217 4.06928389 4.09141081 4.14139038 4.18969236 4.20869665
 4.17708391 4.11123207 4.1545424  4.20243296 4.2455373  4.19402768
 4.22199351 4.21629335 4.26241481 4.12046301 4.06065068 4.11421836
 4.17769715 4.20975218 4.2614215  4.32062958 4.3278273  4.22116753
 4.26215934 4.29681877 4.32685743 4.38925478 4.30102455 4.33277857
 4.15883265 4.15785957 4.16189301 4.05031562 3.95716259 3.9309736
 3.71147302 3.45314167 3.47195485 3.48140092 3.2828813  3.26777795
 3.19011988 3.16266796 3.10475148 3.14038918 3.09659451 3.11009676
 2.96081299 2.97127649 2.9830702  2.93673177 2.96634343 2.91822164
 2.99519086 2.88224665 2.8705385  2.96391628 3.06526106 3.06185596
 3.12812008 3.20384573 3.01022591 2.9880393  2.84882714 2.90204781
 3.0058451  3.02700335 3.04486613 3.12281915 3.20695346 3.14580133
 3.25135308 3.15243746 3.23800446 3.26791856 3.18893188 3.2653449
 3.10527229 3.15188489 2.97249415 2.8846595  2.88792494 2.92047071
 2.71530916 2.77183968 2.74343511 2.72134909 2.7327941  2.65375648
 2.69339107 2.74613925 2.78570523 2.84716344 2.83819582 2.90560404
 2.95713761 3.00418693 3.06113865 2.90048978 2.91630158 2.99265984
 2.59671792 2.65893462 2.65020709 2.65845486 2.63114022 2.60433012
 2.65287939 2.69441426 2.70579897 2.48496807 2.57539712 2.48824017
 2.57949872 2.63110915 2.70128824 2.78700398 2.863473   2.91908757
 2.92074567 3.03666691 3.14661878 3.19749932 3.31474039 3.36010304
 3.46364388 3.32824215 3.44525509 3.50326067 3.52007803 3.61826033
 3.64693545 3.78890369 3.69577845 3.81173205 3.78757131 3.8147266
 3.91961964 4.00752835 4.1174396  4.05109286 4.092495   4.13642812
 4.0367981  3.77602563 3.71522069 3.74730412 3.64766796 3.6922167
 3.61711289 3.44526996 2.97420616 2.95025425 2.98900315 3.02624266
 3.01631443 2.94486875 2.9331954  2.95987598 2.70253211 2.67516697
 2.68981677 2.66537472 2.69713824 2.47357173 2.28599575 2.22985202
 2.1457985  2.12387649 1.59387706 1.44281275 1.30919103 1.14609569
 0.92222998 0.55936265]
Advants:
[1.92058084 1.95273662 2.00449276 2.07620086 2.07364296 2.09498948
 2.11688189 2.03395593 1.95215347 2.0267943  2.02104776 2.0884697
 2.15509111 2.23617811 2.34168048 2.33186457 2.28603104 2.34705773
 2.45285749 2.35118506 2.30460907 2.3356607  2.30896376 1.88849247
 1.82472269 1.75099822 1.78502162 1.83882155 1.87945873 1.88926123
 1.88592044 1.81814351 1.86993764 1.93078362 1.9884504  1.95802221
 1.99423839 1.98469381 2.03939208 1.86260482 1.79778277 1.85268363
 1.92251502 1.96842129 2.03419114 2.11079925 2.10974343 2.02870972
 2.08990632 2.12930377 2.18843956 2.27248385 2.17110339 2.24165472
 2.06869601 2.07661171 2.08770363 1.97646071 1.88553807 1.89482173
 1.66102326 1.39142157 1.42771825 1.45816463 1.2725721  1.27065376
 1.21155969 1.21771886 1.17720631 1.21892789 1.19664759 1.22052286
 1.09988801 1.11615165 1.11650445 1.05955871 1.08087453 1.04606646
 1.12906533 1.04179404 1.02747759 1.12245717 1.22868157 1.24968994
 1.31821749 1.4149286  1.23429743 1.19734151 1.02017222 1.06101647
 1.16930448 1.2177985  1.27666878 1.37019351 1.46772873 1.38911577
 1.50979201 1.42626953 1.51054224 1.54635881 1.45435034 1.53018608
 1.416836   1.48001015 1.34214576 1.23417399 1.256032   1.27870689
 1.02400817 1.06980475 1.02540282 1.01743302 1.01857278 0.92577116
 0.97262573 1.01360457 1.04787248 1.10330072 1.10286306 1.16862864
 1.21306954 1.27765008 1.33692691 1.144616   1.1606717  1.24256725
 0.79514117 0.86580647 0.87697858 0.87008506 0.8495015  0.82926886
 0.87664097 0.90397853 0.88693827 0.62892214 0.71852455 0.58678963
 0.72106474 0.78160705 0.82925347 0.90194037 0.95426153 0.99706402
 0.96993403 1.0851844  1.17938562 1.24134227 1.35554515 1.40431712
 1.51182357 1.3655962  1.47115301 1.55337736 1.60010377 1.70657073
 1.74562514 1.90635518 1.86473779 1.98739775 2.00957789 2.07232733
 2.18938017 2.29964215 2.44043091 2.39346824 2.47308944 2.52277378
 2.48543249 2.25951032 2.21013872 2.26020546 2.2021853  2.28696719
 2.22013469 2.07189026 1.67058233 1.66525834 1.73139267 1.79579932
 1.80623349 1.79426225 1.81057393 1.89117782 1.65734953 1.6793904
 1.73623404 1.73341054 1.81082463 1.66231138 1.53419827 1.53470244
 1.51615603 1.56249907 1.14375437 1.04730684 0.9857913  0.92315361
 0.78989728 0.49889374]
Mus:
[[-1.71140209e-02 -5.84505871e-03]
 [-1.70539115e-02 -5.77249471e-03]
 [-1.70154031e-02 -5.73637988e-03]
 [-1.74606945e-02 -6.10008417e-03]
 [-1.68148931e-02 -5.80022717e-03]
 [-1.67625248e-02 -5.63235348e-03]
 [-1.66951660e-02 -5.96732320e-03]
 [-1.62110757e-02 -6.38234289e-03]
 [-1.54446745e-02 -6.95665693e-03]
 [-1.37349395e-02 -6.51916629e-03]
 [-1.35164941e-02 -6.56728912e-03]
 [-1.28826527e-02 -6.54399116e-03]
 [-1.16274785e-02 -6.05776953e-03]
 [-1.08271101e-02 -5.99528151e-03]
 [-9.45521239e-03 -5.75074553e-03]
 [-8.81205127e-03 -5.37029654e-03]
 [-8.95051658e-03 -5.44198975e-03]
 [-6.22504437e-03 -4.37421817e-03]
 [-5.08229900e-03 -3.95892328e-03]
 [-1.16565486e-03 -2.09204177e-03]
 [-1.60916743e-03 -2.05207523e-03]
 [-1.61594094e-03 -1.82146172e-03]
 [-1.60798186e-03 -2.57113250e-03]
 [-2.65017268e-03 -4.54843743e-03]
 [ 6.94755348e-04 -2.56758952e-03]
 [ 4.09234228e-04 -3.07090092e-03]
 [ 3.20191495e-03 -1.81047630e-03]
 [ 5.25418017e-03 -9.04675282e-04]
 [ 6.21880451e-03 -4.55746340e-04]
 [ 7.13506667e-03  2.80090579e-04]
 [ 8.90806131e-03  1.09111052e-03]
 [ 1.06144398e-02  2.56988755e-03]
 [ 1.13752931e-02  2.87948386e-03]
 [ 1.22845983e-02  3.31059401e-03]
 [ 1.31570185e-02  3.60260950e-03]
 [ 1.47781931e-02  4.94123204e-03]
 [ 1.56134190e-02  5.61432820e-03]
 [ 1.56320035e-02  6.11977372e-03]
 [ 1.58095099e-02  6.05244050e-03]
 [ 1.42006939e-02  5.60458470e-03]
 [ 1.39245577e-02  4.60661482e-03]
 [ 1.39340730e-02  4.48246766e-03]
 [ 1.43950302e-02  4.89096204e-03]
 [ 1.48929972e-02  5.41393459e-03]
 [ 1.49964970e-02  5.66732185e-03]
 [ 1.51124094e-02  5.63089410e-03]
 [ 1.47801405e-02  5.30953147e-03]
 [ 1.44250160e-02  5.97367063e-03]
 [ 1.40458271e-02  5.93552645e-03]
 [ 1.40011329e-02  5.53697161e-03]
 [ 1.38541935e-02  5.66735445e-03]
 [ 1.37607036e-02  5.46639273e-03]
 [ 1.30844712e-02  5.22069540e-03]
 [ 1.30652860e-02  4.94225137e-03]
 [ 1.20651349e-02  5.38818818e-03]
 [ 1.10392300e-02  5.24438638e-03]
 [ 1.07032647e-02  4.74141259e-03]
 [ 9.43663530e-03  3.54279112e-03]
 [ 8.01743660e-03  3.17941746e-03]
 [ 7.42322113e-03  3.36757186e-03]
 [ 4.86838399e-03  2.24874145e-03]
 [ 3.87617340e-03  2.64852890e-03]
 [ 1.77359988e-03  1.88371714e-03]
 [-3.69747082e-04  1.31788396e-03]
 [-3.30858002e-03  7.53538450e-04]
 [-7.09048286e-03 -4.77817754e-04]
 [-1.11705465e-02 -2.51619145e-03]
 [-1.37953302e-02 -3.29324394e-03]
 [-1.42831458e-02 -2.87863775e-03]
 [-1.57911703e-02 -3.25621990e-03]
 [-1.87304802e-02 -4.52010427e-03]
 [-1.90015044e-02 -4.24095802e-03]
 [-2.05059983e-02 -5.02806623e-03]
 [-2.02185418e-02 -4.58153104e-03]
 [-2.08210088e-02 -4.84156143e-03]
 [-2.27851477e-02 -5.97961899e-03]
 [-2.33757477e-02 -6.16970519e-03]
 [-2.59274524e-02 -7.60557177e-03]
 [-2.72649638e-02 -8.28026049e-03]
 [-2.53594220e-02 -6.96362881e-03]
 [-2.79400963e-02 -8.47145543e-03]
 [-2.87760757e-02 -8.83430615e-03]
 [-3.02168746e-02 -9.51643009e-03]
 [-2.75529008e-02 -8.14389996e-03]
 [-2.63315812e-02 -7.49069592e-03]
 [-2.73802616e-02 -8.05622712e-03]
 [-2.35788450e-02 -5.89262322e-03]
 [-2.56034322e-02 -7.12162443e-03]
 [-2.90475879e-02 -8.68962426e-03]
 [-3.18180993e-02 -1.00307697e-02]
 [-3.17021385e-02 -9.92445182e-03]
 [-3.05031687e-02 -9.33548529e-03]
 [-3.03967725e-02 -9.43802670e-03]
 [-2.79201809e-02 -8.20119120e-03]
 [-2.64955442e-02 -7.54964026e-03]
 [-2.91783791e-02 -8.73565488e-03]
 [-2.89814249e-02 -8.64809379e-03]
 [-2.52905153e-02 -6.75330451e-03]
 [-2.59290580e-02 -7.09894253e-03]
 [-2.45210864e-02 -6.23336108e-03]
 [-2.34027933e-02 -5.48432954e-03]
 [-2.30450463e-02 -5.26815234e-03]
 [-2.00238116e-02 -3.66633967e-03]
 [-1.77277811e-02 -2.42603337e-03]
 [-1.53532727e-02 -1.45893940e-03]
 [-1.36585264e-02 -3.43267748e-04]
 [-1.17048621e-02  4.61984338e-04]
 [-1.01351002e-02  1.34102895e-03]
 [-1.13926074e-02  6.68013352e-04]
 [-1.12653878e-02  6.80381316e-04]
 [-1.31660914e-02 -4.09250089e-04]
 [-1.30380513e-02 -5.19519614e-04]
 [-1.15564242e-02  3.48883594e-04]
 [-1.42912399e-02 -1.22798397e-03]
 [-1.39998915e-02 -1.14912202e-03]
 [-1.52032617e-02 -1.72138924e-03]
 [-1.41225811e-02 -1.12114276e-03]
 [-1.47140762e-02 -1.40443153e-03]
 [-1.61944684e-02 -2.28487141e-03]
 [-1.62117984e-02 -2.21216050e-03]
 [-1.67421401e-02 -2.38029193e-03]
 [-1.54395150e-02 -1.78087305e-03]
 [-1.69548485e-02 -2.57964176e-03]
 [-2.10728385e-02 -4.67680534e-03]
 [-1.94841251e-02 -3.80635867e-03]
 [-2.00213883e-02 -4.13986435e-03]
 [-2.01762691e-02 -4.53301426e-03]
 [-1.88659783e-02 -3.78058944e-03]
 [-2.03489512e-02 -4.55373945e-03]
 [-1.87404398e-02 -3.77428369e-03]
 [-1.61077250e-02 -2.22486584e-03]
 [-1.77531112e-02 -3.26965912e-03]
 [-1.96885467e-02 -4.32529300e-03]
 [-2.21802182e-02 -5.73496008e-03]
 [-2.26093158e-02 -6.02732785e-03]
 [-1.97027121e-02 -4.40208940e-03]
 [-1.92156024e-02 -4.16870974e-03]
 [-1.76606383e-02 -3.58616468e-03]
 [-1.37326764e-02 -1.25412515e-03]
 [-1.36083001e-02 -1.12719508e-03]
 [-1.27071915e-02 -6.60241465e-04]
 [-1.15213702e-02 -2.53277813e-05]
 [-1.10961180e-02  2.26194952e-05]
 [-1.17162745e-02 -5.36093896e-04]
 [-1.14448704e-02 -5.18588233e-04]
 [-1.03428392e-02  1.70633182e-04]
 [-9.24738031e-03  7.39866169e-04]
 [-9.27630067e-03  6.68217312e-04]
 [-8.64228047e-03  1.03613036e-03]
 [-9.38263815e-03  2.90550728e-04]
 [-1.06472159e-02 -4.64193436e-04]
 [-1.53668495e-02 -3.02828709e-03]
 [-1.72629710e-02 -3.87505372e-03]
 [-1.91204939e-02 -4.88048606e-03]
 [-2.00092550e-02 -5.57312975e-03]
 [-2.09781677e-02 -5.88766718e-03]
 [-2.30788905e-02 -6.95009856e-03]
 [-2.49853116e-02 -7.87772238e-03]
 [-2.47383416e-02 -8.09017848e-03]
 [-2.77737398e-02 -9.41885263e-03]
 [-2.25472711e-02 -7.38156540e-03]
 [-1.72811076e-02 -5.40645141e-03]
 [-1.62394922e-02 -5.05622989e-03]
 [-1.28310751e-02 -3.73198884e-03]
 [-9.36288666e-03 -2.59519159e-03]
 [-4.95442143e-03 -5.44989947e-04]
 [-1.14738743e-03  6.94458955e-04]
 [-1.54422608e-03  1.81976691e-04]
 [ 3.55196814e-03  2.20043422e-03]
 [ 5.10488916e-03  1.86277763e-03]
 [ 7.42572360e-03  2.63679400e-03]
 [ 9.84946545e-03  3.18783754e-03]
 [ 1.14078028e-02  2.99449940e-03]
 [ 1.30664874e-02  3.71210277e-03]
 [ 1.26556084e-02  3.27257044e-03]
 [ 1.13814296e-02  1.81367667e-03]
 [ 1.49091519e-02  4.14863182e-03]
 [ 1.51075311e-02  4.49397974e-03]
 [ 1.49741555e-02  4.41401033e-03]
 [ 1.47480993e-02  4.21464536e-03]
 [ 1.33710355e-02  3.48275923e-03]
 [ 1.46541959e-02  4.70973458e-03]
 [ 1.61686763e-02  5.99637255e-03]
 [ 1.55632934e-02  5.92540111e-03]
 [ 1.83680672e-02  8.35688692e-03]
 [ 1.67270061e-02  7.56310765e-03]
 [ 1.71215851e-02  8.28678254e-03]
 [ 1.65772717e-02  8.44023284e-03]
 [ 1.54431127e-02  8.35221261e-03]
 [ 1.48350494e-02  8.43073335e-03]
 [ 1.36612821e-02  8.44535232e-03]
 [ 1.14002032e-02  7.72041269e-03]
 [ 7.62972469e-03  5.79009298e-03]
 [ 5.80371404e-03  4.97121830e-03]
 [ 7.29314145e-03  5.25611034e-03]
 [ 5.09158149e-03  4.38708905e-03]
 [ 1.05537812e-03  2.21534842e-03]
 [-2.32922169e-03  3.26251553e-04]
 [-2.37140805e-03  2.48842494e-04]
 [-4.13948111e-03 -2.39066532e-04]]
Actions:
[[ 0.08313236  0.07570873]
 [ 0.04314118  0.07425083]
 [-0.13065753  0.0791197 ]
 [-0.17294725 -0.29437636]
 [ 0.15683438  0.01322037]
 [-0.33154239 -0.08213951]
 [-0.47373907 -0.10923217]
 [-0.41181855  0.23253585]
 [-0.08626076 -0.08504499]
 [ 0.15343034  0.16853974]
 [ 0.03574489  0.09872109]
 [ 0.05477897 -0.02473939]
 [-0.03922207  0.09751281]
 [-0.08774414  0.05957751]
 [ 0.21685538  0.11767507]
 [ 0.21069345  0.23047463]
 [-0.13299566 -0.19888228]
 [ 0.02954425  0.02533352]
 [-0.08798541 -0.45134579]
 [ 0.25568063  0.14475494]
 [ 0.15782497  0.01962881]
 [-0.22399866  0.27907449]
 [-0.48675186  0.55210535]
 [ 0.19787138 -0.23717418]
 [ 0.01198177  0.3377137 ]
 [-0.07505901 -0.1784097 ]
 [-0.01139196 -0.06360018]
 [ 0.06894602  0.07423668]
 [ 0.20640308  0.01621263]
 [-0.185994   -0.24914529]
 [ 0.27920834 -0.17734056]
 [-0.05820189 -0.05133428]
 [-0.05552542 -0.08972697]
 [-0.11477124 -0.05058451]
 [ 0.10273086 -0.29392683]
 [ 0.08595221 -0.11948371]
 [ 0.22488762 -0.06271585]
 [-0.07237852  0.01522514]
 [ 0.3525358   0.27523734]
 [-0.24393348  0.28968201]
 [-0.03140362  0.0696352 ]
 [ 0.07469127 -0.04447191]
 [ 0.06203167 -0.13574712]
 [ 0.04179327 -0.08979965]
 [-0.06519728 -0.02777724]
 [ 0.09807492  0.25629067]
 [ 0.19978503 -0.33445695]
 [ 0.00062722 -0.10035746]
 [-0.06018021  0.18904878]
 [ 0.00177505 -0.15980093]
 [-0.06370799  0.03112039]
 [ 0.25081626  0.30515625]
 [-0.19925771 -0.07415841]
 [ 0.46995486 -0.04628324]
 [ 0.20063987  0.04121674]
 [-0.00929646  0.2538353 ]
 [-0.05828854  0.42840508]
 [ 0.28851463  0.2470442 ]
 [ 0.08468285 -0.20498813]
 [ 0.28586483  0.44069096]
 [ 0.51259349  0.03686291]
 [-0.06471753 -0.0260088 ]
 [ 0.05143922 -0.07973228]
 [ 0.43435185 -0.07822788]
 [-0.21324494  0.04662367]
 [-0.29491182  0.18338835]
 [-0.16804657 -0.19465631]
 [ 0.08582076 -0.26181887]
 [-0.00968724 -0.02216471]
 [-0.31878531  0.00463215]
 [ 0.07731244 -0.10747097]
 [-0.46215261 -0.08012859]
 [ 0.08008282 -0.14021023]
 [ 0.04719953  0.18002789]
 [-0.14003457  0.31241397]
 [ 0.08953433  0.16094946]
 [-0.36497524  0.09815393]
 [-0.09837737  0.08331211]
 [ 0.06020275 -0.43505676]
 [-0.25473287  0.2121518 ]
 [-0.02442175  0.03878962]
 [-0.07011727  0.05948649]
 [ 0.04980351 -0.32549455]
 [ 0.15932013 -0.05484738]
 [-0.21199115 -0.07467494]
 [ 0.34092969 -0.39261093]
 [-0.15576235  0.3085818 ]
 [ 0.08557439  0.45596744]
 [-0.07529769  0.21480111]
 [ 0.04235306 -0.0524085 ]
 [-0.10046843 -0.29575073]
 [-0.36240398  0.03279844]
 [ 0.0963768  -0.10656562]
 [ 0.01946082 -0.15513544]
 [ 0.08397173  0.3800305 ]
 [-0.03880639  0.08595656]
 [ 0.25800566 -0.3430522 ]
 [-0.01713558  0.13398347]
 [ 0.23773021 -0.06016357]
 [ 0.35782418  0.14301851]
 [ 0.08007867  0.1227448 ]
 [-0.08260282 -0.49945368]
 [ 0.11622109 -0.15078426]
 [-0.33049329 -0.41054167]
 [ 0.35273444  0.07806252]
 [-0.16640695 -0.22396623]
 [ 0.14426123  0.00278702]
 [ 0.08537523  0.49335291]
 [-0.03217799  0.07496833]
 [-0.15904834  0.27756451]
 [-0.29930034 -0.15664768]
 [ 0.18892176 -0.0849494 ]
 [-0.29055963  0.27158744]
 [-0.14155728 -0.12036291]
 [-0.02366233  0.10765195]
 [ 0.13208109 -0.05934967]
 [-0.01624154  0.0575633 ]
 [-0.303255    0.01457377]
 [ 0.07121063 -0.01738128]
 [ 0.10139219  0.06942868]
 [-0.05757712 -0.18049883]
 [-0.12290588  0.10462045]
 [ 0.03559338  0.47973573]
 [ 0.21377495 -0.02929841]
 [-0.04825009  0.06394891]
 [ 0.29115022  0.60045995]
 [ 0.05379822 -0.11850138]
 [-0.31280199 -0.1346962 ]
 [ 0.22684846  0.11308041]
 [ 0.22060202 -0.23898259]
 [-0.36737156  0.00473006]
 [-0.24128234  0.02364035]
 [-0.1696823   0.18642875]
 [ 0.16058362  0.2410486 ]
 [ 0.51473472  0.12428896]
 [-0.04946177 -0.12571906]
 [ 0.27399353  0.3026272 ]
 [ 0.00569452 -0.14393067]
 [-0.23951045 -0.09567728]
 [ 0.08872918  0.10330945]
 [ 0.03457383 -0.1353122 ]
 [ 0.01013979  0.16786948]
 [-0.17033955  0.16736342]
 [ 0.08373282  0.30222285]
 [ 0.00459477  0.09141079]
 [ 0.10948905  0.0206267 ]
 [-0.22672115 -0.21780057]
 [ 0.01037293 -0.11379251]
 [-0.28440172  0.14777584]
 [-0.17710283  0.08309551]
 [-0.33921258  0.41361156]
 [ 0.02707013  0.14184852]
 [-0.31412067 -0.14916127]
 [-0.40408781  0.01824396]
 [ 0.00767765  0.1989371 ]
 [-0.15988808  0.30854616]
 [-0.13479465 -0.03541744]
 [-0.44858293 -0.28459858]
 [ 0.04896483  0.09392447]
 [-0.12441366 -0.40252006]
 [-0.08750126 -0.32823077]
 [ 0.10417512 -0.00407714]
 [ 0.10522098 -0.13295219]
 [-0.05928409 -0.08098822]
 [ 0.29711706 -0.27416532]
 [-0.20525793 -0.14224105]
 [ 0.1131829   0.18993358]
 [-0.2253634  -0.35060077]
 [-0.57514729  0.14971792]
 [ 0.321502    0.04383915]
 [ 0.02382142  0.14263482]
 [-0.32560268  0.2115311 ]
 [ 0.02748902 -0.0094445 ]
 [ 0.18576388  0.3324754 ]
 [-0.15067649  0.4692903 ]
 [-0.33692306 -0.59642252]
 [ 0.2164087  -0.00070522]
 [-0.08167533  0.05142515]
 [-0.04348878  0.1373255 ]
 [-0.0329568   0.29170581]
 [-0.2077101  -0.27426782]
 [ 0.23718548 -0.09219965]
 [-0.1980181  -0.01995727]
 [ 0.36539356 -0.35894885]
 [-0.27082141  0.08442511]
 [ 0.04280915 -0.16394659]
 [ 0.22271002  0.14119212]
 [ 0.09049048  0.02902674]
 [-0.20848405 -0.42026087]
 [ 0.0494753  -0.40490769]
 [ 0.02223378 -0.18418961]
 [-0.24426611  0.23096375]
 [-0.02106427 -0.08163862]
 [-0.39575997 -0.56304539]
 [ 0.20727199 -0.16398634]
 [-0.06726654  0.28054975]
 [-0.30485363  0.16924752]
 [ 0.06800381 -0.32316214]
 [ 0.31727193 -0.30664406]
 [ 0.29543391 -0.51574565]]
States:
[[0.99957976 0.99998928 0.53040198 0.50315162 0.51307772 0.59721969]
 [0.99951041 0.99997655 0.53205481 0.50466159 0.5343931  0.61705056]
 [0.99931245 0.99991044 0.53621312 0.50910912 0.5450313  0.636111  ]
 ...
 [0.52220135 0.99643012 1.         0.4425894  0.         0.18267997]
 [0.60011686 0.98296216 1.         0.37536473 0.01994178 0.10619056]
 [0.66685861 0.95504835 0.98930116 0.30023189 0.11107681 0.03552134]]
Logstds:
[[-3. -3.]
 [-3. -3.]
 [-3. -3.]
 [-3. -3.]
 [-3. -3.]
 [-3. -3.]
 [-3. -3.]
 [-3. -3.]
 [-3. -3.]
 [-3. -3.]
 [-3. -3.]
 [-3. -3.]
 [-3. -3.]
 [-3. -3.]
 [-3. -3.]
 [-3. -3.]
 [-3. -3.]
 [-3. -3.]
 [-3. -3.]
 [-3. -3.]
 [-3. -3.]
 [-3. -3.]
 [-3. -3.]
 [-3. -3.]
 [-3. -3.]
 [-3. -3.]
 [-3. -3.]
 [-3. -3.]
 [-3. -3.]
 [-3. -3.]
 [-3. -3.]
 [-3. -3.]
 [-3. -3.]
 [-3. -3.]
 [-3. -3.]
 [-3. -3.]
 [-3. -3.]
 [-3. -3.]
 [-3. -3.]
 [-3. -3.]
 [-3. -3.]
 [-3. -3.]
 [-3. -3.]
 [-3. -3.]
 [-3. -3.]
 [-3. -3.]
 [-3. -3.]
 [-3. -3.]
 [-3. -3.]
 [-3. -3.]
 [-3. -3.]
 [-3. -3.]
 [-3. -3.]
 [-3. -3.]
 [-3. -3.]
 [-3. -3.]
 [-3. -3.]
 [-3. -3.]
 [-3. -3.]
 [-3. -3.]
 [-3. -3.]
 [-3. -3.]
 [-3. -3.]
 [-3. -3.]
 [-3. -3.]
 [-3. -3.]
 [-3. -3.]
 [-3. -3.]
 [-3. -3.]
 [-3. -3.]
 [-3. -3.]
 [-3. -3.]
 [-3. -3.]
 [-3. -3.]
 [-3. -3.]
 [-3. -3.]
 [-3. -3.]
 [-3. -3.]
 [-3. -3.]
 [-3. -3.]
 [-3. -3.]
 [-3. -3.]
 [-3. -3.]
 [-3. -3.]
 [-3. -3.]
 [-3. -3.]
 [-3. -3.]
 [-3. -3.]
 [-3. -3.]
 [-3. -3.]
 [-3. -3.]
 [-3. -3.]
 [-3. -3.]
 [-3. -3.]
 [-3. -3.]
 [-3. -3.]
 [-3. -3.]
 [-3. -3.]
 [-3. -3.]
 [-3. -3.]
 [-3. -3.]
 [-3. -3.]
 [-3. -3.]
 [-3. -3.]
 [-3. -3.]
 [-3. -3.]
 [-3. -3.]
 [-3. -3.]
 [-3. -3.]
 [-3. -3.]
 [-3. -3.]
 [-3. -3.]
 [-3. -3.]
 [-3. -3.]
 [-3. -3.]
 [-3. -3.]
 [-3. -3.]
 [-3. -3.]
 [-3. -3.]
 [-3. -3.]
 [-3. -3.]
 [-3. -3.]
 [-3. -3.]
 [-3. -3.]
 [-3. -3.]
 [-3. -3.]
 [-3. -3.]
 [-3. -3.]
 [-3. -3.]
 [-3. -3.]
 [-3. -3.]
 [-3. -3.]
 [-3. -3.]
 [-3. -3.]
 [-3. -3.]
 [-3. -3.]
 [-3. -3.]
 [-3. -3.]
 [-3. -3.]
 [-3. -3.]
 [-3. -3.]
 [-3. -3.]
 [-3. -3.]
 [-3. -3.]
 [-3. -3.]
 [-3. -3.]
 [-3. -3.]
 [-3. -3.]
 [-3. -3.]
 [-3. -3.]
 [-3. -3.]
 [-3. -3.]
 [-3. -3.]
 [-3. -3.]
 [-3. -3.]
 [-3. -3.]
 [-3. -3.]
 [-3. -3.]
 [-3. -3.]
 [-3. -3.]
 [-3. -3.]
 [-3. -3.]
 [-3. -3.]
 [-3. -3.]
 [-3. -3.]
 [-3. -3.]
 [-3. -3.]
 [-3. -3.]
 [-3. -3.]
 [-3. -3.]
 [-3. -3.]
 [-3. -3.]
 [-3. -3.]
 [-3. -3.]
 [-3. -3.]
 [-3. -3.]
 [-3. -3.]
 [-3. -3.]
 [-3. -3.]
 [-3. -3.]
 [-3. -3.]
 [-3. -3.]
 [-3. -3.]
 [-3. -3.]
 [-3. -3.]
 [-3. -3.]
 [-3. -3.]
 [-3. -3.]
 [-3. -3.]
 [-3. -3.]
 [-3. -3.]
 [-3. -3.]
 [-3. -3.]
 [-3. -3.]
 [-3. -3.]
 [-3. -3.]
 [-3. -3.]
 [-3. -3.]
 [-3. -3.]
 [-3. -3.]]
