Baseline:
[1.4131426 1.4107705 1.4156102 1.4144748 1.3948177 1.3656303 1.3683782
 1.3910447 1.3716553 1.3858802 1.3854955 1.396407  1.3794707 1.3966094
 1.3837138 1.4216312 1.4172056 1.4104414 1.379607  1.3832111 1.3586161
 1.355388  1.3498343 1.3501499 1.3653727 1.344924  1.3444842 1.3488761
 1.341085  1.3139138 1.3200874 1.3217884 1.3218381 1.2845467 1.2872247
 1.2947892 1.2949373 1.280264  1.3006359 1.3075291 1.2818191 1.2689065
 1.2759684 1.2804602 1.2787889 1.2847196 1.2629689 1.2680246 1.2621641
 1.2516937 1.2505684 1.2424477 1.229473  1.2416471 1.2433877 1.245853
 1.2596747 1.2522016 1.2315106 1.2092859 1.2262102 1.233171  1.2233077
 1.2520326 1.263598  1.2370412 1.2237003 1.195798  1.1722208 1.161878
 1.1955744 1.2114396 1.1556537 1.1603633 1.1259112 1.1405886 1.1313783
 1.1317341 1.1351753 1.1128561 1.113456  1.1144336 1.1085726 1.131147
 1.1588037 1.1662381 1.1883959 1.1902717 1.189577  1.2068573 1.2180248
 1.2366542 1.2624615 1.2784851 1.2708986 1.2808923 1.2690016 1.3067234
 1.3299146 1.3380674 1.3247494 1.3353785 1.3609512 1.3829999 1.4012188
 1.3769013 1.41126   1.3862168 1.406089  1.4292716 1.4447851 1.427072
 1.4331075 1.4461468 1.4585968 1.4806583 1.49517   1.478653  1.4905542
 1.497445  1.531755  1.5169905 1.5165218 1.49369   1.4767684 1.4486414
 1.4107786 1.3616453 1.3270773 1.2918011 1.2502781 1.2491869 1.2297887
 1.2510775 1.2457079 1.2345868 1.2289493 1.2462946 1.2551451 1.2476209
 1.2458462 1.2541258 1.2505604 1.2467042 1.2460397 1.2424217 1.2260133
 1.2223271 1.2250344 1.2192979 1.1995319 1.1962692 1.2022569 1.2092668
 1.2302524 1.2306176 1.2065927 1.2363354 1.2168549 1.1848489 1.1830162
 1.1747597 1.1656462 1.1658471 1.1543037 1.1740841 1.1697581 1.1871808
 1.1873003 1.1856482 1.1552612 1.1571996 1.1445087 1.1068397 1.1350446
 1.1494608 1.1308103 1.1476539 1.117039  1.1350781 1.1539572 1.1573673
 1.1904861 1.2108166 1.2071599 1.1892177 1.1778953 1.2057526 1.1783979
 1.1758231 1.1931409 1.1935242 1.198779  1.2012496 1.2184182 1.2277738
 1.2540079 1.2795956 1.287092  1.250163  1.250163 ]
Returns:
[7.60675186 7.60708527 7.56436217 7.58182614 7.54693821 7.49740296
 7.47777323 7.38594505 7.26797464 7.12505331 7.12135073 7.09217557
 7.0620704  6.97780154 6.94917658 6.60650783 6.58529946 6.54058808
 6.39599561 5.99181903 5.8931474  5.84238196 5.66226602 5.62779628
 5.51464164 5.43429651 5.41753702 5.37380691 5.36204819 5.26572747
 5.22550471 5.25869628 5.26366095 5.13783516 5.15450472 5.09066507
 5.14186166 5.20667984 5.17301743 5.21037496 5.18634242 5.1950429
 5.24179624 5.15293521 5.22973745 5.28871353 5.30779354 5.372404
 5.50655806 5.6494364  5.76786555 5.92415064 5.62755728 5.67478193
 5.72375844 5.80434114 5.82968768 5.96429125 6.02424025 6.10566621
 6.16651854 6.2824909  6.39013939 6.23237415 6.330416   6.44719761
 6.47821859 6.57013915 6.64261126 6.71138772 6.67269308 6.77439775
 6.86134792 6.82693348 6.65655573 6.77078048 6.87372242 7.00256955
 7.15306564 7.18427371 7.24770498 7.38651865 7.45517125 7.57105692
 7.59421068 7.72740991 7.80253323 7.84669998 7.92655088 7.93518645
 8.0156002  7.99144744 8.04459452 8.03816675 8.06467865 8.02212628
 7.93798157 7.87285949 7.78309591 7.79695519 7.71293887 7.7199411
 7.61511108 7.47894133 7.38499982 7.12637318 6.96633867 6.6452668
 6.50556548 6.33903405 6.20800912 6.07766437 6.01987813 5.95964499
 5.72868568 5.23412849 5.16209858 5.00462463 4.87427764 4.78563474
 4.21999929 4.11861471 4.08345239 3.78050532 3.64792905 3.41074445
 3.39928636 3.34385317 3.3731325  3.21557713 3.10118613 3.03219391
 3.13363873 2.89660854 2.93346127 2.9405617  3.01431209 2.94832356
 2.97400739 3.07203916 3.14954824 3.19088507 3.30524859 3.42495589
 3.54229656 3.5876958  3.58702361 3.73369956 3.86723776 3.94381458
 3.85251529 3.88509629 4.00176178 3.92420109 3.85401658 3.97610135
 4.04503397 3.92032778 3.87648607 3.84674892 3.86375694 3.96957453
 4.03513634 3.80442556 3.89188706 3.87170595 3.94487199 3.91624793
 3.97333737 4.05329675 4.05255485 4.07278696 4.16983903 3.86600231
 3.79519615 3.81778865 3.85140139 3.84913981 3.79516313 3.7705356
 3.73629709 3.70770494 3.53190457 3.47368585 3.468553   3.1106371
 3.05984845 2.75825164 2.48939129 2.37476205 2.23321519 2.13832564
 1.8582666  1.77266498 1.59678863 1.47507502 1.27395199 1.02663672
 0.84254051 0.36931252]
Advants:
[4.19518513 4.21928901 4.19347654 4.23625428 4.24679058 4.2537756
 4.26036706 4.17376822 4.10241046 3.96994634 3.99331064 3.98093938
 3.9974396  3.92509229 3.94041224 3.58174959 3.58823897 3.57437265
 3.48322856 3.08737661 3.0239538  2.98650758 2.81749732 2.78766112
 2.66068399 2.6004546  2.58326883 2.5327187  2.52599353 2.45171278
 2.39831309 2.42317769 2.42105422 2.32214377 2.32530802 2.23994584
 2.27742609 2.344652   2.27563606 2.29078481 2.27589379 2.28019543
 2.30232822 2.1870338  2.24412364 2.27560437 2.29429617 2.33166788
 2.45193999 2.58860733 2.69375687 2.84761517 2.54377894 2.55797371
 2.58403822 2.64159657 2.63116741 2.75381414 2.81586279 2.90254415
 2.92941584 3.02328978 3.12800865 2.92186812 2.9896949  3.11722791
 3.14580999 3.25221452 3.33667316 3.40566143 3.32003728 3.3941713
 3.52861923 3.47929103 3.32808812 3.41413551 3.51510659 3.63543809
 3.77818611 3.82869517 3.89019432 4.0308476  4.11072303 4.21273884
 4.21754274 4.35729692 4.42708137 4.48893197 4.59319481 4.61002021
 4.70904797 4.6972612  4.75908217 4.77335519 4.84836089 4.83858177
 4.8105032  4.75241741 4.68453992 4.73934015 4.71973131 4.77143374
 4.69704074 4.59470991 4.53972924 4.36022407 4.21929121 3.9721217
 3.86063416 3.71723485 3.61642447 3.54993301 3.53420815 3.51086348
 3.31410719 2.83213783 2.78052065 2.67310381 2.56285341 2.49908875
 1.91506378 1.84304112 1.82311566 1.55036313 1.43912153 1.22838703
 1.25378888 1.24620582 1.31063532 1.18520605 1.10666594 1.03050962
 1.14613157 0.87415732 0.90286711 0.90698842 0.97353037 0.87367882
 0.873108   0.96304169 1.02782472 1.04616814 1.15177718 1.26579286
 1.37708646 1.42033651 1.43030076 1.57904967 1.71217627 1.79952659
 1.73124697 1.77173027 1.89086576 1.81285773 1.72598956 1.85614218
 1.9611262  1.8149514  1.79881564 1.81008087 1.83926698 1.96809579
 2.0610924  1.84292118 1.95881385 1.93594276 2.03437773 2.00963386
 2.09148341 2.20261801 2.26521817 2.31983997 2.47239991 2.24446456
 2.18388047 2.23401018 2.33341708 2.36488064 2.39567305 2.41045415
 2.41803527 2.45091286 2.30593899 2.29435298 2.36549895 2.09381905
 2.12724382 1.86670072 1.69250731 1.65003358 1.5617638  1.54015276
 1.32595177 1.31232644 1.19409986 1.14016896 0.98948955 0.79135602
 0.67497677 0.30680442]
Mus:
[[-1.67764202e-02 -6.09488692e-03]
 [-1.67310797e-02 -6.04716223e-03]
 [-1.76953170e-02 -6.90057175e-03]
 [-1.73352528e-02 -6.74264459e-03]
 [-1.70227028e-02 -7.04085594e-03]
 [-1.52665228e-02 -6.41120551e-03]
 [-1.50671639e-02 -6.76264707e-03]
 [-1.50605459e-02 -6.71301223e-03]
 [-1.45766512e-02 -7.32108997e-03]
 [-1.47544891e-02 -8.22719373e-03]
 [-1.24642812e-02 -7.85246585e-03]
 [-1.08191706e-02 -7.65891513e-03]
 [-7.26231374e-03 -6.54836604e-03]
 [-5.72148943e-03 -5.90985594e-03]
 [-3.20446119e-03 -5.11715468e-03]
 [-4.07272158e-03 -6.29968941e-03]
 [-1.75113417e-03 -5.44883450e-03]
 [ 7.97066663e-04 -4.06668009e-03]
 [ 5.35625964e-03 -1.74004515e-03]
 [ 9.16095264e-03  1.03538134e-03]
 [ 1.08564841e-02  2.02889577e-03]
 [ 1.21513465e-02  2.82591372e-03]
 [ 1.13153122e-02  1.71770726e-03]
 [ 1.15791131e-02  1.77602016e-03]
 [ 1.21910917e-02  2.32576858e-03]
 [ 1.13057569e-02  1.52260845e-03]
 [ 1.16894981e-02  1.74541341e-03]
 [ 1.25329979e-02  2.41094595e-03]
 [ 1.10196713e-02  1.29119726e-03]
 [ 1.28423711e-02  2.80069094e-03]
 [ 1.41469808e-02  3.82760121e-03]
 [ 1.48924161e-02  4.36292589e-03]
 [ 1.59670953e-02  5.31389238e-03]
 [ 1.47840343e-02  4.69134189e-03]
 [ 1.46017056e-02  4.08212002e-03]
 [ 1.66624412e-02  5.71669918e-03]
 [ 1.77794695e-02  6.53760973e-03]
 [ 1.73091181e-02  6.22666162e-03]
 [ 1.75198317e-02  5.99256391e-03]
 [ 1.84343178e-02  6.53192401e-03]
 [ 1.87594034e-02  7.28778262e-03]
 [ 1.67865232e-02  5.79809910e-03]
 [ 1.82949696e-02  6.90122647e-03]
 [ 1.99567303e-02  8.53959192e-03]
 [ 2.04843432e-02  9.13821068e-03]
 [ 2.10016388e-02  9.37516429e-03]
 [ 2.00622790e-02  9.10942722e-03]
 [ 1.93199702e-02  8.30097869e-03]
 [ 1.85332894e-02  7.80390855e-03]
 [ 1.76549759e-02  7.34146358e-03]
 [ 1.64322238e-02  6.37485739e-03]
 [ 1.52932359e-02  5.68487169e-03]
 [ 1.73113402e-02  7.87198823e-03]
 [ 1.72123350e-02  8.04189220e-03]
 [ 1.62102971e-02  8.10692552e-03]
 [ 1.47540485e-02  6.81973714e-03]
 [ 1.39770489e-02  6.72033709e-03]
 [ 1.24909244e-02  6.06524199e-03]
 [ 1.02696549e-02  4.61707870e-03]
 [ 9.25172772e-03  3.88409034e-03]
 [ 7.99465552e-03  3.38319875e-03]
 [ 6.28291769e-03  2.49502831e-03]
 [ 5.85450046e-03  2.57866061e-03]
 [ 2.84198229e-03  8.99658538e-04]
 [ 7.89848447e-04  5.89413939e-05]
 [-1.49005256e-03 -9.14697710e-04]
 [-1.24540529e-03 -1.96099922e-04]
 [-3.14884027e-03 -6.76557480e-04]
 [-5.94707392e-03 -2.09070975e-03]
 [-6.11512968e-03 -1.56439876e-03]
 [-7.64362561e-03 -2.33529042e-03]
 [-1.03118923e-02 -3.57972691e-03]
 [-1.26303639e-02 -4.20075376e-03]
 [-1.20171672e-02 -3.50174168e-03]
 [-1.17889680e-02 -2.78467359e-03]
 [-1.39250113e-02 -3.82204494e-03]
 [-1.37274610e-02 -3.52406385e-03]
 [-1.29892491e-02 -3.04088392e-03]
 [-1.35268476e-02 -3.29555757e-03]
 [-1.08747631e-02 -2.11203494e-03]
 [-1.04965325e-02 -2.20217090e-03]
 [-9.00290161e-03 -1.56604580e-03]
 [-6.47369400e-03 -4.89677477e-04]
 [-6.58009946e-03 -7.37267837e-04]
 [-7.26835150e-03 -8.92108015e-04]
 [-6.78283628e-03 -6.58304081e-04]
 [-7.54433870e-03 -8.44443217e-04]
 [-7.44971121e-03 -3.48150206e-04]
 [-6.65770331e-03  1.11362888e-05]
 [-6.42794650e-03 -3.60776379e-04]
 [-6.23282976e-03 -1.52889857e-04]
 [-6.97307615e-03 -8.62046072e-05]
 [-8.26942455e-03 -7.77269015e-04]
 [-9.33093112e-03 -8.79438536e-04]
 [-9.36311483e-03 -6.89573004e-04]
 [-1.01490160e-02 -5.59550128e-04]
 [-1.02848569e-02 -4.54117508e-05]
 [-1.10715283e-02 -2.74783437e-04]
 [-1.28403846e-02 -1.55064312e-03]
 [-1.29786870e-02 -1.73750659e-03]
 [-1.22130178e-02 -1.72167527e-03]
 [-1.20382197e-02 -1.79667654e-03]
 [-1.23747429e-02 -2.61935801e-03]
 [-1.29462061e-02 -2.64674216e-03]
 [-1.33487685e-02 -2.60041701e-03]
 [-1.27382698e-02 -1.93280994e-03]
 [-1.34460926e-02 -2.21505365e-03]
 [-1.40761761e-02 -1.88946829e-03]
 [-1.48942815e-02 -2.04309076e-03]
 [-1.53947994e-02 -2.02171691e-03]
 [-1.51798790e-02 -2.47615017e-03]
 [-1.56772882e-02 -2.65659252e-03]
 [-1.63233913e-02 -2.91708135e-03]
 [-1.65175367e-02 -3.12554021e-03]
 [-1.76689643e-02 -3.25474306e-03]
 [-1.98098253e-02 -3.35808168e-03]
 [-1.95118841e-02 -3.35217942e-03]
 [-1.92262996e-02 -3.67993140e-03]
 [-1.95565075e-02 -3.59817897e-03]
 [-2.00665984e-02 -3.98454070e-03]
 [-2.05008574e-02 -3.36280162e-03]
 [-2.00894848e-02 -3.47294263e-03]
 [-2.02354696e-02 -3.51712387e-03]
 [-1.99071877e-02 -3.35375173e-03]
 [-1.95957702e-02 -3.04903812e-03]
 [-1.85801480e-02 -2.41369125e-03]
 [-1.83004681e-02 -2.43772054e-03]
 [-1.68678686e-02 -2.19117082e-03]
 [-1.37363533e-02 -8.71170894e-04]
 [-9.90279298e-03  8.34651990e-04]
 [-5.67609631e-03  2.42231926e-03]
 [-1.17807579e-03  4.61038947e-03]
 [ 3.73236532e-03  6.50759321e-03]
 [ 9.71541181e-03  9.20118578e-03]
 [ 1.12075834e-02  1.00900587e-02]
 [ 1.40191577e-02  1.06585231e-02]
 [ 1.59139056e-02  1.11540481e-02]
 [ 2.25918684e-02  1.26842083e-02]
 [ 2.15951968e-02  1.11991400e-02]
 [ 2.06092391e-02  1.04952268e-02]
 [ 2.13620365e-02  1.09214960e-02]
 [ 2.22750437e-02  1.15915146e-02]
 [ 2.22471058e-02  1.16070649e-02]
 [ 2.20287871e-02  1.13534853e-02]
 [ 2.23100167e-02  1.16375946e-02]
 [ 2.22318023e-02  1.20580010e-02]
 [ 2.11055446e-02  1.07242381e-02]
 [ 2.07046904e-02  1.05511602e-02]
 [ 2.05376446e-02  1.05932560e-02]
 [ 2.00954862e-02  1.07175587e-02]
 [ 1.77102685e-02  8.58821906e-03]
 [ 1.83672756e-02  9.48398281e-03]
 [ 1.76005382e-02  9.16268583e-03]
 [ 1.68361273e-02  9.25488770e-03]
 [ 1.57260224e-02  8.84049479e-03]
 [ 1.44852940e-02  8.24177731e-03]
 [ 1.27938772e-02  7.09749758e-03]
 [ 1.26132481e-02  7.25937262e-03]
 [ 9.41266958e-03  4.91789030e-03]
 [ 7.64225330e-03  4.56419773e-03]
 [ 6.41215686e-03  4.45645209e-03]
 [ 4.82076267e-03  3.70364077e-03]
 [ 3.10450513e-03  3.08814412e-03]
 [ 1.28792119e-04  7.54740729e-04]
 [-1.93373719e-03 -1.31326189e-04]
 [-5.48200822e-03 -1.90492463e-03]
 [-8.23588669e-03 -3.11757624e-03]
 [-9.43984464e-03 -3.36258695e-03]
 [-1.38565684e-02 -5.39910095e-03]
 [-1.66233126e-02 -6.50984235e-03]
 [-1.76454689e-02 -6.77423552e-03]
 [-2.21157391e-02 -9.01252590e-03]
 [-2.36111321e-02 -9.75691061e-03]
 [-2.00464744e-02 -7.68770603e-03]
 [-2.30863690e-02 -9.18227807e-03]
 [-2.45715939e-02 -9.84115992e-03]
 [-2.70463564e-02 -1.10882744e-02]
 [-2.87502687e-02 -1.20342784e-02]
 [-2.69546062e-02 -1.11222183e-02]
 [-2.68999767e-02 -1.10743362e-02]
 [-2.70601809e-02 -1.11011453e-02]
 [-2.57219374e-02 -1.02985073e-02]
 [-2.62707751e-02 -1.03523284e-02]
 [-2.75051463e-02 -1.06499670e-02]
 [-2.86547542e-02 -1.08205583e-02]
 [-3.47824842e-02 -1.41377989e-02]
 [-3.73654924e-02 -1.56496502e-02]
 [-3.46816480e-02 -1.41751785e-02]
 [-3.28226723e-02 -1.28729763e-02]
 [-3.52074914e-02 -1.43302344e-02]
 [-3.51623148e-02 -1.41957393e-02]
 [-3.49742770e-02 -1.39239319e-02]
 [-3.36479582e-02 -1.28424689e-02]
 [-3.43655087e-02 -1.30371237e-02]
 [-3.49924304e-02 -1.31175006e-02]
 [-3.58646512e-02 -1.33968536e-02]
 [-3.71872336e-02 -1.38705764e-02]
 [-3.93908098e-02 -1.49907684e-02]
 [-3.86013202e-02 -1.44054610e-02]
 [-3.72709483e-02 -1.36326626e-02]]
Actions:
[[ 5.44588477e-04 -3.46227116e-02]
 [-1.91450968e-01  2.66919296e-01]
 [-4.28850364e-03 -1.66104971e-02]
 [-3.20974923e-01  3.10096133e-02]
 [-1.55197002e-01 -2.49214018e-01]
 [-1.45913050e-01  2.10240445e-01]
 [ 2.03416544e-01  1.71262349e-01]
 [-4.21179115e-01  1.59815398e-01]
 [-1.74775327e-01  3.97748750e-01]
 [-1.54110483e-01  8.63276517e-02]
 [-4.31982448e-02  1.68262822e-01]
 [-1.90851940e-01 -1.09438686e-01]
 [ 1.71828764e-01  1.04305770e-01]
 [-1.59841568e-01 -6.57926115e-02]
 [-1.97863997e-02  5.68093533e-01]
 [-4.93461559e-02 -1.69203353e-02]
 [ 1.07485619e-01 -1.21856083e-01]
 [-7.54442618e-03 -3.72325337e-01]
 [ 4.75306010e-01 -3.24732337e-01]
 [-7.78485883e-02 -2.45266722e-01]
 [ 5.94149237e-02 -6.79388376e-02]
 [-2.95500991e-01  2.61610828e-01]
 [ 1.48096005e-02  1.09422377e-01]
 [ 2.65706762e-01  1.22082775e-01]
 [-2.93304108e-01  7.16981487e-02]
 [ 6.42047731e-02  7.63080460e-02]
 [ 1.85255704e-01  5.11569927e-02]
 [-1.86032690e-01  1.73755803e-01]
 [-5.16275437e-03 -3.43747230e-01]
 [ 2.43203563e-01  6.84786197e-03]
 [ 1.16915860e-01  4.12341308e-02]
 [ 1.90660685e-01 -4.80222668e-02]
 [-3.53097606e-01 -2.44754015e-01]
 [-1.49635327e-01  2.15735076e-01]
 [ 3.31183528e-01 -6.18433639e-02]
 [ 1.45876706e-01 -4.41611332e-02]
 [-1.51276813e-01 -5.21815938e-02]
 [ 1.04113871e-01  3.41076734e-01]
 [ 1.94520706e-01  1.13973960e-01]
 [ 4.49681321e-03 -3.47143815e-01]
 [-3.21768420e-01  1.34297803e-01]
 [ 2.65450541e-01  8.84991669e-03]
 [ 3.91745612e-01 -1.85546266e-01]
 [ 1.83311796e-01 -8.90100320e-02]
 [ 2.19401649e-01  1.38234618e-01]
 [-1.42513679e-01 -2.84253417e-01]
 [ 1.74099716e-02  2.71888197e-01]
 [-3.17639511e-02  3.03693626e-02]
 [-6.79542154e-02 -4.37813738e-02]
 [-7.87921869e-02  1.88573110e-01]
 [-8.07668954e-02  5.70704802e-02]
 [ 4.04195914e-01 -5.05950980e-01]
 [ 2.94503225e-01  1.03820301e-01]
 [ 2.75295011e-01 -9.56424128e-02]
 [-1.30088453e-01  2.26479330e-01]
 [ 2.89491706e-01  1.19289392e-01]
 [-1.27766734e-02 -8.79938804e-02]
 [-3.09140926e-01 -8.07412193e-02]
 [-2.40950129e-01 -1.41431076e-01]
 [ 1.61810877e-01  2.10313387e-01]
 [ 1.07036596e-02  1.78070503e-01]
 [ 3.15185473e-02 -2.04728846e-01]
 [ 6.86944792e-02  5.46200580e-01]
 [ 9.45745942e-02  1.69697803e-01]
 [-1.87776394e-01 -1.37737787e-01]
 [ 2.24239154e-01 -2.20872448e-01]
 [-5.78540408e-02 -2.68856198e-01]
 [-3.16192578e-01 -9.30346227e-02]
 [ 1.67797636e-01 -2.25484206e-01]
 [ 1.56022901e-01  4.00503480e-01]
 [ 8.31033545e-03  2.53106295e-01]
 [-3.01196907e-01 -1.15939295e-01]
 [ 3.04784407e-01  2.60000904e-01]
 [ 2.95048981e-02 -5.73579373e-01]
 [-1.19907318e-01  1.95922814e-01]
 [-3.96352594e-03 -1.98821993e-01]
 [ 6.74991028e-02 -1.06337202e-01]
 [-9.09198376e-02  2.18339568e-02]
 [-1.62508673e-01 -3.21450100e-01]
 [-3.19454515e-01  8.21394599e-03]
 [-8.18653895e-02 -8.42859771e-02]
 [-1.80991694e-01 -2.17826607e-01]
 [-5.28659546e-02  1.52893047e-01]
 [ 2.50841441e-01  1.48174028e-01]
 [-3.81789858e-02 -4.04397318e-02]
 [ 1.71392415e-01  9.22104277e-02]
 [ 1.43563950e-01 -1.95356009e-01]
 [-1.57598160e-01 -1.37560515e-01]
 [-3.17938447e-01  1.27890862e-01]
 [ 7.47722509e-02 -4.87289387e-02]
 [ 2.82503051e-01 -3.82527299e-02]
 [-3.47211293e-03  1.64992967e-01]
 [ 2.44077004e-01 -2.89721601e-02]
 [-9.65648565e-02 -1.78153462e-01]
 [ 2.44933228e-01 -1.07084329e-01]
 [ 1.01007483e-01 -3.22801619e-01]
 [ 2.43877537e-01  1.25701937e-01]
 [-3.61455833e-01  2.06306419e-01]
 [-1.10392962e-01  1.02228913e-02]
 [-3.43656645e-01 -1.18660029e-01]
 [-1.81436307e-02  2.67017645e-02]
 [-1.66774389e-01  3.57697941e-01]
 [ 2.76593608e-01  5.16384015e-02]
 [ 2.21686605e-01  2.53258478e-02]
 [-3.76373487e-03 -4.60130472e-01]
 [ 2.31127097e-01  1.93975202e-01]
 [ 9.32463283e-02 -4.72242807e-01]
 [ 2.12768674e-01 -9.19721602e-03]
 [ 2.53982871e-01  1.21460946e-02]
 [-2.64722972e-01  2.31502564e-01]
 [-1.18409210e-01 -2.51452232e-01]
 [ 2.99549054e-02 -5.97938838e-02]
 [ 6.68748361e-02  1.47631743e-01]
 [ 3.10311137e-01 -9.19167919e-02]
 [ 4.96224359e-01 -2.68250919e-01]
 [ 1.43193731e-02  1.64894079e-01]
 [-3.74658197e-01 -1.46203078e-01]
 [ 2.33989726e-01 -8.59084926e-03]
 [-6.21184697e-02  2.52242764e-01]
 [ 6.29456501e-01 -1.21185861e-01]
 [-2.68472147e-01 -1.51168041e-01]
 [ 2.30406953e-02 -2.49486704e-02]
 [-3.75887594e-02 -5.12489630e-01]
 [ 1.39364310e-01 -2.49969428e-01]
 [ 1.38736105e-01 -4.26723030e-01]
 [-1.55952397e-01 -1.26823558e-01]
 [-3.31936073e-01  1.22400243e-01]
 [ 7.34554452e-03 -7.94962006e-02]
 [ 3.38156398e-02 -4.57019777e-01]
 [-1.82118071e-01  4.29322085e-01]
 [ 3.17337592e-01  1.35530343e-01]
 [-5.82258344e-02  2.32149057e-02]
 [ 3.94673301e-01  3.79594828e-01]
 [ 7.26875536e-02 -2.37293390e-01]
 [-3.19002522e-01  7.28319307e-02]
 [-1.81309079e-01 -8.15150779e-03]
 [-1.57867175e-01 -3.75135973e-01]
 [-1.63322460e-01 -2.14594456e-01]
 [-1.20217221e-01  6.06360550e-02]
 [ 7.84176287e-02 -1.61258613e-01]
 [ 2.22458934e-01 -1.40535380e-01]
 [ 5.11183109e-02 -9.11610890e-02]
 [ 7.59776649e-03  8.60191679e-02]
 [ 1.07057453e-01 -7.75412286e-02]
 [ 1.30120480e-01 -2.76170926e-01]
 [-2.60027228e-01  2.70508604e-01]
 [ 2.53270638e-02 -1.09026622e-02]
 [ 1.15960485e-01  1.77880930e-02]
 [ 7.66761888e-02 -2.57392015e-01]
 [-3.97191202e-01  2.97882635e-01]
 [ 1.76403403e-01 -2.72294119e-01]
 [ 1.21764815e-01  1.20701223e-01]
 [ 2.57392027e-01 -3.75084453e-01]
 [ 3.31032861e-01  2.99780852e-01]
 [ 1.03608857e-01  5.85254949e-02]
 [-2.51087016e-01 -1.49404756e-01]
 [ 4.37999475e-01  2.02113968e-01]
 [-4.02436716e-01  1.16871803e-01]
 [-7.95541677e-03 -3.91320504e-01]
 [ 2.54875540e-01 -9.86636635e-02]
 [ 2.97894099e-02 -1.94417670e-02]
 [ 1.07224056e-01 -9.32421157e-02]
 [-4.75931643e-01  3.39415136e-01]
 [-5.27158003e-02 -4.13364636e-02]
 [-3.10498737e-02  3.14703803e-01]
 [-5.13142967e-02  5.47977200e-02]
 [ 2.40445158e-01  1.46676290e-01]
 [-1.23101936e-01  1.41693275e-01]
 [ 2.87615291e-03  5.13182577e-02]
 [-8.44247948e-02 -3.31899648e-01]
 [-2.78762356e-01  1.56744375e-01]
 [-1.54375522e-01 -9.31998840e-02]
 [ 2.07776577e-01 -5.68593330e-01]
 [-3.89261329e-02  3.59020914e-01]
 [ 5.02249858e-02  1.49520060e-01]
 [-3.04426446e-01 -8.12145915e-02]
 [-2.78038696e-02  2.44123149e-01]
 [-7.20542268e-02 -3.78070994e-01]
 [ 1.58310338e-01  1.40413771e-01]
 [ 1.72018890e-01  1.46291247e-01]
 [ 2.07406850e-01 -8.51742856e-02]
 [ 3.12265030e-01  2.45994099e-01]
 [ 2.11094420e-01  1.21173571e-01]
 [ 8.33092173e-02 -1.28886776e-01]
 [-7.21188658e-01  1.06060778e-01]
 [-3.54439157e-01  6.20991683e-02]
 [ 4.39660729e-01  3.68483507e-02]
 [ 1.21274090e-01 -4.62514180e-01]
 [-3.66362801e-01  1.29690997e-01]
 [ 1.71922369e-01  9.93660201e-02]
 [ 6.47967751e-02 -8.90347797e-02]
 [ 3.22460031e-01 -1.88533178e-01]
 [ 2.07806071e-03 -1.25885330e-02]
 [ 1.62211428e-01  9.03181485e-02]
 [ 1.31887359e-02  5.41063058e-02]
 [ 1.02807943e-01  2.13632759e-01]
 [-1.04510681e-01  3.32473264e-01]
 [ 8.91005145e-02 -1.29360117e-01]
 [-1.98014615e-01 -5.63636529e-01]
 [-5.23400683e-01  1.49736794e-01]]
States:
[[9.97658736e-01 9.99462639e-01 4.60440365e-01 4.77695125e-01
  5.12936456e-01 5.96998636e-01]
 [9.97655204e-01 9.99427703e-01 4.60403404e-01 4.76981824e-01
  5.13085711e-01 5.87928836e-01]
 [9.97269484e-01 9.99605965e-01 4.56523677e-01 4.80898810e-01
  4.63964114e-01 6.58080129e-01]
 ...
 [9.98441689e-01 4.58991732e-01 4.69472403e-01 9.95134007e-07
  7.17395869e-01 8.20692324e-01]
 [9.99958354e-01 4.92293974e-01 5.03008399e-01 8.81370439e-04
  7.36214224e-01 7.82366750e-01]
 [9.99436189e-01 5.10062865e-01 5.33698169e-01 2.13321577e-03
  6.81024822e-01 6.31007091e-01]]
Logstds:
[[-3. -3.]
 [-3. -3.]
 [-3. -3.]
 [-3. -3.]
 [-3. -3.]
 [-3. -3.]
 [-3. -3.]
 [-3. -3.]
 [-3. -3.]
 [-3. -3.]
 [-3. -3.]
 [-3. -3.]
 [-3. -3.]
 [-3. -3.]
 [-3. -3.]
 [-3. -3.]
 [-3. -3.]
 [-3. -3.]
 [-3. -3.]
 [-3. -3.]
 [-3. -3.]
 [-3. -3.]
 [-3. -3.]
 [-3. -3.]
 [-3. -3.]
 [-3. -3.]
 [-3. -3.]
 [-3. -3.]
 [-3. -3.]
 [-3. -3.]
 [-3. -3.]
 [-3. -3.]
 [-3. -3.]
 [-3. -3.]
 [-3. -3.]
 [-3. -3.]
 [-3. -3.]
 [-3. -3.]
 [-3. -3.]
 [-3. -3.]
 [-3. -3.]
 [-3. -3.]
 [-3. -3.]
 [-3. -3.]
 [-3. -3.]
 [-3. -3.]
 [-3. -3.]
 [-3. -3.]
 [-3. -3.]
 [-3. -3.]
 [-3. -3.]
 [-3. -3.]
 [-3. -3.]
 [-3. -3.]
 [-3. -3.]
 [-3. -3.]
 [-3. -3.]
 [-3. -3.]
 [-3. -3.]
 [-3. -3.]
 [-3. -3.]
 [-3. -3.]
 [-3. -3.]
 [-3. -3.]
 [-3. -3.]
 [-3. -3.]
 [-3. -3.]
 [-3. -3.]
 [-3. -3.]
 [-3. -3.]
 [-3. -3.]
 [-3. -3.]
 [-3. -3.]
 [-3. -3.]
 [-3. -3.]
 [-3. -3.]
 [-3. -3.]
 [-3. -3.]
 [-3. -3.]
 [-3. -3.]
 [-3. -3.]
 [-3. -3.]
 [-3. -3.]
 [-3. -3.]
 [-3. -3.]
 [-3. -3.]
 [-3. -3.]
 [-3. -3.]
 [-3. -3.]
 [-3. -3.]
 [-3. -3.]
 [-3. -3.]
 [-3. -3.]
 [-3. -3.]
 [-3. -3.]
 [-3. -3.]
 [-3. -3.]
 [-3. -3.]
 [-3. -3.]
 [-3. -3.]
 [-3. -3.]
 [-3. -3.]
 [-3. -3.]
 [-3. -3.]
 [-3. -3.]
 [-3. -3.]
 [-3. -3.]
 [-3. -3.]
 [-3. -3.]
 [-3. -3.]
 [-3. -3.]
 [-3. -3.]
 [-3. -3.]
 [-3. -3.]
 [-3. -3.]
 [-3. -3.]
 [-3. -3.]
 [-3. -3.]
 [-3. -3.]
 [-3. -3.]
 [-3. -3.]
 [-3. -3.]
 [-3. -3.]
 [-3. -3.]
 [-3. -3.]
 [-3. -3.]
 [-3. -3.]
 [-3. -3.]
 [-3. -3.]
 [-3. -3.]
 [-3. -3.]
 [-3. -3.]
 [-3. -3.]
 [-3. -3.]
 [-3. -3.]
 [-3. -3.]
 [-3. -3.]
 [-3. -3.]
 [-3. -3.]
 [-3. -3.]
 [-3. -3.]
 [-3. -3.]
 [-3. -3.]
 [-3. -3.]
 [-3. -3.]
 [-3. -3.]
 [-3. -3.]
 [-3. -3.]
 [-3. -3.]
 [-3. -3.]
 [-3. -3.]
 [-3. -3.]
 [-3. -3.]
 [-3. -3.]
 [-3. -3.]
 [-3. -3.]
 [-3. -3.]
 [-3. -3.]
 [-3. -3.]
 [-3. -3.]
 [-3. -3.]
 [-3. -3.]
 [-3. -3.]
 [-3. -3.]
 [-3. -3.]
 [-3. -3.]
 [-3. -3.]
 [-3. -3.]
 [-3. -3.]
 [-3. -3.]
 [-3. -3.]
 [-3. -3.]
 [-3. -3.]
 [-3. -3.]
 [-3. -3.]
 [-3. -3.]
 [-3. -3.]
 [-3. -3.]
 [-3. -3.]
 [-3. -3.]
 [-3. -3.]
 [-3. -3.]
 [-3. -3.]
 [-3. -3.]
 [-3. -3.]
 [-3. -3.]
 [-3. -3.]
 [-3. -3.]
 [-3. -3.]
 [-3. -3.]
 [-3. -3.]
 [-3. -3.]
 [-3. -3.]
 [-3. -3.]
 [-3. -3.]
 [-3. -3.]
 [-3. -3.]
 [-3. -3.]
 [-3. -3.]
 [-3. -3.]]
