Baseline:
[0.66829705 0.65199363 0.6697442  0.67437726 0.6835532  0.69702566
 0.7069978  0.7100308  0.68882453 0.6828904  0.66932833 0.65991247
 0.6690271  0.6526505  0.63560224 0.6207596  0.5899109  0.5738566
 0.5600973  0.54581213 0.52997756 0.5064589  0.48549485 0.45651448
 0.42905074 0.4032463  0.37313068 0.34034404 0.31607088 0.28150332
 0.25920528 0.24405977 0.26475602 0.22583961 0.21918486 0.20075405
 0.19858742 0.21831615 0.23096952 0.23983037 0.26827937 0.30681378
 0.3098979  0.31598377 0.31981426 0.32973158 0.33809036 0.33190593
 0.31490666 0.31137165 0.3049473  0.30344185 0.30718046 0.29070163
 0.2837905  0.27000827 0.27976966 0.3049774  0.29729313 0.3118895
 0.3228785  0.34046957 0.34028554 0.35063684 0.35542595 0.35880926
 0.35796928 0.35980552 0.3934803  0.41213638 0.43505937 0.4771616
 0.49708915 0.52826226 0.5307971  0.56049496 0.5870096  0.59846544
 0.5858231  0.6191697  0.6146138  0.6197301  0.6464425  0.6380344
 0.6513461  0.6591507  0.6718127  0.66717815 0.6504441  0.6492174
 0.663746   0.6529764  0.6139283  0.61539966 0.6058274  0.60897
 0.6174579  0.6370461  0.62923163 0.61741096 0.6318185  0.661141
 0.6535621  0.63839346 0.6258987  0.645506   0.6398864  0.66291666
 0.6601005  0.67254806 0.69289315 0.7210451  0.71933025 0.7241524
 0.69825816 0.688079   0.70510733 0.70785123 0.69855726 0.6807148
 0.66000706 0.66762954 0.6465808  0.6540593  0.6602335  0.647745
 0.65406275 0.6528634  0.675752   0.6870488  0.6890774  0.6611283
 0.6571712  0.6559664  0.6490798  0.65440804 0.6543883  0.6566696
 0.6355789  0.6353398  0.6365589  0.6250844  0.6107352  0.6276275
 0.6179694  0.62343436 0.6123124  0.60737544 0.6126102  0.61639655
 0.6043432  0.59694856 0.60378945 0.6316265  0.6257399  0.6455288
 0.6425586  0.61359525 0.6418468  0.6283589  0.63487333 0.6530407
 0.6450058  0.6346936  0.6219772  0.62623453 0.6279157  0.635758
 0.6346547  0.61898    0.6102329  0.6279992  0.61560845 0.63326037
 0.6382209  0.6514844  0.65318596 0.6413364  0.639295   0.630909
 0.6020157  0.6008694  0.5789614  0.58754146 0.58555216 0.57638747
 0.5843119  0.57982105 0.5858073  0.5721949  0.5571409  0.536222
 0.53259605 0.51677936 0.5135386  0.5021973  0.49950355 0.49137795
 0.48071933 0.46116808 0.46116808]
Returns:
[ 4.68882681  4.46317353  4.34377535  4.3395761   4.30570556  4.20986619
  4.16130112  3.86430934  3.77554193  3.75824279  3.65468685  3.60424491
  3.49775351  3.07237263  2.9271056   2.86487889  2.63665475  2.56909789
  2.54415137  2.49585516  2.43046354  2.39090472  2.39369242  2.40034648
  2.47431355  2.53154704  2.40040945  2.4458094   2.40820888  2.4628491
  2.56542227  2.68957462  2.30906953  2.1798848   2.16065715  2.23468066
  2.2912295   2.17826092  2.17543109  2.28140802  2.19310673  2.04601171
  2.1277209   2.17363408  2.24665657  2.27436989  2.30483239  2.37180578
  2.47538791  2.56633644  2.31694251  2.41139211  2.48661495  2.6212654
  2.77669542  2.90247985  2.97468182  2.90438504  3.08102477  3.0264126
  3.13899993  3.22860432  3.41953491  3.54824649  3.64685758  3.80697315
  4.02060552  4.19328079  4.13809673  4.35998193  4.49016676  4.19873348
  4.34672086  4.50346205  4.61777434  4.64958221  4.75462575  4.94029329
  4.8760434   4.90175908  4.94717811  5.09879913  5.09446027  5.20519532
  5.33355971  5.3973126   5.33729828  5.47537315  5.37721302  5.51962515
  5.49832265  5.5306629   5.46085584  5.5248519   5.6028524   5.72987556
  5.82466112  5.85660757  5.98684721  5.91855954  5.9952572   5.98504145
  6.08503055  6.14691859  6.21789147  6.27717695  6.35352677  6.27461493
  6.37353427  6.32924965  5.97431061  5.82939411  5.81148218  5.8509536
  5.79155755  5.73799384  5.70367368  5.75448647  5.82363879  5.81277943
  5.5798483   5.42789884  5.29651373  5.32072801  5.37870276  5.4057876
  5.44142355  5.49282577  5.29680945  5.2607347   5.31297284  5.18893857
  5.26576043  5.29554073  5.36792929  5.36863347  5.47790222  5.57012952
  5.26935942  5.35827983  5.42176881  5.45001189  5.5368688   5.49624671
  5.6056206   5.58153856  5.62603993  5.4452745   5.45615275  5.37672229
  5.3344467   5.36192367  5.37646429  5.12832232  5.17993477  4.90615421
  4.90708774  4.77109834  4.49098545  4.49622537  4.44670471  4.32604645
  4.24655116  4.23900379  4.21502867  4.18811149  4.17275529  4.10824116
  4.10982818  3.85207396  3.82364919  3.71253794  3.57976979  3.4311767
  3.37512867  3.30610412  3.25531024  3.19407843  2.84232891  2.79484121
  2.56415968  2.44678772  2.12455248  1.96183379  1.87943279  1.71432118
  1.53285426  1.31952919  1.19739673  0.66808597  0.35400432  0.26765083
  0.19494808  0.17398822  0.10906586  0.04879942  0.05055568  0.05344602
 -0.08354875 -0.07062036]
Advants:
[ 2.95768075  2.77566138  2.66392954  2.68240619  2.66766367  2.5856862
  2.55500144  2.27592268  2.22900236  2.23968499  2.17083362  2.15148231
  2.05582205  1.65581293  1.53339014  1.49083031  1.29258562  1.23854695
  1.2242616   1.18583659  1.12995689  1.10655941  1.12306161  1.15193102
  1.24915757  1.33020125  1.22389081  1.29875652  1.2814132   1.36902189
  1.4960198   1.64193371  1.23550374  1.13676957  1.1146208   1.19954293
  1.25190048  1.10819962  1.08029662  1.16693847  1.03521087  0.82758713
  0.88477597  0.90257274  0.94999741  0.94472219  0.94247296  0.99146585
  1.08955313  1.16254847  0.8887457   0.9542086   0.99481399  1.1171081
  1.25317853  1.36855304  1.40667174  1.2818197   1.43999686  1.34027368
  1.41190008  1.45361548  1.61776197  1.71051737  1.77945501  1.91403047
  2.11109171  2.26832012  2.16194304  2.35244697  2.44921701  2.09398037
  2.202451    2.31064474  2.40702474  2.39249092  2.45538685  2.61802187
  2.55225532  2.52902326  2.56361372  2.69795435  2.65274251  2.76020353
  2.86613736  2.91392028  2.83013525  2.96520342  2.8729668   3.00931656
  2.96446737  2.99912412  2.95824069  3.01171223  3.09216903  3.21215877
  3.29690312  3.30795803  3.44886746  3.3937526   3.45943659  3.42235847
  3.53592296  3.62187021  3.71756724  3.77174379  3.87198185  3.78671172
  3.90968589  3.87424703  3.51046347  3.34452263  3.33555933  3.37913029
  3.3542741   3.31892983  3.27471843  3.33201907  3.42290967  3.44361323
  3.23971535  3.08424298  2.97494302  2.99332111  3.0485059   3.0929757
  3.12851427  3.18949296  2.97290856  2.92659     2.97949516  2.88336352
  2.96659035  3.00119018  3.08683981  3.0889902   3.20901031  3.31338398
  3.04071144  3.14023216  3.21567177  3.27090937  3.39208772  3.35446806
  3.49877099  3.49573387  3.58184577  3.43366513  3.46948615  3.41644396
  3.4180321   3.48850241  3.5350715   3.29273755  3.3885262   3.12742854
  3.1666911   3.09472585  2.81487194  2.86511821  2.84155349  2.73367066
  2.69357893  2.73047018  2.75589679  2.76356859  2.78815982  2.75874038
  2.80810853  2.60919616  2.63575443  2.5530656   2.47908861  2.3580551
  2.34422265  2.31058455  2.30925975  2.31387997  2.01195896  2.02350584
  1.87043997  1.80349253  1.54735299  1.41870822  1.38209713  1.26885896
  1.1199571   0.94860279  0.85719434  0.36538421  0.08303136  0.03366832
 -0.02010428 -0.00879858 -0.05453775 -0.08767553 -0.06595561 -0.03585791
 -0.14539406 -0.09367877]
Mus:
[[-0.02625116 -0.01100756]
 [-0.02736509 -0.01061179]
 [-0.02697059 -0.0107253 ]
 [-0.02712651 -0.01090858]
 [-0.02692949 -0.01115243]
 [-0.02631653 -0.01066212]
 [-0.02586242 -0.01044751]
 [-0.02498798 -0.00920549]
 [-0.02585427 -0.00911726]
 [-0.02618359 -0.00901049]
 [-0.0276603  -0.0101042 ]
 [-0.02872624 -0.01101633]
 [-0.02824964 -0.01063192]
 [-0.02848712 -0.00979431]
 [-0.03003643 -0.01037541]
 [-0.03120114 -0.0109652 ]
 [-0.03298078 -0.01184223]
 [-0.03478185 -0.01329693]
 [-0.03649274 -0.0141736 ]
 [-0.03796354 -0.01476354]
 [-0.0394582  -0.01532783]
 [-0.04100167 -0.01587112]
 [-0.04203208 -0.01641609]
 [-0.04306955 -0.01724193]
 [-0.04345836 -0.01750381]
 [-0.04415552 -0.01810816]
 [-0.04253356 -0.01694983]
 [-0.04110993 -0.01613734]
 [-0.04211061 -0.0170531 ]
 [-0.04062293 -0.01666399]
 [-0.03918726 -0.01623212]
 [-0.037682   -0.01581885]
 [-0.03823714 -0.01587973]
 [-0.0335778  -0.0141586 ]
 [-0.03219798 -0.01437624]
 [-0.02627463 -0.01185863]
 [-0.02060415 -0.00921781]
 [-0.01985743 -0.0085764 ]
 [-0.0191585  -0.00888258]
 [-0.01570196 -0.00739817]
 [-0.01899533 -0.00923307]
 [-0.02185646 -0.01092717]
 [-0.02147779 -0.01093302]
 [-0.02114502 -0.01105811]
 [-0.02132628 -0.01135329]
 [-0.02179856 -0.01175745]
 [-0.02221295 -0.01201218]
 [-0.02211915 -0.01158833]
 [-0.02280013 -0.01178677]
 [-0.02227646 -0.01130089]
 [-0.02520472 -0.01369975]
 [-0.02502228 -0.01374094]
 [-0.02495376 -0.01375793]
 [-0.0249058  -0.01386507]
 [-0.02500654 -0.01420871]
 [-0.02337662 -0.01342598]
 [-0.02301428 -0.0136708 ]
 [-0.02310396 -0.01393869]
 [-0.02272808 -0.01407063]
 [-0.02024527 -0.01241017]
 [-0.01899238 -0.01170434]
 [-0.01916426 -0.01191466]
 [-0.01964822 -0.01225702]
 [-0.01841502 -0.01149329]
 [-0.02052591 -0.01296345]
 [-0.01899736 -0.01204862]
 [-0.0178619  -0.01141288]
 [-0.01839573 -0.01211388]
 [-0.0193803  -0.01308746]
 [-0.0182734  -0.01263712]
 [-0.01621702 -0.01132599]
 [-0.0164427  -0.01206515]
 [-0.01583381 -0.01204302]
 [-0.01480989 -0.01149461]
 [-0.01367456 -0.01131163]
 [-0.01070892 -0.00948277]
 [-0.00962434 -0.00930582]
 [-0.00755582 -0.00855374]
 [-0.00499015 -0.00777884]
 [-0.0031466  -0.00709298]
 [ 0.00039077 -0.00526714]
 [ 0.00290336 -0.00424559]
 [ 0.00359815 -0.00442054]
 [ 0.00746859 -0.0025405 ]
 [ 0.00916997 -0.0017145 ]
 [ 0.01113581 -0.00021256]
 [ 0.01160582  0.00107976]
 [ 0.01237859  0.00169084]
 [ 0.01476035  0.0039318 ]
 [ 0.01501882  0.00410628]
 [ 0.01318667  0.00233781]
 [ 0.01503171  0.00395073]
 [ 0.01520739  0.00386995]
 [ 0.01611585  0.00494866]
 [ 0.01648296  0.00565946]
 [ 0.01646904  0.00584779]
 [ 0.01649027  0.00620275]
 [ 0.016504    0.00639409]
 [ 0.01502802  0.00529208]
 [ 0.01514724  0.00630417]
 [ 0.01396457  0.0051875 ]
 [ 0.01361242  0.00498441]
 [ 0.01256606  0.00468878]
 [ 0.01142534  0.00442914]
 [ 0.01033683  0.00424452]
 [ 0.00931156  0.00371522]
 [ 0.00713277  0.00216607]
 [ 0.00724896  0.00279105]
 [ 0.00579891  0.00227777]
 [ 0.00310518  0.00014054]
 [ 0.00383453  0.00164324]
 [ 0.00175402  0.00058934]
 [-0.00019109  0.00019879]
 [-0.00285393 -0.00093375]
 [-0.00587741 -0.00184084]
 [-0.00799918 -0.00208392]
 [-0.00926362 -0.00245217]
 [-0.01182677 -0.00345548]
 [-0.01477055 -0.00461393]
 [-0.01760965 -0.00588738]
 [-0.01847244 -0.00525329]
 [-0.01843232 -0.00458925]
 [-0.02175633 -0.00560168]
 [-0.02288802 -0.00646474]
 [-0.02345229 -0.00695633]
 [-0.02462657 -0.00749343]
 [-0.02493525 -0.00781957]
 [-0.02576977 -0.00803773]
 [-0.02469901 -0.00817036]
 [-0.02456178 -0.00861329]
 [-0.0244819  -0.00844191]
 [-0.02592221 -0.00888278]
 [-0.02653466 -0.00934511]
 [-0.02683775 -0.0092166 ]
 [-0.02778322 -0.00977712]
 [-0.02775233 -0.00964159]
 [-0.02839735 -0.01013164]
 [-0.02880675 -0.01052902]
 [-0.03056366 -0.01220992]
 [-0.03092013 -0.01251158]
 [-0.03143262 -0.01317937]
 [-0.03146425 -0.013787  ]
 [-0.03061844 -0.01357882]
 [-0.03012598 -0.01347149]
 [-0.0294853  -0.01343172]
 [-0.02917571 -0.01312505]
 [-0.02793434 -0.01326255]
 [-0.02691075 -0.01390983]
 [-0.02566537 -0.01417844]
 [-0.02208446 -0.01243037]
 [-0.0186772  -0.01084215]
 [-0.01623431 -0.0096322 ]
 [-0.01393111 -0.00907434]
 [-0.01206779 -0.00812439]
 [-0.00981831 -0.00754146]
 [-0.00848223 -0.00653773]
 [-0.00741915 -0.00671637]
 [-0.00439204 -0.00524153]
 [-0.00373601 -0.00529667]
 [-0.00113995 -0.00408354]
 [ 0.00037548 -0.00325064]
 [ 0.00029428 -0.00378056]
 [ 0.00184467 -0.00250746]
 [ 0.0026062  -0.00211315]
 [ 0.00363726 -0.00191898]
 [ 0.00438841 -0.00143117]
 [ 0.00527793 -0.00081946]
 [ 0.00635584 -0.00010617]
 [ 0.00684814  0.00021207]
 [ 0.00793945  0.00183181]
 [ 0.00765773  0.00131022]
 [ 0.00782661  0.00105558]
 [ 0.0081467   0.00197424]
 [ 0.00861802  0.00248562]
 [ 0.00825709  0.00240553]
 [ 0.00768619  0.0019829 ]
 [ 0.00665537  0.00118422]
 [ 0.00540761  0.00018595]
 [ 0.00308146 -0.00210631]
 [ 0.00352791 -0.00202394]
 [ 0.00580884 -0.00046528]
 [ 0.00581635 -0.0009863 ]
 [ 0.00704767 -0.00120669]
 [ 0.00710512 -0.00121645]
 [ 0.00650795 -0.00180207]
 [ 0.00922302  0.00010574]
 [ 0.0105188   0.0011563 ]
 [ 0.00787301 -0.00092248]
 [ 0.00959463 -0.00014698]
 [ 0.01430341  0.00361864]
 [ 0.01126141  0.0011448 ]
 [ 0.01171791  0.00110655]
 [ 0.01204133  0.00073865]
 [ 0.01361503  0.00154203]
 [ 0.01301798  0.00070701]
 [ 0.01616642  0.00255392]
 [ 0.01823544  0.00349242]
 [ 0.0187433   0.0033422 ]
 [ 0.01754897  0.00213547]
 [ 0.02037832  0.00386744]]
Actions:
[[ 0.09289722 -0.45178108]
 [ 0.15534761  0.25754919]
 [ 0.00841363  0.09178735]
 [-0.01357716  0.21805116]
 [ 0.24621873  0.05117208]
 [ 0.11680292  0.12090784]
 [ 0.37481785 -0.2549241 ]
 [-0.15196331 -0.3164187 ]
 [ 0.01543356 -0.10812378]
 [-0.39272864  0.09356554]
 [-0.31703498  0.11244119]
 [ 0.22367565  0.01217342]
 [ 0.12351374 -0.59603288]
 [-0.20001843 -0.32668889]
 [-0.12186316 -0.19272097]
 [-0.3800584  -0.38550182]
 [-0.12964555  0.22451764]
 [ 0.03322878 -0.00879392]
 [ 0.0727569  -0.10093229]
 [ 0.09820496 -0.08350676]
 [ 0.07838039 -0.10697868]
 [ 0.06287727  0.03694448]
 [-0.29968921  0.00135466]
 [-0.11479346 -0.08268451]
 [-0.18945832  0.07054276]
 [ 0.17610154 -0.3612483 ]
 [ 0.03206036 -0.18244586]
 [-0.11033401  0.36634559]
 [-0.31274849 -0.17401926]
 [ 0.00171943  0.11982229]
 [-0.07588955  0.09962887]
 [ 0.51595462  0.38282341]
 [-0.4566685  -0.4056516 ]
 [-0.41070443  0.20286992]
 [-0.07502315 -0.29078803]
 [ 0.15783552 -0.1980117 ]
 [ 0.43084894  0.06476877]
 [-0.31746438  0.23361432]
 [ 0.04583709 -0.10072207]
 [ 0.11607315  0.3923783 ]
 [ 0.41830456  0.15399023]
 [ 0.01481075 -0.10418991]
 [ 0.05412121  0.16189343]
 [ 0.02482018  0.12857894]
 [ 0.09522573  0.21055448]
 [ 0.12399201  0.16388791]
 [ 0.10175488 -0.16923281]
 [-0.13200632 -0.19713057]
 [ 0.07935885 -0.13867066]
 [-0.50550819  0.39906881]
 [ 0.00616982  0.05394967]
 [ 0.09693855  0.10756005]
 [-0.18762675 -0.12635139]
 [-0.16409876  0.02530623]
 [-0.12058208 -0.24363797]
 [ 0.01791147  0.23730039]
 [ 0.21583089  0.35882965]
 [-0.21365817 -0.05807614]
 [ 0.38465745 -0.12862836]
 [ 0.16638774 -0.03144336]
 [ 0.09952383  0.18705205]
 [-0.12305906 -0.03302926]
 [ 0.15724543 -0.08976174]
 [-0.28111707  0.23799761]
 [ 0.05345668 -0.1983343 ]
 [-0.04193588 -0.18454962]
 [-0.25313905  0.14050473]
 [ 0.01017983  0.5004141 ]
 [ 0.02850902  0.05905273]
 [ 0.23729795 -0.09397277]
 [ 0.07934697  0.66505828]
 [-0.15067482  0.22578125]
 [ 0.07491967 -0.18995189]
 [-0.35496974 -0.15628639]
 [ 0.32426726 -0.06922831]
 [-0.00770858  0.24156103]
 [-0.14864167 -0.04353015]
 [-0.51849976 -0.19992793]
 [ 0.18860907  0.25906255]
 [-0.17401607 -0.3042902 ]
 [-0.08423284 -0.02637254]
 [ 0.06831016  0.38307989]
 [-0.09028127 -0.20820145]
 [ 0.11537788  0.0902667 ]
 [ 0.25019445 -0.07546664]
 [ 0.40447979 -0.08397647]
 [ 0.04775303 -0.05447703]
 [ 0.16970268 -0.42318578]
 [ 0.03122857  0.00371911]
 [-0.0689639   0.42847404]
 [ 0.1587412  -0.24441864]
 [-0.41096962 -0.27509591]
 [ 0.21620846 -0.11318629]
 [ 0.05646221 -0.21094799]
 [ 0.08996053 -0.02166475]
 [ 0.19086744 -0.01375367]
 [ 0.27597738  0.11776915]
 [-0.18254074  0.04671113]
 [ 0.16742849 -0.3786028 ]
 [-0.02803607  0.27343747]
 [ 0.25718778  0.24214335]
 [-0.0230333  -0.1311322 ]
 [-0.05019151 -0.20848463]
 [-0.03900869 -0.23061457]
 [ 0.12816255  0.14858822]
 [-0.25506644  0.08362434]
 [ 0.37349289  0.02217939]
 [-0.01419996 -0.09399166]
 [-0.17086538  0.37532149]
 [ 0.58141241 -0.1278686 ]
 [ 0.26772531  0.3075503 ]
 [ 0.13394985 -0.18243515]
 [ 0.02649294  0.07293609]
 [-0.23443527 -0.29328787]
 [ 0.04403229 -0.28114354]
 [ 0.19445842  0.09702541]
 [-0.02853817  0.05738295]
 [-0.19216926 -0.0187289 ]
 [-0.37252078 -0.00862357]
 [ 0.04813195 -0.49993225]
 [ 0.29270315 -0.20999388]
 [-0.3601928  -0.30012149]
 [-0.12572743  0.17869499]
 [-0.04942921  0.10196858]
 [-0.2498335  -0.1495808 ]
 [ 0.02393733  0.07469535]
 [ 0.01516004 -0.10077313]
 [ 0.22471877  0.40590312]
 [ 0.00278556  0.3074499 ]
 [ 0.07309804 -0.00517596]
 [-0.40158783 -0.29407559]
 [-0.124461    0.03816593]
 [ 0.084586   -0.14646372]
 [-0.17050814 -0.03641996]
 [ 0.19931764 -0.03212466]
 [-0.04464301  0.08312171]
 [-0.00426473  0.11661286]
 [-0.7103926   0.1639868 ]
 [ 0.01241818  0.03371837]
 [-0.08373538  0.18444805]
 [-0.36282172  0.09411629]
 [-0.17519739 -0.15877644]
 [ 0.27723448  0.10738473]
 [-0.14695195 -0.05707261]
 [ 0.20538095 -0.09449327]
 [-0.33464728  0.06955488]
 [-0.49282701  0.35576073]
 [-0.23907779  0.29230218]
 [ 0.25672863 -0.21242541]
 [ 0.03222322 -0.32310627]
 [ 0.07415829 -0.18806155]
 [-0.01167991  0.20993   ]
 [ 0.43392642  0.17382993]
 [-0.1644388   0.0240585 ]
 [ 0.47032941  0.07362625]
 [-0.24664599  0.16310407]
 [-0.26320939 -0.40256793]
 [ 0.29759816  0.43249412]
 [-0.10155866 -0.18712978]
 [ 0.18574078  0.02260733]
 [ 0.06489482  0.38073271]
 [ 0.13459542 -0.23417447]
 [-0.0991351  -0.10551557]
 [-0.25029223 -0.03497905]
 [ 0.13588444  0.03884691]
 [ 0.12511379 -0.00236815]
 [ 0.2146381   0.0580793 ]
 [ 0.04010628 -0.00322017]
 [ 0.17615804 -0.45886598]
 [-0.23213869  0.00808151]
 [ 0.12473261  0.28356568]
 [ 0.08606198 -0.32910596]
 [ 0.29217585  0.10106156]
 [ 0.0779114   0.02099175]
 [ 0.08798376  0.16443876]
 [-0.08109604  0.10694363]
 [-0.24760641  0.02918505]
 [-0.48396999  0.36529435]
 [-0.11368478  0.01304996]
 [-0.12140716 -0.41361129]
 [-0.19171914  0.17498646]
 [-0.56470388  0.03326459]
 [ 0.18388432  0.20530752]
 [-0.05484733  0.18968741]
 [ 0.25433159 -0.18063991]
 [ 0.33806778  0.04008834]
 [-0.3247503   0.29744753]
 [ 0.22750187  0.16128249]
 [ 0.50535375 -0.4340823 ]
 [-0.46870108  0.22651877]
 [-0.22345518 -0.04101562]
 [-0.12179629  0.15974722]
 [-0.02281645 -0.07680394]
 [-0.17053486  0.19344904]
 [ 0.19879328 -0.12865131]
 [ 0.10451351  0.03334448]
 [-0.14366023  0.09460278]
 [-0.38331285  0.18385252]
 [ 0.08983863 -0.18825455]
 [ 0.02361874  0.08748326]]
States:
[[0.99949575 0.99936985 0.53238876 0.52415475 0.51346026 0.59691773]
 [0.99940759 0.99975225 0.53430218 0.51514857 0.53732475 0.47851972]
 [0.99903202 0.99999317 0.54117891 0.50251556 0.57666138 0.54834655]
 ...
 [0.10254363 0.39655966 0.19431632 0.99650841 0.3120288  0.84253684]
 [0.07988357 0.35355268 0.22591276 0.99013461 0.21764989 0.88586852]
 [0.05722091 0.31218568 0.2636433  0.98082    0.24655286 0.83081026]]
Logstds:
[[-3. -3.]
 [-3. -3.]
 [-3. -3.]
 [-3. -3.]
 [-3. -3.]
 [-3. -3.]
 [-3. -3.]
 [-3. -3.]
 [-3. -3.]
 [-3. -3.]
 [-3. -3.]
 [-3. -3.]
 [-3. -3.]
 [-3. -3.]
 [-3. -3.]
 [-3. -3.]
 [-3. -3.]
 [-3. -3.]
 [-3. -3.]
 [-3. -3.]
 [-3. -3.]
 [-3. -3.]
 [-3. -3.]
 [-3. -3.]
 [-3. -3.]
 [-3. -3.]
 [-3. -3.]
 [-3. -3.]
 [-3. -3.]
 [-3. -3.]
 [-3. -3.]
 [-3. -3.]
 [-3. -3.]
 [-3. -3.]
 [-3. -3.]
 [-3. -3.]
 [-3. -3.]
 [-3. -3.]
 [-3. -3.]
 [-3. -3.]
 [-3. -3.]
 [-3. -3.]
 [-3. -3.]
 [-3. -3.]
 [-3. -3.]
 [-3. -3.]
 [-3. -3.]
 [-3. -3.]
 [-3. -3.]
 [-3. -3.]
 [-3. -3.]
 [-3. -3.]
 [-3. -3.]
 [-3. -3.]
 [-3. -3.]
 [-3. -3.]
 [-3. -3.]
 [-3. -3.]
 [-3. -3.]
 [-3. -3.]
 [-3. -3.]
 [-3. -3.]
 [-3. -3.]
 [-3. -3.]
 [-3. -3.]
 [-3. -3.]
 [-3. -3.]
 [-3. -3.]
 [-3. -3.]
 [-3. -3.]
 [-3. -3.]
 [-3. -3.]
 [-3. -3.]
 [-3. -3.]
 [-3. -3.]
 [-3. -3.]
 [-3. -3.]
 [-3. -3.]
 [-3. -3.]
 [-3. -3.]
 [-3. -3.]
 [-3. -3.]
 [-3. -3.]
 [-3. -3.]
 [-3. -3.]
 [-3. -3.]
 [-3. -3.]
 [-3. -3.]
 [-3. -3.]
 [-3. -3.]
 [-3. -3.]
 [-3. -3.]
 [-3. -3.]
 [-3. -3.]
 [-3. -3.]
 [-3. -3.]
 [-3. -3.]
 [-3. -3.]
 [-3. -3.]
 [-3. -3.]
 [-3. -3.]
 [-3. -3.]
 [-3. -3.]
 [-3. -3.]
 [-3. -3.]
 [-3. -3.]
 [-3. -3.]
 [-3. -3.]
 [-3. -3.]
 [-3. -3.]
 [-3. -3.]
 [-3. -3.]
 [-3. -3.]
 [-3. -3.]
 [-3. -3.]
 [-3. -3.]
 [-3. -3.]
 [-3. -3.]
 [-3. -3.]
 [-3. -3.]
 [-3. -3.]
 [-3. -3.]
 [-3. -3.]
 [-3. -3.]
 [-3. -3.]
 [-3. -3.]
 [-3. -3.]
 [-3. -3.]
 [-3. -3.]
 [-3. -3.]
 [-3. -3.]
 [-3. -3.]
 [-3. -3.]
 [-3. -3.]
 [-3. -3.]
 [-3. -3.]
 [-3. -3.]
 [-3. -3.]
 [-3. -3.]
 [-3. -3.]
 [-3. -3.]
 [-3. -3.]
 [-3. -3.]
 [-3. -3.]
 [-3. -3.]
 [-3. -3.]
 [-3. -3.]
 [-3. -3.]
 [-3. -3.]
 [-3. -3.]
 [-3. -3.]
 [-3. -3.]
 [-3. -3.]
 [-3. -3.]
 [-3. -3.]
 [-3. -3.]
 [-3. -3.]
 [-3. -3.]
 [-3. -3.]
 [-3. -3.]
 [-3. -3.]
 [-3. -3.]
 [-3. -3.]
 [-3. -3.]
 [-3. -3.]
 [-3. -3.]
 [-3. -3.]
 [-3. -3.]
 [-3. -3.]
 [-3. -3.]
 [-3. -3.]
 [-3. -3.]
 [-3. -3.]
 [-3. -3.]
 [-3. -3.]
 [-3. -3.]
 [-3. -3.]
 [-3. -3.]
 [-3. -3.]
 [-3. -3.]
 [-3. -3.]
 [-3. -3.]
 [-3. -3.]
 [-3. -3.]
 [-3. -3.]
 [-3. -3.]
 [-3. -3.]
 [-3. -3.]
 [-3. -3.]
 [-3. -3.]
 [-3. -3.]
 [-3. -3.]
 [-3. -3.]
 [-3. -3.]
 [-3. -3.]
 [-3. -3.]
 [-3. -3.]
 [-3. -3.]
 [-3. -3.]
 [-3. -3.]]
