Baseline:
[1.5679651 1.6248719 1.624791  1.6492636 1.6557351 1.6405258 1.6329914
 1.6528007 1.673411  1.6583831 1.6482881 1.6593533 1.6542155 1.6465329
 1.6391588 1.6185937 1.6209297 1.6330874 1.6281625 1.6065695 1.5627903
 1.5457631 1.5327233 1.5256124 1.5107206 1.5141832 1.4952829 1.5065976
 1.4800891 1.4510677 1.4498283 1.4236034 1.3793154 1.3597304 1.3253348
 1.2804446 1.2704729 1.2313384 1.2106565 1.1593763 1.1446606 1.127401
 1.1081117 1.1239741 1.1598301 1.1324819 1.1232805 1.1346146 1.1303595
 1.1958308 1.2097168 1.2099375 1.1984391 1.1916898 1.187499  1.1779343
 1.1713523 1.191337  1.1876034 1.1936682 1.1778153 1.1788586 1.1711754
 1.16095   1.1531128 1.1451519 1.1602801 1.149379  1.1139327 1.1360824
 1.1380446 1.1490983 1.177048  1.1401646 1.1589653 1.1650465 1.1563586
 1.1821924 1.1773039 1.2121663 1.2179474 1.2174358 1.2054745 1.2160248
 1.217611  1.2186927 1.1982197 1.1954728 1.2018844 1.2136866 1.2233224
 1.2086061 1.2178838 1.1863359 1.1779552 1.1740862 1.1613041 1.1637336
 1.1201928 1.1034199 1.1123883 1.1020058 1.121966  1.1194674 1.1154367
 1.1009753 1.1363817 1.1141989 1.1095663 1.0993849 1.0886545 1.089579
 1.0844824 1.1011188 1.1138034 1.1268009 1.173957  1.1923262 1.2066022
 1.2105914 1.221929  1.2273531 1.2387561 1.2580565 1.239787  1.2061241
 1.199584  1.1878306 1.1872488 1.1867021 1.1759566 1.1688243 1.200646
 1.2047981 1.1996852 1.1992973 1.1879429 1.1868747 1.1887751 1.1850917
 1.1391407 1.1749321 1.2008753 1.2011365 1.1979986 1.1870881 1.1831597
 1.173751  1.1906149 1.2041326 1.1771863 1.1683825 1.1886884 1.1635398
 1.1905742 1.1648872 1.1607174 1.1590904 1.160303  1.1557873 1.1476613
 1.1284059 1.1524701 1.202419  1.2256321 1.2461671 1.2431611 1.2632366
 1.2831136 1.3382102 1.3485724 1.3608146 1.3799299 1.3773007 1.3740157
 1.3899057 1.3980774 1.4147588 1.3983396 1.3840896 1.3463598 1.3204783
 1.2961432 1.307433  1.3115683 1.2963277 1.3089514 1.307762  1.3338932
 1.3313581 1.3294164 1.3351055 1.3340122 1.3370782 1.3332934 1.345996
 1.3590497 1.3506128 1.3520504 1.3733728 1.3733728]
Returns:
[9.77051023 9.16957407 9.13199982 9.00943069 8.85348619 8.85120198
 8.81913176 8.76653881 8.65969503 8.65686065 8.60115318 8.58363489
 8.52860984 8.48505061 8.51569793 8.47123705 8.4168929  8.37320348
 8.39391981 8.21738568 7.85117842 7.72112547 7.56041124 7.50398249
 7.46898463 7.34174638 7.07101569 6.82244399 6.62912987 6.51758116
 6.06182945 5.97378471 5.81202667 5.58935842 5.57026119 5.30201518
 5.03761881 5.03925956 5.03429571 4.96546654 4.97314715 5.02911699
 4.88092084 4.81795528 4.70313063 4.51174324 4.54544343 4.56826921
 4.59855997 4.58823216 4.56966595 4.57072871 4.46764116 4.49272023
 4.52034428 4.5537962  4.23352583 4.20365894 4.2057693  4.1603328
 4.11483266 4.12046981 4.14150276 4.03286415 4.08217524 4.14874684
 4.16882037 4.25016283 4.12179933 4.18588957 4.29850092 4.24021124
 4.2253119  4.06943085 4.19390787 4.26452317 3.98735613 3.65933613
 3.70848274 3.71736734 3.70669401 3.84761899 3.92979411 4.09084569
 4.25986339 4.40208988 4.45301993 4.59741474 4.60787779 4.61105229
 4.58595114 4.56827191 4.61741094 4.61520874 4.68576769 4.75108722
 4.79396704 4.84256196 4.668683   4.70051411 4.70460663 4.66223765
 4.57682039 4.60543007 4.50765805 4.53723912 4.04978129 3.80452341
 3.85315902 3.90563326 3.92509591 3.99725273 4.01780128 4.16479575
 4.00167151 4.10474063 4.27682006 4.38626584 4.54771063 4.67112093
 4.60298895 4.70657661 4.73252764 4.71571608 4.77178214 4.78960048
 4.91541911 4.93797715 5.00660276 4.73103623 4.73992902 4.76657761
 4.80942601 4.75922528 4.80467775 4.8585124  4.91472827 4.97470673
 4.96191654 4.85242584 4.6565553  4.65847763 4.47374045 4.45799268
 4.46135704 4.46628042 4.4932983  4.47888406 4.40465735 4.33551426
 4.25972805 4.22992702 3.90543105 3.92028804 3.75963671 3.78690573
 3.81618173 3.90155756 4.00294334 4.01781227 4.12485746 4.06927865
 4.14602693 4.06103745 4.06514569 3.87600757 3.9731542  4.10696088
 4.2595739  4.2311235  4.32879968 4.47620413 4.49282143 4.61572073
 4.65255001 4.72882406 4.81845239 4.79811863 4.83853844 4.87154707
 4.47264329 4.50863484 4.48651202 4.18068567 4.15445187 4.0417065
 3.7565577  3.71167635 3.27651775 3.15058113 3.00472539 2.87246208
 2.63197951 2.42929074 2.24800339 1.97684353 1.37968584 1.04361066
 0.60704221 0.29793823]
Advants:
[5.78194485 5.1512392  5.14203512 5.02114494 4.88208504 4.92075567
 4.92339959 4.87825347 4.77643526 4.8168258  4.80040161 4.80260895
 4.78459257 4.78219216 4.85771742 4.87378134 4.8587118  4.84629302
 4.91985501 4.8121247  4.53095761 4.4592118  4.35176672 4.34457992
 4.36957193 4.28376881 4.07287216 3.84936873 3.7168867  3.6690545
 3.23813593 3.20000759 3.10461433 2.91920751 2.95416124 2.74522727
 2.49858421 2.54906504 2.57580142 2.56966683 2.6051426  2.69483046
 2.57979722 2.51358687 2.37193834 2.21262725 2.26198659 2.28084159
 2.32444648 2.25613385 2.23080211 2.23939733 2.15338902 2.19225811
 2.23269735 2.28640376 1.97461396 1.9252808  1.93186822 1.87958072
 1.8481635  1.85097863 1.87865278 1.77606508 1.83045065 1.9042902
 1.90863646 2.00308295 1.90968245 1.95239571 2.06730567 2.0004413
 1.95895725 1.83776048 1.94431869 2.01180576 1.73822757 1.36789648
 1.40572181 1.36134994 1.32442555 1.44802273 1.52571165 1.66301887
 1.82131062 1.95690242 2.02448774 2.17203725 2.17665659 2.16837828
 2.13294622 2.12913725 2.16931344 2.19990829 2.282645   2.35809378
 2.42227085 2.47910453 2.35631244 2.41460846 2.42009953 2.39837374
 2.30087203 2.34148914 2.25516739 2.30862368 1.77980402 1.54336706
 1.58378258 1.63442859 1.65252261 1.71282836 1.72740919 1.84979215
 1.65989139 1.73745647 1.85267125 1.93602922 2.07937343 2.19833748
 2.11591423 2.21390836 2.22872256 2.1917825  2.26751854 2.32211174
 2.46194105 2.50542072 2.58671769 2.31631161 2.34156412 2.38248226
 2.40159523 2.3543365  2.41416418 2.48011505 2.56250244 2.64151634
 2.64586954 2.55745573 2.42177476 2.40230976 2.20074474 2.19413228
 2.21103266 2.23864014 2.28332006 2.29306332 2.21516064 2.14425485
 2.10666079 2.09721786 1.7542907  1.79756794 1.60762786 1.65977531
 1.69337805 1.78324208 1.88961817 1.91633365 2.04302224 2.01807403
 2.08473166 1.96078385 1.95301506 1.74915884 1.85872144 1.98618155
 2.13792145 2.0724132  2.18200308 2.3455191  2.373713   2.5364302
 2.6181419  2.72553459 2.86052351 2.88045612 3.00085205 3.11854354
 2.8226319  2.9572405  3.03845299 2.79725899 2.8483406  2.83620927
 2.62187356 2.66737474 2.28860957 2.2509461  2.19562302 2.14954178
 2.00244626 1.89048375 1.80927362 1.62112734 1.09591342 0.85038009
 0.48792656 0.22926962]
Mus:
[[-1.61567200e-02 -5.42553375e-03]
 [-1.56655461e-02 -4.60334076e-03]
 [-1.57580599e-02 -4.29424085e-03]
 [-1.60148311e-02 -4.06753551e-03]
 [-1.61532313e-02 -3.48858861e-03]
 [-1.62417199e-02 -3.54872271e-03]
 [-1.63106900e-02 -3.30966618e-03]
 [-1.67426057e-02 -3.31015582e-03]
 [-1.69093907e-02 -2.89018708e-03]
 [-1.59549844e-02 -2.80038989e-03]
 [-1.45024452e-02 -2.68236082e-03]
 [-1.46449869e-02 -2.98601273e-03]
 [-1.52370576e-02 -3.66139528e-03]
 [-1.63996052e-02 -4.50539822e-03]
 [-1.64655317e-02 -4.59768903e-03]
 [-1.67133398e-02 -4.91663162e-03]
 [-1.61714442e-02 -4.42932686e-03]
 [-1.67371109e-02 -4.72808536e-03]
 [-1.69580001e-02 -4.87127807e-03]
 [-1.54672414e-02 -4.00152383e-03]
 [-1.36402389e-02 -3.33392527e-03]
 [-1.27796009e-02 -3.01566767e-03]
 [-1.21669993e-02 -2.77533894e-03]
 [-1.27508361e-02 -3.24397301e-03]
 [-1.34772640e-02 -4.00833180e-03]
 [-1.47824688e-02 -4.48424229e-03]
 [-1.47132156e-02 -4.34872927e-03]
 [-1.80120822e-02 -5.40849892e-03]
 [-1.87589135e-02 -5.78032853e-03]
 [-1.97524577e-02 -6.38073124e-03]
 [-2.29026731e-02 -7.15040416e-03]
 [-2.37872545e-02 -8.06737226e-03]
 [-2.32402440e-02 -8.11968092e-03]
 [-2.47230567e-02 -8.37708078e-03]
 [-2.50026025e-02 -8.60278588e-03]
 [-2.46318504e-02 -8.33424367e-03]
 [-2.63560973e-02 -8.66563246e-03]
 [-2.59884726e-02 -8.71900562e-03]
 [-2.67054830e-02 -8.74167401e-03]
 [-2.52112877e-02 -8.10465589e-03]
 [-2.50204504e-02 -7.71523127e-03]
 [-2.36879494e-02 -7.03048939e-03]
 [-2.36738194e-02 -7.28694815e-03]
 [-2.48872451e-02 -7.64105562e-03]
 [-2.91102063e-02 -9.26913880e-03]
 [-2.95257736e-02 -9.97812301e-03]
 [-2.75623705e-02 -9.30339098e-03]
 [-2.67609619e-02 -9.04181786e-03]
 [-2.43266653e-02 -8.22558254e-03]
 [-3.27869616e-02 -1.20548382e-02]
 [-3.53907309e-02 -1.36662200e-02]
 [-3.45984735e-02 -1.35609172e-02]
 [-3.26892212e-02 -1.29765468e-02]
 [-3.10650654e-02 -1.25915660e-02]
 [-2.98428517e-02 -1.25030186e-02]
 [-2.81753447e-02 -1.22447060e-02]
 [-2.22822297e-02 -9.35855415e-03]
 [-2.26479899e-02 -9.78774205e-03]
 [-2.22511832e-02 -1.00101279e-02]
 [-2.02645641e-02 -9.16208606e-03]
 [-1.99983716e-02 -9.55096446e-03]
 [-1.80917978e-02 -9.00013745e-03]
 [-1.52967367e-02 -7.86806550e-03]
 [-1.59065351e-02 -8.90338980e-03]
 [-1.32547505e-02 -7.87281990e-03]
 [-1.07901404e-02 -6.85872184e-03]
 [-9.08502005e-03 -5.93860354e-03]
 [-9.21615679e-03 -6.08767616e-03]
 [-4.46929829e-03 -3.82112479e-03]
 [-2.24167388e-03 -2.65021878e-03]
 [ 4.73286898e-04 -1.40771188e-03]
 [ 6.07511075e-03  1.64638832e-03]
 [ 4.79991455e-03  8.02105526e-04]
 [ 4.66538267e-03  3.22142325e-04]
 [ 4.06356482e-03 -1.27362306e-04]
 [ 3.39092221e-03 -4.98941285e-04]
 [ 1.63621956e-03 -1.17171207e-03]
 [ 5.04575949e-03  8.87126953e-04]
 [ 8.47516814e-04 -1.02748442e-03]
 [ 3.46159865e-03  6.73742266e-04]
 [ 5.51114790e-03  2.48839543e-03]
 [ 3.53803602e-03  1.87797262e-03]
 [ 1.93442008e-03  1.40819419e-03]
 [-1.46056339e-03  6.30417999e-05]
 [-3.73753137e-03 -7.76111148e-04]
 [-4.98030474e-03 -9.30167560e-04]
 [-7.39301555e-03 -1.97025551e-03]
 [-9.54898819e-03 -2.68669496e-03]
 [-1.48641719e-02 -5.13923634e-03]
 [-1.79983284e-02 -6.26967615e-03]
 [-1.87004339e-02 -5.90493111e-03]
 [-2.39779390e-02 -8.47222190e-03]
 [-2.82059368e-02 -9.94120166e-03]
 [-2.92344410e-02 -1.04353689e-02]
 [-3.46643515e-02 -1.27343610e-02]
 [-3.73807363e-02 -1.38081135e-02]
 [-3.75922099e-02 -1.38723291e-02]
 [-4.10484038e-02 -1.55348768e-02]
 [-3.63602340e-02 -1.38933538e-02]
 [-3.31454799e-02 -1.28155798e-02]
 [-3.33298706e-02 -1.33510726e-02]
 [-3.00269816e-02 -1.24395620e-02]
 [-3.13992128e-02 -1.37849916e-02]
 [-2.90511828e-02 -1.33094359e-02]
 [-2.55676880e-02 -1.22900642e-02]
 [-1.96899455e-02 -1.01147648e-02]
 [-2.11361442e-02 -1.19020957e-02]
 [-1.57576147e-02 -9.57920030e-03]
 [-1.39629841e-02 -8.95192474e-03]
 [-1.16202142e-02 -7.92814698e-03]
 [-7.75409257e-03 -5.92829566e-03]
 [-4.02306253e-03 -4.08273609e-03]
 [ 9.34252108e-04 -1.42727722e-03]
 [ 3.13596730e-03 -3.38335434e-04]
 [ 6.24666782e-03  1.56648154e-03]
 [ 7.51033891e-03  3.00066220e-03]
 [ 2.15372141e-03 -6.81891033e-05]
 [ 5.71525947e-04 -3.47193272e-04]
 [-1.39708479e-03 -5.50859433e-04]
 [-2.82136980e-03 -7.61671865e-04]
 [-4.66455566e-03 -1.20887032e-03]
 [-7.71876005e-03 -2.48774351e-03]
 [-6.98113255e-03 -1.48236030e-03]
 [-5.24238218e-03 -6.31529792e-06]
 [-9.54638422e-03 -2.16331845e-03]
 [-1.10619944e-02 -2.84174294e-03]
 [-1.27555393e-02 -3.32165463e-03]
 [-1.73677728e-02 -5.66490786e-03]
 [-2.11059302e-02 -7.29419477e-03]
 [-1.95826143e-02 -6.08693529e-03]
 [-1.92133375e-02 -5.71348146e-03]
 [-1.92427486e-02 -5.61348628e-03]
 [-2.91981082e-02 -9.82766319e-03]
 [-3.61766219e-02 -1.30815571e-02]
 [-3.82008329e-02 -1.40046505e-02]
 [-3.94528396e-02 -1.45928431e-02]
 [-3.82036529e-02 -1.41670592e-02]
 [-3.84878330e-02 -1.45218885e-02]
 [-3.70915905e-02 -1.39566548e-02]
 [-3.39315087e-02 -1.24606816e-02]
 [-2.68378556e-02 -9.85106081e-03]
 [-3.32934782e-02 -1.33327125e-02]
 [-3.29871438e-02 -1.31512992e-02]
 [-3.13766263e-02 -1.26008308e-02]
 [-3.14679630e-02 -1.32207898e-02]
 [-2.88926903e-02 -1.23314038e-02]
 [-2.78218314e-02 -1.22564519e-02]
 [-2.39495784e-02 -1.06248315e-02]
 [-2.40666624e-02 -1.10348109e-02]
 [-2.23053750e-02 -1.03812302e-02]
 [-1.88541822e-02 -8.66032671e-03]
 [-1.91160217e-02 -9.40470863e-03]
 [-2.20631175e-02 -1.16616357e-02]
 [-1.86029654e-02 -1.01975566e-02]
 [-1.90113280e-02 -1.05222398e-02]
 [-1.62754450e-02 -9.30081122e-03]
 [-1.73088089e-02 -1.01475036e-02]
 [-1.68813113e-02 -1.01020224e-02]
 [-1.65679995e-02 -1.02040060e-02]
 [-1.23012457e-02 -7.72029161e-03]
 [-9.31929052e-03 -6.17884658e-03]
 [-9.82750300e-03 -7.09952321e-03]
 [-9.44973249e-03 -7.07806833e-03]
 [-7.49131944e-03 -5.58708608e-03]
 [-8.27625208e-03 -6.49107620e-03]
 [-3.61460797e-03 -3.38877970e-03]
 [-4.14355053e-03 -4.03556554e-03]
 [-5.31970570e-03 -4.71352134e-03]
 [-7.50045525e-03 -5.75376488e-03]
 [-7.04953447e-03 -4.72327415e-03]
 [-8.19229800e-03 -4.78556519e-03]
 [-1.07403696e-02 -5.70989680e-03]
 [-1.20859602e-02 -5.24685998e-03]
 [-1.35386018e-02 -5.66521380e-03]
 [-1.22200921e-02 -4.68511460e-03]
 [-1.27282478e-02 -4.64874553e-03]
 [-1.48724997e-02 -5.53602166e-03]
 [-1.85068436e-02 -7.28338631e-03]
 [-2.09982842e-02 -8.45537987e-03]
 [-2.16320716e-02 -8.43922421e-03]
 [-1.76728424e-02 -6.44795410e-03]
 [-1.88645087e-02 -7.08810147e-03]
 [-2.08653752e-02 -8.10814928e-03]
 [-2.67723799e-02 -1.07649276e-02]
 [-3.10784969e-02 -1.26320813e-02]
 [-3.21838744e-02 -1.31675424e-02]
 [-3.87914442e-02 -1.61606465e-02]
 [-3.98586839e-02 -1.69027913e-02]
 [-4.25602011e-02 -1.86683312e-02]
 [-4.12799120e-02 -1.84221771e-02]
 [-4.00711186e-02 -1.82049330e-02]
 [-3.78091484e-02 -1.78667307e-02]
 [-3.36891562e-02 -1.67514402e-02]
 [-2.88187228e-02 -1.54046323e-02]
 [-2.31497753e-02 -1.35555128e-02]
 [-1.84386857e-02 -1.23971449e-02]
 [-1.28724873e-02 -1.06753353e-02]
 [-6.04133308e-03 -7.86822662e-03]
 [-7.54732464e-04 -5.71245281e-03]
 [ 2.46005738e-03 -4.54401085e-03]]
Actions:
[[ 6.76351847e-01  2.06171854e-01]
 [ 7.74144315e-02 -1.41640710e-01]
 [ 2.70997953e-01  1.17585321e-01]
 [ 2.41342972e-01 -2.11236491e-01]
 [-2.12685389e-01 -1.27306397e-01]
 [ 2.67909559e-02 -1.86941991e-01]
 [ 1.69259343e-01  1.53852477e-01]
 [ 3.02212652e-01 -3.14842344e-02]
 [-3.23846025e-01  2.76070145e-02]
 [-3.67467469e-01  1.39348761e-01]
 [-9.05123465e-02  2.85049515e-01]
 [-3.52654600e-01  2.00347385e-01]
 [-3.51871520e-01  1.56635883e-01]
 [-1.56569053e-01 -2.69070860e-02]
 [-3.30879186e-01 -8.58463552e-02]
 [ 2.01839269e-01 -1.03259276e-01]
 [ 7.13610482e-02  2.23451320e-01]
 [-7.80392862e-02  8.61073953e-03]
 [-1.54237575e-02 -3.98565283e-01]
 [-3.25998320e-01 -5.08931940e-01]
 [-3.23128017e-04 -2.83363171e-01]
 [ 7.38323731e-02 -3.00044498e-01]
 [-7.90339967e-03 -1.30544264e-02]
 [-1.73355463e-01  7.60923679e-02]
 [ 1.91076172e-01  3.50950980e-02]
 [ 9.69806969e-02 -4.08650379e-01]
 [ 3.40494956e-01  2.77954924e-02]
 [-9.58549111e-02 -3.60077092e-01]
 [-9.32950751e-02 -2.22567764e-01]
 [ 5.11062127e-01 -1.53499989e-01]
 [-2.19900861e-01  1.77391561e-01]
 [-2.13332174e-01 -3.36003717e-01]
 [ 3.17236127e-01 -1.19235502e-01]
 [-8.40604745e-02 -1.05684190e-01]
 [-2.69264535e-02 -5.00151805e-01]
 [ 2.86947486e-01  3.44993653e-01]
 [-2.29916652e-01 -3.85503850e-02]
 [ 1.14188760e-01  2.30054112e-02]
 [-1.66935299e-01 -3.22704066e-01]
 [ 8.43301794e-02  9.21380913e-02]
 [-4.44241607e-02  7.59541596e-02]
 [-4.51826393e-01  2.71441938e-01]
 [ 1.59386878e-02  3.19990132e-01]
 [ 3.51509198e-02  3.91755685e-01]
 [-5.85981476e-01 -9.85033163e-03]
 [-1.04479421e-01 -9.16645548e-02]
 [ 2.74782506e-02  4.80196535e-02]
 [-1.35668222e-01 -6.22071204e-02]
 [ 7.68967756e-02  9.46247095e-02]
 [-1.43635043e-01 -2.05737774e-01]
 [ 1.34451046e-02  1.00242291e-02]
 [-5.26519998e-02 -3.71838433e-01]
 [-4.92016656e-02 -2.38851732e-02]
 [-8.91394719e-02  4.52421045e-02]
 [-1.44472784e-01  1.67028426e-03]
 [ 3.07703682e-01 -4.47838013e-01]
 [ 1.32290223e-01 -6.73218864e-02]
 [-1.47053415e-01  8.95710538e-02]
 [ 1.73306706e-01  4.04947845e-02]
 [-3.42852126e-01 -7.90914275e-03]
 [ 5.14101472e-03  6.91295959e-02]
 [ 4.21419757e-03 -7.99390801e-02]
 [-4.02063899e-01  1.76874805e-01]
 [-2.17719667e-02 -3.02040874e-02]
 [-4.36086615e-02 -5.21885318e-02]
 [ 1.93210439e-01  8.31818082e-02]
 [-1.70597377e-01  4.24631496e-03]
 [-1.80016271e-01 -4.85733479e-01]
 [ 1.64367868e-01  8.36671370e-03]
 [-5.43693621e-02 -1.14217564e-01]
 [ 2.74485591e-01 -2.76605820e-01]
 [-6.99695129e-04  3.55242506e-01]
 [-5.63840076e-01 -1.06969330e-01]
 [-7.23913836e-02 -1.42647249e-01]
 [-1.40289122e-01 -2.66221830e-01]
 [-6.64176052e-01 -1.73696346e-01]
 [ 6.19910093e-01 -1.61819228e-01]
 [-3.21777708e-01  1.59983093e-01]
 [ 3.27741869e-01  1.22249561e-01]
 [ 1.02531172e-01 -3.74676783e-01]
 [-1.58455811e-01 -3.99254037e-02]
 [-2.79570687e-01 -1.75376949e-01]
 [-5.26370273e-02  2.38857889e-04]
 [-6.72403353e-02 -1.01941425e-02]
 [ 6.48921091e-02 -1.17291189e-01]
 [-3.22996938e-01 -1.74495459e-01]
 [-7.30968125e-02  2.85169592e-02]
 [-1.23375755e-01  3.40224060e-01]
 [ 2.91784080e-01  7.25098663e-02]
 [ 2.94934457e-01 -1.69596590e-01]
 [-3.61299621e-01  1.33242112e-01]
 [ 1.35526515e-01  6.03946832e-02]
 [-2.59117313e-01 -2.63694133e-01]
 [-1.18134233e-01  7.64904009e-02]
 [ 4.38311637e-02 -5.98005804e-02]
 [ 2.97889804e-02 -1.91078871e-01]
 [-3.30274021e-02  1.32401192e-01]
 [-4.36855495e-01 -3.83756255e-01]
 [-1.44669589e-01 -1.77864350e-01]
 [-1.92335133e-01  1.63777373e-01]
 [ 2.12190874e-01 -8.17500298e-02]
 [ 2.33138655e-02  3.13361269e-01]
 [ 2.33316833e-02  2.17905175e-02]
 [-4.90093937e-01 -3.59592778e-02]
 [ 1.28782682e-02 -1.67345631e-01]
 [-2.12893804e-01  6.91304580e-01]
 [ 4.32507156e-01 -2.22106446e-01]
 [ 2.78305142e-02  7.53356616e-02]
 [-1.97777875e-01 -6.34659544e-02]
 [ 4.65793440e-02 -2.73719757e-01]
 [-1.01212152e-01 -1.87202989e-01]
 [-1.22026806e-01 -3.36486299e-01]
 [-5.14534301e-02  2.57329211e-02]
 [-5.61251388e-01 -2.10356409e-01]
 [-9.76586312e-02 -2.33513347e-01]
 [-1.52021797e-01  6.22492566e-02]
 [ 6.87492527e-02 -2.45485080e-01]
 [ 1.65863019e-01 -5.54040632e-02]
 [ 1.85851490e-01 -1.62547664e-01]
 [ 4.29473585e-01  8.40701466e-02]
 [ 3.18587797e-03  2.54495445e-01]
 [ 3.06342121e-01 -9.29956379e-02]
 [ 3.36736549e-01 -1.82151873e-01]
 [-2.62933127e-01  1.84422179e-01]
 [-2.93406551e-01 -2.66651434e-01]
 [-1.53266969e-03 -1.16810990e-01]
 [-3.31865957e-01  1.53690581e-01]
 [-2.75993589e-01  7.80607665e-02]
 [ 4.42109487e-01 -3.52356302e-01]
 [ 8.72446794e-02 -2.56800439e-01]
 [ 2.65055296e-02 -1.73521370e-01]
 [-6.92179907e-02  1.19343223e-01]
 [-2.10901485e-01  3.01230629e-01]
 [ 7.57651165e-03 -1.73533169e-02]
 [ 4.24926902e-02 -3.37152310e-02]
 [ 7.61671750e-03 -1.55016203e-01]
 [-2.97870113e-02  2.47858847e-02]
 [ 1.69309612e-01 -7.64171497e-02]
 [ 2.52231150e-01 -2.23759528e-01]
 [-3.18761658e-01 -4.36676636e-01]
 [-1.92610998e-01 -1.57021444e-01]
 [ 3.64490388e-01 -1.44822228e-01]
 [ 8.80209978e-02 -1.23288024e-01]
 [-1.71701768e-01  1.39008700e-01]
 [-2.04021191e-02 -9.21360172e-02]
 [-7.28900793e-02  5.55372036e-02]
 [ 7.41010064e-02 -1.65927491e-01]
 [ 8.82185556e-02  2.74409367e-01]
 [ 2.15355771e-01  1.49056359e-01]
 [-2.71874249e-02 -3.53862427e-01]
 [-3.43752650e-01  1.09441192e-01]
 [-2.44834209e-01  5.55352506e-01]
 [-8.71417054e-02 -2.01536707e-01]
 [ 1.50368939e-01  3.65543423e-01]
 [-1.10533503e-01 -1.95897863e-01]
 [-1.81913898e-01  1.85320226e-01]
 [-4.95150349e-02  9.23328063e-02]
 [-9.61593331e-02  1.33748299e-01]
 [ 1.60813745e-01 -2.78977167e-01]
 [-3.85138943e-02 -1.97083160e-01]
 [-5.00616163e-01  6.93927783e-02]
 [-2.67048815e-02  2.54635939e-01]
 [ 4.04143359e-01  1.70048082e-01]
 [-1.57982236e-01  3.79188482e-01]
 [ 3.41290177e-01 -4.47686919e-01]
 [-3.10869587e-01  5.95091631e-03]
 [-1.24631044e-01  1.66392472e-01]
 [-1.55650951e-01  1.17654072e-01]
 [ 3.93984482e-01 -4.65998298e-02]
 [-9.10157043e-02 -2.49350259e-01]
 [-1.60559381e-01  1.58723151e-02]
 [ 1.68597223e-01 -3.03547048e-01]
 [-1.89678371e-01 -1.33116253e-01]
 [ 1.22731950e-02 -3.14752918e-01]
 [ 1.60212829e-01  6.39979818e-02]
 [-3.00525096e-02  1.91659345e-01]
 [-6.73525200e-02  3.92554201e-01]
 [-3.54225611e-01 -1.86256031e-02]
 [-1.16899064e-01 -2.84657429e-01]
 [-1.32416746e-01 -6.81495448e-01]
 [-1.52587511e-01  7.56230999e-03]
 [-3.02006211e-01  6.94757131e-02]
 [-3.72519008e-01  4.94745741e-01]
 [-1.47658796e-01  1.75133182e-01]
 [ 1.15839231e-01 -2.40690222e-01]
 [-1.11307164e-01  5.05728262e-01]
 [-4.07859717e-02  2.44156119e-02]
 [ 3.31768064e-01  3.84410817e-01]
 [ 4.10566147e-02 -1.21243867e-01]
 [-2.89337835e-01 -6.15196923e-02]
 [-1.53363627e-01  6.91586638e-02]
 [-4.24150634e-01 -2.60662271e-02]
 [ 5.84217480e-02  7.93653495e-02]
 [-1.78172999e-01 -4.31238487e-02]
 [-7.40614578e-02  2.35497085e-01]
 [ 4.92969807e-01  8.93004470e-02]
 [-1.50475251e-01 -3.06327069e-01]
 [ 2.92916621e-01 -1.20605975e-01]
 [ 2.58809150e-02  1.26031257e-01]
 [-6.04379530e-02 -8.54582071e-02]]
States:
[[0.99999933 0.99836424 0.50873326 0.53889831 0.51306092 0.59702399]
 [0.99984111 0.99800484 0.52238049 0.54295233 0.68649689 0.65098771]
 [0.99834649 0.99748981 0.55086883 0.54816665 0.70293785 0.61279728]
 ...
 [0.61441566 0.88505901 0.01400165 0.19155315 0.         0.79577632]
 [0.53003562 0.90260472 0.00107492 0.21349892 0.00551508 0.76022015]
 [0.45268936 0.91859256 0.00202104 0.23594414 0.02219117 0.79002329]]
Logstds:
[[-3. -3.]
 [-3. -3.]
 [-3. -3.]
 [-3. -3.]
 [-3. -3.]
 [-3. -3.]
 [-3. -3.]
 [-3. -3.]
 [-3. -3.]
 [-3. -3.]
 [-3. -3.]
 [-3. -3.]
 [-3. -3.]
 [-3. -3.]
 [-3. -3.]
 [-3. -3.]
 [-3. -3.]
 [-3. -3.]
 [-3. -3.]
 [-3. -3.]
 [-3. -3.]
 [-3. -3.]
 [-3. -3.]
 [-3. -3.]
 [-3. -3.]
 [-3. -3.]
 [-3. -3.]
 [-3. -3.]
 [-3. -3.]
 [-3. -3.]
 [-3. -3.]
 [-3. -3.]
 [-3. -3.]
 [-3. -3.]
 [-3. -3.]
 [-3. -3.]
 [-3. -3.]
 [-3. -3.]
 [-3. -3.]
 [-3. -3.]
 [-3. -3.]
 [-3. -3.]
 [-3. -3.]
 [-3. -3.]
 [-3. -3.]
 [-3. -3.]
 [-3. -3.]
 [-3. -3.]
 [-3. -3.]
 [-3. -3.]
 [-3. -3.]
 [-3. -3.]
 [-3. -3.]
 [-3. -3.]
 [-3. -3.]
 [-3. -3.]
 [-3. -3.]
 [-3. -3.]
 [-3. -3.]
 [-3. -3.]
 [-3. -3.]
 [-3. -3.]
 [-3. -3.]
 [-3. -3.]
 [-3. -3.]
 [-3. -3.]
 [-3. -3.]
 [-3. -3.]
 [-3. -3.]
 [-3. -3.]
 [-3. -3.]
 [-3. -3.]
 [-3. -3.]
 [-3. -3.]
 [-3. -3.]
 [-3. -3.]
 [-3. -3.]
 [-3. -3.]
 [-3. -3.]
 [-3. -3.]
 [-3. -3.]
 [-3. -3.]
 [-3. -3.]
 [-3. -3.]
 [-3. -3.]
 [-3. -3.]
 [-3. -3.]
 [-3. -3.]
 [-3. -3.]
 [-3. -3.]
 [-3. -3.]
 [-3. -3.]
 [-3. -3.]
 [-3. -3.]
 [-3. -3.]
 [-3. -3.]
 [-3. -3.]
 [-3. -3.]
 [-3. -3.]
 [-3. -3.]
 [-3. -3.]
 [-3. -3.]
 [-3. -3.]
 [-3. -3.]
 [-3. -3.]
 [-3. -3.]
 [-3. -3.]
 [-3. -3.]
 [-3. -3.]
 [-3. -3.]
 [-3. -3.]
 [-3. -3.]
 [-3. -3.]
 [-3. -3.]
 [-3. -3.]
 [-3. -3.]
 [-3. -3.]
 [-3. -3.]
 [-3. -3.]
 [-3. -3.]
 [-3. -3.]
 [-3. -3.]
 [-3. -3.]
 [-3. -3.]
 [-3. -3.]
 [-3. -3.]
 [-3. -3.]
 [-3. -3.]
 [-3. -3.]
 [-3. -3.]
 [-3. -3.]
 [-3. -3.]
 [-3. -3.]
 [-3. -3.]
 [-3. -3.]
 [-3. -3.]
 [-3. -3.]
 [-3. -3.]
 [-3. -3.]
 [-3. -3.]
 [-3. -3.]
 [-3. -3.]
 [-3. -3.]
 [-3. -3.]
 [-3. -3.]
 [-3. -3.]
 [-3. -3.]
 [-3. -3.]
 [-3. -3.]
 [-3. -3.]
 [-3. -3.]
 [-3. -3.]
 [-3. -3.]
 [-3. -3.]
 [-3. -3.]
 [-3. -3.]
 [-3. -3.]
 [-3. -3.]
 [-3. -3.]
 [-3. -3.]
 [-3. -3.]
 [-3. -3.]
 [-3. -3.]
 [-3. -3.]
 [-3. -3.]
 [-3. -3.]
 [-3. -3.]
 [-3. -3.]
 [-3. -3.]
 [-3. -3.]
 [-3. -3.]
 [-3. -3.]
 [-3. -3.]
 [-3. -3.]
 [-3. -3.]
 [-3. -3.]
 [-3. -3.]
 [-3. -3.]
 [-3. -3.]
 [-3. -3.]
 [-3. -3.]
 [-3. -3.]
 [-3. -3.]
 [-3. -3.]
 [-3. -3.]
 [-3. -3.]
 [-3. -3.]
 [-3. -3.]
 [-3. -3.]
 [-3. -3.]
 [-3. -3.]
 [-3. -3.]
 [-3. -3.]
 [-3. -3.]
 [-3. -3.]
 [-3. -3.]
 [-3. -3.]
 [-3. -3.]
 [-3. -3.]
 [-3. -3.]]
