Baseline:
[1.2709565  1.2814499  1.2779578  1.2606124  1.254394   1.2609439
 1.2664047  1.2599484  1.2722366  1.2675854  1.2385104  1.2571768
 1.2652227  1.2844206  1.3136877  1.3012785  1.315609   1.3317856
 1.3234686  1.3381017  1.3266047  1.3242912  1.3216772  1.3173014
 1.3004453  1.3063848  1.3102936  1.3113865  1.2954177  1.3273474
 1.3336048  1.3135394  1.2999886  1.297034   1.2970579  1.2916077
 1.2869225  1.3238658  1.3485471  1.3471581  1.3264227  1.331288
 1.3081161  1.3351998  1.3645636  1.3662356  1.3317435  1.3325949
 1.3303727  1.3246137  1.3407522  1.3214703  1.3029951  1.2941536
 1.302174   1.3111595  1.2941169  1.2956074  1.2796134  1.2579851
 1.2612001  1.2364292  1.2243656  1.2071362  1.1999868  1.1916838
 1.1868092  1.2048837  1.2035813  1.1980759  1.1806802  1.1806325
 1.2106863  1.1921626  1.1915318  1.1573918  1.1507472  1.1561922
 1.1660751  1.1557628  1.136156   1.1491202  1.1064783  1.1125
 1.1274475  1.1364853  1.1560782  1.170185   1.1675618  1.1489354
 1.1294001  1.1333902  1.1389947  1.1003699  1.1028458  1.0948876
 1.1068851  1.1108891  1.1173569  1.0964093  1.1125455  1.1267513
 1.1153214  1.1667763  1.183619   1.1886953  1.2011995  1.2082547
 1.2065386  1.2210844  1.2286762  1.2538508  1.2299099  1.2362567
 1.2439348  1.2493004  1.2685733  1.2931604  1.3086616  1.2995847
 1.3119756  1.283247   1.2529424  1.2501649  1.2436733  1.2223336
 1.1667194  1.1547667  1.1312398  1.1010128  1.0867141  1.0452057
 1.0105704  0.9848875  0.9856504  0.97259974 0.96297336 0.95882314
 0.97093517 0.99417126 1.0024277  1.0450213  1.0571164  1.0610577
 1.0584885  1.0479871  1.0371193  1.0458593  1.0358554  1.0323302
 1.0383805  1.0507001  1.061192   1.0399541  1.0172151  1.0412532
 1.0624663  1.0799847  1.0854608  1.0981923  1.085615   1.1035138
 1.1037943  1.1211697  1.1134285  1.1387823  1.1172932  1.1222032
 1.1244383  1.1254935  1.1366099  1.1163706  1.1011342  1.1126473
 1.1130717  1.1087068  1.0874436  1.0847367  1.0782274  1.0774757
 1.0720271  1.0667604  1.083491   1.1022934  1.1206354  1.1146445
 1.1165763  1.1466684  1.1730733  1.178952   1.1961291  1.1960698
 1.2038027  1.1782188  1.1860967  1.1818911  1.175407   1.1762701
 1.1619571  1.1444796  1.1444796 ]
Returns:
[4.29818974 4.25306124 4.30861894 4.33772172 4.35982398 4.3680614
 4.28366461 4.30214076 4.28271185 4.36230978 4.3177387  4.26607469
 4.20028521 4.21287456 4.0585532  4.09311308 4.08894171 4.12706841
 4.23021462 4.31699059 4.23227031 4.34728956 4.47163964 4.61343446
 4.66167318 4.80232527 4.94449392 5.09511656 5.12318945 4.825516
 4.74220466 4.63014733 4.66040768 4.75187059 4.69641577 4.82182621
 4.96323465 4.63328787 4.66193634 4.71041567 4.66956628 4.70314949
 4.70746626 4.49553329 4.45011892 4.54478354 4.36630168 4.35502353
 4.37755763 4.3291505  4.30556531 4.13979601 4.04012895 3.76496542
 3.77650255 3.79188563 3.8120561  3.86015545 3.86737395 3.84969031
 3.87789538 3.87347929 3.87688403 3.94022112 3.99997365 4.06595456
 4.13570265 3.95880591 3.94706185 4.02984834 3.99379351 4.04972085
 3.85227087 3.89062056 3.69457537 3.64147575 3.69516707 3.71472955
 3.73062332 3.80068053 3.83165602 3.81876931 3.61124061 3.62240225
 3.60070227 3.52740713 3.4375812  3.42141599 3.48217275 3.43041221
 3.45633677 3.49981889 3.55660147 3.24069318 3.28620054 3.24679518
 3.11194157 3.1728597  3.26058177 3.09678709 3.06589218 3.09106273
 3.05625844 2.817269   2.84534477 2.8892239  2.85970198 2.92135645
 2.78691114 2.75976007 2.5046733  2.42420363 2.33751278 2.37094049
 2.40388367 2.43588313 2.39453707 2.27452706 2.22159637 2.22144561
 2.15280372 2.05818163 2.01631319 1.83198075 1.73369914 1.73235693
 1.50268908 1.51821992 1.51092106 1.52905551 1.57082386 1.48469173
 1.4556315  1.42633656 1.46732949 1.50416404 1.54226096 1.62029594
 1.5308276  1.56108902 1.60860373 1.58228898 1.68134081 1.79038825
 1.89589992 1.96674912 2.04586291 1.96891044 2.05929434 1.88590338
 1.72187118 1.63815998 1.69551108 1.73973571 1.70831101 1.66186497
 1.65372773 1.69635662 1.69077813 1.7331533  1.76073588 1.71739902
 1.77536791 1.6779561  1.72663525 1.40265619 1.36198326 1.37401125
 1.38725316 1.40046044 1.36741379 1.36913407 1.40058919 1.36679586
 1.43116068 1.4904307  1.44558688 1.45113376 1.40941948 1.45003865
 1.45424207 1.49159082 1.42583037 1.28161246 1.25089435 1.27619673
 1.33912338 0.88244628 0.79202497 0.59379942 0.49014999 0.47226738
 0.47183218 0.24926025 0.14656544 0.10697255 0.11958578 0.07970609
 0.10330666 0.05332097]
Advants:
[ 1.91669014  1.85836975  1.91631739  1.96300616  1.9924637   1.99543724
  1.90419599  1.92839813  1.89490752  1.97983776  1.96460155  1.89237785
  1.81420432  1.80268377  1.60808693  1.64456245  1.61410086  1.62375127
  1.72531429  1.78894479  1.70421945  1.81269916  1.93398278  2.07850981
  2.14383412  2.2829623   2.43028994  2.59428452  2.65538542  2.33410073
  2.25078899  2.16274196  2.21218904  2.3156428   2.2682543   2.41194146
  2.57647282  2.21824381  2.23173254  2.29347579  2.28562621  2.32854155
  2.37228728  2.14352029  2.07755226  2.18298153  2.04803466  2.04534317
  2.08110715  2.04908532  2.01966455  1.87982741  1.80334112  1.53388873
  1.53411712  1.53714424  1.57185067  1.61718069  1.63972357  1.64306341
  1.66817015  1.68928095  1.70604815  1.79051605  1.86372065  1.94714176
  2.03398783  1.8462512   1.84333753  1.94252953  1.93512184  2.00503784
  1.7856265   1.85304065  1.66302129  1.64932988  1.7172488   1.74003183
  1.75563239  1.84889416  1.91503136  1.90526101  1.75272503  1.77142691
  1.74836315  1.67822477  1.57865514  1.55813516  1.63405808  1.6135107
  1.67403552  1.73109724  1.80292455  1.53947359  1.59884683  1.58416084
  1.45095704  1.52444125  1.62619027  1.50116587  1.47202115  1.50273502
  1.50006929  1.2231149   1.24933436  1.30560035  1.28122529  1.35666805
  1.24245283  1.21955744  0.96915785  0.87357127  0.8197951   0.85745175
  0.89497491  0.93573493  0.88857046  0.75410196  0.69454524  0.7133785
  0.64059082  0.58160683  0.57718328  0.39776191  0.30544832  0.32549611
  0.14611388  0.16866505  0.18004238  0.22463557  0.27834738  0.22978765
  0.23126389  0.22309215  0.25961825  0.30702689  0.35353862  0.4369508
  0.33356033  0.33883858  0.37741519  0.30563594  0.39216656  0.50006098
  0.61451031  0.70528797  0.80828262  0.73406131  0.85000242  0.69176136
  0.52903335  0.43801366  0.49175997  0.56672105  0.56807433  0.50630454
  0.48550319  0.52066749  0.52018115  0.56221025  0.61705269  0.56985652
  0.64456456  0.54469686  0.61905253  0.27837873  0.26799827  0.28488969
  0.30684302  0.3312498   0.29901968  0.33460785  0.39753291  0.36844166
  0.45195621  0.53880069  0.5396777   0.5747278   0.56751295  0.64053793
  0.68483914  0.76637332  0.72356524  0.59856636  0.58924946  0.66463929
  0.77537363  0.32752639  0.2493247   0.08082263 -0.00510571  0.01439078
  0.0464692  -0.11293643 -0.18614494 -0.1820796  -0.11957816 -0.11447925
 -0.02564643 -0.00390303]
Mus:
[[-1.76166464e-02 -6.13559736e-03]
 [-1.73891112e-02 -5.65387961e-03]
 [-1.76182929e-02 -5.67458197e-03]
 [-1.76379941e-02 -5.87987667e-03]
 [-1.79287381e-02 -5.82316751e-03]
 [-1.85190123e-02 -5.85579639e-03]
 [-1.89443119e-02 -5.56741655e-03]
 [-1.96141675e-02 -5.72208315e-03]
 [-2.02028491e-02 -5.70875686e-03]
 [-2.11239420e-02 -6.20051147e-03]
 [-2.18780097e-02 -6.73619565e-03]
 [-2.28396393e-02 -7.23087555e-03]
 [-2.34429166e-02 -7.02744629e-03]
 [-2.41870657e-02 -7.27537507e-03]
 [-2.56473944e-02 -7.16661057e-03]
 [-2.51314007e-02 -7.34555023e-03]
 [-2.56404784e-02 -7.06388056e-03]
 [-2.58569475e-02 -6.78278552e-03]
 [-2.48535741e-02 -6.53079106e-03]
 [-2.47176420e-02 -6.30665384e-03]
 [-2.45211832e-02 -6.79868041e-03]
 [-2.36003697e-02 -6.67629624e-03]
 [-2.25981269e-02 -6.39128685e-03]
 [-2.16638111e-02 -6.23845030e-03]
 [-2.14501638e-02 -6.59963954e-03]
 [-2.18661129e-02 -6.82988856e-03]
 [-2.23689526e-02 -7.14461273e-03]
 [-2.33606491e-02 -7.72637036e-03]
 [-2.10020971e-02 -6.71148440e-03]
 [-1.97775550e-02 -5.58119966e-03]
 [-2.21834332e-02 -7.08541274e-03]
 [-1.89245939e-02 -5.56098903e-03]
 [-2.03476287e-02 -6.54002698e-03]
 [-1.94822475e-02 -6.10669889e-03]
 [-1.83742773e-02 -5.29830065e-03]
 [-1.86017305e-02 -5.45387296e-03]
 [-1.90455355e-02 -5.72829600e-03]
 [-2.17706449e-02 -7.01053580e-03]
 [-2.21730266e-02 -7.12787267e-03]
 [-2.30215639e-02 -7.89590552e-03]
 [-2.01817825e-02 -6.47362135e-03]
 [-1.85501333e-02 -5.52347023e-03]
 [-1.85244530e-02 -5.76074468e-03]
 [-1.78416241e-02 -5.05812233e-03]
 [-1.84127782e-02 -5.22164814e-03]
 [-1.73175875e-02 -4.65161866e-03]
 [-1.54566430e-02 -3.86509416e-03]
 [-1.43822813e-02 -3.14579299e-03]
 [-1.57023389e-02 -4.04450204e-03]
 [-1.44542623e-02 -3.26087419e-03]
 [-1.57769397e-02 -3.94331664e-03]
 [-1.73278525e-02 -5.22018038e-03]
 [-1.53973149e-02 -4.25840449e-03]
 [-1.46407383e-02 -3.50781996e-03]
 [-1.58129036e-02 -4.11060406e-03]
 [-1.62169114e-02 -4.28642705e-03]
 [-1.63041893e-02 -4.47179936e-03]
 [-1.72900241e-02 -5.04182605e-03]
 [-1.75457075e-02 -5.55284182e-03]
 [-1.67878140e-02 -5.43320132e-03]
 [-1.81331020e-02 -5.93951251e-03]
 [-1.75963473e-02 -5.97913843e-03]
 [-1.80807207e-02 -6.14867127e-03]
 [-1.93448197e-02 -6.95615588e-03]
 [-2.17751190e-02 -8.23761802e-03]
 [-2.33492963e-02 -9.18817148e-03]
 [-2.44429242e-02 -9.82235093e-03]
 [-2.70696580e-02 -1.12906024e-02]
 [-2.61109900e-02 -1.06898546e-02]
 [-2.61471793e-02 -1.09388642e-02]
 [-2.42775436e-02 -1.00669358e-02]
 [-2.43564397e-02 -1.01385443e-02]
 [-2.52213776e-02 -1.03451526e-02]
 [-2.43054442e-02 -1.01338364e-02]
 [-2.33935434e-02 -9.26459674e-03]
 [-2.23169494e-02 -9.01280809e-03]
 [-2.27752998e-02 -9.25656315e-03]
 [-2.36964859e-02 -9.63502936e-03]
 [-2.46373024e-02 -1.00210374e-02]
 [-2.45636497e-02 -1.01685105e-02]
 [-2.40619499e-02 -1.03637641e-02]
 [-2.42985077e-02 -1.04377028e-02]
 [-2.22510099e-02 -9.80005693e-03]
 [-2.27994546e-02 -1.02715921e-02]
 [-2.35150456e-02 -1.07372068e-02]
 [-2.25045159e-02 -9.98693798e-03]
 [-2.31331903e-02 -1.02448203e-02]
 [-2.37900857e-02 -1.07051106e-02]
 [-2.32120343e-02 -1.06333680e-02]
 [-2.08888780e-02 -9.73013788e-03]
 [-1.94677468e-02 -9.39204358e-03]
 [-1.95947997e-02 -9.72434971e-03]
 [-1.85776297e-02 -9.29524750e-03]
 [-1.54996794e-02 -7.68181635e-03]
 [-1.52818225e-02 -7.86659028e-03]
 [-1.52362017e-02 -8.62255786e-03]
 [-1.54766794e-02 -9.42011736e-03]
 [-1.33460518e-02 -8.96676816e-03]
 [-1.10382112e-02 -8.06688238e-03]
 [-6.78119250e-03 -7.53825624e-03]
 [-3.43494443e-03 -5.60563803e-03]
 [-8.58151994e-04 -5.07096574e-03]
 [ 3.97673948e-03 -2.97088665e-03]
 [ 4.16151248e-03 -1.94950262e-03]
 [ 5.88854216e-03 -1.43403967e-03]
 [ 8.09534453e-03 -9.43766965e-04]
 [ 8.28547869e-03 -9.28561130e-05]
 [ 8.74275342e-03  3.01503547e-04]
 [ 8.74246657e-03  1.17477262e-03]
 [ 7.99635891e-03  1.56962418e-03]
 [ 6.55214768e-03  2.09963345e-03]
 [ 4.85963095e-03  1.52341870e-03]
 [ 6.34353701e-03  1.47477840e-03]
 [ 5.43376990e-03  1.37701945e-03]
 [ 4.43194015e-03  1.24970183e-03]
 [ 4.31057066e-03  9.35297285e-04]
 [ 2.85588205e-03  9.01635038e-04]
 [ 1.23550324e-03  8.54318962e-04]
 [ 2.71841382e-05  4.01747471e-04]
 [ 3.98160337e-04  7.63992721e-04]
 [-7.29345775e-04  2.73213693e-04]
 [ 5.44838782e-04  7.10152381e-04]
 [ 1.23413047e-03  6.73055649e-04]
 [ 5.74293372e-04  9.97106545e-04]
 [-4.92010207e-04  1.06068887e-03]
 [-1.29263615e-03  9.55822296e-04]
 [-4.58041090e-04  8.85171117e-04]
 [-9.90827102e-04  5.18711982e-04]
 [-8.72522709e-04  8.55309248e-04]
 [-3.66456770e-05  9.34181502e-04]
 [ 7.41780037e-04  1.46022998e-03]
 [ 3.68873542e-03  2.07780907e-03]
 [ 6.70952350e-03  3.08206677e-03]
 [ 6.89859409e-03  2.91636842e-03]
 [ 8.41082074e-03  3.96367908e-03]
 [ 1.08844042e-02  5.18057495e-03]
 [ 1.25298388e-02  6.22060988e-03]
 [ 1.35154575e-02  6.76439516e-03]
 [ 1.52438516e-02  8.26190878e-03]
 [ 1.55902030e-02  8.77945963e-03]
 [ 1.61685869e-02  9.50679183e-03]
 [ 1.40533037e-02  6.53900858e-03]
 [ 1.37543110e-02  6.23180345e-03]
 [ 1.30536873e-02  5.95670659e-03]
 [ 1.15397247e-02  5.32812253e-03]
 [ 8.49811174e-03  4.00439650e-03]
 [ 4.94599342e-03  2.58810516e-03]
 [ 1.10605056e-03  5.68005256e-04]
 [-2.95978365e-03 -1.12311088e-03]
 [-1.08040031e-02 -5.06315101e-03]
 [-7.63361156e-03 -2.54764897e-03]
 [-4.33481764e-03 -3.95844516e-04]
 [-5.51527459e-03 -7.08408654e-04]
 [-7.65227294e-03 -1.60125224e-03]
 [-1.25612272e-02 -4.02944069e-03]
 [-1.40895760e-02 -4.33989102e-03]
 [-1.78938620e-02 -5.96287381e-03]
 [-2.05765236e-02 -6.94139861e-03]
 [-2.03288440e-02 -6.45920401e-03]
 [-2.16847695e-02 -6.83799852e-03]
 [-2.47119851e-02 -8.34668521e-03]
 [-2.45372504e-02 -7.87891261e-03]
 [-2.46190280e-02 -7.81212002e-03]
 [-2.36463267e-02 -6.88628852e-03]
 [-2.32967641e-02 -6.80659851e-03]
 [-2.11421195e-02 -5.18056750e-03]
 [-1.99833550e-02 -4.93863458e-03]
 [-1.91978868e-02 -4.41179657e-03]
 [-1.82564016e-02 -3.84238013e-03]
 [-1.69364009e-02 -3.10232863e-03]
 [-1.56807546e-02 -2.49691331e-03]
 [-1.40603213e-02 -2.24606157e-03]
 [-1.26583455e-02 -1.88167475e-03]
 [-1.27013186e-02 -1.89102697e-03]
 [-1.21568134e-02 -1.73475873e-03]
 [-1.17275175e-02 -1.67088001e-03]
 [-1.22286417e-02 -2.28072493e-03]
 [-1.12407617e-02 -1.64217979e-03]
 [-1.00946436e-02 -9.09228926e-04]
 [-9.91149247e-03 -8.30513251e-04]
 [-8.89127143e-03 -1.88372069e-04]
 [-7.95072969e-03  3.87655513e-04]
 [-6.85798330e-03  1.20599917e-03]
 [-5.00118034e-03  2.36324850e-03]
 [-2.18543061e-03  3.55112483e-03]
 [ 5.47040217e-05  4.50231088e-03]
 [ 2.29088520e-03  5.33897197e-03]
 [ 5.32448618e-03  7.32770050e-03]
 [ 9.89062060e-03  9.15755425e-03]
 [ 1.34837907e-02  1.06478669e-02]
 [ 1.68681070e-02  1.15930839e-02]
 [ 1.82371754e-02  1.22462874e-02]
 [ 2.04044003e-02  1.29070133e-02]
 [ 2.19792686e-02  1.26196286e-02]
 [ 2.16752160e-02  1.30887562e-02]
 [ 2.18293108e-02  1.28105404e-02]
 [ 2.13903449e-02  1.24617396e-02]
 [ 1.99368969e-02  1.22028561e-02]
 [ 1.84446760e-02  1.15996040e-02]
 [ 1.69899594e-02  1.03661744e-02]]
Actions:
[[ 0.25416264 -0.05832724]
 [-0.0063064  -0.07019038]
 [-0.21768847 -0.1154131 ]
 [ 0.05667893 -0.17368847]
 [ 0.17853437 -0.01777339]
 [ 0.27389251 -0.14686133]
 [ 0.05834798 -0.14758839]
 [ 0.24651781  0.03119581]
 [-0.09578023 -0.0213875 ]
 [-0.2858841  -0.29184348]
 [ 0.0795258   0.35212692]
 [ 0.29827782 -0.1094862 ]
 [ 0.09241396  0.23968791]
 [ 0.43181115  0.06991395]
 [-0.33367392  0.05832826]
 [ 0.24958918 -0.07298774]
 [ 0.1922395   0.00194983]
 [-0.20079778 -0.08734873]
 [ 0.09178781  0.12499593]
 [-0.38703451  0.36222685]
 [-0.17691035  0.10183806]
 [-0.10350393 -0.00631175]
 [-0.15311233  0.03524954]
 [-0.36327823  0.02478808]
 [-0.02611457  0.10764168]
 [-0.07669765  0.10172681]
 [-0.14580257  0.10463843]
 [-0.04969897 -0.33352515]
 [ 0.59993813  0.0427132 ]
 [-0.34951098  0.40305654]
 [-0.01357127 -0.46108707]
 [-0.3524768   0.05893766]
 [ 0.07064952 -0.118911  ]
 [ 0.25313913 -0.24179391]
 [-0.03775203 -0.03433613]
 [-0.04850699  0.0058206 ]
 [ 0.13949276  0.6668789 ]
 [ 0.14415454  0.25056081]
 [-0.31531576  0.16882663]
 [-0.06594625 -0.39109436]
 [ 0.18532284 -0.10285337]
 [-0.345173   -0.19347781]
 [ 0.47759719  0.13599696]
 [ 0.20493131  0.3129262 ]
 [ 0.02042643 -0.05160604]
 [-0.30701555 -0.44040878]
 [ 0.18061821 -0.1964809 ]
 [-0.24034847  0.2275032 ]
 [ 0.14171438 -0.29512798]
 [ 0.02445991  0.3687553 ]
 [-0.55428389  0.10751807]
 [ 0.01661483 -0.39283526]
 [ 0.29036592 -0.44560646]
 [ 0.04218179  0.2213095 ]
 [ 0.0957529   0.13978673]
 [-0.16609259 -0.17451477]
 [-0.04883435  0.1384388 ]
 [-0.2995001  -0.00216725]
 [-0.14768381 -0.23376062]
 [ 0.14537862  0.05778903]
 [-0.18835359 -0.21841599]
 [ 0.09078539 -0.17075014]
 [-0.14887738 -0.0299621 ]
 [-0.095719    0.16208372]
 [-0.10612793  0.13114113]
 [-0.00801747  0.0908872 ]
 [ 0.01766453  0.50662924]
 [ 0.18963585 -0.15643227]
 [-0.12500303  0.06236344]
 [ 0.02021072 -0.30501651]
 [ 0.06167198  0.03346465]
 [ 0.36948502  0.27791042]
 [-0.20768519 -0.14486885]
 [ 0.31449896 -0.3077815 ]
 [-0.2913301  -0.27856823]
 [ 0.0115617   0.01606933]
 [ 0.10941433  0.11620177]
 [ 0.11727499  0.14635407]
 [-0.13378957 -0.00128995]
 [-0.31175863  0.00530735]
 [ 0.18529849  0.13056619]
 [-0.41332109 -0.41219319]
 [ 0.02352803  0.22424676]
 [ 0.08893986  0.26659324]
 [ 0.28978154 -0.10652409]
 [ 0.21206434  0.2825252 ]
 [ 0.02958612  0.27591477]
 [-0.13709724 -0.02281444]
 [-0.20013599 -0.33238415]
 [-0.25271866 -0.17416248]
 [-0.04690824  0.15897068]
 [ 0.09855265  0.02197549]
 [-0.14401492 -0.59991489]
 [-0.03153055  0.13807063]
 [-0.31366368  0.23652654]
 [-0.15952227  0.44470567]
 [-0.14387525  0.12620308]
 [ 0.006049    0.01179893]
 [-0.56069016  0.11118491]
 [ 0.209144   -0.1760674 ]
 [-0.0975716   0.23070443]
 [-0.11450679 -0.29229471]
 [ 0.49045064  0.0196752 ]
 [ 0.00281773  0.1750591 ]
 [-0.17231358  0.12866245]
 [ 0.12633766 -0.25684414]
 [-0.01647956 -0.08735281]
 [ 0.08377253 -0.39387437]
 [ 0.20979926 -0.12285829]
 [ 0.32558979 -0.38752408]
 [ 0.23597008  0.28099841]
 [-0.40449328  0.01032027]
 [ 0.06736408 -0.06503277]
 [ 0.09467094 -0.04136935]
 [-0.03928431  0.21992738]
 [ 0.26850097 -0.04072504]
 [ 0.38817456  0.03386935]
 [ 0.20171266  0.26604713]
 [ 0.01937204 -0.24288068]
 [ 0.18854258  0.29217296]
 [-0.21214813 -0.35206581]
 [-0.28902241 -0.18508018]
 [ 0.18273839 -0.39474409]
 [ 0.18606361 -0.26889523]
 [ 0.04853149 -0.17457806]
 [-0.44279804 -0.31318593]
 [-0.05296005  0.15824591]
 [ 0.01781239 -0.21571584]
 [-0.20646542  0.032106  ]
 [ 0.07969094  0.02362957]
 [-0.42103771 -0.04643158]
 [-0.30301936 -0.14187571]
 [-0.29029598  0.16856663]
 [ 0.13976082 -0.06700362]
 [-0.08682886 -0.20321689]
 [-0.08972395 -0.19947902]
 [-0.09512334  0.0639054 ]
 [ 0.12648353 -0.39373094]
 [ 0.1889336   0.11487261]
 [ 0.01043897 -0.20062836]
 [ 0.04909124 -0.32687373]
 [ 0.08202011 -0.04911325]
 [-0.01811774  0.05694443]
 [-0.11796896 -0.00621993]
 [-0.24546483 -0.02967361]
 [-0.23837152 -0.06653067]
 [-0.09582286  0.45330523]
 [-0.22998562  0.00808276]
 [-0.40433496  0.39204579]
 [ 0.36272144 -0.36401378]
 [ 0.31952551 -0.28039101]
 [ 0.12265285  0.10346966]
 [-0.2138872  -0.11076502]
 [-0.34524146  0.12575522]
 [ 0.28726721  0.16317595]
 [ 0.10101585  0.25999206]
 [ 0.13768261  0.11177996]
 [ 0.22680573 -0.16272353]
 [ 0.14830983  0.01138198]
 [-0.2651793  -0.01086607]
 [ 0.29496997 -0.07003924]
 [ 0.03632892 -0.10285693]
 [ 0.33369654 -0.13958985]
 [-0.0961257  -0.13942965]
 [ 0.52156078 -0.19547816]
 [-0.24127236 -0.23740677]
 [ 0.13337468 -0.05351142]
 [ 0.10589105 -0.08350312]
 [ 0.11387541 -0.1169861 ]
 [ 0.16689224  0.17364433]
 [-0.29214027 -0.06042814]
 [-0.17122311 -0.09246225]
 [ 0.10155795  0.26235433]
 [-0.02012549  0.03758981]
 [-0.07839834 -0.00518911]
 [-0.3603236  -0.03832697]
 [ 0.10043284 -0.18335479]
 [ 0.10613329 -0.280532  ]
 [-0.00842649  0.11420384]
 [ 0.08545203 -0.21523384]
 [ 0.06115692 -0.13101242]
 [ 0.28723732  0.11065989]
 [ 0.39288657  0.07596918]
 [ 0.19133054  0.16825659]
 [-0.00940889 -0.17736972]
 [-0.01907407 -0.02741691]
 [ 0.68485184 -0.09183186]
 [ 0.26227849  0.21262619]
 [ 0.46205325 -0.10950127]
 [-0.23238941  0.29929106]
 [ 0.19270343 -0.12586686]
 [-0.14518209  0.12180523]
 [-0.48121662  0.11035594]
 [ 0.31462222 -0.18542837]
 [ 0.0036239   0.25139432]
 [ 0.02517323  0.13324579]
 [ 0.27533778  0.01677508]
 [ 0.07491986 -0.05382955]
 [-0.15294693  0.23655647]
 [-0.27741218  0.01429002]]
States:
[[0.99970085 0.99958844 0.52714722 0.48047887 0.51309798 0.5969518 ]
 [0.99950139 0.99953659 0.53226082 0.47928597 0.57828753 0.58164519]
 [0.99896575 0.99935544 0.54224208 0.47557252 0.57539065 0.56355972]
 ...
 [0.01381665 0.         0.37077924 0.35327224 1.         0.63242865]
 [0.04011987 0.         0.29813904 0.34925763 1.         0.61762941]
 [0.07528855 0.         0.23299202 0.34187796 0.9616147  0.67921931]]
Logstds:
[[-3. -3.]
 [-3. -3.]
 [-3. -3.]
 [-3. -3.]
 [-3. -3.]
 [-3. -3.]
 [-3. -3.]
 [-3. -3.]
 [-3. -3.]
 [-3. -3.]
 [-3. -3.]
 [-3. -3.]
 [-3. -3.]
 [-3. -3.]
 [-3. -3.]
 [-3. -3.]
 [-3. -3.]
 [-3. -3.]
 [-3. -3.]
 [-3. -3.]
 [-3. -3.]
 [-3. -3.]
 [-3. -3.]
 [-3. -3.]
 [-3. -3.]
 [-3. -3.]
 [-3. -3.]
 [-3. -3.]
 [-3. -3.]
 [-3. -3.]
 [-3. -3.]
 [-3. -3.]
 [-3. -3.]
 [-3. -3.]
 [-3. -3.]
 [-3. -3.]
 [-3. -3.]
 [-3. -3.]
 [-3. -3.]
 [-3. -3.]
 [-3. -3.]
 [-3. -3.]
 [-3. -3.]
 [-3. -3.]
 [-3. -3.]
 [-3. -3.]
 [-3. -3.]
 [-3. -3.]
 [-3. -3.]
 [-3. -3.]
 [-3. -3.]
 [-3. -3.]
 [-3. -3.]
 [-3. -3.]
 [-3. -3.]
 [-3. -3.]
 [-3. -3.]
 [-3. -3.]
 [-3. -3.]
 [-3. -3.]
 [-3. -3.]
 [-3. -3.]
 [-3. -3.]
 [-3. -3.]
 [-3. -3.]
 [-3. -3.]
 [-3. -3.]
 [-3. -3.]
 [-3. -3.]
 [-3. -3.]
 [-3. -3.]
 [-3. -3.]
 [-3. -3.]
 [-3. -3.]
 [-3. -3.]
 [-3. -3.]
 [-3. -3.]
 [-3. -3.]
 [-3. -3.]
 [-3. -3.]
 [-3. -3.]
 [-3. -3.]
 [-3. -3.]
 [-3. -3.]
 [-3. -3.]
 [-3. -3.]
 [-3. -3.]
 [-3. -3.]
 [-3. -3.]
 [-3. -3.]
 [-3. -3.]
 [-3. -3.]
 [-3. -3.]
 [-3. -3.]
 [-3. -3.]
 [-3. -3.]
 [-3. -3.]
 [-3. -3.]
 [-3. -3.]
 [-3. -3.]
 [-3. -3.]
 [-3. -3.]
 [-3. -3.]
 [-3. -3.]
 [-3. -3.]
 [-3. -3.]
 [-3. -3.]
 [-3. -3.]
 [-3. -3.]
 [-3. -3.]
 [-3. -3.]
 [-3. -3.]
 [-3. -3.]
 [-3. -3.]
 [-3. -3.]
 [-3. -3.]
 [-3. -3.]
 [-3. -3.]
 [-3. -3.]
 [-3. -3.]
 [-3. -3.]
 [-3. -3.]
 [-3. -3.]
 [-3. -3.]
 [-3. -3.]
 [-3. -3.]
 [-3. -3.]
 [-3. -3.]
 [-3. -3.]
 [-3. -3.]
 [-3. -3.]
 [-3. -3.]
 [-3. -3.]
 [-3. -3.]
 [-3. -3.]
 [-3. -3.]
 [-3. -3.]
 [-3. -3.]
 [-3. -3.]
 [-3. -3.]
 [-3. -3.]
 [-3. -3.]
 [-3. -3.]
 [-3. -3.]
 [-3. -3.]
 [-3. -3.]
 [-3. -3.]
 [-3. -3.]
 [-3. -3.]
 [-3. -3.]
 [-3. -3.]
 [-3. -3.]
 [-3. -3.]
 [-3. -3.]
 [-3. -3.]
 [-3. -3.]
 [-3. -3.]
 [-3. -3.]
 [-3. -3.]
 [-3. -3.]
 [-3. -3.]
 [-3. -3.]
 [-3. -3.]
 [-3. -3.]
 [-3. -3.]
 [-3. -3.]
 [-3. -3.]
 [-3. -3.]
 [-3. -3.]
 [-3. -3.]
 [-3. -3.]
 [-3. -3.]
 [-3. -3.]
 [-3. -3.]
 [-3. -3.]
 [-3. -3.]
 [-3. -3.]
 [-3. -3.]
 [-3. -3.]
 [-3. -3.]
 [-3. -3.]
 [-3. -3.]
 [-3. -3.]
 [-3. -3.]
 [-3. -3.]
 [-3. -3.]
 [-3. -3.]
 [-3. -3.]
 [-3. -3.]
 [-3. -3.]
 [-3. -3.]
 [-3. -3.]
 [-3. -3.]
 [-3. -3.]
 [-3. -3.]
 [-3. -3.]
 [-3. -3.]
 [-3. -3.]
 [-3. -3.]
 [-3. -3.]]
