Baseline:
[0.4874471  0.50380784 0.5042401  0.4944007  0.5037822  0.5096289
 0.504278   0.5109939  0.5132659  0.50792354 0.52181643 0.51087546
 0.508502   0.48863146 0.49210492 0.49397066 0.4869     0.4888563
 0.48133895 0.48290673 0.4824752  0.4794389  0.4840143  0.48512468
 0.47268203 0.47041693 0.4809178  0.4782329  0.47312567 0.47709134
 0.47078228 0.48694947 0.4911904  0.48410133 0.5062301  0.4908699
 0.47473118 0.47124937 0.46778348 0.47300023 0.4834486  0.47515115
 0.45296034 0.45098066 0.44152305 0.44902334 0.42825517 0.43669418
 0.42490572 0.42548165 0.41152945 0.42012572 0.4245826  0.42308155
 0.41322592 0.3952907  0.41799235 0.43617174 0.4602464  0.46838015
 0.44806698 0.44768792 0.45668593 0.45128596 0.41999522 0.3835282
 0.3546736  0.32654288 0.30130938 0.26578662 0.23066199 0.21593061
 0.1760241  0.15862703 0.15470818 0.15658158 0.13768438 0.1321271
 0.14920703 0.13713422 0.13060422 0.14968607 0.13868956 0.12038533
 0.11863481 0.12403688 0.12807728 0.15037113 0.16258456 0.17671473
 0.16907054 0.18042399 0.1694537  0.16900477 0.15690993 0.15966025
 0.16275316 0.15943561 0.1560127  0.15684189 0.1438286  0.14509557
 0.15058692 0.15182765 0.15230057 0.15428902 0.1551503  0.14366052
 0.15203264 0.14756165 0.15945095 0.17319158 0.17664015 0.19738716
 0.17967859 0.18578266 0.20971543 0.19625701 0.2024207  0.21838644
 0.22714823 0.24987055 0.23810638 0.27149493 0.27634665 0.2532199
 0.26894984 0.27378413 0.27639928 0.28583655 0.2770556  0.2884332
 0.2743145  0.28135577 0.2818168  0.28503844 0.29000142 0.29743776
 0.3057806  0.30721447 0.3065382  0.32280338 0.33206865 0.3448116
 0.34767082 0.3250945  0.31160435 0.31183812 0.3241954  0.34600556
 0.3362138  0.31619027 0.31650588 0.29399928 0.2867206  0.2725806
 0.260456   0.24826525 0.22688565 0.23107906 0.22593    0.21933255
 0.19964336 0.20910992 0.2163917  0.21271248 0.20947924 0.19054918
 0.16555192 0.164996   0.14013408 0.12997772 0.11678889 0.10918298
 0.11591449 0.10910606 0.12359905 0.13117078 0.1412401  0.13982473
 0.14131339 0.14839657 0.14697714 0.14251517 0.15336923 0.14785935
 0.15611047 0.14790569 0.16771026 0.14610592 0.12958583 0.12542929
 0.12054396 0.11443536 0.10786222 0.13051376 0.13541566 0.13814342
 0.17048317 0.16346255 0.16346255]
Returns:
[ 1.41541865e+00  1.35146916e+00  1.40839652e+00  1.48180733e+00
  1.41781289e+00  1.33086883e+00  1.22767874e+00  1.22740640e+00
  1.29633422e+00  1.36810869e+00  1.35508953e+00  1.37011225e+00
  1.48850693e+00  1.12039179e+00  1.14927060e+00  1.21523337e+00
  1.28455041e+00  1.18337830e+00  1.27894379e+00  1.37070011e+00
  1.45372101e+00  1.56610849e+00  1.17557302e+00  1.22413801e+00
  1.21655099e+00  1.31907637e+00  1.16514527e+00  1.27136832e+00
  1.38592839e+00  1.08359927e+00  1.16850551e+00  7.52900614e-01
  7.48204776e-01  8.16430740e-01  6.10896090e-01  5.06961952e-01
  4.34517259e-01  4.08172194e-01  3.78738395e-01  3.49494069e-01
  2.02337157e-01  2.80182939e-01  1.56901239e-01  2.02178954e-01
  2.93936352e-01  2.06217745e-01  2.57808638e-01  2.53897934e-01
  3.47175879e-01  3.90122640e-01  4.23830876e-01  5.12598261e-01
  6.44628296e-01  7.99080959e-01  7.87562013e-01  8.49380054e-01
  6.99062387e-01  6.99974505e-01  6.78106073e-01  8.29994494e-01
  1.96573666e-01  2.88501969e-01  2.41727098e-01  1.29994263e-01
  1.33888091e-01  1.22842282e-01  2.41489567e-01  3.26685443e-01
  4.76063442e-01  4.45021717e-01  3.64272812e-01  3.56668275e-01
  2.44895827e-01  3.67149315e-01  4.83273416e-01  6.17659687e-01
  2.32067233e-01  2.87956883e-01  3.16061647e-01  4.27227493e-01
  3.87425292e-01  4.93897125e-01  5.36968677e-01  5.43806426e-01
  3.32945640e-01  3.81126289e-01  3.48622897e-01 -2.74690725e-01
 -3.19206158e-01 -6.65311981e-01 -6.06869698e-01 -8.45816387e-01
 -9.44161178e-01 -9.08890964e-01 -1.01768011e+00 -9.62640045e-01
 -9.35737583e-01 -8.91683826e-01 -8.52319890e-01 -7.82250285e-01
 -9.45006922e-01 -8.79979463e-01 -9.48882623e-01 -9.00020895e-01
 -8.39299401e-01 -7.58928646e-01 -7.07381576e-01 -8.44614161e-01
 -8.09697428e-01 -7.27145524e-01 -6.87843280e-01 -6.40798009e-01
 -5.81242261e-01 -6.97495684e-01 -6.62603174e-01 -6.14887387e-01
 -6.33242977e-01 -5.79732419e-01 -4.77037619e-01 -4.56193069e-01
 -3.85320918e-01 -4.26335132e-01 -3.60273286e-01 -5.42904498e-01
 -4.34662545e-01 -4.05785687e-01 -4.07492180e-01 -4.72739516e-01
 -4.07265486e-01 -2.97721626e-01 -2.33244145e-01 -4.21672708e-01
 -4.00737625e-01 -3.05768169e-01 -2.04162323e-01 -2.12588202e-01
 -9.43892991e-02 -3.54910938e-02 -4.69912900e-02  4.79205645e-02
  1.55160469e-01  1.06441924e-01  1.89879829e-01  7.52283961e-02
  1.98651681e-01  7.72566644e-02  8.71590853e-03  1.11681454e-01
  1.46273712e-01  4.73418773e-02  2.20393445e-02  3.79395505e-02
 -2.06949332e-01 -1.52524060e-01 -1.51540863e-01 -2.32214727e-01
 -2.32267576e-01 -1.36843311e-01 -1.00734879e-01 -1.52955044e-01
 -9.81939348e-02 -2.37924710e-02  6.89324941e-02  2.02656634e-02
  1.21573487e-01  7.96421983e-02  1.61541409e-01  3.53108657e-02
 -1.40149214e-03 -2.68341765e-02 -1.94811995e-01 -1.44588880e-01
 -2.12901948e-01 -1.54240443e-01 -8.67678758e-02 -1.71065167e-01
 -2.01325464e-01 -1.11124440e-01 -1.62859799e-02  3.67596336e-02
  1.11024713e-01  1.34160477e-01  2.58147987e-01  3.38888327e-01
  3.54316563e-01  4.56221261e-01  3.08895151e-01  4.16167515e-01
  1.85906278e-01  1.68917165e-01  5.46369905e-02  7.39270722e-02
  1.63064910e-01  2.29825015e-01  5.11887146e-02  2.06725925e-02
 -1.81638156e-01 -7.52219765e-02 -2.75338534e-01 -1.44218147e-01]
Advants:
[ 0.65268897  0.57514454  0.63638833  0.72736647  0.66010743  0.57108487
  0.47430888  0.46825833  0.53799321  0.62083647  0.59930634  0.63191343
  0.76362596  0.41648762  0.4438792   0.51211403  0.59535456  0.49647322
  0.60735302  0.70879206  0.80703441  0.94207781  0.55603798  0.61480404
  0.63208489  0.75360001  0.60223185  0.72868482  0.87109275  0.58000279
  0.69053929  0.26638048  0.26542918  0.35173928  0.12896636  0.0429602
 -0.01230067 -0.03473693 -0.06104456 -0.09694014 -0.26097653 -0.179148
 -0.28804762 -0.24780265 -0.15106706 -0.25409193 -0.18796586 -0.20746151
 -0.10690027 -0.06810795 -0.02285683  0.05717922  0.1885514   0.35345105
  0.36144432  0.45414337  0.28982158  0.28145868  0.24375758  0.4009024
 -0.21663652 -0.12628307 -0.18590125 -0.29969565 -0.27152005 -0.25291865
 -0.10825561  0.00549522  0.18596746  0.19694709  0.15696392  0.17043286
  0.10322664  0.25225293  0.386183    0.53786431  0.18062935  0.25424285
  0.27881168  0.42055959  0.40634438  0.51711753  0.59823292  0.65350391
  0.4706219   0.54318613  0.5378351  -0.09388959 -0.13730756 -0.49424007
 -0.42252477 -0.67445782 -0.76630665 -0.73433827 -0.83809341 -0.79184879
 -0.77386294 -0.73134636 -0.69250447 -0.62540363 -0.78210004 -0.72391297
 -0.80665653 -0.76662302 -0.71274492 -0.63885158 -0.59146955 -0.72468651
 -0.7054318  -0.62362837 -0.60103169 -0.57192356 -0.51863512 -0.66293153
 -0.61662112 -0.580549   -0.63015675 -0.56905947 -0.47591475 -0.47455993
 -0.41435281 -0.48212594 -0.40627339 -0.63111576 -0.53410208 -0.48740987
 -0.51114942 -0.59023859 -0.5352105  -0.44050569 -0.37084349 -0.58073179
 -0.5555349  -0.47558384 -0.37996754 -0.39797475 -0.28813812 -0.23877352
 -0.26150618 -0.16827294 -0.05728472 -0.12094453 -0.04304118 -0.17032706
 -0.04591649 -0.14361724 -0.19915729 -0.09377935 -0.06798512 -0.18859893
 -0.20445034 -0.16778523 -0.4197688  -0.34781418 -0.34469803 -0.41887372
 -0.41472141 -0.31237219 -0.25882054 -0.32125057 -0.26601651 -0.18758691
 -0.07448423 -0.13366836 -0.03787456 -0.07539133  0.01317201 -0.09372387
 -0.10536223 -0.13092511 -0.27921185 -0.22257628 -0.28346824 -0.22141036
 -0.16335886 -0.24616294 -0.29806837 -0.22064494 -0.13890342 -0.08604361
 -0.01275393  0.00435209  0.13478079  0.22806777  0.24155678  0.36196774
  0.21568235  0.34481431  0.10183256  0.11427805  0.02199176  0.05210364
  0.15626778  0.24239501  0.07939828  0.03442505 -0.17030376 -0.06071303
 -0.29395359 -0.15239127]
Mus:
[[-0.02488054 -0.01064301]
 [-0.02399942 -0.01018032]
 [-0.02412608 -0.0099526 ]
 [-0.02487298 -0.01021466]
 [-0.02463366 -0.00955086]
 [-0.02442296 -0.00883376]
 [-0.02490059 -0.00823894]
 [-0.0252529  -0.00871755]
 [-0.02565125 -0.00902575]
 [-0.02603291 -0.00891431]
 [-0.02622649 -0.00940012]
 [-0.02643405 -0.00912739]
 [-0.02680242 -0.00928297]
 [-0.02888777 -0.01110813]
 [-0.0283769  -0.0105698 ]
 [-0.02815529 -0.01029978]
 [-0.02906378 -0.0110262 ]
 [-0.02994453 -0.01225698]
 [-0.0302677  -0.0124446 ]
 [-0.02950139 -0.0120443 ]
 [-0.0289324  -0.01164385]
 [-0.02889402 -0.01155945]
 [-0.02812948 -0.01021292]
 [-0.02856059 -0.01087686]
 [-0.02947388 -0.01123964]
 [-0.02996683 -0.0117377 ]
 [-0.029436   -0.01115303]
 [-0.02994991 -0.01144285]
 [-0.03065912 -0.01199754]
 [-0.03016785 -0.01098583]
 [-0.0314151  -0.0118903 ]
 [-0.0298719  -0.010619  ]
 [-0.03046264 -0.01116825]
 [-0.03085699 -0.01127774]
 [-0.0311683  -0.01165714]
 [-0.03218337 -0.01271817]
 [-0.03200772 -0.01241652]
 [-0.03187783 -0.01203262]
 [-0.03190788 -0.01172098]
 [-0.03176925 -0.01157303]
 [-0.03089177 -0.01067507]
 [-0.03172575 -0.01126544]
 [-0.03247846 -0.01155723]
 [-0.03296017 -0.01168342]
 [-0.03374947 -0.01212724]
 [-0.03470707 -0.01267737]
 [-0.03575071 -0.01340555]
 [-0.03660795 -0.01382993]
 [-0.03721365 -0.01437889]
 [-0.03690272 -0.01395295]
 [-0.03815415 -0.01495142]
 [-0.03843051 -0.01499803]
 [-0.03838325 -0.01490337]
 [-0.03836482 -0.01492292]
 [-0.03759388 -0.01440283]
 [-0.0390898  -0.01548977]
 [-0.039462   -0.01534586]
 [-0.03817476 -0.01438139]
 [-0.03756319 -0.01402544]
 [-0.03673057 -0.01367949]
 [-0.03465863 -0.01242612]
 [-0.03376294 -0.01194315]
 [-0.03251071 -0.01096449]
 [-0.03058319 -0.00967018]
 [-0.02845532 -0.00905676]
 [-0.02656964 -0.00879667]
 [-0.02452625 -0.00812876]
 [-0.02112232 -0.00657238]
 [-0.01805329 -0.00542979]
 [-0.01748358 -0.0057714 ]
 [-0.01485109 -0.00447058]
 [-0.01629845 -0.00523359]
 [-0.01538285 -0.00512583]
 [-0.01613185 -0.00557474]
 [-0.0159759  -0.00512517]
 [-0.01602435 -0.00473779]
 [-0.01898416 -0.00685387]
 [-0.02132551 -0.00816339]
 [-0.02375177 -0.00889679]
 [-0.02412358 -0.00924677]
 [-0.02375746 -0.00937915]
 [-0.02930488 -0.01241393]
 [-0.03201281 -0.01421107]
 [-0.03279536 -0.014884  ]
 [-0.03386449 -0.01554357]
 [-0.03378034 -0.01582389]
 [-0.03217033 -0.01552601]
 [-0.03307272 -0.01533385]
 [-0.03351248 -0.01598343]
 [-0.03191048 -0.01467446]
 [-0.03083399 -0.01435142]
 [-0.02934152 -0.01321972]
 [-0.02983658 -0.01387541]
 [-0.03002988 -0.01441007]
 [-0.02759936 -0.01376598]
 [-0.02587283 -0.01313175]
 [-0.02399695 -0.01219107]
 [-0.02184708 -0.01158875]
 [-0.02019286 -0.01144644]
 [-0.01769144 -0.01042181]
 [-0.01544037 -0.01038168]
 [-0.01241755 -0.00909258]
 [-0.01074112 -0.00831441]
 [-0.00889827 -0.00770159]
 [-0.0077189  -0.00750235]
 [-0.00656598 -0.00707727]
 [-0.00426424 -0.00575237]
 [-0.00456901 -0.00657224]
 [-0.00309487 -0.00573529]
 [-0.00207443 -0.00536144]
 [-0.00147167 -0.00513804]
 [-0.00134728 -0.0050905 ]
 [ 0.00115732 -0.00356551]
 [-0.00107443 -0.00507701]
 [-0.00107703 -0.00500844]
 [ 0.00180526 -0.00327389]
 [ 0.00315317 -0.0024213 ]
 [ 0.0018938  -0.00300256]
 [ 0.00251088 -0.00250464]
 [ 0.00502117 -0.00089345]
 [ 0.00690429  0.00023683]
 [ 0.0095576   0.00189947]
 [ 0.00918444  0.00190447]
 [ 0.00525309 -0.0001867 ]
 [ 0.00340943 -0.00094892]
 [ 0.00115748 -0.00210684]
 [ 0.00182786 -0.0013814 ]
 [-0.00281277 -0.00405199]
 [-0.0060233  -0.00582828]
 [-0.00715203 -0.00627107]
 [-0.00845631 -0.00699022]
 [-0.00727917 -0.00554731]
 [-0.00944329 -0.00679961]
 [-0.01009485 -0.00695266]
 [-0.01068793 -0.00706169]
 [-0.01315904 -0.00869884]
 [-0.01381613 -0.00896118]
 [-0.01361974 -0.00848819]
 [-0.01380134 -0.00800759]
 [-0.01501746 -0.00833907]
 [-0.01614474 -0.00861645]
 [-0.0182793  -0.00922978]
 [-0.02055693 -0.01033045]
 [-0.02456261 -0.01281908]
 [-0.02646358 -0.01347528]
 [-0.02715719 -0.01382413]
 [-0.02680091 -0.01296842]
 [-0.0284474  -0.01386311]
 [-0.02955206 -0.01439457]
 [-0.03067548 -0.01467703]
 [-0.0315357  -0.01433079]
 [-0.03312192 -0.01487406]
 [-0.03467724 -0.01443619]
 [-0.03663382 -0.01495579]
 [-0.03712859 -0.01461469]
 [-0.03783008 -0.01405549]
 [-0.04074395 -0.01556283]
 [-0.04199714 -0.01608478]
 [-0.04187043 -0.01563227]
 [-0.04081144 -0.01468131]
 [-0.03933663 -0.01349798]
 [-0.03698657 -0.01207167]
 [-0.0342377  -0.0109791 ]
 [-0.03144883 -0.01012042]
 [-0.028065   -0.00853578]
 [-0.02802525 -0.00899259]
 [-0.02724168 -0.0090357 ]
 [-0.02867897 -0.01037798]
 [-0.02853029 -0.01044668]
 [-0.0304112  -0.01168384]
 [-0.02833478 -0.01060452]
 [-0.02918744 -0.01130499]
 [-0.02915742 -0.01192522]
 [-0.02724577 -0.01111226]
 [-0.02793854 -0.01141321]
 [-0.02781575 -0.01204049]
 [-0.03142501 -0.01398527]
 [-0.0302854  -0.01349066]
 [-0.03346004 -0.01525622]
 [-0.03238103 -0.01554245]
 [-0.03083523 -0.01518554]
 [-0.02947209 -0.01457226]
 [-0.0270732  -0.01401769]
 [-0.02402144 -0.01330768]
 [-0.02189073 -0.01233174]
 [-0.019183   -0.01167949]
 [-0.01924026 -0.01264151]
 [-0.01632504 -0.01157854]
 [-0.01531346 -0.01121252]
 [-0.01225528 -0.00981849]
 [-0.00834394 -0.00791361]
 [-0.00389539 -0.00552808]
 [-0.00053773 -0.00420254]
 [ 0.00257895 -0.00313422]
 [ 0.00593262 -0.00188356]
 [ 0.00484297 -0.00323295]
 [ 0.00641995 -0.00260065]
 [ 0.00805735 -0.00154599]
 [ 0.00583371 -0.00299629]
 [ 0.00782366 -0.00176517]]
Actions:
[[ 2.88729161e-01  1.57882126e-01]
 [ 7.88707371e-02 -7.88976083e-02]
 [-1.48726909e-01 -1.05132817e-01]
 [ 3.24096308e-01 -9.55187790e-02]
 [ 3.07339156e-01 -1.47921527e-01]
 [ 1.48054044e-01 -3.37318749e-01]
 [ 7.59716655e-02  2.72600036e-01]
 [-4.98599205e-03  1.52023118e-01]
 [-4.58792270e-02 -1.42742174e-01]
 [ 2.58670128e-02  3.50347044e-01]
 [-1.39837537e-01 -2.57756125e-01]
 [-1.02164280e-01 -2.62760420e-03]
 [-7.18237958e-01  2.38010551e-01]
 [ 1.81147296e-01 -1.07281928e-01]
 [ 9.32589462e-02 -5.88063813e-02]
 [-2.76213817e-01  6.24552150e-02]
 [-2.45868100e-01  4.53101416e-01]
 [-1.74935511e-01 -6.85107030e-02]
 [ 9.23761390e-02 -2.85776757e-02]
 [ 5.80860217e-02 -1.05627679e-01]
 [-3.85626259e-02 -9.22089427e-02]
 [ 4.15879424e-01 -4.74401835e-01]
 [-7.93474571e-02  2.47043291e-01]
 [-2.97858159e-01 -2.27398188e-01]
 [-7.75193037e-02  7.65029567e-02]
 [ 4.28000996e-01 -4.49694158e-02]
 [-5.68938509e-02 -1.68142312e-02]
 [-1.58726347e-01  3.17496196e-02]
 [ 4.16866838e-01 -3.73544425e-01]
 [-1.97331875e-01  8.80769619e-02]
 [ 6.19995271e-01 -4.55275503e-02]
 [ 1.46119664e-02  3.03960902e-01]
 [-1.12575987e-01 -1.43689486e-01]
 [ 1.73471744e-01  5.11989721e-01]
 [-4.99465501e-01  1.11181109e-01]
 [-1.94804125e-01 -3.52399817e-01]
 [ 8.19603483e-02 -2.62519597e-01]
 [ 1.18276014e-01 -2.44277358e-01]
 [ 2.49081216e-01  9.44814800e-02]
 [ 3.50409193e-01 -1.77991941e-01]
 [-1.35681453e-01  6.53998099e-02]
 [-2.58659269e-01 -3.84700344e-01]
 [ 1.34435010e-01 -2.15652628e-02]
 [-2.94770026e-02  7.50607826e-03]
 [ 1.30882400e-01  4.06616148e-01]
 [-2.90847298e-01 -5.93943845e-02]
 [ 9.01948724e-02  3.28905575e-01]
 [-2.27519622e-01  5.48049687e-02]
 [ 1.34407962e-01 -1.99675568e-01]
 [-3.02358968e-01  1.82519206e-01]
 [ 1.23144829e-01  1.38132773e-01]
 [ 6.16754900e-02  3.52499342e-02]
 [-3.12135952e-02 -6.54054609e-03]
 [-6.12179893e-03 -3.75615465e-01]
 [-3.44478939e-01  6.83794803e-02]
 [ 3.86731322e-01  3.31529666e-01]
 [ 3.18269397e-01 -3.18420077e-02]
 [ 2.10022658e-01  3.23496252e-01]
 [ 5.99926235e-03  5.79354944e-02]
 [-6.40848659e-02 -8.48178091e-01]
 [ 5.82629103e-02 -1.42107723e-01]
 [ 2.58732653e-01 -2.34219718e-01]
 [ 2.05806338e-01 -3.91551140e-01]
 [-2.42532112e-01 -2.90718074e-01]
 [-3.92871819e-01 -1.19122427e-01]
 [-1.48353973e-01 -4.32150833e-02]
 [ 1.83644128e-02 -2.31585326e-01]
 [-2.62729769e-02  3.89408350e-02]
 [-4.12232433e-01  1.73337597e-01]
 [-2.57063610e-01 -4.19867983e-01]
 [ 3.46203105e-02  3.88994994e-01]
 [-4.65887444e-01 -2.48146315e-01]
 [-7.25856648e-02  1.48855658e-01]
 [ 1.80592284e-01  1.47551358e-02]
 [ 1.33920403e-01 -7.36114272e-02]
 [-5.16762931e-01  5.21727058e-01]
 [-1.86239974e-01  2.45028845e-01]
 [ 2.35748008e-01  2.18332437e-01]
 [-2.14754106e-01 -7.72229954e-02]
 [-1.66659033e-01 -4.18380626e-01]
 [-5.05679340e-02 -2.24527469e-01]
 [-3.22185577e-01  1.51006305e-01]
 [-3.28051535e-01 -2.63421065e-01]
 [-5.00875905e-01 -3.85788878e-01]
 [ 1.59612183e-01 -2.48306636e-01]
 [ 3.87096180e-02 -4.20937661e-01]
 [ 8.19817282e-01 -1.80028151e-03]
 [ 1.51847580e-01  3.16299963e-01]
 [ 6.17188882e-01 -9.05581449e-02]
 [-1.51058843e-01 -1.15578586e-01]
 [ 5.27471177e-01  7.44956558e-03]
 [-4.43102474e-01 -7.00070747e-02]
 [-1.60999617e-01  1.31302416e-01]
 [-4.12875560e-01 -1.94138029e-01]
 [ 7.46930313e-02 -1.56522727e-02]
 [ 1.50060278e-01 -8.92762673e-02]
 [-1.87167560e-01 -5.27513387e-02]
 [-1.74369146e-01  9.61126777e-02]
 [ 4.71469745e-02 -5.87808590e-02]
 [-5.01216004e-01  6.65484763e-02]
 [ 7.27761758e-02 -5.19445874e-02]
 [ 3.34750919e-01  1.35288622e-01]
 [ 1.02558815e-01  1.08778684e-01]
 [-3.01407081e-02  1.29921691e-01]
 [ 3.12708425e-02  5.73995714e-02]
 [ 1.66599263e-01 -8.93183371e-02]
 [-4.76550067e-01  1.65858969e-02]
 [ 2.11181055e-01  8.06369027e-02]
 [-1.13433996e-01 -4.25911780e-02]
 [ 1.36744324e-01  1.96476534e-01]
 [ 1.38190310e-01  1.86086274e-01]
 [ 1.84781353e-01 -1.07593946e-01]
 [ 2.87265614e-02  4.65499195e-01]
 [-2.02469919e-01 -1.73731273e-01]
 [ 2.24416243e-01 -1.00378567e-01]
 [ 3.18992222e-01  1.62414005e-01]
 [-2.13716143e-01 -1.07987472e-01]
 [ 1.03499036e-01 -1.42396930e-02]
 [ 2.95390009e-01 -9.33314085e-02]
 [ 2.08314899e-01 -6.92911125e-02]
 [ 3.96401121e-01 -4.82999556e-02]
 [-3.07365462e-02 -2.16157753e-01]
 [ 2.11040281e-01  5.05705860e-01]
 [ 6.85716533e-02 -1.15071409e-03]
 [-2.43888760e-01 -1.62312457e-01]
 [ 3.03410115e-01 -1.19051244e-01]
 [-1.49876231e-01  3.87598557e-01]
 [-1.47348561e-01  1.58671906e-01]
 [ 5.73333468e-02  7.71473448e-03]
 [-2.28701898e-01 -1.01698370e-01]
 [ 3.32945134e-01 -4.08662478e-01]
 [-3.10467684e-01 -4.70516332e-02]
 [ 9.93419944e-02 -6.94781215e-03]
 [ 2.03475425e-02 -1.03221745e-01]
 [-1.69341885e-01  3.13726503e-01]
 [ 1.25664689e-03 -4.31347457e-03]
 [ 1.54621854e-01 -1.63733437e-01]
 [ 2.77411666e-01 -1.69509821e-01]
 [ 1.09168758e-01 -4.11450408e-02]
 [ 1.03333650e-01 -6.20725475e-02]
 [ 3.34833431e-01  1.47574733e-01]
 [ 7.11713581e-02  1.69779585e-01]
 [-2.62224641e-01  4.19616980e-01]
 [-2.25643372e-02 -7.89056199e-02]
 [-4.30551140e-01 -3.20798184e-01]
 [ 9.01132869e-02 -4.09628325e-01]
 [-8.69683102e-02  1.22296872e-01]
 [ 1.20568898e-01  1.95805413e-01]
 [ 3.35574867e-01  2.03239964e-01]
 [ 8.81103214e-02 -3.74899350e-01]
 [-2.66434192e-01 -2.49091334e-01]
 [ 4.04659323e-01 -3.18193204e-01]
 [-1.37123468e-01 -2.32740586e-01]
 [ 2.10902158e-01 -1.37156123e-01]
 [ 2.27962992e-01 -2.99522035e-01]
 [-2.27195080e-01  2.58640673e-01]
 [-9.85569293e-02  9.77143609e-02]
 [-9.40209567e-02 -2.92499918e-01]
 [ 3.50949299e-01  7.59854868e-02]
 [ 1.24275072e-01 -1.85196277e-01]
 [ 1.18236067e-01 -1.47727119e-01]
 [-2.19562820e-01 -8.11131878e-02]
 [ 2.74164088e-02  4.06069156e-01]
 [ 1.41607443e-01  2.39916073e-02]
 [-3.88480729e-01  2.11860998e-01]
 [-2.55247206e-01  7.78027846e-02]
 [-5.10783697e-01  1.65331212e-01]
 [-3.13822144e-01 -3.00984103e-01]
 [-1.41707900e-01  3.68223663e-01]
 [-1.82744662e-01 -5.19387908e-01]
 [-2.83051680e-01  7.32471517e-02]
 [-4.65979814e-01 -4.40486707e-03]
 [-8.70349532e-02 -2.49496558e-01]
 [ 1.32517025e-01  1.51092180e-01]
 [-4.77909979e-01  2.23297298e-02]
 [ 1.18455261e-02  3.61328962e-01]
 [ 1.14662511e-01 -7.80347207e-02]
 [-3.69029077e-02  1.41938234e-01]
 [-2.93232859e-01 -7.50672438e-02]
 [ 2.32625890e-03 -2.33946160e-01]
 [ 2.62955852e-01 -1.31098420e-01]
 [-1.10825752e-01  8.17034751e-04]
 [-2.09789243e-01 -1.61079125e-01]
 [ 3.08579565e-01 -9.95565551e-02]
 [-1.85352912e-01 -1.24934807e-01]
 [ 4.18244879e-02  5.15528107e-01]
 [-1.57956502e-01 -1.32296518e-01]
 [ 4.69405625e-01  3.40984852e-01]
 [-2.20905626e-01 -3.38602710e-01]
 [-2.59001602e-01 -4.40504453e-01]
 [ 6.42414533e-02 -3.35400890e-01]
 [-1.90390919e-01 -1.21755971e-01]
 [-2.74148422e-01 -3.62648601e-02]
 [-5.58740198e-01 -3.51951948e-02]
 [ 3.46576684e-01  2.37002438e-01]
 [-2.32496142e-01 -5.27284959e-01]
 [ 1.75202756e-01 -9.29730492e-02]
 [ 1.20941228e-01  5.73953285e-01]
 [-1.34213144e-02 -1.08432500e-01]
 [ 4.21260214e-02  1.08913850e-01]]
States:
[[0.9992222  0.99796552 0.48122989 0.54337267 0.51296893 0.59726951]
 [0.99950761 0.99766008 0.48701758 0.5465081  0.58700438 0.63861292]
 [0.99991299 0.99717202 0.5000865  0.55111716 0.60578037 0.61710917]
 ...
 [0.1198023  0.         0.1732823  0.43355032 0.02518229 0.61395973]
 [0.07603901 0.         0.23181816 0.41978895 0.06589379 0.7640414 ]
 [0.04253635 0.         0.2928469  0.39736691 0.07130493 0.73232469]]
Logstds:
[[-3. -3.]
 [-3. -3.]
 [-3. -3.]
 [-3. -3.]
 [-3. -3.]
 [-3. -3.]
 [-3. -3.]
 [-3. -3.]
 [-3. -3.]
 [-3. -3.]
 [-3. -3.]
 [-3. -3.]
 [-3. -3.]
 [-3. -3.]
 [-3. -3.]
 [-3. -3.]
 [-3. -3.]
 [-3. -3.]
 [-3. -3.]
 [-3. -3.]
 [-3. -3.]
 [-3. -3.]
 [-3. -3.]
 [-3. -3.]
 [-3. -3.]
 [-3. -3.]
 [-3. -3.]
 [-3. -3.]
 [-3. -3.]
 [-3. -3.]
 [-3. -3.]
 [-3. -3.]
 [-3. -3.]
 [-3. -3.]
 [-3. -3.]
 [-3. -3.]
 [-3. -3.]
 [-3. -3.]
 [-3. -3.]
 [-3. -3.]
 [-3. -3.]
 [-3. -3.]
 [-3. -3.]
 [-3. -3.]
 [-3. -3.]
 [-3. -3.]
 [-3. -3.]
 [-3. -3.]
 [-3. -3.]
 [-3. -3.]
 [-3. -3.]
 [-3. -3.]
 [-3. -3.]
 [-3. -3.]
 [-3. -3.]
 [-3. -3.]
 [-3. -3.]
 [-3. -3.]
 [-3. -3.]
 [-3. -3.]
 [-3. -3.]
 [-3. -3.]
 [-3. -3.]
 [-3. -3.]
 [-3. -3.]
 [-3. -3.]
 [-3. -3.]
 [-3. -3.]
 [-3. -3.]
 [-3. -3.]
 [-3. -3.]
 [-3. -3.]
 [-3. -3.]
 [-3. -3.]
 [-3. -3.]
 [-3. -3.]
 [-3. -3.]
 [-3. -3.]
 [-3. -3.]
 [-3. -3.]
 [-3. -3.]
 [-3. -3.]
 [-3. -3.]
 [-3. -3.]
 [-3. -3.]
 [-3. -3.]
 [-3. -3.]
 [-3. -3.]
 [-3. -3.]
 [-3. -3.]
 [-3. -3.]
 [-3. -3.]
 [-3. -3.]
 [-3. -3.]
 [-3. -3.]
 [-3. -3.]
 [-3. -3.]
 [-3. -3.]
 [-3. -3.]
 [-3. -3.]
 [-3. -3.]
 [-3. -3.]
 [-3. -3.]
 [-3. -3.]
 [-3. -3.]
 [-3. -3.]
 [-3. -3.]
 [-3. -3.]
 [-3. -3.]
 [-3. -3.]
 [-3. -3.]
 [-3. -3.]
 [-3. -3.]
 [-3. -3.]
 [-3. -3.]
 [-3. -3.]
 [-3. -3.]
 [-3. -3.]
 [-3. -3.]
 [-3. -3.]
 [-3. -3.]
 [-3. -3.]
 [-3. -3.]
 [-3. -3.]
 [-3. -3.]
 [-3. -3.]
 [-3. -3.]
 [-3. -3.]
 [-3. -3.]
 [-3. -3.]
 [-3. -3.]
 [-3. -3.]
 [-3. -3.]
 [-3. -3.]
 [-3. -3.]
 [-3. -3.]
 [-3. -3.]
 [-3. -3.]
 [-3. -3.]
 [-3. -3.]
 [-3. -3.]
 [-3. -3.]
 [-3. -3.]
 [-3. -3.]
 [-3. -3.]
 [-3. -3.]
 [-3. -3.]
 [-3. -3.]
 [-3. -3.]
 [-3. -3.]
 [-3. -3.]
 [-3. -3.]
 [-3. -3.]
 [-3. -3.]
 [-3. -3.]
 [-3. -3.]
 [-3. -3.]
 [-3. -3.]
 [-3. -3.]
 [-3. -3.]
 [-3. -3.]
 [-3. -3.]
 [-3. -3.]
 [-3. -3.]
 [-3. -3.]
 [-3. -3.]
 [-3. -3.]
 [-3. -3.]
 [-3. -3.]
 [-3. -3.]
 [-3. -3.]
 [-3. -3.]
 [-3. -3.]
 [-3. -3.]
 [-3. -3.]
 [-3. -3.]
 [-3. -3.]
 [-3. -3.]
 [-3. -3.]
 [-3. -3.]
 [-3. -3.]
 [-3. -3.]
 [-3. -3.]
 [-3. -3.]
 [-3. -3.]
 [-3. -3.]
 [-3. -3.]
 [-3. -3.]
 [-3. -3.]
 [-3. -3.]
 [-3. -3.]
 [-3. -3.]
 [-3. -3.]
 [-3. -3.]
 [-3. -3.]
 [-3. -3.]
 [-3. -3.]
 [-3. -3.]
 [-3. -3.]
 [-3. -3.]]
