Baseline:
[0.51425856 0.5191259  0.50946224 0.5010057  0.512806   0.49924156
 0.5149579  0.5417544  0.5400162  0.5290484  0.51627034 0.5065209
 0.49417844 0.50609976 0.49316624 0.49347988 0.49466625 0.4755214
 0.45880124 0.4512215  0.44020814 0.4310105  0.41483584 0.40211543
 0.39159712 0.39392045 0.38286948 0.36107734 0.37021098 0.37796465
 0.36013833 0.34876728 0.36133197 0.32590696 0.33565655 0.3145096
 0.28148744 0.27812096 0.27540657 0.2667564  0.29891112 0.28683135
 0.28149152 0.27861735 0.27700275 0.26605478 0.22657646 0.21594107
 0.2160001  0.22698769 0.25876397 0.2652295  0.23908955 0.24205855
 0.20164199 0.1924069  0.19088876 0.20478475 0.23429899 0.22150335
 0.21637452 0.23419222 0.26295206 0.28399456 0.27932677 0.2763505
 0.30737624 0.32557315 0.3262699  0.36161026 0.38050774 0.40358958
 0.4225637  0.45575467 0.48276356 0.46280485 0.48663437 0.50282824
 0.51963294 0.5207782  0.52272856 0.50575155 0.50009555 0.4954181
 0.4749597  0.46378478 0.47006324 0.46463746 0.4390797  0.43215957
 0.42795104 0.40418497 0.38230646 0.36528352 0.34326372 0.34203586
 0.32025966 0.33539423 0.3405394  0.3375841  0.34079927 0.33308178
 0.3504149  0.32506552 0.31131116 0.31604066 0.31189916 0.3149661
 0.33347765 0.32207176 0.305951   0.29303685 0.28325784 0.26346692
 0.25053555 0.24090713 0.21684574 0.18992436 0.21852297 0.21247132
 0.22050789 0.20843974 0.19053671 0.23301038 0.24749479 0.25742972
 0.22386844 0.21892662 0.2215724  0.22914794 0.22158705 0.24105106
 0.2599253  0.2524047  0.24586603 0.25465253 0.25479352 0.28705952
 0.29072484 0.30251095 0.31647244 0.31713983 0.31952944 0.29506746
 0.29425567 0.30547976 0.30951202 0.31592897 0.307304   0.3376514
 0.32619712 0.3166149  0.3211573  0.318722   0.29923716 0.29468974
 0.2985131  0.30951414 0.3279118  0.35267738 0.3824388  0.40945035
 0.44101495 0.46958587 0.48224786 0.48921308 0.47227436 0.48092416
 0.47951564 0.47242078 0.45516235 0.471509   0.46368334 0.46570066
 0.46231565 0.4730353  0.4847536  0.48681518 0.49473536 0.4988055
 0.5010394  0.4971538  0.5099862  0.504861   0.5161525  0.5078375
 0.48379576 0.47343794 0.4714777  0.5008071  0.5128752  0.5093697
 0.506166   0.4928103  0.48532978 0.4899671  0.48407805 0.48470548
 0.49372074 0.487674   0.487674  ]
Returns:
[ 2.56429869  2.60260514  2.64846021  2.70584351  2.60745504  2.18954113
  2.13845558  1.92251137  1.94579674  1.77955239  1.63857329  1.62282448
  1.57036605  1.44249643  1.40514996  1.2816051   1.11653453  0.9950629
  0.98265241  0.83413937  0.5900397   0.58582253  0.45605754  0.35412191
  0.37212158  0.34746365  0.35092433  0.33750985  0.22571122  0.1935808
  0.27879626  0.29011287  0.07499571  0.04317894 -0.01216823  0.08618637
  0.03111446  0.16037784  0.30838036  0.33352414  0.11955026  0.25274268
  0.17261094  0.29920905  0.44936982  0.61423933  0.75451222  0.89914325
  1.08712614  1.21000965  1.18528048  1.25658207  1.40185731  1.59517407
  1.17076346  1.28835543  1.47709893  1.51914918  1.50432568  1.6194369
  1.73439573  1.84535911  1.96165066  2.06460374  2.12574995  2.22796268
  2.24727869  2.36139573  2.0894185   1.92743725  1.91453689  1.94582851
  1.91696354  1.81816109  1.78896775  1.44681606  1.08676331  1.02809302
  0.93928228  0.89146242  0.82167604  0.6239061   0.51017352  0.44569627
  0.36186971  0.21428609 -0.07343556 -0.14626081 -0.20661851 -0.19526841
 -0.19350186 -0.26015996 -0.31117734 -0.26179548 -0.2454208  -0.28597786
 -0.31518891 -0.51007324 -0.46910016 -0.39826146 -0.35871183 -0.30323611
 -0.39367082 -0.44062438 -0.35211973 -0.31551466 -0.30075041 -0.27153132
 -0.33082897 -0.30124009 -0.25628705 -0.37973324 -0.28861877 -0.22427205
 -0.14763798 -0.13161724 -0.08780368 -0.0512923  -0.17225039 -0.05951349
  0.0264803   0.08450261  0.06869973  0.10724947  0.17246002  0.04453314
 -0.24521965 -0.24751203 -0.17420196 -0.1573392  -0.0479452  -0.06729625
 -0.1432925  -0.03441686  0.05159678  0.06429518 -0.11344708 -0.2171563
 -0.10684416 -0.0162209   0.07195406  0.17771902  0.31271586  0.25476434
  0.39039011  0.52332039  0.67529724  0.71714706  0.74713874  0.73593046
  0.83038856  0.97135808  1.1352405   1.31632963  1.40642828  1.4256422
  1.48161774  1.61976644  1.67665141  1.73087403  1.79675225  1.91008415
  1.98352794  2.01938841  2.13624622  2.25018441  1.88456672  1.97566409
  1.97471422  2.04777755  1.98412715  1.93790011  1.98064575  2.07867419
  2.13889472  1.99882387  2.01899537  2.08649851  2.14434807  2.15796011
  2.21824513  2.27849626  2.25505628  2.26837699  2.25721587  2.27802146
  2.1286418   2.16239115  2.13616505  1.53782986  1.41512328  1.41698441
  1.25555767  1.09972096  1.07275875  0.9654556   0.9207624   0.66391767
  0.43305586  0.3411082 ]
Advants:
[ 1.6134126   1.67409419  1.76089312  1.86271412  1.7881638   1.40998311
  1.36951311  1.14784     1.19649986  1.06207066  0.95252788  0.96659064
  0.94700526  0.82517034  0.819488    0.7121251   0.55862696  0.46698112
  0.4830149   0.35044567  0.11922709  0.12638844  0.0116517  -0.08156686
 -0.05651124 -0.08808427 -0.07810671 -0.07439033 -0.20412111 -0.25478676
 -0.16025813 -0.14610714 -0.39009459 -0.40406941 -0.49026038 -0.38995404
 -0.43351614 -0.32012926 -0.18563324 -0.16839681 -0.4401057  -0.31809993
 -0.42045338 -0.31688627 -0.18852874 -0.03268637  0.13094744  0.2735255
  0.4534922   0.5602138   0.49634566  0.55519706  0.72541928  0.92035949
  0.52947297  0.65274294  0.84502883  0.87625055  0.83387029  0.96785727
  1.09825706  1.20547412  1.31098307  1.41493565  1.50670485  1.64331333
  1.66533745  1.80083174  1.56266989  1.39669768  1.3979364   1.44225093
  1.43211268  1.33694947  1.31897669  1.02830511  0.66675677  0.61381376
  0.52872043  0.50051129  0.44907996  0.28473067  0.19115595  0.14524385
  0.09498664 -0.03141304 -0.32364429 -0.39120877 -0.42726402 -0.40979097
 -0.40449618 -0.44945303 -0.48173379 -0.41668481 -0.37857417 -0.41942777
 -0.4287468  -0.64730584 -0.6196375  -0.55241589 -0.52208993 -0.46346263
 -0.57951835 -0.61078461 -0.51584811 -0.49093304 -0.478996   -0.45959737
 -0.54714185 -0.51544382 -0.46256984 -0.58541875 -0.49477097 -0.41914962
 -0.33605588 -0.31663647 -0.25342273 -0.19308641 -0.3506288  -0.23683233
 -0.16188143 -0.09288562 -0.09190844 -0.09717236 -0.0463315  -0.18833257
 -0.45693944 -0.46768102 -0.409363   -0.41318656 -0.30684217 -0.35837207
 -0.46997469 -0.36813604 -0.28851901 -0.29852333 -0.49700984 -0.65954884
 -0.57843037 -0.52485798 -0.47576623 -0.39468002 -0.28402832 -0.34237949
 -0.22870174 -0.1279301   0.0018722   0.01871316  0.03834844 -0.02509084
  0.0603494   0.1933413   0.33855362  0.51242286  0.61491786  0.63172174
  0.67793674  0.80257386  0.83952709  0.86823038  0.90464623  0.99396082
  1.04038455  1.05283124  1.16584606  1.28569775  0.94021074  1.02867208
  1.03567097  1.12540569  1.08797123  1.0331828   1.09376667  1.20361271
  1.28419892  1.14717202  1.17082269  1.25478037  1.32634738  1.35966529
  1.44531321  1.54138128  1.53863845  1.59404079  1.61099839  1.6837871
  1.60196075  1.69465032  1.72235496  1.13167572  1.03286887  1.07743336
  0.95685378  0.85081634  0.87028024  0.79714094  0.79924316  0.57819902
  0.37043432  0.31672454]
Mus:
[[-2.86207758e-02 -1.19980490e-02]
 [-2.83746645e-02 -1.22912917e-02]
 [-2.84495857e-02 -1.22782178e-02]
 [-2.86618769e-02 -1.26754334e-02]
 [-2.77874470e-02 -1.19185746e-02]
 [-2.78073773e-02 -1.32369436e-02]
 [-2.70404629e-02 -1.31524485e-02]
 [-2.67059188e-02 -1.34084160e-02]
 [-2.59727519e-02 -1.32772783e-02]
 [-2.62371786e-02 -1.41496547e-02]
 [-2.30045989e-02 -1.23304510e-02]
 [-2.10744031e-02 -1.17572481e-02]
 [-1.88192688e-02 -1.13539705e-02]
 [-1.75836161e-02 -1.11842286e-02]
 [-1.45933647e-02 -9.98851843e-03]
 [-1.38989650e-02 -1.04920454e-02]
 [-1.14653837e-02 -9.29654296e-03]
 [-1.07832644e-02 -9.45265312e-03]
 [-8.98398086e-03 -8.79442226e-03]
 [-6.18943945e-03 -7.19347596e-03]
 [-1.62394182e-03 -4.50721011e-03]
 [-4.41182317e-04 -3.92853608e-03]
 [ 2.35439115e-03 -1.98793085e-03]
 [ 1.35713350e-03 -2.99838861e-03]
 [ 2.78786011e-03 -2.27497052e-03]
 [ 2.92507815e-03 -2.52954476e-03]
 [ 3.05624981e-03 -2.91958149e-03]
 [ 5.51805831e-03 -1.34222663e-03]
 [ 5.44962054e-03 -2.33961828e-03]
 [ 6.32437412e-03 -2.62776110e-03]
 [ 8.55537131e-03 -1.59600226e-03]
 [ 9.53380205e-03 -1.94249232e-03]
 [ 1.30299469e-02 -1.66337923e-04]
 [ 1.51380552e-02  1.07395032e-03]
 [ 1.44497091e-02 -4.64804434e-05]
 [ 1.57724842e-02  7.18090450e-04]
 [ 1.80169754e-02  2.43622344e-03]
 [ 1.79968607e-02  2.35487451e-03]
 [ 1.80584546e-02  2.47957860e-03]
 [ 1.91133600e-02  3.89775238e-03]
 [ 1.80664528e-02  2.60547898e-03]
 [ 1.82849839e-02  3.00040422e-03]
 [ 2.15847809e-02  5.56641677e-03]
 [ 2.25627497e-02  6.39246451e-03]
 [ 2.19386239e-02  5.88738080e-03]
 [ 2.19127107e-02  6.06628135e-03]
 [ 2.26545855e-02  7.67784240e-03]
 [ 2.23601162e-02  7.64054758e-03]
 [ 2.25717463e-02  7.78299943e-03]
 [ 2.47586723e-02  9.22643021e-03]
 [ 2.68503688e-02  1.01925777e-02]
 [ 2.46125534e-02  8.32913071e-03]
 [ 2.38069408e-02  8.34783074e-03]
 [ 2.47446336e-02  9.07348376e-03]
 [ 2.46362891e-02  1.03932470e-02]
 [ 2.32965443e-02  9.51264240e-03]
 [ 2.32001320e-02  9.48086567e-03]
 [ 2.54146736e-02  1.12735583e-02]
 [ 2.75888089e-02  1.24558369e-02]
 [ 2.67556086e-02  1.25134764e-02]
 [ 2.56198999e-02  1.27490601e-02]
 [ 2.45564487e-02  1.28045212e-02]
 [ 2.31213402e-02  1.20262131e-02]
 [ 2.00197846e-02  1.13136237e-02]
 [ 1.57277342e-02  1.03045385e-02]
 [ 1.28155444e-02  9.08335578e-03]
 [ 1.03583978e-02  8.48476309e-03]
 [ 9.94929485e-03  7.77021656e-03]
 [ 6.31294167e-03  7.45846145e-03]
 [ 4.52163303e-03  6.97043398e-03]
 [ 3.47644347e-03  6.46949187e-03]
 [ 2.24150158e-03  5.70964674e-03]
 [-1.63254549e-03  4.02954267e-03]
 [-3.06172809e-03  2.53707729e-03]
 [-5.71915973e-03  1.05492037e-03]
 [-1.09779788e-02 -5.39642177e-04]
 [-1.59293041e-02 -1.83509744e-03]
 [-1.87642090e-02 -3.40841268e-03]
 [-2.09133737e-02 -4.60204761e-03]
 [-2.39818655e-02 -5.97218005e-03]
 [-2.65206993e-02 -6.86615519e-03]
 [-3.03525310e-02 -8.20653047e-03]
 [-3.35824341e-02 -9.36908647e-03]
 [-3.52060311e-02 -1.02878092e-02]
 [-3.66776213e-02 -1.17414286e-02]
 [-3.68113630e-02 -1.26980981e-02]
 [-3.62278596e-02 -1.31471492e-02]
 [-3.64798903e-02 -1.28819831e-02]
 [-3.76457982e-02 -1.36025064e-02]
 [-3.82991284e-02 -1.37192411e-02]
 [-3.89524624e-02 -1.38087664e-02]
 [-3.90755571e-02 -1.44756753e-02]
 [-3.88635844e-02 -1.44014591e-02]
 [-3.92799415e-02 -1.46843037e-02]
 [-4.03845124e-02 -1.55166527e-02]
 [-4.01752181e-02 -1.52244074e-02]
 [-4.16245647e-02 -1.63528509e-02]
 [-4.21171412e-02 -1.64255574e-02]
 [-4.16368470e-02 -1.60678234e-02]
 [-4.20431197e-02 -1.63993463e-02]
 [-4.13195863e-02 -1.59034040e-02]
 [-4.02642712e-02 -1.53928772e-02]
 [-3.77620086e-02 -1.38377501e-02]
 [-3.63069586e-02 -1.33926300e-02]
 [-3.58448289e-02 -1.33211482e-02]
 [-3.45857441e-02 -1.25671010e-02]
 [-3.57132368e-02 -1.33375032e-02]
 [-3.34971659e-02 -1.21088857e-02]
 [-3.30973081e-02 -1.18312836e-02]
 [-3.10034230e-02 -1.08899493e-02]
 [-2.93224771e-02 -1.02008274e-02]
 [-2.55991779e-02 -8.26938078e-03]
 [-2.31427234e-02 -7.13314954e-03]
 [-2.09567491e-02 -6.42892765e-03]
 [-1.81773379e-02 -5.03308466e-03]
 [-1.83174144e-02 -5.47964079e-03]
 [-1.76254604e-02 -5.43691497e-03]
 [-1.71074104e-02 -5.48484270e-03]
 [-1.61898453e-02 -4.48671263e-03]
 [-1.59771368e-02 -4.31347173e-03]
 [-1.51432185e-02 -3.60414688e-03]
 [-1.58498064e-02 -4.12684446e-03]
 [-1.63593683e-02 -4.77697374e-03]
 [-1.85310766e-02 -6.21422380e-03]
 [-1.86603479e-02 -6.36304729e-03]
 [-1.71588603e-02 -5.13324421e-03]
 [-2.00513415e-02 -7.04679359e-03]
 [-2.29996350e-02 -8.83534737e-03]
 [-2.33851150e-02 -8.78738798e-03]
 [-2.28128675e-02 -8.19737092e-03]
 [-2.35416312e-02 -8.52187816e-03]
 [-2.46032234e-02 -9.25658643e-03]
 [-2.28722095e-02 -8.26528762e-03]
 [-2.29830332e-02 -8.22227355e-03]
 [-2.25207377e-02 -7.80137070e-03]
 [-2.06465572e-02 -6.61857240e-03]
 [-2.31624600e-02 -8.57600290e-03]
 [-2.31150649e-02 -8.71615205e-03]
 [-2.29735486e-02 -8.69575050e-03]
 [-2.33020801e-02 -8.94313026e-03]
 [-2.27482095e-02 -8.69246293e-03]
 [-2.21912749e-02 -8.25466868e-03]
 [-2.23723762e-02 -8.28713086e-03]
 [-2.50544269e-02 -9.69950482e-03]
 [-2.70857643e-02 -1.06489630e-02]
 [-2.81304400e-02 -1.10946549e-02]
 [-2.90439110e-02 -1.13858553e-02]
 [-3.32548656e-02 -1.36001157e-02]
 [-3.82240452e-02 -1.61864776e-02]
 [-3.96904312e-02 -1.63883716e-02]
 [-4.01772037e-02 -1.65371280e-02]
 [-4.21051681e-02 -1.76511966e-02]
 [-4.34837081e-02 -1.81665868e-02]
 [-4.50442694e-02 -1.89196952e-02]
 [-4.54949923e-02 -1.92363765e-02]
 [-4.45507430e-02 -1.85761657e-02]
 [-4.72300611e-02 -2.01123580e-02]
 [-4.87077087e-02 -2.08840836e-02]
 [-5.09702787e-02 -2.19159778e-02]
 [-5.22477180e-02 -2.26481706e-02]
 [-5.22301868e-02 -2.27081366e-02]
 [-5.14793172e-02 -2.24130880e-02]
 [-5.02212867e-02 -2.18259953e-02]
 [-4.77209687e-02 -2.04902068e-02]
 [-4.77586873e-02 -2.08122078e-02]
 [-4.52175885e-02 -1.98970661e-02]
 [-4.15485278e-02 -1.80977676e-02]
 [-4.13549952e-02 -1.83124673e-02]
 [-3.99244614e-02 -1.73584986e-02]
 [-3.96656878e-02 -1.76073257e-02]
 [-3.83301377e-02 -1.69239137e-02]
 [-3.88398618e-02 -1.75234489e-02]
 [-3.83870788e-02 -1.77702755e-02]
 [-3.73185165e-02 -1.73686538e-02]
 [-3.64016816e-02 -1.73598081e-02]
 [-3.43976356e-02 -1.61669236e-02]
 [-3.39328982e-02 -1.63599513e-02]
 [-3.19484286e-02 -1.56026762e-02]
 [-3.06030773e-02 -1.52392834e-02]
 [-2.86599677e-02 -1.43457260e-02]
 [-2.72488054e-02 -1.39129851e-02]
 [-2.54525673e-02 -1.34183196e-02]
 [-2.40810346e-02 -1.31256972e-02]
 [-2.12726239e-02 -1.18535478e-02]
 [-1.98543873e-02 -1.15053421e-02]
 [-1.74988993e-02 -1.08225048e-02]
 [-1.40551180e-02 -9.41903051e-03]
 [-1.09262513e-02 -8.23665131e-03]
 [-7.75728561e-03 -6.65780762e-03]
 [-6.03901455e-03 -5.39183663e-03]
 [-5.33043733e-03 -5.16339717e-03]
 [-4.54201177e-03 -4.86389641e-03]
 [-3.60717694e-03 -3.67930555e-03]
 [-2.89980415e-03 -4.08645999e-03]
 [-1.68842834e-03 -3.40068061e-03]
 [-7.37278489e-04 -2.70436448e-03]
 [-3.91919129e-05 -2.57983292e-03]
 [ 8.30040022e-04 -1.26858859e-03]
 [ 7.24441197e-04 -5.02676063e-04]
 [-3.81690392e-04 -7.93252839e-04]]
Actions:
[[-6.39559063e-02  2.12016970e-01]
 [-1.39563879e-01 -1.47026645e-01]
 [-2.30206787e-01  1.54234431e-02]
 [ 3.14993216e-01 -5.51710440e-02]
 [-6.74231261e-01  3.77922454e-01]
 [ 1.37534602e-01  2.55507913e-01]
 [ 1.46065313e-01  4.75044576e-01]
 [-1.22813947e-01  8.46010170e-02]
 [-4.60866714e-01  2.22050527e-01]
 [ 1.15998727e-01 -3.47081994e-01]
 [-1.95838136e-01 -8.73911459e-02]
 [-3.20781659e-01 -1.61345505e-02]
 [ 1.76796190e-01  2.49100978e-01]
 [-7.64400946e-02 -1.57002529e-01]
 [-2.28623608e-01  3.09201821e-01]
 [ 3.30604231e-01  4.22405936e-02]
 [-3.82837429e-01  3.07511411e-02]
 [-9.34831177e-02 -3.83066106e-02]
 [ 3.20114430e-01 -1.02062881e-01]
 [ 3.92990910e-01 -2.30789136e-01]
 [ 5.24499592e-02 -6.27411235e-03]
 [ 1.49557727e-01 -3.03791624e-01]
 [-3.30156715e-01  1.22182156e-01]
 [ 1.29206063e-02 -4.91484133e-02]
 [ 5.17263920e-02  2.09269508e-01]
 [-1.86774545e-01  1.06044004e-01]
 [ 2.45279037e-02 -2.57888565e-01]
 [-8.26195343e-02  3.97719139e-01]
 [-2.00515346e-02  3.18501108e-01]
 [-2.82839874e-02 -8.61809780e-02]
 [-2.57573176e-01  1.87856292e-01]
 [ 5.44883187e-01  1.74542859e-01]
 [-1.66953455e-01 -3.27283659e-01]
 [-9.22514689e-02  4.06817567e-01]
 [-8.81338288e-02 -1.39515090e-01]
 [-4.22162313e-02 -4.15475622e-01]
 [-4.40605235e-02  9.43977222e-02]
 [ 3.00159713e-02  6.22547211e-02]
 [ 2.93865252e-01 -2.07795135e-01]
 [ 1.28102056e-01  5.92892217e-01]
 [-5.53349369e-03 -1.20433696e-01]
 [ 3.70983532e-01 -3.06840752e-01]
 [ 1.39509075e-01 -9.58639312e-02]
 [-4.70574546e-02  6.86073694e-02]
 [-1.94408192e-02  3.69545158e-02]
 [-1.32047739e-01  1.11694078e-01]
 [-1.33113588e-01 -1.01711843e-01]
 [-1.87227629e-02 -2.01070833e-02]
 [ 2.85058446e-01 -3.81392701e-02]
 [ 4.30545685e-01  2.41033904e-01]
 [-1.32911706e-01  3.25320415e-01]
 [-1.94459609e-01 -9.39320012e-02]
 [ 1.54040411e-01 -2.12290982e-02]
 [-1.32260283e-01 -7.54475485e-01]
 [-2.54725958e-01 -2.16616147e-02]
 [-9.72902962e-02 -3.75948183e-02]
 [ 3.72675950e-01 -1.75059794e-01]
 [ 4.64993374e-01  1.57650080e-01]
 [-3.59598860e-02 -2.82777090e-01]
 [ 6.67327089e-02 -2.91110378e-01]
 [ 3.28267156e-01  1.73525160e-04]
 [ 2.15666925e-01  2.20508329e-01]
 [ 2.86027538e-01 -6.00493509e-02]
 [-5.45234289e-03 -3.32041408e-01]
 [-2.16935751e-01 -1.18630392e-01]
 [ 3.60587268e-01  2.12833703e-02]
 [-6.43168276e-02  1.29992965e-01]
 [ 2.62148741e-01 -5.45897745e-01]
 [ 4.69134499e-01 -8.59846981e-02]
 [ 2.12664195e-01 -1.21283748e-01]
 [ 5.77146136e-02  1.29852634e-02]
 [-2.58642652e-01 -5.42514513e-02]
 [-1.25050037e-01  3.60505433e-01]
 [ 1.91904608e-02  1.80889802e-01]
 [-1.99607222e-01 -5.36598948e-01]
 [ 4.11871639e-01 -2.55316595e-01]
 [-1.81894796e-01  9.60436775e-02]
 [-4.30333177e-02  2.34781145e-01]
 [-1.26573129e-01  2.58852380e-02]
 [ 7.26275051e-02 -6.18523309e-02]
 [-1.82557006e-01 -3.62899673e-01]
 [ 9.67279569e-02 -1.87607821e-01]
 [ 8.64439366e-02  7.65544817e-02]
 [-3.30476675e-01  1.37181784e-01]
 [-1.14368041e-01  3.87516333e-01]
 [ 4.21744040e-02  5.32610313e-01]
 [ 1.34199962e-01 -1.81719503e-01]
 [-3.21843051e-01 -1.54702841e-01]
 [ 7.37484417e-02 -4.25350583e-02]
 [ 8.62282209e-02 -6.18992036e-03]
 [-4.19186344e-01  4.55148439e-02]
 [-1.87113790e-01 -2.65585278e-01]
 [-7.57580519e-02  5.74115460e-02]
 [-2.20938597e-01  1.78756466e-01]
 [ 2.31772934e-01  1.42765518e-01]
 [-3.21503660e-01  2.15441090e-01]
 [ 2.61320470e-01  4.02550178e-01]
 [ 1.17118069e-01  2.07421072e-02]
 [-8.80062276e-02  1.14441996e-01]
 [ 1.01604227e-01 -7.35219318e-02]
 [-3.38399810e-02 -1.81771020e-01]
 [ 3.53104497e-01 -3.30282679e-02]
 [-2.68950045e-01 -3.05291200e-01]
 [-1.18450144e-01 -4.58187063e-03]
 [ 1.73042805e-01  7.99437301e-02]
 [-1.29391291e-01  2.75361855e-01]
 [ 1.62243085e-01 -1.55556261e-01]
 [ 2.32865595e-01  2.80736586e-01]
 [-7.56440859e-02 -2.57516406e-01]
 [-1.10569183e-01 -2.33527377e-01]
 [ 1.21278351e-01 -4.27164094e-01]
 [ 3.56737672e-02 -9.54616172e-02]
 [-2.12686428e-01 -1.19054488e-01]
 [ 7.66058254e-02 -1.58843594e-01]
 [-1.95678728e-01  2.66265029e-01]
 [-2.82374967e-01 -1.13397321e-01]
 [-3.02879174e-01 -9.33824259e-02]
 [ 4.52350024e-01  9.81779997e-02]
 [-7.32834242e-02 -7.00118067e-02]
 [ 1.69213865e-01 -2.15784249e-02]
 [-2.71578057e-01  8.17245989e-02]
 [-3.95217608e-01 -5.78659899e-02]
 [ 2.37585569e-01 -1.45467308e-01]
 [ 1.26233142e-01  1.96004831e-01]
 [ 3.61774457e-01 -3.22377150e-01]
 [-6.22132054e-01 -2.13544342e-01]
 [-2.96548262e-01  1.87575584e-01]
 [ 1.62815512e-01 -3.91957467e-02]
 [ 2.75942310e-01 -3.53224677e-02]
 [-7.10775905e-02 -7.68862201e-02]
 [ 9.59494876e-02  3.32330076e-01]
 [ 3.85467655e-01  9.39616922e-02]
 [-1.79855838e-02 -8.84619950e-02]
 [ 4.20094480e-02 -1.61590385e-01]
 [ 2.75882445e-01 -1.00547750e-01]
 [-4.38931008e-01  3.44588688e-01]
 [ 2.62626349e-01  3.51328623e-01]
 [ 4.05979510e-02  2.79799845e-02]
 [ 6.60402330e-02  1.41441711e-01]
 [ 1.50557434e-01  8.04350826e-02]
 [ 6.54907793e-02 -1.44668620e-01]
 [-2.45201627e-02 -5.52792674e-02]
 [-4.54649563e-01 -1.58980016e-01]
 [-1.14321711e-01  2.46031317e-02]
 [ 5.18083749e-02  8.82480993e-02]
 [ 3.12394167e-02 -2.09030581e-02]
 [-2.64871190e-01  2.54504764e-01]
 [-3.63703534e-01  1.59487600e-01]
 [ 3.58189870e-01  6.93994911e-02]
 [-1.17655247e-01 -2.59762617e-01]
 [-2.18551744e-01 -2.10588730e-02]
 [ 2.89458720e-02 -2.45813148e-02]
 [-8.40247136e-02 -1.97183405e-02]
 [-2.04147906e-01 -2.40375189e-01]
 [ 5.56763177e-02 -3.62537936e-01]
 [-1.37323544e-01  3.35967106e-01]
 [ 2.74327950e-02  1.77733261e-01]
 [ 1.22648315e-01  2.90641861e-01]
 [ 9.24578284e-02  3.12308177e-01]
 [ 1.66351517e-01  2.24523250e-01]
 [ 1.51833940e-01  1.31105800e-01]
 [ 2.06307739e-01  1.57801681e-01]
 [ 2.60307563e-01 -9.67024253e-02]
 [-2.62283746e-01  1.67133645e-01]
 [-1.41725557e-01 -1.63483109e-01]
 [-1.91433596e-01 -6.67335356e-01]
 [-1.04616481e-01  1.78855544e-01]
 [ 4.56378438e-02 -3.04252394e-01]
 [-2.89479839e-01  7.01613319e-03]
 [-2.05401610e-01 -3.65336126e-01]
 [ 8.45512880e-02  3.63671604e-01]
 [-3.33900952e-01  5.15521375e-02]
 [-3.33431241e-03 -3.64276866e-02]
 [-2.04401587e-01  7.72200863e-02]
 [ 3.68150432e-01 -1.41453647e-01]
 [-4.98571035e-02  2.64074528e-01]
 [-3.25783473e-02 -4.87959118e-02]
 [-2.63825112e-02  1.02266189e-01]
 [ 9.79766072e-02 -6.98682146e-02]
 [-4.10578766e-02  4.46968541e-02]
 [-1.58693015e-01  1.62282079e-02]
 [ 7.94658954e-02  2.50328178e-01]
 [-1.12153561e-02 -1.95660305e-01]
 [ 8.80455754e-02  1.75313695e-01]
 [-2.33415589e-01 -6.99339532e-02]
 [-3.49903953e-01 -3.17630629e-01]
 [-1.26136313e-01 -1.13848128e-01]
 [ 1.00020680e-01 -1.69791556e-01]
 [ 7.03573327e-01  1.30397902e-01]
 [ 2.16774928e-01  2.04385727e-01]
 [-4.62202814e-02 -1.56355299e-02]
 [ 2.28468437e-01 -2.47751276e-01]
 [-4.55923347e-01  2.60263189e-02]
 [-3.57428587e-02 -1.29063680e-01]
 [ 2.29530100e-01 -1.23665420e-02]
 [-1.44090474e-01 -2.07182995e-02]
 [ 3.37228542e-01 -2.60641594e-01]
 [ 3.25528592e-01 -1.47490923e-01]
 [-7.39916562e-02 -1.88143413e-01]
 [ 4.41560487e-01 -1.27455012e-02]]
States:
[[0.99797806 0.99876143 0.55523052 0.46614743 0.51336886 0.59709338]
 [0.99808929 0.99904939 0.55395921 0.47033882 0.4969437  0.6526626 ]
 [0.99852206 0.99936279 0.54861811 0.47571222 0.46148961 0.61304831]
 ...
 [0.66952258 0.95629047 0.03081129 0.69710861 0.47618595 0.53596485]
 [0.67027914 0.96128939 0.03109157 0.68594227 0.56041831 0.4984933 ]
 [0.6756825  0.96837106 0.03313407 0.66864683 0.54052681 0.45114971]]
Logstds:
[[-3. -3.]
 [-3. -3.]
 [-3. -3.]
 [-3. -3.]
 [-3. -3.]
 [-3. -3.]
 [-3. -3.]
 [-3. -3.]
 [-3. -3.]
 [-3. -3.]
 [-3. -3.]
 [-3. -3.]
 [-3. -3.]
 [-3. -3.]
 [-3. -3.]
 [-3. -3.]
 [-3. -3.]
 [-3. -3.]
 [-3. -3.]
 [-3. -3.]
 [-3. -3.]
 [-3. -3.]
 [-3. -3.]
 [-3. -3.]
 [-3. -3.]
 [-3. -3.]
 [-3. -3.]
 [-3. -3.]
 [-3. -3.]
 [-3. -3.]
 [-3. -3.]
 [-3. -3.]
 [-3. -3.]
 [-3. -3.]
 [-3. -3.]
 [-3. -3.]
 [-3. -3.]
 [-3. -3.]
 [-3. -3.]
 [-3. -3.]
 [-3. -3.]
 [-3. -3.]
 [-3. -3.]
 [-3. -3.]
 [-3. -3.]
 [-3. -3.]
 [-3. -3.]
 [-3. -3.]
 [-3. -3.]
 [-3. -3.]
 [-3. -3.]
 [-3. -3.]
 [-3. -3.]
 [-3. -3.]
 [-3. -3.]
 [-3. -3.]
 [-3. -3.]
 [-3. -3.]
 [-3. -3.]
 [-3. -3.]
 [-3. -3.]
 [-3. -3.]
 [-3. -3.]
 [-3. -3.]
 [-3. -3.]
 [-3. -3.]
 [-3. -3.]
 [-3. -3.]
 [-3. -3.]
 [-3. -3.]
 [-3. -3.]
 [-3. -3.]
 [-3. -3.]
 [-3. -3.]
 [-3. -3.]
 [-3. -3.]
 [-3. -3.]
 [-3. -3.]
 [-3. -3.]
 [-3. -3.]
 [-3. -3.]
 [-3. -3.]
 [-3. -3.]
 [-3. -3.]
 [-3. -3.]
 [-3. -3.]
 [-3. -3.]
 [-3. -3.]
 [-3. -3.]
 [-3. -3.]
 [-3. -3.]
 [-3. -3.]
 [-3. -3.]
 [-3. -3.]
 [-3. -3.]
 [-3. -3.]
 [-3. -3.]
 [-3. -3.]
 [-3. -3.]
 [-3. -3.]
 [-3. -3.]
 [-3. -3.]
 [-3. -3.]
 [-3. -3.]
 [-3. -3.]
 [-3. -3.]
 [-3. -3.]
 [-3. -3.]
 [-3. -3.]
 [-3. -3.]
 [-3. -3.]
 [-3. -3.]
 [-3. -3.]
 [-3. -3.]
 [-3. -3.]
 [-3. -3.]
 [-3. -3.]
 [-3. -3.]
 [-3. -3.]
 [-3. -3.]
 [-3. -3.]
 [-3. -3.]
 [-3. -3.]
 [-3. -3.]
 [-3. -3.]
 [-3. -3.]
 [-3. -3.]
 [-3. -3.]
 [-3. -3.]
 [-3. -3.]
 [-3. -3.]
 [-3. -3.]
 [-3. -3.]
 [-3. -3.]
 [-3. -3.]
 [-3. -3.]
 [-3. -3.]
 [-3. -3.]
 [-3. -3.]
 [-3. -3.]
 [-3. -3.]
 [-3. -3.]
 [-3. -3.]
 [-3. -3.]
 [-3. -3.]
 [-3. -3.]
 [-3. -3.]
 [-3. -3.]
 [-3. -3.]
 [-3. -3.]
 [-3. -3.]
 [-3. -3.]
 [-3. -3.]
 [-3. -3.]
 [-3. -3.]
 [-3. -3.]
 [-3. -3.]
 [-3. -3.]
 [-3. -3.]
 [-3. -3.]
 [-3. -3.]
 [-3. -3.]
 [-3. -3.]
 [-3. -3.]
 [-3. -3.]
 [-3. -3.]
 [-3. -3.]
 [-3. -3.]
 [-3. -3.]
 [-3. -3.]
 [-3. -3.]
 [-3. -3.]
 [-3. -3.]
 [-3. -3.]
 [-3. -3.]
 [-3. -3.]
 [-3. -3.]
 [-3. -3.]
 [-3. -3.]
 [-3. -3.]
 [-3. -3.]
 [-3. -3.]
 [-3. -3.]
 [-3. -3.]
 [-3. -3.]
 [-3. -3.]
 [-3. -3.]
 [-3. -3.]
 [-3. -3.]
 [-3. -3.]
 [-3. -3.]
 [-3. -3.]
 [-3. -3.]
 [-3. -3.]
 [-3. -3.]
 [-3. -3.]
 [-3. -3.]
 [-3. -3.]
 [-3. -3.]
 [-3. -3.]]
