Baseline:
[0.48782736 0.4864172  0.4757841  0.49091268 0.4889706  0.4958678
 0.48910344 0.48643747 0.48241904 0.46991536 0.45630047 0.46558744
 0.46605512 0.4641319  0.47012657 0.464431   0.4580301  0.44564798
 0.43316612 0.4419727  0.4548423  0.46058556 0.4575293  0.4595957
 0.47326908 0.4941825  0.5056039  0.51719356 0.50974566 0.5051955
 0.50915813 0.52546644 0.5291132  0.5187257  0.50582266 0.52372724
 0.5319778  0.52851796 0.51264864 0.5000003  0.46083856 0.46767956
 0.46775836 0.46107635 0.44792408 0.45474747 0.43540016 0.40897575
 0.355641   0.33030394 0.3189825  0.30219343 0.2866461  0.27943495
 0.27738628 0.253675   0.24807854 0.2465218  0.25940654 0.2674168
 0.27005696 0.27693853 0.27416414 0.2520982  0.25320032 0.26178208
 0.2569179  0.2270107  0.22133784 0.21488334 0.21279405 0.21464498
 0.21153213 0.21657892 0.22032124 0.22238496 0.22140005 0.22756082
 0.23032866 0.23002201 0.23339458 0.2343835  0.23346886 0.23098704
 0.23303546 0.2331305  0.23133238 0.22692704 0.23258781 0.24114142
 0.24173541 0.24210232 0.24544837 0.25804204 0.26374957 0.27696985
 0.29262468 0.29059887 0.3015985  0.3187729  0.30363438 0.27573723
 0.27843532 0.29837814 0.29526812 0.31864342 0.3307609  0.3075133
 0.21884702 0.20447247 0.20475343 0.2160969  0.21084158 0.2202731
 0.24381337 0.26226294 0.27862924 0.28002775 0.25764704 0.24515915
 0.22884786 0.24022748 0.23114793 0.24485122 0.26637685 0.27607438
 0.2846231  0.29237956 0.2894399  0.3073033  0.32031685 0.33840647
 0.33005005 0.35362747 0.36834863 0.36652762 0.36741206 0.37649488
 0.39454085 0.38445795 0.38341537 0.3792103  0.3801075  0.41045535
 0.39485383 0.41023308 0.40895197 0.41959426 0.4329525  0.39986438
 0.40173668 0.40928096 0.39301232 0.39051208 0.37130982 0.37177062
 0.37258288 0.3595396  0.35176018 0.34037346 0.3210765  0.29730245
 0.3031396  0.27679124 0.23411804 0.22553922 0.21249962 0.21323176
 0.20897128 0.1999571  0.20956531 0.19097917 0.20097989 0.19521849
 0.19844638 0.2093472  0.20075764 0.20389545 0.19887993 0.191878
 0.19606827 0.2053416  0.21949369 0.22576138 0.24475808 0.24503206
 0.26387843 0.26409295 0.2741855  0.27379817 0.28032792 0.29771754
 0.31783774 0.32155895 0.32234335 0.33107382 0.3434043  0.35495117
 0.35352868 0.3635795  0.3635795 ]
Returns:
[ 0.4468015   0.53139488  0.57379526  0.51981139  0.56169101  0.64388648
  0.70956359  0.72699262  0.7667071   0.8138615   0.85923959  0.90678329
  0.94603726  0.86899819  0.90015339  0.95037959  1.0248521   1.10923786
  1.12982795  1.19017918  1.21995682  1.02172118  1.15229613  1.26739546
  1.21609534  1.08171677  0.97429476  0.82655189  0.87999737  0.81476054
  0.82308729  0.72226883  0.35730564  0.40307559  0.42492441  0.27198702
  0.22616667  0.23339077  0.25359451  0.33054778  0.04909336  0.04301576
  0.08327896  0.06072845  0.14754229 -0.12859741 -0.02994227  0.06543543
 -0.14882876 -0.1404351  -0.0379164  -0.08797345 -0.24491998 -0.38996555
 -0.35416812 -0.47701792 -0.47338656 -0.45917521 -0.54232225 -0.51913999
 -0.47587964 -0.464947   -0.434663   -0.49809848 -0.41795773 -0.43975622
 -0.50986701 -0.78346083 -0.76948872 -0.71633637 -0.6991633  -0.6257222
 -0.64934684 -0.57615501 -0.53658486 -0.71819846 -0.68083472 -0.6402007
 -0.5803389  -0.6499991  -0.57500139 -0.68112721 -0.59792377 -0.55404131
 -0.48678559 -0.38609273 -0.28826514 -0.23482915 -0.13105483 -0.04106761
  0.0187688  -0.10194288  0.02000058  0.09518542  0.16393243 -0.15702612
 -0.20324464 -0.14060774 -0.11703286 -0.25038001 -0.24080923 -0.3047577
 -0.25566715 -0.30595996 -0.25688311 -0.34512391 -0.50087078 -0.4365647
 -0.5567286  -0.56192685 -0.47141089 -0.52457924 -0.45949875 -0.40550758
 -0.47471471 -0.57086356 -0.6125699  -0.53012317 -0.73391281 -0.6904263
 -0.78038186 -0.8021187  -0.77401209 -0.6905537  -0.64865373 -0.54991557
 -0.77490859 -0.82093938 -0.87782787 -0.80619058 -0.72214311 -0.70180996
 -0.7100903  -0.76436218 -0.68691406 -0.62808016 -0.53446735 -0.4230015
 -0.46450258 -0.45607915 -0.34009892 -0.26754247 -0.14295213 -0.34030995
 -0.27147221 -0.25123553 -0.13018776 -0.144763   -0.28722915 -0.26754922
 -0.20080698 -0.15106318 -0.14236447 -0.06877318 -0.16462888 -0.0811156
  0.00236141 -0.24765279 -0.26856178 -0.17314409 -0.08259395 -0.18997403
 -0.27553981 -0.28912727 -0.61943974 -0.55745817 -0.46674327 -0.46815028
 -0.38211568 -0.32115668 -0.35098421 -0.42811939 -0.36961144 -0.29441326
 -0.19566735 -0.11860675 -0.04693527 -0.02205097  0.07097145  0.00758142
 -0.17119276 -0.05924964 -0.15272134 -0.05846921  0.00247463  0.05727921
 -0.1088686  -0.03693411  0.06663915 -0.01067404  0.02362492 -0.04802378
 -0.14389304 -0.09920249 -0.04917356  0.04418803  0.06627219  0.0565767
  0.06299647 -0.06856734]
Advants:
[-0.13367305 -0.0541708  -0.00655222 -0.08367835 -0.04719768  0.02246301
  0.09102712  0.10753594  0.14872974  0.20747749  0.26730711  0.30765496
  0.3499101   0.27623547  0.3037381   0.36393107  0.4519407   0.55944555
  0.60519199  0.67208497  0.70617179  0.51452645  0.66567479  0.80121296
  0.7586524   0.62287977  0.52154297  0.3762806   0.454326    0.41037559
  0.43303663  0.33214302 -0.03025127  0.03438816  0.07941936 -0.08555141
 -0.13492321 -0.11880948 -0.07572838  0.02424946 -0.21427664 -0.22350739
 -0.17807816 -0.1887458  -0.08004406 -0.36227875 -0.23983633 -0.10944894
 -0.26603891 -0.22655588 -0.10295258 -0.12665458 -0.26204609 -0.39762397
 -0.3561586  -0.45443569 -0.44398762 -0.42640768 -0.52344332 -0.50889146
 -0.46768793 -0.46287854 -0.42797482 -0.46862129 -0.38635349 -0.4141691
 -0.47865052 -0.72904347 -0.71606855 -0.66185645 -0.64785264 -0.57975487
 -0.60469096 -0.53923953 -0.50522668 -0.69655434 -0.66532172 -0.63750448
 -0.58586776 -0.66328839 -0.59820233 -0.71572601 -0.640302   -0.60193847
 -0.54339677 -0.44692109 -0.34868746 -0.29056791 -0.189118   -0.10154523
 -0.03380843 -0.14941374 -0.02120883  0.05374409  0.13214804 -0.1956929
 -0.25260204 -0.18055236 -0.15957195 -0.30562765 -0.27530782 -0.30638567
 -0.25316124 -0.31815513 -0.25866597 -0.36580977 -0.5340125  -0.44411819
 -0.47404996 -0.4628906  -0.36771283 -0.42885604 -0.35268933 -0.30042392
 -0.3876776  -0.49985861 -0.55710394 -0.47265129 -0.65597637 -0.60035019
 -0.67665    -0.71367242 -0.6795749  -0.61101414 -0.59130579 -0.50023403
 -0.73879455 -0.79969167 -0.8630245  -0.81777094 -0.75378622 -0.75912303
 -0.76727067 -0.85645195 -0.8040823  -0.7527911  -0.66735624 -0.56972152
 -0.63626302 -0.62477464 -0.51174837 -0.43694978 -0.3115612  -0.54446945
 -0.46306444 -0.46134954 -0.33864748 -0.36423997 -0.52529054 -0.47656192
 -0.41406925 -0.37314434 -0.34878802 -0.27100621 -0.34819609 -0.26315713
 -0.17578004 -0.4149662  -0.43090575 -0.32384748 -0.2103276  -0.29253368
 -0.3852443  -0.37350782 -0.67115483 -0.60927246 -0.51172632 -0.52066887
 -0.43496413 -0.36780821 -0.41152085 -0.47652193 -0.43351615 -0.35602275
 -0.26131204 -0.19398215 -0.10996903 -0.08347826  0.02274021 -0.02651445
 -0.20739648 -0.09929152 -0.20434567 -0.11085154 -0.06162803  0.00248532
 -0.17783125 -0.09881705  0.0054704  -0.06210726 -0.02333468 -0.10318605
 -0.21279325 -0.16363085 -0.10397227 -0.00542252  0.01973714  0.01455617
  0.04007059 -0.08674631]
Mus:
[[-0.02634341 -0.01118918]
 [-0.0264116  -0.01150465]
 [-0.02687206 -0.01152303]
 [-0.026002   -0.01100185]
 [-0.02610212 -0.01162902]
 [-0.02556978 -0.01157549]
 [-0.02532852 -0.01125647]
 [-0.02526995 -0.01080156]
 [-0.02591009 -0.01064078]
 [-0.02648516 -0.0112212 ]
 [-0.02667392 -0.01137675]
 [-0.02655854 -0.01173032]
 [-0.02568862 -0.01212976]
 [-0.0257908  -0.01149555]
 [-0.02576298 -0.01120711]
 [-0.02540517 -0.01176609]
 [-0.02544727 -0.01155687]
 [-0.02505666 -0.01163682]
 [-0.02504363 -0.01130032]
 [-0.02450845 -0.01137073]
 [-0.02389712 -0.01137147]
 [-0.02329985 -0.01213765]
 [-0.02209008 -0.01173418]
 [-0.02103028 -0.01108524]
 [-0.01922609 -0.01092512]
 [-0.01866371 -0.01103729]
 [-0.01678005 -0.00956284]
 [-0.01763591 -0.01069986]
 [-0.01631539 -0.00978761]
 [-0.01697451 -0.01078617]
 [-0.01470093 -0.00947657]
 [-0.01368141 -0.00925491]
 [-0.01004812 -0.00660568]
 [-0.01010989 -0.00634814]
 [-0.01072634 -0.00620001]
 [-0.00987953 -0.00557575]
 [-0.01120411 -0.00664971]
 [-0.01178726 -0.00614367]
 [-0.01422233 -0.0073495 ]
 [-0.01583389 -0.00796359]
 [-0.01739241 -0.00747319]
 [-0.01766996 -0.00764792]
 [-0.01909476 -0.00847492]
 [-0.01905446 -0.00773286]
 [-0.02121626 -0.00869388]
 [-0.02270256 -0.01006245]
 [-0.02259872 -0.00998463]
 [-0.02290944 -0.01000331]
 [-0.02367573 -0.00971074]
 [-0.02403322 -0.00969541]
 [-0.0239626  -0.00945484]
 [-0.02412269 -0.00990086]
 [-0.02452079 -0.01073237]
 [-0.02673594 -0.01272357]
 [-0.02650247 -0.01281114]
 [-0.02313036 -0.0108038 ]
 [-0.02013392 -0.0092956 ]
 [-0.01757271 -0.00800328]
 [-0.01801028 -0.00805195]
 [-0.01901594 -0.00869905]
 [-0.01953179 -0.00925115]
 [-0.01956171 -0.00929346]
 [-0.01912177 -0.00867262]
 [-0.01922053 -0.00835027]
 [-0.01956093 -0.00857754]
 [-0.02071317 -0.00946772]
 [-0.02324601 -0.01119534]
 [-0.02330373 -0.01121532]
 [-0.02096177 -0.00994828]
 [-0.0189497  -0.00900421]
 [-0.01790381 -0.00892181]
 [-0.01727356 -0.0090585 ]
 [-0.01328996 -0.00706644]
 [-0.01258182 -0.0071589 ]
 [-0.01237888 -0.00765013]
 [-0.00874395 -0.00549667]
 [-0.00705949 -0.00496045]
 [-0.00711103 -0.00527781]
 [-0.00598542 -0.00472547]
 [-0.00343274 -0.00293545]
 [-0.003281   -0.00310847]
 [-0.00374867 -0.0040869 ]
 [-0.00215692 -0.00350373]
 [ 0.00017223 -0.002564  ]
 [ 0.00157214 -0.00183693]
 [ 0.00254033 -0.00149936]
 [ 0.00394759 -0.0007209 ]
 [ 0.00568637  0.00029694]
 [ 0.00654619  0.00076365]
 [ 0.00704033  0.00129532]
 [ 0.00842037  0.0024456 ]
 [ 0.00770134  0.00095596]
 [ 0.00814213  0.00120471]
 [ 0.0081616   0.00143355]
 [ 0.00816853  0.00083264]
 [ 0.00783348 -0.00081041]
 [ 0.00899482 -0.00012885]
 [ 0.01003227  0.00074776]
 [ 0.00980448  0.00076788]
 [ 0.01002801  0.00128783]
 [ 0.00798136 -0.00018148]
 [ 0.00770722  0.00034513]
 [ 0.00663345 -0.00052641]
 [ 0.00601975 -0.00060474]
 [ 0.00390449 -0.00202625]
 [ 0.00068179 -0.00366746]
 [ 0.00173406 -0.00234355]
 [-0.00221568 -0.00411734]
 [-0.00226094 -0.0027471 ]
 [-0.00248204 -0.00201679]
 [-0.00355872 -0.00234419]
 [-0.00339027 -0.00169974]
 [-0.00518048 -0.00208344]
 [-0.00675157 -0.00250514]
 [-0.00872057 -0.00367234]
 [-0.00962092 -0.00351916]
 [-0.01204566 -0.00437481]
 [-0.0152488  -0.00539099]
 [-0.01667928 -0.00526319]
 [-0.01701053 -0.00474088]
 [-0.01571993 -0.003499  ]
 [-0.01626436 -0.00382754]
 [-0.01501534 -0.0028568 ]
 [-0.01375165 -0.00220363]
 [-0.01188729 -0.00142759]
 [-0.00984955 -0.00044614]
 [-0.00447243  0.00251119]
 [-0.0011148   0.004215  ]
 [ 0.00176968  0.00595112]
 [ 0.00533533  0.0074774 ]
 [ 0.00848226  0.00878817]
 [ 0.01193396  0.00958496]
 [ 0.01381239  0.01011378]
 [ 0.01824129  0.01102874]
 [ 0.02116975  0.01230108]
 [ 0.02290038  0.01248148]
 [ 0.02443105  0.0127128 ]
 [ 0.02648484  0.01335686]
 [ 0.02938816  0.01511928]
 [ 0.03001572  0.01465574]
 [ 0.03095737  0.01484703]
 [ 0.03175426  0.01547988]
 [ 0.03232366  0.01543245]
 [ 0.03348676  0.01612882]
 [ 0.03291767  0.01572439]
 [ 0.03279536  0.01584914]
 [ 0.03206383  0.01538346]
 [ 0.0320499   0.01466707]
 [ 0.03235927  0.01379919]
 [ 0.03015147  0.01268381]
 [ 0.0286966   0.0115465 ]
 [ 0.0270141   0.01048912]
 [ 0.02475494  0.01010444]
 [ 0.02148515  0.00838041]
 [ 0.01839359  0.00740209]
 [ 0.01455663  0.00552354]
 [ 0.01053013  0.0035507 ]
 [ 0.00531058  0.00075246]
 [ 0.00148105 -0.00153911]
 [-0.00119673 -0.0028261 ]
 [-0.00326835 -0.00333043]
 [-0.00852597 -0.00614649]
 [-0.01332546 -0.00877712]
 [-0.01396103 -0.00840135]
 [-0.01514564 -0.00803971]
 [-0.01579021 -0.0079082 ]
 [-0.01602856 -0.00755133]
 [-0.01640089 -0.00745669]
 [-0.01814217 -0.00815506]
 [-0.01851342 -0.00803375]
 [-0.01795243 -0.00743202]
 [-0.01789535 -0.00694927]
 [-0.01847291 -0.00703523]
 [-0.01923355 -0.00734823]
 [-0.02010499 -0.00776499]
 [-0.02114584 -0.00822816]
 [-0.02086096 -0.00804659]
 [-0.02222108 -0.00898626]
 [-0.02037289 -0.0081943 ]
 [-0.01496063 -0.00562651]
 [-0.013345   -0.00428464]
 [-0.01342503 -0.004213  ]
 [-0.0134644  -0.00355232]
 [-0.01344217 -0.00335965]
 [-0.01565157 -0.0043552 ]
 [-0.01506831 -0.00391674]
 [-0.01830649 -0.0060416 ]
 [-0.017274   -0.00531881]
 [-0.01767695 -0.00548567]
 [-0.01566822 -0.0038902 ]
 [-0.01506796 -0.00359087]
 [-0.0173235  -0.00524967]
 [-0.01881413 -0.00587859]
 [-0.01828326 -0.00526344]
 [-0.01830089 -0.00535561]
 [-0.01852564 -0.00541918]
 [-0.01954967 -0.00642248]
 [-0.01986008 -0.00618279]
 [-0.0200505  -0.00680804]
 [-0.02148122 -0.0085917 ]]
Actions:
[[-0.11550376  0.0977865 ]
 [-0.11707426 -0.2098104 ]
 [ 0.3059661   0.10103934]
 [-0.21500499  0.21932589]
 [ 0.03974718  0.14374037]
 [-0.04252215 -0.16482368]
 [ 0.08631723 -0.21259405]
 [ 0.06412439 -0.20857673]
 [-0.30568538 -0.03312122]
 [-0.23156864 -0.1916615 ]
 [ 0.10422403  0.22202582]
 [-0.20630855  0.25785098]
 [ 0.20863001 -0.31713732]
 [ 0.21252914 -0.05490411]
 [-0.28001188  0.1705585 ]
 [ 0.00816653 -0.20361513]
 [-0.22932153 -0.12153614]
 [-0.01881316 -0.33201957]
 [ 0.13118479  0.17696108]
 [ 0.17253473  0.23545742]
 [-0.20076643  0.56824305]
 [-0.08598687 -0.03360898]
 [ 0.10076607 -0.10664927]
 [ 0.05978442  0.44248937]
 [ 0.22532605  0.45485934]
 [ 0.39463278 -0.14522985]
 [-0.18533437  0.51654647]
 [-0.04683123 -0.22715613]
 [-0.44392867  0.19009981]
 [ 0.24849929 -0.04395216]
 [ 0.26157057  0.34249113]
 [ 0.55220896 -0.2653864 ]
 [-0.05963289 -0.13603041]
 [-0.07852048 -0.19233828]
 [ 0.39854201  0.19633422]
 [-0.03586564  0.35997284]
 [ 0.1763272  -0.1247114 ]
 [-0.22991847  0.09891374]
 [-0.08639406  0.05452013]
 [-0.16953094 -0.55977309]
 [ 0.15513273  0.22518253]
 [ 0.01233288  0.24205518]
 [ 0.27266181 -0.07981023]
 [-0.10977593  0.08768853]
 [ 0.02344168  0.61122436]
 [-0.01645917 -0.04709886]
 [-0.10079767 -0.1061232 ]
 [-0.31761694 -0.47887858]
 [-0.24060141 -0.24094316]
 [ 0.05373511 -0.0923482 ]
 [-0.42187171 -0.09187148]
 [-0.53958547 -0.01546433]
 [-0.4579971   0.24099215]
 [ 0.20463669  0.11021513]
 [ 0.01278364 -0.47482388]
 [ 0.20038344 -0.21193503]
 [ 0.22147751 -0.15649665]
 [ 0.38231182  0.10669518]
 [ 0.10784384  0.21881459]
 [ 0.00565219  0.21156997]
 [ 0.20827334  0.1651398 ]
 [ 0.20284349 -0.12178089]
 [-0.19622479 -0.34885049]
 [ 0.01001293  0.07854907]
 [ 0.03019775  0.32913623]
 [-0.30395477  0.27687479]
 [-0.48891809 -0.38034708]
 [ 0.14521194 -0.20584093]
 [-0.02586994 -0.17942114]
 [-0.27171353 -0.04074592]
 [-0.09524708  0.08148906]
 [ 0.00872266 -0.3396665 ]
 [-0.09479636  0.09518591]
 [-0.13367399  0.18640005]
 [ 0.46900234 -0.19438085]
 [-0.20497508 -0.08763796]
 [ 0.07279052  0.19581012]
 [ 0.17036315  0.01579881]
 [ 0.2477393  -0.30815175]
 [-0.08548794  0.07150743]
 [-0.38098161  0.20819816]
 [-0.07532908 -0.04925076]
 [-0.16966652 -0.13996818]
 [ 0.1744336  -0.00417724]
 [ 0.0149054   0.03013321]
 [ 0.06505279 -0.0790808 ]
 [-0.07857893 -0.21946074]
 [ 0.10603684  0.00435099]
 [ 0.1718676  -0.02609632]
 [-0.00101741 -0.23997628]
 [-0.31000272  0.36471873]
 [ 0.03887469  0.01826871]
 [ 0.22299474  0.07118965]
 [-0.09160477  0.22694174]
 [-0.23270267  0.61741683]
 [ 0.39087975  0.13944373]
 [ 0.23132201 -0.10253619]
 [ 0.29553755  0.13856523]
 [ 0.47722896  0.1738385 ]
 [-0.28646408  0.12486518]
 [-0.03198237 -0.41609359]
 [-0.01404357  0.2526866 ]
 [ 0.34445291  0.21859512]
 [-0.15790787  0.194153  ]
 [ 0.14715468  0.4202692 ]
 [ 0.46397813 -0.1986018 ]
 [-0.19649003 -0.0135209 ]
 [-0.33669299  0.32423921]
 [ 0.13228435 -0.28751286]
 [ 0.04184354 -0.02723222]
 [ 0.37565639 -0.03781646]
 [ 0.06105563 -0.14250018]
 [ 0.18133717  0.04295028]
 [ 0.13136002  0.37114872]
 [ 0.41660934  0.05156831]
 [ 0.2857923   0.18986766]
 [ 0.06176644  0.02868603]
 [ 0.38586796 -0.34542535]
 [ 0.02543392 -0.18612385]
 [-0.3243682  -0.2824191 ]
 [-0.25362921  0.22604725]
 [-0.08577926 -0.22939904]
 [-0.01278431  0.07816867]
 [ 0.06923388  0.21165288]
 [ 0.00747158 -0.00726739]
 [ 0.44512641 -0.31532969]
 [ 0.31973478 -0.14790998]
 [-0.09364965 -0.3620296 ]
 [-0.12408784 -0.01406749]
 [-0.08993729 -0.03890583]
 [-0.1566053   0.22139858]
 [-0.27453074 -0.15172183]
 [-0.03652735  0.38934905]
 [ 0.16705616 -0.02380264]
 [-0.19008545  0.06031654]
 [-0.10550453  0.02179886]
 [ 0.06294776  0.06610897]
 [ 0.37965526 -0.14728515]
 [-0.28798327  0.08960736]
 [-0.04180417 -0.00330497]
 [ 0.02892334 -0.21390141]
 [-0.04011941  0.04768584]
 [ 0.53478438  0.26782139]
 [-0.16975662 -0.08320482]
 [ 0.31419583  0.14835791]
 [ 0.027928    0.06922477]
 [ 0.11187792  0.37618842]
 [ 0.17717911  0.50006961]
 [-0.21811994 -0.16258982]
 [ 0.09681247  0.22043355]
 [ 0.17547146  0.22110517]
 [ 0.21079295 -0.25692617]
 [ 0.20090962  0.10844584]
 [ 0.40374805 -0.2302888 ]
 [-0.11175095  0.074084  ]
 [-0.05629961  0.12519346]
 [-0.56135738  0.16961019]
 [-0.22611228  0.25746331]
 [-0.08352319  0.07820708]
 [ 0.00736282 -0.15278979]
 [-0.45065068  0.13309119]
 [-0.17993714  0.39898345]
 [ 0.02205996 -0.35446456]
 [-0.14805063 -0.64360404]
 [ 0.07419343 -0.14761053]
 [ 0.03604936 -0.00119249]
 [ 0.12016214  0.27129381]
 [-0.1248263  -0.01553207]
 [-0.06106621 -0.19763043]
 [ 0.33936846  0.04642578]
 [-0.11629433 -0.41008092]
 [ 0.1460043   0.10930663]
 [-0.17256164 -0.06520915]
 [-0.08397394  0.06245595]
 [ 0.0537607   0.16288319]
 [-0.16239095 -0.15739048]
 [-0.28204185  0.14624498]
 [-0.11110415 -0.15078031]
 [-0.07062092 -0.4303352 ]
 [ 0.50307204 -0.14075281]
 [-0.05022043 -0.01444889]
 [ 0.43268767 -0.05224886]
 [-0.10276067 -0.08015015]
 [ 0.0011831   0.21396855]
 [-0.1975888  -0.15617303]
 [-0.31275594  0.43082835]
 [-0.03358879 -0.19406638]
 [ 0.04330431  0.07251608]
 [ 0.03327753 -0.4214873 ]
 [-0.25152082 -0.11987027]
 [-0.13348607  0.39146224]
 [ 0.33168383  0.24803248]
 [ 0.09643607 -0.16290542]
 [-0.21658857 -0.04743868]
 [ 0.00435339  0.00229471]
 [-0.12409291  0.2674953 ]
 [ 0.28185864 -0.02589267]
 [-0.32447466  0.10542789]
 [-0.28130612  0.4117423 ]
 [ 0.10265847 -0.0007785 ]]
States:
[[0.99999888 0.99992767 0.50849048 0.50818608 0.51318364 0.5969705 ]
 [0.99998865 0.99988992 0.50614372 0.51009858 0.48355389 0.62261217]
 [0.99989508 0.99989766 0.49915657 0.50973723 0.45413822 0.56713733]
 ...
 [0.99990935 0.45959013 0.51924597 1.         0.54247123 0.50273401]
 [0.9999432  0.47257793 0.51722908 0.99987167 0.45864034 0.53224696]
 [0.99995872 0.4742323  0.50303692 0.99983432 0.38752988 0.64144575]]
Logstds:
[[-3. -3.]
 [-3. -3.]
 [-3. -3.]
 [-3. -3.]
 [-3. -3.]
 [-3. -3.]
 [-3. -3.]
 [-3. -3.]
 [-3. -3.]
 [-3. -3.]
 [-3. -3.]
 [-3. -3.]
 [-3. -3.]
 [-3. -3.]
 [-3. -3.]
 [-3. -3.]
 [-3. -3.]
 [-3. -3.]
 [-3. -3.]
 [-3. -3.]
 [-3. -3.]
 [-3. -3.]
 [-3. -3.]
 [-3. -3.]
 [-3. -3.]
 [-3. -3.]
 [-3. -3.]
 [-3. -3.]
 [-3. -3.]
 [-3. -3.]
 [-3. -3.]
 [-3. -3.]
 [-3. -3.]
 [-3. -3.]
 [-3. -3.]
 [-3. -3.]
 [-3. -3.]
 [-3. -3.]
 [-3. -3.]
 [-3. -3.]
 [-3. -3.]
 [-3. -3.]
 [-3. -3.]
 [-3. -3.]
 [-3. -3.]
 [-3. -3.]
 [-3. -3.]
 [-3. -3.]
 [-3. -3.]
 [-3. -3.]
 [-3. -3.]
 [-3. -3.]
 [-3. -3.]
 [-3. -3.]
 [-3. -3.]
 [-3. -3.]
 [-3. -3.]
 [-3. -3.]
 [-3. -3.]
 [-3. -3.]
 [-3. -3.]
 [-3. -3.]
 [-3. -3.]
 [-3. -3.]
 [-3. -3.]
 [-3. -3.]
 [-3. -3.]
 [-3. -3.]
 [-3. -3.]
 [-3. -3.]
 [-3. -3.]
 [-3. -3.]
 [-3. -3.]
 [-3. -3.]
 [-3. -3.]
 [-3. -3.]
 [-3. -3.]
 [-3. -3.]
 [-3. -3.]
 [-3. -3.]
 [-3. -3.]
 [-3. -3.]
 [-3. -3.]
 [-3. -3.]
 [-3. -3.]
 [-3. -3.]
 [-3. -3.]
 [-3. -3.]
 [-3. -3.]
 [-3. -3.]
 [-3. -3.]
 [-3. -3.]
 [-3. -3.]
 [-3. -3.]
 [-3. -3.]
 [-3. -3.]
 [-3. -3.]
 [-3. -3.]
 [-3. -3.]
 [-3. -3.]
 [-3. -3.]
 [-3. -3.]
 [-3. -3.]
 [-3. -3.]
 [-3. -3.]
 [-3. -3.]
 [-3. -3.]
 [-3. -3.]
 [-3. -3.]
 [-3. -3.]
 [-3. -3.]
 [-3. -3.]
 [-3. -3.]
 [-3. -3.]
 [-3. -3.]
 [-3. -3.]
 [-3. -3.]
 [-3. -3.]
 [-3. -3.]
 [-3. -3.]
 [-3. -3.]
 [-3. -3.]
 [-3. -3.]
 [-3. -3.]
 [-3. -3.]
 [-3. -3.]
 [-3. -3.]
 [-3. -3.]
 [-3. -3.]
 [-3. -3.]
 [-3. -3.]
 [-3. -3.]
 [-3. -3.]
 [-3. -3.]
 [-3. -3.]
 [-3. -3.]
 [-3. -3.]
 [-3. -3.]
 [-3. -3.]
 [-3. -3.]
 [-3. -3.]
 [-3. -3.]
 [-3. -3.]
 [-3. -3.]
 [-3. -3.]
 [-3. -3.]
 [-3. -3.]
 [-3. -3.]
 [-3. -3.]
 [-3. -3.]
 [-3. -3.]
 [-3. -3.]
 [-3. -3.]
 [-3. -3.]
 [-3. -3.]
 [-3. -3.]
 [-3. -3.]
 [-3. -3.]
 [-3. -3.]
 [-3. -3.]
 [-3. -3.]
 [-3. -3.]
 [-3. -3.]
 [-3. -3.]
 [-3. -3.]
 [-3. -3.]
 [-3. -3.]
 [-3. -3.]
 [-3. -3.]
 [-3. -3.]
 [-3. -3.]
 [-3. -3.]
 [-3. -3.]
 [-3. -3.]
 [-3. -3.]
 [-3. -3.]
 [-3. -3.]
 [-3. -3.]
 [-3. -3.]
 [-3. -3.]
 [-3. -3.]
 [-3. -3.]
 [-3. -3.]
 [-3. -3.]
 [-3. -3.]
 [-3. -3.]
 [-3. -3.]
 [-3. -3.]
 [-3. -3.]
 [-3. -3.]
 [-3. -3.]
 [-3. -3.]
 [-3. -3.]
 [-3. -3.]
 [-3. -3.]
 [-3. -3.]
 [-3. -3.]
 [-3. -3.]
 [-3. -3.]
 [-3. -3.]]
