Baseline:
[0.5187257  0.50810856 0.52381146 0.5315393  0.54923797 0.5505307
 0.55072194 0.56854945 0.55609375 0.55206555 0.5546334  0.54785526
 0.5387116  0.53170514 0.528428   0.53817683 0.51000744 0.5114683
 0.50744385 0.47241    0.47571453 0.47076795 0.4615415  0.44818345
 0.44283605 0.43641979 0.43079457 0.4284757  0.4198288  0.41459963
 0.413191   0.40451226 0.38878492 0.3674581  0.36503243 0.34399238
 0.346682   0.31684297 0.30939478 0.28349078 0.27022317 0.2652648
 0.2598362  0.2529635  0.25227258 0.24650326 0.24290684 0.2404421
 0.25496486 0.23500362 0.21488339 0.21117184 0.1962904  0.18467301
 0.18339822 0.17990059 0.17456219 0.1675875  0.18506703 0.22163424
 0.22690669 0.2579203  0.26584905 0.2688367  0.27490088 0.27319384
 0.26594576 0.27675506 0.2871693  0.2869109  0.27479053 0.2694559
 0.2573482  0.28212753 0.30299827 0.30381435 0.29762208 0.25547552
 0.23351195 0.22001308 0.22765163 0.23911528 0.23930946 0.2238866
 0.21887842 0.21135591 0.21257648 0.21257298 0.21360803 0.21234347
 0.21287018 0.22076179 0.2230486  0.21717963 0.22342062 0.24459556
 0.2257909  0.2506846  0.25595218 0.24809341 0.23195578 0.21478759
 0.20248225 0.20234358 0.21217068 0.22943038 0.19706483 0.22293353
 0.2292847  0.225665   0.2330173  0.23480222 0.21863791 0.2274706
 0.2282493  0.20748082 0.19257152 0.19950695 0.20169607 0.20292088
 0.19554707 0.2049754  0.20454897 0.20582439 0.20304102 0.21288271
 0.21645792 0.2172006  0.23424636 0.21926777 0.22304547 0.2480999
 0.2549433  0.28197494 0.29016244 0.29001534 0.28548232 0.30104578
 0.30682683 0.31417108 0.30580023 0.30326372 0.3230611  0.31517756
 0.3190332  0.3081362  0.2924644  0.29922688 0.29994392 0.3133635
 0.31480375 0.31239337 0.32597658 0.32921666 0.30469307 0.29053748
 0.292657   0.26506534 0.254017   0.25461957 0.25264123 0.23879988
 0.25691795 0.2632039  0.251247   0.24346638 0.24610433 0.262134
 0.26762646 0.29854256 0.29311737 0.3046661  0.35577545 0.3507828
 0.34430924 0.3522751  0.35819238 0.36129224 0.3584705  0.3565015
 0.35820654 0.39434242 0.38323    0.38337487 0.39742514 0.41419291
 0.41805717 0.44293347 0.4571593  0.46999666 0.4801753  0.46579605
 0.4764413  0.46583116 0.46659055 0.46806973 0.4563454  0.45449924
 0.44447243 0.4349611  0.4349611 ]
Returns:
[ 2.36647042e+00  2.36869007e+00  2.27934454e+00  2.29058709e+00
  2.19291592e+00  2.24117932e+00  2.26486712e+00  2.09350610e+00
  2.07078551e+00  2.08442016e+00  1.91460925e+00  1.88435795e+00
  1.86139580e+00  1.85126087e+00  1.86175469e+00  1.72620501e+00
  1.56628802e+00  1.51989713e+00  1.51297165e+00  1.29335109e+00
  1.25759486e+00  1.26606061e+00  1.26776641e+00  1.27370796e+00
  1.12833958e+00  1.15212785e+00  1.17603978e+00  9.37294547e-01
  8.61638852e-01  8.67269236e-01  8.44692073e-01  8.56792260e-01
  9.07336963e-01  8.19590356e-01  7.09497015e-01  7.14172104e-01
  6.59001934e-01  6.18273901e-01  6.67148815e-01  6.17460939e-01
  6.22595207e-01  6.87137294e-01  7.37215519e-01  7.74071531e-01
  8.07268260e-01  7.85305325e-01  8.29495949e-01  8.45198738e-01
  4.33376325e-01  4.60614606e-01  3.98827869e-01  4.85858999e-01
  4.21430586e-01  1.71825759e-01  2.18970266e-01  3.34312755e-01
  3.34111636e-01  3.21500966e-01  3.63457510e-01  1.02776800e-01
  1.02656057e-01 -1.12164343e-03  2.96502330e-02  2.17941828e-02
  9.69560970e-02  1.58529651e-01  2.30783424e-01  3.25529033e-01
  3.69001511e-01  2.57274041e-01  2.92601204e-01  4.31049849e-01
  5.45410320e-01  5.24566535e-01  5.52126259e-01  5.71175269e-01
  3.38370352e-01  4.27521623e-01  4.32900643e-01  4.18335809e-01
  4.99606586e-01  5.09614073e-01  5.60455848e-01  6.11328879e-01
  6.71888003e-01  7.36290916e-01  7.68886663e-01  7.25359266e-01
  8.26157525e-01  6.50312226e-01  7.27705119e-01  6.90600274e-01
  6.64652302e-01  6.92086799e-01  7.14014892e-01  6.13843207e-01
  6.47660044e-01  5.77730533e-01  5.55164026e-01  6.66901111e-01
  7.36332190e-01  8.54693538e-01  9.48939518e-01  1.07612091e+00
  8.34798117e-01  8.04130769e-01  6.78156150e-01  6.09751828e-01
  6.92307957e-01  7.34836624e-01  8.05164687e-01  7.68036551e-01
  6.58640618e-01  6.20983771e-01  6.82263742e-01  6.30487402e-01
  4.27110028e-01  4.58410551e-01  4.34533841e-01  5.26536522e-01
  4.53262076e-01  4.40912000e-01  4.86583638e-01  5.90727003e-01
  6.09447565e-01  6.92661966e-01  8.09340064e-01  8.30921582e-01
  7.17475531e-01  6.68693213e-01  7.76098432e-01  5.28067101e-01
  5.36066220e-01  2.93944683e-01  3.54022568e-01  4.45419932e-01
  5.30642798e-01  5.40446473e-01  5.64600619e-01  6.44112922e-01
  7.34916274e-01  8.44303813e-01  7.76225482e-01  8.24918344e-01
  8.93536381e-01  9.77090652e-01  9.64698230e-01  1.02741314e+00
  1.12789971e+00  1.13689599e+00  1.12118069e+00  1.23099275e+00
  1.22130388e+00  1.30989997e+00  1.40015584e+00  1.51921172e+00
  1.64713603e+00  1.46435895e+00  1.56635873e+00  1.70643975e+00
  1.87997876e+00  1.72355386e+00  1.79632205e+00  1.96763259e+00
  2.06161695e+00  2.19256933e+00  2.30577455e+00  2.28193394e+00
  2.41688475e+00  2.42137711e+00  2.55963889e+00  2.33654490e+00
  2.03949317e+00  2.09766048e+00  2.06939821e+00  2.13502243e+00
  2.24119515e+00  2.34387205e+00  2.16702459e+00  2.15586153e+00
  2.16957036e+00  1.81994680e+00  1.60681942e+00  1.62551588e+00
  1.55146500e+00  1.48519042e+00  1.41881613e+00  1.33284485e+00
  1.31300405e+00  1.28398409e+00  1.12872629e+00  1.00663381e+00
  8.63283393e-01  7.37472644e-01  7.02542496e-01  5.73693872e-01
  4.21332968e-01  3.96021743e-01  2.55633080e-01  2.27704763e-01]
Advants:
[ 1.3684624   1.39801425  1.30785586  1.32763776  1.22635269  1.29006074
  1.3324471   1.1579064   1.16321966  1.19833398  1.03956205  1.03012888
  1.031119    1.04396395  1.07549494  0.94497565  0.82519158  0.78884256
  0.7983344   0.62148742  0.58961763  0.6112483   0.63143707  0.66137868
  0.52857577  0.56754736  0.60751196  0.37508915  0.3103525   0.32401366
  0.30523071  0.32924105  0.40106945  0.33862513  0.23194166  0.25952016
  0.20189295  0.19091957  0.24889308  0.22616463  0.24628095  0.31979141
  0.38136656  0.43303295  0.47658257  0.47037316  0.53047287  0.56256384
  0.13814229  0.18888904  0.14978332  0.24611139  0.20109322 -0.03934004
  0.00792258  0.12918295  0.13710554  0.13431782  0.16264278 -0.13962263
 -0.15062754 -0.29567741 -0.28326028 -0.30575351 -0.24716065 -0.19332268
 -0.12160902 -0.04352839 -0.01580224 -0.13650509 -0.09761052  0.04133808
  0.16647114  0.11798817  0.12178054  0.13743401 -0.09898646  0.02572879
  0.04677367  0.03884055  0.10729792  0.10018103  0.14625209  0.20963199
  0.27406273  0.34697928  0.38040038  0.3377506   0.44154784  0.26594538
  0.34408011  0.29906864  0.26994432  0.30331246  0.3195549   0.19505794
  0.2458882   0.14618851  0.11220166  0.22881947  0.31380289  0.45288892
  0.56659509  0.70561725  0.45939881  0.41534103  0.32303571  0.22726181
  0.30419491  0.35256071  0.41989051  0.38449891  0.29220524  0.24529578
  0.30721253  0.2767817   0.08311092  0.10258365  0.07040255  0.15735175
  0.08525811  0.05608559  0.09558538  0.19447444  0.21232561  0.28400364
  0.39876552  0.42204915  0.29017461  0.25382487  0.35789446  0.0768425
  0.0693891  -0.21743083 -0.18310738 -0.10779505 -0.03287811 -0.05491908
 -0.05364588  0.00219761  0.08672384  0.18621365  0.08212667  0.12286059
  0.17243389  0.25332333  0.24198699  0.28380914  0.37133033  0.35347848
  0.32121983  0.42052338  0.38251212  0.45451326  0.55835006  0.68380664
  0.80508681  0.64019171  0.74619942  0.88235145  1.05968739  0.91466757
  0.96836407  1.13745767  1.25109108  1.40246222  1.53016383  1.50765445
  1.65995646  1.65750514  1.83165059  1.62280408  1.29186878  1.37567537
  1.37561827  1.45864272  1.5895258   1.72541926  1.58542144  1.61286966
  1.66500842  1.3108722   1.13692649  1.18651223  1.12936416  1.07734344
  1.03859684  0.9584956   0.95674092  0.94865353  0.81474722  0.73791873
  0.61267604  0.52511484  0.51831546  0.41530815  0.29996987  0.30323243
  0.19784324  0.20595667]
Mus:
[[-2.55618189e-02 -1.10368282e-02]
 [-2.61967424e-02 -1.17801251e-02]
 [-2.49480773e-02 -1.12147415e-02]
 [-2.44950075e-02 -1.12371938e-02]
 [-2.31753942e-02 -1.05877807e-02]
 [-2.29935050e-02 -1.05141364e-02]
 [-2.31436677e-02 -1.07892416e-02]
 [-2.20939517e-02 -1.06862029e-02]
 [-2.25442369e-02 -1.06684901e-02]
 [-2.29329541e-02 -1.09357908e-02]
 [-2.09901780e-02 -9.51982290e-03]
 [-2.19398234e-02 -1.01601984e-02]
 [-2.13182252e-02 -9.50363185e-03]
 [-2.17639338e-02 -9.96033847e-03]
 [-2.15617772e-02 -9.97931696e-03]
 [-2.07893308e-02 -9.42069571e-03]
 [-2.11743843e-02 -8.74659140e-03]
 [-2.10294910e-02 -8.31145234e-03]
 [-2.18881760e-02 -8.93730577e-03]
 [-2.34446358e-02 -9.09101032e-03]
 [-2.32786182e-02 -8.90288409e-03]
 [-2.34061759e-02 -8.68082047e-03]
 [-2.40664985e-02 -9.34039149e-03]
 [-2.38816403e-02 -9.07794107e-03]
 [-2.23558526e-02 -7.64691969e-03]
 [-2.27318220e-02 -7.93924741e-03]
 [-2.32740622e-02 -8.43956415e-03]
 [-2.50783544e-02 -1.04832547e-02]
 [-2.39695441e-02 -9.48883221e-03]
 [-2.41070669e-02 -9.93099343e-03]
 [-2.36339308e-02 -9.61038284e-03]
 [-2.40001678e-02 -1.02272891e-02]
 [-2.41023414e-02 -1.03688007e-02]
 [-2.54156459e-02 -1.14138089e-02]
 [-2.43298877e-02 -1.06369890e-02]
 [-2.50582919e-02 -1.11555960e-02]
 [-2.54914258e-02 -1.17352502e-02]
 [-2.55222935e-02 -1.15445396e-02]
 [-2.58388482e-02 -1.18877823e-02]
 [-2.57043447e-02 -1.20107243e-02]
 [-2.38809139e-02 -1.09722819e-02]
 [-2.31519435e-02 -1.09391930e-02]
 [-2.23954562e-02 -1.10220937e-02]
 [-2.01838613e-02 -1.02994060e-02]
 [-1.94459632e-02 -1.06838038e-02]
 [-1.79100297e-02 -1.08386781e-02]
 [-1.38646029e-02 -8.99583660e-03]
 [-1.33021716e-02 -9.43783764e-03]
 [-1.32940505e-02 -9.85716935e-03]
 [-1.15954382e-02 -9.49388649e-03]
 [-7.83001725e-03 -7.89972581e-03]
 [-4.95752692e-03 -6.61821291e-03]
 [-1.00111729e-03 -5.01598977e-03]
 [ 6.17944542e-03 -1.14207563e-03]
 [ 8.42265692e-03 -3.32383381e-04]
 [ 1.01321628e-02  1.67897888e-04]
 [ 1.32551175e-02  2.32773949e-03]
 [ 1.62658319e-02  4.65486245e-03]
 [ 1.67399794e-02  4.96585062e-03]
 [ 1.69664156e-02  4.21038549e-03]
 [ 1.81365162e-02  5.67247905e-03]
 [ 1.81421787e-02  5.00862813e-03]
 [ 1.86962020e-02  5.88137563e-03]
 [ 1.91636998e-02  6.88323006e-03]
 [ 1.78274903e-02  5.78262424e-03]
 [ 1.65781062e-02  4.55953227e-03]
 [ 1.56444591e-02  3.62183596e-03]
 [ 1.52030773e-02  3.40072112e-03]
 [ 1.34493457e-02  2.15639966e-03]
 [ 1.43436119e-02  3.73211922e-03]
 [ 1.19923204e-02  2.06340523e-03]
 [ 1.13301231e-02  1.80288346e-03]
 [ 1.11338543e-02  2.00786046e-03]
 [ 1.00294072e-02  1.19297439e-03]
 [ 1.05364658e-02  1.64598553e-03]
 [ 6.81361556e-03 -6.56932942e-04]
 [ 1.07190078e-02  2.88703572e-03]
 [ 8.10311455e-03  2.42402288e-03]
 [ 6.20197551e-03  2.26122420e-03]
 [ 3.99908610e-03  7.04084756e-04]
 [ 2.93801818e-03  9.45841821e-05]
 [ 2.39156187e-03  3.35810357e-04]
 [ 3.98886303e-04 -9.93544352e-04]
 [-1.49120030e-03 -1.82749366e-03]
 [-2.82468693e-03 -2.71028280e-03]
 [-3.14969150e-03 -2.47759651e-03]
 [-3.50187067e-03 -3.16923438e-03]
 [-3.30881285e-03 -3.58867482e-03]
 [-1.99234672e-03 -2.93464027e-03]
 [-3.27696768e-03 -4.49184142e-03]
 [-3.04007693e-03 -4.80257533e-03]
 [-9.11591167e-04 -3.60124977e-03]
 [-2.58140429e-03 -5.02556376e-03]
 [ 8.59275387e-05 -3.39063024e-03]
 [ 1.86821225e-03 -2.15441221e-03]
 [ 2.91477144e-03 -1.20072626e-03]
 [ 1.91360537e-03 -1.65738910e-03]
 [ 1.93272089e-03 -1.88439433e-03]
 [-2.40063280e-04 -3.41550726e-03]
 [-1.04625663e-03 -3.70086730e-03]
 [-2.81998864e-03 -4.71247593e-03]
 [-9.90787055e-04 -3.22877639e-03]
 [-7.58450245e-04 -2.90985778e-03]
 [ 5.48558273e-05 -2.39118212e-03]
 [ 1.92128087e-03 -3.00801679e-04]
 [ 5.08973259e-04 -1.82368688e-03]
 [-3.56797071e-04 -1.84874318e-03]
 [-5.96574333e-04 -2.56107352e-03]
 [-1.18362741e-03 -2.97769182e-03]
 [-2.98014493e-03 -4.19882033e-03]
 [-3.55463219e-03 -4.68404312e-03]
 [-1.53260736e-03 -2.96808453e-03]
 [-2.38510780e-03 -3.17225046e-03]
 [-1.78770034e-03 -2.46936968e-03]
 [-2.73924810e-03 -2.82075396e-03]
 [-4.89979377e-03 -3.95772560e-03]
 [-3.47137591e-03 -3.14849825e-03]
 [-3.15068616e-03 -3.01179755e-03]
 [-2.19156523e-03 -3.11736926e-03]
 [-5.53352642e-04 -2.30245036e-03]
 [ 2.99961935e-03 -3.91715148e-04]
 [ 2.97729042e-03 -1.03149749e-03]
 [ 4.45780251e-03 -7.93824205e-04]
 [ 5.67478314e-03 -4.74969769e-04]
 [ 7.98341632e-03  1.17531628e-03]
 [ 8.97506624e-03  1.83354958e-03]
 [ 9.87863727e-03  2.38650013e-03]
 [ 1.09318960e-02  3.73431016e-03]
 [ 1.01492163e-02  2.23924592e-03]
 [ 1.14076296e-02  3.12625966e-03]
 [ 1.23348357e-02  3.88440606e-03]
 [ 1.19833238e-02  5.09778364e-03]
 [ 1.16269235e-02  4.18086816e-03]
 [ 1.11086229e-02  2.63052573e-03]
 [ 1.15194218e-02  3.00988974e-03]
 [ 1.15301032e-02  3.22864112e-03]
 [ 1.13852406e-02  3.14372382e-03]
 [ 1.18681919e-02  2.86789075e-03]
 [ 1.18654612e-02  3.49189364e-03]
 [ 1.15358233e-02  3.04074259e-03]
 [ 1.10514406e-02  3.07983439e-03]
 [ 1.06513286e-02  2.88226129e-03]
 [ 1.09323673e-02  3.51068331e-03]
 [ 9.81216412e-03  2.63285800e-03]
 [ 9.46646743e-03  1.96436653e-03]
 [ 9.10034683e-03  2.04952387e-03]
 [ 8.54072813e-03  1.46808545e-03]
 [ 8.64063483e-03  9.53395909e-04]
 [ 9.26367287e-03  1.56372134e-03]
 [ 9.25012119e-03  8.07035423e-04]
 [ 9.97043867e-03  1.94192585e-03]
 [ 9.59127583e-03  1.39479758e-03]
 [ 8.95938557e-03  3.23249435e-04]
 [ 8.18944536e-03 -4.14486422e-04]
 [ 8.11886694e-03 -6.26143417e-04]
 [ 9.03221406e-03  1.67821054e-04]
 [ 9.22137592e-03  5.48120937e-04]
 [ 1.01874378e-02  2.15773750e-03]
 [ 1.03778196e-02  2.48693698e-03]
 [ 1.01949172e-02  2.03523389e-03]
 [ 1.03437528e-02  1.94709748e-03]
 [ 1.14457142e-02  3.87018174e-03]
 [ 1.10011185e-02  3.18872114e-03]
 [ 1.08085237e-02  2.87826965e-03]
 [ 1.12278527e-02  3.09990067e-03]
 [ 1.20769730e-02  3.59730562e-03]
 [ 1.26181515e-02  4.71822871e-03]
 [ 1.24627529e-02  5.93770156e-03]
 [ 1.20196063e-02  5.31378435e-03]
 [ 1.17949909e-02  4.76639951e-03]
 [ 1.11273108e-02  4.91848867e-03]
 [ 1.21323550e-02  6.89075561e-03]
 [ 1.27306171e-02  7.06752250e-03]
 [ 1.18648373e-02  6.29267329e-03]
 [ 1.04062436e-02  5.13341092e-03]
 [ 9.39401425e-03  4.13158676e-03]
 [ 9.44521837e-03  4.36742697e-03]
 [ 9.04268119e-03  4.09416109e-03]
 [ 8.38278607e-03  2.69120606e-03]
 [ 9.74602811e-03  4.09282465e-03]
 [ 1.03543550e-02  5.04064979e-03]
 [ 1.08031863e-02  4.84804623e-03]
 [ 1.02551170e-02  4.15651780e-03]
 [ 1.07607441e-02  4.49767616e-03]
 [ 1.13801099e-02  5.33944694e-03]
 [ 1.10919448e-02  5.57389855e-03]
 [ 9.44035500e-03  5.36518823e-03]
 [ 9.29456390e-03  5.05659496e-03]
 [ 8.44888110e-03  4.56286967e-03]
 [ 7.97060877e-03  3.86508368e-03]
 [ 7.19345640e-03  2.47004069e-03]
 [ 5.33388881e-03  1.56935875e-03]
 [ 4.57893917e-03  1.83874543e-03]
 [ 2.97677983e-03  1.24548597e-03]
 [ 2.03505298e-03  7.72433821e-04]
 [ 8.87610309e-04  6.21864398e-04]
 [ 8.70097356e-05 -2.40094610e-04]
 [ 1.87918529e-04 -7.24831014e-04]
 [-2.80318745e-05 -5.15608874e-04]
 [ 3.64890730e-04 -7.04070495e-04]]
Actions:
[[-0.31518272  0.06714001]
 [ 0.26734221  0.14575689]
 [ 0.03164892  0.17658706]
 [ 0.26635303  0.16409149]
 [-0.0236373   0.05801427]
 [-0.11927967  0.13493745]
 [ 0.17354765  0.41361979]
 [-0.19988049 -0.13837972]
 [-0.143666    0.09398894]
 [ 0.37406485 -0.10363264]
 [-0.23334817  0.14689657]
 [ 0.06778846 -0.14225942]
 [-0.16688899  0.1322834 ]
 [ 0.02789856  0.11942525]
 [ 0.32337153  0.14745246]
 [-0.05388088 -0.38949296]
 [ 0.20410133  0.01317612]
 [-0.07405054  0.19014173]
 [-0.3128122  -0.37916267]
 [ 0.16967675  0.0823642 ]
 [ 0.06741309 -0.03841277]
 [-0.176766    0.11483743]
 [-0.08379445 -0.14040126]
 [ 0.26818382 -0.2367757 ]
 [-0.10029186  0.04147632]
 [-0.12635896  0.07357757]
 [-0.35253209  0.44046503]
 [ 0.19021004 -0.17942604]
 [-0.06037109  0.14519798]
 [ 0.18521739  0.04384588]
 [-0.09556427  0.17398259]
 [-0.07917512 -0.00706351]
 [-0.40895382  0.00398864]
 [ 0.34727794 -0.002498  ]
 [-0.2526161  -0.0662234 ]
 [ 0.11484272  0.27623451]
 [-0.19119204 -0.27711767]
 [-0.01895213  0.06260251]
 [-0.32502579 -0.18443105]
 [ 0.07597942 -0.22916583]
 [-0.11077973 -0.01101303]
 [-0.18658992  0.00297958]
 [-0.1650171  -0.14313054]
 [-0.21305136  0.11253579]
 [-0.34121435  0.0622711 ]
 [ 0.09704243 -0.19037801]
 [-0.01503335  0.27591518]
 [ 0.49249254  0.4621816 ]
 [-0.26293707 -0.08515528]
 [-0.27869122 -0.31553804]
 [ 0.14074774 -0.03597876]
 [-0.33868664 -0.27364548]
 [-0.00101729 -0.5942974 ]
 [ 0.21152356  0.16752862]
 [-0.12358754  0.05217886]
 [ 0.1502363  -0.32140284]
 [ 0.0707265  -0.36041594]
 [ 0.26572258  0.17771204]
 [ 0.29286478  0.56445203]
 [ 0.32782848 -0.15876398]
 [ 0.18904545  0.4482747 ]
 [ 0.3069266  -0.05862767]
 [ 0.30499316 -0.16022562]
 [-0.06537805  0.17522612]
 [-0.18878573  0.14744419]
 [-0.21671214  0.06513955]
 [ 0.15030842  0.14908243]
 [ 0.02709639  0.30803589]
 [ 0.38400115 -0.28620396]
 [-0.28520523  0.09121927]
 [-0.00770536 -0.02119125]
 [-0.00656046 -0.16884288]
 [ 0.1898723   0.35955331]
 [ 0.31414974  0.10287573]
 [-0.14919522  0.31059581]
 [ 0.58232943 -0.06958388]
 [-0.14827795  0.07277026]
 [ 0.00115097 -0.33303479]
 [-0.33435261  0.02399884]
 [ 0.02461156  0.0987047 ]
 [ 0.28780856  0.00660558]
 [-0.16376975  0.11092467]
 [-0.20239073 -0.13769304]
 [-0.19468799  0.011848  ]
 [-0.02491581 -0.19893581]
 [-0.26300957  0.08202009]
 [-0.39657209  0.0059415 ]
 [ 0.06001477 -0.05154922]
 [-0.45415526  0.30285876]
 [-0.07330963  0.16852199]
 [ 0.37968545  0.01867212]
 [-0.20454497  0.31551672]
 [ 0.16474101 -0.24907507]
 [ 0.29275797 -0.09957441]
 [ 0.44997884  0.07323795]
 [-0.24731288 -0.1782642 ]
 [ 0.24045687  0.33877253]
 [-0.11515551  0.34404213]
 [-0.03505336 -0.04858448]
 [-0.24514784 -0.01051502]
 [ 0.07726428 -0.04134126]
 [-0.09907111 -0.18345449]
 [ 0.06340253 -0.07734525]
 [ 0.56107636 -0.19515647]
 [-0.12130158  0.35962959]
 [-0.30849395 -0.42539841]
 [ 0.10023782  0.40522042]
 [ 0.01345508  0.13388349]
 [-0.21419676  0.15384036]
 [ 0.03980625  0.19904428]
 [ 0.37216754  0.03582037]
 [-0.14682253  0.44707843]
 [ 0.28665408  0.22382113]
 [ 0.01854465  0.18115302]
 [-0.39636652 -0.16236068]
 [-0.38570829 -0.43981733]
 [ 0.19370723  0.12815655]
 [-0.35862129  0.01324593]
 [ 0.04935124 -0.07218946]
 [-0.18085155 -0.40904344]
 [-0.03838282  0.32842373]
 [-0.23543863  0.04310283]
 [-0.01153802  0.08855485]
 [ 0.20804874 -0.24310177]
 [ 0.1736134   0.00906136]
 [ 0.01106771 -0.06088772]
 [ 0.11415172 -0.28322051]
 [-0.13470356  0.44686145]
 [-0.27748766 -0.2822636 ]
 [ 0.00523606 -0.09066884]
 [ 0.55943344 -0.14072485]
 [-0.17667574  0.22779782]
 [ 0.03176998  0.56713266]
 [ 0.16268163  0.03175049]
 [ 0.02979712 -0.06170264]
 [-0.11911749 -0.06042374]
 [ 0.10994348  0.26852942]
 [ 0.25566979 -0.08409145]
 [ 0.01233048  0.12662638]
 [-0.04106104 -0.13401232]
 [-0.06307443 -0.03330107]
 [ 0.39284229  0.03600095]
 [-0.22221549  0.01163318]
 [-0.0803606   0.15559269]
 [-0.07193013 -0.15620125]
 [-0.33871591 -0.0685423 ]
 [-0.04426376  0.22756963]
 [ 0.13764353 -0.06550938]
 [-0.03047985  0.32656158]
 [ 0.32425453 -0.17825252]
 [-0.10553739  0.09408044]
 [-0.02081023  0.36697336]
 [ 0.00713804  0.22466584]
 [-0.23972535 -0.08247726]
 [ 0.0505214  -0.21007637]
 [ 0.21147764 -0.01651701]
 [ 0.04430683 -0.58237654]
 [-0.13594534 -0.20564026]
 [-0.12988482  0.08541785]
 [-0.10003552  0.01085983]
 [ 0.09089359 -0.55156531]
 [ 0.07677243  0.28456506]
 [-0.02423345  0.09708832]
 [-0.23981899 -0.16390987]
 [-0.19131402 -0.13261356]
 [ 0.14297617 -0.20734278]
 [ 0.36294316 -0.2382171 ]
 [-0.15759708  0.10836141]
 [ 0.23681342  0.32895116]
 [-0.06843974 -0.19047083]
 [ 0.44751757 -0.40550534]
 [ 0.54814735  0.34511494]
 [-0.24057337 -0.04428004]
 [-0.36621554 -0.01245604]
 [-0.13870011  0.15332778]
 [ 0.04978797 -0.07294557]
 [-0.08650524 -0.02289287]
 [-0.51508803  0.14723837]
 [ 0.12407473 -0.29080398]
 [ 0.08765198 -0.26192774]
 [ 0.47414559  0.42410009]
 [-0.50504579 -0.17542821]
 [-0.10458572 -0.16130997]
 [ 0.31090794 -0.05891369]
 [ 0.2906662   0.01838665]
 [-0.01329942 -0.28112005]
 [ 0.225408    0.20926017]
 [ 0.0854235   0.04474078]
 [-0.01928751  0.16396304]
 [-0.20817521  0.37028609]
 [-0.30010046 -0.20943961]
 [ 0.25207413 -0.12893551]
 [-0.2054517  -0.26430812]
 [-0.07397927 -0.08591426]
 [ 0.03387219 -0.27332985]
 [-0.37261296 -0.06365737]
 [-0.14698499  0.08677311]
 [-0.04864983 -0.29258313]
 [-0.15901622 -0.04631206]
 [-0.05743227  0.46613812]]
States:
[[0.99864793 0.99988347 0.47221602 0.51039023 0.51331703 0.59705597]
 [0.99814872 0.99985202 0.46587193 0.5117083  0.43247942 0.61468501]
 [0.99749321 0.99967989 0.45873754 0.51721866 0.50262332 0.65250758]
 ...
 [0.60564238 0.99716799 0.01195634 0.55115351 0.397374   0.29960183]
 [0.58725475 0.9999991  0.00820843 0.50091638 0.38721697 0.22882285]
 [0.56501521 0.9967252  0.00463135 0.44500573 0.34893052 0.22399415]]
Logstds:
[[-3. -3.]
 [-3. -3.]
 [-3. -3.]
 [-3. -3.]
 [-3. -3.]
 [-3. -3.]
 [-3. -3.]
 [-3. -3.]
 [-3. -3.]
 [-3. -3.]
 [-3. -3.]
 [-3. -3.]
 [-3. -3.]
 [-3. -3.]
 [-3. -3.]
 [-3. -3.]
 [-3. -3.]
 [-3. -3.]
 [-3. -3.]
 [-3. -3.]
 [-3. -3.]
 [-3. -3.]
 [-3. -3.]
 [-3. -3.]
 [-3. -3.]
 [-3. -3.]
 [-3. -3.]
 [-3. -3.]
 [-3. -3.]
 [-3. -3.]
 [-3. -3.]
 [-3. -3.]
 [-3. -3.]
 [-3. -3.]
 [-3. -3.]
 [-3. -3.]
 [-3. -3.]
 [-3. -3.]
 [-3. -3.]
 [-3. -3.]
 [-3. -3.]
 [-3. -3.]
 [-3. -3.]
 [-3. -3.]
 [-3. -3.]
 [-3. -3.]
 [-3. -3.]
 [-3. -3.]
 [-3. -3.]
 [-3. -3.]
 [-3. -3.]
 [-3. -3.]
 [-3. -3.]
 [-3. -3.]
 [-3. -3.]
 [-3. -3.]
 [-3. -3.]
 [-3. -3.]
 [-3. -3.]
 [-3. -3.]
 [-3. -3.]
 [-3. -3.]
 [-3. -3.]
 [-3. -3.]
 [-3. -3.]
 [-3. -3.]
 [-3. -3.]
 [-3. -3.]
 [-3. -3.]
 [-3. -3.]
 [-3. -3.]
 [-3. -3.]
 [-3. -3.]
 [-3. -3.]
 [-3. -3.]
 [-3. -3.]
 [-3. -3.]
 [-3. -3.]
 [-3. -3.]
 [-3. -3.]
 [-3. -3.]
 [-3. -3.]
 [-3. -3.]
 [-3. -3.]
 [-3. -3.]
 [-3. -3.]
 [-3. -3.]
 [-3. -3.]
 [-3. -3.]
 [-3. -3.]
 [-3. -3.]
 [-3. -3.]
 [-3. -3.]
 [-3. -3.]
 [-3. -3.]
 [-3. -3.]
 [-3. -3.]
 [-3. -3.]
 [-3. -3.]
 [-3. -3.]
 [-3. -3.]
 [-3. -3.]
 [-3. -3.]
 [-3. -3.]
 [-3. -3.]
 [-3. -3.]
 [-3. -3.]
 [-3. -3.]
 [-3. -3.]
 [-3. -3.]
 [-3. -3.]
 [-3. -3.]
 [-3. -3.]
 [-3. -3.]
 [-3. -3.]
 [-3. -3.]
 [-3. -3.]
 [-3. -3.]
 [-3. -3.]
 [-3. -3.]
 [-3. -3.]
 [-3. -3.]
 [-3. -3.]
 [-3. -3.]
 [-3. -3.]
 [-3. -3.]
 [-3. -3.]
 [-3. -3.]
 [-3. -3.]
 [-3. -3.]
 [-3. -3.]
 [-3. -3.]
 [-3. -3.]
 [-3. -3.]
 [-3. -3.]
 [-3. -3.]
 [-3. -3.]
 [-3. -3.]
 [-3. -3.]
 [-3. -3.]
 [-3. -3.]
 [-3. -3.]
 [-3. -3.]
 [-3. -3.]
 [-3. -3.]
 [-3. -3.]
 [-3. -3.]
 [-3. -3.]
 [-3. -3.]
 [-3. -3.]
 [-3. -3.]
 [-3. -3.]
 [-3. -3.]
 [-3. -3.]
 [-3. -3.]
 [-3. -3.]
 [-3. -3.]
 [-3. -3.]
 [-3. -3.]
 [-3. -3.]
 [-3. -3.]
 [-3. -3.]
 [-3. -3.]
 [-3. -3.]
 [-3. -3.]
 [-3. -3.]
 [-3. -3.]
 [-3. -3.]
 [-3. -3.]
 [-3. -3.]
 [-3. -3.]
 [-3. -3.]
 [-3. -3.]
 [-3. -3.]
 [-3. -3.]
 [-3. -3.]
 [-3. -3.]
 [-3. -3.]
 [-3. -3.]
 [-3. -3.]
 [-3. -3.]
 [-3. -3.]
 [-3. -3.]
 [-3. -3.]
 [-3. -3.]
 [-3. -3.]
 [-3. -3.]
 [-3. -3.]
 [-3. -3.]
 [-3. -3.]
 [-3. -3.]
 [-3. -3.]
 [-3. -3.]
 [-3. -3.]
 [-3. -3.]
 [-3. -3.]
 [-3. -3.]
 [-3. -3.]
 [-3. -3.]
 [-3. -3.]]
