Baseline:
[0.51956403 0.53063184 0.5174938  0.5330414  0.511824   0.49340895
 0.46983343 0.4594524  0.46029073 0.45830232 0.45470783 0.4661694
 0.48202872 0.49913368 0.48826176 0.4785423  0.47808203 0.45019913
 0.4423158  0.40720293 0.39055952 0.38453928 0.37696627 0.3751021
 0.37240174 0.3569341  0.33854717 0.30812278 0.29189166 0.25914943
 0.24154204 0.21146818 0.1876913  0.16427056 0.14420483 0.13525555
 0.12855299 0.12491642 0.13378555 0.1426037  0.1452629  0.18375684
 0.19102344 0.18136418 0.1762691  0.1725524  0.1678758  0.16334817
 0.15009055 0.14838573 0.17298514 0.16048056 0.15022632 0.17232522
 0.18175516 0.19133008 0.17155848 0.17988409 0.16191576 0.16197635
 0.19186607 0.17784342 0.16540386 0.15390673 0.1682932  0.15107615
 0.14608502 0.13978565 0.15877944 0.18289714 0.16227826 0.17029937
 0.17124274 0.20126861 0.19461748 0.21459478 0.21061951 0.19150653
 0.18267493 0.16848147 0.159693   0.13918781 0.16397506 0.17243388
 0.17265287 0.16383362 0.17155795 0.16314471 0.15255739 0.14660092
 0.14600809 0.1529884  0.150717   0.13551532 0.145205   0.14869036
 0.1551508  0.14970705 0.15280169 0.15105523 0.15364382 0.14572343
 0.14809075 0.14124694 0.14835563 0.14614564 0.13671316 0.12267976
 0.12677398 0.13752262 0.1376459  0.13648717 0.13757758 0.14161171
 0.16106196 0.16311902 0.16359675 0.16620465 0.16541228 0.17794119
 0.18536156 0.19654807 0.19807503 0.20335212 0.19987836 0.1923702
 0.18814927 0.18915492 0.18723299 0.17359287 0.16861469 0.15188995
 0.13597009 0.13149098 0.13049023 0.12674446 0.12256894 0.13363332
 0.13110128 0.12385535 0.119477   0.11452703 0.10429642 0.11092794
 0.10168931 0.1047594  0.11639749 0.10023038 0.09732872 0.10121889
 0.10571188 0.11881691 0.12120549 0.13883248 0.138702   0.16011325
 0.16465098 0.17153016 0.16938485 0.16224468 0.17122623 0.16856544
 0.19314599 0.17109439 0.16872053 0.17623691 0.16869909 0.1437234
 0.15852751 0.15848231 0.14768201 0.1529991  0.15809318 0.16798286
 0.17541435 0.18323405 0.19105718 0.20595187 0.22195943 0.23965938
 0.25339997 0.2687656  0.28108966 0.31075856 0.33992583 0.36765686
 0.39854956 0.43020186 0.4525466  0.4731964  0.4896308  0.501778
 0.5099477  0.51019317 0.5014396  0.49135935 0.4744286  0.4597918
 0.4452075  0.42648044 0.42648044]
Returns:
[ 2.23623608  2.21242285  2.20647116  2.1276937   2.01347265  1.94797679
  1.77640698  1.75043499  1.24303955  1.17391028  1.16911263  1.08798272
  0.90793488  0.69406421  0.6892375   0.64198566  0.62276728  0.54735327
  0.50768031  0.34139195  0.22462155  0.1746122   0.12967311  0.07612299
 -0.01524117 -0.09482518 -0.05390083 -0.12628639 -0.09499048 -0.16879432
 -0.33925714 -0.35852527 -0.35455891 -0.30350368 -0.48378171 -0.55188657
 -0.53878478 -0.47792495 -0.41821506 -0.445005   -0.40693547 -0.35815586
 -0.32827052 -0.33985511 -0.28151817 -0.23195857 -0.15595405 -0.14254719
 -0.1062323  -0.01534802 -0.24942806 -0.22603935 -0.16827414 -0.24139797
 -0.29460721 -0.19905353 -0.1910357  -0.49864136 -0.49835374 -0.38638619
 -0.52262611 -0.60030442 -0.59932648 -0.72608702 -0.81231976 -0.86506938
 -0.78283898 -0.71267271 -0.62930389 -0.57201538 -0.72832143 -0.63951535
 -0.64076124 -0.66901456 -0.59234392 -0.53510386 -0.42883842 -0.47518999
 -0.44143158 -0.51498714 -0.57802567 -0.75496508 -0.72101073 -0.62756537
 -0.59619893 -0.90038088 -0.83297632 -0.80267973 -0.7632639  -0.68179365
 -0.8940877  -0.8809541  -0.89082139 -0.99261381 -0.94765401 -1.03474736
 -1.03089578 -1.16819985 -1.18748521 -1.26423192 -1.33782729 -1.35299259
 -1.42229384 -1.39466674 -1.42675031 -1.39250687 -1.37432955 -1.45255065
 -1.40323507 -1.42923772 -1.37644604 -1.31055735 -1.23614924 -1.17523807
 -1.28053797 -1.22797239 -1.15546013 -1.06002533 -0.97014295 -0.86699704
 -0.77646818 -0.69597334 -0.68614868 -0.5962438  -0.59725138 -0.56890518
 -0.46350599 -0.48330498 -0.38100581 -0.4481505  -0.37703587 -0.3679377
 -0.31564965 -0.2288887  -0.29217034 -0.24459173 -0.39203985 -0.75316085
 -0.76435794 -0.79370011 -0.74035978 -0.66420549 -0.73751738 -0.83319365
 -0.81024388 -0.71966044 -0.67836552 -0.7325668  -0.65168678 -0.53434628
 -0.46523044 -0.37474203 -0.30208396 -0.42520485 -0.66472289 -0.55101806
 -0.44171239 -0.42899097 -0.40329294 -0.44771921 -0.41283243 -0.31843015
 -0.4391907  -0.43602258 -0.36739105 -0.37160756 -0.30284187 -0.39007911
 -0.49228841 -0.4190748  -0.4338164  -0.3870864  -0.3438432  -0.35751672
 -0.31503071 -0.25402328 -0.15897427 -0.10190196 -0.0053064  -0.08443186
 -0.00285247  0.02165328  0.14739675  0.11994676  0.11672969  0.11750572
  0.11221415  0.24731743  0.36597377  0.46782035  0.56217232  0.53313942
  0.61966201  0.73983125  0.68739723  0.63879268  0.56434749  0.40383299
  0.44450154  0.27356589]
Advants:
[ 1.45446491  1.44926129  1.48887556  1.42682355  1.36596575  1.35231318
  1.23601759  1.25434351  0.76719735  0.72086392  0.74220348  0.67121147
  0.49268471  0.27342657  0.29237441  0.26768298  0.26227956  0.22777075
  0.20912958  0.08816563 -0.00397664 -0.0406613  -0.07125633 -0.11719297
 -0.20235986 -0.26466442 -0.20155261 -0.24068729 -0.18862307 -0.22603093
 -0.37964884 -0.36933632 -0.34127029 -0.26414065 -0.42642825 -0.48966547
 -0.47367795 -0.41132879 -0.36124578 -0.39877746 -0.36435941 -0.35483245
 -0.33233751 -0.33445673 -0.2692733  -0.21244869 -0.12542166 -0.10004601
 -0.04086527  0.06501411 -0.18724327 -0.14327073 -0.06438009 -0.15075058
 -0.20572071 -0.10876046 -0.06819461 -0.38003214 -0.35676909 -0.23596743
 -0.3975827  -0.45830815 -0.44129587 -0.55622311 -0.65958943 -0.6992021
 -0.61371066 -0.53675755 -0.46986257 -0.43293122 -0.56873403 -0.48557604
 -0.48525785 -0.54261842 -0.45572281 -0.41342932 -0.29431981 -0.31277654
 -0.25933935 -0.30876616 -0.35391241 -0.50530548 -0.49038425 -0.39652496
 -0.35478558 -0.64778896 -0.58370268 -0.53901425 -0.4809767  -0.38212724
 -0.58798012 -0.57528998 -0.57602708 -0.65785279 -0.61632093 -0.70290586
 -0.7012614  -0.83258423 -0.85507313 -0.93251115 -1.01369674 -1.02659343
 -1.1066118  -1.08013588 -1.12921632 -1.10236598 -1.08432344 -1.16087858
 -1.12767963 -1.17861411 -1.13970821 -1.08552204 -1.02389365 -0.97794262
 -1.11840778 -1.08339087 -1.02593976 -0.94606767 -0.86664694 -0.78544007
 -0.70997298 -0.64681344 -0.64493167 -0.56464904 -0.56682188 -0.53489285
 -0.42614212 -0.44853364 -0.34281128 -0.39634149 -0.31792312 -0.2887779
 -0.21485512 -0.11459151 -0.16900637 -0.10755853 -0.24427637 -0.62085951
 -0.63456494 -0.66281434 -0.60998787 -0.53168418 -0.59975557 -0.71064275
 -0.68676906 -0.60557212 -0.58185258 -0.62750612 -0.5494017  -0.43860348
 -0.37486001 -0.29603765 -0.2220333  -0.36308117 -0.61019806 -0.52343776
 -0.42143424 -0.41841122 -0.39276615 -0.43359093 -0.41072466 -0.31395746
 -0.46411471 -0.44334143 -0.37496523 -0.38991416 -0.31474075 -0.38015429
 -0.50420716 -0.43632175 -0.44621609 -0.40998252 -0.3762741  -0.40538506
 -0.37526672 -0.32579068 -0.23989497 -0.19785639 -0.11492685 -0.21220588
 -0.1427612  -0.13159574 -0.01247064 -0.06516435 -0.0937481  -0.11741243
 -0.15114481 -0.04183354  0.06381627  0.15765803  0.25170756  0.22676004
  0.32515163  0.47053013  0.45312186  0.4419163   0.41226901  0.29212073
  0.37700365  0.25224182]
Mus:
[[-2.49339025e-02 -1.07788900e-02]
 [-2.41760705e-02 -1.06844874e-02]
 [-2.48769801e-02 -1.12229176e-02]
 [-2.39324421e-02 -1.08858710e-02]
 [-2.44206879e-02 -1.08558889e-02]
 [-2.44057272e-02 -1.09596103e-02]
 [-2.35133320e-02 -1.08978953e-02]
 [-2.14827210e-02 -1.08358590e-02]
 [-2.25741323e-02 -1.01958467e-02]
 [-2.26623286e-02 -1.01023419e-02]
 [-2.24765856e-02 -1.00964233e-02]
 [-2.19009649e-02 -1.00392476e-02]
 [-2.15842519e-02 -9.83320363e-03]
 [-2.13243961e-02 -9.58534703e-03]
 [-2.21495163e-02 -1.00562666e-02]
 [-2.26862133e-02 -1.01222899e-02]
 [-2.30815373e-02 -1.04502495e-02]
 [-2.40063071e-02 -1.08858738e-02]
 [-2.42360104e-02 -1.08187078e-02]
 [-2.55172327e-02 -1.10317087e-02]
 [-2.64299978e-02 -1.09970337e-02]
 [-2.72579677e-02 -1.17864544e-02]
 [-2.76095588e-02 -1.25367604e-02]
 [-2.81100292e-02 -1.31935654e-02]
 [-2.79753022e-02 -1.29735852e-02]
 [-2.92994827e-02 -1.29764294e-02]
 [-3.05512287e-02 -1.35186361e-02]
 [-3.14831994e-02 -1.37964971e-02]
 [-3.21136080e-02 -1.42952884e-02]
 [-3.22467722e-02 -1.44921569e-02]
 [-3.06619257e-02 -1.31969349e-02]
 [-3.06700282e-02 -1.36662927e-02]
 [-2.88074445e-02 -1.25437705e-02]
 [-2.71197036e-02 -1.18415728e-02]
 [-2.22130697e-02 -9.02062934e-03]
 [-2.05466859e-02 -8.70548282e-03]
 [-1.68190543e-02 -6.89836964e-03]
 [-1.32144662e-02 -5.32743614e-03]
 [-1.07425293e-02 -4.42668376e-03]
 [-9.17890016e-03 -4.29248204e-03]
 [-4.36691521e-03 -2.26353644e-03]
 [-1.46945678e-02 -8.70809332e-03]
 [-1.41456015e-02 -8.86579044e-03]
 [-1.45602627e-02 -9.51155555e-03]
 [-1.35281403e-02 -9.31274518e-03]
 [-1.25647206e-02 -9.28704906e-03]
 [-1.05377380e-02 -8.37995391e-03]
 [-9.90857184e-03 -8.70564673e-03]
 [-7.63881579e-03 -7.84336869e-03]
 [-4.70240973e-03 -6.42899983e-03]
 [-5.92955109e-03 -7.44143780e-03]
 [-2.79677473e-03 -5.66503033e-03]
 [ 9.87760632e-06 -4.12639463e-03]
 [-7.04631093e-04 -4.74940287e-03]
 [ 3.78861488e-03 -2.01119529e-03]
 [ 4.64867428e-03 -1.59257161e-03]
 [ 6.01786561e-03 -7.09851156e-04]
 [ 9.22717081e-05 -4.47831769e-03]
 [ 1.35197584e-03 -3.75585374e-03]
 [ 2.80593149e-03 -2.93999934e-03]
 [ 2.78636999e-03 -3.19081405e-03]
 [ 5.38304391e-07 -4.90595354e-03]
 [ 3.28955520e-03 -2.93490826e-03]
 [ 1.02246683e-02  9.17907455e-04]
 [ 7.89399538e-03 -7.45552825e-04]
 [ 1.10806776e-02  1.01285009e-03]
 [ 1.28322020e-02  1.83448778e-03]
 [ 1.44876996e-02  2.77124229e-03]
 [ 1.71298999e-02  4.19573113e-03]
 [ 1.85993295e-02  5.09257196e-03]
 [ 1.83123406e-02  5.84288547e-03]
 [ 1.89051572e-02  6.64441288e-03]
 [ 1.70015432e-02  5.34120388e-03]
 [ 1.88786704e-02  6.39824895e-03]
 [ 1.73789952e-02  6.19354611e-03]
 [ 1.84886158e-02  6.86658919e-03]
 [ 1.69735178e-02  6.21333253e-03]
 [ 1.28109027e-02  4.17785393e-03]
 [ 1.06665753e-02  3.81960976e-03]
 [ 9.03531723e-03  3.66215548e-03]
 [ 6.09553466e-03  1.88954698e-03]
 [ 4.09342954e-03  1.24647212e-03]
 [-1.70762010e-03 -1.94785092e-03]
 [-5.95452590e-03 -3.61719169e-03]
 [-1.14258099e-02 -6.21307082e-03]
 [-1.20455939e-02 -5.41504659e-03]
 [-1.61498990e-02 -7.13783968e-03]
 [-1.99489165e-02 -9.13194381e-03]
 [-2.35635266e-02 -1.07026240e-02]
 [-2.75657084e-02 -1.24061722e-02]
 [-2.82030310e-02 -1.21693006e-02]
 [-3.05454619e-02 -1.32728927e-02]
 [-3.34607139e-02 -1.50578693e-02]
 [-3.12970281e-02 -1.39586413e-02]
 [-3.41864303e-02 -1.55269429e-02]
 [-3.44534591e-02 -1.59423575e-02]
 [-3.43510993e-02 -1.64997801e-02]
 [-3.16117629e-02 -1.58997625e-02]
 [-3.02838646e-02 -1.61400326e-02]
 [-2.72751618e-02 -1.54271675e-02]
 [-2.45837737e-02 -1.49726374e-02]
 [-2.02399679e-02 -1.32920407e-02]
 [-1.79047622e-02 -1.26558198e-02]
 [-1.47581575e-02 -1.15671940e-02]
 [-1.27615919e-02 -1.09291365e-02]
 [-9.75048915e-03 -9.61290020e-03]
 [-6.37520012e-03 -7.97338504e-03]
 [-2.08347919e-03 -5.64857200e-03]
 [ 9.25641434e-05 -4.53927414e-03]
 [ 1.54107795e-04 -4.94845025e-03]
 [ 2.37893779e-03 -3.95308388e-03]
 [ 4.52228077e-03 -2.82292510e-03]
 [ 6.67630974e-03 -1.52698404e-03]
 [ 7.13242544e-03 -1.44626794e-03]
 [ 6.57994067e-03 -2.22454802e-03]
 [ 7.02940254e-03 -2.13841139e-03]
 [ 6.66627288e-03 -2.17207847e-03]
 [ 7.01687066e-03 -1.59653509e-03]
 [ 5.95259620e-03 -1.66235433e-03]
 [ 4.33711894e-03 -2.07918347e-03]
 [ 3.67103680e-03 -1.75861816e-03]
 [-8.22579314e-04 -3.58273182e-03]
 [-6.91893091e-03 -6.06651185e-03]
 [-9.77479946e-03 -6.67851930e-03]
 [-1.17533077e-02 -6.97058393e-03]
 [-1.39808785e-02 -7.46800704e-03]
 [-1.77777205e-02 -9.01075080e-03]
 [-2.27798037e-02 -1.11870542e-02]
 [-2.72566602e-02 -1.28701143e-02]
 [-2.98348013e-02 -1.36640789e-02]
 [-3.41090746e-02 -1.55303162e-02]
 [-3.63737606e-02 -1.63288433e-02]
 [-3.81752066e-02 -1.70103721e-02]
 [-3.88622768e-02 -1.75776761e-02]
 [-4.13104817e-02 -1.91263258e-02]
 [-3.98773029e-02 -1.87862590e-02]
 [-3.71080264e-02 -1.78641696e-02]
 [-3.64219211e-02 -1.86358057e-02]
 [-3.15564871e-02 -1.71482116e-02]
 [-2.48352215e-02 -1.45214098e-02]
 [-1.87757034e-02 -1.23136565e-02]
 [-1.23134004e-02 -9.83348116e-03]
 [-5.75014483e-03 -6.90026162e-03]
 [-3.04253190e-03 -6.30384916e-03]
 [ 1.16580841e-03 -4.10444243e-03]
 [ 3.10768443e-03 -3.27553297e-03]
 [ 3.79931019e-03 -3.19017400e-03]
 [ 7.74241099e-03 -5.97061880e-04]
 [ 1.13781327e-02  1.39758398e-03]
 [ 1.38392504e-02  2.78087985e-03]
 [ 1.45525485e-02  3.63542861e-03]
 [ 1.43930987e-02  3.55322054e-03]
 [ 1.44012747e-02  4.37319558e-03]
 [ 1.18236635e-02  2.87947431e-03]
 [ 1.05685666e-02  3.30275833e-03]
 [ 4.38120775e-03 -1.91511572e-04]
 [ 1.45412036e-04 -1.83237484e-03]
 [-5.71721978e-03 -4.38989419e-03]
 [-1.09019810e-02 -6.47114124e-03]
 [-1.46264695e-02 -7.63058756e-03]
 [-1.99511461e-02 -9.82203055e-03]
 [-2.30753142e-02 -1.07405735e-02]
 [-2.90843640e-02 -1.33868428e-02]
 [-3.05378828e-02 -1.36617580e-02]
 [-3.27661596e-02 -1.44139687e-02]
 [-3.71425487e-02 -1.65589377e-02]
 [-3.99595462e-02 -1.82017498e-02]
 [-4.05077003e-02 -1.91425737e-02]
 [-4.39266153e-02 -2.11711284e-02]
 [-4.47310023e-02 -2.18407512e-02]
 [-4.30837087e-02 -2.13046595e-02]
 [-4.23625261e-02 -2.14171447e-02]
 [-4.10198830e-02 -2.15322468e-02]
 [-3.94632332e-02 -2.16789600e-02]
 [-3.57678346e-02 -2.07088683e-02]
 [-3.11101768e-02 -1.92034859e-02]
 [-2.61141844e-02 -1.74422022e-02]
 [-2.20312476e-02 -1.61778461e-02]
 [-1.84044130e-02 -1.48521978e-02]
 [-1.56040033e-02 -1.37213981e-02]
 [-1.37307486e-02 -1.31620765e-02]
 [-1.16009442e-02 -1.23164859e-02]
 [-8.31107609e-03 -1.07683642e-02]
 [-6.96067000e-03 -1.04651535e-02]
 [-4.31727478e-03 -9.22639482e-03]
 [-2.33445223e-03 -8.23345594e-03]
 [-1.60287542e-03 -7.65337655e-03]
 [-1.90644828e-03 -7.24505167e-03]
 [-3.11255548e-03 -7.06702285e-03]
 [-4.98281000e-03 -7.08774151e-03]
 [-8.37369356e-03 -7.68787460e-03]
 [-1.29819224e-02 -8.73867329e-03]
 [-1.73318870e-02 -9.67996661e-03]
 [-1.98805891e-02 -1.01326061e-02]
 [-2.12662406e-02 -1.04090953e-02]
 [-2.21279394e-02 -1.06980186e-02]
 [-2.30250694e-02 -1.07204951e-02]
 [-2.34613102e-02 -1.09198745e-02]
 [-2.38970593e-02 -1.12466067e-02]
 [-2.30853818e-02 -1.06868157e-02]]
Actions:
[[ 1.04277118e-01  2.13587889e-01]
 [-2.97180763e-01 -3.30601098e-02]
 [ 2.13374872e-01  1.96912882e-01]
 [-2.66082556e-01 -3.21845292e-01]
 [-3.22249997e-01 -2.07098811e-01]
 [-4.35206020e-01 -2.52387988e-01]
 [-3.00848035e-01  6.86865117e-02]
 [ 4.58694729e-01 -4.39973171e-01]
 [ 1.09497265e-01 -1.27930562e-01]
 [ 1.20235734e-03 -9.31267528e-02]
 [ 1.66378144e-01  1.20182768e-01]
 [ 3.14383921e-01  1.16197052e-01]
 [ 3.30251333e-01  1.24418310e-01]
 [-1.24329374e-01 -5.91510814e-02]
 [ 2.76854271e-02 -1.34088544e-01]
 [ 2.24500914e-02  6.23601525e-02]
 [-2.76026810e-01 -2.35170997e-01]
 [ 1.17599580e-01 -8.33865087e-02]
 [-2.04037340e-01 -3.99714417e-01]
 [ 1.71253349e-01 -2.25276299e-01]
 [ 4.53249738e-02  2.36429378e-01]
 [-9.15194379e-02  2.48032804e-01]
 [ 2.64298072e-02  2.59448648e-01]
 [ 2.49405613e-01  2.98236499e-02]
 [ 1.12335758e-01 -2.46369285e-01]
 [-1.09757326e-01 -5.71909744e-02]
 [-3.06255977e-01 -3.20764155e-01]
 [-1.28237111e-01  8.36368101e-02]
 [-3.95551636e-01 -2.01281732e-01]
 [ 3.06361924e-01 -2.69470086e-01]
 [-3.66871961e-01  6.37153296e-02]
 [ 8.62843979e-02 -2.12281836e-01]
 [-2.46091831e-02 -7.02144698e-02]
 [ 2.46852691e-01 -4.05721822e-01]
 [ 1.11829997e-01  3.13924866e-01]
 [ 1.08376810e-01 -1.57055241e-01]
 [ 2.70470433e-03 -8.81347154e-02]
 [-7.66225681e-02  3.39195020e-02]
 [-2.87105621e-01  1.56643465e-01]
 [-1.41320679e-01 -1.61151077e-01]
 [ 8.82709420e-02  7.04706710e-02]
 [ 1.23590515e-01 -4.84467665e-02]
 [-2.91359392e-01  2.98155817e-02]
 [-1.42975367e-01 -9.14361553e-03]
 [-1.47825436e-01  6.79929393e-02]
 [-8.98995176e-03 -1.05318498e-01]
 [-2.57719816e-01  1.30496140e-01]
 [-2.29029609e-01 -1.73442520e-01]
 [ 8.51288747e-02 -1.01732088e-01]
 [ 1.67533241e-01  5.52260179e-01]
 [ 2.56067988e-02 -3.00434596e-01]
 [-1.74499981e-02 -2.38781581e-01]
 [ 1.37827055e-01  4.04731843e-01]
 [ 3.71665865e-01 -1.56862015e-01]
 [ 1.17668979e-01  8.69894821e-02]
 [-1.46383966e-01 -3.00609322e-01]
 [-3.89172742e-01  5.07311212e-01]
 [-2.16175627e-01 -2.51415259e-01]
 [ 4.17283773e-03 -4.46428001e-02]
 [ 2.26377450e-01  4.43736904e-01]
 [-4.23495117e-01  7.94568412e-02]
 [-3.47957212e-02 -3.26244272e-01]
 [ 1.18880966e-01 -4.60195678e-01]
 [-1.27377906e-01  4.17703153e-01]
 [-1.55190411e-01 -3.51548329e-01]
 [-1.18461899e-01 -8.21918996e-02]
 [-1.32838551e-01 -1.37788623e-01]
 [ 1.94491380e-01  6.41409126e-02]
 [ 2.40827651e-01  1.23269729e-01]
 [-8.99239786e-02 -4.95876596e-01]
 [ 1.17270323e-01 -1.29604717e-01]
 [-2.30115885e-01  2.36634376e-01]
 [ 3.34553948e-01  2.08775247e-01]
 [-5.68356784e-02 -1.83938131e-01]
 [ 2.39407329e-01  1.17383629e-01]
 [-1.17035964e-01  1.23027186e-02]
 [-3.98668189e-01  6.01682004e-04]
 [-1.08239892e-01 -2.72008355e-01]
 [-1.98839014e-01 -3.84922015e-01]
 [-3.65909494e-01  1.89465684e-01]
 [-4.20337995e-01 -3.22607621e-01]
 [ 1.02282793e-01  2.38932055e-01]
 [ 5.15600492e-02  8.56517504e-02]
 [-9.12318633e-02  2.49940060e-01]
 [ 1.06376310e-01 -6.15744273e-01]
 [ 2.95510308e-02 -1.37078745e-01]
 [-2.52415255e-01  2.63942522e-02]
 [-2.38141431e-01  6.66951073e-03]
 [-5.82372883e-02  5.40517773e-02]
 [ 3.23227976e-01 -4.01960665e-01]
 [ 1.16867042e-01 -1.87930063e-01]
 [-2.21130621e-01  1.82017712e-01]
 [-8.60100599e-02 -4.12826939e-01]
 [ 8.21281157e-04 -3.78237680e-02]
 [-4.65111198e-02 -3.80702836e-01]
 [-8.58084010e-02  1.48267949e-01]
 [-4.73009361e-01 -3.26283911e-02]
 [-6.15320646e-02  1.76008294e-01]
 [ 2.51783587e-01  1.76410044e-02]
 [-3.01879451e-01  1.12743833e-01]
 [ 5.97687224e-02 -1.67504050e-01]
 [ 2.13230158e-01  1.11311755e-01]
 [-8.95723777e-02 -3.87631642e-02]
 [ 1.45164498e-01  1.65894993e-01]
 [ 6.26052512e-02 -4.25783392e-02]
 [-2.13181383e-02 -1.96429199e-01]
 [-1.11935644e-02 -3.68477347e-01]
 [ 7.41693822e-02 -2.01804097e-02]
 [-1.18578821e-01  2.61822137e-01]
 [-9.62876731e-02 -5.25516216e-02]
 [-4.33597120e-02 -6.63962370e-02]
 [ 4.13104738e-02 -6.51926061e-02]
 [-1.04251372e-01  1.25378104e-01]
 [-3.66638073e-02  4.36645727e-01]
 [-1.24711848e-01  1.38912898e-01]
 [-1.27959852e-01  6.72814330e-02]
 [ 5.29664526e-02 -1.93327408e-02]
 [-8.47826264e-02 -7.60205442e-02]
 [ 2.53222440e-02  8.49147115e-02]
 [ 7.19642262e-02 -1.30021293e-01]
 [-1.13506230e-01  1.43249346e-01]
 [-3.19932584e-01  6.48005648e-02]
 [-3.60846937e-02 -1.62312409e-01]
 [-2.91153203e-01 -2.04722236e-01]
 [ 1.79444003e-01 -2.12473795e-01]
 [ 1.51627567e-02  3.65270931e-02]
 [-3.18318781e-01  1.88409955e-01]
 [-5.44736143e-02 -6.70040590e-02]
 [ 1.96924483e-01 -3.47914150e-01]
 [-1.40161115e-01  1.21103080e-01]
 [-2.02462830e-01 -2.61486559e-01]
 [ 7.85078996e-02 -1.66304651e-01]
 [-1.18889786e-01  7.01022032e-02]
 [-2.73729078e-01  3.12751307e-01]
 [-2.38543882e-01 -1.25080680e-01]
 [-5.09098053e-01 -1.87119568e-01]
 [-5.42434947e-01  4.12464683e-01]
 [ 1.79957319e-01 -2.58858809e-02]
 [ 1.33674912e-01 -2.23684828e-01]
 [-1.46174674e-01 -8.35484681e-02]
 [-2.86763935e-02 -1.05130813e-01]
 [ 2.83569655e-01 -2.39602907e-01]
 [ 2.76877187e-01  3.03575407e-01]
 [ 1.71181081e-01 -1.88490517e-01]
 [ 3.83056234e-04  8.80869070e-02]
 [-9.21437679e-02  2.37767044e-01]
 [ 8.82339443e-02 -3.87144316e-01]
 [-8.29592649e-02 -1.54043519e-01]
 [ 3.99894298e-02 -6.55539678e-02]
 [-1.83085001e-01 -1.39411071e-01]
 [ 1.54913185e-01  1.58770181e-01]
 [ 1.74478523e-02 -2.48100488e-01]
 [-3.03630210e-01  3.86172680e-01]
 [-1.68853719e-01 -5.62969890e-01]
 [ 4.52914086e-02 -7.56771620e-02]
 [ 6.70432810e-02  9.03714391e-02]
 [-1.28314498e-01  2.96843151e-01]
 [-2.99402424e-01  9.04467556e-02]
 [ 3.12221470e-01 -2.32427848e-01]
 [ 1.91817629e-01  1.68049838e-01]
 [ 5.33580595e-02 -1.12963178e-01]
 [ 1.55285246e-01  4.24238971e-01]
 [-2.15680593e-02 -3.26006385e-01]
 [ 1.35668119e-01 -6.84213268e-02]
 [ 4.07443958e-02  2.92898655e-01]
 [-1.76005486e-01  1.03143480e-01]
 [-4.73381099e-01 -6.69030910e-02]
 [-3.88989051e-01  2.54689235e-01]
 [ 1.50229411e-02 -2.41442872e-02]
 [ 1.47468624e-01 -2.16163965e-01]
 [ 6.98440226e-02  6.05349768e-02]
 [-1.43475732e-01  1.39031108e-01]
 [-2.44177796e-01  2.29868605e-01]
 [-4.13532679e-02  5.42197585e-02]
 [ 3.79667164e-02 -1.02864097e-02]
 [-1.20646378e-01 -2.70843397e-02]
 [-7.56250936e-02  1.57719432e-01]
 [-4.56363758e-02  4.66328323e-02]
 [ 3.57009534e-01  7.58421498e-02]
 [-1.64954560e-01  1.09615573e-01]
 [-3.09780837e-01  1.09619344e-01]
 [-1.85146482e-03 -2.81490933e-02]
 [ 2.08937605e-01  3.13824613e-01]
 [-1.40062572e-01  3.30709602e-01]
 [-3.16560444e-01  1.83989752e-01]
 [-2.25373985e-01  2.87710919e-01]
 [-2.07079528e-02 -4.55336470e-03]
 [ 6.14496905e-03  1.48170647e-01]
 [-2.02169413e-01 -2.60538157e-02]
 [-5.60137024e-04 -1.89477028e-01]
 [-3.16911145e-01  2.79036979e-01]
 [-1.67245292e-01 -1.07219587e-01]
 [ 5.14885389e-02  9.68106964e-02]
 [ 3.42475411e-02 -3.68487657e-01]
 [ 2.67108720e-01 -1.47396331e-01]
 [-3.90611946e-01 -1.50564920e-01]
 [ 4.24929599e-01 -4.19806655e-02]
 [-4.02987693e-02 -3.62378835e-02]
 [ 3.39811667e-01 -2.02323300e-01]
 [-3.90133044e-01  4.37606725e-01]]
States:
[[0.99792156 0.99913344 0.46327386 0.52832236 0.51296614 0.59719619]
 [0.99810236 0.99885445 0.46532923 0.53255964 0.53969269 0.65315798]
 [0.99793671 0.99824756 0.46344256 0.54025952 0.46296034 0.64341623]
 ...
 [0.69854401 0.80520294 0.97655137 0.88456556 0.         0.9423334 ]
 [0.77829712 0.7612182  0.93212664 0.91505545 0.         0.9259842 ]
 [0.84323624 0.71957354 0.87932417 0.93851355 0.02499228 0.8664082 ]]
Logstds:
[[-3. -3.]
 [-3. -3.]
 [-3. -3.]
 [-3. -3.]
 [-3. -3.]
 [-3. -3.]
 [-3. -3.]
 [-3. -3.]
 [-3. -3.]
 [-3. -3.]
 [-3. -3.]
 [-3. -3.]
 [-3. -3.]
 [-3. -3.]
 [-3. -3.]
 [-3. -3.]
 [-3. -3.]
 [-3. -3.]
 [-3. -3.]
 [-3. -3.]
 [-3. -3.]
 [-3. -3.]
 [-3. -3.]
 [-3. -3.]
 [-3. -3.]
 [-3. -3.]
 [-3. -3.]
 [-3. -3.]
 [-3. -3.]
 [-3. -3.]
 [-3. -3.]
 [-3. -3.]
 [-3. -3.]
 [-3. -3.]
 [-3. -3.]
 [-3. -3.]
 [-3. -3.]
 [-3. -3.]
 [-3. -3.]
 [-3. -3.]
 [-3. -3.]
 [-3. -3.]
 [-3. -3.]
 [-3. -3.]
 [-3. -3.]
 [-3. -3.]
 [-3. -3.]
 [-3. -3.]
 [-3. -3.]
 [-3. -3.]
 [-3. -3.]
 [-3. -3.]
 [-3. -3.]
 [-3. -3.]
 [-3. -3.]
 [-3. -3.]
 [-3. -3.]
 [-3. -3.]
 [-3. -3.]
 [-3. -3.]
 [-3. -3.]
 [-3. -3.]
 [-3. -3.]
 [-3. -3.]
 [-3. -3.]
 [-3. -3.]
 [-3. -3.]
 [-3. -3.]
 [-3. -3.]
 [-3. -3.]
 [-3. -3.]
 [-3. -3.]
 [-3. -3.]
 [-3. -3.]
 [-3. -3.]
 [-3. -3.]
 [-3. -3.]
 [-3. -3.]
 [-3. -3.]
 [-3. -3.]
 [-3. -3.]
 [-3. -3.]
 [-3. -3.]
 [-3. -3.]
 [-3. -3.]
 [-3. -3.]
 [-3. -3.]
 [-3. -3.]
 [-3. -3.]
 [-3. -3.]
 [-3. -3.]
 [-3. -3.]
 [-3. -3.]
 [-3. -3.]
 [-3. -3.]
 [-3. -3.]
 [-3. -3.]
 [-3. -3.]
 [-3. -3.]
 [-3. -3.]
 [-3. -3.]
 [-3. -3.]
 [-3. -3.]
 [-3. -3.]
 [-3. -3.]
 [-3. -3.]
 [-3. -3.]
 [-3. -3.]
 [-3. -3.]
 [-3. -3.]
 [-3. -3.]
 [-3. -3.]
 [-3. -3.]
 [-3. -3.]
 [-3. -3.]
 [-3. -3.]
 [-3. -3.]
 [-3. -3.]
 [-3. -3.]
 [-3. -3.]
 [-3. -3.]
 [-3. -3.]
 [-3. -3.]
 [-3. -3.]
 [-3. -3.]
 [-3. -3.]
 [-3. -3.]
 [-3. -3.]
 [-3. -3.]
 [-3. -3.]
 [-3. -3.]
 [-3. -3.]
 [-3. -3.]
 [-3. -3.]
 [-3. -3.]
 [-3. -3.]
 [-3. -3.]
 [-3. -3.]
 [-3. -3.]
 [-3. -3.]
 [-3. -3.]
 [-3. -3.]
 [-3. -3.]
 [-3. -3.]
 [-3. -3.]
 [-3. -3.]
 [-3. -3.]
 [-3. -3.]
 [-3. -3.]
 [-3. -3.]
 [-3. -3.]
 [-3. -3.]
 [-3. -3.]
 [-3. -3.]
 [-3. -3.]
 [-3. -3.]
 [-3. -3.]
 [-3. -3.]
 [-3. -3.]
 [-3. -3.]
 [-3. -3.]
 [-3. -3.]
 [-3. -3.]
 [-3. -3.]
 [-3. -3.]
 [-3. -3.]
 [-3. -3.]
 [-3. -3.]
 [-3. -3.]
 [-3. -3.]
 [-3. -3.]
 [-3. -3.]
 [-3. -3.]
 [-3. -3.]
 [-3. -3.]
 [-3. -3.]
 [-3. -3.]
 [-3. -3.]
 [-3. -3.]
 [-3. -3.]
 [-3. -3.]
 [-3. -3.]
 [-3. -3.]
 [-3. -3.]
 [-3. -3.]
 [-3. -3.]
 [-3. -3.]
 [-3. -3.]
 [-3. -3.]
 [-3. -3.]
 [-3. -3.]
 [-3. -3.]
 [-3. -3.]
 [-3. -3.]
 [-3. -3.]
 [-3. -3.]
 [-3. -3.]
 [-3. -3.]
 [-3. -3.]
 [-3. -3.]]
