Baseline:
[0.4944665  0.49882573 0.4851767  0.47763517 0.48220205 0.49357018
 0.48450345 0.49220365 0.4833323  0.48400822 0.4875345  0.48386455
 0.48010418 0.4683305  0.47613457 0.47437394 0.47878203 0.4826469
 0.49677753 0.4857715  0.47914615 0.4490151  0.41740507 0.37594903
 0.35158435 0.31971693 0.31839383 0.31383637 0.28540602 0.26439133
 0.25593925 0.25229138 0.22565058 0.16755038 0.17643951 0.15137936
 0.15827675 0.14972474 0.14450479 0.16554771 0.1837597  0.1915826
 0.21323174 0.23149128 0.22521912 0.24394514 0.25824085 0.2461061
 0.26520726 0.27997145 0.29734707 0.31422225 0.33865502 0.37309554
 0.41068783 0.41417843 0.41794693 0.45105952 0.4538969  0.49316958
 0.5115285  0.5204755  0.52681744 0.5135199  0.5057596  0.51665014
 0.47613895 0.46565974 0.45938414 0.44626608 0.43775946 0.40875235
 0.3827274  0.36603332 0.34722033 0.33418977 0.3231141  0.31131443
 0.29628804 0.27973086 0.25892702 0.24341048 0.22013353 0.20074674
 0.18692127 0.17007984 0.15035509 0.13792379 0.11758564 0.09666587
 0.09541857 0.08099069 0.07319137 0.07214941 0.07852967 0.08628212
 0.09890755 0.1399713  0.14981909 0.1545931  0.1477317  0.15238191
 0.15160708 0.14733987 0.15239716 0.15435533 0.14753734 0.14883406
 0.13620566 0.13105664 0.13762857 0.13468605 0.13543697 0.14642753
 0.15035419 0.14106767 0.14557622 0.13844638 0.13754614 0.1316795
 0.125495   0.11434359 0.11682063 0.11415966 0.12557252 0.13772431
 0.13965848 0.14961015 0.17297345 0.18065228 0.18976165 0.20232241
 0.22430275 0.24946861 0.2520219  0.25281543 0.2565355  0.2567853
 0.24724871 0.24377348 0.24863924 0.2519303  0.25326717 0.2515868
 0.24872893 0.25984094 0.2742041  0.28794917 0.3066378  0.31565
 0.32177147 0.31681165 0.33979192 0.34954265 0.37057802 0.38559565
 0.39059022 0.40237114 0.41468903 0.42761573 0.432498   0.43511856
 0.43942162 0.43512276 0.43567368 0.4342807  0.42301485 0.40890262
 0.40475193 0.39794347 0.3922814  0.39092156 0.39177486 0.39882717
 0.3979899  0.4157487  0.4111831  0.42513612 0.4187334  0.42307463
 0.44379273 0.44611034 0.4519072  0.4713989  0.47680202 0.47627196
 0.47664124 0.47309393 0.46890417 0.4466762  0.45035514 0.45635298
 0.4516081  0.45775205 0.45116073 0.45952904 0.44396284 0.45567212
 0.4570003  0.44092897 0.44092897]
Returns:
[ 1.58014154e+00  1.59742461e+00  1.61272167e+00  1.66792310e+00
  1.72980102e+00  1.71217938e+00  1.74341229e+00  1.72152027e+00
  1.76751334e+00  1.71176365e+00  1.49256383e+00  1.55957547e+00
  1.55715011e+00  1.55021428e+00  1.28086766e+00  1.22772404e+00
  1.26010164e+00  1.21379440e+00  7.74212066e-01  4.51970794e-01
  1.87644434e-01  6.78860504e-03  1.09144821e-02  1.09636548e-02
 -1.12512952e-01 -5.87425797e-02 -2.80233869e-01 -3.12586264e-01
 -3.72102340e-01 -3.01959975e-01 -2.55078907e-01 -1.34745329e-01
 -7.35773847e-02 -3.51693082e-02  7.59350292e-04 -2.26374439e-01
 -2.19606925e-01 -2.13095009e-01 -1.59310478e-01 -1.09457769e-01
  2.97232281e-02  1.47245872e-01  2.38203300e-01  2.99743679e-01
  3.54410861e-01  4.22422420e-01  5.46429168e-01  5.20042130e-01
  6.81749403e-01  8.53505699e-01  9.29553350e-01  1.10611046e+00
  7.90300497e-01  9.21940122e-01  1.01694443e+00  9.55502698e-01
  1.00051049e+00  9.44345291e-01  1.01547379e+00  7.01311205e-01
  6.78860377e-01  7.74048954e-01  8.04002630e-01  7.48691890e-01
  7.78623666e-01  7.80034281e-01  2.86396655e-01  3.58282048e-01
  3.93221460e-01  4.67379870e-01  4.69458481e-01  2.00319437e-01
  1.12881439e-01  1.23274470e-01  1.01302405e-01 -2.88099218e-01
 -3.49103561e-01 -3.45047201e-01 -3.48486237e-01 -3.14661319e-01
 -2.65421799e-01 -2.74127148e-01 -2.18593658e-01 -2.33640979e-01
 -4.74485923e-01 -3.98226526e-01 -3.85015478e-01 -5.00253805e-01
 -4.20840925e-01 -4.78665929e-01 -4.18402752e-01 -3.88982286e-01
 -2.65193101e-01 -2.42996118e-01 -9.64744364e-01 -8.96733346e-01
 -8.25363713e-01 -8.26890974e-01 -7.08940435e-01 -6.43915491e-01
 -7.14025013e-01 -6.18795086e-01 -4.94052285e-01 -4.44665200e-01
 -4.57783756e-01 -3.92127285e-01 -3.01036531e-01 -1.86174977e-01
 -1.30754414e-01 -6.56680719e-02 -3.52471968e-01 -5.29706876e-01
 -4.31675201e-01 -4.38311442e-01 -3.84358842e-01 -3.01487089e-01
 -2.61561275e-01 -3.06330481e-01 -2.30720962e-01 -2.25194734e-01
 -3.88546034e-01 -4.67286093e-01 -4.35594930e-01 -3.35075493e-01
 -4.81416045e-01 -5.17021949e-01 -4.59644288e-01 -3.50980037e-01
 -3.76953946e-01 -3.09475113e-01 -2.87958392e-01 -2.85426183e-01
 -2.20432014e-01 -3.01915251e-01 -1.75877456e-01 -4.91176829e-02
  6.28887368e-02  1.79940520e-01  5.64610921e-04  9.43483553e-02
 -7.17886271e-03  5.62144373e-02  7.79433083e-02  1.49381143e-01
  2.59788080e-01  4.20430297e-02  1.49878012e-01  2.34695283e-01
  2.84130696e-01  3.51599082e-01  4.66061061e-01  5.36719755e-01
  4.64025564e-01  5.43181590e-01  6.33671839e-01  7.87458628e-01
  7.65222970e-01  8.64746291e-01  1.01378662e+00  9.13151012e-01
  1.05704137e+00  1.05410355e+00  1.18522148e+00  1.17093527e+00
  1.13723247e+00  1.21633249e+00  1.08242197e+00  1.08572808e+00
  8.96204302e-01  9.51603598e-01  1.05009613e+00  1.12179804e+00
  1.10661011e+00  9.65110304e-01  1.05514025e+00  8.79622247e-01
  9.53785711e-01  8.04482409e-01  8.26253837e-01  8.17624180e-01
  7.02009231e-01  7.31280822e-01  7.78056905e-01  7.10266091e-01
  7.61465501e-01  6.80289688e-01  7.18099948e-01  7.50584034e-01
  7.72630570e-01  6.04486086e-01  5.69240962e-01  5.49389536e-01
  5.69240352e-01  5.69873316e-01  5.51943761e-01  4.01518891e-01
  3.52811259e-01  3.15254312e-01  1.08998053e-01  6.39091432e-02]
Advants:
[ 0.80210085  0.82484515  0.86534342  0.94256321  1.01735682  1.00644232
  1.06760338  1.05973446  1.13986959  1.10912231  0.90737358  1.00300555
  1.03145769  1.06587231  0.8122463   0.78480282  0.83961621  0.81702302
  0.37920606  0.07559512 -0.18180231 -0.3368592  -0.30471919 -0.26583256
 -0.37085145 -0.28897524 -0.52003478 -0.56050848 -0.60631448 -0.52831238
 -0.48554348 -0.37136212 -0.29147256 -0.20057331 -0.17878433 -0.39280551
 -0.40590471 -0.40444903 -0.35838717 -0.34273154 -0.23229595 -0.13063414
 -0.06790497 -0.03042512  0.02610379  0.07212747  0.18169191  0.16683974
  0.31320537  0.47913267  0.54931568  0.7264278   0.39457709  0.5038893
  0.57622191  0.525473    0.58337941  0.50942737  0.5964619   0.25243577
  0.22057457  0.3191942   0.35696876  0.32902553  0.38315182  0.39121286
 -0.05689255  0.03346821  0.08463523  0.18541074  0.21097238 -0.02033413
 -0.07406934 -0.03781255 -0.03111853 -0.40843747 -0.46093896 -0.44738454
 -0.43793649 -0.3883177  -0.3169364  -0.30846265 -0.22541057 -0.21633395
 -0.44523392 -0.35129439 -0.31642979 -0.42032332 -0.31866626 -0.35464451
 -0.29022568 -0.2418651  -0.10131022 -0.06762235 -0.80693129 -0.75694188
 -0.70752481 -0.76155476 -0.662522   -0.61025028 -0.6841135  -0.60225168
 -0.48231262 -0.4330527  -0.45655941 -0.39667605 -0.29987912 -0.18400851
 -0.11135273 -0.03394589 -0.32861279 -0.50969672 -0.41677738 -0.43968229
 -0.3938369  -0.30336504 -0.26868247 -0.30828322 -0.23153566 -0.21953238
 -0.38089759 -0.45513267 -0.43222764 -0.33270262 -0.4993018  -0.55813585
 -0.51299753 -0.42241502 -0.48210077 -0.43168137 -0.42907    -0.45003919
 -0.41756769 -0.53895558 -0.42764636 -0.31099669 -0.20947151 -0.09639423
 -0.27552833 -0.1853479  -0.30271295 -0.25265861 -0.24253977 -0.1783085
 -0.07118465 -0.31378383 -0.23233393 -0.17210963 -0.15218391 -0.10366269
 -0.00275277  0.06714091 -0.03770509  0.02389393  0.08702563  0.22322479
  0.19236346  0.27887913  0.41849885  0.30456836  0.44747614  0.44597779
  0.58112062  0.57986181  0.55402077  0.64613259  0.53230338  0.55982686
  0.37968654  0.44949681  0.5651228   0.65289284  0.6523167   0.51595273
  0.62285666  0.44100511  0.5345676   0.38235915  0.42339369  0.42397757
  0.2981375   0.33731195  0.39282009  0.31860471  0.37999762  0.31378296
  0.36804231  0.42343918  0.47150208  0.34475862  0.32543708  0.32006075
  0.36763413  0.38688778  0.40207314  0.26715189  0.25889098  0.23510108
  0.04874309  0.0418627 ]
Mus:
[[-2.71183718e-02 -1.15080047e-02]
 [-2.68803518e-02 -1.11933416e-02]
 [-2.79611778e-02 -1.15284966e-02]
 [-2.85144970e-02 -1.21376533e-02]
 [-2.82939076e-02 -1.22737745e-02]
 [-2.75234599e-02 -1.24095399e-02]
 [-2.76832227e-02 -1.21909464e-02]
 [-2.68856902e-02 -1.15350084e-02]
 [-2.75736637e-02 -1.16916085e-02]
 [-2.75908839e-02 -1.25506744e-02]
 [-2.71984488e-02 -1.33550689e-02]
 [-2.63951086e-02 -1.33146858e-02]
 [-2.44011618e-02 -1.22969812e-02]
 [-2.23497935e-02 -1.14652906e-02]
 [-2.24966537e-02 -1.25003709e-02]
 [-2.02638991e-02 -1.23624895e-02]
 [-1.78250466e-02 -1.17441919e-02]
 [-1.44644268e-02 -1.02497991e-02]
 [-1.39146168e-02 -1.13794487e-02]
 [-1.14024179e-02 -1.05754286e-02]
 [-9.59960185e-03 -9.67159960e-03]
 [-9.39472578e-03 -9.79395770e-03]
 [-9.76398401e-03 -9.98074841e-03]
 [-7.28077628e-03 -9.49068554e-03]
 [-3.65388230e-03 -8.11336655e-03]
 [ 5.08967729e-04 -6.95376610e-03]
 [ 6.01523928e-03 -4.17884579e-03]
 [ 9.80710145e-03 -2.33745296e-03]
 [ 9.25083458e-03 -3.10122594e-03]
 [ 8.96174647e-03 -3.37988115e-03]
 [ 8.64763558e-03 -3.35978344e-03]
 [ 7.38752540e-03 -3.69132101e-03]
 [ 1.08249914e-02 -7.62334792e-04]
 [ 1.70263480e-02  4.14923439e-03]
 [ 2.02564895e-02  6.46119285e-03]
 [ 2.14510541e-02  7.81212514e-03]
 [ 2.42933650e-02  9.99530312e-03]
 [ 2.48818174e-02  1.07959416e-02]
 [ 2.45803185e-02  1.09522268e-02]
 [ 2.46828850e-02  1.03476793e-02]
 [ 2.45670229e-02  1.02870557e-02]
 [ 2.33147591e-02  9.66168754e-03]
 [ 2.43388899e-02  1.05755813e-02]
 [ 2.29345467e-02  9.31374915e-03]
 [ 2.11753957e-02  8.52310937e-03]
 [ 2.15266254e-02  9.35469288e-03]
 [ 2.12348830e-02  9.83723812e-03]
 [ 1.96346790e-02  1.01053379e-02]
 [ 1.82157811e-02  9.46129579e-03]
 [ 1.67865139e-02  9.16931406e-03]
 [ 1.62371639e-02  9.85471625e-03]
 [ 1.52028371e-02  9.43224411e-03]
 [ 1.51195144e-02  1.07348403e-02]
 [ 1.37079665e-02  1.02261147e-02]
 [ 1.21068861e-02  9.19245277e-03]
 [ 9.06252675e-03  7.20610935e-03]
 [ 6.05829945e-03  5.63447876e-03]
 [ 3.29963188e-03  4.08601202e-03]
 [ 8.62203189e-04  3.01209628e-03]
 [-4.54800145e-04  2.93348567e-03]
 [-3.02234688e-03  1.44566258e-03]
 [-4.50863596e-03  6.93573034e-04]
 [-5.72818238e-03  2.92398006e-04]
 [-7.60730403e-03 -7.04136794e-04]
 [-9.47005395e-03 -1.70914293e-03]
 [-1.18856980e-02 -3.05036106e-03]
 [-1.45055391e-02 -4.78169974e-03]
 [-1.83008630e-02 -6.51312200e-03]
 [-2.09912080e-02 -7.54480483e-03]
 [-2.47197170e-02 -9.27828439e-03]
 [-2.71717552e-02 -1.01822177e-02]
 [-3.12159751e-02 -1.26238223e-02]
 [-3.40390280e-02 -1.43237989e-02]
 [-3.54184285e-02 -1.50240958e-02]
 [-3.78965810e-02 -1.66746769e-02]
 [-4.05999646e-02 -1.84032992e-02]
 [-4.14071605e-02 -1.87267624e-02]
 [-4.17747758e-02 -1.88769642e-02]
 [-4.17193547e-02 -1.89938806e-02]
 [-3.99806239e-02 -1.84643771e-02]
 [-3.76132466e-02 -1.79648194e-02]
 [-3.39581184e-02 -1.65542401e-02]
 [-3.06535773e-02 -1.57064721e-02]
 [-2.48514097e-02 -1.32915825e-02]
 [-2.06277482e-02 -1.22033730e-02]
 [-1.53816240e-02 -1.00042457e-02]
 [-1.02254963e-02 -7.48629496e-03]
 [-6.87767426e-03 -5.43372286e-03]
 [-3.22046643e-03 -3.59130860e-03]
 [ 6.18528502e-05 -2.59321555e-03]
 [ 2.85506924e-03 -1.57812319e-03]
 [ 7.48013146e-03  1.07181352e-03]
 [ 1.12871258e-02  2.72652274e-03]
 [ 1.29223736e-02  3.40014766e-03]
 [ 1.33545175e-02  2.80559715e-03]
 [ 1.53606441e-02  4.23613098e-03]
 [ 1.62015408e-02  4.80489479e-03]
 [ 1.32703334e-02  1.65224948e-03]
 [ 1.29270256e-02  1.60870270e-03]
 [ 1.16198128e-02  1.32317329e-03]
 [ 9.96003766e-03  1.36972591e-03]
 [ 6.63709454e-03  1.44578502e-04]
 [ 3.11481277e-03 -1.03153777e-03]
 [ 6.39474834e-04 -1.47799018e-03]
 [-5.03081363e-03 -3.88600002e-03]
 [-1.11726960e-02 -6.54624728e-03]
 [-1.54735344e-02 -8.00458249e-03]
 [-2.08478365e-02 -1.01563828e-02]
 [-2.46201083e-02 -1.14156306e-02]
 [-2.93961950e-02 -1.34645272e-02]
 [-3.36587690e-02 -1.52845513e-02]
 [-3.79814021e-02 -1.78296790e-02]
 [-3.99633236e-02 -1.89185943e-02]
 [-4.27190773e-02 -2.07123309e-02]
 [-4.37609069e-02 -2.11513042e-02]
 [-4.27540876e-02 -2.12076176e-02]
 [-4.27535288e-02 -2.18344480e-02]
 [-3.97931226e-02 -2.09254008e-02]
 [-3.57272960e-02 -1.96574368e-02]
 [-3.00293900e-02 -1.74132548e-02]
 [-2.43196804e-02 -1.49408327e-02]
 [-1.76546201e-02 -1.17415562e-02]
 [-1.31308176e-02 -1.05012730e-02]
 [-8.32988881e-03 -8.65009427e-03]
 [-6.65935688e-03 -8.49352218e-03]
 [-5.88415377e-03 -8.32083263e-03]
 [-3.85157322e-03 -7.11769145e-03]
 [-2.30001588e-03 -6.32589590e-03]
 [-3.25459894e-03 -6.78539323e-03]
 [-2.46390351e-03 -5.91822527e-03]
 [-2.75786989e-03 -5.46665955e-03]
 [-6.46011624e-03 -5.97847952e-03]
 [-1.18415644e-02 -7.66275404e-03]
 [-2.00649407e-02 -1.11686867e-02]
 [-2.56358255e-02 -1.28672356e-02]
 [-3.11396159e-02 -1.49052152e-02]
 [-3.74915712e-02 -1.75474193e-02]
 [-4.17752005e-02 -1.91100910e-02]
 [-4.41414677e-02 -2.01146603e-02]
 [-4.67524156e-02 -2.14828309e-02]
 [-4.79628891e-02 -2.21289378e-02]
 [-4.76428531e-02 -2.23279092e-02]
 [-4.71684709e-02 -2.22488344e-02]
 [-4.57878076e-02 -2.19764002e-02]
 [-4.34845723e-02 -2.13939473e-02]
 [-4.36277762e-02 -2.24837326e-02]
 [-3.69581655e-02 -2.03586370e-02]
 [-2.94258278e-02 -1.78148244e-02]
 [-2.27000564e-02 -1.57963149e-02]
 [-1.35115879e-02 -1.21255368e-02]
 [-7.66396383e-03 -1.01049663e-02]
 [-8.71263095e-04 -7.08321063e-03]
 [-6.49899128e-04 -7.45482417e-03]
 [ 3.94230476e-03 -5.04479697e-03]
 [ 3.05924308e-03 -5.23033179e-03]
 [ 1.11959828e-03 -5.58671216e-03]
 [ 1.80110321e-04 -4.55176597e-03]
 [-2.86587630e-03 -4.83267428e-03]
 [-7.55457114e-03 -5.93968062e-03]
 [-1.29040899e-02 -7.45125860e-03]
 [-1.75893027e-02 -8.73199571e-03]
 [-2.05039848e-02 -9.22923815e-03]
 [-2.49250717e-02 -1.09515851e-02]
 [-2.61106901e-02 -1.10841133e-02]
 [-3.18547487e-02 -1.37203410e-02]
 [-3.51534300e-02 -1.50847342e-02]
 [-3.51064317e-02 -1.47687197e-02]
 [-3.58604267e-02 -1.54510764e-02]
 [-3.69530208e-02 -1.63545664e-02]
 [-3.63116488e-02 -1.61961224e-02]
 [-3.63114774e-02 -1.64770912e-02]
 [-3.85905318e-02 -1.77963227e-02]
 [-3.84007394e-02 -1.76134389e-02]
 [-3.93806733e-02 -1.81682147e-02]
 [-3.88833024e-02 -1.81187391e-02]
 [-3.87259759e-02 -1.82970781e-02]
 [-3.69460881e-02 -1.76936164e-02]
 [-3.53022814e-02 -1.66978389e-02]
 [-3.40845287e-02 -1.61305722e-02]
 [-3.29003036e-02 -1.62138008e-02]
 [-3.16702239e-02 -1.62156112e-02]
 [-2.90561523e-02 -1.50226578e-02]
 [-2.76280567e-02 -1.48357647e-02]
 [-2.57381648e-02 -1.43028274e-02]
 [-2.32269913e-02 -1.32714324e-02]
 [-1.98616944e-02 -1.14433467e-02]
 [-1.85923167e-02 -1.10522313e-02]
 [-1.68728475e-02 -1.04541490e-02]
 [-1.44094210e-02 -9.40118264e-03]
 [-1.17463050e-02 -8.23691674e-03]
 [-9.71063413e-03 -7.15877395e-03]
 [-7.57167256e-03 -6.75265398e-03]
 [-5.25439344e-03 -5.98786073e-03]
 [-3.31732119e-03 -5.43394918e-03]
 [-8.98739032e-04 -4.16919822e-03]
 [ 4.62092372e-04 -2.93891691e-03]
 [ 2.27952912e-03 -2.12802039e-03]
 [ 2.74253474e-03 -1.91445253e-03]
 [ 4.72330814e-03 -2.35716254e-03]
 [ 7.61430617e-03 -1.24544336e-03]]
Actions:
[[ 1.39274132e-01 -2.90226449e-02]
 [-1.76174790e-01 -2.04041791e-01]
 [-2.22849392e-01  3.68301971e-02]
 [ 2.45462339e-02  1.24795414e-01]
 [ 3.30733861e-02  3.02480162e-01]
 [-5.42923884e-02 -2.36540071e-01]
 [ 2.31719752e-01 -5.32500785e-02]
 [-8.46056265e-02 -1.56683200e-01]
 [-2.53049419e-01  3.27632668e-01]
 [-3.05219948e-01  4.91281756e-01]
 [-2.01933772e-01  5.52777540e-02]
 [ 3.19229820e-02 -2.13263407e-01]
 [-1.59362334e-01 -2.31711247e-01]
 [-2.72795482e-01  5.44367012e-01]
 [-3.31336875e-01  1.52944565e-01]
 [-4.64600190e-03  1.21881039e-01]
 [ 2.13141026e-01 -5.58686465e-02]
 [-2.84200964e-01  6.65308205e-01]
 [-1.64061051e-01  5.91012608e-01]
 [ 1.27308100e-01  4.94282094e-01]
 [-2.37862902e-01  3.78230516e-01]
 [-7.56908204e-02  3.62847276e-02]
 [-2.32158582e-01  2.78290589e-02]
 [ 1.38004901e-01 -3.70913910e-01]
 [-2.05370996e-01 -4.67996448e-02]
 [ 5.27446611e-01 -2.07103517e-01]
 [ 3.30338189e-01  1.88576250e-01]
 [-4.02103781e-01 -2.83154865e-02]
 [-2.18263100e-01 -1.28322294e-02]
 [-7.59190060e-04  2.90679654e-01]
 [ 2.04321079e-02  1.47887699e-01]
 [ 2.99709205e-01 -3.89070197e-02]
 [ 2.45524531e-02 -3.16663717e-01]
 [ 2.86950714e-01 -1.82366316e-01]
 [-2.65911753e-01 -5.18203065e-01]
 [ 2.59501713e-01 -2.43166177e-01]
 [-1.38321092e-01 -3.07523002e-01]
 [-1.86247825e-01 -1.80254733e-01]
 [-3.91617515e-02  3.05763416e-01]
 [ 4.13853967e-02  7.89697408e-02]
 [-1.65518691e-01  1.38036248e-02]
 [ 2.65507522e-01 -4.12380296e-02]
 [-1.54829624e-01  2.67592993e-01]
 [-2.98270583e-01 -7.57521831e-02]
 [ 3.05582748e-01 -8.87143548e-02]
 [ 1.66333866e-01 -1.21346787e-01]
 [-1.16043178e-01 -4.04512725e-01]
 [-1.17506258e-02  9.36621795e-02]
 [ 1.93647404e-02 -4.64445073e-02]
 [ 1.96668534e-01 -2.42466650e-01]
 [-4.64697893e-02 -1.30886380e-02]
 [ 2.76024095e-01 -6.12352326e-01]
 [ 1.17123223e-01 -9.63292342e-02]
 [ 1.41327441e-01  1.82749837e-01]
 [-4.28837701e-01  1.87498532e-01]
 [-3.18969003e-01  5.41861336e-03]
 [ 1.81484482e-01  3.86171231e-01]
 [-1.86106225e-01 -1.34801947e-01]
 [ 5.60852741e-01 -1.86360432e-01]
 [ 1.86029299e-02  3.35766724e-01]
 [ 2.17796470e-02  4.68786473e-02]
 [ 7.75904368e-02 -2.03495186e-01]
 [-2.84246133e-01 -2.67346062e-01]
 [-1.63211068e-01 -1.73565231e-01]
 [ 1.13222044e-01  2.75202013e-01]
 [-7.91904888e-01 -9.08788386e-02]
 [-1.15025740e-01  7.11787306e-02]
 [ 1.15966028e-01 -1.13718331e-01]
 [-3.15319503e-02  1.17154106e-01]
 [ 2.02741752e-01 -6.76375786e-02]
 [-5.40771051e-01  3.53960364e-01]
 [-4.70045751e-01  3.96315314e-02]
 [-6.50885641e-02 -2.21297025e-01]
 [-1.23027238e-01  3.22614112e-01]
 [-5.99638605e-01  4.07440345e-01]
 [-1.61914686e-01 -3.09827454e-01]
 [-1.48498181e-01 -2.05889837e-01]
 [ 1.21796714e-01 -1.00111591e-01]
 [ 4.61851188e-03 -1.27930445e-01]
 [ 3.14344316e-03  7.77490395e-02]
 [ 4.53252791e-02 -2.67897334e-01]
 [-1.05185564e-01  1.36536463e-01]
 [-2.38338035e-01 -2.85504384e-01]
 [ 4.31214972e-01  2.91748820e-01]
 [ 6.16361848e-04 -1.47133930e-01]
 [ 9.12363903e-02 -2.56260976e-01]
 [ 3.91175745e-01 -1.43391343e-01]
 [ 5.91049426e-02 -1.34596328e-01]
 [-4.10285122e-01  5.04119324e-03]
 [ 1.51685944e-01  1.61004758e-01]
 [ 6.28126201e-02 -2.84169789e-01]
 [ 2.75752846e-03 -1.91422815e-03]
 [-3.03041699e-01 -8.04604155e-02]
 [-8.12513489e-01  3.71645313e-01]
 [-1.41610412e-01 -1.03214824e-01]
 [-8.46395018e-02 -1.54305711e-01]
 [ 3.11743873e-01 -1.31798527e-01]
 [ 6.90780499e-02 -2.67953578e-02]
 [-2.28166284e-01  7.70009272e-02]
 [ 5.40141587e-02 -4.25811674e-01]
 [ 7.19836220e-02  1.64625509e-01]
 [-2.57459229e-02  4.06635754e-02]
 [-1.79127043e-01 -2.11911378e-01]
 [-2.50659441e-01  2.65271427e-01]
 [-6.42208681e-02  2.25971186e-01]
 [ 1.66972429e-02 -1.85705394e-01]
 [-9.62247320e-02  6.47938152e-02]
 [-2.21808304e-01 -1.87483056e-01]
 [ 2.10872945e-01  5.36216415e-02]
 [ 5.68687588e-01  1.78883782e-01]
 [-4.90849815e-01  2.52474777e-01]
 [-1.03693569e-03  1.78988710e-02]
 [ 1.33105576e-01  2.51062176e-01]
 [ 1.65243781e-01 -2.48807846e-02]
 [-1.80048965e-01 -6.50341812e-02]
 [-2.35847775e-01  1.51318802e-01]
 [-4.16563871e-01 -1.51327191e-01]
 [-2.03414162e-01 -1.02522045e-01]
 [-2.37039736e-01 -2.77469118e-01]
 [ 3.78664016e-01 -2.98312746e-01]
 [-1.23735414e-01 -4.23453301e-01]
 [-1.95341755e-01  1.84779697e-01]
 [ 4.94155764e-02  1.21281254e-02]
 [-3.88994016e-01  3.24625261e-01]
 [-2.98608652e-01  2.36118478e-01]
 [-2.52225328e-01 -5.67060639e-03]
 [ 3.18862149e-02  1.20077095e-01]
 [ 2.33000237e-01  3.20348215e-01]
 [ 2.53057331e-01 -5.51229416e-02]
 [-3.26169833e-01 -1.11429910e-01]
 [-2.65330123e-01 -2.56646914e-01]
 [-2.68509834e-01  5.90627038e-02]
 [ 8.98664558e-02  4.40676619e-01]
 [ 6.53244765e-03 -9.38236757e-02]
 [ 4.46313140e-02  2.77631032e-02]
 [-6.71270304e-02  1.24534295e-01]
 [-1.26239320e-01 -1.09450453e-01]
 [ 4.84494232e-01 -1.54456024e-01]
 [ 8.11513903e-02  6.61187518e-02]
 [ 4.04485735e-01 -1.90527055e-02]
 [-2.87842430e-01 -2.10695279e-02]
 [-3.46543269e-01 -1.34707219e-01]
 [-2.70789994e-01 -7.92799796e-02]
 [-1.41139511e-01 -8.28444849e-02]
 [-3.49762479e-01  4.73258407e-01]
 [-1.61470247e-01  3.78239000e-02]
 [-2.26448665e-01  6.93294334e-02]
 [-1.43853782e-01  2.26872200e-01]
 [-1.90532047e-01 -1.63221886e-01]
 [-1.18092391e-01  1.12992313e-01]
 [ 1.66305079e-01 -1.81065096e-01]
 [ 5.86607783e-02  4.56977617e-01]
 [-1.23576388e-01 -2.41640593e-01]
 [ 2.23245427e-01  1.26914821e-01]
 [-6.44466533e-02  9.04859313e-02]
 [ 8.30996399e-02 -4.18439865e-01]
 [ 1.56056150e-01 -1.98992220e-01]
 [ 1.08568751e-01 -1.07349863e-01]
 [ 5.02813160e-01  3.21987351e-02]
 [-1.73929283e-01 -6.00212339e-02]
 [-3.52753064e-01 -2.38062464e-01]
 [ 9.02198140e-02  1.41811438e-01]
 [-1.33968937e-01 -3.86194735e-01]
 [-1.52773904e-01  4.28627936e-01]
 [-3.32218511e-01  5.23621927e-02]
 [-6.95786432e-02 -4.89341924e-01]
 [ 2.82214174e-01 -2.58234368e-02]
 [ 4.31329277e-01  2.25616702e-01]
 [ 4.54899518e-02 -1.51276345e-01]
 [-5.74473843e-02 -6.04183950e-02]
 [-2.40765623e-02  2.11331723e-01]
 [ 1.99748266e-01 -1.75582679e-01]
 [ 3.38303589e-01  2.57450308e-01]
 [ 1.08675434e-02  2.43026551e-02]
 [ 2.92140707e-01  3.74690754e-01]
 [-1.23315754e-01 -1.09538718e-01]
 [ 3.73816084e-01 -6.15962639e-02]
 [-1.05955994e-01 -2.22312007e-01]
 [-1.80770289e-01  2.59570284e-01]
 [ 6.27485289e-02  4.12297396e-01]
 [ 1.33215899e-02 -1.81436781e-01]
 [-1.49358290e-01  1.62325598e-01]
 [ 1.61265722e-01  2.95762835e-01]
 [ 2.78051781e-02 -1.04419735e-03]
 [ 1.25445272e-01 -2.90384394e-01]
 [-8.39918919e-02  3.79256048e-02]
 [-1.73273983e-01 -4.72673468e-02]
 [-1.05015896e-01 -1.38787643e-01]
 [-3.11136670e-01 -3.67279237e-01]
 [ 1.91696967e-01 -8.02056005e-02]
 [-5.40220957e-02  2.39038043e-01]
 [-1.04992782e-01 -1.71057970e-02]
 [ 4.28236090e-02  1.57319605e-01]
 [-6.11028799e-03 -2.17100042e-01]
 [ 3.25230356e-01 -1.37085254e-01]
 [-2.10511110e-01 -2.39484452e-01]
 [ 1.75351408e-01  1.72054060e-01]
 [-3.09214923e-01  4.32269425e-01]
 [-2.48051526e-01 -1.77567257e-01]
 [ 2.47806298e-01  9.74860083e-02]]
States:
[[9.99958659e-01 9.99854043e-01 5.16104077e-01 4.88373642e-01
  5.13302183e-01 5.97382471e-01]
 [9.99915189e-01 9.99840003e-01 5.18929283e-01 4.87827349e-01
  5.49021264e-01 5.89758543e-01]
 [9.99874938e-01 9.99675616e-01 5.20935348e-01 4.82668556e-01
  5.03153352e-01 5.36452374e-01]
 ...
 [5.63556333e-01 9.98917906e-01 4.43276649e-03 4.68355769e-01
  3.48005270e-01 5.73752187e-01]
 [5.32182252e-01 9.99237458e-01 1.22118916e-03 4.73432181e-01
  2.71931427e-01 6.87526586e-01]
 [4.90217992e-01 9.99702908e-01 5.21420452e-05 4.83413500e-01
  2.13109349e-01 6.39228051e-01]]
Logstds:
[[-3. -3.]
 [-3. -3.]
 [-3. -3.]
 [-3. -3.]
 [-3. -3.]
 [-3. -3.]
 [-3. -3.]
 [-3. -3.]
 [-3. -3.]
 [-3. -3.]
 [-3. -3.]
 [-3. -3.]
 [-3. -3.]
 [-3. -3.]
 [-3. -3.]
 [-3. -3.]
 [-3. -3.]
 [-3. -3.]
 [-3. -3.]
 [-3. -3.]
 [-3. -3.]
 [-3. -3.]
 [-3. -3.]
 [-3. -3.]
 [-3. -3.]
 [-3. -3.]
 [-3. -3.]
 [-3. -3.]
 [-3. -3.]
 [-3. -3.]
 [-3. -3.]
 [-3. -3.]
 [-3. -3.]
 [-3. -3.]
 [-3. -3.]
 [-3. -3.]
 [-3. -3.]
 [-3. -3.]
 [-3. -3.]
 [-3. -3.]
 [-3. -3.]
 [-3. -3.]
 [-3. -3.]
 [-3. -3.]
 [-3. -3.]
 [-3. -3.]
 [-3. -3.]
 [-3. -3.]
 [-3. -3.]
 [-3. -3.]
 [-3. -3.]
 [-3. -3.]
 [-3. -3.]
 [-3. -3.]
 [-3. -3.]
 [-3. -3.]
 [-3. -3.]
 [-3. -3.]
 [-3. -3.]
 [-3. -3.]
 [-3. -3.]
 [-3. -3.]
 [-3. -3.]
 [-3. -3.]
 [-3. -3.]
 [-3. -3.]
 [-3. -3.]
 [-3. -3.]
 [-3. -3.]
 [-3. -3.]
 [-3. -3.]
 [-3. -3.]
 [-3. -3.]
 [-3. -3.]
 [-3. -3.]
 [-3. -3.]
 [-3. -3.]
 [-3. -3.]
 [-3. -3.]
 [-3. -3.]
 [-3. -3.]
 [-3. -3.]
 [-3. -3.]
 [-3. -3.]
 [-3. -3.]
 [-3. -3.]
 [-3. -3.]
 [-3. -3.]
 [-3. -3.]
 [-3. -3.]
 [-3. -3.]
 [-3. -3.]
 [-3. -3.]
 [-3. -3.]
 [-3. -3.]
 [-3. -3.]
 [-3. -3.]
 [-3. -3.]
 [-3. -3.]
 [-3. -3.]
 [-3. -3.]
 [-3. -3.]
 [-3. -3.]
 [-3. -3.]
 [-3. -3.]
 [-3. -3.]
 [-3. -3.]
 [-3. -3.]
 [-3. -3.]
 [-3. -3.]
 [-3. -3.]
 [-3. -3.]
 [-3. -3.]
 [-3. -3.]
 [-3. -3.]
 [-3. -3.]
 [-3. -3.]
 [-3. -3.]
 [-3. -3.]
 [-3. -3.]
 [-3. -3.]
 [-3. -3.]
 [-3. -3.]
 [-3. -3.]
 [-3. -3.]
 [-3. -3.]
 [-3. -3.]
 [-3. -3.]
 [-3. -3.]
 [-3. -3.]
 [-3. -3.]
 [-3. -3.]
 [-3. -3.]
 [-3. -3.]
 [-3. -3.]
 [-3. -3.]
 [-3. -3.]
 [-3. -3.]
 [-3. -3.]
 [-3. -3.]
 [-3. -3.]
 [-3. -3.]
 [-3. -3.]
 [-3. -3.]
 [-3. -3.]
 [-3. -3.]
 [-3. -3.]
 [-3. -3.]
 [-3. -3.]
 [-3. -3.]
 [-3. -3.]
 [-3. -3.]
 [-3. -3.]
 [-3. -3.]
 [-3. -3.]
 [-3. -3.]
 [-3. -3.]
 [-3. -3.]
 [-3. -3.]
 [-3. -3.]
 [-3. -3.]
 [-3. -3.]
 [-3. -3.]
 [-3. -3.]
 [-3. -3.]
 [-3. -3.]
 [-3. -3.]
 [-3. -3.]
 [-3. -3.]
 [-3. -3.]
 [-3. -3.]
 [-3. -3.]
 [-3. -3.]
 [-3. -3.]
 [-3. -3.]
 [-3. -3.]
 [-3. -3.]
 [-3. -3.]
 [-3. -3.]
 [-3. -3.]
 [-3. -3.]
 [-3. -3.]
 [-3. -3.]
 [-3. -3.]
 [-3. -3.]
 [-3. -3.]
 [-3. -3.]
 [-3. -3.]
 [-3. -3.]
 [-3. -3.]
 [-3. -3.]
 [-3. -3.]
 [-3. -3.]
 [-3. -3.]
 [-3. -3.]
 [-3. -3.]
 [-3. -3.]
 [-3. -3.]
 [-3. -3.]
 [-3. -3.]]
