Baseline:
[1.268011   1.281635   1.2633024  1.2636508  1.2507194  1.2585087
 1.2405584  1.2513107  1.208799   1.1739985  1.1761671  1.1613721
 1.1539545  1.1513692  1.1264135  1.0840642  1.0567051  1.051386
 1.03708    1.0276247  1.0504386  1.0671927  1.06613    1.0839878
 1.0754542  1.0693098  1.064972   1.0651289  1.0280155  1.0143484
 1.0094306  0.9822306  0.98128235 0.9845325  1.001862   0.9812859
 0.98826045 0.9704416  0.9727342  0.98487765 0.9913529  0.9778256
 0.9554231  0.9657576  0.95037866 0.9548137  0.95604664 0.9684277
 0.9569334  0.96984565 0.9628761  0.9833603  0.9974481  1.0119545
 1.0390985  1.0630789  1.0579345  1.0392517  1.0372196  1.0540951
 1.0704728  1.0636798  1.0755059  1.0723047  1.086795   1.1396686
 1.1343838  1.1446595  1.1413075  1.1860784  1.1814624  1.1967872
 1.2345058  1.2596961  1.2838048  1.2746667  1.2675269  1.2842307
 1.2729881  1.2780235  1.2714307  1.2711564  1.2615355  1.2923274
 1.2829025  1.3059789  1.3299857  1.3350604  1.3041009  1.2993014
 1.2958859  1.3063873  1.301984   1.3105184  1.3267783  1.3448797
 1.3523481  1.3694032  1.3761033  1.3814025  1.3880135  1.3794954
 1.3926404  1.3686565  1.3652047  1.3633665  1.3860523  1.3758751
 1.373557   1.3753504  1.3894025  1.3864604  1.3637944  1.3536404
 1.354677   1.3239341  1.3187865  1.290963   1.2622275  1.2614523
 1.2394043  1.2142671  1.214569   1.2076612  1.1512196  1.1276647
 1.1027063  1.0739857  1.0656682  1.043599   1.0225431  1.009951
 1.0040852  0.9834428  1.0011181  0.98617417 1.0009146  1.010415
 1.0134449  1.023525   1.0286198  1.0919491  1.1269153  1.1462924
 1.1662794  1.178089   1.1881839  1.2043754  1.2138473  1.228738
 1.2340065  1.2244242  1.2273862  1.2271367  1.2053052  1.2093378
 1.1955978  1.1971372  1.1837374  1.1762236  1.1472862  1.1237568
 1.1184667  1.1063623  1.0682132  1.035015   1.0318199  0.99120307
 0.97435504 0.96586955 0.9590986  0.95608974 0.9652648  1.00621
 0.97057426 0.9885535  0.99618524 0.97477114 0.9823344  0.99029547
 0.99062234 1.0149897  1.0287756  1.0193291  1.0201559  1.0659221
 1.072769   1.0760388  1.0682813  1.1209657  1.1289573  1.1216203
 1.0991241  1.0800616  1.0631808  1.0630816  1.0595263  1.0451766
 1.0364045  1.0579442  1.0579442 ]
Returns:
[4.0340068  4.0271204  3.98865881 3.98250325 4.01634873 4.05353824
 3.82356045 3.82664753 3.6434589  3.4624564  3.42546199 3.41313724
 3.42462519 3.4327257  3.416879   3.23787846 3.20279798 3.23054988
 3.19842127 3.16965358 3.0493706  2.99212289 3.04169297 2.75990725
 2.73087527 2.7398971  2.78475106 2.66178304 2.42087446 2.46791668
 2.41240471 2.41748229 2.20992393 2.24924239 2.11032148 1.74614953
 1.7510136  1.58040495 1.58797065 1.57546332 1.57268474 1.63143933
 1.59265456 1.60426337 1.65276428 1.46492515 1.54162624 1.60074751
 1.58945648 1.60535519 1.6494487  1.72511453 1.82788021 1.93965066
 1.89507369 1.86380425 1.97810565 1.94234109 2.02756562 2.08232831
 2.15955812 2.29519104 2.4007149  2.53170016 2.62599249 2.40874687
 2.43662442 2.61466918 2.72893289 2.51097482 2.54609358 2.69721834
 2.7590828  2.87775379 2.90102845 2.90830703 2.95892764 2.79766171
 2.87094743 2.94232796 2.98486633 3.0647158  3.14095893 2.91662394
 2.95333538 2.74865274 2.6734926  2.75884721 2.47163393 2.52369049
 2.59037046 2.35130553 2.33025461 2.30616174 2.26316879 2.24698717
 2.31796517 2.31564203 2.3651424  2.40590584 2.44439376 2.49451879
 2.44824231 2.38354812 2.42806834 2.48803747 2.07848512 2.11995952
 2.12476744 2.08851685 2.02854514 2.10468324 2.09411152 1.95773364
 1.97471783 1.97764918 1.85456386 1.89991608 1.95964208 1.90855184
 1.90664169 2.00058921 1.89256037 1.84686768 1.84474434 1.90033004
 1.96832334 2.07972501 2.0017662  2.09329096 2.20145217 1.97746656
 2.0000147  2.04490396 1.9469848  1.80203849 1.7949818  1.81270458
 1.81256434 1.78288161 1.77894234 1.71943515 1.67071924 1.53398159
 1.57574149 1.59074989 1.56215372 1.57367457 1.54289648 1.53628472
 1.63310318 1.64028581 1.68296637 1.80049867 1.82348969 1.90805626
 2.00894487 1.93766205 1.90872455 1.9431554  1.9695569  2.09798196
 2.09440327 2.22973146 2.11657915 2.15995482 2.12703554 2.15447649
 2.24689756 2.34883256 2.44224888 2.53647993 2.6184223  2.36838331
 2.22764934 2.22812217 2.27435971 2.1159888  2.17463614 2.17384177
 2.12263633 1.98126123 1.9350276  1.91660915 1.95317003 1.662631
 1.64488764 1.61616634 1.63451608 0.94640062 0.94462587 0.9113732
 0.81626532 0.74176989 0.54813835 0.53992726 0.46017391 0.35865411
 0.31819334 0.15624231]
Advants:
[1.94110623 1.93523769 1.93037541 1.94023767 2.00622149 2.05737415
 1.86239454 1.87299239 1.74778347 1.61384558 1.5867799  1.60245469
 1.63627424 1.66347491 1.69078745 1.56966411 1.57855466 1.63067561
 1.63297444 1.63490029 1.51042512 1.45434276 1.52598735 1.23987838
 1.23343345 1.26431933 1.33209133 1.22532157 1.03297175 1.10797902
 1.07133597 1.11975149 0.92426407 0.97351803 0.82674406 0.48280524
 0.48025741 0.32226749 0.3220605  0.29070046 0.27387952 0.34018534
 0.3168112  0.31053741 0.36820187 0.16323615 0.2272657  0.26303842
 0.25134624 0.24151622 0.28025036 0.32375942 0.40251296 0.49201534
 0.40965342 0.34114749 0.44990201 0.42068998 0.49748156 0.5251841
 0.57686592 0.71374535 0.80432195 0.93927135 1.02236955 0.74747308
 0.77647687 0.9449218  1.06690859 0.80079729 0.83809054 0.97544104
 1.00201643 1.10102464 1.10616325 1.12956913 1.19670042 1.02339574
 1.11560072 1.19232849 1.25424619 1.35072386 1.45699043 1.21611373
 1.27914096 1.06266758 0.97268076 1.06540577 0.81473183 0.87940143
 0.96014394 0.7144132  0.70141314 0.67173482 0.61384959 0.57999046
 0.64592439 0.62857752 0.67490613 0.71529584 0.7535038  0.82083092
 0.76899563 0.73525843 0.79228133 0.86582212 0.43294891 0.48550867
 0.49384081 0.45592902 0.37975912 0.45895633 0.47155156 0.34196755
 0.35476203 0.3860559  0.26188743 0.33056483 0.41688087 0.36268139
 0.37922668 0.49809586 0.38618078 0.34230675 0.39278214 0.47020017
 0.56415734 0.70970442 0.64379629 0.76495466 0.90637698 0.70169036
 0.73826143 0.81467178 0.70730762 0.58221602 0.56507382 0.57860202
 0.58109148 0.54624072 0.5422578  0.42110363 0.3366591  0.17488866
 0.19119752 0.18856569 0.14235072 0.12937079 0.07885883 0.04555513
 0.1271299  0.13358838 0.16335095 0.27397142 0.31240892 0.38850455
 0.50186211 0.42540815 0.40544886 0.44389239 0.49714365 0.65153216
 0.65593775 0.81085391 0.7416521  0.82688993 0.8056484  0.88501631
 1.00993843 1.14076047 1.26618583 1.39382115 1.50182376 1.24007697
 1.16345635 1.17631203 1.24906038 1.1449188  1.23319351 1.26452596
 1.25490281 1.12951355 1.11142868 1.14768605 1.23360753 0.94136387
 0.96382819 0.9819108  1.06316482 0.35929808 0.38930905 0.40575776
 0.37687364 0.36717887 0.23459594 0.27416357 0.24735011 0.21107562
 0.23363813 0.10334504]
Mus:
[[-1.82022527e-02 -6.46313187e-03]
 [-1.79203581e-02 -6.20105583e-03]
 [-1.88506879e-02 -7.01088458e-03]
 [-1.92926656e-02 -7.63769774e-03]
 [-1.85319483e-02 -7.65939010e-03]
 [-1.84237175e-02 -7.70445634e-03]
 [-1.66288093e-02 -6.44145813e-03]
 [-1.66698229e-02 -6.51627779e-03]
 [-1.45948119e-02 -5.99031616e-03]
 [-1.27511695e-02 -5.23451297e-03]
 [-1.28721483e-02 -5.23268990e-03]
 [-1.22588314e-02 -5.06206509e-03]
 [-1.23012671e-02 -5.21088904e-03]
 [-1.19679375e-02 -5.49527537e-03]
 [-1.12111820e-02 -5.43970428e-03]
 [-1.08940220e-02 -5.30873751e-03]
 [-1.10095860e-02 -5.44853741e-03]
 [-1.11211352e-02 -5.75391203e-03]
 [-9.35048051e-03 -5.89805702e-03]
 [-9.72704682e-03 -5.71059156e-03]
 [-1.03352945e-02 -6.09594071e-03]
 [-1.06293187e-02 -6.38401508e-03]
 [-9.99277737e-03 -6.18661894e-03]
 [-1.06835123e-02 -5.63943572e-03]
 [-9.77377687e-03 -5.96536417e-03]
 [-9.05661751e-03 -5.31668356e-03]
 [-8.27135053e-03 -5.41097904e-03]
 [-8.24655592e-03 -4.64178855e-03]
 [-7.19940104e-03 -3.67326965e-03]
 [-6.37668045e-03 -3.66369658e-03]
 [-6.56135287e-03 -3.21794953e-03]
 [-5.13470778e-03 -2.53702281e-03]
 [-4.54330584e-03 -3.15276999e-03]
 [-4.46339045e-03 -3.02139740e-03]
 [-5.11541031e-03 -2.64892937e-03]
 [-5.88001031e-03 -4.07770323e-03]
 [-6.83229184e-03 -4.75215167e-03]
 [-2.81675695e-03 -2.58126133e-03]
 [-1.11333455e-03 -1.42023026e-03]
 [-6.65795815e-04 -7.55660119e-04]
 [ 6.06492511e-04  2.73450976e-04]
 [ 1.15483545e-03  3.40059341e-04]
 [ 3.65435216e-03  1.48000836e-03]
 [ 4.36684536e-03  2.14050594e-03]
 [ 5.74175641e-03  2.67154467e-03]
 [ 2.26806733e-03  3.91087146e-04]
 [ 4.48390190e-03  1.51828933e-03]
 [ 6.41109748e-03  2.57677957e-03]
 [ 5.80369867e-03  1.89457368e-03]
 [ 9.48945712e-03  4.02694428e-03]
 [ 9.10596456e-03  3.61113739e-03]
 [ 1.08555928e-02  4.52647544e-03]
 [ 1.18701318e-02  5.05609438e-03]
 [ 1.28369806e-02  5.61325811e-03]
 [ 1.36350021e-02  5.98312216e-03]
 [ 1.33708781e-02  5.94852399e-03]
 [ 1.32611440e-02  5.90665173e-03]
 [ 1.33333821e-02  5.99101000e-03]
 [ 1.20544191e-02  5.21713821e-03]
 [ 1.17708426e-02  5.11704525e-03]
 [ 1.16586350e-02  5.10466425e-03]
 [ 1.05579402e-02  4.52060765e-03]
 [ 9.65061039e-03  4.04010154e-03]
 [ 6.74099522e-03  2.61020288e-03]
 [ 3.16696172e-03  8.90024123e-04]
 [ 5.06979553e-03  2.55091931e-03]
 [-2.07084202e-04 -2.66111689e-04]
 [-2.84898817e-03 -1.41054089e-03]
 [-6.64463872e-03 -3.41364159e-03]
 [-8.53309222e-03 -3.86869046e-03]
 [-1.22303385e-02 -5.96988713e-03]
 [-1.50042381e-02 -7.12858280e-03]
 [-1.58184171e-02 -6.93566166e-03]
 [-1.62835885e-02 -6.73535932e-03]
 [-1.48559101e-02 -5.58238290e-03]
 [-1.52666373e-02 -5.74034220e-03]
 [-1.67981982e-02 -6.46667043e-03]
 [-1.40805831e-02 -4.58880421e-03]
 [-1.50041683e-02 -4.99471463e-03]
 [-1.52355619e-02 -4.84910933e-03]
 [-1.49143841e-02 -4.51788073e-03]
 [-1.52042015e-02 -4.47821151e-03]
 [-1.66645050e-02 -5.24632819e-03]
 [-1.80296209e-02 -5.59257902e-03]
 [-1.74055714e-02 -5.24877803e-03]
 [-1.67558007e-02 -4.44253115e-03]
 [-1.73204951e-02 -4.53387573e-03]
 [-1.73313860e-02 -4.72803880e-03]
 [-1.71659961e-02 -5.21238986e-03]
 [-1.68881360e-02 -5.05127944e-03]
 [-1.77166406e-02 -5.49262296e-03]
 [-1.58300921e-02 -4.20805160e-03]
 [-1.54487928e-02 -3.88945942e-03]
 [-1.64662525e-02 -4.19492181e-03]
 [-1.72719806e-02 -4.45325393e-03]
 [-1.71528216e-02 -4.24770080e-03]
 [-1.67508610e-02 -4.12235828e-03]
 [-1.60380956e-02 -3.61026451e-03]
 [-1.58877354e-02 -3.75714363e-03]
 [-1.45350229e-02 -3.12428875e-03]
 [-1.33406417e-02 -2.55622761e-03]
 [-1.30172912e-02 -2.78536254e-03]
 [-1.18910344e-02 -2.06169323e-03]
 [-1.08088851e-02 -2.08744500e-03]
 [-1.02262376e-02 -1.85838202e-03]
 [-9.84788500e-03 -1.67168991e-03]
 [-8.70228652e-03 -6.32252428e-04]
 [-8.32669530e-03 -5.17351960e-04]
 [-8.76099616e-03 -7.48868333e-04]
 [-8.48774146e-03 -6.99571217e-04]
 [-7.45480647e-03 -3.41529922e-05]
 [-6.80788839e-03  1.64669924e-04]
 [-6.74894545e-03 -4.87476733e-04]
 [-5.30190766e-03  3.07648646e-04]
 [-5.14610251e-03  5.46041760e-04]
 [-4.19994257e-03  6.28879177e-04]
 [-3.60149797e-03  1.31748861e-03]
 [-3.09504266e-03  1.09758961e-03]
 [-2.19882187e-03  1.21218781e-03]
 [-1.70198467e-03  1.90210179e-03]
 [-6.47028792e-04  2.63685663e-03]
 [ 8.31521975e-05  3.00378329e-03]
 [-8.43722300e-05  3.44906910e-03]
 [-5.63932408e-04  3.61186056e-03]
 [-5.56679268e-04  3.26684723e-03]
 [-6.21566433e-04  3.40573536e-03]
 [-5.58528933e-04  3.52801359e-03]
 [-4.72556712e-04  3.29213520e-03]
 [-8.15307489e-04  2.68850825e-03]
 [-2.81373644e-03  1.56496232e-03]
 [-4.92385728e-03  5.97554084e-04]
 [-6.90574478e-03 -2.80840293e-04]
 [-9.67703480e-03 -1.46310905e-03]
 [-1.30609432e-02 -2.53554550e-03]
 [-1.70146022e-02 -4.08203434e-03]
 [-1.98865011e-02 -4.71615652e-03]
 [-2.21352931e-02 -5.25440369e-03]
 [-2.28050742e-02 -5.06189186e-03]
 [-2.18702462e-02 -4.13928274e-03]
 [-2.10369341e-02 -3.29596340e-03]
 [-1.94860306e-02 -2.14157277e-03]
 [-1.59655474e-02 -8.90837691e-04]
 [-1.23780118e-02  4.46051243e-04]
 [-7.98241701e-03  2.30963831e-03]
 [-3.11957952e-03  4.15232405e-03]
 [ 1.51303655e-03  5.93898771e-03]
 [ 5.53525519e-03  7.43259396e-03]
 [ 9.57388245e-03  8.70075822e-03]
 [ 1.32215153e-02  9.96644609e-03]
 [ 1.57964099e-02  1.06199775e-02]
 [ 1.76927298e-02  1.11855166e-02]
 [ 1.90140586e-02  1.16016530e-02]
 [ 2.00070366e-02  1.19732097e-02]
 [ 2.04357505e-02  1.20643368e-02]
 [ 1.94010269e-02  1.12737734e-02]
 [ 1.89320296e-02  1.12896087e-02]
 [ 1.79251786e-02  1.10048251e-02]
 [ 1.62777733e-02  9.98573750e-03]
 [ 1.42278075e-02  9.11261328e-03]
 [ 1.12556219e-02  7.67230848e-03]
 [ 8.99256859e-03  6.50048908e-03]
 [ 6.93680625e-03  5.45396050e-03]
 [ 3.71316937e-03  3.30695743e-03]
 [ 1.11386133e-03  1.90558704e-03]
 [ 1.63424746e-04  1.73322333e-03]
 [-1.20802806e-03  1.12372311e-03]
 [-2.69468944e-03  9.92126530e-04]
 [-3.45231267e-03  3.15519952e-04]
 [-4.43271734e-03 -2.36310501e-04]
 [-5.59025491e-03 -7.79742841e-04]
 [-6.60465937e-03 -1.04873744e-03]
 [-7.91298412e-03 -1.78317097e-03]
 [-9.17242002e-03 -2.27918732e-03]
 [-1.22444574e-02 -3.88368149e-03]
 [-1.41099896e-02 -4.79914481e-03]
 [-1.52758006e-02 -5.21982228e-03]
 [-1.63044818e-02 -5.51880850e-03]
 [-1.52025884e-02 -4.47349576e-03]
 [-1.66929271e-02 -5.02760848e-03]
 [-1.75793897e-02 -5.03419759e-03]
 [-2.05517057e-02 -6.57083280e-03]
 [-2.09594704e-02 -6.39511691e-03]
 [-2.21899152e-02 -6.50853291e-03]
 [-2.49097124e-02 -7.69161014e-03]
 [-2.58300491e-02 -7.90408906e-03]
 [-2.64940914e-02 -8.05806927e-03]
 [-3.04879826e-02 -9.81036853e-03]
 [-3.43788862e-02 -1.16052264e-02]
 [-3.42001207e-02 -1.13265952e-02]
 [-3.10193673e-02 -9.75860469e-03]
 [-3.26005220e-02 -1.03355460e-02]
 [-3.67221907e-02 -1.21553354e-02]
 [-4.08940762e-02 -1.41755072e-02]
 [-4.05277126e-02 -1.38556315e-02]
 [-4.58137058e-02 -1.66004151e-02]
 [-4.80043255e-02 -1.77976619e-02]
 [-4.73600440e-02 -1.73045788e-02]
 [-4.58893701e-02 -1.65291652e-02]
 [-4.49812077e-02 -1.61508396e-02]
 [-4.63608690e-02 -1.68506391e-02]]
Actions:
[[ 0.17222361  0.08204139]
 [-0.36974874  0.00780536]
 [-0.20248923  0.21751215]
 [-0.22922625  0.01926584]
 [ 0.0419107   0.1405029 ]
 [ 0.16057972 -0.45461173]
 [ 0.08081721  0.13164654]
 [-0.3989697  -0.3340269 ]
 [-0.15514922 -0.42650877]
 [ 0.15630202 -0.05106731]
 [-0.02433424 -0.16255933]
 [-0.01688112 -0.04550184]
 [-0.09472196  0.12486124]
 [-0.19620223 -0.18217915]
 [-0.16209279 -0.43021828]
 [-0.06726199 -0.24595773]
 [-0.04984169  0.08234239]
 [-0.35534372  0.13696836]
 [ 0.17768511 -0.12945152]
 [ 0.13849569  0.39520672]
 [ 0.11475219  0.3099475 ]
 [ 0.0189901   0.0691184 ]
 [ 0.5270279  -0.02123044]
 [-0.31357605  0.19320735]
 [ 0.08545165 -0.1958313 ]
 [-0.14800443  0.16348823]
 [ 0.28707867 -0.26543154]
 [ 0.01067717 -0.53366761]
 [-0.20189751  0.0723585 ]
 [ 0.26464296 -0.13620202]
 [-0.08835794 -0.2690745 ]
 [-0.29450036  0.46628328]
 [ 0.10175976  0.10771317]
 [ 0.41392562  0.08533316]
 [-0.64298878  0.29474965]
 [-0.13669563  0.25566918]
 [ 0.02346908 -0.47771957]
 [ 0.11537446 -0.15760428]
 [ 0.23434403  0.03392838]
 [ 0.22890601 -0.06279079]
 [-0.18233099 -0.01857478]
 [-0.21004741 -0.32667748]
 [ 0.19467069  0.1016124 ]
 [-0.18879147 -0.10533774]
 [-0.41284945  0.33903225]
 [ 0.00252534 -0.09646913]
 [ 0.14865225  0.06500559]
 [-0.33294627  0.02003623]
 [ 0.25664762 -0.09346005]
 [-0.24860666  0.00440088]
 [ 0.13901606  0.11236211]
 [ 0.05601864  0.08185832]
 [ 0.0761212   0.06311585]
 [ 0.22355391  0.34238471]
 [ 0.2171307   0.33580843]
 [-0.08598704 -0.10027974]
 [-0.22293971 -0.32903242]
 [-0.13587115  0.15037297]
 [ 0.11793903  0.2514061 ]
 [ 0.13092889  0.22634385]
 [-0.1413314  -0.0087893 ]
 [ 0.03770676  0.23237369]
 [-0.19018113  0.05982845]
 [-0.06243282  0.28633458]
 [ 0.60470286  0.06753738]
 [-0.3288106   0.19599121]
 [-0.0586364   0.01360152]
 [-0.27082805  0.07395299]
 [ 0.33638364  0.50645601]
 [-0.38818294  0.03022183]
 [-0.09113278 -0.12143052]
 [ 0.28897724  0.03321834]
 [ 0.14084802 -0.10977424]
 [ 0.2660937  -0.18032096]
 [-0.3003445  -0.2755115 ]
 [-0.33260552 -0.0755741 ]
 [ 0.23363609 -0.43726097]
 [-0.23159618 -0.09689326]
 [ 0.08604261 -0.09680985]
 [-0.01924549 -0.23488312]
 [ 0.06132072 -0.05453464]
 [-0.17130863  0.12564039]
 [ 0.3752131   0.39426644]
 [-0.09548732 -0.24891342]
 [ 0.46663794 -0.11400117]
 [ 0.28921462  0.24434987]
 [-0.06322462  0.15038633]
 [-0.64248681 -0.10683545]
 [-0.06109739 -0.11996548]
 [-0.10788206  0.08111311]
 [ 0.34872434 -0.34137246]
 [ 0.05176466 -0.24806679]
 [ 0.17740831  0.1760723 ]
 [ 0.1879619   0.24712768]
 [ 0.22745247  0.07798626]
 [ 0.03550351  0.06296603]
 [ 0.19623469 -0.04937252]
 [-0.0231041   0.21391518]
 [ 0.03758384 -0.16811002]
 [ 0.08806604 -0.11768649]
 [-0.21282718  0.12823442]
 [ 0.22663678 -0.15659516]
 [-0.40512176 -0.07318746]
 [-0.02926195 -0.11745028]
 [ 0.01694127 -0.11704881]
 [ 0.47353725 -0.42599072]
 [-0.01258598 -0.11883973]
 [ 0.0811452   0.21831844]
 [ 0.13374111  0.29198717]
 [ 0.31429664 -0.03806973]
 [ 0.04904996  0.02324972]
 [-0.28520657  0.22553086]
 [-0.04013457 -0.45559287]
 [ 0.18611864 -0.04517602]
 [-0.23092774 -0.17757621]
 [ 0.25405923 -0.31485691]
 [-0.17395484  0.11640131]
 [-0.15812727 -0.06666677]
 [ 0.31263091 -0.11942568]
 [ 0.1514831  -0.21887952]
 [ 0.05541982 -0.02376813]
 [ 0.41667173  0.11392946]
 [ 0.3437038   0.0895748 ]
 [-0.26620286 -0.21302908]
 [ 0.19219549  0.00507693]
 [ 0.17997358  0.01228052]
 [ 0.02841864 -0.00358779]
 [ 0.31701355  0.2667839 ]
 [ 0.06270741  0.03145475]
 [-0.10769434 -0.07951187]
 [ 0.52413683  0.01367063]
 [ 0.18736238  0.08595748]
 [ 0.02779309 -0.20667621]
 [ 0.18596401  0.32865342]
 [ 0.3206369  -0.28472387]
 [-0.29823664  0.07328044]
 [ 0.13202553 -0.07818596]
 [ 0.12343053 -0.14070495]
 [-0.3387596  -0.06038414]
 [ 0.03274504 -0.21074088]
 [ 0.17833269 -0.22777857]
 [ 0.11479513 -0.27349902]
 [ 0.34434736 -0.17990861]
 [-0.11613911  0.0673489 ]
 [-0.24876215 -0.04544389]
 [-0.34042137 -0.03110397]
 [-0.089181    0.24635335]
 [ 0.30289249  0.11466089]
 [ 0.10710982  0.2874293 ]
 [-0.03566841  0.03320042]
 [-0.24649007 -0.19731469]
 [ 0.27424287 -0.0254026 ]
 [-0.04836812  0.04078018]
 [-0.31876153 -0.01078214]
 [ 0.23208776  0.06056874]
 [ 0.04075562 -0.20790004]
 [ 0.23166797  0.40519739]
 [ 0.3698573  -0.16953065]
 [-0.32584369 -0.01535887]
 [-0.21953059 -0.26501907]
 [-0.03767549 -0.14228974]
 [-0.1988257   0.28875922]
 [-0.06689514  0.00628181]
 [ 0.03634097 -0.48879703]
 [-0.08005652 -0.29167081]
 [ 0.32334648 -0.15413415]
 [-0.26806923 -0.19863099]
 [-0.09807966 -0.03498661]
 [-0.05873025 -0.00767544]
 [ 0.0462111  -0.07402286]
 [-0.13696518  0.03733282]
 [ 0.04665411  0.08465976]
 [-0.00189639  0.57809592]
 [-0.3926124  -0.34397672]
 [ 0.133084    0.19367265]
 [ 0.09384788  0.05840861]
 [ 0.19746871 -0.43010425]
 [-0.00800924  0.06532627]
 [ 0.20808882 -0.01401536]
 [-0.37536866  0.09287912]
 [ 0.34872877  0.19087221]
 [ 0.25271572  0.07201943]
 [-0.28937928 -0.07896041]
 [ 0.01020141 -0.03028813]
 [ 0.28109065  0.45780514]
 [-0.23536189  0.1582607 ]
 [-0.26034976  0.15547752]
 [ 0.03994595 -0.1094374 ]
 [ 0.62031499  0.47624167]
 [ 0.00650464  0.14032143]
 [-0.26990054  0.08229463]
 [-0.42556243 -0.02489153]
 [-0.07533742 -0.29976321]
 [-0.50370656  0.13290879]
 [-0.15744423  0.08060624]
 [ 0.10651384 -0.21758012]
 [ 0.00290015 -0.29678981]
 [-0.02705251 -0.15365867]
 [ 0.12173201  0.29888896]
 [-0.15478551  0.33371163]]
States:
[[0.99981637 0.99804366 0.52334194 0.45746846 0.51355153 0.59734118]
 [0.9997102  0.99819253 0.52687019 0.459116   0.5577047  0.61882018]
 [0.99972861 0.99847989 0.52631182 0.46250156 0.46200145 0.62047494]
 ...
 [0.98122308 0.11552274 0.64755175 0.11526793 0.47865531 0.69095877]
 [0.98277444 0.12472322 0.64183263 0.10835006 0.47239885 0.64883458]
 [0.98375724 0.13640182 0.63806793 0.10000254 0.50444457 0.72613736]]
Logstds:
[[-3. -3.]
 [-3. -3.]
 [-3. -3.]
 [-3. -3.]
 [-3. -3.]
 [-3. -3.]
 [-3. -3.]
 [-3. -3.]
 [-3. -3.]
 [-3. -3.]
 [-3. -3.]
 [-3. -3.]
 [-3. -3.]
 [-3. -3.]
 [-3. -3.]
 [-3. -3.]
 [-3. -3.]
 [-3. -3.]
 [-3. -3.]
 [-3. -3.]
 [-3. -3.]
 [-3. -3.]
 [-3. -3.]
 [-3. -3.]
 [-3. -3.]
 [-3. -3.]
 [-3. -3.]
 [-3. -3.]
 [-3. -3.]
 [-3. -3.]
 [-3. -3.]
 [-3. -3.]
 [-3. -3.]
 [-3. -3.]
 [-3. -3.]
 [-3. -3.]
 [-3. -3.]
 [-3. -3.]
 [-3. -3.]
 [-3. -3.]
 [-3. -3.]
 [-3. -3.]
 [-3. -3.]
 [-3. -3.]
 [-3. -3.]
 [-3. -3.]
 [-3. -3.]
 [-3. -3.]
 [-3. -3.]
 [-3. -3.]
 [-3. -3.]
 [-3. -3.]
 [-3. -3.]
 [-3. -3.]
 [-3. -3.]
 [-3. -3.]
 [-3. -3.]
 [-3. -3.]
 [-3. -3.]
 [-3. -3.]
 [-3. -3.]
 [-3. -3.]
 [-3. -3.]
 [-3. -3.]
 [-3. -3.]
 [-3. -3.]
 [-3. -3.]
 [-3. -3.]
 [-3. -3.]
 [-3. -3.]
 [-3. -3.]
 [-3. -3.]
 [-3. -3.]
 [-3. -3.]
 [-3. -3.]
 [-3. -3.]
 [-3. -3.]
 [-3. -3.]
 [-3. -3.]
 [-3. -3.]
 [-3. -3.]
 [-3. -3.]
 [-3. -3.]
 [-3. -3.]
 [-3. -3.]
 [-3. -3.]
 [-3. -3.]
 [-3. -3.]
 [-3. -3.]
 [-3. -3.]
 [-3. -3.]
 [-3. -3.]
 [-3. -3.]
 [-3. -3.]
 [-3. -3.]
 [-3. -3.]
 [-3. -3.]
 [-3. -3.]
 [-3. -3.]
 [-3. -3.]
 [-3. -3.]
 [-3. -3.]
 [-3. -3.]
 [-3. -3.]
 [-3. -3.]
 [-3. -3.]
 [-3. -3.]
 [-3. -3.]
 [-3. -3.]
 [-3. -3.]
 [-3. -3.]
 [-3. -3.]
 [-3. -3.]
 [-3. -3.]
 [-3. -3.]
 [-3. -3.]
 [-3. -3.]
 [-3. -3.]
 [-3. -3.]
 [-3. -3.]
 [-3. -3.]
 [-3. -3.]
 [-3. -3.]
 [-3. -3.]
 [-3. -3.]
 [-3. -3.]
 [-3. -3.]
 [-3. -3.]
 [-3. -3.]
 [-3. -3.]
 [-3. -3.]
 [-3. -3.]
 [-3. -3.]
 [-3. -3.]
 [-3. -3.]
 [-3. -3.]
 [-3. -3.]
 [-3. -3.]
 [-3. -3.]
 [-3. -3.]
 [-3. -3.]
 [-3. -3.]
 [-3. -3.]
 [-3. -3.]
 [-3. -3.]
 [-3. -3.]
 [-3. -3.]
 [-3. -3.]
 [-3. -3.]
 [-3. -3.]
 [-3. -3.]
 [-3. -3.]
 [-3. -3.]
 [-3. -3.]
 [-3. -3.]
 [-3. -3.]
 [-3. -3.]
 [-3. -3.]
 [-3. -3.]
 [-3. -3.]
 [-3. -3.]
 [-3. -3.]
 [-3. -3.]
 [-3. -3.]
 [-3. -3.]
 [-3. -3.]
 [-3. -3.]
 [-3. -3.]
 [-3. -3.]
 [-3. -3.]
 [-3. -3.]
 [-3. -3.]
 [-3. -3.]
 [-3. -3.]
 [-3. -3.]
 [-3. -3.]
 [-3. -3.]
 [-3. -3.]
 [-3. -3.]
 [-3. -3.]
 [-3. -3.]
 [-3. -3.]
 [-3. -3.]
 [-3. -3.]
 [-3. -3.]
 [-3. -3.]
 [-3. -3.]
 [-3. -3.]
 [-3. -3.]
 [-3. -3.]
 [-3. -3.]
 [-3. -3.]
 [-3. -3.]
 [-3. -3.]
 [-3. -3.]
 [-3. -3.]
 [-3. -3.]
 [-3. -3.]
 [-3. -3.]
 [-3. -3.]]
