Baseline:
[1.5556425 1.5644549 1.6004709 1.6257976 1.6001171 1.6124986 1.6129494
 1.6368043 1.6301056 1.6059321 1.5805625 1.5581206 1.5480227 1.5192941
 1.5028676 1.4902837 1.5048696 1.507748  1.5306517 1.5161244 1.5272893
 1.4895962 1.4532646 1.4543813 1.4510399 1.4442301 1.4114536 1.4251693
 1.4194561 1.4014405 1.3795582 1.3639296 1.3292369 1.322085  1.2914722
 1.2724081 1.282529  1.2447376 1.2119985 1.1950363 1.2149867 1.2295294
 1.2200092 1.2352577 1.2502468 1.2518836 1.2739993 1.2878613 1.2754897
 1.2794204 1.2740492 1.292108  1.2930262 1.3254217 1.284588  1.284948
 1.2850204 1.2892886 1.3116502 1.3226578 1.3041309 1.2936064 1.2868053
 1.2930542 1.2855312 1.2951928 1.3057603 1.319485  1.3124245 1.3009222
 1.3013378 1.2859372 1.2750292 1.2547098 1.2427518 1.2202865 1.2123617
 1.2003893 1.2172966 1.2212135 1.2215186 1.2271212 1.2241403 1.2271513
 1.2037543 1.1927933 1.2035137 1.2147554 1.2303547 1.2469884 1.2848498
 1.3039681 1.3231686 1.3164479 1.3015126 1.3187351 1.3142439 1.3082591
 1.2921586 1.2537904 1.2485427 1.2424902 1.2180794 1.263422  1.2527347
 1.2771355 1.2859741 1.2969726 1.3220278 1.3350865 1.3451892 1.3656062
 1.3396633 1.3396786 1.3801216 1.3949783 1.4167601 1.4199814 1.426106
 1.4335028 1.4538567 1.4757198 1.4901527 1.5085038 1.5090092 1.5424502
 1.5461773 1.5360576 1.5616149 1.5720013 1.5821291 1.57147   1.5568691
 1.5870682 1.5656797 1.5634364 1.5823475 1.597613  1.5669426 1.537087
 1.5136113 1.480979  1.4612235 1.4379036 1.3995723 1.3921179 1.372265
 1.3532296 1.3545465 1.3312415 1.3538219 1.3787056 1.3713827 1.379756
 1.3819706 1.4173893 1.4002604 1.4289193 1.4354038 1.4542764 1.4516596
 1.4644963 1.4913021 1.4841207 1.5254513 1.538349  1.5548056 1.5898963
 1.6068225 1.6218101 1.6136838 1.6250018 1.5990679 1.6214343 1.6284935
 1.633054  1.6232858 1.6306124 1.651111  1.6244266 1.6059748 1.6069564
 1.5964713 1.5946568 1.5808903 1.5845597 1.5769719 1.5685903 1.5710422
 1.5919248 1.5983132 1.6012663 1.5805899 1.5677162 1.5555717 1.5559739
 1.549549  1.5626587 1.5424073 1.5357085 1.5357085]
Returns:
[8.96711051 8.91483931 8.71181417 8.44108714 8.3298869  8.28937504
 8.26026136 8.11560857 8.03556749 7.86683425 7.75947184 7.64678959
 7.54429476 7.41220291 7.0400274  6.87095807 6.70693351 6.55668681
 6.28127153 6.13903173 5.77508784 5.61411068 5.48492429 5.33230289
 4.94708622 4.78899222 4.67088156 4.43793886 4.31223975 4.31600544
 4.33772962 4.32290045 4.24981974 4.3433198  4.00080169 3.9659351
 4.01417801 3.80248669 3.89461351 3.96707899 4.00686102 4.09499443
 4.15837906 4.18920581 4.27284403 4.41787081 4.47843842 4.40912095
 4.47985009 4.44631976 4.56761545 4.54828978 4.71515229 4.49551309
 4.40355289 4.56903997 4.72594183 4.7020824  4.75131352 4.82647216
 4.90960143 4.99277467 5.14592792 5.06238588 5.22293696 5.37788074
 5.40547031 5.50922437 5.69476682 5.84830362 6.0307671  5.99950271
 6.18699958 6.34559263 6.49518842 6.61815054 6.7935785  6.93002101
 6.87071508 6.98981448 7.12508981 6.99859436 7.14790597 7.28157008
 7.26740963 7.28311612 7.23587866 7.32511101 7.40013849 7.43626807
 7.19975519 7.11560036 6.91386858 6.93748873 6.95086648 6.86112735
 6.85860236 6.91567046 6.97028983 6.77987462 6.84436064 6.93467748
 6.96364848 6.92082391 7.01368678 7.12870397 7.23268266 7.09699639
 7.23168394 7.31648053 7.48048639 7.63022266 7.2696993  7.34502827
 7.38519419 7.50033411 7.61678542 7.64899217 7.69743884 7.73584454
 7.83343439 7.95362252 7.88699752 8.00036023 8.04275463 8.11091227
 8.20285935 8.17739118 8.23825636 8.33105786 8.45670018 8.52933756
 8.60434171 8.52129149 8.42119191 8.50226438 8.38068196 8.32097198
 8.28177422 8.26801212 8.24656331 8.1429543  8.14301228 8.17034899
 8.05433837 7.98019291 7.84942923 7.80208344 7.76363486 7.59073734
 7.33715239 7.21061236 7.119406   7.06057487 7.06736945 6.97888235
 6.70101848 6.66324154 6.67521731 6.69322445 6.69594867 6.69114704
 6.43445474 6.36712215 6.29084761 6.34970477 6.37010455 6.30873944
 6.35514248 6.40923815 6.42403846 6.48465996 6.34019644 6.36499155
 6.38633634 6.41468552 6.41585033 6.37390612 6.12643717 5.95106215
 5.77644295 5.66563193 5.55076772 5.31576226 5.09948619 4.88899072
 4.72592099 4.55342771 4.35536756 4.03503502 3.77140359 3.41115021
 3.07063454 2.72948537 2.43816788 2.09326811 1.76062949 1.27574339
 0.87812438 0.46059969]
Advants:
[5.32468902 5.31317005 5.12052266 4.86565856 4.82219252 4.81329929
 4.83056894 4.70767345 4.68156046 4.58378263 4.55002113 4.50932968
 4.4678449  4.41653413 4.10626941 3.99430297 3.85848011 3.7470516
 3.48475493 3.3921836  3.0436083  2.94530488 2.87668705 2.74449577
 2.37419241 2.23078685 2.15136331 1.90349027 1.77847553 1.79547327
 1.83523736 1.83189177 1.78781839 1.88541356 1.56054459 1.53018529
 1.55368961 1.35854828 1.46422525 1.53559503 1.53644381 1.59171061
 1.64698524 1.64391326 1.69444678 1.82261234 1.8457323  1.74334223
 1.80816606 1.7497126  1.85751619 1.79850533 1.94611335 1.66638532
 1.58362514 1.71953074 1.84950002 1.79135388 1.78647888 1.81816508
 1.88773494 1.94951088 2.07977113 1.9549794  2.09026948 2.2044679
 2.18828489 2.24506488 2.40754269 2.5449949  2.70273612 2.6600045
 2.83538888 2.99485324 3.14029867 3.27274331 3.4476779  3.59154775
 3.50804507 3.61887954 3.75330569 3.61653173 3.7684601  3.90275891
 3.91623727 3.9483328  3.89447268 3.97932234 4.04803185 4.07820262
 3.80692688 3.70382219 3.47623957 3.50030222 3.52267774 3.40596472
 3.39740976 3.45099518 3.51362839 3.34810334 3.40536755 3.49118557
 3.53476826 3.43324052 3.52549448 3.60665489 3.69447597 3.53531204
 3.6347929  3.6977332  3.84684915 3.97497309 3.6287476  3.69375335
 3.6822818  3.77351845 3.8612986  3.88370428 3.92019494 3.94583481
 4.01963304 4.11726854 4.03295528 4.12737294 4.16991283 4.20640969
 4.29928982 4.28852372 4.32989645 4.42144177 4.55043705 4.65093881
 4.76198609 4.66850325 4.60880794 4.71533621 4.59568746 4.54101373
 4.55425373 4.59446655 4.62273015 4.57803013 4.6269714  4.71080382
 4.66672411 4.63443224 4.55742073 4.56502188 4.56299734 4.44973414
 4.2044518  4.08185854 4.02666732 3.98852093 4.02477581 3.93141118
 3.69575502 3.65447974 3.68744474 3.71636668 3.75419784 3.77127184
 3.51667509 3.48602694 3.39680092 3.47497839 3.5140061  3.45264044
 3.52110829 3.6037385  3.67460373 3.77745445 3.71336777 3.77495246
 3.85387519 3.94854301 4.03673126 4.06977308 3.88284216 3.81749306
 3.74693682 3.72459098 3.71405005 3.57547895 3.46938648 3.35322862
 3.29929379 3.24030426 3.14766796 2.91296503 2.75017975 2.4921097
 2.27647122 2.05112018 1.87500535 1.63086133 1.40433374 0.99911436
 0.71075525 0.38381422]
Mus:
[[-1.67136360e-02 -5.95359318e-03]
 [-1.76616628e-02 -6.74410630e-03]
 [-1.77267790e-02 -6.93773851e-03]
 [-1.58680957e-02 -5.58782741e-03]
 [-1.62680279e-02 -5.86259877e-03]
 [-1.61810070e-02 -5.87660167e-03]
 [-1.62313618e-02 -5.98854385e-03]
 [-1.62452236e-02 -6.07036380e-03]
 [-1.72458701e-02 -6.85626827e-03]
 [-1.80965103e-02 -7.69659178e-03]
 [-1.64715108e-02 -7.11514335e-03]
 [-1.52616166e-02 -7.17731938e-03]
 [-1.33317094e-02 -6.44507026e-03]
 [-1.07921436e-02 -5.61046321e-03]
 [-1.08321598e-02 -6.91909296e-03]
 [-7.51577411e-03 -5.54150809e-03]
 [-6.05140487e-03 -5.23682730e-03]
 [-4.86694882e-03 -5.25086792e-03]
 [-3.82892555e-03 -4.78475215e-03]
 [-2.46981182e-03 -4.61150007e-03]
 [-4.57122503e-03 -6.33043144e-03]
 [-2.02582288e-03 -5.27171232e-03]
 [-1.25884742e-03 -5.22147678e-03]
 [ 1.29522476e-03 -3.88909224e-03]
 [-1.20652956e-03 -5.48092136e-03]
 [ 1.83313678e-03 -3.93496966e-03]
 [ 5.18683670e-03 -2.06784788e-03]
 [ 6.80170115e-03 -1.29672466e-03]
 [ 7.07839103e-03 -1.03609869e-03]
 [ 7.04351440e-03 -8.66615796e-04]
 [ 6.93243882e-03 -6.83082151e-04]
 [ 7.66427955e-03  8.15596359e-05]
 [ 3.51451710e-03 -1.99232716e-03]
 [ 2.61551258e-03 -2.19354802e-03]
 [ 6.27954444e-03  2.89105781e-04]
 [ 7.77140912e-03  1.44151167e-03]
 [ 8.67982488e-03  2.05029454e-03]
 [ 4.67406912e-03 -2.08840924e-04]
 [ 8.42472352e-03  2.21670838e-03]
 [ 9.09502245e-03  2.61785951e-03]
 [ 1.05358241e-02  3.61682475e-03]
 [ 1.22288037e-02  4.62656748e-03]
 [ 1.07800690e-02  3.86035512e-03]
 [ 1.27059920e-02  5.08916704e-03]
 [ 1.53276259e-02  6.76885992e-03]
 [ 1.41093610e-02  6.12623105e-03]
 [ 1.57008916e-02  7.02994782e-03]
 [ 1.87233053e-02  9.16442182e-03]
 [ 1.67840198e-02  7.87928049e-03]
 [ 1.86966360e-02  9.40156449e-03]
 [ 1.75803788e-02  8.69235024e-03]
 [ 1.68392789e-02  8.00468866e-03]
 [ 1.61005333e-02  7.70365167e-03]
 [ 1.65695436e-02  7.58269196e-03]
 [ 1.46184033e-02  7.21213175e-03]
 [ 1.41350264e-02  7.28561264e-03]
 [ 1.26949912e-02  6.74851239e-03]
 [ 1.43659543e-02  8.16406682e-03]
 [ 1.61741767e-02  9.11840517e-03]
 [ 1.58448555e-02  8.69573653e-03]
 [ 1.30106248e-02  7.47383898e-03]
 [ 1.24295652e-02  7.55396392e-03]
 [ 1.07174441e-02  6.88082585e-03]
 [ 5.84788015e-03  4.32273000e-03]
 [ 3.61317722e-03  3.57199670e-03]
 [ 3.66558786e-03  3.89038655e-03]
 [ 6.36919285e-04  2.19188118e-03]
 [ 5.01722912e-04  2.19706725e-03]
 [-1.02433783e-03  1.76961138e-03]
 [-4.68095159e-03  8.20022469e-05]
 [-4.40039020e-03  5.10278973e-04]
 [-4.89956001e-03  5.01149218e-04]
 [-5.10428939e-03  6.66441745e-04]
 [-5.97586017e-03  4.14701091e-04]
 [-8.96222331e-03 -1.05928560e-03]
 [-8.61021783e-03 -7.26855127e-04]
 [-8.61863699e-03 -6.05916488e-04]
 [-1.02651967e-02 -1.53998705e-03]
 [-1.07648093e-02 -1.23111461e-03]
 [-1.44814784e-02 -2.99396506e-03]
 [-1.51297813e-02 -3.10510024e-03]
 [-1.36542842e-02 -1.99599820e-03]
 [-1.39907459e-02 -2.20873859e-03]
 [-1.54549908e-02 -3.04628233e-03]
 [-1.41642038e-02 -2.88918777e-03]
 [-1.11914845e-02 -2.05164007e-03]
 [-1.22854849e-02 -3.14390054e-03]
 [-9.89240874e-03 -2.50876695e-03]
 [-8.91165808e-03 -2.49064690e-03]
 [-7.51370750e-03 -2.17384053e-03]
 [-1.22648906e-02 -5.11844130e-03]
 [-1.30995894e-02 -6.45471038e-03]
 [-1.00383246e-02 -5.27831307e-03]
 [-7.12935999e-03 -4.34832461e-03]
 [-3.08849965e-03 -2.86351820e-03]
 [-4.30732779e-03 -3.92299704e-03]
 [-4.74784616e-03 -4.61999187e-03]
 [-3.15387617e-03 -4.11402341e-03]
 [ 1.01199366e-04 -2.79148761e-03]
 [ 6.95189368e-03  3.49496666e-04]
 [ 6.89121708e-03  4.58070963e-06]
 [ 9.03293397e-03  9.95401060e-04]
 [ 9.84411873e-03  1.43777055e-03]
 [ 9.65563674e-03  1.51787675e-03]
 [ 1.08968448e-02  2.57627969e-03]
 [ 1.11761745e-02  2.63506896e-03]
 [ 1.36554427e-02  4.34222165e-03]
 [ 1.69490837e-02  7.03475624e-03]
 [ 1.79367717e-02  7.68456282e-03]
 [ 1.94960516e-02  8.99238978e-03]
 [ 1.97499860e-02  8.96304380e-03]
 [ 2.03717742e-02  9.19617899e-03]
 [ 2.18200069e-02  1.09853800e-02]
 [ 2.15516109e-02  1.08949486e-02]
 [ 2.16917619e-02  1.07337162e-02]
 [ 2.15146374e-02  1.04451962e-02]
 [ 2.13240720e-02  1.02337552e-02]
 [ 2.16177907e-02  1.07676946e-02]
 [ 2.16288846e-02  1.11904126e-02]
 [ 2.08334178e-02  1.04567418e-02]
 [ 2.03926042e-02  1.01632494e-02]
 [ 2.02373825e-02  1.02443909e-02]
 [ 2.04653312e-02  1.09513011e-02]
 [ 1.93239059e-02  1.04197450e-02]
 [ 1.74068231e-02  9.60401446e-03]
 [ 1.49560682e-02  8.60084500e-03]
 [ 1.21924048e-02  7.37389503e-03]
 [ 8.89392942e-03  5.74256293e-03]
 [ 6.47543091e-03  5.07956371e-03]
 [ 4.71108314e-03  4.42328257e-03]
 [ 2.81502539e-03  3.51850595e-03]
 [ 8.43281567e-04  2.46423553e-03]
 [-2.15548076e-04  1.87884434e-03]
 [-4.45998041e-03  2.05070930e-04]
 [-7.68648367e-03 -1.62032526e-03]
 [-8.71599652e-03 -2.05954886e-03]
 [-1.30065819e-02 -3.81831615e-03]
 [-1.47794839e-02 -4.36554430e-03]
 [-1.52658056e-02 -5.02259843e-03]
 [-1.62516460e-02 -5.91838174e-03]
 [-1.60090718e-02 -6.04358083e-03]
 [-1.49614532e-02 -5.93497464e-03]
 [-1.55269317e-02 -6.57017808e-03]
 [-1.50750140e-02 -6.82629040e-03]
 [-1.28037231e-02 -6.24690205e-03]
 [-1.42498268e-02 -7.35329743e-03]
 [-1.24560688e-02 -7.15766568e-03]
 [-1.01062972e-02 -6.79854816e-03]
 [-8.94577149e-03 -7.01631093e-03]
 [-5.07768802e-03 -5.65301906e-03]
 [-4.22192411e-03 -5.83318388e-03]
 [-2.84097297e-03 -5.66564500e-03]
 [ 1.28081546e-03 -3.62891890e-03]
 [ 3.96598037e-03 -3.10273841e-03]
 [ 7.12825684e-03 -1.93154649e-03]
 [ 8.31174385e-03 -1.60024047e-03]
 [ 1.17755970e-02  6.85990672e-04]
 [ 1.26654394e-02  9.97257885e-04]
 [ 1.36284595e-02  1.11816265e-03]
 [ 1.34930238e-02  8.83045257e-04]
 [ 1.35464389e-02  8.36578838e-04]
 [ 1.38401277e-02  1.74677907e-03]
 [ 1.28984004e-02  2.84478464e-03]
 [ 1.18253333e-02  2.94501125e-03]
 [ 9.63276345e-03  2.41353270e-03]
 [ 7.61803286e-03  1.81281916e-03]
 [ 5.17252646e-03  7.08628038e-04]
 [ 3.35951871e-03  3.55618249e-04]
 [ 1.75594597e-03 -1.43063357e-04]
 [ 9.06376052e-04 -2.98330764e-04]
 [-6.67525339e-04 -9.22610227e-04]
 [-2.22409889e-03 -1.26200169e-03]
 [-5.14320331e-03 -2.34390073e-03]
 [-6.16574334e-03 -2.23874208e-03]
 [-6.57548755e-03 -1.83967187e-03]
 [-8.45116284e-03 -2.43199267e-03]
 [-9.09161475e-03 -2.48735724e-03]
 [-1.11037977e-02 -3.45173618e-03]
 [-1.13996435e-02 -3.22928862e-03]
 [-1.07376650e-02 -2.55468953e-03]
 [-1.05434377e-02 -2.02415395e-03]
 [-1.17326789e-02 -2.31697946e-03]
 [-1.21833486e-02 -2.36824737e-03]
 [-1.24540441e-02 -2.12966721e-03]
 [-1.18704950e-02 -1.70437840e-03]
 [-1.42870815e-02 -3.01939598e-03]
 [-1.57464892e-02 -3.91914882e-03]
 [-1.70741845e-02 -4.82573872e-03]
 [-1.82210524e-02 -5.47106611e-03]
 [-1.90795697e-02 -5.97822899e-03]
 [-1.95626169e-02 -6.27509272e-03]
 [-1.95067264e-02 -5.87064633e-03]
 [-1.91071536e-02 -5.38912416e-03]
 [-1.94963720e-02 -6.17021369e-03]
 [-1.95555370e-02 -6.37737988e-03]
 [-1.98560208e-02 -6.63862517e-03]
 [-1.97904482e-02 -6.76997658e-03]
 [-2.02008877e-02 -7.20132561e-03]
 [-2.06455756e-02 -7.87174236e-03]
 [-2.07813345e-02 -7.94240553e-03]]
Actions:
[[-1.45210890e-01  2.78247015e-01]
 [ 1.42409269e-01  4.00708601e-01]
 [ 4.10002041e-01 -5.50883659e-02]
 [-3.51842269e-01 -1.47823864e-01]
 [ 2.02222404e-02  1.48857348e-01]
 [-9.13409853e-02  6.80584118e-02]
 [ 1.01582663e-01  2.81221792e-01]
 [-2.91751748e-01  1.40967731e-01]
 [-4.32239652e-01  5.53974277e-02]
 [-1.86874218e-01 -1.58392972e-01]
 [-2.89399562e-01 -7.39234521e-03]
 [ 2.53478981e-02 -1.23196606e-01]
 [-1.53162158e-01 -2.25478085e-01]
 [-5.05047549e-01  2.99638745e-01]
 [ 9.21748433e-02 -1.75684946e-01]
 [ 1.13287075e-01  1.60444884e-01]
 [-6.13333313e-02  1.72058556e-01]
 [ 2.86668056e-01  1.79215998e-01]
 [-1.71173612e-01  3.12930203e-02]
 [-1.41861038e-01  4.66506490e-01]
 [-1.54300041e-01 -1.88094360e-01]
 [-2.30668754e-01 -2.04146782e-02]
 [ 1.92446040e-01 -2.99748827e-02]
 [-3.96490203e-02  5.72617820e-01]
 [ 1.77975019e-01 -1.92700931e-01]
 [-2.90671375e-02 -2.66222192e-01]
 [ 3.34024242e-01  2.50530689e-01]
 [ 1.60974523e-01  3.01821970e-01]
 [ 5.97143257e-02  5.84977379e-02]
 [ 8.30465603e-02  7.88555069e-02]
 [ 1.99944101e-01 -1.07789840e-01]
 [-3.95079547e-01 -1.94969696e-02]
 [-1.36906372e-02  8.61600071e-02]
 [ 6.94998722e-02 -6.28756176e-01]
 [-1.11534406e-02 -3.38423567e-01]
 [ 1.65855082e-01  9.75908355e-02]
 [-5.91493837e-01  6.65459654e-02]
 [-9.05658153e-02  1.91837906e-01]
 [-2.21975913e-01 -1.18622322e-01]
 [ 2.45220374e-01  7.95623820e-02]
 [ 1.48418659e-01  1.50569932e-01]
 [-2.58206863e-01  2.00376175e-01]
 [ 1.71533976e-01  2.86495486e-01]
 [ 2.22443397e-01 -1.11311378e-01]
 [-1.15386619e-01  1.28469766e-01]
 [ 2.20973472e-01  1.98469212e-01]
 [ 3.51834585e-01 -2.90047051e-01]
 [-3.17974994e-01  1.15700407e-01]
 [ 1.97262878e-01 -3.58777853e-01]
 [-1.92448361e-01  7.52421331e-02]
 [ 5.61862738e-03  4.11728753e-01]
 [-5.26220012e-02  2.97366174e-02]
 [ 2.39439440e-01  5.64647011e-01]
 [-3.68179568e-01  3.97120768e-01]
 [-9.47180913e-03 -8.25046734e-03]
 [-8.49629898e-02 -2.05022549e-04]
 [ 2.44354952e-01 -3.34314884e-01]
 [ 2.76580838e-01  1.19859694e-01]
 [-1.83394751e-02  2.85187824e-01]
 [-2.88441891e-01 -1.24569246e-01]
 [-5.33012930e-02 -2.79250117e-01]
 [-1.54739561e-01 -6.89057183e-02]
 [-2.95067198e-01  4.36259847e-01]
 [-1.34044773e-01 -9.59888818e-02]
 [ 1.28239407e-01  1.77151559e-02]
 [-1.57840209e-01  3.96730074e-01]
 [ 1.54730696e-01  2.04739951e-01]
 [-5.62723620e-02 -1.13550800e-01]
 [-2.43395609e-01  6.06141237e-02]
 [ 8.18872752e-02 -9.82281287e-02]
 [-7.35539548e-02  4.68017396e-01]
 [ 1.23677172e-02 -6.98770498e-02]
 [-1.21741701e-01 -2.01531690e-01]
 [-2.47257683e-01  5.05143845e-02]
 [-1.33069510e-01 -2.88718483e-01]
 [-3.69635518e-02 -1.52883552e-01]
 [-2.91733832e-01 -4.48038726e-02]
 [ 4.09797467e-01 -2.39199494e-02]
 [-1.56994578e-01  1.88886107e-01]
 [ 1.08635253e-01 -5.86039423e-02]
 [ 4.23798610e-01 -1.89379482e-01]
 [-8.92186188e-02 -4.77264330e-02]
 [-1.57654539e-01  4.69313780e-02]
 [-4.18372805e-01 -2.08218322e-01]
 [-3.49522841e-01 -2.01400553e-01]
 [-4.27435109e-01  1.47796632e-01]
 [-2.61983305e-02 -8.20939182e-02]
 [ 2.92979593e-02  2.75422220e-02]
 [ 1.32103265e-01 -1.81236785e-02]
 [-3.95896070e-02  5.28649488e-01]
 [-1.95286782e-01  3.17960744e-01]
 [ 4.12737738e-01  6.85272165e-02]
 [ 2.59814140e-02 -3.92530100e-02]
 [-2.79003539e-02 -1.26006527e-01]
 [ 1.72036944e-02  3.49096189e-01]
 [-1.53200767e-01  2.03009949e-01]
 [ 7.49202804e-05  6.21554091e-02]
 [-4.08362355e-02 -1.18934386e-01]
 [-1.06639928e-01 -4.88686787e-01]
 [-1.98494607e-01  9.76662497e-02]
 [-1.52551573e-02 -1.20292753e-01]
 [-2.45147047e-01 -1.76770539e-01]
 [ 2.93908605e-01  2.38207390e-01]
 [ 6.24306360e-03 -1.94146893e-01]
 [ 5.56565361e-02  2.16437134e-01]
 [ 1.90021296e-01 -1.25960174e-01]
 [ 3.75934894e-01 -3.50532450e-01]
 [ 1.56538712e-01  8.85053514e-02]
 [ 1.88578439e-01 -1.39572109e-01]
 [-6.66008276e-02  6.28279172e-02]
 [ 6.61425997e-02  1.08567343e-01]
 [ 8.98603471e-02 -6.86637399e-01]
 [-1.92567810e-01 -1.61342220e-01]
 [ 1.31572380e-01  2.70489929e-01]
 [-1.10651240e-01  5.42005977e-02]
 [-8.36389424e-03  1.21112397e-01]
 [-3.48389035e-02 -2.87334051e-01]
 [-3.16066976e-02 -2.77065991e-01]
 [-3.20114230e-01  1.05076102e-01]
 [-9.13447448e-02  1.02636448e-01]
 [ 1.78931003e-02  7.89452679e-03]
 [ 1.44601928e-01 -3.48004705e-01]
 [-7.69749824e-02  7.48524226e-02]
 [-2.85345130e-01 -1.38396511e-01]
 [ 1.09740972e-01  2.22674687e-01]
 [-2.17064982e-01 -2.59059334e-03]
 [-4.36890861e-01 -3.51607597e-02]
 [ 1.87755439e-01 -4.83744252e-02]
 [ 1.72484160e-02 -7.96304551e-02]
 [-3.49118730e-02  2.82151512e-02]
 [-2.42717681e-01 -5.93461506e-02]
 [-1.47791633e-01 -1.44417267e-01]
 [ 1.79334866e-01  4.04798100e-01]
 [-4.25499630e-01  3.02949897e-01]
 [ 5.57572960e-02 -3.40992478e-02]
 [ 8.96715945e-02  4.72473574e-01]
 [ 2.68101066e-01  1.79559133e-01]
 [-3.77749797e-01 -8.38267911e-02]
 [-3.37259260e-01 -3.81393238e-02]
 [-1.91805566e-01 -1.93959051e-01]
 [-2.75556107e-01 -2.88728318e-01]
 [ 9.79032084e-02  4.43009402e-02]
 [-1.59406390e-01 -3.01989998e-02]
 [ 1.31888600e-01 -2.86198305e-01]
 [-1.39193273e-01  2.58931539e-01]
 [-4.52828531e-01 -5.89194805e-02]
 [ 9.88197292e-02 -5.70732198e-02]
 [-5.15287612e-03  2.37354345e-01]
 [ 2.74051262e-01 -2.06431039e-01]
 [ 2.02746619e-01  4.20034711e-01]
 [ 6.18411303e-02  3.59118076e-01]
 [ 6.00806208e-02 -2.68437712e-01]
 [-1.51553351e-01  2.58583508e-01]
 [-6.36834440e-02 -4.78600160e-02]
 [ 1.02211085e-01  2.79548581e-01]
 [ 1.35097766e-02 -5.40221162e-01]
 [ 7.96062286e-02  2.22516319e-01]
 [-1.79936701e-01  1.36256674e-01]
 [-1.00127206e-01  1.81984685e-01]
 [-2.58142970e-01  1.84030628e-02]
 [ 6.55603890e-02 -2.14348372e-01]
 [ 3.69559521e-01 -3.47407040e-01]
 [-1.51061835e-01 -2.83305022e-01]
 [ 2.18935548e-01  2.51512367e-01]
 [-4.00471538e-02  8.41536254e-02]
 [-9.14494941e-02  2.42261130e-01]
 [ 2.24977278e-01  2.48426461e-01]
 [ 2.46185922e-02  1.68686403e-01]
 [ 3.00591003e-02  1.35859857e-01]
 [-2.81939681e-01 -1.32638014e-02]
 [-2.92491111e-02  1.07982501e-01]
 [-4.99261887e-01 -9.57376115e-02]
 [ 9.49662188e-02  8.79252316e-02]
 [ 2.28726202e-02 -7.24932027e-02]
 [-5.50193031e-02  1.30524398e-01]
 [-1.31834216e-01 -8.31843682e-02]
 [-2.78020107e-02  2.72139369e-01]
 [ 3.79981295e-01  1.97412712e-01]
 [-1.39359129e-01 -3.50774675e-01]
 [-5.13224808e-02 -3.17913674e-01]
 [ 1.15693480e-01  2.16656005e-03]
 [ 1.10690690e-02 -1.11767236e-01]
 [ 2.35944105e-01 -1.35833213e-01]
 [ 5.67892739e-02 -2.64637384e-01]
 [-7.10390075e-02  2.86921616e-01]
 [-1.35633536e-01  1.16865283e-01]
 [-1.42655217e-01  1.26989724e-01]
 [ 1.69033755e-02  1.14613036e-01]
 [ 1.82643226e-01  2.50365542e-01]
 [ 9.28549080e-02  1.17445595e-01]
 [ 2.63737852e-01 -7.19981733e-02]
 [ 4.76552266e-02 -2.34829737e-01]
 [-2.84359224e-01  1.54135161e-01]
 [-7.43079615e-02  8.14929004e-03]
 [ 5.87624260e-02  8.84763443e-02]
 [ 1.52109411e-02  4.09286610e-02]
 [ 1.76435318e-01  2.72903908e-01]
 [-2.18229212e-01  1.10903000e-01]
 [ 1.35634542e-01  5.27630679e-02]
 [ 1.28957320e-01  1.99659108e-01]]
States:
[[0.99893705 0.99990439 0.47644471 0.49059005 0.51356952 0.59696251]
 [0.99874377 0.99998346 0.4735624  0.49608605 0.4762957  0.66989881]
 [0.99853548 0.99975962 0.4706959  0.51492152 0.51350858 0.77345388]
 ...
 [0.99398822 0.5654039  0.58814768 0.99042208 0.36631317 0.868249  ]
 [0.99742452 0.51980558 0.56108896 0.99694935 0.31322842 0.89195452]
 [0.99947825 0.47119292 0.53278122 0.99989933 0.35198146 0.899936  ]]
Logstds:
[[-3. -3.]
 [-3. -3.]
 [-3. -3.]
 [-3. -3.]
 [-3. -3.]
 [-3. -3.]
 [-3. -3.]
 [-3. -3.]
 [-3. -3.]
 [-3. -3.]
 [-3. -3.]
 [-3. -3.]
 [-3. -3.]
 [-3. -3.]
 [-3. -3.]
 [-3. -3.]
 [-3. -3.]
 [-3. -3.]
 [-3. -3.]
 [-3. -3.]
 [-3. -3.]
 [-3. -3.]
 [-3. -3.]
 [-3. -3.]
 [-3. -3.]
 [-3. -3.]
 [-3. -3.]
 [-3. -3.]
 [-3. -3.]
 [-3. -3.]
 [-3. -3.]
 [-3. -3.]
 [-3. -3.]
 [-3. -3.]
 [-3. -3.]
 [-3. -3.]
 [-3. -3.]
 [-3. -3.]
 [-3. -3.]
 [-3. -3.]
 [-3. -3.]
 [-3. -3.]
 [-3. -3.]
 [-3. -3.]
 [-3. -3.]
 [-3. -3.]
 [-3. -3.]
 [-3. -3.]
 [-3. -3.]
 [-3. -3.]
 [-3. -3.]
 [-3. -3.]
 [-3. -3.]
 [-3. -3.]
 [-3. -3.]
 [-3. -3.]
 [-3. -3.]
 [-3. -3.]
 [-3. -3.]
 [-3. -3.]
 [-3. -3.]
 [-3. -3.]
 [-3. -3.]
 [-3. -3.]
 [-3. -3.]
 [-3. -3.]
 [-3. -3.]
 [-3. -3.]
 [-3. -3.]
 [-3. -3.]
 [-3. -3.]
 [-3. -3.]
 [-3. -3.]
 [-3. -3.]
 [-3. -3.]
 [-3. -3.]
 [-3. -3.]
 [-3. -3.]
 [-3. -3.]
 [-3. -3.]
 [-3. -3.]
 [-3. -3.]
 [-3. -3.]
 [-3. -3.]
 [-3. -3.]
 [-3. -3.]
 [-3. -3.]
 [-3. -3.]
 [-3. -3.]
 [-3. -3.]
 [-3. -3.]
 [-3. -3.]
 [-3. -3.]
 [-3. -3.]
 [-3. -3.]
 [-3. -3.]
 [-3. -3.]
 [-3. -3.]
 [-3. -3.]
 [-3. -3.]
 [-3. -3.]
 [-3. -3.]
 [-3. -3.]
 [-3. -3.]
 [-3. -3.]
 [-3. -3.]
 [-3. -3.]
 [-3. -3.]
 [-3. -3.]
 [-3. -3.]
 [-3. -3.]
 [-3. -3.]
 [-3. -3.]
 [-3. -3.]
 [-3. -3.]
 [-3. -3.]
 [-3. -3.]
 [-3. -3.]
 [-3. -3.]
 [-3. -3.]
 [-3. -3.]
 [-3. -3.]
 [-3. -3.]
 [-3. -3.]
 [-3. -3.]
 [-3. -3.]
 [-3. -3.]
 [-3. -3.]
 [-3. -3.]
 [-3. -3.]
 [-3. -3.]
 [-3. -3.]
 [-3. -3.]
 [-3. -3.]
 [-3. -3.]
 [-3. -3.]
 [-3. -3.]
 [-3. -3.]
 [-3. -3.]
 [-3. -3.]
 [-3. -3.]
 [-3. -3.]
 [-3. -3.]
 [-3. -3.]
 [-3. -3.]
 [-3. -3.]
 [-3. -3.]
 [-3. -3.]
 [-3. -3.]
 [-3. -3.]
 [-3. -3.]
 [-3. -3.]
 [-3. -3.]
 [-3. -3.]
 [-3. -3.]
 [-3. -3.]
 [-3. -3.]
 [-3. -3.]
 [-3. -3.]
 [-3. -3.]
 [-3. -3.]
 [-3. -3.]
 [-3. -3.]
 [-3. -3.]
 [-3. -3.]
 [-3. -3.]
 [-3. -3.]
 [-3. -3.]
 [-3. -3.]
 [-3. -3.]
 [-3. -3.]
 [-3. -3.]
 [-3. -3.]
 [-3. -3.]
 [-3. -3.]
 [-3. -3.]
 [-3. -3.]
 [-3. -3.]
 [-3. -3.]
 [-3. -3.]
 [-3. -3.]
 [-3. -3.]
 [-3. -3.]
 [-3. -3.]
 [-3. -3.]
 [-3. -3.]
 [-3. -3.]
 [-3. -3.]
 [-3. -3.]
 [-3. -3.]
 [-3. -3.]
 [-3. -3.]
 [-3. -3.]
 [-3. -3.]
 [-3. -3.]
 [-3. -3.]
 [-3. -3.]
 [-3. -3.]
 [-3. -3.]
 [-3. -3.]]
