Baseline:
[1.3293849  1.3394814  1.3485217  1.355456   1.3721434  1.3711228
 1.3585105  1.3472183  1.3590689  1.3381872  1.3577478  1.3425494
 1.3423142  1.3530171  1.3679335  1.3916132  1.3891213  1.3937461
 1.3839186  1.371081   1.3744121  1.3565376  1.3633035  1.3647206
 1.3614085  1.3568689  1.3646997  1.3739431  1.3554592  1.356368
 1.3433788  1.3540012  1.346669   1.3326663  1.3188891  1.3214341
 1.2935069  1.2719138  1.2198722  1.1820841  1.1673728  1.1483259
 1.1387614  1.1365623  1.1012619  1.0771232  1.0718913  1.0685189
 1.0761938  1.0815747  1.1563277  1.167439   1.184686   1.1669838
 1.1705215  1.1694893  1.1575568  1.1751418  1.1676408  1.1568935
 1.1700611  1.192877   1.1670246  1.1618285  1.1849382  1.1906698
 1.1674631  1.1829453  1.2053112  1.2114532  1.2351491  1.2499695
 1.2717556  1.2955842  1.2876017  1.2588663  1.2592874  1.2647278
 1.2595034  1.2541617  1.2793121  1.2915989  1.2952659  1.3054539
 1.306575   1.2852197  1.2627239  1.2322612  1.2387742  1.2301824
 1.2405472  1.2250001  1.2004441  1.1972282  1.1782513  1.1423209
 1.1035637  1.0777758  1.0579667  1.0131538  1.0041138  1.0119855
 0.9890581  0.98119336 1.0093606  1.0337414  1.0376191  1.0293757
 1.0331059  1.0406743  1.0550511  1.0469174  1.0519843  1.0518622
 1.061918   1.0296934  1.0321501  1.0478644  1.050501   1.029548
 1.0266774  1.0291493  1.0748571  1.09135    1.1253093  1.1426212
 1.1540489  1.1908677  1.1751771  1.1774361  1.1495612  1.1265033
 1.1337445  1.1206372  1.1108027  1.1371999  1.1387149  1.1439099
 1.1391168  1.1306745  1.1260408  1.1293598  1.1515625  1.184288
 1.1981004  1.2202957  1.2142043  1.2027285  1.2174655  1.2262456
 1.2465167  1.2661817  1.2792956  1.293428   1.300883   1.2666417
 1.2628692  1.266808   1.2611303  1.2660232  1.2737168  1.257597
 1.2565808  1.2635591  1.2577324  1.2368281  1.2613845  1.2585831
 1.2372426  1.2335964  1.2160103  1.2155426  1.2055669  1.1708233
 1.1800672  1.1631925  1.1669078  1.1451564  1.1251117  1.1776028
 1.187551   1.16958    1.15941    1.1225702  1.1329867  1.0977585
 1.0767171  1.0867025  1.0757656  1.0869584  1.1001256  1.111289
 1.1194766  1.1576548  1.1636384  1.1653217  1.1868756  1.2071042
 1.2124753  1.2123525  1.2123525 ]
Returns:
[5.88619575 5.88722345 5.89239852 5.91073737 5.89944667 5.93040097
 5.9671077  5.94143226 5.78546514 5.7454413  5.51579141 5.50872997
 5.47997566 5.45867423 5.30088172 4.94048116 4.79041285 4.76901438
 4.70800672 4.62671381 4.40992151 4.30381899 4.19605856 4.05977744
 3.97319129 3.91732723 3.75774209 3.66266851 3.55054584 3.55315525
 3.5436151  3.44057861 3.48637201 3.34346628 3.29142276 3.2840704
 3.15765886 3.21333331 2.87924309 2.85377407 2.84458671 2.91044911
 2.88468715 2.90083963 2.76523283 2.76441685 2.83932809 2.9236324
 2.98988463 3.02446003 2.89552492 2.96496254 2.88344571 2.77946946
 2.82159131 2.90760723 2.98846449 2.99570029 3.06895161 3.02933022
 3.073522   3.01520834 2.99936869 3.04120267 3.01598346 2.98016097
 2.97214683 3.0022387  2.97864653 3.06723232 2.98869429 3.07082108
 3.12472592 2.94927796 3.09124159 3.01959915 3.04123478 3.19802615
 3.36298394 3.31658558 3.1621011  3.30914869 3.36037735 3.47626471
 3.42907121 3.48977076 3.56163643 3.34704724 3.3731477  3.36093859
 3.34265525 3.46275827 3.47704338 3.53032826 3.54337973 3.38223703
 3.49182714 3.63176691 3.7133572  3.76853805 3.88234947 3.92510266
 4.01036712 4.13122356 4.09105166 4.10384575 4.23598601 3.83478492
 3.87444218 3.92947576 3.99325996 4.10922169 4.20179203 4.31434452
 4.42306506 4.19766249 4.24877429 4.28738688 4.10969846 4.12011086
 4.11052966 4.15908481 4.02702602 4.02663585 3.89185381 3.73936076
 3.76488991 3.5733944  3.41687646 3.47209933 3.46878437 3.49571214
 3.58797968 3.67151449 3.69145943 3.6381865  3.68964175 3.78242842
 3.85751471 3.89669735 3.97622094 3.95653066 3.9804607  3.94478321
 4.06118562 4.12804496 4.24549476 4.3527249  4.42894373 4.49595458
 4.26651523 4.35286237 4.31297608 4.43840449 4.47660159 4.17416873
 4.1597051  4.26027555 4.35644063 4.44816278 4.43660289 4.32888809
 4.1945375  4.17101624 4.26549989 4.27778746 4.13510926 4.01153127
 4.09828711 4.1862117  4.25324744 4.32103091 4.36716785 4.17946654
 4.15890098 4.03458683 4.12959022 4.13720699 4.09806084 3.72342159
 3.68308986 3.38715365 3.36360346 3.21763646 3.12562889 2.88430421
 2.74660077 2.53609886 2.50453098 2.40076656 2.02359408 1.92113945
 1.79204091 1.33134148 1.24859769 1.12449152 0.89949476 0.66601408
 0.46011655 0.24659243]
Advants:
[3.14984551 3.1615732  3.18015641 3.21627459 3.21425006 3.27537824
 3.35785947 3.37901853 3.2445806  3.26106976 3.04281846 3.08480334
 3.09213373 3.09804307 2.96113584 2.60402839 2.48115842 2.48114135
 2.45659987 2.41493536 2.21707701 2.15028202 2.05547254 1.9349121
 1.8676603  1.83213555 1.6766875  1.58213162 1.49618938 1.50629485
 1.51897137 1.41181073 1.47363119 1.35017701 1.31664011 1.31156916
 1.21527649 1.29731195 1.01171435 1.02056323 1.02249215 1.10612622
 1.08804398 1.10491778 0.99990555 1.01884275 1.09670534 1.18461889
 1.24526496 1.27760737 1.07103569 1.12803689 1.0247804  0.93096259
 0.96255366 1.04470524 1.13505118 1.12172972 1.2017542  1.17119717
 1.2013546  1.11677524 1.12335418 1.16811235 1.11582334 1.06868659
 1.07829089 1.08728802 1.03381789 1.11065943 0.99918414 1.0585437
 1.083032   0.86931178 1.00822129 0.95201046 0.95944404 1.10052088
 1.26481719 1.2161034  1.02260351 1.14648599 1.18371365 1.28146762
 1.22303667 1.29665104 1.38477137 1.18817758 1.19484149 1.17708778
 1.13221296 1.25444934 1.27993542 1.32369097 1.34287908 1.19985996
 1.3334716  1.48833393 1.58107856 1.67477283 1.79458761 1.82725253
 1.93638527 2.07010838 2.00508385 1.9967356  2.13247932 1.73548689
 1.76814662 1.81353407 1.862215   1.98935992 2.08287911 2.20556647
 2.31814857 2.13409902 2.19416477 2.23015409 2.0584582  2.10015784
 2.10445442 2.16390762 1.99515197 1.98752542 1.82361011 1.65379084
 1.66831273 1.43339353 1.28104313 1.3231404  1.33666772 1.37622675
 1.45256807 1.54277404 1.56649023 1.47777611 1.51944658 1.60077297
 1.67632386 1.72072442 1.80398553 1.77929217 1.77924548 1.7068016
 1.80817938 1.85290938 1.98034294 2.10694426 2.17889543 2.25028842
 2.00713844 2.08300214 2.03832664 2.16209859 2.20733011 1.94656778
 1.94360806 2.0516184  2.16895896 2.27529182 2.2766078  2.20450168
 2.08819248 2.07522521 2.19766378 2.25589538 2.11066147 2.01002434
 2.14331889 2.26506667 2.38505336 2.49379297 2.59557855 2.48745376
 2.50537455 2.44640838 2.5931226  2.68354678 2.73011161 2.36103139
 2.37219148 2.15230354 2.20153409 2.15697618 2.12145416 1.98158469
 1.93318338 1.77995259 1.83166937 1.79166767 1.47059642 1.42863361
 1.36486102 0.93033001 0.90868652 0.85180516 0.67240761 0.48372527
 0.33648891 0.18597472]
Mus:
[[-1.78332794e-02 -6.28782064e-03]
 [-1.76742170e-02 -6.14644960e-03]
 [-1.75198838e-02 -5.94164617e-03]
 [-1.80094577e-02 -6.33002399e-03]
 [-1.76931694e-02 -6.08823495e-03]
 [-1.80878956e-02 -6.40198495e-03]
 [-1.76385120e-02 -6.22462574e-03]
 [-1.67003404e-02 -5.59151080e-03]
 [-1.60468351e-02 -4.82385419e-03]
 [-1.59661286e-02 -4.79074195e-03]
 [-1.61003135e-02 -4.30992385e-03]
 [-1.62694193e-02 -4.41232091e-03]
 [-1.66993439e-02 -4.44430765e-03]
 [-1.72474459e-02 -4.75282641e-03]
 [-1.80047266e-02 -5.54800220e-03]
 [-1.79029852e-02 -4.75131022e-03]
 [-1.74348205e-02 -4.07279469e-03]
 [-1.76341292e-02 -4.00456926e-03]
 [-1.78548433e-02 -3.93885560e-03]
 [-1.83994193e-02 -4.07608552e-03]
 [-1.92964505e-02 -4.02124319e-03]
 [-1.95264351e-02 -4.59846202e-03]
 [-1.99193712e-02 -4.86735208e-03]
 [-2.07486674e-02 -4.88515105e-03]
 [-2.16097031e-02 -5.03209932e-03]
 [-2.23019645e-02 -5.60780009e-03]
 [-2.35393792e-02 -5.55199245e-03]
 [-2.47580446e-02 -6.03244407e-03]
 [-2.46569142e-02 -6.54560886e-03]
 [-2.46017911e-02 -6.37968443e-03]
 [-2.41556019e-02 -6.27957564e-03]
 [-2.41650827e-02 -5.88113070e-03]
 [-2.36083772e-02 -5.71482535e-03]
 [-2.26887725e-02 -5.12300385e-03]
 [-2.22326592e-02 -5.27827395e-03]
 [-2.19093654e-02 -4.89700353e-03]
 [-2.04655454e-02 -4.22088942e-03]
 [-1.92485955e-02 -3.70119768e-03]
 [-1.71355326e-02 -3.57344490e-03]
 [-1.57007631e-02 -3.02590616e-03]
 [-1.36829074e-02 -1.90793793e-03]
 [-1.12902718e-02 -9.29998816e-04]
 [-8.68887082e-03  5.29031618e-04]
 [-5.04635833e-03  1.91591005e-03]
 [-3.43170343e-03  2.06673867e-03]
 [-3.45011498e-03  2.14590342e-03]
 [-2.49767327e-03  2.69973627e-03]
 [-2.43848236e-03  2.82650418e-03]
 [-2.01401929e-03  3.35605512e-03]
 [-1.58602593e-03  3.66724911e-03]
 [-2.36841221e-03  2.66321748e-03]
 [-2.42288830e-03  2.54878146e-03]
 [-3.24240630e-03  1.84516655e-03]
 [-1.73330866e-03  2.80373916e-03]
 [-2.54453882e-03  2.20268313e-03]
 [-2.79370137e-03  1.99243380e-03]
 [-3.30158486e-03  1.69827894e-03]
 [-3.01883928e-03  1.82247045e-03]
 [-4.33581742e-03  9.75309929e-04]
 [-2.36276258e-03  2.16253800e-03]
 [-1.78077805e-03  2.43321666e-03]
 [ 5.63697715e-04  3.54184769e-03]
 [-8.53259044e-05  3.03691556e-03]
 [ 1.92875904e-03  4.08096518e-03]
 [ 3.66346352e-03  4.83823335e-03]
 [ 5.96388802e-03  6.16267696e-03]
 [ 6.62598480e-03  6.22194959e-03]
 [ 7.89445546e-03  6.55138679e-03]
 [ 8.07664916e-03  6.46084361e-03]
 [ 9.80432332e-03  7.28997448e-03]
 [ 9.18882154e-03  6.62526442e-03]
 [ 8.10006447e-03  5.89776738e-03]
 [ 8.56153294e-03  6.33008126e-03]
 [ 1.06275175e-02  7.86102097e-03]
 [ 9.92315914e-03  7.31230062e-03]
 [ 7.92818982e-03  5.81594789e-03]
 [ 5.31296013e-03  4.17631585e-03]
 [ 4.18214174e-03  3.56935430e-03]
 [ 3.65949795e-03  3.14927963e-03]
 [ 4.79425304e-03  4.00258461e-03]
 [ 2.92696315e-03  2.97217467e-03]
 [ 1.86984288e-03  2.43722112e-03]
 [ 1.72971364e-03  2.60483264e-03]
 [ 1.01048732e-03  2.36110343e-03]
 [ 9.53458832e-04  2.75715161e-03]
 [ 8.33310827e-04  2.75039999e-03]
 [-7.49074621e-04  1.46940269e-03]
 [-2.68713455e-03 -5.01288974e-04]
 [-3.69943841e-03 -5.08620928e-04]
 [-3.43011762e-03 -4.92576464e-06]
 [-4.41832235e-03 -3.36677709e-04]
 [-5.25226723e-03 -1.05257542e-03]
 [-5.13367541e-03 -8.46431649e-04]
 [-5.62863378e-03 -7.73808104e-04]
 [-5.43565350e-03 -2.90817319e-04]
 [-4.80596302e-03  3.68041627e-04]
 [-4.57099592e-03  1.32577945e-04]
 [-4.50554071e-03 -1.63487377e-04]
 [-3.71839572e-03  2.54775136e-04]
 [-4.22920007e-03 -3.84588202e-04]
 [-4.81011579e-03 -7.04385340e-04]
 [-6.31753309e-03 -1.53035554e-03]
 [-6.42461376e-03 -1.30526139e-03]
 [-7.90358614e-03 -2.09021452e-03]
 [-8.41420423e-03 -2.14470853e-03]
 [-1.02194874e-02 -3.06904060e-03]
 [-1.18383467e-02 -3.69738671e-03]
 [-1.08119380e-02 -2.31438293e-03]
 [-1.42244929e-02 -3.97820678e-03]
 [-1.80748627e-02 -5.78399701e-03]
 [-1.99783165e-02 -6.38672616e-03]
 [-2.22167913e-02 -7.18819303e-03]
 [-2.33104192e-02 -7.40296673e-03]
 [-2.47715488e-02 -7.83216115e-03]
 [-2.69434806e-02 -8.67539924e-03]
 [-2.45608445e-02 -7.21647404e-03]
 [-2.66009588e-02 -8.18056334e-03]
 [-2.63953600e-02 -7.85970222e-03]
 [-3.09014488e-02 -1.00876391e-02]
 [-2.99273953e-02 -9.84092429e-03]
 [-2.68957876e-02 -8.35823547e-03]
 [-2.68607326e-02 -8.45786184e-03]
 [-3.29128616e-02 -1.13034658e-02]
 [-3.32427919e-02 -1.13034677e-02]
 [-3.46625037e-02 -1.18109565e-02]
 [-3.20294388e-02 -1.03848698e-02]
 [-3.20245810e-02 -1.02188028e-02]
 [-3.39200757e-02 -1.10474676e-02]
 [-2.96441801e-02 -8.72821547e-03]
 [-2.88343355e-02 -8.13669711e-03]
 [-2.96376143e-02 -8.49336665e-03]
 [-2.86322888e-02 -7.97527563e-03]
 [-2.93770488e-02 -8.36961251e-03]
 [-2.92541441e-02 -8.34725890e-03]
 [-2.62592752e-02 -6.84809778e-03]
 [-2.79965308e-02 -7.90323690e-03]
 [-2.57860515e-02 -6.80451700e-03]
 [-2.40513757e-02 -6.00472186e-03]
 [-2.17109621e-02 -4.81167994e-03]
 [-2.22847275e-02 -5.44952322e-03]
 [-2.04012860e-02 -4.47818357e-03]
 [-2.25174837e-02 -5.84117835e-03]
 [-2.42968872e-02 -6.78233942e-03]
 [-2.72168722e-02 -8.20377748e-03]
 [-2.83818170e-02 -8.80700629e-03]
 [-2.79224813e-02 -8.52801837e-03]
 [-3.06431614e-02 -9.90502723e-03]
 [-3.13833952e-02 -1.03114815e-02]
 [-3.44410092e-02 -1.19196521e-02]
 [-3.39463763e-02 -1.14104664e-02]
 [-3.07151414e-02 -9.35090799e-03]
 [-3.12644616e-02 -9.67833865e-03]
 [-2.92363875e-02 -8.37231707e-03]
 [-2.87961066e-02 -8.31065141e-03]
 [-2.94583254e-02 -9.22396220e-03]
 [-2.93502118e-02 -9.46059264e-03]
 [-2.79902779e-02 -8.67770147e-03]
 [-2.89657600e-02 -9.19298921e-03]
 [-2.99550779e-02 -9.89217591e-03]
 [-2.97100414e-02 -9.70871747e-03]
 [-2.82113049e-02 -8.76036845e-03]
 [-2.64511574e-02 -7.91469496e-03]
 [-2.53336187e-02 -7.05444627e-03]
 [-2.47028545e-02 -6.40042592e-03]
 [-2.41514798e-02 -6.06432930e-03]
 [-2.40036659e-02 -6.44909684e-03]
 [-2.45469641e-02 -6.47274498e-03]
 [-2.26975549e-02 -5.40803745e-03]
 [-2.07298622e-02 -4.75284783e-03]
 [-1.92081332e-02 -3.97300115e-03]
 [-1.78802982e-02 -3.88396368e-03]
 [-1.72876325e-02 -3.93405370e-03]
 [-1.75202899e-02 -4.53036092e-03]
 [-2.04769112e-02 -6.45271502e-03]
 [-2.46427860e-02 -8.45013000e-03]
 [-2.97433883e-02 -1.13139935e-02]
 [-3.30860764e-02 -1.28500098e-02]
 [-3.29473689e-02 -1.28240492e-02]
 [-3.46949250e-02 -1.41488146e-02]
 [-4.07138467e-02 -1.62055120e-02]
 [-4.10443693e-02 -1.60928760e-02]
 [-3.77532057e-02 -1.45575376e-02]
 [-3.89113240e-02 -1.55356899e-02]
 [-3.74634899e-02 -1.55591751e-02]
 [-4.04902734e-02 -1.70437638e-02]
 [-3.71050425e-02 -1.59237962e-02]
 [-3.47570442e-02 -1.50665967e-02]
 [-3.77681926e-02 -1.66856889e-02]
 [-3.69772539e-02 -1.68206040e-02]
 [-3.68348025e-02 -1.74213443e-02]
 [-3.32722776e-02 -1.57401077e-02]
 [-3.10364142e-02 -1.51260458e-02]
 [-2.87977085e-02 -1.43213682e-02]
 [-2.85428613e-02 -1.43137397e-02]
 [-2.57898476e-02 -1.34031586e-02]
 [-2.25478150e-02 -1.21021131e-02]
 [-2.08222177e-02 -1.12612881e-02]
 [-1.88751668e-02 -1.03011010e-02]
 [-1.62245519e-02 -8.94189067e-03]
 [-1.44919697e-02 -7.89576769e-03]]
Actions:
[[ 0.10887409  0.07408946]
 [ 0.11625261  0.03913553]
 [-0.07090362  0.18566397]
 [ 0.13901366  0.12758061]
 [-0.15152004  0.1040642 ]
 [-0.15011357 -0.11426013]
 [ 0.00512146 -0.23367485]
 [ 0.32312811 -0.13861649]
 [-0.17309335 -0.20488552]
 [ 0.4074955  -0.05902265]
 [-0.14979857 -0.16538985]
 [ 0.07413466 -0.09506763]
 [ 0.03955745  0.16882096]
 [-0.16661095  0.41834023]
 [ 0.50630434 -0.09296514]
 [ 0.16024141 -0.27300724]
 [ 0.04472821 -0.02814486]
 [-0.01650979 -0.23593357]
 [-0.08081131 -0.28082531]
 [ 0.16604746 -0.37165302]
 [-0.37694198 -0.07811805]
 [ 0.09903116  0.30443853]
 [ 0.16652246 -0.28006777]
 [ 0.0897498  -0.21621848]
 [-0.14499506  0.26630512]
 [ 0.3032732  -0.17623349]
 [ 0.0157208   0.3535912 ]
 [-0.34705676  0.25927003]
 [ 0.05090911 -0.08986354]
 [-0.11269026 -0.17741032]
 [ 0.29004565 -0.10581274]
 [-0.031422    0.00605864]
 [ 0.11401981 -0.3770756 ]
 [-0.21596083  0.30307422]
 [ 0.20783082  0.02388395]
 [ 0.00998882 -0.41904131]
 [ 0.00221215 -0.14372051]
 [-0.68511643 -0.09702205]
 [-0.15565164 -0.27277812]
 [ 0.19952663  0.00627601]
 [-0.03222154  0.09471047]
 [ 0.25985621 -0.08247631]
 [ 0.03817972  0.26611636]
 [-0.51465949 -0.11074848]
 [-0.16124332 -0.27535779]
 [ 0.00171342 -0.05629502]
 [-0.13689274 -0.06114991]
 [ 0.1075865  -0.08012045]
 [ 0.01553696 -0.23460669]
 [ 0.27523778  0.30032173]
 [ 0.07396538 -0.07663238]
 [ 0.01680751  0.40278728]
 [ 0.04172129 -0.43324236]
 [-0.08063603  0.18104682]
 [-0.02976425  0.03946941]
 [-0.13224286 -0.07848066]
 [ 0.21521167  0.16414669]
 [-0.20001337  0.08218576]
 [ 0.15604402 -0.34332524]
 [ 0.17420377  0.10948292]
 [ 0.35526174  0.11856364]
 [-0.34272455 -0.182631  ]
 [ 0.10596709 -0.22691739]
 [ 0.28660017  0.17224744]
 [ 0.27365403 -0.2377056 ]
 [-0.29213945 -0.22973462]
 [ 0.09043693  0.26359868]
 [ 0.14388374  0.34094753]
 [ 0.15267352 -0.06863309]
 [ 0.02947276  0.45275993]
 [-0.01462708  0.23884895]
 [ 0.28666151  0.04042419]
 [ 0.51217441 -0.21680687]
 [-0.13612691 -0.06176584]
 [-0.48590938 -0.07258333]
 [-0.2115592   0.31140236]
 [ 0.00840498  0.06546745]
 [-0.10133404 -0.09666785]
 [ 0.14918118 -0.42443158]
 [ 0.15356768  0.53287329]
 [ 0.09323988  0.07726238]
 [ 0.11687426 -0.29115939]
 [ 0.17404446  0.01392643]
 [ 0.18524795 -0.38781838]
 [-0.05859509 -0.31735096]
 [-0.17144465  0.25743536]
 [-0.49611131  0.39738591]
 [ 0.21205181 -0.21826023]
 [ 0.09317071 -0.34979423]
 [ 0.27686577  0.21743992]
 [-0.10926387  0.10539663]
 [-0.07500721 -0.35237199]
 [ 0.21564713 -0.06265578]
 [ 0.18843405 -0.27092227]
 [ 0.06954552 -0.53416349]
 [-0.14342124 -0.12418016]
 [-0.08742931 -0.00913772]
 [ 0.12632496 -0.17191899]
 [-0.3170174  -0.13276622]
 [ 0.03023225  0.08396451]
 [-0.0279122   0.29538421]
 [ 0.07189943 -0.23877408]
 [-0.17505563  0.06326567]
 [ 0.26902482  0.2623521 ]
 [ 0.0252111   0.33679474]
 [ 0.03376306  0.06087234]
 [ 0.57599203 -0.4083164 ]
 [-0.22289707  0.21635594]
 [-0.22124972  0.18496964]
 [ 0.117791    0.12060852]
 [-0.10957554 -0.08894954]
 [ 0.10790736 -0.00802738]
 [-0.00238196 -0.04470259]
 [-0.06297872  0.10233438]
 [ 0.15711153 -0.54261423]
 [-0.29739883  0.0631546 ]
 [ 0.1867372   0.08671565]
 [-0.55171982  0.18664969]
 [-0.27250131 -0.18147794]
 [ 0.19610448 -0.18146547]
 [-0.15463283 -0.1113332 ]
 [-0.10711863 -0.45285914]
 [ 0.19545436  0.11198891]
 [ 0.24398837  0.33477328]
 [ 0.40650986  0.06588331]
 [ 0.15177357  0.1023153 ]
 [ 0.14539466  0.47109125]
 [ 0.29396237 -0.32926174]
 [ 0.11060747 -0.02538234]
 [-0.27733131 -0.20391788]
 [-0.14634007 -0.23043886]
 [-0.07738259  0.13241298]
 [-0.16449319 -0.10670261]
 [ 0.13628836 -0.22470697]
 [-0.13170679  0.38825178]
 [ 0.14807812 -0.10614205]
 [ 0.0924673  -0.01241369]
 [ 0.04795464 -0.19839662]
 [-0.35045044  0.07958116]
 [ 0.01783517 -0.22248041]
 [-0.24914395  0.33932   ]
 [ 0.03023138  0.32944201]
 [ 0.0257652   0.4086818 ]
 [ 0.00098744  0.145439  ]
 [ 0.20149519  0.09212759]
 [-0.28275298  0.00685352]
 [-0.21306856 -0.16450321]
 [-0.15800043  0.25591752]
 [ 0.13914752 -0.19000116]
 [ 0.42473726 -0.34900113]
 [ 0.05071154  0.20878285]
 [ 0.20197719 -0.31459248]
 [ 0.0417479   0.13618807]
 [-0.21070477  0.33205175]
 [-0.54690144 -0.43413815]
 [ 0.04236748 -0.32604338]
 [-0.04694441  0.13338663]
 [-0.18033201  0.08199527]
 [ 0.05282512 -0.05441082]
 [ 0.19344415 -0.21744516]
 [-0.00742424 -0.44110692]
 [ 0.21510804 -0.3723813 ]
 [ 0.26751526 -0.10900312]
 [ 0.07196578 -0.01740981]
 [-0.30456246  0.26212512]
 [ 0.24745489  0.41320154]
 [ 0.18823969 -0.41837191]
 [-0.1315234  -0.20562982]
 [ 0.12820825 -0.06179756]
 [-0.26660382  0.20001082]
 [-0.07944877  0.31209351]
 [-0.28909886  0.24139972]
 [-0.62707479  0.11031884]
 [-0.10142175  0.40191726]
 [-0.49885194  0.28162806]
 [-0.12621147  0.12968554]
 [-0.23102589 -0.27242688]
 [-0.4338813   0.10182993]
 [ 0.51576303  0.27544636]
 [ 0.19987328 -0.1321916 ]
 [ 0.07287124 -0.55792273]
 [-0.29931754  0.15757681]
 [-0.47620124 -0.16720051]
 [ 0.00936908  0.30643398]
 [-0.18870811 -0.47275547]
 [-0.0186494  -0.31742455]
 [-0.01406073  0.41217727]
 [-0.19184458  0.0263833 ]
 [-0.1062935   0.25831757]
 [ 0.46965258 -0.14894982]
 [ 0.09625159  0.08956268]
 [ 0.13538198  0.04589049]
 [ 0.33693988  0.43219109]
 [-0.05658378  0.00511502]
 [-0.00601288 -0.11221662]
 [ 0.24898411  0.10499027]
 [ 0.23720391  0.08547694]
 [ 0.10337364 -0.18690968]
 [ 0.06069995 -0.21565726]
 [-0.36495127  0.09322175]]
States:
[[0.99988775 0.99895724 0.52033739 0.46893566 0.51347087 0.59697769]
 [0.9998363  0.99905168 0.52257293 0.47037445 0.5413802  0.61638641]
 [0.9996231  0.99927081 0.52929905 0.47401932 0.57063335 0.62625033]
 ...
 [0.75148437 0.78392621 0.06990885 0.09987819 0.40014623 0.81477463]
 [0.73816862 0.80828638 0.06227226 0.11782763 0.42891455 0.76147661]
 [0.72780402 0.8247402  0.05669569 0.13122486 0.44617033 0.70170343]]
Logstds:
[[-3. -3.]
 [-3. -3.]
 [-3. -3.]
 [-3. -3.]
 [-3. -3.]
 [-3. -3.]
 [-3. -3.]
 [-3. -3.]
 [-3. -3.]
 [-3. -3.]
 [-3. -3.]
 [-3. -3.]
 [-3. -3.]
 [-3. -3.]
 [-3. -3.]
 [-3. -3.]
 [-3. -3.]
 [-3. -3.]
 [-3. -3.]
 [-3. -3.]
 [-3. -3.]
 [-3. -3.]
 [-3. -3.]
 [-3. -3.]
 [-3. -3.]
 [-3. -3.]
 [-3. -3.]
 [-3. -3.]
 [-3. -3.]
 [-3. -3.]
 [-3. -3.]
 [-3. -3.]
 [-3. -3.]
 [-3. -3.]
 [-3. -3.]
 [-3. -3.]
 [-3. -3.]
 [-3. -3.]
 [-3. -3.]
 [-3. -3.]
 [-3. -3.]
 [-3. -3.]
 [-3. -3.]
 [-3. -3.]
 [-3. -3.]
 [-3. -3.]
 [-3. -3.]
 [-3. -3.]
 [-3. -3.]
 [-3. -3.]
 [-3. -3.]
 [-3. -3.]
 [-3. -3.]
 [-3. -3.]
 [-3. -3.]
 [-3. -3.]
 [-3. -3.]
 [-3. -3.]
 [-3. -3.]
 [-3. -3.]
 [-3. -3.]
 [-3. -3.]
 [-3. -3.]
 [-3. -3.]
 [-3. -3.]
 [-3. -3.]
 [-3. -3.]
 [-3. -3.]
 [-3. -3.]
 [-3. -3.]
 [-3. -3.]
 [-3. -3.]
 [-3. -3.]
 [-3. -3.]
 [-3. -3.]
 [-3. -3.]
 [-3. -3.]
 [-3. -3.]
 [-3. -3.]
 [-3. -3.]
 [-3. -3.]
 [-3. -3.]
 [-3. -3.]
 [-3. -3.]
 [-3. -3.]
 [-3. -3.]
 [-3. -3.]
 [-3. -3.]
 [-3. -3.]
 [-3. -3.]
 [-3. -3.]
 [-3. -3.]
 [-3. -3.]
 [-3. -3.]
 [-3. -3.]
 [-3. -3.]
 [-3. -3.]
 [-3. -3.]
 [-3. -3.]
 [-3. -3.]
 [-3. -3.]
 [-3. -3.]
 [-3. -3.]
 [-3. -3.]
 [-3. -3.]
 [-3. -3.]
 [-3. -3.]
 [-3. -3.]
 [-3. -3.]
 [-3. -3.]
 [-3. -3.]
 [-3. -3.]
 [-3. -3.]
 [-3. -3.]
 [-3. -3.]
 [-3. -3.]
 [-3. -3.]
 [-3. -3.]
 [-3. -3.]
 [-3. -3.]
 [-3. -3.]
 [-3. -3.]
 [-3. -3.]
 [-3. -3.]
 [-3. -3.]
 [-3. -3.]
 [-3. -3.]
 [-3. -3.]
 [-3. -3.]
 [-3. -3.]
 [-3. -3.]
 [-3. -3.]
 [-3. -3.]
 [-3. -3.]
 [-3. -3.]
 [-3. -3.]
 [-3. -3.]
 [-3. -3.]
 [-3. -3.]
 [-3. -3.]
 [-3. -3.]
 [-3. -3.]
 [-3. -3.]
 [-3. -3.]
 [-3. -3.]
 [-3. -3.]
 [-3. -3.]
 [-3. -3.]
 [-3. -3.]
 [-3. -3.]
 [-3. -3.]
 [-3. -3.]
 [-3. -3.]
 [-3. -3.]
 [-3. -3.]
 [-3. -3.]
 [-3. -3.]
 [-3. -3.]
 [-3. -3.]
 [-3. -3.]
 [-3. -3.]
 [-3. -3.]
 [-3. -3.]
 [-3. -3.]
 [-3. -3.]
 [-3. -3.]
 [-3. -3.]
 [-3. -3.]
 [-3. -3.]
 [-3. -3.]
 [-3. -3.]
 [-3. -3.]
 [-3. -3.]
 [-3. -3.]
 [-3. -3.]
 [-3. -3.]
 [-3. -3.]
 [-3. -3.]
 [-3. -3.]
 [-3. -3.]
 [-3. -3.]
 [-3. -3.]
 [-3. -3.]
 [-3. -3.]
 [-3. -3.]
 [-3. -3.]
 [-3. -3.]
 [-3. -3.]
 [-3. -3.]
 [-3. -3.]
 [-3. -3.]
 [-3. -3.]
 [-3. -3.]
 [-3. -3.]
 [-3. -3.]
 [-3. -3.]
 [-3. -3.]
 [-3. -3.]
 [-3. -3.]
 [-3. -3.]]
