Baseline:
[0.6669614  0.649635   0.63006777 0.6235383  0.60520583 0.6064145
 0.5710925  0.5459447  0.5280872  0.4983911  0.4685558  0.44433764
 0.42193836 0.40609547 0.37185863 0.340767   0.31229568 0.29049146
 0.26234573 0.23353624 0.21840416 0.20632368 0.18782264 0.17775385
 0.16336751 0.16878194 0.18602689 0.18702686 0.20540595 0.206877
 0.21681976 0.25059617 0.2688446  0.26413962 0.2678196  0.29597682
 0.2832568  0.31988078 0.3534956  0.35327297 0.3525429  0.3504396
 0.37723702 0.3716819  0.34695068 0.3347974  0.35381693 0.3364054
 0.31648368 0.33802137 0.3385882  0.33953434 0.3691692  0.36401314
 0.35143247 0.33579466 0.32788837 0.32043013 0.3304337  0.34003255
 0.32014352 0.28146645 0.2884425  0.28551376 0.29419407 0.2850543
 0.32312918 0.3287158  0.3297888  0.33064622 0.33861268 0.3316797
 0.3228467  0.3139153  0.31515822 0.30182797 0.3067927  0.32044178
 0.301713   0.3040306  0.30064532 0.31186458 0.32017237 0.33325315
 0.2990603  0.30319312 0.31880757 0.3494076  0.3324028  0.34144294
 0.3404677  0.32640427 0.30429143 0.28537944 0.2689108  0.22689295
 0.21335623 0.22310288 0.24795672 0.24179861 0.25208443 0.24175207
 0.23980892 0.24007258 0.2564741  0.25834906 0.2734346  0.279224
 0.29103437 0.26876524 0.25391242 0.24657431 0.24730818 0.25199768
 0.27004173 0.2643106  0.2726745  0.2718613  0.29420736 0.31567
 0.33835426 0.3432676  0.34544054 0.3770167  0.40301645 0.41195962
 0.41809222 0.4460305  0.46984518 0.48499447 0.50315344 0.53449035
 0.5501736  0.5550804  0.54461163 0.5625927  0.5333128  0.538693
 0.54847705 0.5503092  0.55356795 0.548874   0.55738974 0.56088376
 0.5616139  0.5678199  0.58272547 0.5853019  0.58594406 0.59718335
 0.59420705 0.58795977 0.5766577  0.56560993 0.55676675 0.5493696
 0.5403727  0.54070383 0.53625953 0.52839196 0.5047373  0.49303168
 0.47521004 0.48126423 0.47003132 0.43594936 0.42372313 0.4168247
 0.40947792 0.39034045 0.38086176 0.39877927 0.4003557  0.3793199
 0.371206   0.3800179  0.37296486 0.3604371  0.36029547 0.36865368
 0.35302222 0.3422746  0.3408324  0.3502404  0.35985678 0.367789
 0.34470913 0.3532072  0.32976145 0.3376801  0.3450976  0.34527206
 0.33255178 0.3369194  0.32271102 0.32265353 0.34491637 0.34462816
 0.34539264 0.361538   0.361538  ]
Returns:
[ 2.79043197e+00  2.64899250e+00  2.43852060e+00  2.21378821e+00
  2.05190087e+00  1.92312793e+00  1.57686966e+00  1.39944399e+00
  1.33307307e+00  1.16592422e+00  1.03827534e+00  7.07590246e-01
  5.31420921e-01  3.82604385e-01  2.93191195e-01  2.31455690e-01
  1.72307057e-02 -1.25935186e-01 -3.75795228e-01 -4.20340218e-01
 -4.81597727e-01 -5.61862311e-01 -5.24506654e-01 -4.98062838e-01
 -4.48928056e-01 -4.65949975e-01 -5.61586328e-01 -4.74616486e-01
 -4.63752702e-01 -6.68141042e-01 -6.22294864e-01 -6.54509090e-01
 -5.70678985e-01 -6.50343243e-01 -5.89452735e-01 -5.67150859e-01
 -5.63246386e-01 -7.22322482e-01 -7.20632550e-01 -6.25277127e-01
 -5.99385620e-01 -5.21003386e-01 -5.26267178e-01 -4.45404876e-01
 -4.61991041e-01 -3.95196644e-01 -3.36282847e-01 -2.84475744e-01
 -2.77538186e-01 -2.93944414e-01 -3.95628836e-01 -3.15021241e-01
 -4.98854324e-01 -4.12516327e-01 -3.27039614e-01 -2.44798236e-01
 -1.41667559e-01 -3.10569213e-02  4.92820189e-02  1.63438952e-01
  2.41310603e-01 -3.58297880e-02 -1.27752711e-01 -1.97423028e-02
  9.89006144e-02  1.81963818e-01  1.93642713e-01  4.11534076e-02
  1.28220734e-01  2.56750644e-01  3.77345776e-01  5.00781698e-01
  5.68752648e-01  6.84992829e-01  8.25918389e-01  9.60051274e-01
  8.94450489e-01  9.42214731e-01  1.03551589e+00  1.12396527e+00
  1.22272398e+00  1.28996337e+00  1.42027215e+00  1.48462868e+00
  1.47207420e+00  1.58188336e+00  1.58746862e+00  1.52410545e+00
  1.63820338e+00  1.71575138e+00  1.63761236e+00  1.74667448e+00
  1.86267200e+00  1.91113794e+00  1.97425770e+00  1.69144579e+00
  1.73674384e+00  1.82054247e+00  1.67449345e+00  1.71287864e+00
  1.30887853e+00  1.34598330e+00  1.40429299e+00  1.41876439e+00
  1.23338377e+00  1.28517076e+00  1.13420790e+00  1.11563578e+00
  1.05556107e+00  1.06070070e+00  1.03453423e+00  1.07363025e+00
  1.09285939e+00  1.02748156e+00  9.87606050e-01  1.08304463e+00
  1.15303333e+00  1.26896201e+00  1.28928821e+00  1.27536568e+00
  1.23535737e+00  1.25058308e+00  1.23920973e+00  1.19131632e+00
  1.25822734e+00  1.38512360e+00  1.47547360e+00  1.57791898e+00
  1.67495556e+00  1.78568527e+00  1.92105617e+00  1.99642152e+00
  2.11086894e+00  2.20406264e+00  2.08885914e+00  2.21172032e+00
  1.99909069e+00  2.10397842e+00  2.23918942e+00  2.20009033e+00
  2.31724291e+00  2.33439605e+00  2.46207311e+00  2.34344723e+00
  2.25070861e+00  2.30601694e+00  1.95878081e+00  2.03727450e+00
  2.11106566e+00  2.05175554e+00  2.07709475e+00  2.10062650e+00
  2.10008298e+00  2.04041800e+00  1.87925819e+00  1.83238045e+00
  1.78640934e+00  1.67393085e+00  1.56918748e+00  1.49037463e+00
  1.24226841e+00  1.13135196e+00  9.86103835e-01  7.76514068e-01
  6.27696592e-01  5.00611478e-01  4.75060244e-01  4.56479996e-01
  4.74403689e-01  4.50382368e-01  2.59475913e-01  8.30888710e-02
  1.02230557e-01  6.65430266e-02  1.39876211e-01  1.33498775e-01
  2.21269243e-01  2.82851137e-01  3.53598320e-01  3.78717726e-01
  2.83014843e-01  2.53316142e-01  3.33326404e-01  2.91787374e-02
  1.39639000e-01  2.28963065e-01  1.41924733e-01  1.67928018e-01
  1.86207210e-01  1.09805408e-01  1.35761282e-01 -2.80224423e-02
  5.29011571e-02  7.45395698e-02  1.09637675e-01  2.01968831e-01
  9.12518059e-02  1.47178879e-01  4.69671331e-02  2.18303502e-03]
Advants:
[ 1.92400778  1.8447388   1.69659413  1.51804525  1.41308267  1.3209608
  1.04149286  0.91865439  0.90058783  0.79192455  0.72232772  0.4370029
  0.30142023  0.18407068  0.14414292  0.12909887 -0.04547099 -0.15844963
 -0.37792392 -0.39171524 -0.43715743 -0.50670887 -0.45060848 -0.41270216
 -0.34570401 -0.36506106 -0.47809191 -0.38962547 -0.39466397 -0.60420233
 -0.57118088 -0.64233994 -0.58033866 -0.66150166 -0.60925396 -0.62067596
 -0.6095782  -0.81732839 -0.86331729 -0.78004529 -0.76595473 -0.69657846
 -0.74168687 -0.6667554  -0.67082284 -0.60268635 -0.57329038 -0.51332358
 -0.49567355 -0.54478479 -0.66231708 -0.59677466 -0.8321665  -0.76163424
 -0.68329165 -0.6037795  -0.50924007 -0.40542249 -0.34837713 -0.25500745
 -0.16636475 -0.42209793 -0.54279668 -0.45208326 -0.36066845 -0.28574166
 -0.33170192 -0.51589768 -0.45558866 -0.3518409  -0.26169168 -0.15168517
 -0.09460285  0.01303838  0.1380174   0.27408504  0.18897085  0.20835308
  0.3078599   0.3830656   0.47651183  0.52482585  0.6422375   0.6901188
  0.70874276  0.81441629  0.80407384  0.70686461  0.83849953  0.9097037
  0.83307943  0.96059846  1.10774801  1.187019    1.28197513  1.05041069
  1.12108093  1.21026688  1.05050157  1.10850883  0.69602084  0.74687621
  0.81270195  0.83339675  0.63241361  0.68473637  0.51616852  0.48831949
  0.4104266   0.43216341  0.41434473  0.45515579  0.468121    0.38988549
  0.3213106   0.41404626  0.46842443  0.58091294  0.5742149   0.53265867
  0.46133038  0.46259035  0.43880148  0.34575902  0.37320647  0.48019682
  0.55512226  0.62185019  0.68889483  0.78072785  0.89749827  0.94240929
  1.0451858   1.14055728  1.04027148  1.15322325  0.97296213  1.07889897
  1.21518212  1.18476601  1.31359318  1.35232141  1.49348738  1.39146971
  1.31692481  1.38808176  1.03867316  1.13075619  1.22371039  1.17247139
  1.22261802  1.27700896  1.31480874  1.2940327   1.16721814  1.15419106
  1.14478024  1.05839314  0.9836654   0.93827561  0.73461477  0.65489739
  0.54468387  0.34104985  0.21224311  0.12588919  0.1193677   0.11470768
  0.14837967  0.152462   -0.02484696 -0.22069124 -0.20425362 -0.22058221
 -0.13843583 -0.15333613 -0.05526624  0.0246584   0.10405     0.1305567
  0.05858454  0.04783656  0.14071006 -0.17014923 -0.06326038  0.02720866
 -0.02887746 -0.0022879   0.05058574 -0.02424415  0.00516663 -0.15206383
 -0.04822292 -0.01935229  0.04406714  0.15462835  0.03725635  0.11214769
  0.02831551 -0.01589388]
Mus:
[[-2.70041786e-02 -1.13470471e-02]
 [-2.77645979e-02 -1.21509405e-02]
 [-2.80439742e-02 -1.18635595e-02]
 [-2.83560641e-02 -1.15388809e-02]
 [-2.87250951e-02 -1.16253188e-02]
 [-2.95553040e-02 -1.20639978e-02]
 [-3.00009567e-02 -1.22154383e-02]
 [-2.99510267e-02 -1.26328291e-02]
 [-2.98609659e-02 -1.29706906e-02]
 [-2.84850672e-02 -1.32796746e-02]
 [-2.64314041e-02 -1.31335454e-02]
 [-2.41414774e-02 -1.17930276e-02]
 [-2.27492992e-02 -1.11986054e-02]
 [-2.08474938e-02 -1.09851705e-02]
 [-1.73388477e-02 -1.01000918e-02]
 [-1.34604769e-02 -8.41167010e-03]
 [-1.12959919e-02 -6.76391087e-03]
 [-9.22398828e-03 -5.60118398e-03]
 [-6.73134439e-03 -5.63489320e-03]
 [-3.74016538e-03 -3.92421195e-03]
 [-2.00716686e-03 -3.60773457e-03]
 [-3.89216410e-04 -3.62497685e-03]
 [ 2.43867608e-03 -2.71292264e-03]
 [ 3.72110261e-03 -2.49999436e-03]
 [ 4.40488663e-03 -1.73110736e-03]
 [ 5.88685740e-03 -8.39760236e-04]
 [ 4.93155094e-03 -1.90894934e-03]
 [ 6.11753901e-03 -1.44911592e-03]
 [ 1.09602464e-02  1.14752771e-03]
 [ 1.55510437e-02  4.38343873e-03]
 [ 1.62048191e-02  4.33425372e-03]
 [ 1.77292302e-02  4.91154520e-03]
 [ 1.82910152e-02  5.34638111e-03]
 [ 1.90385636e-02  6.66135224e-03]
 [ 1.82451811e-02  6.03688182e-03]
 [ 1.97590571e-02  6.98211230e-03]
 [ 1.73327532e-02  5.58164902e-03]
 [ 1.50550716e-02  4.13491577e-03]
 [ 1.46821346e-02  4.19082260e-03]
 [ 1.24156550e-02  3.25896358e-03]
 [ 1.21048111e-02  3.73167242e-03]
 [ 9.59848985e-03  2.51435256e-03]
 [ 9.69205517e-03  3.07975663e-03]
 [ 9.16366279e-03  3.12993652e-03]
 [ 6.98340219e-03  2.36904016e-03]
 [ 4.82687121e-03  1.45030778e-03]
 [ 5.07666310e-03  1.55629439e-03]
 [ 2.84915185e-03  8.26394011e-04]
 [ 1.79104565e-03  7.58427021e-04]
 [ 1.30976341e-03  3.11932468e-04]
 [ 2.92100571e-03  1.74538395e-03]
 [ 4.26133769e-03  2.49549327e-03]
 [ 7.92878773e-03  4.13822848e-03]
 [ 9.55434050e-03  4.93998406e-03]
 [ 1.07656242e-02  5.52450493e-03]
 [ 1.18098427e-02  6.01213844e-03]
 [ 1.29679004e-02  6.32616505e-03]
 [ 1.30172241e-02  6.29585842e-03]
 [ 1.37672722e-02  6.28144434e-03]
 [ 1.49736917e-02  6.88249478e-03]
 [ 1.44231208e-02  6.78919395e-03]
 [ 1.14444830e-02  5.62919071e-03]
 [ 9.61259473e-03  4.28174203e-03]
 [ 8.43697041e-03  3.98577144e-03]
 [ 7.39942957e-03  3.57418391e-03]
 [ 5.08934492e-03  2.51489668e-03]
 [ 5.40695153e-03  2.79364409e-03]
 [ 3.52173136e-03  1.59699027e-03]
 [ 1.73395243e-03  9.30184964e-04]
 [-7.43069613e-05  3.45934939e-04]
 [-1.28535891e-03  1.01363978e-04]
 [-2.98246671e-03 -5.31902886e-04]
 [-5.58638992e-03 -2.06576614e-03]
 [-8.72685853e-03 -3.61225195e-03]
 [-1.16921319e-02 -4.86518349e-03]
 [-1.43886004e-02 -5.81931509e-03]
 [-1.47594875e-02 -5.15364995e-03]
 [-1.71330292e-02 -6.36015041e-03]
 [-1.91115160e-02 -7.37638772e-03]
 [-2.05947962e-02 -7.63723580e-03]
 [-2.12802906e-02 -7.62679707e-03]
 [-2.16403436e-02 -7.58568337e-03]
 [-2.28028931e-02 -8.25696252e-03]
 [-2.45504789e-02 -9.37229861e-03]
 [-2.43467670e-02 -9.00467765e-03]
 [-2.55153030e-02 -9.85268410e-03]
 [-2.54869629e-02 -9.60573461e-03]
 [-2.77697053e-02 -1.07935350e-02]
 [-2.91443355e-02 -1.16173308e-02]
 [-3.01801190e-02 -1.19691947e-02]
 [-3.53496820e-02 -1.48761589e-02]
 [-3.56439017e-02 -1.49177453e-02]
 [-3.71740609e-02 -1.58987697e-02]
 [-3.88207696e-02 -1.72750428e-02]
 [-4.04941253e-02 -1.86593197e-02]
 [-3.61566208e-02 -1.64167359e-02]
 [-3.31227817e-02 -1.52305700e-02]
 [-3.28357220e-02 -1.50715765e-02]
 [-3.55609059e-02 -1.62088368e-02]
 [-3.23387086e-02 -1.47443935e-02]
 [-3.41979414e-02 -1.68460384e-02]
 [-3.13585885e-02 -1.56132607e-02]
 [-2.93298066e-02 -1.54183246e-02]
 [-2.62961593e-02 -1.40160415e-02]
 [-2.40071528e-02 -1.26505997e-02]
 [-2.23312266e-02 -1.22398119e-02]
 [-2.20813844e-02 -1.29757514e-02]
 [-2.06811409e-02 -1.22743798e-02]
 [-2.03391127e-02 -1.23022171e-02]
 [-1.95494238e-02 -1.21497791e-02]
 [-1.91619582e-02 -1.26649616e-02]
 [-1.64507404e-02 -1.13170445e-02]
 [-1.64506882e-02 -1.19006420e-02]
 [-1.33627607e-02 -1.00377249e-02]
 [-1.39395026e-02 -1.07576922e-02]
 [-1.24960504e-02 -1.01725655e-02]
 [-1.29904356e-02 -1.07674450e-02]
 [-1.13353785e-02 -1.00383181e-02]
 [-1.03410361e-02 -9.61561035e-03]
 [-8.39369185e-03 -8.44566710e-03]
 [-1.04446001e-02 -9.99293849e-03]
 [-1.17279300e-02 -1.12881176e-02]
 [-7.21490011e-03 -8.64315126e-03]
 [-4.14919481e-03 -6.83355425e-03]
 [-1.74826744e-03 -5.42975217e-03]
 [-1.49116165e-03 -5.47245936e-03]
 [-1.45777210e-03 -5.72932558e-03]
 [-4.20849683e-04 -5.22531988e-03]
 [-7.08989683e-04 -5.67153841e-03]
 [ 1.46244164e-03 -4.56929626e-03]
 [ 2.56406493e-03 -4.13755234e-03]
 [ 3.31122894e-03 -3.89720988e-03]
 [ 4.49766684e-03 -3.05259856e-03]
 [ 5.02916239e-03 -3.09581007e-03]
 [ 5.11415675e-03 -3.54766333e-03]
 [ 5.76832052e-03 -2.94133602e-03]
 [ 6.26634574e-03 -2.39746226e-03]
 [ 5.76924812e-03 -1.97182270e-03]
 [ 4.15197946e-03 -2.33097537e-03]
 [ 2.07022741e-03 -2.02048197e-03]
 [ 3.56648059e-04 -2.56702700e-03]
 [-2.03558127e-03 -3.53583787e-03]
 [-5.43791009e-03 -4.63739596e-03]
 [-9.96446237e-03 -5.55918040e-03]
 [-1.24211926e-02 -5.84275834e-03]
 [-1.65159106e-02 -7.20273796e-03]
 [-2.43692752e-02 -1.04756933e-02]
 [-2.79984605e-02 -1.18938480e-02]
 [-3.11779939e-02 -1.31799355e-02]
 [-3.55431363e-02 -1.52533324e-02]
 [-3.61557417e-02 -1.55698853e-02]
 [-3.64663787e-02 -1.62130073e-02]
 [-3.61006632e-02 -1.63270272e-02]
 [-3.52223627e-02 -1.60968155e-02]
 [-3.44728231e-02 -1.59357693e-02]
 [-3.36283892e-02 -1.59720033e-02]
 [-3.23334485e-02 -1.59384497e-02]
 [-3.03897057e-02 -1.58864185e-02]
 [-2.68303547e-02 -1.48155484e-02]
 [-2.27377973e-02 -1.34593900e-02]
 [-1.77788995e-02 -1.12932287e-02]
 [-1.29433665e-02 -9.57485847e-03]
 [-7.71358842e-03 -7.44782621e-03]
 [-4.34294762e-03 -6.13747211e-03]
 [-1.48801564e-03 -4.54252586e-03]
 [ 2.82016373e-03 -3.24731623e-03]
 [ 5.51743573e-03 -2.39512906e-03]
 [ 7.00195320e-03 -2.07494432e-03]
 [ 7.90499616e-03 -1.76491856e-03]
 [ 9.26045701e-03 -7.47290673e-04]
 [ 8.21003411e-03  2.50115972e-05]
 [ 6.55992702e-03 -5.26709446e-05]
 [ 6.46632491e-03 -3.38399725e-04]
 [ 5.77807194e-03 -2.48460536e-04]
 [ 4.46897419e-03 -8.56116589e-04]
 [ 2.63668527e-03 -1.32230658e-03]
 [ 4.80022194e-04 -1.93343440e-03]
 [-1.77291571e-03 -2.44420394e-03]
 [-2.26777839e-03 -2.33886368e-03]
 [-1.87194685e-03 -2.09979503e-03]
 [-5.32443589e-03 -3.89804551e-03]
 [-6.04379596e-03 -3.84637783e-03]
 [-5.64733427e-03 -3.30021582e-03]
 [-1.06147677e-02 -5.81594743e-03]
 [-1.16100591e-02 -5.97362407e-03]
 [-1.15149617e-02 -5.55432448e-03]
 [-1.09412270e-02 -5.03079221e-03]
 [-1.28813842e-02 -5.78138605e-03]
 [-1.42456889e-02 -6.47363486e-03]
 [-1.32156694e-02 -5.52633172e-03]
 [-1.33097023e-02 -5.24047064e-03]
 [-1.74759943e-02 -7.48806354e-03]
 [-1.84453148e-02 -7.85792619e-03]
 [-1.84313394e-02 -7.50243058e-03]
 [-2.11836062e-02 -9.02963616e-03]
 [-2.28770208e-02 -9.67654306e-03]
 [-2.42225975e-02 -9.83267650e-03]
 [-2.47312430e-02 -9.77211352e-03]
 [-2.88509261e-02 -1.21063823e-02]
 [-2.96101682e-02 -1.20029179e-02]]
Actions:
[[-0.37785759  0.02125801]
 [-0.10769513 -0.369164  ]
 [ 0.12878286 -0.27650514]
 [-0.12082037 -0.26876002]
 [ 0.09699839  0.02465168]
 [-0.33312694 -0.45389867]
 [-0.3117925  -0.21706627]
 [-0.10346527 -0.04431417]
 [-0.43323566 -0.01774979]
 [-0.32662233 -0.01094959]
 [ 0.0914271  -0.46112741]
 [ 0.21053215  0.08186895]
 [-0.07099457  0.32272392]
 [-0.33537608 -0.05876356]
 [-0.08175044 -0.21652323]
 [ 0.3088092  -0.2221602 ]
 [ 0.27414097  0.05343508]
 [-0.48217002  0.29942334]
 [ 0.08053992 -0.21101946]
 [-0.05862549  0.25856935]
 [-0.23397069  0.26488781]
 [-0.17933516  0.02498275]
 [-0.1610769   0.15397529]
 [-0.20231987 -0.10404425]
 [ 0.32584442  0.10558277]
 [-0.09003284  0.43356142]
 [-0.13544782  0.05282411]
 [ 0.32422073  0.00140974]
 [ 0.29946275 -0.46205775]
 [-0.05738972  0.23248902]
 [ 0.21965538  0.30906149]
 [ 0.13459476  0.10349634]
 [ 0.19462861 -0.38004157]
 [-0.12937912  0.15994646]
 [ 0.28712969  0.10350022]
 [-0.29949303  0.08024396]
 [ 0.045019    0.50744764]
 [ 0.25795262  0.18993812]
 [-0.07618351 -0.00337179]
 [ 0.09988155 -0.25483057]
 [-0.15172598  0.06856331]
 [ 0.33212354  0.00603051]
 [ 0.04955286 -0.15112142]
 [-0.22834119 -0.27001255]
 [-0.20363328 -0.06878051]
 [ 0.15206931  0.15779144]
 [-0.16277829 -0.19687291]
 [-0.12622274 -0.30808813]
 [ 0.10843582  0.33195397]
 [ 0.32696439 -0.30792998]
 [ 0.13477907 -0.05940963]
 [ 0.4813348   0.2087564 ]
 [ 0.06079514 -0.11208046]
 [-0.0364985  -0.14344968]
 [-0.09297559 -0.14650306]
 [-0.11241905  0.02825178]
 [-0.1140824  -0.03500777]
 [-0.05553917  0.21474954]
 [ 0.14047333  0.01078094]
 [-0.13558672 -0.19340421]
 [-0.51360581 -0.3615916 ]
 [-0.26004422  0.37116031]
 [-0.06606193 -0.10765298]
 [ 0.01415161  0.09418549]
 [-0.21992873 -0.02915623]
 [ 0.34826227 -0.02844003]
 [-0.1630706  -0.49912754]
 [-0.03335902 -0.20176768]
 [-0.00678577 -0.06707425]
 [ 0.12249181  0.00763128]
 [-0.05235378 -0.12796179]
 [-0.25680369  0.10893169]
 [-0.17206115  0.05171463]
 [-0.02735817  0.06085067]
 [-0.05795056 -0.14722494]
 [ 0.34218771 -0.25534375]
 [-0.01664543  0.27103502]
 [-0.23784974 -0.09329197]
 [ 0.16300864 -0.06718825]
 [ 0.09533998 -0.12006586]
 [ 0.18199406  0.02788049]
 [-0.02346201  0.01756911]
 [-0.06932501  0.23756051]
 [-0.1259113  -0.394903  ]
 [-0.1138176   0.13125413]
 [ 0.28792879  0.04491489]
 [ 0.14378464  0.36044201]
 [-0.22657308 -0.0477084 ]
 [ 0.15675164  0.07647034]
 [-0.37539489  0.33643639]
 [ 0.04206478 -0.13830638]
 [-0.24865692 -0.06337377]
 [-0.40266145  0.03219044]
 [-0.35903022  0.07303483]
 [-0.06425865 -0.6691115 ]
 [-0.15850301 -0.31659346]
 [ 0.14474542 -0.03128964]
 [ 0.33088332  0.29067396]
 [ 0.03252243 -0.26296896]
 [-0.37788707  0.60413335]
 [ 0.01222    -0.22224674]
 [-0.13744929  0.10646974]
 [ 0.15385355 -0.15599049]
 [ 0.45032733 -0.06076624]
 [-0.00522768  0.08393101]
 [-0.01329543  0.43415768]
 [ 0.21189168  0.04307892]
 [ 0.15238088  0.24001459]
 [-0.25980644 -0.17797142]
 [-0.37769455  0.0737619 ]
 [ 0.06881468 -0.14901839]
 [-0.21944574  0.19849827]
 [ 0.31766117 -0.15267087]
 [-0.03553691  0.33458607]
 [-0.09352353 -0.09306592]
 [-0.12941682  0.17862   ]
 [-0.04189254 -0.05538013]
 [ 0.19126764  0.22246084]
 [ 0.32057798  0.08772799]
 [-0.1353896   0.38690861]
 [-0.35491062  0.19824576]
 [ 0.17309733 -0.31238218]
 [ 0.37654287  0.03020883]
 [ 0.20030169 -0.05817325]
 [-0.15767437 -0.02615862]
 [-0.25104521 -0.0257873 ]
 [ 0.09855191  0.08728167]
 [-0.05607905  0.1932052 ]
 [-0.04714211 -0.12765431]
 [-0.03419872  0.01794599]
 [ 0.10442041  0.17726229]
 [ 0.00180232 -0.09545919]
 [-0.24744338  0.00675911]
 [-0.51601032 -0.05543397]
 [ 0.07647021  0.01051513]
 [-0.50203648 -0.34868965]
 [ 0.06260045 -0.11619278]
 [-0.01099239  0.04327216]
 [ 0.1516592  -0.33875126]
 [-0.12090981  0.00212679]
 [-0.36279012 -0.0412602 ]
 [-0.16642218  0.0155845 ]
 [-0.43359344 -0.30129249]
 [-0.30877391 -0.37138041]
 [-0.2403625  -0.0809293 ]
 [ 0.30156612  0.54182804]
 [-0.15779824  0.01368113]
 [ 0.05344813 -0.00722024]
 [-0.199766    0.33859474]
 [-0.18587794 -0.09178167]
 [ 0.00244959  0.13253668]
 [-0.02881583 -0.08125494]
 [-0.03921296 -0.23109094]
 [ 0.13551822 -0.26781046]
 [-0.07128045 -0.0924344 ]
 [-0.08607906  0.02790038]
 [-0.07494338  0.27675775]
 [ 0.12459047 -0.0541237 ]
 [ 0.02354292 -0.09200072]
 [-0.16545307 -0.42041273]
 [ 0.10279339 -0.02229618]
 [ 0.12002774 -0.18607039]
 [ 0.23553014  0.16769153]
 [ 0.13171921 -0.21553603]
 [-0.36104781 -0.10423972]
 [-0.09144314  0.12281098]
 [-0.05143127  0.13363941]
 [-0.0648905   0.06061443]
 [-0.10071765 -0.23152862]
 [ 0.29535071 -0.3129248 ]
 [ 0.36909929  0.16858855]
 [-0.02975819  0.21736111]
 [-0.12819507 -0.29189855]
 [-0.04222133  0.1011841 ]
 [ 0.25974362  0.11000234]
 [ 0.02486976 -0.01483385]
 [-0.0820124  -0.19280031]
 [ 0.15671841  0.04795847]
 [ 0.17969693  0.2458058 ]
 [-0.4821532   0.05398385]
 [-0.22320675 -0.33696907]
 [ 0.11336732 -0.16302667]
 [-0.15681841  0.62598921]
 [ 0.09971939  0.02469422]
 [ 0.16389408 -0.06995506]
 [-0.14880947 -0.4445558 ]
 [ 0.09912852  0.25354777]
 [-0.31895946 -0.14722555]
 [ 0.3860938  -0.11066423]
 [ 0.23127792  0.06265642]
 [-0.27329424  0.45506229]
 [-0.07735954 -0.16880942]
 [ 0.23313562 -0.06747937]
 [-0.29456594  0.10463205]
 [ 0.0162119   0.04778926]
 [ 0.34488005  0.20662593]
 [ 0.11171941 -0.09753082]
 [-0.33233335  0.33852471]
 [ 0.29281894 -0.01441776]
 [-0.2589079  -0.2146923 ]]
States:
[[0.99938483 0.99999946 0.53477261 0.50070507 0.51338061 0.59738697]
 [0.99970049 0.99999854 0.52715777 0.50116206 0.41647315 0.602992  ]
 [0.99999988 0.99996967 0.50992354 0.49470016 0.39080531 0.50614396]
 ...
 [0.55752103 0.14354639 1.         0.09512311 0.36364952 0.56957638]
 [0.58678699 0.14582018 1.         0.09360512 0.28132058 0.65884223]
 [0.61589756 0.15371279 1.         0.08846304 0.36105787 0.6538413 ]]
Logstds:
[[-3. -3.]
 [-3. -3.]
 [-3. -3.]
 [-3. -3.]
 [-3. -3.]
 [-3. -3.]
 [-3. -3.]
 [-3. -3.]
 [-3. -3.]
 [-3. -3.]
 [-3. -3.]
 [-3. -3.]
 [-3. -3.]
 [-3. -3.]
 [-3. -3.]
 [-3. -3.]
 [-3. -3.]
 [-3. -3.]
 [-3. -3.]
 [-3. -3.]
 [-3. -3.]
 [-3. -3.]
 [-3. -3.]
 [-3. -3.]
 [-3. -3.]
 [-3. -3.]
 [-3. -3.]
 [-3. -3.]
 [-3. -3.]
 [-3. -3.]
 [-3. -3.]
 [-3. -3.]
 [-3. -3.]
 [-3. -3.]
 [-3. -3.]
 [-3. -3.]
 [-3. -3.]
 [-3. -3.]
 [-3. -3.]
 [-3. -3.]
 [-3. -3.]
 [-3. -3.]
 [-3. -3.]
 [-3. -3.]
 [-3. -3.]
 [-3. -3.]
 [-3. -3.]
 [-3. -3.]
 [-3. -3.]
 [-3. -3.]
 [-3. -3.]
 [-3. -3.]
 [-3. -3.]
 [-3. -3.]
 [-3. -3.]
 [-3. -3.]
 [-3. -3.]
 [-3. -3.]
 [-3. -3.]
 [-3. -3.]
 [-3. -3.]
 [-3. -3.]
 [-3. -3.]
 [-3. -3.]
 [-3. -3.]
 [-3. -3.]
 [-3. -3.]
 [-3. -3.]
 [-3. -3.]
 [-3. -3.]
 [-3. -3.]
 [-3. -3.]
 [-3. -3.]
 [-3. -3.]
 [-3. -3.]
 [-3. -3.]
 [-3. -3.]
 [-3. -3.]
 [-3. -3.]
 [-3. -3.]
 [-3. -3.]
 [-3. -3.]
 [-3. -3.]
 [-3. -3.]
 [-3. -3.]
 [-3. -3.]
 [-3. -3.]
 [-3. -3.]
 [-3. -3.]
 [-3. -3.]
 [-3. -3.]
 [-3. -3.]
 [-3. -3.]
 [-3. -3.]
 [-3. -3.]
 [-3. -3.]
 [-3. -3.]
 [-3. -3.]
 [-3. -3.]
 [-3. -3.]
 [-3. -3.]
 [-3. -3.]
 [-3. -3.]
 [-3. -3.]
 [-3. -3.]
 [-3. -3.]
 [-3. -3.]
 [-3. -3.]
 [-3. -3.]
 [-3. -3.]
 [-3. -3.]
 [-3. -3.]
 [-3. -3.]
 [-3. -3.]
 [-3. -3.]
 [-3. -3.]
 [-3. -3.]
 [-3. -3.]
 [-3. -3.]
 [-3. -3.]
 [-3. -3.]
 [-3. -3.]
 [-3. -3.]
 [-3. -3.]
 [-3. -3.]
 [-3. -3.]
 [-3. -3.]
 [-3. -3.]
 [-3. -3.]
 [-3. -3.]
 [-3. -3.]
 [-3. -3.]
 [-3. -3.]
 [-3. -3.]
 [-3. -3.]
 [-3. -3.]
 [-3. -3.]
 [-3. -3.]
 [-3. -3.]
 [-3. -3.]
 [-3. -3.]
 [-3. -3.]
 [-3. -3.]
 [-3. -3.]
 [-3. -3.]
 [-3. -3.]
 [-3. -3.]
 [-3. -3.]
 [-3. -3.]
 [-3. -3.]
 [-3. -3.]
 [-3. -3.]
 [-3. -3.]
 [-3. -3.]
 [-3. -3.]
 [-3. -3.]
 [-3. -3.]
 [-3. -3.]
 [-3. -3.]
 [-3. -3.]
 [-3. -3.]
 [-3. -3.]
 [-3. -3.]
 [-3. -3.]
 [-3. -3.]
 [-3. -3.]
 [-3. -3.]
 [-3. -3.]
 [-3. -3.]
 [-3. -3.]
 [-3. -3.]
 [-3. -3.]
 [-3. -3.]
 [-3. -3.]
 [-3. -3.]
 [-3. -3.]
 [-3. -3.]
 [-3. -3.]
 [-3. -3.]
 [-3. -3.]
 [-3. -3.]
 [-3. -3.]
 [-3. -3.]
 [-3. -3.]
 [-3. -3.]
 [-3. -3.]
 [-3. -3.]
 [-3. -3.]
 [-3. -3.]
 [-3. -3.]
 [-3. -3.]
 [-3. -3.]
 [-3. -3.]
 [-3. -3.]
 [-3. -3.]
 [-3. -3.]
 [-3. -3.]
 [-3. -3.]
 [-3. -3.]
 [-3. -3.]]
