Baseline:
[0.49338037 0.48005408 0.47417778 0.4710688  0.45703828 0.45206913
 0.45262343 0.43914846 0.4526663  0.45684758 0.46150383 0.45620084
 0.46223694 0.4589663  0.47738925 0.48025247 0.48133644 0.47550726
 0.46748808 0.48464292 0.4547184  0.4271933  0.42477328 0.42012808
 0.42374596 0.41303185 0.40306136 0.3976225  0.39384812 0.3806799
 0.36781648 0.3846157  0.36197492 0.36617342 0.35680696 0.35300413
 0.34136358 0.30825594 0.29554826 0.2811476  0.26929945 0.26096627
 0.23212306 0.19769    0.17200756 0.1508394  0.1268017  0.11653031
 0.12093775 0.12277246 0.12390563 0.1285475  0.1254504  0.1292839
 0.15559222 0.17935367 0.18739687 0.19530532 0.21126638 0.25040993
 0.25562456 0.23029862 0.23955902 0.24623209 0.2542474  0.285158
 0.28876424 0.26616096 0.2721717  0.28861275 0.27976033 0.29416087
 0.32606962 0.33924326 0.36107847 0.36358133 0.3641251  0.38118663
 0.3745834  0.37808242 0.3784531  0.37587363 0.39970863 0.4310518
 0.4262409  0.43425718 0.46235922 0.4971165  0.5094609  0.52647513
 0.5362206  0.5589619  0.5580036  0.55880207 0.56381005 0.569113
 0.55592996 0.5629174  0.580666   0.5691224  0.57217944 0.55746716
 0.5813623  0.5822143  0.578929   0.57841825 0.57845324 0.56386906
 0.56705445 0.5774984  0.5967548  0.61188203 0.6265278  0.60971063
 0.6071245  0.60031086 0.59795326 0.5792168  0.5530178  0.55078596
 0.5383122  0.5204472  0.50188625 0.4805623  0.4660478  0.44470778
 0.41355973 0.41283983 0.39651388 0.39732337 0.39444003 0.36448425
 0.37130043 0.36926457 0.3577297  0.3509356  0.35298738 0.30541658
 0.21535762 0.20440032 0.19328254 0.17872657 0.18724273 0.19249606
 0.18526165 0.15975241 0.15924911 0.16050564 0.17096488 0.18185459
 0.18844865 0.1877677  0.16649576 0.15982528 0.14243194 0.14584662
 0.1451665  0.1372024  0.15291014 0.15417744 0.17893633 0.19153701
 0.18890965 0.18998703 0.19929561 0.19446023 0.19333248 0.23271759
 0.22251227 0.25861648 0.26104268 0.27963528 0.30354205 0.3202794
 0.31358415 0.32909873 0.34475863 0.33706817 0.34728894 0.3375064
 0.3606111  0.3621252  0.3731982  0.37088194 0.37696227 0.377821
 0.3853693  0.39683133 0.41162252 0.42937157 0.4426647  0.45012143
 0.44179106 0.4619713  0.4623684  0.46390164 0.46419188 0.46297744
 0.4424389  0.4235817  0.4235817 ]
Returns:
[ 1.40790831  1.40337385  1.43114524  1.47243147  1.37864327  1.43984116
  1.45782985  1.47434622  1.33039807  1.30124728  1.26591031  1.3293135
  1.30445886  1.36641227  1.23916606  1.19045796  1.04721291  1.04793362
  0.68474774  0.5644182   0.26788197  0.09679698  0.09990522  0.13395833
  0.01386516  0.00785331  0.04188485  0.091798    0.10017696  0.11638704
  0.16669967 -0.09055951 -0.19483112 -0.21351662 -0.14613311 -0.07745804
 -0.24852886 -0.44671689 -0.42501407 -0.46861244 -0.49294216 -0.5541478
 -0.5242496  -0.49462408 -0.40853845 -0.32322964 -0.46191852 -0.41902682
 -0.43540944 -0.36763826 -0.29872954 -0.18486199 -0.14392953 -0.02390177
  0.04897029  0.0701107   0.18515915  0.20132634  0.21080833 -0.04821295
 -0.01435932 -0.08228342  0.00529473  0.12597541  0.19332865  0.15791194
  0.20673025  0.21296094  0.30020385  0.38864606  0.47679593  0.57624925
  0.5258266   0.63526257  0.69897748  0.84399833  0.4447055   0.46521515
  0.57645723  0.70464243  0.8146278   0.91761157  0.84470363  0.74340314
  0.66675839  0.74068694  0.6722201   0.26922212  0.33306101  0.33219548
  0.39207159  0.33897284  0.38654475  0.39717906  0.45566652  0.24133893
  0.27493442  0.3339371   0.27600971  0.27617275  0.22381781  0.05060521
 -0.0355446  -0.17873095 -0.09300833 -0.00305639  0.07849356  0.01165493
  0.05589016  0.09232373 -0.2892806  -0.32155768 -0.38045198 -0.47521673
 -0.42714914 -0.43678707 -0.43206604 -0.35913845 -0.69459485 -0.65321689
 -0.61401724 -0.52743271 -0.48345148 -0.40869512 -0.36434862 -0.49171903
 -0.49750213 -0.43486041 -0.33419414 -0.26955927 -0.22227184 -0.17247546
 -0.20620569 -0.10607986 -0.20343572 -0.09570736 -0.00394232 -0.24415826
 -0.25460142 -0.16442317 -0.13889196 -0.18448547 -0.07610525 -0.23894926
 -0.14127527 -0.29692924 -0.18558082 -0.28090235 -0.33348557 -0.23325508
 -0.09888799  0.04437226  0.07282908  0.18995877  0.09008654  0.07181954
 -0.07140449 -0.12836359 -0.03093981 -0.08880477 -0.00594878  0.13288549
  0.26050056  0.41393928  0.50665765  0.64538033  0.71651921  0.66400531
  0.60462415  0.59967164  0.69334282  0.71632107  0.81229946  0.79043272
  0.84968179  0.98403196  1.06680476  1.16447954  1.14047315  1.07643858
  0.92303041  1.01532996  1.00537269  1.05661946  1.16180244  1.25067827
  0.992208    0.94079001  0.90978285  0.94158727  0.94007348  0.96058819
  0.71930193  0.45793676  0.45649792  0.4037445   0.30839541  0.08042
  0.00960956  0.0059824 ]
Advants:
[ 6.97267562e-01  7.16107828e-01  7.61700641e-01  8.20431589e-01
  7.53764153e-01  8.36182954e-01  8.71792770e-01  9.22435409e-01
  7.82509867e-01  7.67181542e-01  7.45488904e-01  8.36179550e-01
  8.28190654e-01  9.20284752e-01  7.99269442e-01  7.72857147e-01
  6.51366595e-01  6.82903096e-01  3.43866974e-01  2.19635192e-01
 -4.08407232e-02 -1.82182107e-01 -1.74075353e-01 -1.31382045e-01
 -2.54583918e-01 -2.49183630e-01 -2.03063231e-01 -1.43700471e-01
 -1.26818849e-01 -9.14008752e-02 -1.97167330e-02 -2.93018335e-01
 -3.76352549e-01 -4.01792777e-01 -3.25443088e-01 -2.51157963e-01
 -4.13557911e-01 -5.86966516e-01 -5.60529455e-01 -5.99282869e-01
 -6.22520169e-01 -6.88699868e-01 -6.42582553e-01 -5.90242274e-01
 -4.87734030e-01 -3.88012601e-01 -5.13540713e-01 -4.70536916e-01
 -5.02994686e-01 -4.47680606e-01 -3.89336188e-01 -2.86966939e-01
 -2.49016147e-01 -1.35824848e-01 -9.10797661e-02 -9.57554705e-02
  1.23295451e-02  2.20154552e-02  1.68847409e-02 -2.89038417e-01
 -2.67932950e-01 -3.20023869e-01 -2.49585351e-01 -1.40602172e-01
 -8.48814945e-02 -1.57185577e-01 -1.17061089e-01 -9.28563502e-02
 -1.41354239e-02  5.73674130e-02  1.56829004e-01  2.47181081e-01
  1.68054076e-01  2.70770967e-01  3.20950314e-01  4.76882742e-01
  7.92372617e-02  8.51697758e-02  2.09355848e-01  3.44779188e-01
  4.69435860e-01  5.94587303e-01  5.16109188e-01  3.99183938e-01
  3.42185780e-01  4.26236096e-01  3.46363694e-01 -8.68115934e-02
 -2.87543319e-02 -4.00652291e-02  1.87443184e-02 -5.00231106e-02
  7.68317578e-03  2.77809584e-02  9.40505758e-02 -1.18492945e-01
 -6.25769043e-02  9.62908309e-04 -6.45472106e-02 -4.14465729e-02
 -8.62077926e-02 -2.38052139e-01 -3.44277538e-01 -4.88625722e-01
 -3.97201232e-01 -3.01318255e-01 -2.11400208e-01 -2.56151847e-01
 -2.05690478e-01 -1.68683770e-01 -5.69986704e-01 -6.19336958e-01
 -6.97263150e-01 -7.82381336e-01 -7.37942414e-01 -7.47598277e-01
 -7.47714219e-01 -6.61022688e-01 -9.85240873e-01 -9.56517548e-01
 -9.19400611e-01 -8.27517165e-01 -7.76677255e-01 -6.90324539e-01
 -6.40199350e-01 -7.58989070e-01 -7.46685857e-01 -6.95539045e-01
 -5.88183861e-01 -5.32842476e-01 -4.90326748e-01 -4.16415206e-01
 -4.64553774e-01 -3.67471367e-01 -4.61458578e-01 -3.52256092e-01
 -2.65541315e-01 -4.67398506e-01 -3.95317130e-01 -2.99229959e-01
 -2.66925926e-01 -3.03638474e-01 -2.06844305e-01 -3.83471921e-01
 -2.84575876e-01 -4.25270259e-01 -3.21407535e-01 -4.29642093e-01
 -5.07283809e-01 -4.31022841e-01 -3.13492105e-01 -1.76213920e-01
 -1.32177763e-01 -1.07262897e-02 -9.83048461e-02 -1.26191176e-01
 -2.79876851e-01 -3.42478078e-01 -2.73000054e-01 -3.47241663e-01
 -3.03744227e-01 -1.89449871e-01 -6.81356222e-02  7.92491585e-02
  1.59838150e-01  3.04775038e-01  3.80773011e-01  2.90080982e-01
  2.40694004e-01  1.98138374e-01  2.90578775e-01  2.96397332e-01
  3.72252938e-01  3.36561262e-01  4.07705569e-01  5.35859462e-01
  6.15160130e-01  7.37010099e-01  7.19613385e-01  6.81947620e-01
  5.17974810e-01  6.25176384e-01  6.21310230e-01  6.95156160e-01
  8.19334571e-01  9.37285760e-01  6.95523926e-01  6.57022234e-01
  6.36262471e-01  6.77924110e-01  6.92617177e-01  7.38092077e-01
  5.33109810e-01  2.73213360e-01  2.94813858e-01  2.64281127e-01
  1.91461345e-01 -1.75493900e-02 -5.01137553e-02 -1.51966810e-02]
Mus:
[[-2.77068540e-02 -1.16710300e-02]
 [-2.84282155e-02 -1.23524815e-02]
 [-2.85052639e-02 -1.22256577e-02]
 [-2.86728367e-02 -1.21985357e-02]
 [-2.89647672e-02 -1.19113261e-02]
 [-2.94987466e-02 -1.23423729e-02]
 [-2.92512160e-02 -1.30016217e-02]
 [-2.92356275e-02 -1.29178446e-02]
 [-2.86753457e-02 -1.34031102e-02]
 [-2.81722099e-02 -1.29702818e-02]
 [-2.77417209e-02 -1.34227416e-02]
 [-2.69102808e-02 -1.29979001e-02]
 [-2.62721367e-02 -1.24975070e-02]
 [-2.59077400e-02 -1.23436106e-02]
 [-2.48596892e-02 -1.21332416e-02]
 [-2.44644675e-02 -1.25734909e-02]
 [-2.35872790e-02 -1.15330592e-02]
 [-2.35353727e-02 -1.12628145e-02]
 [-2.40605976e-02 -1.04476353e-02]
 [-2.37475671e-02 -1.04850689e-02]
 [-2.58969273e-02 -1.22698508e-02]
 [-2.55690217e-02 -1.21629443e-02]
 [-2.48321742e-02 -1.22628529e-02]
 [-2.38307510e-02 -1.19294114e-02]
 [-2.27061156e-02 -1.11115864e-02]
 [-2.21462455e-02 -1.07797971e-02]
 [-2.18334030e-02 -1.10307178e-02]
 [-2.10186448e-02 -1.09022046e-02]
 [-2.02687066e-02 -1.05114775e-02]
 [-1.96123254e-02 -1.07553285e-02]
 [-1.81064680e-02 -1.02021461e-02]
 [-1.78598873e-02 -1.02010667e-02]
 [-1.60821993e-02 -1.00492770e-02]
 [-1.48567241e-02 -9.25984327e-03]
 [-1.33572686e-02 -8.61999299e-03]
 [-1.22130550e-02 -8.37360974e-03]
 [-1.04257399e-02 -6.84547937e-03]
 [-8.95241834e-03 -5.73153142e-03]
 [-7.30881607e-03 -5.64641645e-03]
 [-6.39121654e-03 -4.60434379e-03]
 [-5.65774692e-03 -3.84115637e-03]
 [-5.59158158e-03 -3.40087735e-03]
 [-4.55754576e-03 -2.75579258e-03]
 [-3.35467793e-03 -2.25495500e-03]
 [-2.25487840e-03 -2.17524846e-03]
 [-1.25723158e-03 -2.10057315e-03]
 [ 1.48485496e-03 -3.25993133e-05]
 [ 3.72720859e-03  7.08824722e-04]
 [ 5.42963482e-03  1.49677566e-03]
 [ 6.75086677e-03  2.08091247e-03]
 [ 7.60794478e-03  2.85862410e-03]
 [ 8.01278558e-03  3.07649840e-03]
 [ 7.42337294e-03  3.14979721e-03]
 [ 7.62241660e-03  3.38436663e-03]
 [ 6.66831667e-03  1.11540081e-03]
 [ 3.84661206e-03 -1.47480064e-03]
 [ 3.64107825e-03 -1.70105475e-03]
 [ 1.05742877e-03 -3.37262242e-03]
 [-1.81063032e-03 -4.97075683e-03]
 [-9.90764704e-04 -4.37787874e-03]
 [-4.85767471e-03 -6.45091012e-03]
 [-2.90316087e-03 -4.93103033e-03]
 [-3.05909989e-03 -4.81315795e-03]
 [-4.50192811e-03 -5.34867495e-03]
 [-4.03750315e-03 -4.77100676e-03]
 [-6.25205413e-03 -5.74386027e-03]
 [-7.20842136e-03 -5.78482822e-03]
 [-1.09614385e-02 -7.64409965e-03]
 [-1.42366365e-02 -9.38972179e-03]
 [-1.53731499e-02 -9.67631955e-03]
 [-1.82360429e-02 -1.11277271e-02]
 [-2.02337988e-02 -1.22070899e-02]
 [-2.09378581e-02 -1.20498370e-02]
 [-2.27291584e-02 -1.24930125e-02]
 [-2.44959593e-02 -1.29690059e-02]
 [-2.71920133e-02 -1.40237911e-02]
 [-2.69447826e-02 -1.26998704e-02]
 [-2.94808224e-02 -1.35355676e-02]
 [-3.20092700e-02 -1.45967975e-02]
 [-3.39250155e-02 -1.52152264e-02]
 [-3.58892605e-02 -1.61901675e-02]
 [-3.78356539e-02 -1.71467997e-02]
 [-3.89984362e-02 -1.78110711e-02]
 [-3.86090130e-02 -1.72655769e-02]
 [-3.87801640e-02 -1.68071557e-02]
 [-3.96576598e-02 -1.72899421e-02]
 [-4.00243066e-02 -1.73899811e-02]
 [-3.74766551e-02 -1.52042443e-02]
 [-3.70341316e-02 -1.46440715e-02]
 [-3.64551581e-02 -1.36729283e-02]
 [-3.59093025e-02 -1.29557252e-02]
 [-3.48122828e-02 -1.18771987e-02]
 [-3.28727774e-02 -1.11255012e-02]
 [-3.25862505e-02 -1.13379611e-02]
 [-3.00036259e-02 -1.01100178e-02]
 [-2.65244730e-02 -8.15107021e-03]
 [-2.43229922e-02 -7.45671475e-03]
 [-2.31985692e-02 -6.92965835e-03]
 [-2.28455178e-02 -6.96227560e-03]
 [-2.14898940e-02 -6.99941674e-03]
 [-2.19835415e-02 -7.75982533e-03]
 [-2.32754536e-02 -8.85146298e-03]
 [-2.08521541e-02 -7.63079198e-03]
 [-1.66168567e-02 -5.46195684e-03]
 [-1.55834993e-02 -5.23870019e-03]
 [-1.45433452e-02 -4.95188450e-03]
 [-1.26752257e-02 -4.14967537e-03]
 [-1.34452395e-02 -4.92327148e-03]
 [-1.11387018e-02 -3.75060597e-03]
 [-9.85207874e-03 -3.30417417e-03]
 [-1.03480909e-02 -4.30167420e-03]
 [-6.28693448e-03 -2.39018840e-03]
 [-1.64717471e-03 -3.24494467e-04]
 [ 1.51268451e-03  5.63430251e-04]
 [ 5.39626414e-03  2.13568215e-03]
 [ 8.41381773e-03  3.29923443e-03]
 [ 1.25342282e-02  5.04783588e-03]
 [ 1.57974027e-02  5.96022885e-03]
 [ 2.23793201e-02  9.40229930e-03]
 [ 2.43163630e-02  9.65206511e-03]
 [ 2.53628716e-02  9.33676027e-03]
 [ 2.79097520e-02  1.02826394e-02]
 [ 2.86096204e-02  9.92067903e-03]
 [ 2.88911238e-02  9.61660407e-03]
 [ 2.85776332e-02  9.04802699e-03]
 [ 3.10603436e-02  1.10893222e-02]
 [ 3.09182927e-02  1.15197003e-02]
 [ 3.03572994e-02  1.11276610e-02]
 [ 3.03546283e-02  1.12199625e-02]
 [ 3.07598896e-02  1.12027060e-02]
 [ 3.10803223e-02  1.14334682e-02]
 [ 2.84815002e-02  1.02624549e-02]
 [ 2.50809900e-02  7.86017533e-03]
 [ 2.37614941e-02  7.47165736e-03]
 [ 1.81572288e-02  4.14905371e-03]
 [ 1.53014539e-02  2.93206400e-03]
 [ 1.40493913e-02  2.55938456e-03]
 [ 9.29112080e-03  1.93890621e-04]
 [ 1.25393132e-02  3.60576017e-03]
 [ 1.20875295e-02  3.77290836e-03]
 [ 1.02167521e-02  2.35806708e-03]
 [ 8.91765021e-03  1.06341939e-03]
 [ 9.11570527e-03  1.05695403e-03]
 [ 7.91038387e-03 -4.43390949e-04]
 [ 9.58503224e-03  1.01583079e-03]
 [ 1.07328072e-02  1.42050534e-03]
 [ 1.21023506e-02  2.09607859e-03]
 [ 1.24712186e-02  1.26672408e-03]
 [ 1.13887172e-02  9.67401938e-05]
 [ 1.31064355e-02  1.09815353e-03]
 [ 1.39896525e-02  1.57246436e-03]
 [ 1.46670425e-02  2.02560704e-03]
 [ 1.52723650e-02  2.49928678e-03]
 [ 1.71606373e-02  3.88783775e-03]
 [ 1.86697822e-02  4.58204746e-03]
 [ 1.78673528e-02  3.87749961e-03]
 [ 2.01065261e-02  6.31530723e-03]
 [ 1.86507739e-02  5.90233179e-03]
 [ 1.85278654e-02  6.09407760e-03]
 [ 2.03347411e-02  7.94000737e-03]
 [ 1.97465550e-02  7.72002386e-03]
 [ 1.85709763e-02  7.20570935e-03]
 [ 1.76598076e-02  7.25733209e-03]
 [ 1.64376106e-02  7.08603486e-03]
 [ 1.32892644e-02  5.56554459e-03]
 [ 1.21420184e-02  5.50002651e-03]
 [ 1.13599282e-02  5.94472978e-03]
 [ 8.32770020e-03  4.93550114e-03]
 [ 8.08399450e-03  5.54558216e-03]
 [ 5.43605862e-03  4.80207568e-03]
 [ 2.89021898e-03  3.49293440e-03]
 [ 2.51497887e-03  3.99861019e-03]
 [ 1.02614937e-03  3.66331171e-03]
 [-1.71628140e-03  2.00420921e-03]
 [-2.67919130e-03  1.49584480e-03]
 [-3.92386224e-03  1.15098886e-03]
 [-6.49357075e-03 -1.15322167e-04]
 [-6.95801666e-03 -3.29660659e-04]
 [-6.91789901e-03  3.76885699e-04]
 [-7.68362917e-03 -3.88650136e-04]
 [-8.65872949e-03 -9.66754669e-05]
 [-8.75378028e-03 -1.86509904e-04]
 [-1.02546513e-02 -1.38279563e-03]
 [-1.01610878e-02 -1.21749053e-03]
 [-1.11843050e-02 -1.92143058e-03]
 [-1.28990682e-02 -2.97594047e-03]
 [-1.22793047e-02 -1.94195821e-03]
 [-1.36324381e-02 -2.18234654e-03]
 [-1.53151304e-02 -2.63523427e-03]
 [-1.71005204e-02 -3.56994267e-03]
 [-1.92584302e-02 -4.37107868e-03]
 [-2.13894583e-02 -5.51853795e-03]
 [-2.29311734e-02 -6.75494084e-03]
 [-2.56675929e-02 -7.68404687e-03]
 [-2.73731649e-02 -9.01322719e-03]
 [-2.89814454e-02 -1.00883180e-02]
 [-3.03945486e-02 -1.10551827e-02]
 [-3.24599445e-02 -1.14150457e-02]
 [-3.35275792e-02 -1.25078103e-02]
 [-3.51652764e-02 -1.38032222e-02]]
Actions:
[[-3.31079406e-01 -2.50445116e-02]
 [-3.69443236e-02 -1.68337562e-01]
 [ 7.88628969e-03 -1.09721874e-01]
 [-6.22115852e-02 -3.86380573e-01]
 [-5.96123669e-02 -2.00082064e-02]
 [-1.24371195e-01  2.70750317e-01]
 [-1.21326926e-01 -2.44128436e-01]
 [ 6.45992348e-02  4.52986446e-01]
 [ 1.97567577e-01 -8.70406992e-02]
 [-1.35633547e-01  3.17304181e-01]
 [-2.78515968e-02 -1.48970752e-01]
 [ 1.93060039e-01 -7.12790170e-02]
 [-2.39485731e-02 -6.98727272e-02]
 [ 2.25698186e-01  3.29483908e-01]
 [-1.63120109e-01  3.21491242e-01]
 [ 1.91957481e-01 -3.48224408e-01]
 [-1.56034575e-02 -2.22045999e-01]
 [ 2.22810506e-01 -5.50894991e-01]
 [ 2.44283924e-01  2.41778453e-01]
 [-6.44719666e-01  1.20405371e-01]
 [-3.46000073e-01 -3.45234262e-01]
 [-7.89719953e-02  1.54498184e-01]
 [-3.17526383e-02 -4.99876115e-02]
 [ 2.31518138e-01 -1.59171946e-01]
 [-7.19271212e-04 -1.43619120e-01]
 [-1.75618798e-01  5.48541846e-02]
 [-3.25536698e-02  5.35562785e-02]
 [ 8.05135969e-02 -5.23549265e-02]
 [-2.45474296e-01  1.26377512e-01]
 [-1.15472046e-01 -1.02257925e-01]
 [ 3.77047332e-01  3.49913239e-01]
 [-4.78223499e-01 -2.97789811e-02]
 [ 2.13956697e-01 -2.78247709e-02]
 [-7.28422150e-02 -9.09755252e-02]
 [-2.52776573e-02  1.09599659e-01]
 [ 6.01568181e-02 -4.69394752e-01]
 [-1.59775723e-01 -5.16097888e-01]
 [-2.07746382e-01  1.81470780e-01]
 [ 2.33140503e-01 -1.88267560e-01]
 [ 2.51713736e-01 -8.62567070e-02]
 [ 3.27601335e-01 -1.77132757e-02]
 [-5.23108043e-02 -2.49467919e-01]
 [-1.93994327e-01 -1.96929605e-01]
 [-1.19671989e-01  8.64824684e-02]
 [-1.27285030e-01  9.60344889e-02]
 [ 1.70630160e-01 -4.54847290e-01]
 [ 1.56013260e-01  1.96042096e-01]
 [ 2.87108593e-01  2.08402736e-01]
 [ 1.50343859e-01  1.46954470e-01]
 [ 2.00382532e-01 -5.61729019e-02]
 [ 4.40068387e-02  1.91239040e-02]
 [-1.15119279e-01 -2.50477200e-01]
 [ 1.02860103e-02 -3.60868159e-02]
 [-2.15367569e-01  9.24774874e-03]
 [-1.82400877e-01  2.62850314e-01]
 [ 3.89572583e-02  1.26469995e-01]
 [-1.14645627e-01  3.23220409e-01]
 [ 3.32171399e-02  3.52834449e-01]
 [ 5.18339505e-01  3.27693518e-01]
 [-5.81618952e-02  2.94245875e-01]
 [ 2.81925049e-02 -4.41348261e-01]
 [ 1.84605406e-01  3.82758408e-02]
 [ 8.96187898e-02  3.55445098e-02]
 [ 2.32274114e-01 -9.31916045e-02]
 [ 2.68099305e-01  3.02249429e-01]
 [ 1.90709718e-01 -2.09393874e-01]
 [-3.54834448e-01 -1.55320423e-01]
 [-1.37399484e-01  1.90377154e-01]
 [ 1.85685525e-01  1.61857411e-02]
 [-2.72874455e-01 -4.05390322e-02]
 [-2.87890011e-02  2.06819388e-01]
 [ 3.82532639e-01  3.01923867e-02]
 [ 1.20593763e-01 -8.48095595e-02]
 [ 2.15797574e-01  6.55517549e-02]
 [-1.33333800e-01 -9.88297906e-02]
 [ 3.79083272e-01 -5.58226602e-01]
 [ 2.07431266e-01  1.29797885e-01]
 [-2.12654706e-01 -6.63378981e-02]
 [-2.19532393e-02 -1.63328886e-02]
 [-2.09682651e-01  9.21194979e-02]
 [-2.73390038e-01  5.06541742e-02]
 [ 1.00192049e-01  4.04009861e-01]
 [ 3.74132347e-01  1.11346308e-01]
 [-1.16503179e-01 -4.36839335e-01]
 [-8.78005547e-02  2.02783236e-01]
 [ 1.85582339e-01  3.35860520e-01]
 [ 5.33185881e-01 -3.05877958e-01]
 [ 4.17264538e-02  3.52107339e-02]
 [ 1.48164741e-01 -1.20256918e-01]
 [ 9.13859148e-03 -1.03837039e-01]
 [ 2.77156096e-01 -7.57786287e-02]
 [-2.80080274e-01 -4.79389219e-03]
 [-2.77059913e-01  2.26422729e-01]
 [ 2.01263949e-02 -1.54237737e-01]
 [ 1.55166802e-01 -4.74216994e-01]
 [-2.03051134e-01 -1.53159248e-01]
 [ 1.14961138e-01 -2.19008288e-02]
 [ 1.30372190e-01  3.97785419e-01]
 [-3.70907536e-01  1.04386429e-01]
 [-2.63204989e-01  3.52879028e-01]
 [-5.39695300e-01  1.71815678e-01]
 [ 3.75389618e-01  9.88903049e-02]
 [ 1.89190762e-01 -3.68421731e-01]
 [-1.44288371e-01  6.03272481e-02]
 [-6.56385008e-02  8.58620390e-02]
 [ 3.37594396e-02 -4.15293062e-02]
 [-3.86874109e-01  2.13815413e-01]
 [ 1.35353699e-01 -1.22700423e-01]
 [ 1.27117039e-01  1.97379500e-01]
 [ 4.35242028e-03  6.98999785e-01]
 [ 2.98670674e-01  3.09792850e-02]
 [ 3.28795679e-01  1.05012653e-01]
 [-2.38021154e-01  3.65059531e-01]
 [ 1.34069317e-01 -1.70775736e-02]
 [ 1.02408648e-01 -2.22532703e-01]
 [ 2.60219405e-01  9.10583589e-02]
 [-9.51533078e-02 -5.12001888e-04]
 [ 1.57950025e-01 -5.73275932e-01]
 [ 8.83816225e-02  2.05264714e-01]
 [-9.52926157e-02  1.96576428e-01]
 [ 2.45924156e-02 -5.21923431e-02]
 [-1.59803523e-01  1.48897406e-01]
 [-1.39152448e-01  4.47197255e-02]
 [-7.79701384e-02  2.39456820e-01]
 [ 2.90223760e-01 -3.82544412e-01]
 [-5.46761666e-02 -3.02716768e-01]
 [ 1.50025114e-01  1.70697840e-01]
 [ 4.27094836e-02 -8.15050503e-02]
 [ 1.84974312e-01  1.58285747e-01]
 [ 2.78304089e-01  7.36451545e-02]
 [-1.63926658e-01 -1.54913219e-01]
 [-5.36035547e-02  3.87131108e-01]
 [ 1.65060665e-01  1.75967152e-02]
 [-2.86726898e-01  3.53536866e-01]
 [ 3.02761888e-02  1.31718144e-01]
 [ 1.85446750e-01  7.78757351e-02]
 [-4.48462875e-01  3.84804677e-01]
 [-2.55206027e-01  2.43132200e-01]
 [-1.27671334e-02 -1.46558947e-01]
 [-2.70608421e-01  9.51594819e-02]
 [-3.84925575e-01  6.46888602e-02]
 [ 5.09279856e-02  1.07382046e-01]
 [-2.67771785e-01  4.48805663e-01]
 [ 1.42040228e-01  8.00977104e-02]
 [-3.94957674e-01 -3.29085368e-01]
 [-6.49243293e-02 -6.87371655e-02]
 [-3.75838784e-01  2.50196008e-01]
 [-2.50864876e-01  3.23418014e-01]
 [ 1.77488759e-01  3.44220105e-02]
 [ 5.53082279e-02  6.00723605e-02]
 [-3.59260346e-02  2.90316942e-02]
 [-3.24314454e-01 -5.10762651e-02]
 [-1.22453941e-02 -1.85622415e-01]
 [-4.21126368e-01 -2.37747058e-01]
 [-3.81071816e-01  1.35677659e-01]
 [ 2.96890242e-01 -4.45735731e-01]
 [-4.22953528e-01 -8.62683809e-02]
 [ 2.42800521e-01  8.46277270e-02]
 [ 2.71573114e-01 -3.59347937e-01]
 [ 1.95390107e-01  2.00426139e-01]
 [ 3.40924655e-02  1.40176674e-01]
 [-2.72247928e-02 -1.75085175e-01]
 [-4.71408814e-02 -1.05637968e-01]
 [-1.58239155e-01  2.25357307e-01]
 [-8.98533743e-02 -1.66521894e-01]
 [ 3.20118054e-02 -3.18485124e-01]
 [ 3.94159987e-01  2.71918284e-01]
 [-1.08658030e-01 -4.56768597e-01]
 [ 3.75992582e-01  1.58243712e-01]
 [-2.43672357e-01  1.08454202e-01]
 [ 3.22797511e-01 -1.74847780e-01]
 [ 2.38182762e-01  6.46755598e-02]
 [-1.44609109e-01  4.02051729e-01]
 [-3.06119457e-01 -1.04476899e-01]
 [ 1.39158009e-01  7.12765746e-02]
 [ 1.78367814e-02  2.75703423e-01]
 [-2.19993598e-01 -1.25677724e-01]
 [ 2.95935923e-01 -2.31919765e-01]
 [-4.89476643e-01 -1.57568422e-02]
 [ 4.74479841e-01 -1.25954947e-01]
 [-1.82988247e-01 -1.10069256e-01]
 [-9.85186534e-02  3.73202277e-01]
 [-1.30852901e-01 -2.26948154e-01]
 [-9.39901037e-02  9.63515023e-02]
 [-1.69434411e-01  1.03105856e-01]
 [ 1.62863281e-01 -5.22318483e-01]
 [ 5.60570723e-02 -3.12542160e-01]
 [ 9.52391467e-02 -2.40177851e-01]
 [ 5.82422535e-02  6.88672691e-02]
 [ 7.96370118e-02 -1.50436911e-01]
 [-1.02362585e-01 -6.50031331e-02]
 [-4.65278791e-01 -2.87311373e-01]
 [ 4.38741723e-01 -4.18750843e-02]
 [-9.51230483e-02  8.88949592e-02]
 [ 1.10762076e-01  1.51189293e-01]
 [ 1.84790728e-01  2.03759019e-01]
 [ 2.71719324e-01 -2.99476505e-01]
 [-3.56184523e-01 -6.16092461e-02]
 [-2.26865981e-01  6.86964036e-02]
 [ 1.31875940e-02 -1.08983187e-01]]
States:
[[0.99932146 0.99964396 0.53603813 0.4818428  0.51327863 0.597254  ]
 [0.99962099 0.99962477 0.52935402 0.48136011 0.42837418 0.59072288]
 [0.99996706 0.99943134 0.51540283 0.47705513 0.4205951  0.5467392 ]
 ...
 [0.97387038 0.97996653 0.67173314 0.36504192 0.48858787 0.19035073]
 [0.97722422 0.95792394 0.66122771 0.30645874 0.39772694 0.18229468]
 [0.98337691 0.92896107 0.63953866 0.25205461 0.34181159 0.2085325 ]]
Logstds:
[[-3. -3.]
 [-3. -3.]
 [-3. -3.]
 [-3. -3.]
 [-3. -3.]
 [-3. -3.]
 [-3. -3.]
 [-3. -3.]
 [-3. -3.]
 [-3. -3.]
 [-3. -3.]
 [-3. -3.]
 [-3. -3.]
 [-3. -3.]
 [-3. -3.]
 [-3. -3.]
 [-3. -3.]
 [-3. -3.]
 [-3. -3.]
 [-3. -3.]
 [-3. -3.]
 [-3. -3.]
 [-3. -3.]
 [-3. -3.]
 [-3. -3.]
 [-3. -3.]
 [-3. -3.]
 [-3. -3.]
 [-3. -3.]
 [-3. -3.]
 [-3. -3.]
 [-3. -3.]
 [-3. -3.]
 [-3. -3.]
 [-3. -3.]
 [-3. -3.]
 [-3. -3.]
 [-3. -3.]
 [-3. -3.]
 [-3. -3.]
 [-3. -3.]
 [-3. -3.]
 [-3. -3.]
 [-3. -3.]
 [-3. -3.]
 [-3. -3.]
 [-3. -3.]
 [-3. -3.]
 [-3. -3.]
 [-3. -3.]
 [-3. -3.]
 [-3. -3.]
 [-3. -3.]
 [-3. -3.]
 [-3. -3.]
 [-3. -3.]
 [-3. -3.]
 [-3. -3.]
 [-3. -3.]
 [-3. -3.]
 [-3. -3.]
 [-3. -3.]
 [-3. -3.]
 [-3. -3.]
 [-3. -3.]
 [-3. -3.]
 [-3. -3.]
 [-3. -3.]
 [-3. -3.]
 [-3. -3.]
 [-3. -3.]
 [-3. -3.]
 [-3. -3.]
 [-3. -3.]
 [-3. -3.]
 [-3. -3.]
 [-3. -3.]
 [-3. -3.]
 [-3. -3.]
 [-3. -3.]
 [-3. -3.]
 [-3. -3.]
 [-3. -3.]
 [-3. -3.]
 [-3. -3.]
 [-3. -3.]
 [-3. -3.]
 [-3. -3.]
 [-3. -3.]
 [-3. -3.]
 [-3. -3.]
 [-3. -3.]
 [-3. -3.]
 [-3. -3.]
 [-3. -3.]
 [-3. -3.]
 [-3. -3.]
 [-3. -3.]
 [-3. -3.]
 [-3. -3.]
 [-3. -3.]
 [-3. -3.]
 [-3. -3.]
 [-3. -3.]
 [-3. -3.]
 [-3. -3.]
 [-3. -3.]
 [-3. -3.]
 [-3. -3.]
 [-3. -3.]
 [-3. -3.]
 [-3. -3.]
 [-3. -3.]
 [-3. -3.]
 [-3. -3.]
 [-3. -3.]
 [-3. -3.]
 [-3. -3.]
 [-3. -3.]
 [-3. -3.]
 [-3. -3.]
 [-3. -3.]
 [-3. -3.]
 [-3. -3.]
 [-3. -3.]
 [-3. -3.]
 [-3. -3.]
 [-3. -3.]
 [-3. -3.]
 [-3. -3.]
 [-3. -3.]
 [-3. -3.]
 [-3. -3.]
 [-3. -3.]
 [-3. -3.]
 [-3. -3.]
 [-3. -3.]
 [-3. -3.]
 [-3. -3.]
 [-3. -3.]
 [-3. -3.]
 [-3. -3.]
 [-3. -3.]
 [-3. -3.]
 [-3. -3.]
 [-3. -3.]
 [-3. -3.]
 [-3. -3.]
 [-3. -3.]
 [-3. -3.]
 [-3. -3.]
 [-3. -3.]
 [-3. -3.]
 [-3. -3.]
 [-3. -3.]
 [-3. -3.]
 [-3. -3.]
 [-3. -3.]
 [-3. -3.]
 [-3. -3.]
 [-3. -3.]
 [-3. -3.]
 [-3. -3.]
 [-3. -3.]
 [-3. -3.]
 [-3. -3.]
 [-3. -3.]
 [-3. -3.]
 [-3. -3.]
 [-3. -3.]
 [-3. -3.]
 [-3. -3.]
 [-3. -3.]
 [-3. -3.]
 [-3. -3.]
 [-3. -3.]
 [-3. -3.]
 [-3. -3.]
 [-3. -3.]
 [-3. -3.]
 [-3. -3.]
 [-3. -3.]
 [-3. -3.]
 [-3. -3.]
 [-3. -3.]
 [-3. -3.]
 [-3. -3.]
 [-3. -3.]
 [-3. -3.]
 [-3. -3.]
 [-3. -3.]
 [-3. -3.]
 [-3. -3.]
 [-3. -3.]
 [-3. -3.]
 [-3. -3.]
 [-3. -3.]
 [-3. -3.]
 [-3. -3.]
 [-3. -3.]]
