Baseline:
[1.5506114 1.5592371 1.5427276 1.5659953 1.5806936 1.5754856 1.551566
 1.5640576 1.5959042 1.6257006 1.6376952 1.6570681 1.642715  1.6681517
 1.6665651 1.6799937 1.695436  1.695086  1.6878543 1.665131  1.654554
 1.66546   1.6619192 1.6460878 1.6433319 1.6199492 1.6056224 1.6103257
 1.6175977 1.623696  1.6037621 1.6082991 1.590216  1.5888504 1.581025
 1.5625067 1.5370125 1.5373975 1.5499957 1.5289072 1.5252851 1.5309564
 1.4982492 1.4957008 1.4901086 1.4934912 1.4670852 1.4826038 1.4623426
 1.4528666 1.4220244 1.3671734 1.3708595 1.3984332 1.4327376 1.4447106
 1.426395  1.4239897 1.3937961 1.3977298 1.3865818 1.4060283 1.3488337
 1.3505548 1.3437761 1.3647105 1.3604914 1.3735198 1.3675307 1.337595
 1.3399494 1.3317987 1.2825756 1.2573005 1.2457345 1.2374661 1.2598673
 1.2340586 1.2248157 1.2260256 1.2059913 1.214691  1.1909903 1.1848747
 1.1877156 1.2057942 1.1928273 1.2367479 1.2305793 1.2377595 1.2219154
 1.2357974 1.2230362 1.2189624 1.2326568 1.2376648 1.2300755 1.233718
 1.2345668 1.2303694 1.2634069 1.2645205 1.2334307 1.2589372 1.2773322
 1.2921913 1.3239833 1.314899  1.3107051 1.3293755 1.3679229 1.361075
 1.3887861 1.4342953 1.4785625 1.4966863 1.4860436 1.5092665 1.5025326
 1.5091096 1.4845823 1.4818391 1.4500211 1.4538511 1.4431461 1.4312698
 1.4393831 1.4412614 1.4742407 1.4931682 1.4974221 1.4843758 1.4947363
 1.4730641 1.4446387 1.4413986 1.4636834 1.4696921 1.460792  1.4636089
 1.4763514 1.436992  1.4489232 1.4436117 1.3780656 1.3620521 1.3453649
 1.3110194 1.2945436 1.262288  1.2080108 1.1643775 1.1753196 1.1704222
 1.1712506 1.1538378 1.1514512 1.1487197 1.1740693 1.1896304 1.1962781
 1.1888005 1.1848148 1.23905   1.2816981 1.2767844 1.2655778 1.2858852
 1.2816374 1.2941486 1.2975125 1.30967   1.2895383 1.2952191 1.3004655
 1.2904756 1.309984  1.313363  1.3255569 1.3308892 1.350526  1.3588884
 1.3293966 1.3572422 1.3695241 1.3872596 1.403213  1.423562  1.4296423
 1.4312451 1.4210371 1.3913497 1.4193765 1.4306544 1.455496  1.435615
 1.4582762 1.4531097 1.4365577 1.4291393 1.4291393]
Returns:
[9.97622835 9.90342905 9.97339734 9.92606147 9.94635578 9.98620669
 9.93869396 9.96130767 9.71998092 9.6401713  9.65030006 9.59497393
 9.58342722 9.46386203 9.48855898 9.47907495 9.46068193 9.4352445
 9.31832727 9.1439041  9.08476316 9.03102598 8.92981081 8.9004753
 8.86144071 8.81801682 8.83021348 8.79041367 8.78355684 8.74749129
 8.75709753 8.74609211 8.63657359 8.57197451 8.60445813 8.62482633
 8.57870082 8.61957209 8.6222954  8.58781425 8.61813631 8.58891182
 8.59151077 8.58338381 8.65196781 8.56431232 8.5768391  8.44698933
 8.40137215 8.4136255  8.36226742 8.01529826 8.0390456  7.77430299
 7.41732701 7.23589165 7.23335245 7.1967673  7.15093534 7.10220392
 7.13519293 6.98305845 6.42903403 6.42932738 6.4551459  6.33672304
 6.37246033 6.16372129 6.11141371 6.11899105 6.14361196 6.19241268
 5.8770055  5.83737249 5.88911948 5.95479762 5.80407198 5.80028542
 5.81908122 5.89180216 5.92269455 5.95656644 5.95614416 6.07498032
 6.21928836 6.26146425 6.37568443 6.13096305 6.26298939 6.18922564
 6.30131395 6.41419889 6.48919989 6.55223396 6.71162263 6.82202951
 6.96499816 7.10994291 7.28467998 7.21688945 7.21886862 7.3410523
 7.22313906 7.32495128 7.43338533 7.52084088 7.49836018 7.49424739
 7.40577329 7.39086102 7.3735299  7.29697694 7.32047654 7.14578566
 7.00682001 6.78659356 6.71251843 6.60576247 6.57279321 6.51863866
 6.34393465 6.30734976 6.10000418 5.94032891 5.91083761 5.91795634
 5.83505554 5.82250057 5.62441002 5.52325781 5.48013701 5.4391321
 5.42726938 5.39889418 5.2486434  5.27117861 5.18388702 5.20324947
 5.24680334 5.12509295 5.07116807 4.91538663 4.66808753 4.63260289
 4.4540233  4.43093249 4.43400075 4.43866748 4.30280083 4.31415741
 4.28071002 4.35540768 4.29010136 4.32059685 4.39685969 4.48813773
 4.53526193 4.65601752 4.58677817 4.59930863 4.69007243 4.74254082
 4.80480111 4.82870397 4.63471441 4.68815965 4.61523173 4.5411184
 4.3256965  4.30081264 4.16262518 4.1187982  3.98864904 3.90883508
 3.88757263 3.56593407 3.41972279 3.36163094 3.28454673 3.01118931
 2.88133116 2.78973494 2.56570497 2.39226626 2.22764986 2.15779367
 2.07437606 1.95992176 1.89658302 1.81441796 1.76754581 1.42729847
 1.13762941 0.92940521 0.65744808 0.56381043 0.36846966 0.31405864
 0.24286581 0.10838453]
Advants:
[5.54749371 5.47895741 5.58209626 5.52738952 5.55040962 5.61577053
 5.61347923 5.64703069 5.39083383 5.29626069 5.31065054 5.2512817
 5.27081134 5.13947251 5.18139603 5.17474696 5.15751426 5.14966788
 5.05529989 4.91553045 4.87841115 4.82418867 4.73480161 4.72987321
 4.70177883 4.68999908 4.7263082  4.69104813 4.68651262 4.65345541
 4.69379137 4.68948386 4.60741237 4.55238495 4.60284567 4.6539515
 4.64594225 4.70137782 4.70742046 4.71088708 4.76417656 4.74919494
 4.80720349 4.82608876 4.92910694 4.86655229 4.93759877 4.822584
 4.82938303 4.88667883 4.90412453 4.64416718 4.69974945 4.43693947
 4.06557751 3.88780264 3.92103225 3.90473534 3.90801958 3.87426017
 3.94027851 3.78713629 3.29495017 3.29851733 3.33754328 3.20085238
 3.24493804 3.02079278 2.97046128 3.00477969 3.02426826 3.07996635
 2.8041896  2.77897789 2.83247057 2.8980472  2.71048315 2.71751923
 2.7301624  2.78717828 2.82394996 2.83453963 2.84271347 2.95513838
 3.08738664 3.1022251  3.22329827 2.91909458 3.04467604 2.94754066
 3.06185912 3.14915018 3.22691725 3.28525393 3.42593597 3.52915523
 3.68200443 3.83016314 4.01687003 3.96522064 3.94616313 4.08400064
 4.01268771 4.1081854  4.22183598 4.32230052 4.29659137 4.33271353
 4.27963101 4.27886499 4.25687059 4.22178007 4.2550018  4.06861333
 3.9164054  3.70435134 3.66749356 3.56233305 3.56221891 3.52795553
 3.40185706 3.39309797 3.239361   3.09444581 3.09525218 3.13609643
 3.06597789 3.07377403 2.85968072 2.75430969 2.72143169 2.70833993
 2.70156283 2.7114144  2.60378593 2.64576492 2.55038344 2.57955435
 2.65079536 2.54280389 2.49201917 2.38923203 2.13678091 2.11303122
 2.00347253 1.99994711 2.02416796 2.06923259 1.95271712 2.00079856
 2.02712257 2.15507545 2.08691044 2.13216993 2.22064445 2.34684784
 2.41689436 2.56648575 2.49729929 2.52174138 2.6382722  2.73524819
 2.84372743 2.85828789 2.66304881 2.7681377  2.7552184  2.7108366
 2.54743312 2.5607216  2.46979329 2.46701312 2.41132955 2.382153
 2.41594019 2.16008529 2.04978695 2.04655742 2.01772091 1.79600247
 1.70370846 1.66273187 1.52618368 1.38160418 1.26076998 1.23130947
 1.19194819 1.11809752 1.11267658 1.095768   1.13052452 0.88786446
 0.63402704 0.47703461 0.23889119 0.22650549 0.06836012 0.0825481
 0.09505368 0.03692746]
Mus:
[[-1.77165624e-02 -6.43056398e-03]
 [-1.75350122e-02 -5.89379203e-03]
 [-1.78418048e-02 -6.17273990e-03]
 [-1.80626251e-02 -6.06186455e-03]
 [-1.82692781e-02 -6.40185643e-03]
 [-1.82430893e-02 -6.08948432e-03]
 [-1.91269591e-02 -7.05861486e-03]
 [-1.97475739e-02 -7.63049256e-03]
 [-1.78685449e-02 -6.25317497e-03]
 [-1.83150545e-02 -6.57184608e-03]
 [-1.75662264e-02 -6.02452736e-03]
 [-1.82415005e-02 -6.54661888e-03]
 [-1.74434558e-02 -6.01652125e-03]
 [-1.65721234e-02 -5.23127988e-03]
 [-1.65982340e-02 -5.07538160e-03]
 [-1.66377481e-02 -4.90009179e-03]
 [-1.71376783e-02 -5.02321543e-03]
 [-1.64563600e-02 -4.31666849e-03]
 [-1.78847089e-02 -5.32722240e-03]
 [-1.71501599e-02 -4.46351059e-03]
 [-1.69342216e-02 -4.01954725e-03]
 [-1.70120597e-02 -3.87469796e-03]
 [-1.63138434e-02 -3.07595520e-03]
 [-1.70742217e-02 -3.50130349e-03]
 [-1.64426360e-02 -2.90823542e-03]
 [-1.65048260e-02 -3.10655124e-03]
 [-1.66631155e-02 -3.23369633e-03]
 [-1.81776453e-02 -4.18551313e-03]
 [-1.85396541e-02 -4.38639848e-03]
 [-1.84433088e-02 -4.21026535e-03]
 [-1.91197377e-02 -4.65284474e-03]
 [-1.92939024e-02 -4.77643404e-03]
 [-1.79695226e-02 -3.71071836e-03]
 [-1.70710497e-02 -2.97653489e-03]
 [-1.69421826e-02 -2.93303956e-03]
 [-1.70306060e-02 -2.98692775e-03]
 [-1.79397706e-02 -3.68790980e-03]
 [-1.82749797e-02 -3.87521065e-03]
 [-1.94558855e-02 -4.60506370e-03]
 [-2.02401355e-02 -5.48134651e-03]
 [-2.11642236e-02 -6.18192926e-03]
 [-2.15812456e-02 -6.24292344e-03]
 [-2.09563505e-02 -5.81331691e-03]
 [-2.08810419e-02 -5.53946476e-03]
 [-2.12740842e-02 -5.97863039e-03]
 [-2.14961711e-02 -5.66497957e-03]
 [-2.08547842e-02 -5.49198873e-03]
 [-2.24412344e-02 -6.93743164e-03]
 [-2.16444358e-02 -6.16243435e-03]
 [-2.20396463e-02 -6.85917819e-03]
 [-2.02786922e-02 -5.83622232e-03]
 [-1.73179824e-02 -4.83011454e-03]
 [-1.70072727e-02 -4.69735079e-03]
 [-1.72614586e-02 -4.45347140e-03]
 [-1.85806714e-02 -6.03829464e-03]
 [-2.02166494e-02 -7.54622929e-03]
 [-2.05881093e-02 -8.04834627e-03]
 [-2.08346378e-02 -8.16691015e-03]
 [-1.86302830e-02 -7.05185113e-03]
 [-1.92776620e-02 -7.36868614e-03]
 [-1.95282046e-02 -7.67903170e-03]
 [-2.35405844e-02 -9.97044798e-03]
 [-1.56773143e-02 -5.91448136e-03]
 [-1.65546145e-02 -6.53384114e-03]
 [-1.61093418e-02 -6.48080138e-03]
 [-1.85064096e-02 -7.64876371e-03]
 [-1.97676662e-02 -8.38982873e-03]
 [-2.38033105e-02 -1.08110746e-02]
 [-2.22735070e-02 -9.92939714e-03]
 [-2.17204411e-02 -9.55217797e-03]
 [-2.25428771e-02 -1.00183114e-02]
 [-2.22409181e-02 -9.76685435e-03]
 [-1.93228070e-02 -7.98469689e-03]
 [-1.80567633e-02 -7.66295101e-03]
 [-1.62924211e-02 -7.06764264e-03]
 [-1.50113339e-02 -6.76734839e-03]
 [-1.85964983e-02 -8.77636950e-03]
 [-1.62627213e-02 -7.99082406e-03]
 [-1.22774448e-02 -6.18172158e-03]
 [-1.21095944e-02 -6.51987037e-03]
 [-1.00091891e-02 -6.03995239e-03]
 [-8.52377713e-03 -5.44838095e-03]
 [-3.59419733e-03 -3.24670807e-03]
 [-2.53655948e-03 -3.01686791e-03]
 [-1.38595887e-03 -2.61778245e-03]
 [-6.59422833e-04 -2.22004019e-03]
 [ 2.34862999e-03 -7.94859428e-04]
 [ 2.18544126e-04 -1.86447299e-03]
 [ 3.09403124e-03 -2.87635688e-04]
 [ 7.25498656e-03  2.40277871e-03]
 [ 8.34045745e-03  2.90354597e-03]
 [ 9.51729808e-03  3.78691358e-03]
 [ 1.07912933e-02  4.74982988e-03]
 [ 1.14976531e-02  5.74506307e-03]
 [ 1.16695073e-02  5.92999393e-03]
 [ 1.19948331e-02  5.37086884e-03]
 [ 1.23839593e-02  5.91348344e-03]
 [ 1.27291884e-02  6.42694440e-03]
 [ 1.32931545e-02  6.75322674e-03]
 [ 1.39231253e-02  6.25024969e-03]
 [ 1.37960203e-02  6.82830624e-03]
 [ 1.44584114e-02  7.46380677e-03]
 [ 1.59356035e-02  8.19514878e-03]
 [ 1.56090688e-02  8.18243809e-03]
 [ 1.51884155e-02  8.06834456e-03]
 [ 1.52811147e-02  7.84052815e-03]
 [ 1.51562225e-02  8.28516390e-03]
 [ 1.54725872e-02  8.03566724e-03]
 [ 1.55748464e-02  8.62350501e-03]
 [ 1.53843313e-02  8.90804641e-03]
 [ 1.63293071e-02  9.11025610e-03]
 [ 1.76139157e-02  9.35149845e-03]
 [ 1.83542781e-02  9.36113112e-03]
 [ 1.75776817e-02  9.56138037e-03]
 [ 1.76380966e-02  9.54082888e-03]
 [ 1.49036050e-02  8.99333786e-03]
 [ 1.55378859e-02  8.52934644e-03]
 [ 1.47041855e-02  7.99479708e-03]
 [ 1.53827826e-02  7.64456345e-03]
 [ 1.31903226e-02  6.78038131e-03]
 [ 1.14987483e-02  6.04548538e-03]
 [ 1.09796021e-02  5.45774819e-03]
 [ 1.19751506e-02  4.99017723e-03]
 [ 9.82202590e-03  4.55341954e-03]
 [ 9.37849097e-03  3.81573662e-03]
 [ 8.67207721e-03  3.28778801e-03]
 [ 7.43054505e-03  2.27165478e-03]
 [ 6.60783052e-03  2.21881038e-03]
 [ 4.34451783e-03  1.55917951e-03]
 [ 3.25546879e-03  9.49973357e-04]
 [ 2.41615553e-03  1.00045046e-03]
 [ 3.04446719e-03  5.70476521e-04]
 [ 3.10325483e-03  4.33348876e-04]
 [ 4.77481587e-03  6.59421901e-04]
 [ 5.58472099e-03  1.14983949e-03]
 [ 5.29047195e-03  1.18231238e-03]
 [ 3.23813269e-03  8.54923215e-04]
 [ 2.67140241e-03  7.22277502e-04]
 [ 2.83438363e-03  5.97675971e-04]
 [ 1.90887996e-03  8.86837777e-04]
 [ 6.11296506e-04  6.33297313e-04]
 [ 1.00211077e-03  7.83630239e-04]
 [-9.72367357e-04  8.39602551e-04]
 [-2.49454961e-03  6.10489747e-04]
 [-2.11976538e-03  7.31980719e-04]
 [-3.38866725e-03  5.21704729e-04]
 [-3.56288161e-03  2.38832072e-04]
 [-3.01865279e-03  8.00643349e-04]
 [-2.87775905e-03  1.53105613e-03]
 [-1.52491557e-03  1.64164486e-03]
 [ 2.90105090e-04  1.61101366e-03]
 [ 2.27504550e-03  2.00041523e-03]
 [ 3.07791890e-03  2.92034680e-03]
 [ 2.52786092e-03  3.15131922e-03]
 [ 2.43915385e-03  3.06630693e-03]
 [ 2.33238284e-03  2.59775855e-03]
 [ 1.63262454e-03  2.75083771e-03]
 [ 2.30848254e-03  2.68735294e-03]
 [ 2.42039282e-03  2.26668664e-03]
 [ 2.21289787e-03  2.52304203e-03]
 [ 1.54238136e-03  2.21541594e-03]
 [ 8.83069530e-04  2.13921815e-03]
 [ 6.97364958e-05  1.41049840e-03]
 [-8.73346988e-04  6.28161710e-04]
 [-1.26595434e-03  7.44797406e-04]
 [-3.37978569e-03 -1.93594475e-04]
 [-6.05163304e-03 -1.23786682e-03]
 [-7.82087725e-03 -1.69714785e-03]
 [-9.59519297e-03 -1.64700125e-03]
 [-1.26401084e-02 -2.62132054e-03]
 [-1.64925437e-02 -4.07795468e-03]
 [-1.90167986e-02 -4.79254033e-03]
 [-2.29409505e-02 -6.53416477e-03]
 [-2.42336169e-02 -6.92812772e-03]
 [-2.56691147e-02 -7.43323611e-03]
 [-2.73321923e-02 -8.13644845e-03]
 [-2.61838790e-02 -7.41766021e-03]
 [-2.54991408e-02 -6.94952253e-03]
 [-2.54776198e-02 -6.77540712e-03]
 [-2.28272770e-02 -5.11966366e-03]
 [-2.20348872e-02 -4.58600977e-03]
 [-2.08366252e-02 -3.79981939e-03]
 [-1.90186705e-02 -2.70068971e-03]
 [-1.64198000e-02 -1.35505339e-03]
 [-1.32837817e-02  7.29393141e-05]
 [-1.05192326e-02  1.18257408e-03]
 [-7.59597169e-03  2.30813981e-03]
 [-4.34097461e-03  3.55775491e-03]
 [-8.25049123e-04  4.88221273e-03]
 [ 1.81561499e-03  5.48728928e-03]
 [ 4.55657346e-03  6.44956343e-03]
 [ 6.36218814e-03  7.27101834e-03]
 [ 9.95261967e-03  8.31762422e-03]
 [ 1.28958225e-02  9.87577531e-03]
 [ 1.58805139e-02  1.07079102e-02]
 [ 1.66501552e-02  1.05759623e-02]
 [ 1.86950304e-02  1.15274908e-02]
 [ 1.95713639e-02  1.18262991e-02]
 [ 2.04030089e-02  1.21270521e-02]
 [ 1.99691951e-02  1.23133734e-02]]
Actions:
[[ 2.52844562e-01 -1.29590188e-01]
 [-1.66999490e-01 -7.07488298e-02]
 [ 2.39617786e-01  1.23946006e-01]
 [-3.19686931e-02  2.63486565e-01]
 [ 5.06243794e-02 -1.73715888e-01]
 [-4.60860847e-01  6.97142646e-02]
 [-7.76116715e-02  2.73000691e-01]
 [ 4.77221034e-01 -1.16556374e-02]
 [ 9.24420910e-02  3.56246611e-01]
 [ 9.41462252e-02  1.55630776e-02]
 [-8.98583751e-02  3.45842151e-01]
 [-1.50385326e-01 -2.05713761e-01]
 [ 3.11554147e-01  8.35534022e-02]
 [-5.76338297e-02 -3.97411556e-02]
 [ 8.94111884e-02  1.13086483e-01]
 [ 4.19907772e-02  2.19785847e-01]
 [ 9.54178386e-02 -1.22587456e-01]
 [-3.66620843e-01  2.78875917e-01]
 [ 3.69057189e-02 -4.02042130e-01]
 [ 5.13710164e-02 -1.90009554e-01]
 [ 1.42740774e-01  1.19208584e-01]
 [ 1.96757563e-01 -1.79958166e-01]
 [-2.60054895e-01 -4.84779315e-03]
 [ 1.29132768e-01 -1.18896881e-01]
 [-2.92075829e-01 -7.11603634e-02]
 [-1.35164483e-01 -4.76986087e-02]
 [-1.53893593e-01  2.51613294e-01]
 [ 4.52473682e-02  1.45915848e-01]
 [ 1.49533944e-01  8.12694799e-02]
 [-1.93418709e-01 -3.19967429e-02]
 [ 7.89138920e-02  1.34779380e-01]
 [ 1.71553620e-01 -2.65611405e-01]
 [ 2.12630310e-01 -8.95874948e-02]
 [-4.62958765e-02 -5.26096708e-03]
 [-1.34247615e-01 -9.63914858e-02]
 [-3.49015539e-01 -3.73216054e-02]
 [ 7.33187672e-03  4.22049028e-02]
 [ 9.93729228e-03  2.22692560e-01]
 [-3.58442449e-01  7.05678252e-02]
 [-9.19044714e-02  1.33983810e-01]
 [ 2.08103368e-01  7.14577801e-02]
 [-7.61181109e-02 -2.54159757e-01]
 [ 1.78130755e-01 -6.54635406e-02]
 [-1.14903705e-01  8.82065144e-02]
 [ 3.24322270e-01 -5.01858659e-02]
 [-2.30499563e-01 -1.66966138e-01]
 [-1.97603707e-01  4.39142261e-01]
 [ 1.79215126e-01 -2.55890254e-01]
 [-2.87959501e-01  1.18195851e-01]
 [ 9.21181868e-03 -3.48293951e-01]
 [-5.08706760e-01 -4.59946791e-01]
 [ 9.09488871e-02 -5.40823284e-02]
 [ 4.72288007e-01  5.71285157e-02]
 [-2.00697967e-01  5.91422366e-01]
 [-2.26050901e-01  3.99971872e-01]
 [-1.77895871e-01  1.74711391e-02]
 [ 1.61336185e-01  7.43095224e-02]
 [ 2.95651299e-02 -2.58281005e-01]
 [ 1.55455501e-01  1.16666406e-01]
 [-6.26097388e-02  1.77317912e-02]
 [-5.88800870e-02  4.07227525e-01]
 [ 1.79741903e-01 -7.13038093e-01]
 [-4.57453807e-02  1.11538945e-01]
 [-3.49896524e-02 -1.00165468e-02]
 [ 1.55042356e-01  2.99335167e-01]
 [-7.23109904e-02  9.05408209e-02]
 [-1.18287602e-01  4.80896410e-01]
 [ 2.53588886e-01  1.73042148e-02]
 [-7.58650783e-02 -2.16735640e-01]
 [ 6.03966054e-02  1.60975161e-01]
 [ 8.19859008e-02 -2.19207300e-02]
 [-9.14314623e-02 -6.20991225e-01]
 [-2.92097406e-01 -2.09179943e-01]
 [-9.20629031e-02 -1.06079901e-01]
 [-1.22421222e-01 -4.84061912e-02]
 [ 1.77337572e-03  4.51109330e-01]
 [-2.58710318e-01 -2.12897115e-01]
 [ 1.19139605e-01 -1.73451883e-01]
 [-1.15528442e-01  1.48004804e-01]
 [-2.99165748e-01 -9.76939003e-02]
 [ 1.88675053e-01  1.32954855e-01]
 [-9.60754217e-02 -3.48676300e-01]
 [-1.41003811e-01  2.04120192e-02]
 [ 1.30114790e-02  7.70796316e-02]
 [ 2.44888015e-01  1.73811876e-01]
 [-6.25728252e-02 -2.25818714e-01]
 [ 2.43589575e-01  5.55177725e-01]
 [ 1.23272268e-01 -1.27751410e-01]
 [ 4.12746015e-01 -2.19797166e-01]
 [-1.26338532e-01 -2.54816276e-01]
 [ 2.28016072e-01 -2.31590772e-02]
 [ 1.24670303e-02 -3.36593846e-01]
 [ 1.53840752e-01 -3.06797161e-01]
 [ 1.17916028e-01  3.12140806e-02]
 [-2.49375846e-01  1.56368458e-01]
 [ 1.30962070e-02 -2.19893668e-01]
 [ 1.37168369e-01 -1.18148392e-01]
 [-9.54433976e-02 -1.07647926e-01]
 [-5.04607514e-01  8.67712055e-02]
 [ 3.72395202e-01 -1.31743163e-02]
 [ 1.00009735e-02 -1.72953085e-01]
 [-3.95327305e-01 -3.45566640e-01]
 [ 6.97202195e-02  3.52981021e-02]
 [-2.17217501e-04 -8.26847022e-03]
 [-1.00265970e-01  8.55876619e-02]
 [ 3.07473187e-01 -4.38633523e-02]
 [-3.15720867e-01 -6.40858298e-02]
 [-7.10184431e-02 -3.77457400e-01]
 [ 1.16073705e-01 -1.43661627e-01]
 [ 1.65683974e-01  1.26814192e-01]
 [-2.37779549e-01 -1.94759703e-01]
 [ 3.41883124e-02  8.70621086e-02]
 [ 3.93880530e-01 -1.59926537e-02]
 [ 2.54744846e-01  2.53302081e-01]
 [ 3.10049408e-01 -2.37468272e-01]
 [-2.60949648e-01  7.74005138e-02]
 [ 1.59962744e-01  2.26487940e-01]
 [-1.87889693e-01  1.25730411e-01]
 [ 9.78851210e-02 -1.88907252e-03]
 [-1.83535870e-01 -3.03763549e-01]
 [-9.49619948e-02  1.12796174e-01]
 [-4.83437673e-01  6.64353970e-03]
 [ 1.98932977e-01 -1.97812043e-01]
 [-1.86353408e-01  1.33610653e-01]
 [-1.18862965e-01 -3.81859624e-04]
 [-4.80377254e-02  3.25977386e-01]
 [ 1.07074870e-01 -7.09419686e-02]
 [ 3.46694957e-01  2.61979942e-01]
 [ 1.00753203e-01  3.23050888e-01]
 [ 1.83916413e-01 -1.01094054e-01]
 [-2.74403346e-01  1.89904188e-01]
 [ 3.13804474e-02  1.87859668e-01]
 [-3.14227542e-01 -8.00171944e-02]
 [-1.86617100e-01 -3.76146364e-01]
 [-2.07809021e-03 -9.02853113e-02]
 [ 2.98817127e-01  4.53586803e-02]
 [ 8.88228249e-02  4.67789334e-02]
 [-1.08159756e-01  2.08753580e-02]
 [ 2.18428136e-01 -2.76288981e-01]
 [ 2.26226275e-01  1.07745654e-01]
 [-2.07570033e-01 -4.31463386e-01]
 [ 4.44532500e-01 -1.72114541e-01]
 [ 2.40262063e-01 -5.37012470e-02]
 [-2.77804977e-01 -4.53831353e-01]
 [ 2.08547124e-01 -1.92590145e-02]
 [ 1.27258545e-02  2.64543150e-01]
 [ 8.87841449e-02 -2.59751405e-01]
 [ 3.46638539e-01 -2.54281783e-01]
 [-1.25048313e-01  3.07392625e-01]
 [-4.51166329e-01  3.23953693e-02]
 [-2.94126580e-01 -1.38899875e-01]
 [ 3.75300137e-01 -2.68599702e-02]
 [ 2.43732193e-01 -1.03050866e-01]
 [ 1.10667237e-01  1.71222916e-01]
 [-1.89250913e-01  1.18462678e-01]
 [ 2.20823788e-01 -1.65674837e-01]
 [-1.42245648e-01  8.55911150e-02]
 [-2.11267582e-02  4.36944991e-01]
 [ 2.66618599e-01 -3.25245526e-02]
 [ 5.37784203e-02  5.17055672e-02]
 [ 4.01749548e-02 -2.04228153e-01]
 [-1.93887531e-01  7.06121533e-02]
 [ 1.52213090e-01 -1.05345327e-01]
 [ 4.21058247e-01  1.49231652e-01]
 [-1.88430308e-02 -5.37924067e-03]
 [-4.31707127e-02 -3.81750250e-01]
 [ 2.52841677e-01  1.18067189e-01]
 [ 3.49418472e-01 -2.81287437e-01]
 [ 1.15241970e-01 -1.44458127e-01]
 [-5.62694932e-02 -3.94808939e-01]
 [ 1.03774873e-01  5.04724372e-02]
 [-4.01795256e-01 -1.74674057e-01]
 [-2.93814625e-02 -2.67198999e-01]
 [-7.75170704e-02  2.82209850e-02]
 [-2.44173738e-01 -5.22439377e-01]
 [ 2.25489802e-01  8.43192466e-02]
 [ 5.16448323e-02 -2.52734260e-02]
 [ 6.88077407e-02  8.12641290e-02]
 [ 3.76302255e-01 -1.33567703e-01]
 [ 1.24918272e-01  1.64666844e-01]
 [ 9.55869131e-02  6.48253750e-03]
 [-1.00983332e-01 -3.94921719e-01]
 [ 2.14357296e-01  1.24655727e-01]
 [ 7.02513361e-02 -2.96214154e-01]
 [ 3.03018708e-02 -1.71613804e-02]
 [ 3.68910545e-02  1.22757058e-01]
 [ 1.33668678e-01  1.66020943e-01]
 [ 8.29175350e-02  3.77721215e-02]
 [-1.38342927e-01  2.22232598e-01]
 [-8.38352011e-02 -1.40477183e-01]
 [-1.85322458e-01 -5.45999406e-01]
 [ 1.06316643e-01  4.68375364e-01]
 [ 3.18632024e-01 -2.10270490e-01]
 [ 1.40083288e-01  4.41572545e-01]
 [-2.56276265e-01 -4.56737981e-02]
 [ 3.52596378e-01  1.05705078e-01]
 [ 9.63608902e-02 -9.82776227e-02]
 [-1.13885705e-01 -1.74213312e-01]
 [ 2.04171095e-01 -2.40529066e-01]
 [-2.84897810e-01 -2.92135263e-02]]
States:
[[0.99947778 0.99795845 0.486345   0.45655376 0.51326993 0.59742326]
 [0.99968252 0.99771336 0.49145906 0.45402505 0.57812521 0.56343234]
 [0.99987441 0.99702825 0.49817707 0.44760474 0.53402114 0.54557737]
 ...
 [0.03845736 0.         0.71726157 0.28492029 1.         0.72193011]
 [0.01312607 0.         0.64585962 0.27129755 0.97685001 0.67381207]
 [0.         0.         0.57109916 0.26537142 1.         0.6092702 ]]
Logstds:
[[-3. -3.]
 [-3. -3.]
 [-3. -3.]
 [-3. -3.]
 [-3. -3.]
 [-3. -3.]
 [-3. -3.]
 [-3. -3.]
 [-3. -3.]
 [-3. -3.]
 [-3. -3.]
 [-3. -3.]
 [-3. -3.]
 [-3. -3.]
 [-3. -3.]
 [-3. -3.]
 [-3. -3.]
 [-3. -3.]
 [-3. -3.]
 [-3. -3.]
 [-3. -3.]
 [-3. -3.]
 [-3. -3.]
 [-3. -3.]
 [-3. -3.]
 [-3. -3.]
 [-3. -3.]
 [-3. -3.]
 [-3. -3.]
 [-3. -3.]
 [-3. -3.]
 [-3. -3.]
 [-3. -3.]
 [-3. -3.]
 [-3. -3.]
 [-3. -3.]
 [-3. -3.]
 [-3. -3.]
 [-3. -3.]
 [-3. -3.]
 [-3. -3.]
 [-3. -3.]
 [-3. -3.]
 [-3. -3.]
 [-3. -3.]
 [-3. -3.]
 [-3. -3.]
 [-3. -3.]
 [-3. -3.]
 [-3. -3.]
 [-3. -3.]
 [-3. -3.]
 [-3. -3.]
 [-3. -3.]
 [-3. -3.]
 [-3. -3.]
 [-3. -3.]
 [-3. -3.]
 [-3. -3.]
 [-3. -3.]
 [-3. -3.]
 [-3. -3.]
 [-3. -3.]
 [-3. -3.]
 [-3. -3.]
 [-3. -3.]
 [-3. -3.]
 [-3. -3.]
 [-3. -3.]
 [-3. -3.]
 [-3. -3.]
 [-3. -3.]
 [-3. -3.]
 [-3. -3.]
 [-3. -3.]
 [-3. -3.]
 [-3. -3.]
 [-3. -3.]
 [-3. -3.]
 [-3. -3.]
 [-3. -3.]
 [-3. -3.]
 [-3. -3.]
 [-3. -3.]
 [-3. -3.]
 [-3. -3.]
 [-3. -3.]
 [-3. -3.]
 [-3. -3.]
 [-3. -3.]
 [-3. -3.]
 [-3. -3.]
 [-3. -3.]
 [-3. -3.]
 [-3. -3.]
 [-3. -3.]
 [-3. -3.]
 [-3. -3.]
 [-3. -3.]
 [-3. -3.]
 [-3. -3.]
 [-3. -3.]
 [-3. -3.]
 [-3. -3.]
 [-3. -3.]
 [-3. -3.]
 [-3. -3.]
 [-3. -3.]
 [-3. -3.]
 [-3. -3.]
 [-3. -3.]
 [-3. -3.]
 [-3. -3.]
 [-3. -3.]
 [-3. -3.]
 [-3. -3.]
 [-3. -3.]
 [-3. -3.]
 [-3. -3.]
 [-3. -3.]
 [-3. -3.]
 [-3. -3.]
 [-3. -3.]
 [-3. -3.]
 [-3. -3.]
 [-3. -3.]
 [-3. -3.]
 [-3. -3.]
 [-3. -3.]
 [-3. -3.]
 [-3. -3.]
 [-3. -3.]
 [-3. -3.]
 [-3. -3.]
 [-3. -3.]
 [-3. -3.]
 [-3. -3.]
 [-3. -3.]
 [-3. -3.]
 [-3. -3.]
 [-3. -3.]
 [-3. -3.]
 [-3. -3.]
 [-3. -3.]
 [-3. -3.]
 [-3. -3.]
 [-3. -3.]
 [-3. -3.]
 [-3. -3.]
 [-3. -3.]
 [-3. -3.]
 [-3. -3.]
 [-3. -3.]
 [-3. -3.]
 [-3. -3.]
 [-3. -3.]
 [-3. -3.]
 [-3. -3.]
 [-3. -3.]
 [-3. -3.]
 [-3. -3.]
 [-3. -3.]
 [-3. -3.]
 [-3. -3.]
 [-3. -3.]
 [-3. -3.]
 [-3. -3.]
 [-3. -3.]
 [-3. -3.]
 [-3. -3.]
 [-3. -3.]
 [-3. -3.]
 [-3. -3.]
 [-3. -3.]
 [-3. -3.]
 [-3. -3.]
 [-3. -3.]
 [-3. -3.]
 [-3. -3.]
 [-3. -3.]
 [-3. -3.]
 [-3. -3.]
 [-3. -3.]
 [-3. -3.]
 [-3. -3.]
 [-3. -3.]
 [-3. -3.]
 [-3. -3.]
 [-3. -3.]
 [-3. -3.]
 [-3. -3.]
 [-3. -3.]
 [-3. -3.]
 [-3. -3.]
 [-3. -3.]
 [-3. -3.]
 [-3. -3.]
 [-3. -3.]
 [-3. -3.]
 [-3. -3.]]
