Baseline:
[1.3793713 1.3796607 1.3554182 1.3617563 1.338413  1.3374978 1.3310705
 1.3293644 1.3469936 1.328493  1.3233854 1.3400034 1.3112615 1.2913522
 1.2890773 1.2840904 1.3107007 1.3348527 1.3527125 1.3452524 1.3700854
 1.3681732 1.3522502 1.3525844 1.351503  1.3826042 1.3854603 1.3773429
 1.388529  1.3513722 1.3252892 1.3468726 1.3241639 1.3154818 1.3036761
 1.3029163 1.3203313 1.3246486 1.3288636 1.3100904 1.2892071 1.289023
 1.3025018 1.3026356 1.3438255 1.3342849 1.3085654 1.3460995 1.3608369
 1.3477457 1.3534579 1.3579458 1.3481866 1.3446921 1.3602172 1.3594602
 1.3849095 1.3756713 1.4005553 1.4136451 1.3755927 1.395723  1.3983083
 1.3988506 1.4199334 1.4112728 1.374097  1.3942741 1.419818  1.4122846
 1.4066015 1.4238619 1.4353052 1.3998173 1.3769542 1.3878189 1.3960791
 1.4089528 1.3822516 1.3820552 1.4120306 1.4006313 1.4252173 1.4071466
 1.4237381 1.4512925 1.4633545 1.4646908 1.4551839 1.4312679 1.4539543
 1.4539157 1.4663421 1.4753954 1.4940474 1.475681  1.4745723 1.4665347
 1.4748039 1.4623512 1.4349979 1.4453636 1.4219366 1.4081678 1.3928162
 1.3957809 1.3747516 1.3625988 1.3353752 1.3358699 1.3197714 1.3176848
 1.3489273 1.3482589 1.3184539 1.3051323 1.3043467 1.3010496 1.3114558
 1.2981316 1.2659389 1.2472492 1.2118512 1.1900582 1.2098355 1.2177197
 1.2240913 1.2374207 1.244537  1.2619797 1.2707938 1.3041247 1.3056375
 1.3095127 1.3404412 1.3098888 1.3402532 1.3296398 1.3630737 1.3461846
 1.3184392 1.3215455 1.3341109 1.3435999 1.3304266 1.3493656 1.3380355
 1.326917  1.3181225 1.3360705 1.3334996 1.3465539 1.361199  1.3599564
 1.3454477 1.3157264 1.3069304 1.2989918 1.3017527 1.3008288 1.3060805
 1.3167084 1.2965335 1.2958956 1.2779934 1.2558968 1.2697669 1.2654898
 1.3005689 1.3283734 1.3210107 1.3410512 1.3516465 1.3568146 1.3457654
 1.3525416 1.365667  1.3775595 1.3658203 1.371326  1.3890489 1.395637
 1.4051236 1.425185  1.4282322 1.4247116 1.4176521 1.4311556 1.4506811
 1.4448704 1.4391338 1.4200777 1.4218146 1.4092325 1.4118229 1.3674797
 1.3432456 1.3496205 1.3416629 1.3549806 1.3549806]
Returns:
[7.89777972 7.8632626  7.90030587 7.91177279 7.95740027 7.93757154
 8.01808466 8.10169272 8.07855808 8.06234149 8.15519349 8.17570089
 8.14480488 8.07668048 8.14646871 8.03005527 7.99354137 7.99524742
 7.98528617 8.03120531 7.89528083 7.95701139 8.00397966 8.07927455
 8.15303465 8.07663017 8.10113329 7.93350063 7.96876046 7.80297596
 7.79736009 7.79296852 7.81373599 7.77047368 7.81581802 7.86938888
 7.87855192 7.9235889  7.9383527  7.84005811 7.87119215 7.96092534
 8.02687589 8.0808266  7.92274194 7.98226964 8.00305944 7.94275251
 7.99602594 8.0500463  8.11826675 8.21765447 8.31585802 8.30245177
 8.40073248 8.10020191 8.0421205  8.14174745 8.15840938 8.2408143
 8.20300513 8.21039228 8.29656473 8.2018394  8.20597712 8.21491572
 8.06279116 7.8715601  7.80518959 7.70356189 7.7590216  7.78876542
 7.78198956 7.68912264 7.72754301 7.64612661 7.70581821 7.75157398
 7.74489751 7.79706723 7.61425953 7.67709634 7.57899463 7.58831391
 7.59875207 7.53799525 7.55520504 7.64422633 7.56986846 7.48743322
 7.43888528 7.52500378 7.57722188 7.65239146 7.68880891 7.71028508
 7.78982804 7.82636261 7.91936378 7.97158823 7.55591654 7.54348475
 7.53889592 7.63073747 7.71840703 7.75348268 7.79109902 7.87620376
 7.81390606 7.74702528 7.78442054 7.78219717 7.62440261 7.56812751
 7.52310969 7.49359703 7.47451255 7.50864748 7.51879251 7.46341338
 7.43027194 7.30907918 7.18760354 7.13361383 7.1524829  6.99570465
 6.73921522 6.74693707 6.74361537 6.63324103 6.64182879 6.51105161
 6.54876039 6.58607556 6.42434693 6.31664866 6.21645921 6.18065012
 6.05476019 5.97226294 5.80100149 5.74165025 5.66295174 5.65272373
 5.6112977  5.5801328  5.54931843 5.49082282 5.38203356 5.11456367
 5.07185581 5.04425729 4.84784426 4.86694845 4.70550421 4.65421165
 4.68705681 4.74373299 4.68765793 4.71819887 4.74326282 4.71932423
 4.76060039 4.76174829 4.78007395 4.7642435  4.70817715 4.69921922
 4.56827784 4.55593196 4.58295455 4.60323939 4.55750045 4.54301577
 4.57227424 4.59957019 4.55554643 4.30860447 4.33745731 4.34014623
 4.30180968 4.35174015 4.38838617 4.15280961 3.94842699 3.90631722
 3.47761278 3.36998004 2.46933303 2.3819292  2.28896484 2.06413759
 1.8345528  1.72809511 1.58332661 1.06647595 0.74924697 0.52886331
 0.35620332 0.16980529]
Advants:
[4.10149397 4.06132106 4.11867879 4.11970356 4.1863537  4.1643369
 4.25059873 4.33781499 4.29785459 4.30108092 4.40309295 4.4115002
 4.4141822  4.36972409 4.44809296 4.34006317 4.27867284 4.2574142
 4.23002111 4.28551574 4.12208202 4.18478878 4.24860946 4.32689712
 4.40766365 4.3032628  4.32894865 4.16888278 4.19310357 4.06065716
 4.07761347 4.04702524 4.08683976 4.0472164  4.10066125 4.1526515
 4.1416044  4.18055036 4.18950048 4.10578491 4.15485953 4.24436441
 4.29801147 4.35476818 4.15252063 4.22049885 4.26726365 4.16667385
 4.20341872 4.27066237 4.33524711 4.43533545 4.55226777 4.55178309
 4.6473283  4.35216239 4.27104843 4.38590317 4.38392666 4.46216312
 4.47209532 4.46947238 4.56662687 4.48313612 4.4784469  4.50989046
 4.40641016 4.20090904 4.11256217 4.01942921 4.08350627 4.09956003
 4.08465179 4.02909116 4.09424341 4.00330655 4.05778737 4.09499544
 4.12033404 4.18008636 3.96873777 4.04682646 3.92452529 3.95318162
 3.94821218 3.85845442 3.86219181 3.95105808 3.88548332 3.82436874
 3.74811486 3.83148958 3.86949255 3.93571237 3.9541397  3.99593289
 4.08119563 4.13215016 4.2264288  4.30346628 3.91655137 3.89457178
 3.91488016 4.02535217 4.13683549 4.1791225  4.25062493 4.36484229
 4.34708801 4.29642418 4.36970742 4.39104185 4.21945851 4.18107268
 4.18407708 4.18715436 4.18919937 4.24986594 4.27481051 4.25880803
 4.28610165 4.21107644 4.15215535 4.1484329  4.17839639 4.04214308
 3.80198136 3.82083344 3.83661586 3.73329983 3.75965476 3.6193168
 3.6824272  3.74610856 3.58031061 3.5299259  3.42437522 3.42553338
 3.28988089 3.24793143 3.12565083 3.0843061  3.013131   3.01460421
 3.008473   2.98082546 2.98510815 2.96205707 2.88536825 2.61641431
 2.59290243 2.56903355 2.36966159 2.40331945 2.26628447 2.25478997
 2.30865408 2.38853155 2.34443882 2.39287587 2.43171902 2.4167355
 2.50133841 2.52830335 2.59297574 2.63030337 2.59191149 2.62131764
 2.48715314 2.48033079 2.55194667 2.59260079 2.57837646 2.60381295
 2.69429762 2.7699034  2.77076525 2.5668784  2.66835457 2.73152123
 2.74533222 2.86583774 2.97757373 2.80581071 2.68298549 2.73501472
 2.39866715 2.36634805 1.51409965 1.50369362 1.49101938 1.35978862
 1.20220295 1.18544127 1.11720813 0.71595328 0.49121891 0.3315229
 0.23450176 0.10205626]
Mus:
[[-1.62769239e-02 -5.30836359e-03]
 [-1.74757168e-02 -6.39535207e-03]
 [-1.65592898e-02 -6.10750681e-03]
 [-1.72185916e-02 -6.85214018e-03]
 [-1.57966129e-02 -6.49355212e-03]
 [-1.47053348e-02 -5.72814280e-03]
 [-1.40590519e-02 -5.72752580e-03]
 [-1.32894730e-02 -5.77490451e-03]
 [-1.38585931e-02 -6.35074219e-03]
 [-1.11066829e-02 -5.09663578e-03]
 [-9.95580666e-03 -4.72228136e-03]
 [-1.01893041e-02 -5.01204887e-03]
 [-7.40037765e-03 -3.81002808e-03]
 [-5.69488993e-03 -2.73522502e-03]
 [-4.86980239e-03 -2.80356454e-03]
 [-4.59376443e-03 -2.09137285e-03]
 [-4.74652741e-03 -2.61503737e-03]
 [-5.30767767e-03 -3.02906265e-03]
 [-5.82088297e-03 -3.00428923e-03]
 [-4.95775696e-03 -3.07421130e-03]
 [-6.83365948e-03 -4.55109263e-03]
 [-4.98705124e-03 -3.63176619e-03]
 [-2.84609548e-03 -2.93827709e-03]
 [-1.67183671e-03 -2.44127936e-03]
 [-7.24425365e-04 -1.99349457e-03]
 [-1.68669131e-03 -2.41679791e-03]
 [-7.97957473e-04 -1.63040275e-03]
 [ 2.59573833e-04 -9.24758133e-05]
 [-2.11255596e-04 -5.72832418e-04]
 [ 4.20747965e-04  2.01886098e-04]
 [ 1.60332478e-03  4.80582938e-04]
 [ 7.94498017e-04 -2.13877574e-04]
 [ 2.19470565e-03  1.79210489e-04]
 [ 2.64002965e-03  8.91416508e-04]
 [ 3.29723069e-03  9.33801697e-04]
 [ 3.45591013e-03  1.00741698e-03]
 [ 3.17638717e-03  4.79621493e-04]
 [ 3.11964122e-03  5.99072955e-04]
 [ 3.38878413e-03  1.01159196e-04]
 [ 4.98095341e-03 -2.00572176e-04]
 [ 7.18112849e-03  4.46035701e-04]
 [ 8.78284965e-03  9.37163946e-04]
 [ 9.46081989e-03  1.33108126e-03]
 [ 1.07050529e-02  2.23940401e-03]
 [ 1.03286169e-02  2.46093352e-03]
 [ 1.14558600e-02  3.15951603e-03]
 [ 1.30699649e-02  3.82005610e-03]
 [ 1.25893690e-02  3.63395480e-03]
 [ 1.24569600e-02  3.89504433e-03]
 [ 1.29249245e-02  4.47427202e-03]
 [ 1.25018349e-02  4.69485344e-03]
 [ 1.21719688e-02  4.73475410e-03]
 [ 1.23014925e-02  4.66417195e-03]
 [ 1.11318240e-02  4.86927526e-03]
 [ 1.08087622e-02  4.56252368e-03]
 [ 7.48333149e-03  4.44474397e-03]
 [ 4.76799207e-03  3.77494912e-03]
 [ 3.43153952e-03  3.03078839e-03]
 [ 2.54521403e-03  2.54552090e-03]
 [ 2.09998176e-03  2.13808008e-03]
 [ 4.47595405e-04  1.58304034e-03]
 [ 2.00208728e-04  1.00252090e-03]
 [-9.40125552e-04  6.54024538e-04]
 [-3.03758518e-03  4.97022120e-04]
 [-4.40455321e-03  1.14902141e-04]
 [-6.18696958e-03 -2.18787434e-04]
 [-9.10028070e-03 -9.96242743e-04]
 [-1.20070344e-02 -1.56604906e-03]
 [-1.33570172e-02 -2.00459245e-03]
 [-1.46522094e-02 -2.86284229e-03]
 [-1.51825622e-02 -3.39605403e-03]
 [-1.60581414e-02 -3.97619652e-03]
 [-1.67686250e-02 -4.63602133e-03]
 [-1.70397703e-02 -5.05963759e-03]
 [-1.73373148e-02 -5.31700579e-03]
 [-1.74730364e-02 -4.89720562e-03]
 [-1.80124771e-02 -5.09148045e-03]
 [-1.84013937e-02 -5.07935137e-03]
 [-1.82378385e-02 -5.24518685e-03]
 [-1.87300835e-02 -5.85254701e-03]
 [-2.00591572e-02 -6.76420005e-03]
 [-1.94754656e-02 -6.47510681e-03]
 [-1.87814273e-02 -5.74903097e-03]
 [-1.78837571e-02 -5.30319940e-03]
 [-1.88167933e-02 -5.85190905e-03]
 [-1.88199170e-02 -5.74873434e-03]
 [-1.80199500e-02 -5.02148643e-03]
 [-1.78225283e-02 -5.06010232e-03]
 [-1.59976128e-02 -3.82371084e-03]
 [-1.49527425e-02 -3.20437015e-03]
 [-1.49384318e-02 -3.11127421e-03]
 [-1.49251325e-02 -3.24811880e-03]
 [-1.50695071e-02 -3.35680833e-03]
 [-1.45906676e-02 -3.05645540e-03]
 [-1.43798906e-02 -2.87251221e-03]
 [-1.36851780e-02 -2.64701666e-03]
 [-1.29234167e-02 -2.11659656e-03]
 [-1.38640953e-02 -2.81712366e-03]
 [-1.38349943e-02 -2.76234164e-03]
 [-1.31001081e-02 -2.27371627e-03]
 [-1.65376160e-02 -4.48000710e-03]
 [-1.66663658e-02 -4.37393691e-03]
 [-1.75010059e-02 -5.00288792e-03]
 [-1.80092137e-02 -5.38866874e-03]
 [-1.81656405e-02 -5.57792280e-03]
 [-1.84926167e-02 -5.84904337e-03]
 [-1.81442108e-02 -5.76272048e-03]
 [-1.80907566e-02 -6.11076364e-03]
 [-1.63476486e-02 -5.33779943e-03]
 [-1.51308058e-02 -4.64909710e-03]
 [-1.39997825e-02 -4.41071996e-03]
 [-1.42337745e-02 -5.18060289e-03]
 [-1.44961383e-02 -5.52548422e-03]
 [-1.53566906e-02 -6.70824386e-03]
 [-1.28045212e-02 -5.79813728e-03]
 [-1.31043661e-02 -6.75514527e-03]
 [-1.28123676e-02 -7.48518575e-03]
 [-1.03340074e-02 -6.70565991e-03]
 [-8.02539289e-03 -6.01189723e-03]
 [-3.53963929e-03 -3.92124336e-03]
 [-1.51805561e-05 -2.62595899e-03]
 [ 4.30401787e-03 -2.45076575e-04]
 [ 7.13472767e-03  1.16190850e-03]
 [ 9.74307396e-03  2.25339341e-03]
 [ 1.15325591e-02  2.82508996e-03]
 [ 1.33004924e-02  4.29297937e-03]
 [ 1.35095920e-02  5.36936894e-03]
 [ 1.41465170e-02  5.69844199e-03]
 [ 1.54582141e-02  5.68712782e-03]
 [ 1.52100557e-02  6.26708241e-03]
 [ 1.57865100e-02  6.04964048e-03]
 [ 1.54100042e-02  5.22316806e-03]
 [ 1.59616396e-02  5.37821744e-03]
 [ 1.65281333e-02  5.51197026e-03]
 [ 1.66699849e-02  6.19964302e-03]
 [ 1.74324270e-02  6.41127164e-03]
 [ 1.70299988e-02  5.82426554e-03]
 [ 1.77371856e-02  6.49424130e-03]
 [ 1.70898549e-02  6.22543320e-03]
 [ 1.75581034e-02  6.81605330e-03]
 [ 1.81926154e-02  7.37501960e-03]
 [ 1.72906425e-02  7.42163975e-03]
 [ 1.70363393e-02  6.57992205e-03]
 [ 1.62081067e-02  6.46049622e-03]
 [ 1.58875175e-02  6.39257999e-03]
 [ 1.50929559e-02  5.72639424e-03]
 [ 1.47171272e-02  5.73715009e-03]
 [ 1.50242802e-02  5.17336838e-03]
 [ 1.48770148e-02  5.68240276e-03]
 [ 1.22440541e-02  5.57604898e-03]
 [ 1.03085209e-02  5.04058693e-03]
 [ 8.49802792e-03  4.02542995e-03]
 [ 6.24437258e-03  3.74754611e-03]
 [ 4.32022009e-03  2.95193261e-03]
 [ 3.44016147e-03  1.55475631e-03]
 [ 2.67966790e-03  1.18691521e-03]
 [ 1.74341945e-03  7.85281358e-04]
 [ 8.93512275e-04  2.69521755e-04]
 [ 9.05550492e-04 -3.84395273e-04]
 [ 2.60879722e-04 -4.07464977e-04]
 [-3.72049777e-04 -5.45001531e-04]
 [-1.62256428e-03 -7.61841249e-04]
 [-1.25064014e-03 -8.95364850e-04]
 [ 1.17470030e-04 -9.85312159e-04]
 [ 1.75308343e-03 -7.62676820e-04]
 [ 3.82794789e-03 -2.81738787e-04]
 [ 2.01518554e-03 -3.24137800e-04]
 [ 4.03266866e-03 -1.86299425e-04]
 [ 3.55126220e-03 -5.04535332e-04]
 [ 3.61747714e-03 -5.87316987e-04]
 [ 4.84199729e-03 -9.42724218e-05]
 [ 4.29968815e-03  1.06886953e-04]
 [ 2.97752931e-03  3.25693924e-04]
 [ 2.03494239e-03  4.63440112e-04]
 [ 3.13914684e-03  4.47441504e-04]
 [ 2.33985134e-03  4.60017793e-04]
 [ 2.92559341e-03  9.41019898e-05]
 [ 1.15135859e-03  4.39780531e-04]
 [ 2.11284123e-03  2.90205382e-04]
 [ 3.15682217e-03  2.11128121e-04]
 [ 4.33502207e-03  1.29180946e-04]
 [ 5.33286482e-03  5.11876016e-04]
 [ 6.51343586e-03  7.78599177e-04]
 [ 7.64510408e-03  2.25212410e-04]
 [ 9.65788029e-03  1.67674370e-04]
 [ 1.05863353e-02  2.22156275e-04]
 [ 1.07752578e-02 -7.95908181e-06]
 [ 1.18457545e-02  8.24765535e-04]
 [ 1.32190958e-02  2.18506134e-03]
 [ 1.34321898e-02  2.39126245e-03]
 [ 1.32605406e-02  2.48868857e-03]
 [ 1.36338966e-02  3.32143903e-03]
 [ 1.14504779e-02  2.00179731e-03]
 [ 9.82771814e-03  1.49776263e-03]
 [ 1.17831174e-02  2.84945709e-03]
 [ 1.39285065e-02  4.46435809e-03]
 [ 1.17896115e-02  3.54344631e-03]
 [ 1.37879513e-02  5.12991333e-03]
 [ 1.34762619e-02  5.40650683e-03]
 [ 1.29312668e-02  5.36969909e-03]]
Actions:
[[-0.28702455  0.3027279 ]
 [-0.18078808 -0.17285343]
 [-0.15084275  0.27912967]
 [-0.20752259 -0.12396722]
 [ 0.19426599 -0.18728574]
 [-0.09522868  0.02022486]
 [-0.11053631  0.09845902]
 [ 0.00477183  0.32826725]
 [ 0.00461264 -0.29428057]
 [-0.00991659 -0.03763801]
 [ 0.08719272  0.21979446]
 [-0.13681406 -0.33634769]
 [ 0.07307294 -0.32798285]
 [-0.11257984  0.07338452]
 [ 0.25628675 -0.2725092 ]
 [ 0.02695368  0.33804916]
 [ 0.07978221  0.26302557]
 [ 0.2201782   0.10465065]
 [-0.22385707  0.04691436]
 [-0.0579787   0.48328889]
 [ 0.02653334 -0.11539658]
 [-0.16804267 -0.12451574]
 [ 0.02074589 -0.0256117 ]
 [ 0.02071739 -0.04134837]
 [ 0.20601562  0.30325998]
 [ 0.1575541  -0.08497931]
 [ 0.30099849 -0.34066508]
 [-0.01953174  0.19352845]
 [-0.08777036 -0.45174362]
 [-0.23607512 -0.17853662]
 [ 0.02116484  0.27021938]
 [-0.20446103 -0.15799542]
 [ 0.14016104 -0.21704684]
 [-0.14532881 -0.06038063]
 [ 0.00644919 -0.02892114]
 [-0.02800031  0.23295336]
 [ 0.08115587 -0.00984981]
 [-0.17716159  0.18270378]
 [-0.46001969  0.07584661]
 [-0.23356993 -0.12667039]
 [-0.07252233  0.02412443]
 [ 0.12075338  0.0698916 ]
 [ 0.11371857 -0.1106678 ]
 [ 0.4032268   0.25570516]
 [ 0.00697705 -0.14780306]
 [-0.19788142 -0.20637331]
 [ 0.24876057  0.29770683]
 [ 0.19105257  0.05436296]
 [ 0.0313824  -0.19895581]
 [ 0.15601402 -0.05319503]
 [ 0.08741979 -0.01317026]
 [-0.09638977 -0.05318858]
 [ 0.20687339 -0.23950402]
 [ 0.05299923  0.1627114 ]
 [ 0.43946352 -0.41518764]
 [ 0.3566602   0.03468096]
 [-0.0924206  -0.02303628]
 [ 0.12398468  0.26018681]
 [ 0.0276994   0.20314818]
 [-0.17996132 -0.37045645]
 [-0.01764429  0.35248471]
 [ 0.0636206   0.01389333]
 [ 0.27353786 -0.24806213]
 [ 0.22666374  0.16680977]
 [ 0.14551224 -0.18025339]
 [-0.01724671 -0.45987667]
 [ 0.43728895 -0.03854779]
 [ 0.28930599  0.16422551]
 [-0.49107443  0.04230951]
 [-0.25774415  0.04005575]
 [-0.04461589  0.24646811]
 [-0.12477426  0.31821415]
 [-0.48623143 -0.16435181]
 [-0.24189251 -0.14560766]
 [ 0.30122901 -0.1111971 ]
 [ 0.0533043   0.07482931]
 [ 0.1347599   0.06464537]
 [-0.32340196 -0.20650583]
 [-0.19983946  0.20059097]
 [-0.0014811   0.53805786]
 [-0.10738631 -0.14260575]
 [ 0.35924621  0.0611842 ]
 [-0.12417406 -0.25643995]
 [-0.02822543  0.3054832 ]
 [ 0.21118253  0.27872023]
 [ 0.19951315 -0.0468089 ]
 [-0.1598174   0.0928021 ]
 [ 0.09423576 -0.34912087]
 [-0.16282821 -0.38730606]
 [ 0.2104332   0.22967682]
 [-0.14163192  0.08819203]
 [ 0.00873595  0.18257872]
 [ 0.06042564  0.06272833]
 [ 0.13129335  0.18195978]
 [-0.29009756 -0.15177774]
 [ 0.05048154 -0.11748153]
 [-0.31752073  0.12768576]
 [ 0.06462519  0.10788873]
 [-0.05297745 -0.22519394]
 [-0.75467396  0.18914284]
 [ 0.25262013  0.11218762]
 [-0.35991169 -0.06007917]
 [-0.14148013  0.00320512]
 [-0.10576312 -0.0504296 ]
 [ 0.09629405  0.19748153]
 [-0.15543514 -0.19593319]
 [-0.15039235  0.05477421]
 [-0.05001488 -0.34457327]
 [ 0.26317773 -0.14747664]
 [-0.11478976 -0.12598036]
 [-0.21379014  0.23895335]
 [ 0.25365023  0.34667228]
 [-0.25027736  0.30687846]
 [-0.13588235 -0.28250925]
 [-0.30213478  0.14042797]
 [-0.21462756  0.24481161]
 [ 0.05413253 -0.02101274]
 [ 0.13799123  0.10012162]
 [ 0.17150296 -0.24290107]
 [-0.21858815 -0.2520386 ]
 [ 0.14609606 -0.36557032]
 [-0.21490669 -0.35262437]
 [-0.21405676 -0.22180985]
 [ 0.1304672   0.10519083]
 [ 0.35855655 -0.22341505]
 [ 0.40836431 -0.30778063]
 [ 0.1002874   0.01555971]
 [-0.19127597  0.157534  ]
 [ 0.33292621 -0.09110289]
 [-0.129519    0.15964424]
 [-0.02907896  0.42582492]
 [-0.03823064  0.02166865]
 [-0.03923806  0.04231161]
 [ 0.42294384  0.04758683]
 [-0.30249282 -0.24127784]
 [ 0.09580176  0.36716444]
 [-0.00583051 -0.23300805]
 [ 0.2768797   0.28754075]
 [-0.02633715 -0.29507066]
 [-0.15807545 -0.39262595]
 [ 0.13155126 -0.19787498]
 [-0.12349425  0.31671985]
 [ 0.13679882 -0.01724384]
 [-0.12618103 -0.18371943]
 [ 0.07005185  0.23733893]
 [-0.0668177  -0.18475483]
 [-0.34562936  0.06314235]
 [ 0.03271991 -0.31637644]
 [ 0.43602555 -0.19111075]
 [ 0.10437323 -0.16582994]
 [ 0.09276208  0.25547685]
 [ 0.37395607 -0.13416219]
 [ 0.10074827  0.06175698]
 [-0.32977797  0.36352257]
 [-0.19849978 -0.25729979]
 [-0.02009301 -0.04900907]
 [-0.06066728  0.02880439]
 [-0.16836099  0.33747131]
 [ 0.09272286 -0.06881607]
 [ 0.1126534   0.05186319]
 [ 0.22868854  0.06271649]
 [-0.21533833 -0.08138976]
 [-0.18744128  0.27642654]
 [-0.289294   -0.06578478]
 [-0.30687982 -0.12034367]
 [ 0.26501782 -0.10124042]
 [-0.26205778  0.21810316]
 [ 0.20034766  0.40137272]
 [ 0.12074073  0.27418414]
 [-0.14842891 -0.17149203]
 [ 0.19853906  0.0184588 ]
 [ 0.2415751  -0.18088097]
 [ 0.1933344  -0.17243324]
 [-0.21769575  0.06795844]
 [ 0.1517934  -0.0643635 ]
 [-0.0839716   0.38782416]
 [ 0.40646009 -0.29203726]
 [-0.22718767  0.09183247]
 [-0.11331774  0.22502979]
 [-0.03624279  0.32862421]
 [-0.00424327  0.00324915]
 [-0.01745707  0.1176585 ]
 [-0.11054259  0.54498542]
 [-0.32210679  0.39790397]
 [-0.26143509 -0.07121261]
 [-0.33457793  0.58506118]
 [ 0.05655416  0.317134  ]
 [ 0.33113103 -0.80308402]
 [-0.07479371 -0.01413293]
 [-0.03770941  0.14581188]
 [-0.03509485 -0.33453766]
 [-0.19588425  0.35228256]
 [-0.17360068  0.06190956]
 [ 0.20934569 -0.0571229 ]
 [-0.20215986 -0.56769166]
 [-0.41751321 -0.10239593]
 [ 0.24492324 -0.09626616]
 [-0.04247714 -0.10236186]
 [ 0.10911974  0.15801246]
 [-0.07671516  0.05344403]]
States:
[[0.99872924 0.99786675 0.54578146 0.54441102 0.51313323 0.5973157 ]
 [0.99910479 0.99724878 0.53996869 0.55042051 0.439497   0.67667478]
 [0.99977393 0.99625096 0.52485046 0.55883038 0.39460965 0.62982055]
 ...
 [0.         0.6263754  0.5765209  0.97573114 0.22483717 0.78210623]
 [0.00710002 0.5998432  0.62154255 0.98299146 0.21964926 0.75161572]
 [0.01829916 0.5723     0.66351092 0.98910987 0.25343921 0.78995408]]
Logstds:
[[-3. -3.]
 [-3. -3.]
 [-3. -3.]
 [-3. -3.]
 [-3. -3.]
 [-3. -3.]
 [-3. -3.]
 [-3. -3.]
 [-3. -3.]
 [-3. -3.]
 [-3. -3.]
 [-3. -3.]
 [-3. -3.]
 [-3. -3.]
 [-3. -3.]
 [-3. -3.]
 [-3. -3.]
 [-3. -3.]
 [-3. -3.]
 [-3. -3.]
 [-3. -3.]
 [-3. -3.]
 [-3. -3.]
 [-3. -3.]
 [-3. -3.]
 [-3. -3.]
 [-3. -3.]
 [-3. -3.]
 [-3. -3.]
 [-3. -3.]
 [-3. -3.]
 [-3. -3.]
 [-3. -3.]
 [-3. -3.]
 [-3. -3.]
 [-3. -3.]
 [-3. -3.]
 [-3. -3.]
 [-3. -3.]
 [-3. -3.]
 [-3. -3.]
 [-3. -3.]
 [-3. -3.]
 [-3. -3.]
 [-3. -3.]
 [-3. -3.]
 [-3. -3.]
 [-3. -3.]
 [-3. -3.]
 [-3. -3.]
 [-3. -3.]
 [-3. -3.]
 [-3. -3.]
 [-3. -3.]
 [-3. -3.]
 [-3. -3.]
 [-3. -3.]
 [-3. -3.]
 [-3. -3.]
 [-3. -3.]
 [-3. -3.]
 [-3. -3.]
 [-3. -3.]
 [-3. -3.]
 [-3. -3.]
 [-3. -3.]
 [-3. -3.]
 [-3. -3.]
 [-3. -3.]
 [-3. -3.]
 [-3. -3.]
 [-3. -3.]
 [-3. -3.]
 [-3. -3.]
 [-3. -3.]
 [-3. -3.]
 [-3. -3.]
 [-3. -3.]
 [-3. -3.]
 [-3. -3.]
 [-3. -3.]
 [-3. -3.]
 [-3. -3.]
 [-3. -3.]
 [-3. -3.]
 [-3. -3.]
 [-3. -3.]
 [-3. -3.]
 [-3. -3.]
 [-3. -3.]
 [-3. -3.]
 [-3. -3.]
 [-3. -3.]
 [-3. -3.]
 [-3. -3.]
 [-3. -3.]
 [-3. -3.]
 [-3. -3.]
 [-3. -3.]
 [-3. -3.]
 [-3. -3.]
 [-3. -3.]
 [-3. -3.]
 [-3. -3.]
 [-3. -3.]
 [-3. -3.]
 [-3. -3.]
 [-3. -3.]
 [-3. -3.]
 [-3. -3.]
 [-3. -3.]
 [-3. -3.]
 [-3. -3.]
 [-3. -3.]
 [-3. -3.]
 [-3. -3.]
 [-3. -3.]
 [-3. -3.]
 [-3. -3.]
 [-3. -3.]
 [-3. -3.]
 [-3. -3.]
 [-3. -3.]
 [-3. -3.]
 [-3. -3.]
 [-3. -3.]
 [-3. -3.]
 [-3. -3.]
 [-3. -3.]
 [-3. -3.]
 [-3. -3.]
 [-3. -3.]
 [-3. -3.]
 [-3. -3.]
 [-3. -3.]
 [-3. -3.]
 [-3. -3.]
 [-3. -3.]
 [-3. -3.]
 [-3. -3.]
 [-3. -3.]
 [-3. -3.]
 [-3. -3.]
 [-3. -3.]
 [-3. -3.]
 [-3. -3.]
 [-3. -3.]
 [-3. -3.]
 [-3. -3.]
 [-3. -3.]
 [-3. -3.]
 [-3. -3.]
 [-3. -3.]
 [-3. -3.]
 [-3. -3.]
 [-3. -3.]
 [-3. -3.]
 [-3. -3.]
 [-3. -3.]
 [-3. -3.]
 [-3. -3.]
 [-3. -3.]
 [-3. -3.]
 [-3. -3.]
 [-3. -3.]
 [-3. -3.]
 [-3. -3.]
 [-3. -3.]
 [-3. -3.]
 [-3. -3.]
 [-3. -3.]
 [-3. -3.]
 [-3. -3.]
 [-3. -3.]
 [-3. -3.]
 [-3. -3.]
 [-3. -3.]
 [-3. -3.]
 [-3. -3.]
 [-3. -3.]
 [-3. -3.]
 [-3. -3.]
 [-3. -3.]
 [-3. -3.]
 [-3. -3.]
 [-3. -3.]
 [-3. -3.]
 [-3. -3.]
 [-3. -3.]
 [-3. -3.]
 [-3. -3.]
 [-3. -3.]
 [-3. -3.]
 [-3. -3.]
 [-3. -3.]
 [-3. -3.]
 [-3. -3.]
 [-3. -3.]
 [-3. -3.]
 [-3. -3.]]
