Baseline:
[0.51602674 0.52238435 0.535105   0.5463609  0.54958415 0.53438026
 0.5281115  0.5257756  0.52479565 0.51866406 0.5502375  0.5742278
 0.5696222  0.59035075 0.5595122  0.55645066 0.5646294  0.5667485
 0.55177134 0.5390502  0.5564764  0.5395918  0.5461372  0.5344102
 0.53904146 0.5319258  0.52713734 0.5190313  0.48797596 0.4674525
 0.42975336 0.42775637 0.4080577  0.40596393 0.41493857 0.41091874
 0.4151792  0.4108316  0.3987073  0.40311968 0.40813583 0.40780312
 0.425863   0.41924235 0.41285107 0.41030985 0.40027317 0.39629447
 0.3836625  0.3874664  0.40906188 0.41637984 0.41495025 0.4319723
 0.43021733 0.4282928  0.42314282 0.4252366  0.43386403 0.4475738
 0.44632998 0.45947012 0.44660443 0.45876658 0.44908622 0.44400778
 0.45310262 0.45312724 0.4394411  0.43960777 0.43512237 0.45475096
 0.45414075 0.45787287 0.45248726 0.44570723 0.44915262 0.45069486
 0.4450234  0.46642032 0.4529877  0.43542898 0.42169186 0.43145326
 0.43634245 0.43976387 0.45986065 0.46046105 0.450981   0.4369577
 0.44820714 0.46242532 0.45546314 0.4512199  0.4516357  0.44567594
 0.46423998 0.45538548 0.45582345 0.4505718  0.4392982  0.42112902
 0.4169972  0.39882416 0.3752853  0.36187437 0.34230825 0.3275468
 0.31492797 0.2937431  0.2654436  0.25180745 0.23921949 0.23220076
 0.21213765 0.19727555 0.18847439 0.18066531 0.18904068 0.1898558
 0.19655961 0.1973775  0.19287056 0.2054411  0.20960015 0.20504895
 0.20365405 0.20926881 0.2138994  0.21826075 0.21380721 0.22189453
 0.24021286 0.26222727 0.25731474 0.26974896 0.26874253 0.2712648
 0.2544495  0.24516347 0.2304889  0.21115473 0.19778676 0.1957123
 0.17920078 0.17895009 0.16872898 0.17055237 0.17805168 0.18504907
 0.21778798 0.23756626 0.24222817 0.2748699  0.25834125 0.23751336
 0.22229879 0.19457972 0.19467789 0.20568663 0.21677904 0.22618517
 0.22374405 0.22075543 0.20316601 0.18667682 0.17838627 0.19946644
 0.20996328 0.19289951 0.17844713 0.18462051 0.19006044 0.19859001
 0.19277567 0.1889885  0.17302182 0.1677376  0.14703004 0.14532973
 0.14131197 0.13870464 0.12545946 0.13048136 0.13864009 0.14634459
 0.15293738 0.15398127 0.16013256 0.15533493 0.15610272 0.16837674
 0.1694965  0.17500162 0.1631931  0.16053356 0.1638906  0.1479505
 0.15090021 0.15532908 0.15532908]
Returns:
[ 2.99327875  3.03549331  3.04599511  3.07545611  3.12866396  3.16751816
  3.24116583  3.20559125  3.28550244  3.38038131  3.04074184  2.77694794
  2.78708662  2.53967199  2.2759032   2.31718023  2.28384901  2.3113732
  2.34029409  2.32240943  2.25846816  2.28758173  2.31703355  2.39079089
  2.44023186  2.47385404  2.56795379  2.64194043  2.53863053  2.25878696
  2.12779313  2.23345147  2.28041036  2.31272071  2.40184269  2.43078122
  2.51296437  2.58513789  2.35299517  2.37254798  2.47421998  2.43996731
  2.2623927   2.28820174  2.33086698  2.35927631  2.29530858  2.29089836
  2.13351931  2.13592118  2.05638143  2.08350065  1.97611649  1.85377669
  1.82448883  1.74850527  1.53683365  1.49615841  1.32778035  1.22743303
  1.23636592  1.16779516  1.00736208  0.93410186  0.88448268  0.8731635
  0.83442861  0.71747573  0.66096952  0.61182608  0.64595638  0.48814182
  0.48765344  0.51090022  0.56233728  0.57484828  0.62463056  0.70705896
  0.54599435  0.2856318   0.27935137  0.19768185  0.16393819  0.22050069
  0.1160129   0.18421439  0.07847351  0.17495821  0.19384945  0.04915991
  0.11897491  0.0797606   0.10098939  0.13345172  0.19191204  0.16328662
 -0.08583929 -0.03043296 -0.0091184   0.04815883 -0.04426678 -0.04545885
 -0.21221364 -0.20214239 -0.33344874 -0.38456835 -0.34117889 -0.30593753
 -0.29017454 -0.25846099 -0.36968104 -0.44216989 -0.47811911 -0.46048544
 -0.47034011 -0.45572765 -0.41480868 -0.39027458 -0.86493724 -0.80869781
 -0.80733473 -0.77629317 -0.78112484 -0.92336041 -0.84908492 -0.83433409
 -0.7751192  -0.72946168 -0.6697348  -0.59576445 -0.78691802 -0.69045879
 -0.72333107 -0.70745899 -0.83429715 -0.79173028 -0.71211482 -0.77128863
 -0.80067045 -0.75417506 -0.67374524 -0.59865954 -0.49769542 -0.40634391
 -0.39583115 -0.66287271 -0.60147992 -0.62674546 -0.60272844 -0.50446994
 -0.42412985 -0.40870664 -0.31371246 -0.45316769 -0.38150137 -0.35417201
 -0.45252539 -0.58121839 -0.49576718 -0.55110029 -0.55453585 -0.53847976
 -0.46531566 -0.36606684 -0.35256622 -0.33921343 -0.36755521 -0.375256
 -0.29897031 -0.33393486 -0.29079283 -0.29081539 -0.21822664 -0.26098129
 -0.22314005 -0.28586296 -0.30114433 -0.21758855 -0.344018   -0.28621455
 -0.21965161 -0.14853117 -0.2407154  -0.17220699 -0.2604594  -0.24776149
 -0.24065444 -0.48694583 -0.44996897 -0.366152   -0.40007541 -0.36106907
 -0.3189291  -0.20064168 -0.32655596 -0.29144916 -0.29235582 -0.2963472
 -0.16605433 -0.03459431]
Advants:
[ 1.65027802  1.69341245  1.69902238  1.72628618  1.78764712  1.85572252
  1.953322    1.93824474  2.04134619  2.16958306  1.81643513  1.53935418
  1.56616955  1.30283269  1.06791417  1.11146638  1.06781929  1.09169085
  1.1352824   1.12962659  1.04520837  1.08931862  1.11088464  1.19755832
  1.2450445   1.2899468   1.39641258  1.48926727  1.42645684  1.16936516
  1.07560333  1.18608129  1.2578635   1.29889288  1.38870866  1.43317839
  1.52600306  1.62106225  1.41435645  1.44441182  1.56024249  1.54608177
  1.36583916  1.4159749   1.48576302  1.54016847  1.5100224   1.53538871
  1.4141604   1.43823724  1.36162347  1.40864754  1.32895787  1.21378816
  1.21165672  1.16287255  0.97739165  0.95613298  0.79699586  0.69880176
  0.72650753  0.66129179  0.52706079  0.45346902  0.42513336  0.4312912
  0.39543695  0.28783731  0.25386955  0.21264087  0.26122069  0.08910256
  0.09500679  0.12139998  0.18744456  0.2173397   0.27661715  0.37404787
  0.23180269 -0.04440295 -0.03100266 -0.09031587 -0.10573491 -0.05250803
 -0.15829468 -0.08761488 -0.21094212 -0.10936806 -0.07394482 -0.20099958
 -0.13670365 -0.18557016 -0.15155234 -0.10738832 -0.03945482 -0.05209009
 -0.31717428 -0.24809823 -0.22135057 -0.15051659 -0.2251659  -0.20060705
 -0.36003199 -0.3274437  -0.43383017 -0.47120641 -0.40594299 -0.35188928
 -0.31823366 -0.25797617 -0.33547528 -0.3902649  -0.40993947 -0.38052388
 -0.36483077 -0.32849272 -0.2697867  -0.22669184 -0.71300162 -0.65941359
 -0.66691221 -0.6380955  -0.63995709 -0.80121879 -0.73593932 -0.72128936
 -0.6638534  -0.62601639 -0.57160976 -0.5005963  -0.69154645 -0.60505358
 -0.6598665  -0.67012969 -0.80029815 -0.77817854 -0.70375886 -0.77409361
 -0.79642335 -0.74951169 -0.66109124 -0.57100451 -0.45783865 -0.36278878
 -0.33316647 -0.60538924 -0.53745512 -0.56937511 -0.55758914 -0.46864036
 -0.42207627 -0.42769148 -0.3359329  -0.51180465 -0.42497834 -0.37681696
 -0.46252257 -0.5694049  -0.48782377 -0.56031065 -0.58195645 -0.58282501
 -0.51304047 -0.41395759 -0.38532929 -0.3572358  -0.37980462 -0.41220777
 -0.34831496 -0.36882693 -0.31228488 -0.31981447 -0.25203612 -0.3042233
 -0.26019743 -0.3205541  -0.32138957 -0.23145225 -0.33925311 -0.28016509
 -0.20785265 -0.12996537 -0.20683198 -0.139133   -0.23395459 -0.22708179
 -0.22451215 -0.47726648 -0.45136824 -0.36536005 -0.40395262 -0.38062724
 -0.34203554 -0.22840052 -0.34510997 -0.30900109 -0.31519528 -0.30497197
 -0.17556278 -0.04236077]
Mus:
[[-2.70796753e-02 -1.16499104e-02]
 [-2.67727841e-02 -1.19634848e-02]
 [-2.56763101e-02 -1.15026562e-02]
 [-2.50405986e-02 -1.14308037e-02]
 [-2.42585205e-02 -1.08136879e-02]
 [-2.47494727e-02 -1.08182654e-02]
 [-2.50550304e-02 -1.12305013e-02]
 [-2.43994612e-02 -1.03730513e-02]
 [-2.43776701e-02 -1.02813505e-02]
 [-2.46019568e-02 -1.04473867e-02]
 [-2.30278876e-02 -9.63664334e-03]
 [-2.17557829e-02 -9.47617926e-03]
 [-2.26521846e-02 -1.01790428e-02]
 [-2.07713842e-02 -8.78923014e-03]
 [-2.17732526e-02 -8.37743096e-03]
 [-2.18981449e-02 -8.18663463e-03]
 [-2.11880952e-02 -7.52635207e-03]
 [-2.06633098e-02 -7.02815130e-03]
 [-2.06357166e-02 -6.80409838e-03]
 [-2.02418324e-02 -6.15308993e-03]
 [-1.92747302e-02 -6.12629252e-03]
 [-1.96282174e-02 -6.27373438e-03]
 [-1.93413794e-02 -6.28063874e-03]
 [-1.96453854e-02 -6.34487299e-03]
 [-1.90974344e-02 -6.02282071e-03]
 [-1.97543148e-02 -6.61290204e-03]
 [-1.95344146e-02 -6.48319721e-03]
 [-2.07853764e-02 -7.37362215e-03]
 [-2.19210759e-02 -8.42771772e-03]
 [-1.99972522e-02 -6.46016980e-03]
 [-1.99471582e-02 -6.40389742e-03]
 [-2.03013532e-02 -6.53185416e-03]
 [-1.95554681e-02 -6.09756401e-03]
 [-1.90579966e-02 -5.52414358e-03]
 [-2.01027580e-02 -6.12603268e-03]
 [-1.92432962e-02 -5.40827820e-03]
 [-1.92508716e-02 -5.32934722e-03]
 [-1.85459089e-02 -4.84997267e-03]
 [-1.89228170e-02 -5.74285164e-03]
 [-2.05096677e-02 -7.13473931e-03]
 [-2.17972752e-02 -7.79383816e-03]
 [-2.25623660e-02 -9.10052937e-03]
 [-2.43956279e-02 -1.00539112e-02]
 [-2.36579385e-02 -9.57264379e-03]
 [-2.25607716e-02 -9.06875357e-03]
 [-2.16507558e-02 -8.58873874e-03]
 [-1.92872230e-02 -7.26589654e-03]
 [-1.72249302e-02 -6.22157706e-03]
 [-1.46045098e-02 -4.80399607e-03]
 [-1.34136099e-02 -4.23490768e-03]
 [-1.33150471e-02 -4.74370085e-03]
 [-1.19590592e-02 -4.61201789e-03]
 [-9.55337659e-03 -4.54893569e-03]
 [-8.97555985e-03 -4.67811106e-03]
 [-7.37919472e-03 -4.68881847e-03]
 [-5.35283331e-03 -3.41837644e-03]
 [-3.21764476e-03 -3.79093923e-03]
 [-5.25707263e-04 -2.52210535e-03]
 [ 5.36588836e-04 -1.56389363e-03]
 [ 1.58028712e-03 -1.45053735e-03]
 [ 3.05683841e-03 -8.55019665e-04]
 [ 4.01802501e-03 -6.38885074e-04]
 [ 5.30962646e-03  6.28330861e-04]
 [ 5.38465334e-03  6.20629871e-04]
 [ 6.61285967e-03  9.86789586e-04]
 [ 7.79882865e-03  1.19434379e-03]
 [ 8.36524181e-03  1.36312714e-03]
 [ 1.05612930e-02  1.19358231e-03]
 [ 1.28905838e-02  1.70570018e-03]
 [ 1.28863081e-02  2.43489002e-03]
 [ 1.38381775e-02  2.67750630e-03]
 [ 1.37336981e-02  2.00450444e-03]
 [ 1.33187370e-02  2.44392757e-03]
 [ 1.31309945e-02  2.84091826e-03]
 [ 1.32782124e-02  3.05283233e-03]
 [ 1.36296488e-02  2.69268802e-03]
 [ 1.31303892e-02  2.79494375e-03]
 [ 1.28488513e-02  2.61971029e-03]
 [ 1.29434308e-02  3.82077321e-03]
 [ 1.27306320e-02  4.81524877e-03]
 [ 1.20437294e-02  4.54307860e-03]
 [ 1.12629719e-02  4.45003901e-03]
 [ 9.98099335e-03  3.52996890e-03]
 [ 8.51565506e-03  2.94145755e-03]
 [ 6.79742126e-03  1.23173802e-03]
 [ 5.75971790e-03  1.06569170e-03]
 [ 4.95221512e-03  1.20446770e-04]
 [ 3.70736560e-03 -2.66321673e-04]
 [ 2.33094417e-03 -9.34852636e-04]
 [ 1.09203102e-03 -1.45815883e-03]
 [-1.59396732e-03 -2.18508393e-03]
 [-4.06325003e-03 -2.35896814e-03]
 [-6.43258775e-03 -3.38372798e-03]
 [-9.32101347e-03 -4.59212065e-03]
 [-1.29470630e-02 -6.06698124e-03]
 [-1.51152397e-02 -6.81874016e-03]
 [-1.79358162e-02 -7.41884811e-03]
 [-2.16230880e-02 -8.89673922e-03]
 [-2.58669443e-02 -1.06639722e-02]
 [-2.85761114e-02 -1.18139572e-02]
 [-2.87969317e-02 -1.16865402e-02]
 [-2.96329204e-02 -1.20612932e-02]
 [-3.15497406e-02 -1.25001427e-02]
 [-3.48403007e-02 -1.41439466e-02]
 [-3.55858617e-02 -1.45284347e-02]
 [-3.82503830e-02 -1.56382453e-02]
 [-4.00418676e-02 -1.66174974e-02]
 [-4.20135371e-02 -1.75578166e-02]
 [-4.38375287e-02 -1.84676182e-02]
 [-4.48456928e-02 -1.90331992e-02]
 [-4.45662588e-02 -1.93162691e-02]
 [-4.61185798e-02 -1.99887883e-02]
 [-4.60955128e-02 -2.05554403e-02]
 [-4.55642082e-02 -2.04264838e-02]
 [-4.34829108e-02 -1.97367836e-02]
 [-4.14917283e-02 -1.96304824e-02]
 [-3.92549783e-02 -1.92049667e-02]
 [-3.57509255e-02 -1.79381855e-02]
 [-3.60116810e-02 -1.93458367e-02]
 [-3.21049206e-02 -1.80392079e-02]
 [-2.75218785e-02 -1.67573635e-02]
 [-2.23415326e-02 -1.48580940e-02]
 [-1.66211110e-02 -1.23408670e-02]
 [-1.33926300e-02 -1.18820546e-02]
 [-9.65190399e-03 -1.03926109e-02]
 [-4.95080324e-03 -8.02367367e-03]
 [-3.71942436e-03 -7.51661928e-03]
 [-2.09872844e-03 -6.87930686e-03]
 [ 6.83776962e-05 -5.51052904e-03]
 [ 2.91578443e-04 -4.91853291e-03]
 [ 7.41226366e-04 -3.57382325e-03]
 [-2.12475122e-03 -4.13174322e-03]
 [-4.38723993e-03 -5.21847932e-03]
 [-5.71142230e-03 -5.11443568e-03]
 [-6.93936134e-03 -4.63698478e-03]
 [-6.85230456e-03 -4.15159389e-03]
 [-7.01070251e-03 -3.93406348e-03]
 [-5.57891792e-03 -2.71729170e-03]
 [-4.31415346e-03 -1.83653075e-03]
 [-2.45440635e-03 -7.57375907e-04]
 [-2.20558187e-03 -7.39029201e-04]
 [-1.50625408e-03 -5.05540869e-04]
 [-1.15808472e-03 -3.77480377e-04]
 [-1.11851748e-03 -7.14083362e-05]
 [-2.69967876e-03 -1.09283300e-03]
 [-1.58778136e-03  3.90409085e-04]
 [-2.46661832e-03  5.58962274e-05]
 [-5.04965940e-03 -1.22822181e-03]
 [-5.93079533e-03 -9.77267395e-04]
 [-7.38440035e-03 -1.49424456e-03]
 [-1.14810495e-02 -4.27517574e-03]
 [-1.28775239e-02 -4.68638213e-03]
 [-1.40428580e-02 -5.01960702e-03]
 [-1.35915447e-02 -4.70482092e-03]
 [-1.50049534e-02 -5.32381423e-03]
 [-1.76404826e-02 -6.71875197e-03]
 [-2.24623289e-02 -9.41967871e-03]
 [-2.27184724e-02 -9.11190268e-03]
 [-2.44495645e-02 -9.67925601e-03]
 [-2.47107651e-02 -9.29596182e-03]
 [-2.43102983e-02 -8.78712628e-03]
 [-2.33941432e-02 -8.15655384e-03]
 [-2.28875410e-02 -7.75197241e-03]
 [-2.32395232e-02 -7.97581859e-03]
 [-2.48062201e-02 -8.90376884e-03]
 [-2.44698189e-02 -8.48499686e-03]
 [-2.28691865e-02 -7.37996493e-03]
 [-2.45286208e-02 -8.71037319e-03]
 [-2.60943919e-02 -1.00771543e-02]
 [-2.83057261e-02 -1.15423873e-02]
 [-2.91843656e-02 -1.21184746e-02]
 [-2.96460055e-02 -1.21245896e-02]
 [-3.16774771e-02 -1.30714756e-02]
 [-3.63293551e-02 -1.55362450e-02]
 [-3.63367088e-02 -1.53798060e-02]
 [-3.93770859e-02 -1.74486060e-02]
 [-3.97362188e-02 -1.81945004e-02]
 [-4.01086137e-02 -1.85515843e-02]
 [-3.65182906e-02 -1.68040674e-02]
 [-3.56182754e-02 -1.68871060e-02]
 [-3.28836180e-02 -1.59011427e-02]
 [-2.97388900e-02 -1.46863014e-02]
 [-2.33246740e-02 -1.23486342e-02]
 [-2.01640967e-02 -1.13548227e-02]
 [-1.96580589e-02 -1.21067474e-02]
 [-1.69086512e-02 -1.12959864e-02]
 [-1.49250878e-02 -1.07799154e-02]
 [-1.52258137e-02 -1.21764978e-02]
 [-1.31198037e-02 -1.15623800e-02]
 [-1.04601402e-02 -1.02847675e-02]
 [-1.01770433e-02 -1.09284259e-02]
 [-9.73918382e-03 -1.07983686e-02]
 [-7.69852847e-03 -9.32388287e-03]
 [-6.77938759e-03 -8.76393169e-03]
 [-2.68106814e-03 -5.93680795e-03]
 [ 9.30204638e-04 -3.66556109e-03]
 [-1.04685826e-03 -5.03885420e-03]
 [ 9.30124545e-04 -4.17351257e-03]
 [ 3.29304952e-03 -3.09522334e-03]
 [ 4.46881307e-03 -2.61146040e-03]]
Actions:
[[-5.83893172e-02  2.46182015e-01]
 [ 1.80450511e-01  1.42351892e-01]
 [ 6.76054162e-02  2.17579106e-01]
 [ 1.04496578e-01 -5.04319961e-02]
 [-2.00331260e-01 -2.06003826e-01]
 [-2.07512794e-01  6.97755834e-02]
 [ 1.60763951e-01 -2.53715857e-01]
 [ 7.71400323e-03 -3.43021993e-02]
 [-1.24728599e-01 -2.29040241e-02]
 [ 5.33338486e-01  2.77501529e-01]
 [ 2.58941788e-01  4.99383107e-01]
 [-2.68706806e-01  1.90036292e-01]
 [ 4.81958877e-01  7.77428020e-02]
 [-1.82021473e-01 -5.20057568e-01]
 [ 4.52547489e-03 -2.32207694e-02]
 [ 2.21465646e-01  3.57303890e-02]
 [ 9.50709999e-02  5.47312231e-03]
 [-1.61061233e-01 -1.17341951e-01]
 [-1.22462474e-02 -2.35022083e-01]
 [ 7.66235549e-02  3.60342850e-01]
 [-2.74245616e-01 -3.68487002e-02]
 [ 3.88363402e-02  2.00097455e-01]
 [-1.41839288e-01 -1.61010143e-02]
 [ 1.34237539e-01  1.01040389e-01]
 [-2.21282282e-01  2.00410470e-01]
 [ 8.31143382e-03  6.64459008e-02]
 [-1.78161290e-01  2.24337430e-01]
 [-5.28064291e-01  1.84963871e-02]
 [ 3.69371020e-01 -4.34988563e-01]
 [-4.16841338e-01 -3.12794564e-01]
 [ 3.06387401e-02  2.72924041e-03]
 [-1.82536866e-01 -2.33511992e-01]
 [ 1.39001684e-01 -1.71606472e-01]
 [ 4.79750482e-02  1.45145807e-01]
 [ 1.16747326e-01 -2.11291466e-01]
 [ 8.52406270e-02 -2.28092164e-02]
 [-1.23427929e-02 -1.68268634e-01]
 [-6.34164603e-01  5.03897573e-02]
 [-2.74974055e-01  2.02633397e-01]
 [ 1.70686641e-02  4.17217733e-02]
 [-3.94827096e-01  1.62398793e-01]
 [ 3.86709493e-01  2.77984012e-01]
 [-1.64805052e-02 -1.96397226e-01]
 [-4.79650084e-02 -1.74093599e-01]
 [ 5.95505460e-02 -1.38726117e-01]
 [-4.50465325e-02 -3.40675165e-01]
 [-2.31775965e-02 -2.37896078e-01]
 [-1.46266624e-01 -4.19802210e-01]
 [ 7.32508811e-03 -1.66501761e-01]
 [ 1.78788588e-01  2.42974758e-01]
 [-6.83492389e-02  3.41392749e-02]
 [-3.92533558e-01  5.93501826e-02]
 [ 2.45538267e-01  2.02777302e-01]
 [-2.32965917e-01  7.46976483e-02]
 [ 9.99072780e-02 -2.41430651e-01]
 [-4.79188268e-01  2.19134940e-01]
 [ 1.17631958e-01 -1.07222252e-01]
 [ 3.31008884e-01 -1.25987275e-01]
 [ 1.66916971e-01  2.29217409e-01]
 [-1.49979707e-02 -3.82115142e-02]
 [ 1.52541829e-01  1.84972624e-01]
 [ 3.63496636e-03 -3.81559107e-01]
 [ 1.59146087e-01  1.22292682e-01]
 [-2.31662141e-01 -1.19839382e-01]
 [-1.73386450e-01 -6.44845307e-04]
 [ 1.26901296e-01  1.11802421e-01]
 [-2.44532377e-01  3.37223881e-01]
 [-3.21527865e-01 -1.67577971e-03]
 [ 1.42474117e-01 -1.79779150e-01]
 [-1.12796484e-01  1.62529439e-02]
 [ 7.94831957e-02  4.51429395e-01]
 [ 1.27168941e-01 -1.14277254e-01]
 [ 1.60964641e-01 -3.89433988e-02]
 [-6.04379256e-02 -6.64095875e-02]
 [-2.59612673e-01  1.06602502e-01]
 [ 1.22192363e-01  5.17159759e-03]
 [-1.53011710e-02  8.01927183e-02]
 [ 1.71400554e-01 -4.07407314e-01]
 [ 5.04799225e-01 -1.93844282e-01]
 [-2.00748638e-01 -1.65567011e-01]
 [-2.03469443e-01 -2.82228214e-01]
 [-3.26954653e-01 -4.91550189e-02]
 [ 9.97164685e-02  6.21983063e-02]
 [-2.23678190e-01  4.08377316e-01]
 [ 1.64159187e-02 -8.76936836e-02]
 [ 5.11687325e-02  4.66528533e-01]
 [-6.46061721e-02 -1.65143301e-02]
 [-2.91285813e-01 -5.08797555e-02]
 [-4.34303010e-01 -2.33676875e-01]
 [ 6.81063054e-02  4.46795454e-02]
 [ 2.55261160e-01 -1.69444302e-01]
 [-2.48782930e-01 -6.06085384e-02]
 [-2.49709360e-01 -3.18964267e-02]
 [-2.10810513e-01  7.43402662e-02]
 [-2.53179450e-01 -2.41147848e-01]
 [ 5.00441860e-01 -3.87036720e-02]
 [-1.36222212e-01  1.33024122e-02]
 [ 2.87517441e-02  2.01339856e-01]
 [ 7.57665151e-03  4.87456517e-02]
 [ 5.43008488e-02 -3.30839641e-01]
 [-8.94179969e-02 -2.16162421e-01]
 [ 3.44993149e-01 -1.52958102e-01]
 [-1.45212543e-01  1.87178808e-01]
 [-2.33938513e-01 -3.59549804e-01]
 [ 2.11768397e-01  1.19077540e-01]
 [-9.79090310e-02  2.15561686e-02]
 [ 6.12434358e-02  8.30548769e-02]
 [ 6.84293455e-02  1.22467814e-01]
 [-1.80976414e-01 -9.93084732e-02]
 [-4.55000780e-01 -1.62663680e-01]
 [ 1.97564600e-01  2.16638790e-01]
 [-1.81379167e-01  2.69859014e-01]
 [ 1.11931798e-01  4.05203167e-02]
 [-2.36405677e-01 -2.30813747e-01]
 [-2.55572237e-01  1.16958970e-01]
 [-2.34146618e-01  7.22849893e-02]
 [-2.87004254e-01 -1.11062583e-01]
 [ 1.22719031e-01  6.70177271e-01]
 [-7.53042845e-02 -2.22304351e-02]
 [-1.92579892e-01  1.90995472e-01]
 [ 1.05971434e-01 -3.84637210e-02]
 [-2.27058717e-01 -2.17107448e-01]
 [-1.28508873e-01  4.32008516e-01]
 [-3.98621558e-02  1.75165082e-02]
 [ 5.07917503e-02 -2.44666502e-01]
 [-1.29413913e-01  9.78941171e-02]
 [-1.80411445e-01  1.17214358e-01]
 [ 9.03820691e-02 -1.65709454e-01]
 [ 7.13279452e-02 -1.46732296e-01]
 [ 2.92132244e-01 -4.41587250e-01]
 [ 3.56783991e-02 -3.84493922e-02]
 [ 4.82482952e-02  3.58105232e-01]
 [ 2.83854464e-01  2.15107274e-02]
 [-7.79618387e-02 -4.61097712e-01]
 [ 2.14815806e-01 -2.55779630e-02]
 [ 3.29475916e-03 -1.26247325e-01]
 [ 2.71791905e-01 -2.69389060e-01]
 [-3.98299625e-02 -3.44314050e-01]
 [ 8.04762263e-02 -1.90573000e-01]
 [-1.02088400e-01  7.81605172e-02]
 [-1.58534673e-01 -7.45324534e-02]
 [-6.99731691e-02  2.56561775e-02]
 [ 1.33103080e-01  3.90659239e-02]
 [-2.79426459e-01  1.62734283e-01]
 [ 3.34537569e-01 -4.99377697e-01]
 [-1.93666431e-01 -7.41405822e-02]
 [-4.66373409e-02  3.45056232e-01]
 [ 2.45577088e-01 -1.09366550e-01]
 [ 4.19857712e-02  2.16151087e-02]
 [-1.21101310e-01 -1.23389542e-01]
 [ 2.34177867e-01  1.61254477e-01]
 [ 1.03539138e-01  1.39455700e-02]
 [ 3.76913848e-01  2.85145088e-01]
 [-1.44867209e-01 -1.34913059e-01]
 [-3.04613033e-01 -6.00901370e-02]
 [-4.32820820e-01  1.80496991e-01]
 [-4.87468891e-02 -4.80202556e-01]
 [ 7.22273432e-02 -1.77018530e-02]
 [ 3.53591884e-01 -4.78801640e-02]
 [ 2.73783404e-01  3.37682180e-03]
 [ 2.35542721e-01  3.07598947e-02]
 [ 4.90200420e-02 -1.16728777e-01]
 [-7.76213108e-02 -1.99957094e-03]
 [-3.18817357e-01 -8.19803757e-02]
 [-7.96616404e-02 -2.88238748e-01]
 [ 7.52932688e-02 -3.23220538e-01]
 [-3.91538797e-02 -3.13749723e-01]
 [-1.62557997e-01 -9.58462527e-02]
 [-3.99850852e-01  3.99661876e-02]
 [-1.95001831e-01 -1.89685582e-01]
 [ 2.08191792e-01 -1.81030047e-01]
 [ 4.37816878e-02  9.47560739e-02]
 [-1.02973831e-01  3.53496269e-01]
 [ 1.19400598e-01 -1.23878993e-01]
 [-3.30458020e-01  2.64237019e-01]
 [-3.83962585e-01 -4.68354093e-02]
 [-3.63295195e-02 -2.70158569e-02]
 [-5.97975415e-02 -4.74169608e-01]
 [-1.92785489e-01  2.88663363e-02]
 [-5.28601689e-02 -1.46643283e-01]
 [-1.32441829e-02 -1.40502074e-01]
 [-3.72392309e-01 -2.97567118e-01]
 [-1.43128511e-01 -1.53165373e-02]
 [ 4.66124022e-03  3.70443423e-01]
 [ 1.84214406e-01  8.81594111e-02]
 [ 1.27467884e-01  1.79565688e-01]
 [-2.91866868e-01  4.98798640e-01]
 [ 7.58093852e-02  1.59490751e-01]
 [ 6.46506933e-02 -8.86543719e-02]
 [-3.06950830e-01  2.08531649e-01]
 [ 1.08059073e-01  2.17135842e-01]
 [ 2.44311524e-01 -7.99987141e-02]
 [ 2.75881914e-02  2.35944763e-02]
 [ 1.23404580e-01 -4.80134676e-01]
 [ 1.40781759e-01 -2.51815317e-01]
 [-2.60486280e-01  2.36444897e-01]
 [-2.98318436e-01 -2.11177351e-01]
 [-5.04397540e-02 -1.84221458e-02]
 [-9.88398559e-02  4.75004862e-02]
 [-1.18436918e-01  3.17886109e-01]]
States:
[[0.99967622 0.99927803 0.49128024 0.47414824 0.5130154  0.59743235]
 [0.99963163 0.99952696 0.49006208 0.47907202 0.49802139 0.66194758]
 [0.99967833 0.99992349 0.49133985 0.49158229 0.54458596 0.69795147]
 ...
 [0.08184595 0.07487668 0.22296581 0.14992515 0.08040018 0.65099405]
 [0.0477576  0.08073101 0.28192185 0.14447903 0.076025   0.64511003]
 [0.02123025 0.08700966 0.34654487 0.1388199  0.05931483 0.65661902]]
Logstds:
[[-3. -3.]
 [-3. -3.]
 [-3. -3.]
 [-3. -3.]
 [-3. -3.]
 [-3. -3.]
 [-3. -3.]
 [-3. -3.]
 [-3. -3.]
 [-3. -3.]
 [-3. -3.]
 [-3. -3.]
 [-3. -3.]
 [-3. -3.]
 [-3. -3.]
 [-3. -3.]
 [-3. -3.]
 [-3. -3.]
 [-3. -3.]
 [-3. -3.]
 [-3. -3.]
 [-3. -3.]
 [-3. -3.]
 [-3. -3.]
 [-3. -3.]
 [-3. -3.]
 [-3. -3.]
 [-3. -3.]
 [-3. -3.]
 [-3. -3.]
 [-3. -3.]
 [-3. -3.]
 [-3. -3.]
 [-3. -3.]
 [-3. -3.]
 [-3. -3.]
 [-3. -3.]
 [-3. -3.]
 [-3. -3.]
 [-3. -3.]
 [-3. -3.]
 [-3. -3.]
 [-3. -3.]
 [-3. -3.]
 [-3. -3.]
 [-3. -3.]
 [-3. -3.]
 [-3. -3.]
 [-3. -3.]
 [-3. -3.]
 [-3. -3.]
 [-3. -3.]
 [-3. -3.]
 [-3. -3.]
 [-3. -3.]
 [-3. -3.]
 [-3. -3.]
 [-3. -3.]
 [-3. -3.]
 [-3. -3.]
 [-3. -3.]
 [-3. -3.]
 [-3. -3.]
 [-3. -3.]
 [-3. -3.]
 [-3. -3.]
 [-3. -3.]
 [-3. -3.]
 [-3. -3.]
 [-3. -3.]
 [-3. -3.]
 [-3. -3.]
 [-3. -3.]
 [-3. -3.]
 [-3. -3.]
 [-3. -3.]
 [-3. -3.]
 [-3. -3.]
 [-3. -3.]
 [-3. -3.]
 [-3. -3.]
 [-3. -3.]
 [-3. -3.]
 [-3. -3.]
 [-3. -3.]
 [-3. -3.]
 [-3. -3.]
 [-3. -3.]
 [-3. -3.]
 [-3. -3.]
 [-3. -3.]
 [-3. -3.]
 [-3. -3.]
 [-3. -3.]
 [-3. -3.]
 [-3. -3.]
 [-3. -3.]
 [-3. -3.]
 [-3. -3.]
 [-3. -3.]
 [-3. -3.]
 [-3. -3.]
 [-3. -3.]
 [-3. -3.]
 [-3. -3.]
 [-3. -3.]
 [-3. -3.]
 [-3. -3.]
 [-3. -3.]
 [-3. -3.]
 [-3. -3.]
 [-3. -3.]
 [-3. -3.]
 [-3. -3.]
 [-3. -3.]
 [-3. -3.]
 [-3. -3.]
 [-3. -3.]
 [-3. -3.]
 [-3. -3.]
 [-3. -3.]
 [-3. -3.]
 [-3. -3.]
 [-3. -3.]
 [-3. -3.]
 [-3. -3.]
 [-3. -3.]
 [-3. -3.]
 [-3. -3.]
 [-3. -3.]
 [-3. -3.]
 [-3. -3.]
 [-3. -3.]
 [-3. -3.]
 [-3. -3.]
 [-3. -3.]
 [-3. -3.]
 [-3. -3.]
 [-3. -3.]
 [-3. -3.]
 [-3. -3.]
 [-3. -3.]
 [-3. -3.]
 [-3. -3.]
 [-3. -3.]
 [-3. -3.]
 [-3. -3.]
 [-3. -3.]
 [-3. -3.]
 [-3. -3.]
 [-3. -3.]
 [-3. -3.]
 [-3. -3.]
 [-3. -3.]
 [-3. -3.]
 [-3. -3.]
 [-3. -3.]
 [-3. -3.]
 [-3. -3.]
 [-3. -3.]
 [-3. -3.]
 [-3. -3.]
 [-3. -3.]
 [-3. -3.]
 [-3. -3.]
 [-3. -3.]
 [-3. -3.]
 [-3. -3.]
 [-3. -3.]
 [-3. -3.]
 [-3. -3.]
 [-3. -3.]
 [-3. -3.]
 [-3. -3.]
 [-3. -3.]
 [-3. -3.]
 [-3. -3.]
 [-3. -3.]
 [-3. -3.]
 [-3. -3.]
 [-3. -3.]
 [-3. -3.]
 [-3. -3.]
 [-3. -3.]
 [-3. -3.]
 [-3. -3.]
 [-3. -3.]
 [-3. -3.]
 [-3. -3.]
 [-3. -3.]
 [-3. -3.]
 [-3. -3.]
 [-3. -3.]
 [-3. -3.]
 [-3. -3.]
 [-3. -3.]
 [-3. -3.]
 [-3. -3.]
 [-3. -3.]
 [-3. -3.]]
