Baseline:
[1.3665024  1.3800822  1.3755685  1.3674132  1.3656082  1.3615088
 1.3280264  1.3513023  1.3438488  1.357243   1.3672696  1.3465745
 1.3462651  1.3213598  1.3323853  1.3356947  1.3319393  1.370665
 1.3539613  1.3527178  1.3314459  1.3458476  1.3773564  1.3951453
 1.415466   1.4143102  1.4299141  1.4004263  1.3898011  1.3744036
 1.3900218  1.3874888  1.3527741  1.3416855  1.3583537  1.3736917
 1.3423275  1.3354514  1.3514497  1.3226022  1.3214208  1.3132224
 1.259525   1.2650204  1.2552724  1.2586945  1.2414846  1.2307758
 1.2518127  1.2615651  1.2649008  1.273655   1.2505842  1.2815329
 1.3048506  1.3203045  1.3034832  1.3112885  1.2965802  1.3020138
 1.2915193  1.3114897  1.3214427  1.3045322  1.3428265  1.3489908
 1.4086245  1.3982134  1.3882002  1.3718809  1.3592299  1.3486325
 1.3286983  1.3068305  1.3026344  1.3242683  1.309344   1.2976441
 1.2935156  1.2560312  1.2501223  1.2422196  1.2233709  1.2287809
 1.2369527  1.2173833  1.2168645  1.1906854  1.1679683  1.1062098
 1.091122   1.0642864  1.0316862  1.0325336  0.98832023 0.9655275
 0.95334405 0.9264899  0.9046722  0.88654655 0.8984464  0.9021756
 0.9102925  1.0214939  1.0641483  1.0682123  1.0679543  1.057864
 1.0693417  1.0601846  1.0553446  1.0494822  1.0395492  1.0441571
 1.0578984  1.0483094  1.0565791  1.0692526  1.0824426  1.0798223
 1.0623603  1.0640545  1.0862416  1.0961815  1.0792329  1.0834825
 1.0763556  1.0556836  1.0797805  1.0472118  1.0728253  1.0956869
 1.1036965  1.0966966  1.113837   1.1326848  1.1496888  1.174168
 1.1921614  1.1952618  1.1944298  1.183554   1.1877477  1.2081348
 1.2689949  1.279333   1.3209327  1.3181423  1.3211228  1.3163446
 1.3379666  1.3355705  1.3643645  1.3856682  1.396002   1.3981061
 1.384126   1.3589906  1.341865   1.3178467  1.316892   1.3348581
 1.3401409  1.3266923  1.3360623  1.3490257  1.3624679  1.3538536
 1.3737141  1.3833398  1.3949963  1.3865589  1.4038275  1.4041868
 1.4380993  1.4308876  1.4270226  1.414543   1.4073846  1.4088923
 1.3708562  1.3783919  1.3974391  1.3839008  1.3843886  1.3978044
 1.384077   1.3552235  1.3575288  1.3386201  1.3309937  1.2962753
 1.2773172  1.2594992  1.2354213  1.2039168  1.1969179  1.1492599
 1.1332213  1.1245395  1.1245395 ]
Returns:
[7.76462484 7.76591791 7.84122224 7.92187184 7.98853259 8.09905622
 8.10122393 8.090182   8.15889144 8.09833665 8.13807458 8.17491537
 8.27699737 8.31118098 8.29812966 8.29842535 8.346161   8.15150611
 8.22117779 8.307684   8.23074802 8.2534021  8.15980609 8.1858029
 8.13408591 8.17885921 8.16252932 8.13165944 8.18370329 8.11321724
 8.12996407 8.20615588 8.16083373 8.20858255 8.2178305  8.2365082
 8.21711739 8.20671353 8.14603696 8.13469446 8.21668524 8.30240627
 8.02848611 7.85316615 7.71829987 7.74680182 7.74259909 7.58756106
 7.58179745 7.61794727 7.65531231 7.70204056 7.67815864 7.57736425
 7.41303511 7.4204686  7.44471949 7.490235   7.46271644 7.21398164
 7.19111437 7.19743666 7.24453942 7.09860091 6.94092824 6.97276939
 6.49820166 6.52067403 6.4286191  6.32556666 6.20447107 6.11944922
 5.85950076 5.82824336 5.59606927 5.4142972  5.35786726 5.3139795
 5.28030088 5.13894598 5.09386911 5.06962879 4.99792834 4.91510205
 4.86174005 4.80921914 4.71197689 4.70103057 4.2664604  3.98862235
 3.96507229 3.9930864  3.85552921 3.76294508 3.61800015 3.62355684
 3.6112809  3.6289868  3.6391054  3.56777041 3.45886022 3.45458602
 3.49664738 3.30573021 2.94268469 2.92798441 2.93231813 2.94428573
 2.90167186 2.91826647 2.92574939 2.98743671 3.04390299 3.02954174
 3.04475832 3.0760181  3.156647   3.1944252  3.26819737 3.33734445
 3.38226555 3.50789507 3.52413112 3.63894488 3.69856918 3.81245745
 3.94032378 3.91530986 3.99246622 3.83682377 3.74933426 3.7667788
 3.94582432 3.79035892 3.91315083 4.05500432 3.98060757 3.98908195
 4.05277991 4.25425247 4.3872359  4.43228109 4.57877465 4.82416789
 4.66053151 4.87587081 4.86252269 4.99502658 5.16254857 5.27532935
 5.39534999 5.54510086 5.61712816 5.75552184 5.74785381 5.71904267
 5.80824203 5.85162122 5.92873218 5.95303698 6.0411087  6.04431033
 6.15179018 6.22771217 6.11068338 6.08737547 6.12971636 6.17896754
 6.15773873 6.20143167 6.23418906 6.09810738 5.98215195 6.02151579
 5.34682318 5.33724555 5.25408026 4.81630648 4.77734761 4.65129051
 4.2561399  4.08433224 3.82829354 3.74025104 3.64102279 3.49656418
 3.30169493 3.11363465 2.91335489 2.58651252 2.46636254 2.30637472
 2.06662234 1.88508133 1.76336111 1.63924883 1.29156651 0.95826489
 0.75765275 0.56278133]
Advants:
[3.96251423 3.94024497 4.01169873 4.09417339 4.15788712 4.27089824
 4.30590178 4.26982088 4.34642615 4.27067016 4.29933935 4.35752378
 4.46378581 4.52890261 4.51062243 4.51380592 4.57361458 4.34204241
 4.43305139 4.52854363 4.47955979 4.49531686 4.37448675 4.38758743
 4.31863135 4.36932492 4.341574   4.34468836 4.41417504 4.3647812
 4.3721245  4.46002812 4.4590535  4.53016398 4.53583285 4.55347995
 4.58134978 4.59496358 4.53451908 4.5701786  4.67562401 4.79661882
 4.59896696 4.43705295 4.3285766  4.37249174 4.40634095 4.28016548
 4.27223629 4.31992907 4.37812028 4.44348892 4.47238102 4.36879708
 4.20590453 4.22449913 4.29572379 4.36732138 4.39088914 4.1683368
 4.1898908  4.21263747 4.29043113 4.20151904 4.04302429 4.1101597
 3.60442703 3.66922137 3.61927148 3.56468152 3.48776432 3.4452514
 3.23244397 3.25228845 3.0489841  2.86606265 2.84550286 2.83504969
 2.82817196 2.74569264 2.72852655 2.73556001 2.70643554 2.64121885
 2.60276254 2.59383536 2.52019138 2.56094083 2.16404042 1.95750434
 1.95913677 2.02663753 1.93216315 1.84721751 1.75257948 1.78841828
 1.79645028 1.85120509 1.89519231 1.85341479 1.74127419 1.74243117
 1.78736614 1.48783036 1.0723859  1.04246667 1.03509526 1.04485298
 0.97574065 0.98598836 0.98186771 1.03366218 1.0850177  1.0491366
 1.03230492 1.05455039 1.10895956 1.11536157 1.1575213  1.21151663
 1.25654302 1.36547622 1.34306098 1.43331158 1.49638382 1.59476277
 1.72171199 1.7085065  1.75358848 1.61805121 1.48792486 1.46386683
 1.61996357 1.45069443 1.53703774 1.6428947  1.53005759 1.49029533
 1.51163205 1.68969585 1.80561157 1.8438374  1.9713359  2.18723874
 1.9459201  2.13900636 2.06942913 2.19303228 2.34997552 2.46292478
 2.55936439 2.71409108 2.7614609  2.88666116 2.87690358 2.85397885
 2.96902072 3.05252713 3.16594719 3.23658252 3.35257518 3.36661768
 3.50323632 3.63272479 3.54595221 3.55156105 3.62680136 3.73674563
 3.75090086 3.8459724  3.93392697 3.87488357 3.81198402 3.9285102
 3.28211506 3.34718529 3.33861331 2.97691887 3.01315269 2.95547264
 2.66315137 2.54857415 2.33526374 2.3254933  2.29294156 2.20307019
 2.09012205 1.99999418 1.86610729 1.6232002  1.57776246 1.52141943
 1.3685946  1.27356744 1.24745323 1.22960263 0.9595082  0.74163251
 0.62489153 0.50655437]
Mus:
[[-1.75630618e-02 -6.23080134e-03]
 [-1.84612349e-02 -6.96485257e-03]
 [-1.79461986e-02 -6.67214068e-03]
 [-1.83399711e-02 -7.09307659e-03]
 [-1.75957717e-02 -6.67232648e-03]
 [-1.73795745e-02 -6.68203132e-03]
 [-1.61814857e-02 -6.48252247e-03]
 [-1.64988991e-02 -6.85879774e-03]
 [-1.54328169e-02 -6.37315353e-03]
 [-1.49699375e-02 -5.74655691e-03]
 [-1.43458955e-02 -5.23478491e-03]
 [-1.45796798e-02 -5.76094165e-03]
 [-1.41877430e-02 -5.68800839e-03]
 [-1.27664711e-02 -5.16715972e-03]
 [-1.27150416e-02 -5.78954956e-03]
 [-1.16965501e-02 -5.03932033e-03]
 [-1.15291309e-02 -5.54184150e-03]
 [-1.18702818e-02 -5.31755015e-03]
 [-1.07708490e-02 -5.01234410e-03]
 [-1.02271028e-02 -4.97443462e-03]
 [-7.62540288e-03 -3.50978412e-03]
 [-7.73169193e-03 -3.31534329e-03]
 [-8.17332603e-03 -3.39314411e-03]
 [-8.18293635e-03 -3.29687516e-03]
 [-7.93357193e-03 -2.69997143e-03]
 [-8.26164149e-03 -3.12604685e-03]
 [-9.01381392e-03 -3.81386490e-03]
 [-9.59227514e-03 -4.45642276e-03]
 [-9.79651231e-03 -4.79247887e-03]
 [-8.18966329e-03 -3.49703664e-03]
 [-8.08505993e-03 -3.57979536e-03]
 [-8.07544403e-03 -3.63830826e-03]
 [-7.17553357e-03 -3.23611358e-03]
 [-6.27349131e-03 -2.80086836e-03]
 [-6.57605845e-03 -2.81542959e-03]
 [-6.64300006e-03 -3.10936640e-03]
 [-5.50204376e-03 -2.92918296e-03]
 [-4.69132233e-03 -2.07305769e-03]
 [-4.64397157e-03 -1.49310951e-03]
 [-3.93844256e-03 -1.39151362e-03]
 [-3.64980008e-03 -1.26828719e-03]
 [-3.14313616e-03 -1.20944716e-03]
 [-5.74431440e-04 -6.78543176e-04]
 [ 8.68912248e-05  4.27189079e-04]
 [ 1.51182304e-03 -5.49544275e-05]
 [ 2.66095903e-03  4.54550609e-04]
 [ 4.28689783e-03  1.27480237e-03]
 [ 4.84621292e-03  2.28182063e-03]
 [ 5.66489296e-03  2.01753341e-03]
 [ 6.35986542e-03  2.15606764e-03]
 [ 7.38524692e-03  2.14772369e-03]
 [ 7.81993568e-03  2.28314986e-03]
 [ 9.31850914e-03  2.76696729e-03]
 [ 8.50800239e-03  2.74074497e-03]
 [ 6.83439290e-03  2.82496563e-03]
 [ 6.70862151e-03  2.17548292e-03]
 [ 7.47745810e-03  2.33002799e-03]
 [ 7.50140613e-03  2.10444210e-03]
 [ 9.08746757e-03  2.08734721e-03]
 [ 8.22321232e-03  2.89380434e-03]
 [ 7.52842380e-03  3.09230620e-03]
 [ 5.86810568e-03  2.53037480e-03]
 [ 5.21668093e-03  2.14761263e-03]
 [ 7.45244371e-03  1.82905293e-03]
 [ 6.41843909e-03  1.70583453e-03]
 [ 5.98720647e-03  1.70961651e-03]
 [ 4.94347047e-03  1.91520224e-03]
 [ 4.64359485e-03  1.72776252e-03]
 [ 3.20116268e-03  1.70156895e-03]
 [ 3.66711593e-03  9.57072538e-04]
 [ 2.54257605e-03  1.10195554e-03]
 [ 9.51723778e-04  8.52555851e-04]
 [-1.58518401e-03  5.62441011e-04]
 [-2.02084263e-03 -1.13907729e-04]
 [-4.96921455e-03 -6.16086298e-04]
 [-7.10884249e-03 -1.16295065e-03]
 [-9.15075280e-03 -1.91811915e-03]
 [-1.05104754e-02 -3.02884681e-03]
 [-1.19456444e-02 -3.58051946e-03]
 [-1.29177673e-02 -4.38794447e-03]
 [-1.22985961e-02 -4.71857842e-03]
 [-1.30277444e-02 -5.04175480e-03]
 [-1.46872103e-02 -5.43066580e-03]
 [-1.60407368e-02 -5.82827814e-03]
 [-1.68220643e-02 -6.20220043e-03]
 [-1.72618348e-02 -6.96154963e-03]
 [-1.83317512e-02 -7.02461414e-03]
 [-1.91398505e-02 -7.26607163e-03]
 [-2.07148455e-02 -7.20415637e-03]
 [-2.00051740e-02 -7.37531111e-03]
 [-2.08631437e-02 -7.92609807e-03]
 [-2.09776033e-02 -8.07374902e-03]
 [-2.22229939e-02 -9.11348686e-03]
 [-2.33968161e-02 -9.83642694e-03]
 [-2.20389031e-02 -9.22475196e-03]
 [-2.10560150e-02 -8.58214870e-03]
 [-2.05324702e-02 -8.03826563e-03]
 [-2.01238692e-02 -8.00520368e-03]
 [-1.73603799e-02 -6.63510198e-03]
 [-1.20505812e-02 -4.08547418e-03]
 [-8.38586688e-03 -2.15125922e-03]
 [-5.06172050e-03 -5.21999551e-04]
 [-1.85067311e-03  8.30015400e-04]
 [-9.73405316e-03 -4.65049269e-03]
 [-1.47053478e-02 -7.60568259e-03]
 [-1.51569871e-02 -8.23490974e-03]
 [-1.26661370e-02 -7.02375360e-03]
 [-9.86214541e-03 -5.67903137e-03]
 [-1.18348207e-02 -6.85734581e-03]
 [-9.15541034e-03 -5.49268909e-03]
 [-6.15844363e-03 -3.95625457e-03]
 [-4.75833099e-03 -3.34413210e-03]
 [-3.86642898e-03 -3.07587534e-03]
 [-2.54777242e-05 -1.01311074e-03]
 [-1.98642258e-03 -2.01176037e-03]
 [ 1.13755930e-03 -4.35173512e-04]
 [ 5.36038424e-04 -7.36461603e-04]
 [-1.41290331e-03 -1.83998817e-03]
 [-1.15267176e-03 -1.64824061e-03]
 [ 1.62539596e-03 -1.07103246e-04]
 [ 3.26596550e-03  6.95906114e-04]
 [ 3.11011844e-03  4.36468428e-04]
 [ 5.51307108e-03  1.81291637e-03]
 [ 5.92960743e-03  2.03019101e-03]
 [ 4.61571012e-03  1.07869809e-03]
 [ 7.45169539e-03  2.59817182e-03]
 [ 8.62501748e-03  3.20552196e-03]
 [ 5.88725600e-03  1.56024599e-03]
 [ 7.19513139e-03  2.11278233e-03]
 [ 5.16730221e-03  9.88894841e-04]
 [ 3.59374448e-03 -2.30134447e-05]
 [ 8.32773466e-03  2.67708325e-03]
 [ 8.91264062e-03  3.04606999e-03]
 [ 2.37308000e-03 -5.65495167e-04]
 [ 2.31599365e-03 -4.70773462e-04]
 [ 2.61978619e-03 -1.68599636e-05]
 [ 7.97430426e-03  3.12425988e-03]
 [ 3.96168372e-03  1.23417145e-03]
 [ 6.15124730e-03  2.72134808e-03]
 [ 3.99831962e-03  1.64085429e-03]
 [-1.88911785e-04 -5.97095524e-04]
 [-4.81251674e-03 -3.30075971e-03]
 [-9.42679681e-03 -5.53829316e-03]
 [-1.17238704e-02 -6.37951773e-03]
 [-1.26417223e-02 -6.05912181e-03]
 [-1.53257903e-02 -7.22501660e-03]
 [-1.48766553e-02 -6.08712528e-03]
 [-1.56881046e-02 -6.27098745e-03]
 [-1.59478765e-02 -6.15682732e-03]
 [-1.85429268e-02 -7.49432947e-03]
 [-2.04392914e-02 -8.29974841e-03]
 [-2.14231685e-02 -8.64687376e-03]
 [-2.14870088e-02 -8.26120377e-03]
 [-2.19770521e-02 -8.23089760e-03]
 [-2.04712804e-02 -6.96303928e-03]
 [-1.80621259e-02 -5.55818761e-03]
 [-1.76544003e-02 -5.46898972e-03]
 [-1.75281093e-02 -5.61611773e-03]
 [-2.07160413e-02 -7.26727862e-03]
 [-2.36361958e-02 -8.89644772e-03]
 [-2.60367785e-02 -9.97716188e-03]
 [-2.87590381e-02 -1.09586399e-02]
 [-2.94856615e-02 -1.13169774e-02]
 [-2.78913677e-02 -1.08448965e-02]
 [-2.71899514e-02 -1.02466559e-02]
 [-2.88920049e-02 -1.13480911e-02]
 [-2.90547367e-02 -1.16125867e-02]
 [-2.74590775e-02 -1.10460976e-02]
 [-2.76833866e-02 -1.11271022e-02]
 [-2.69336365e-02 -1.08083813e-02]
 [-2.63543017e-02 -1.06700482e-02]
 [-2.39913426e-02 -9.25926492e-03]
 [-2.25360002e-02 -8.26108921e-03]
 [-2.17991918e-02 -7.88585003e-03]
 [-1.94544103e-02 -5.87239210e-03]
 [-1.89622249e-02 -5.69471158e-03]
 [-1.77870914e-02 -4.90208482e-03]
 [-1.75313428e-02 -4.13120491e-03]
 [-1.76368747e-02 -4.30785492e-03]
 [-1.72833614e-02 -4.62393230e-03]
 [-1.70242283e-02 -4.77203634e-03]
 [-1.84165109e-02 -5.07327588e-03]
 [-1.88402981e-02 -4.99585271e-03]
 [-1.89104807e-02 -5.34425909e-03]
 [-1.94841959e-02 -5.46116522e-03]
 [-2.02045385e-02 -5.53997653e-03]
 [-2.04627812e-02 -5.53371059e-03]
 [-2.01708060e-02 -5.80348028e-03]
 [-2.14294158e-02 -6.02561561e-03]
 [-2.23503485e-02 -6.28253818e-03]
 [-2.40751505e-02 -6.89459220e-03]
 [-2.39066556e-02 -7.32326508e-03]
 [-2.55593006e-02 -8.46580230e-03]
 [-2.57289205e-02 -8.37843958e-03]
 [-2.58885510e-02 -8.48042499e-03]
 [-2.65709572e-02 -9.12319310e-03]
 [-3.01111732e-02 -1.08524160e-02]
 [-2.86042076e-02 -1.08972760e-02]
 [-3.23727950e-02 -1.25484280e-02]
 [-3.40108611e-02 -1.30212847e-02]]
Actions:
[[-0.09483592  0.31518444]
 [-0.01333803 -0.08785761]
 [-0.18184136  0.05889068]
 [ 0.04679028 -0.07541172]
 [-0.0642619   0.00654324]
 [-0.31465239 -0.18099586]
 [ 0.06817058  0.31564156]
 [ 0.00279389 -0.11324732]
 [ 0.29799392 -0.08402833]
 [ 0.18145164 -0.02683656]
 [-0.32305215  0.01115999]
 [-0.01587543  0.02925745]
 [-0.15109381 -0.21829532]
 [-0.152219    0.35372274]
 [ 0.19951313 -0.12676255]
 [-0.22105345  0.18995905]
 [ 0.42014851  0.23364583]
 [-0.16890092 -0.12179167]
 [-0.06088248  0.06009831]
 [ 0.02050941 -0.38846312]
 [ 0.19387378  0.04673827]
 [ 0.24682996  0.28895663]
 [ 0.13870439  0.14927306]
 [ 0.30332518  0.00564622]
 [-0.15849599  0.14264334]
 [-0.03392108  0.32573386]
 [-0.39298902 -0.09857121]
 [-0.1743406   0.02084151]
 [ 0.08489987 -0.31681641]
 [ 0.10375851  0.20809042]
 [-0.0295096   0.0375006 ]
 [-0.2376577  -0.29841501]
 [-0.02907056 -0.11802546]
 [ 0.18832967  0.14698288]
 [ 0.05921372  0.2531072 ]
 [-0.29929349 -0.17788386]
 [ 0.16410434 -0.19366565]
 [ 0.32701342 -0.0011735 ]
 [-0.26723372 -0.18456915]
 [ 0.00766234 -0.01086912]
 [-0.092405   -0.03034716]
 [-0.55103838 -0.32516964]
 [ 0.37853501 -0.2354631 ]
 [-0.45999591  0.15848619]
 [ 0.06092344 -0.04734088]
 [-0.06848069 -0.20726923]
 [ 0.20631409 -0.35499094]
 [-0.04664865  0.21953124]
 [ 0.03981739  0.03606068]
 [-0.11219749  0.0778232 ]
 [ 0.05507294  0.03784631]
 [-0.22179586 -0.17714211]
 [ 0.33855753  0.12155817]
 [ 0.41842552 -0.0343417 ]
 [-0.10432465  0.26438669]
 [-0.1554404  -0.1168372 ]
 [-0.03472543  0.10610556]
 [-0.34241008  0.02563382]
 [ 0.43163646 -0.27739616]
 [ 0.06948542 -0.25674368]
 [ 0.17351863  0.08971011]
 [ 0.03153077  0.0984976 ]
 [-0.48446135  0.17435562]
 [ 0.35263914  0.25656758]
 [ 0.09305185  0.00072259]
 [ 0.58537974  0.35768238]
 [-0.07251013 -0.06093807]
 [ 0.11450031 -0.27054451]
 [-0.37170499  0.1725693 ]
 [ 0.10048507 -0.30474255]
 [ 0.07277554 -0.22959973]
 [ 0.17796601 -0.40942997]
 [-0.27679523 -0.05394341]
 [ 0.32631074 -0.20937429]
 [ 0.32321375  0.07200924]
 [ 0.01563091 -0.12396567]
 [-0.24486736  0.11496994]
 [ 0.07173542  0.00513585]
 [-0.38693282 -0.17734704]
 [-0.20940711  0.18480565]
 [ 0.00877309 -0.02130546]
 [ 0.06686505 -0.22486962]
 [ 0.19375081  0.08477819]
 [ 0.12538246  0.16531483]
 [-0.34801979  0.07508976]
 [ 0.25057608 -0.0766988 ]
 [-0.05901579 -0.20613167]
 [ 0.34484122 -0.49866918]
 [-0.49419089 -0.37958383]
 [-0.04718631  0.16424796]
 [-0.08281597 -0.08019833]
 [-0.45430641  0.17085319]
 [-0.09194452  0.34252103]
 [-0.15423269 -0.42505455]
 [ 0.06503812 -0.13777171]
 [ 0.1682897  -0.02511999]
 [-0.29970849 -0.06666692]
 [-0.05168202 -0.24266973]
 [ 0.07392028 -0.35483845]
 [ 0.35280891 -0.060904  ]
 [-0.01460739 -0.26477507]
 [-0.15112285  0.0079933 ]
 [-0.48459685 -0.16893787]
 [ 0.00087101 -0.62544322]
 [-0.1033545   0.21201775]
 [ 0.12165235 -0.05670935]
 [ 0.0239001  -0.16674821]
 [-0.08784005  0.28695793]
 [ 0.04560497 -0.17345479]
 [ 0.11105973 -0.16793475]
 [-0.0418223  -0.07318743]
 [-0.14406859 -0.06347649]
 [ 0.21329369 -0.16185664]
 [-0.0517312   0.25004221]
 [ 0.03040607 -0.23301923]
 [-0.02613445  0.12470956]
 [-0.06629849  0.24391414]
 [ 0.10240928  0.12443493]
 [ 0.11604069 -0.15494965]
 [-0.14000741 -0.26575297]
 [-0.10045572  0.0638395 ]
 [ 0.29705823  0.08574478]
 [ 0.08273897  0.10922856]
 [-0.32261494 -0.0650647 ]
 [ 0.11737685 -0.12707318]
 [-0.06665188 -0.16111152]
 [-0.45451212 -0.05002398]
 [ 0.13943039  0.25519575]
 [-0.54283745 -0.23841504]
 [ 0.03072375  0.50679267]
 [ 0.37463399 -0.00179778]
 [ 0.03091071  0.0574709 ]
 [-0.43413852  0.4123886 ]
 [ 0.1031165   0.24617403]
 [ 0.17856769  0.17134688]
 [ 0.3308074  -0.38111082]
 [ 0.02738329  0.44882266]
 [ 0.20072859 -0.29643525]
 [-0.12009545  0.03229508]
 [-0.23601134  0.21853496]
 [-0.40949756  0.20129926]
 [-0.28399413  0.13016868]
 [-0.04408631  0.02600339]
 [ 0.54118662  0.21016397]
 [-0.14942603  0.00394102]
 [ 0.38873073 -0.18841471]
 [-0.21156324 -0.23373665]
 [-0.08304141 -0.18412774]
 [-0.31354231  0.08086898]
 [ 0.04467318  0.24769463]
 [-0.23182946 -0.12313746]
 [ 0.25525816  0.04549426]
 [ 0.13050123  0.0733986 ]
 [ 0.140174   -0.3426586 ]
 [ 0.13485807 -0.37127868]
 [-0.18917396 -0.19375315]
 [-0.30298437 -0.20306008]
 [-0.26834728  0.18647179]
 [-0.38908266  0.13926943]
 [-0.02913687  0.18370818]
 [ 0.19010848  0.23149096]
 [-0.0118065   0.08163468]
 [-0.19767622 -0.15292997]
 [ 0.35604253 -0.1526348 ]
 [-0.08573348  0.33980608]
 [ 0.04668036  0.14983581]
 [-0.05866167 -0.13565251]
 [ 0.21205201  0.14016118]
 [ 0.09423654  0.04167737]
 [ 0.03258519  0.13039826]
 [ 0.16048927 -0.34996999]
 [ 0.32359605 -0.02719898]
 [ 0.00505485 -0.02988142]
 [ 0.7152821  -0.13759016]
 [-0.13410675 -0.07155695]
 [ 0.08898141 -0.21344519]
 [ 0.24869314 -0.51514957]
 [-0.13675662 -0.03347957]
 [-0.22677613  0.26744794]
 [-0.39012907 -0.47654907]
 [ 0.26058452  0.03537989]
 [ 0.33131742  0.16628575]
 [-0.25519031  0.00244749]
 [ 0.08383381 -0.04240867]
 [ 0.20549641  0.07972792]
 [-0.07588541 -0.32228525]
 [-0.34470817 -0.20515683]
 [ 0.21553251 -0.14556682]
 [-0.01934485 -0.45584627]
 [ 0.09705421  0.04515342]
 [-0.36534691 -0.0365306 ]
 [-0.21863841  0.37553796]
 [ 0.04193419 -0.27484209]
 [-0.07724974 -0.18926208]
 [-0.253734    0.06548847]
 [-0.06929198  0.49423866]
 [-0.50564456 -0.22292062]
 [-0.10629518  0.24505775]
 [ 0.14331994 -0.05703624]
 [ 0.53760584  0.08930331]]
States:
[[9.99984038e-01 9.99192383e-01 5.05506977e-01 4.72658764e-01
  5.13544265e-01 5.97062957e-01]
 [9.99965904e-01 9.99518979e-01 5.03632712e-01 4.78896271e-01
  4.89186094e-01 6.79671963e-01]
 [9.99904195e-01 9.99880656e-01 4.99619129e-01 4.89486852e-01
  4.86250789e-01 6.55015898e-01]
 ...
 [8.77314073e-01 5.07941058e-01 8.43179778e-01 1.95496259e-03
  2.36794099e-01 3.35229534e-01]
 [9.04958457e-01 4.70957791e-01 8.07761784e-01 9.79657663e-05
  2.14969285e-01 4.04644977e-01]
 [9.28564364e-01 4.38650312e-01 7.71422237e-01 4.00285898e-04
  2.57634681e-01 3.93507631e-01]]
Logstds:
[[-3. -3.]
 [-3. -3.]
 [-3. -3.]
 [-3. -3.]
 [-3. -3.]
 [-3. -3.]
 [-3. -3.]
 [-3. -3.]
 [-3. -3.]
 [-3. -3.]
 [-3. -3.]
 [-3. -3.]
 [-3. -3.]
 [-3. -3.]
 [-3. -3.]
 [-3. -3.]
 [-3. -3.]
 [-3. -3.]
 [-3. -3.]
 [-3. -3.]
 [-3. -3.]
 [-3. -3.]
 [-3. -3.]
 [-3. -3.]
 [-3. -3.]
 [-3. -3.]
 [-3. -3.]
 [-3. -3.]
 [-3. -3.]
 [-3. -3.]
 [-3. -3.]
 [-3. -3.]
 [-3. -3.]
 [-3. -3.]
 [-3. -3.]
 [-3. -3.]
 [-3. -3.]
 [-3. -3.]
 [-3. -3.]
 [-3. -3.]
 [-3. -3.]
 [-3. -3.]
 [-3. -3.]
 [-3. -3.]
 [-3. -3.]
 [-3. -3.]
 [-3. -3.]
 [-3. -3.]
 [-3. -3.]
 [-3. -3.]
 [-3. -3.]
 [-3. -3.]
 [-3. -3.]
 [-3. -3.]
 [-3. -3.]
 [-3. -3.]
 [-3. -3.]
 [-3. -3.]
 [-3. -3.]
 [-3. -3.]
 [-3. -3.]
 [-3. -3.]
 [-3. -3.]
 [-3. -3.]
 [-3. -3.]
 [-3. -3.]
 [-3. -3.]
 [-3. -3.]
 [-3. -3.]
 [-3. -3.]
 [-3. -3.]
 [-3. -3.]
 [-3. -3.]
 [-3. -3.]
 [-3. -3.]
 [-3. -3.]
 [-3. -3.]
 [-3. -3.]
 [-3. -3.]
 [-3. -3.]
 [-3. -3.]
 [-3. -3.]
 [-3. -3.]
 [-3. -3.]
 [-3. -3.]
 [-3. -3.]
 [-3. -3.]
 [-3. -3.]
 [-3. -3.]
 [-3. -3.]
 [-3. -3.]
 [-3. -3.]
 [-3. -3.]
 [-3. -3.]
 [-3. -3.]
 [-3. -3.]
 [-3. -3.]
 [-3. -3.]
 [-3. -3.]
 [-3. -3.]
 [-3. -3.]
 [-3. -3.]
 [-3. -3.]
 [-3. -3.]
 [-3. -3.]
 [-3. -3.]
 [-3. -3.]
 [-3. -3.]
 [-3. -3.]
 [-3. -3.]
 [-3. -3.]
 [-3. -3.]
 [-3. -3.]
 [-3. -3.]
 [-3. -3.]
 [-3. -3.]
 [-3. -3.]
 [-3. -3.]
 [-3. -3.]
 [-3. -3.]
 [-3. -3.]
 [-3. -3.]
 [-3. -3.]
 [-3. -3.]
 [-3. -3.]
 [-3. -3.]
 [-3. -3.]
 [-3. -3.]
 [-3. -3.]
 [-3. -3.]
 [-3. -3.]
 [-3. -3.]
 [-3. -3.]
 [-3. -3.]
 [-3. -3.]
 [-3. -3.]
 [-3. -3.]
 [-3. -3.]
 [-3. -3.]
 [-3. -3.]
 [-3. -3.]
 [-3. -3.]
 [-3. -3.]
 [-3. -3.]
 [-3. -3.]
 [-3. -3.]
 [-3. -3.]
 [-3. -3.]
 [-3. -3.]
 [-3. -3.]
 [-3. -3.]
 [-3. -3.]
 [-3. -3.]
 [-3. -3.]
 [-3. -3.]
 [-3. -3.]
 [-3. -3.]
 [-3. -3.]
 [-3. -3.]
 [-3. -3.]
 [-3. -3.]
 [-3. -3.]
 [-3. -3.]
 [-3. -3.]
 [-3. -3.]
 [-3. -3.]
 [-3. -3.]
 [-3. -3.]
 [-3. -3.]
 [-3. -3.]
 [-3. -3.]
 [-3. -3.]
 [-3. -3.]
 [-3. -3.]
 [-3. -3.]
 [-3. -3.]
 [-3. -3.]
 [-3. -3.]
 [-3. -3.]
 [-3. -3.]
 [-3. -3.]
 [-3. -3.]
 [-3. -3.]
 [-3. -3.]
 [-3. -3.]
 [-3. -3.]
 [-3. -3.]
 [-3. -3.]
 [-3. -3.]
 [-3. -3.]
 [-3. -3.]
 [-3. -3.]
 [-3. -3.]
 [-3. -3.]
 [-3. -3.]
 [-3. -3.]
 [-3. -3.]
 [-3. -3.]
 [-3. -3.]
 [-3. -3.]]
