Baseline:
[0.55354476 0.56533587 0.57003397 0.5658476  0.54580325 0.5423421
 0.5578459  0.5538166  0.5631167  0.55427545 0.56749487 0.5748818
 0.5748034  0.58497816 0.5652276  0.560086   0.57601184 0.56841296
 0.57297635 0.5826829  0.5763485  0.5612405  0.5726237  0.5959456
 0.60744727 0.6133981  0.6104164  0.5984643  0.5841902  0.54961175
 0.55671114 0.5521781  0.55714494 0.54629105 0.5431502  0.51007783
 0.49185482 0.48517087 0.46178254 0.45580104 0.43470442 0.4159085
 0.37905893 0.3676233  0.3449537  0.32700256 0.29982936 0.27990067
 0.26503912 0.20679484 0.19726767 0.19811355 0.19122724 0.19048855
 0.17802313 0.17134725 0.1677891  0.1634874  0.17529416 0.18390106
 0.19413875 0.21068624 0.23110023 0.24344969 0.26492688 0.27548176
 0.29657185 0.2921533  0.27940276 0.27273998 0.2615376  0.26053122
 0.2243444  0.21653071 0.21595688 0.2133359  0.21323699 0.22870812
 0.21372382 0.20978333 0.21443532 0.23015913 0.23636663 0.2528416
 0.22851698 0.24596998 0.24584353 0.24346727 0.22961438 0.22904319
 0.24122919 0.2413266  0.27071115 0.29161307 0.3015797  0.34456995
 0.33281878 0.34651843 0.35770646 0.36954543 0.36288926 0.36838886
 0.3689572  0.38673767 0.39194626 0.40127465 0.3969532  0.38716692
 0.38178408 0.39755282 0.41130364 0.44066164 0.44756874 0.47642657
 0.50271887 0.5154546  0.5473698  0.56628454 0.60072565 0.5927028
 0.61016375 0.63231885 0.6260587  0.6416647  0.6413104  0.610624
 0.6092859  0.6180745  0.61290634 0.5884427  0.5873601  0.5720218
 0.56548434 0.55796736 0.5552501  0.5407596  0.54501384 0.54817325
 0.53161913 0.49145848 0.49525437 0.50192726 0.4745414  0.48810735
 0.44272912 0.42205858 0.3939456  0.3935446  0.37500617 0.36269602
 0.31846187 0.30131623 0.30047408 0.29048255 0.27651736 0.25196618
 0.24253596 0.22700894 0.23293418 0.21363653 0.24609306 0.23160449
 0.24244729 0.2616779  0.23509657 0.27041027 0.30678347 0.29123297
 0.27464274 0.27793047 0.26689228 0.24927847 0.23594968 0.24154013
 0.21328883 0.22983986 0.24726656 0.26444092 0.2591805  0.27611044
 0.27216426 0.27941102 0.2699049  0.31575695 0.3065991  0.3025941
 0.2968963  0.31018627 0.30689964 0.29858124 0.2955722  0.2713568
 0.2849883  0.2656996  0.2567476  0.2452953  0.26388192 0.23591685
 0.24900457 0.2347697  0.2347697 ]
Returns:
[ 3.89997163  3.78689242  3.71243524  3.66248149  3.47455057  3.51816983
  3.43904386  3.49723757  3.51747596  3.49457861  3.31822973  3.32348089
  3.37715047  3.37693104  3.34662654  3.38298944  3.3227163   3.22538329
  3.25785337  3.23112084  3.27117558  3.22696784  3.08614957  2.66680052
  2.54353933  2.51244318  2.43653077  2.28601255  2.27627305  1.98854613
  1.87260248  1.82537454  1.55444289  1.40511056  1.16184701  1.01037546
  0.73508886  0.61248598  0.51595284  0.38115669  0.34316176  0.3152447
  0.03844942 -0.07074788 -0.13810543 -0.17026931 -0.22279871 -0.23385782
 -0.22967051 -0.40532638 -0.40193013 -0.40309126 -0.70093839 -0.65693772
 -0.84709858 -0.80342901 -0.74790773 -0.66586855 -0.68866169 -0.60666874
 -0.53809891 -0.46312355 -0.3913137  -0.28808327 -0.52220415 -0.4641946
 -0.46988189 -0.35802364 -0.27119347 -0.14486353 -0.03017142  0.01358234
  0.1505078   0.11617892  0.23510317  0.37811214  0.52079948  0.55119807
  0.59646523  0.74390863  0.89558073  0.96718172  1.12954232  1.22084859
  1.19932818  1.29402687  1.415864    1.42882007  1.51885974  1.6713542
  1.82424768  1.91663916  1.93296296  2.02291081  2.1641657   1.87492091
  1.89825736  1.9542534   2.06019065  2.01051126  2.11267507  2.22147251
  2.33288471  2.34264244  2.44033972  2.27139614  2.22355924  2.25512098
  2.16586463  1.97483933  2.04318636  1.96577048  1.9342765   1.98114425
  1.84367589  1.84472734  1.83192404  1.82718963  1.48087734  1.23020379
  1.15760262  0.92390583  0.90579357  0.73319891  0.73261383  0.54355549
  0.53698445  0.45381355  0.44135143  0.38221835  0.29214375  0.15857927
  0.12071093  0.16145119  0.16460167  0.20317422  0.20208492  0.16575241
  0.28201963 -0.08670103 -0.04745068 -0.03908163 -0.07945079 -0.35970544
 -0.57695137 -0.49607319 -0.46122944 -0.54935712 -0.47530971 -0.40835322
 -0.46848766 -0.36807617 -0.37690772 -0.28231277 -0.20364293 -0.18167817
 -0.08677996  0.02311799 -0.23432358 -0.23339215 -0.26842101 -0.28754537
 -0.17439584 -0.21942403 -0.40129689 -0.32722076 -0.42243458 -0.33613181
 -0.28208792 -0.17236144 -0.06202749 -0.06381398  0.0246245   0.1583911
  0.03448497 -0.23761035 -0.17597184 -0.4419004  -0.33959944 -0.27318723
 -0.15394043 -0.07613833 -0.34249841 -0.63413932 -0.53468305 -0.41786439
 -0.33198244 -0.24322511 -0.16268555 -0.1792279  -0.09872488 -0.31332534
 -0.23824654 -0.17994345 -0.13327336 -0.08258085  0.01960291 -0.15316146
 -0.18256851 -0.13570976]
Advants:
[ 2.40787104e+00  2.30268354e+00  2.24243974e+00  2.21577934e+00
  2.06343503e+00  2.12883783e+00  2.05116465e+00  2.13371306e+00
  2.16704655e+00  2.17685872e+00  2.00732900e+00  2.02687281e+00
  2.10580946e+00  2.12242827e+00  2.14086200e+00  2.21510726e+00
  2.17208148e+00  2.11557117e+00  2.18039506e+00  2.18289103e+00
  2.27296671e+00  2.29037503e+00  2.18393628e+00  1.77723566e+00
  1.67733935e+00  1.67698335e+00  1.64161359e+00  1.53952257e+00
  1.58377974e+00  1.36590837e+00  1.27734214e+00  1.27074062e+00
  1.02547718e+00  9.15960656e-01  6.99840662e-01  6.03827001e-01
  3.63105547e-01  2.61335720e-01  2.01283128e-01  8.26920504e-02
  7.63655738e-02  7.84347790e-02 -1.56788370e-01 -2.52448688e-01
 -2.96238394e-01 -3.09915953e-01 -3.35475599e-01 -3.26552445e-01
 -3.06856315e-01 -4.27196785e-01 -4.17052050e-01 -4.22136528e-01
 -7.25435807e-01 -6.92702251e-01 -8.88921990e-01 -8.57121776e-01
 -8.16340213e-01 -7.47185608e-01 -8.01505912e-01 -7.47250532e-01
 -7.07874663e-01 -6.68210846e-01 -6.35587949e-01 -5.62268390e-01
 -8.44828973e-01 -8.25166001e-01 -8.82930766e-01 -7.96684878e-01
 -7.26613529e-01 -6.21530789e-01 -5.22030224e-01 -5.04528081e-01
 -3.55641856e-01 -4.09266900e-01 -3.15492280e-01 -1.93273066e-01
 -7.14757830e-02 -7.88636170e-02 -4.09649779e-02  9.08438963e-02
  2.21168463e-01  2.60656016e-01  4.03852776e-01  4.66938406e-01
  4.57083053e-01  5.22979811e-01  6.36399747e-01  6.42934832e-01
  7.40493893e-01  8.91420515e-01  1.03415851e+00  1.13151054e+00
  1.12353466e+00  1.20023410e+00  1.34388829e+00  1.01479732e+00
  1.05438199e+00  1.10286668e+00  1.20726174e+00  1.15430824e+00
  1.27578831e+00  1.39601950e+00  1.52866740e+00  1.54405795e+00
  1.66481495e+00  1.51170581e+00  1.49415089e+00  1.56494975e+00
  1.51044192e+00  1.32911943e+00  1.41304559e+00  1.33479793e+00
  1.32616543e+00  1.37703685e+00  1.24387236e+00  1.26502927e+00
  1.25456654e+00  1.26735987e+00  9.14377504e-01  6.94358918e-01
  6.26071506e-01  3.85936284e-01  3.90773122e-01  2.14862427e-01
  2.27961431e-01  7.91567258e-02  8.41441964e-02  4.31712113e-04
  1.86161362e-03 -2.44129568e-02 -1.07047384e-01 -2.22030832e-01
 -2.50811768e-01 -1.98294867e-01 -1.87623055e-01 -1.27705654e-01
 -1.25776107e-01 -1.58596861e-01 -1.44281268e-02 -3.40835775e-01
 -3.01949072e-01 -2.96475819e-01 -3.05761793e-01 -6.04657339e-01
 -7.87347816e-01 -6.94403159e-01 -6.38836328e-01 -7.37295650e-01
 -6.53493221e-01 -5.81306697e-01 -6.05381998e-01 -4.93060491e-01
 -5.06978632e-01 -4.05591304e-01 -3.13562954e-01 -2.66266734e-01
 -1.57864907e-01 -2.41403917e-02 -2.86646018e-01 -2.64856758e-01
 -3.32736270e-01 -3.37943088e-01 -2.33091915e-01 -2.96576892e-01
 -4.55831555e-01 -4.20170990e-01 -5.59193828e-01 -4.62259708e-01
 -3.94779219e-01 -2.88470842e-01 -1.63486396e-01 -1.43249533e-01
 -3.35496441e-02  1.07199075e-01  2.22294622e-02 -2.63748613e-01
 -2.15273879e-01 -5.02506506e-01 -3.96099947e-01 -3.46340525e-01
 -2.19036675e-01 -1.41838170e-01 -3.99426967e-01 -7.48155270e-01
 -6.48374446e-01 -5.33399711e-01 -4.45334837e-01 -3.71347690e-01
 -2.86535272e-01 -2.93943306e-01 -2.06962970e-01 -3.99472525e-01
 -3.38430279e-01 -2.58878263e-01 -1.99408716e-01 -1.31166673e-01
 -3.83674001e-02 -1.77659012e-01 -2.15491173e-01 -1.47448257e-01]
Mus:
[[-2.62387041e-02 -1.12687722e-02]
 [-2.60126386e-02 -1.19738895e-02]
 [-2.48880852e-02 -1.09654004e-02]
 [-2.50639729e-02 -1.04698194e-02]
 [-2.68248320e-02 -1.04347747e-02]
 [-2.74365898e-02 -1.11162905e-02]
 [-2.64991783e-02 -1.12002194e-02]
 [-2.67632809e-02 -1.15714520e-02]
 [-2.61965990e-02 -1.14025334e-02]
 [-2.66490653e-02 -1.22220106e-02]
 [-2.51944046e-02 -1.10447397e-02]
 [-2.46557873e-02 -1.06727453e-02]
 [-2.45939605e-02 -1.06675476e-02]
 [-2.41061337e-02 -1.05882715e-02]
 [-2.46364791e-02 -1.06626265e-02]
 [-2.46340297e-02 -1.05160978e-02]
 [-2.38890536e-02 -1.02729369e-02]
 [-2.40560435e-02 -9.67353676e-03]
 [-2.39981357e-02 -9.63048637e-03]
 [-2.35115904e-02 -9.39348061e-03]
 [-2.40817051e-02 -9.74243693e-03]
 [-2.49312781e-02 -9.72373132e-03]
 [-2.45307777e-02 -9.18808766e-03]
 [-2.38591339e-02 -9.91052110e-03]
 [-2.37038452e-02 -1.03131216e-02]
 [-2.34883614e-02 -1.03175677e-02]
 [-2.25553308e-02 -9.33973957e-03]
 [-2.17894800e-02 -8.28689802e-03]
 [-2.18852125e-02 -8.13111011e-03]
 [-2.36857627e-02 -9.07492451e-03]
 [-2.38769166e-02 -9.68183670e-03]
 [-2.45504212e-02 -1.03312712e-02]
 [-2.64458358e-02 -1.21744964e-02]
 [-2.80182678e-02 -1.33062201e-02]
 [-2.69963164e-02 -1.25938458e-02]
 [-2.90982854e-02 -1.39286034e-02]
 [-2.89883446e-02 -1.40922172e-02]
 [-2.82810777e-02 -1.37410965e-02]
 [-2.67837364e-02 -1.28400093e-02]
 [-2.70208325e-02 -1.34858815e-02]
 [-2.63801292e-02 -1.33952061e-02]
 [-2.57914737e-02 -1.32253869e-02]
 [-2.74910703e-02 -1.48263089e-02]
 [-2.67065912e-02 -1.45115498e-02]
 [-2.68621687e-02 -1.48325842e-02]
 [-2.61717457e-02 -1.46410484e-02]
 [-2.71526258e-02 -1.56625137e-02]
 [-2.69081015e-02 -1.60674714e-02]
 [-2.64573414e-02 -1.62292067e-02]
 [-1.92032792e-02 -1.24070030e-02]
 [-1.28965788e-02 -9.05506033e-03]
 [-9.61349625e-03 -8.08844529e-03]
 [-2.24929629e-03 -4.56553791e-03]
 [ 1.97685789e-03 -2.98299105e-03]
 [ 9.26493481e-03  6.98313466e-04]
 [ 1.26783848e-02  2.14244844e-03]
 [ 1.49266608e-02  2.98885186e-03]
 [ 1.72296874e-02  4.09500767e-03]
 [ 1.76253635e-02  3.70221748e-03]
 [ 1.88822392e-02  4.19434207e-03]
 [ 1.95732340e-02  4.34731739e-03]
 [ 2.02006213e-02  4.44804179e-03]
 [ 2.09758487e-02  5.03294077e-03]
 [ 2.03996450e-02  4.76288097e-03]
 [ 1.74097475e-02  2.72770133e-03]
 [ 1.85588226e-02  3.48179019e-03]
 [ 1.95197817e-02  4.25372552e-03]
 [ 1.93151757e-02  4.66649886e-03]
 [ 1.68048926e-02  3.78096895e-03]
 [ 1.53529355e-02  3.63153312e-03]
 [ 1.24498690e-02  2.63312482e-03]
 [ 7.78466603e-03  4.36017930e-04]
 [ 8.67005531e-03  2.54791533e-03]
 [ 7.15418998e-03  2.32599792e-03]
 [ 4.97478526e-03  1.54884497e-03]
 [ 2.67754449e-03  7.92607199e-04]
 [-3.24506254e-04 -4.46941005e-04]
 [-2.54147779e-03 -6.18232007e-04]
 [-3.82502959e-03 -6.11010939e-04]
 [-5.26695279e-03 -9.01122345e-04]
 [-6.68990100e-03 -1.27122167e-03]
 [-7.93116633e-03 -1.40961062e-03]
 [-9.00570117e-03 -1.87719392e-03]
 [-1.07951416e-02 -2.74177082e-03]
 [-9.77494568e-03 -1.91899575e-03]
 [-1.08377244e-02 -2.16234219e-03]
 [-1.04481112e-02 -1.66280707e-03]
 [-9.21960454e-03 -4.77529480e-04]
 [-7.66434148e-03  5.33354432e-05]
 [-7.20157754e-03  1.20225348e-04]
 [-7.82321859e-03  1.40179400e-04]
 [-6.92983484e-03  6.51536393e-04]
 [-9.23833624e-03 -1.51206259e-04]
 [-1.10715749e-02 -1.24742661e-03]
 [-1.16968639e-02 -1.42569945e-03]
 [-1.67234503e-02 -4.01103916e-03]
 [-1.48850568e-02 -2.89845327e-03]
 [-1.49745243e-02 -2.72146193e-03]
 [-1.54818827e-02 -3.09216185e-03]
 [-1.78965200e-02 -4.76137595e-03]
 [-1.73943713e-02 -4.54380456e-03]
 [-1.78970732e-02 -4.70161112e-03]
 [-1.76558793e-02 -4.45892103e-03]
 [-1.98893193e-02 -5.93437627e-03]
 [-2.02418864e-02 -5.98651916e-03]
 [-1.82036627e-02 -4.55646217e-03]
 [-1.62189696e-02 -3.18861846e-03]
 [-1.48333609e-02 -2.29081092e-03]
 [-1.31782368e-02 -1.02939457e-03]
 [-1.13735693e-02  4.88188962e-04]
 [-1.13459472e-02  2.89557007e-04]
 [-9.95616801e-03  1.25563249e-03]
 [-9.78964660e-03  1.18084182e-03]
 [-1.03227198e-02  8.43549846e-04]
 [-1.01070581e-02  1.36435032e-03]
 [-1.06622651e-02  1.05958397e-03]
 [-1.05124218e-02  1.01777492e-03]
 [-1.10075530e-02  8.10657395e-04]
 [-1.14159426e-02  1.06990570e-03]
 [-1.09720575e-02  1.59721807e-04]
 [-1.04370657e-02 -7.71377163e-05]
 [-8.46929103e-03  1.44726117e-04]
 [-8.97578523e-03 -3.87100881e-04]
 [-8.76014493e-03 -1.31254536e-04]
 [-8.08203220e-03 -3.30510025e-04]
 [-9.34410188e-03 -1.57354272e-03]
 [-9.91529413e-03 -2.17423169e-03]
 [-9.51748434e-03 -1.88714021e-03]
 [-9.94657632e-03 -2.06546322e-03]
 [-1.07904533e-02 -3.05444770e-03]
 [-1.09330798e-02 -3.39011406e-03]
 [-1.09616425e-02 -3.40793352e-03]
 [-1.12790251e-02 -3.39256623e-03]
 [-1.12083396e-02 -3.39334947e-03]
 [-1.03460308e-02 -3.06282635e-03]
 [-9.76592861e-03 -3.12734046e-03]
 [-8.48681293e-03 -2.48250784e-03]
 [-6.63124071e-03 -1.39046693e-03]
 [-5.52295148e-03 -1.16127962e-03]
 [-6.79966947e-03 -2.71095289e-03]
 [-5.53381350e-03 -2.01302976e-03]
 [-4.21793014e-03 -1.18232938e-03]
 [-3.75299063e-03 -1.33444392e-03]
 [-2.53014173e-03 -5.54539656e-05]
 [-1.93710008e-03 -3.39678867e-04]
 [-1.01944839e-03 -1.66020051e-04]
 [-5.22563118e-04 -1.66724159e-04]
 [ 1.09814038e-03  1.05659431e-03]
 [ 2.74582626e-03  1.89814589e-03]
 [ 5.08625293e-03  2.88896612e-03]
 [ 6.18013693e-03  2.77014240e-03]
 [ 7.54836947e-03  3.40928952e-03]
 [ 1.00262314e-02  4.92411526e-03]
 [ 1.30314985e-02  6.10949146e-03]
 [ 1.55151244e-02  7.35398801e-03]
 [ 1.66585241e-02  8.18777364e-03]
 [ 2.05141902e-02  9.50291380e-03]
 [ 2.17330344e-02  1.01123461e-02]
 [ 2.61470303e-02  1.07292468e-02]
 [ 2.53382083e-02  1.07425395e-02]
 [ 2.74932701e-02  1.16116758e-02]
 [ 2.63768472e-02  1.17858918e-02]
 [ 2.71335039e-02  1.21493302e-02]
 [ 2.84808744e-02  1.19991861e-02]
 [ 2.65473146e-02  1.02509493e-02]
 [ 2.82616355e-02  1.03260502e-02]
 [ 2.93134004e-02  1.05277803e-02]
 [ 2.86805108e-02  1.03246169e-02]
 [ 2.85257846e-02  1.06956372e-02]
 [ 2.79504415e-02  1.01421736e-02]
 [ 2.71564722e-02  9.67459939e-03]
 [ 2.46836171e-02  8.06233473e-03]
 [ 2.42557898e-02  7.99414515e-03]
 [ 2.56047659e-02  8.80215690e-03]
 [ 2.49984935e-02  9.01109073e-03]
 [ 2.22174861e-02  6.56327838e-03]
 [ 2.49615945e-02  8.13102536e-03]
 [ 2.86138151e-02  1.09278392e-02]
 [ 2.84017716e-02  1.06100496e-02]
 [ 2.85740998e-02  1.03545841e-02]
 [ 2.88472902e-02  1.06508806e-02]
 [ 2.78570186e-02  9.74579528e-03]
 [ 2.23619603e-02  6.28272910e-03]
 [ 2.60262266e-02  8.36274587e-03]
 [ 2.48392802e-02  7.76270824e-03]
 [ 2.47394796e-02  7.83805177e-03]
 [ 2.25887317e-02  6.61269389e-03]
 [ 2.31537148e-02  7.09235389e-03]
 [ 1.93694476e-02  5.17077884e-03]
 [ 2.09230613e-02  6.53709890e-03]
 [ 1.75301507e-02  4.72796196e-03]
 [ 1.90677829e-02  6.20847754e-03]
 [ 1.99056473e-02  6.96209352e-03]
 [ 1.89879723e-02  6.55610673e-03]
 [ 1.73533820e-02  5.31468727e-03]
 [ 1.59816630e-02  4.25911788e-03]
 [ 1.57792568e-02  4.19321051e-03]
 [ 1.60007719e-02  4.74019954e-03]
 [ 1.48261711e-02  3.64949577e-03]
 [ 1.42972162e-02  3.67044099e-03]]
Actions:
[[-1.32001085e-01  4.24233203e-01]
 [ 2.48910367e-01 -1.52825921e-01]
 [ 1.15683161e-01 -2.44515389e-01]
 [-6.41044853e-02 -4.76781956e-01]
 [-1.63058425e-01  1.18774926e-01]
 [ 9.40704905e-02  3.32894968e-01]
 [-1.44946105e-01  6.49483593e-02]
 [ 9.95605916e-02  1.21430299e-01]
 [-3.60074204e-01  1.58414274e-01]
 [ 3.86779410e-01 -9.59470351e-02]
 [ 1.30841076e-01  3.14745567e-02]
 [-3.42602169e-02  3.06194135e-02]
 [ 7.06694156e-02  1.77901876e-01]
 [-2.43462179e-01 -2.19293572e-01]
 [-3.37232500e-02 -9.38540739e-02]
 [ 1.93911649e-01  1.85178149e-01]
 [ 1.14388884e-01 -3.19679209e-01]
 [ 6.03688379e-02  5.04386190e-02]
 [ 1.60606145e-01  1.21436888e-01]
 [-1.63747244e-01  2.63976929e-02]
 [-1.32570892e-01 -2.63434990e-01]
 [ 3.04391462e-01 -2.56988723e-02]
 [-2.82557925e-02  6.83846111e-01]
 [-6.36597935e-02  3.94930551e-01]
 [ 1.44967566e-03  2.17630348e-01]
 [ 1.55537596e-01 -1.56341257e-01]
 [ 1.20715650e-01 -3.04856805e-01]
 [-1.34086928e-01 -1.01645104e-01]
 [-5.87097266e-01 -1.20449853e-01]
 [-8.84423426e-02  3.35786575e-01]
 [-2.02799417e-01  1.63373909e-01]
 [-1.85456029e-01  5.13840597e-01]
 [-1.84680275e-01  3.57836266e-01]
 [ 2.87003512e-01  3.23187323e-01]
 [-3.90041774e-01  8.44092395e-02]
 [-4.46831946e-03 -4.67633562e-01]
 [ 2.19977282e-01  3.12944922e-02]
 [ 3.28817948e-02 -2.01252715e-01]
 [-5.41947941e-03  2.93408114e-01]
 [-5.55274829e-02 -4.29122670e-02]
 [ 9.69838467e-03 -1.59249070e-02]
 [-5.11493977e-01  1.93060142e-01]
 [ 1.85155238e-01  1.74917227e-01]
 [-3.92473009e-02  2.09133788e-01]
 [ 1.11303251e-01 -8.64430872e-03]
 [-2.89452418e-01 -4.18155431e-02]
 [-2.07310874e-01 -8.19385510e-02]
 [-1.03175005e-01  5.85962843e-02]
 [-5.05672236e-01 -3.75130365e-02]
 [-1.15941092e-03 -1.74840999e-01]
 [-1.03055912e-01  1.42223760e-01]
 [-3.14809667e-01 -5.25681261e-01]
 [-2.31959229e-02  4.11330786e-02]
 [-1.55658813e-01 -4.62568090e-01]
 [ 8.47076374e-02  1.78952460e-02]
 [-5.97450235e-02  1.10190925e-01]
 [ 5.31056086e-02  7.94909096e-03]
 [-4.28548642e-02  3.38046121e-01]
 [ 1.16869983e-03  1.30396287e-01]
 [-1.07166432e-01  1.51355493e-01]
 [-6.05484548e-02  1.87716072e-01]
 [ 2.11356038e-01  8.22731717e-02]
 [ 1.51681994e-02  1.66300597e-01]
 [-6.01235969e-02  5.94132448e-01]
 [ 2.26655764e-01  1.47787521e-01]
 [ 3.24597728e-01  1.85418509e-01]
 [ 4.53516450e-02 -1.11209869e-01]
 [-1.85131211e-01 -5.61721231e-02]
 [-1.36665662e-02 -1.01540037e-01]
 [-1.49500397e-01 -3.99044462e-02]
 [-1.84833710e-01  2.47550366e-01]
 [ 1.14828903e-01  2.74495436e-02]
 [-1.07542622e-02  4.18794938e-01]
 [-4.69425780e-02  1.53267829e-01]
 [-6.57182494e-02 -4.62385065e-02]
 [-9.64207837e-02  4.65703702e-02]
 [ 3.46848233e-01 -5.04057094e-02]
 [-4.23693987e-02 -3.29094375e-01]
 [ 2.57111843e-02 -1.09617934e-01]
 [ 9.64170524e-02 -4.33942402e-03]
 [ 2.75889082e-01  4.78114360e-02]
 [-5.77719817e-04  6.67929726e-02]
 [ 5.74694320e-02  2.31817788e-01]
 [-8.25326365e-02 -4.28424674e-01]
 [ 2.10050167e-01  9.84138550e-02]
 [ 1.27888151e-01 -1.43736573e-01]
 [ 2.11806424e-01 -2.95221258e-01]
 [-2.68496113e-01 -1.74969988e-01]
 [-1.78278509e-01 -5.51612035e-02]
 [ 9.28010918e-02 -5.17529251e-02]
 [-1.34167135e-01 -2.52028560e-01]
 [ 2.51579089e-01  2.03968361e-01]
 [-6.58864899e-02  2.48470196e-01]
 [-9.89564125e-04 -3.19938213e-02]
 [ 1.21344770e-01  6.07829277e-01]
 [ 1.10374081e-02 -3.01244332e-01]
 [ 1.98474503e-01  1.79743170e-03]
 [-2.84878738e-02  1.08270872e-01]
 [-2.82114889e-01  3.23780851e-01]
 [-8.66029769e-02 -9.70430347e-02]
 [ 6.65414416e-02  2.15614997e-02]
 [ 6.15159976e-02 -6.90250814e-02]
 [-7.48965239e-02  3.24549338e-01]
 [ 1.27424788e-01  3.42192762e-02]
 [ 4.70103307e-01 -7.75241734e-02]
 [ 2.35489179e-01 -2.39059537e-01]
 [-3.79574237e-02 -2.71059523e-01]
 [ 1.09757953e-02 -4.23345634e-01]
 [ 2.39595475e-01 -4.26183403e-01]
 [-1.50998612e-01  5.30116017e-02]
 [ 2.70756326e-01 -1.85521698e-01]
 [-2.81098434e-01 -2.35055071e-01]
 [ 7.59389706e-02  1.26712163e-01]
 [ 2.01994727e-01 -3.06519930e-01]
 [-1.69925809e-01 -1.57277184e-01]
 [ 1.61118749e-01  9.16102601e-02]
 [ 4.34343404e-02 -1.44167188e-01]
 [ 4.48815721e-01 -2.87880332e-01]
 [-5.15951968e-01  2.72956086e-01]
 [ 1.25517629e-01  2.35999700e-01]
 [ 2.84045581e-01  3.76370809e-01]
 [-2.04401716e-01 -1.08382776e-01]
 [ 2.51152839e-01 -2.72462099e-01]
 [ 1.55082402e-02  1.83156369e-01]
 [-5.22255558e-01  5.61851174e-03]
 [-1.25116846e-04  2.35587701e-01]
 [ 2.83774649e-01 -8.29096802e-03]
 [ 1.20496152e-02 -1.91346379e-01]
 [-3.47708141e-01  1.98657780e-01]
 [ 7.95640487e-02  3.92875211e-01]
 [-1.60803996e-01 -3.95676732e-01]
 [ 7.14272932e-02 -2.56026637e-01]
 [ 9.65866055e-02  1.76643530e-02]
 [ 1.83207560e-01  1.55529832e-01]
 [-6.21439033e-02  2.48523888e-01]
 [ 2.32594477e-01  1.34941907e-01]
 [ 2.74038023e-01 -1.43904732e-01]
 [-8.66069606e-02  3.04613460e-02]
 [-6.27738515e-01  3.20382248e-01]
 [ 1.73789405e-01 -4.16972940e-02]
 [ 2.56844301e-01 -3.50741429e-02]
 [-3.13399061e-01 -2.40488410e-01]
 [ 5.07860127e-01 -2.48531010e-01]
 [-4.95447677e-01 -2.59016853e-01]
 [-8.87478662e-02  7.71685945e-02]
 [-2.25719092e-01 -1.06528781e-01]
 [ 3.19079778e-01 -2.45781462e-01]
 [ 4.28864173e-02 -1.32385459e-01]
 [ 1.29144898e-01  1.38877991e-01]
 [-3.87936122e-01  1.20633992e-01]
 [-1.17146405e-02 -8.44852284e-02]
 [ 2.71281826e-01 -2.12060973e-01]
 [ 8.06246986e-02  1.40951300e-01]
 [ 7.99065275e-02 -1.84574568e-01]
 [-3.04750082e-02 -3.06130900e-01]
 [-5.56924349e-03  1.98339220e-01]
 [-7.61234246e-02 -1.19400203e-01]
 [-2.15375680e-01  5.79434369e-01]
 [-1.45287795e-01 -3.03433696e-01]
 [ 2.97770247e-01  3.01028716e-01]
 [-2.71577310e-02 -3.62814581e-01]
 [ 9.64000718e-02  9.06054029e-02]
 [ 5.47702788e-02  4.19621793e-01]
 [-5.18861697e-01 -1.14006349e-02]
 [ 2.28410021e-01  5.11687499e-02]
 [ 3.25629620e-01  3.55019677e-01]
 [-8.98941351e-02 -1.26317831e-01]
 [-1.84425397e-02 -2.43239378e-01]
 [-2.30787076e-02  1.29010510e-01]
 [-1.17911253e-01 -3.33001859e-02]
 [-3.37682415e-01  5.96617791e-02]
 [-1.42447596e-01 -1.40789853e-01]
 [ 1.17858429e-01 -3.57753929e-02]
 [-2.46427656e-01 -4.23748814e-01]
 [-2.43497810e-01  5.79693455e-01]
 [ 2.85438153e-01  6.01501418e-03]
 [ 5.44163758e-01 -3.10838822e-01]
 [-1.05450788e-01  3.06638382e-02]
 [ 8.13939740e-02  2.40398906e-01]
 [ 3.74806219e-02 -8.80379162e-02]
 [-5.92307051e-02  2.27528729e-01]
 [-4.94056622e-01  3.51042938e-01]
 [ 6.04507538e-01  2.47992062e-01]
 [-8.59234143e-02  1.30163257e-03]
 [ 2.66365172e-02 -2.96792382e-02]
 [-1.33237974e-01  1.17543998e-01]
 [ 2.06438207e-01  8.24218776e-02]
 [-1.75261084e-01  1.27373605e-01]
 [ 1.19750765e-01 -3.56641511e-01]
 [-1.80273056e-01  1.27755661e-01]
 [ 1.41158076e-02 -5.64964448e-01]
 [ 2.33980622e-01 -3.02451791e-02]
 [-1.72830119e-01 -1.69056789e-01]
 [-2.47030940e-01  1.22959848e-01]
 [-2.68330199e-01  5.15434290e-02]
 [ 1.14226882e-01  1.67045530e-01]
 [-1.76228147e-01 -5.05659239e-01]
 [-8.42231270e-02  3.88708147e-01]
 [-1.22779968e-01 -2.49991702e-01]
 [-6.06348722e-03  4.78338246e-02]]
States:
[[0.99951796 0.99999155 0.48725579 0.49720369 0.51338531 0.5968645 ]
 [0.99939664 0.99996634 0.48460703 0.50558518 0.47948831 0.70805851]
 [0.99938602 0.99960482 0.48438831 0.51913061 0.54400592 0.66578817]
 ...
 [0.00125661 0.11198439 0.42824907 0.11801241 0.38492638 0.5512728 ]
 [0.         0.11268984 0.44971575 0.11746142 0.36584854 0.65404792]
 [0.         0.11562411 0.47503039 0.11519    0.33725886 0.5874115 ]]
Logstds:
[[-3. -3.]
 [-3. -3.]
 [-3. -3.]
 [-3. -3.]
 [-3. -3.]
 [-3. -3.]
 [-3. -3.]
 [-3. -3.]
 [-3. -3.]
 [-3. -3.]
 [-3. -3.]
 [-3. -3.]
 [-3. -3.]
 [-3. -3.]
 [-3. -3.]
 [-3. -3.]
 [-3. -3.]
 [-3. -3.]
 [-3. -3.]
 [-3. -3.]
 [-3. -3.]
 [-3. -3.]
 [-3. -3.]
 [-3. -3.]
 [-3. -3.]
 [-3. -3.]
 [-3. -3.]
 [-3. -3.]
 [-3. -3.]
 [-3. -3.]
 [-3. -3.]
 [-3. -3.]
 [-3. -3.]
 [-3. -3.]
 [-3. -3.]
 [-3. -3.]
 [-3. -3.]
 [-3. -3.]
 [-3. -3.]
 [-3. -3.]
 [-3. -3.]
 [-3. -3.]
 [-3. -3.]
 [-3. -3.]
 [-3. -3.]
 [-3. -3.]
 [-3. -3.]
 [-3. -3.]
 [-3. -3.]
 [-3. -3.]
 [-3. -3.]
 [-3. -3.]
 [-3. -3.]
 [-3. -3.]
 [-3. -3.]
 [-3. -3.]
 [-3. -3.]
 [-3. -3.]
 [-3. -3.]
 [-3. -3.]
 [-3. -3.]
 [-3. -3.]
 [-3. -3.]
 [-3. -3.]
 [-3. -3.]
 [-3. -3.]
 [-3. -3.]
 [-3. -3.]
 [-3. -3.]
 [-3. -3.]
 [-3. -3.]
 [-3. -3.]
 [-3. -3.]
 [-3. -3.]
 [-3. -3.]
 [-3. -3.]
 [-3. -3.]
 [-3. -3.]
 [-3. -3.]
 [-3. -3.]
 [-3. -3.]
 [-3. -3.]
 [-3. -3.]
 [-3. -3.]
 [-3. -3.]
 [-3. -3.]
 [-3. -3.]
 [-3. -3.]
 [-3. -3.]
 [-3. -3.]
 [-3. -3.]
 [-3. -3.]
 [-3. -3.]
 [-3. -3.]
 [-3. -3.]
 [-3. -3.]
 [-3. -3.]
 [-3. -3.]
 [-3. -3.]
 [-3. -3.]
 [-3. -3.]
 [-3. -3.]
 [-3. -3.]
 [-3. -3.]
 [-3. -3.]
 [-3. -3.]
 [-3. -3.]
 [-3. -3.]
 [-3. -3.]
 [-3. -3.]
 [-3. -3.]
 [-3. -3.]
 [-3. -3.]
 [-3. -3.]
 [-3. -3.]
 [-3. -3.]
 [-3. -3.]
 [-3. -3.]
 [-3. -3.]
 [-3. -3.]
 [-3. -3.]
 [-3. -3.]
 [-3. -3.]
 [-3. -3.]
 [-3. -3.]
 [-3. -3.]
 [-3. -3.]
 [-3. -3.]
 [-3. -3.]
 [-3. -3.]
 [-3. -3.]
 [-3. -3.]
 [-3. -3.]
 [-3. -3.]
 [-3. -3.]
 [-3. -3.]
 [-3. -3.]
 [-3. -3.]
 [-3. -3.]
 [-3. -3.]
 [-3. -3.]
 [-3. -3.]
 [-3. -3.]
 [-3. -3.]
 [-3. -3.]
 [-3. -3.]
 [-3. -3.]
 [-3. -3.]
 [-3. -3.]
 [-3. -3.]
 [-3. -3.]
 [-3. -3.]
 [-3. -3.]
 [-3. -3.]
 [-3. -3.]
 [-3. -3.]
 [-3. -3.]
 [-3. -3.]
 [-3. -3.]
 [-3. -3.]
 [-3. -3.]
 [-3. -3.]
 [-3. -3.]
 [-3. -3.]
 [-3. -3.]
 [-3. -3.]
 [-3. -3.]
 [-3. -3.]
 [-3. -3.]
 [-3. -3.]
 [-3. -3.]
 [-3. -3.]
 [-3. -3.]
 [-3. -3.]
 [-3. -3.]
 [-3. -3.]
 [-3. -3.]
 [-3. -3.]
 [-3. -3.]
 [-3. -3.]
 [-3. -3.]
 [-3. -3.]
 [-3. -3.]
 [-3. -3.]
 [-3. -3.]
 [-3. -3.]
 [-3. -3.]
 [-3. -3.]
 [-3. -3.]
 [-3. -3.]
 [-3. -3.]
 [-3. -3.]
 [-3. -3.]
 [-3. -3.]
 [-3. -3.]
 [-3. -3.]
 [-3. -3.]
 [-3. -3.]
 [-3. -3.]
 [-3. -3.]]
