Baseline:
[1.5589044 1.5569924 1.5540634 1.5667729 1.5517963 1.5386788 1.5681849
 1.5879673 1.5743388 1.5605637 1.5264612 1.5213755 1.4933671 1.4886905
 1.4607601 1.4445949 1.4363672 1.4155129 1.3901737 1.3462974 1.3139305
 1.2635459 1.2210362 1.2033627 1.1561276 1.1359566 1.1036941 1.0619748
 1.0435634 1.0372046 1.031202  1.026599  1.038155  1.0037024 1.0075426
 1.03311   1.0429903 1.1472441 1.1298791 1.1311504 1.143744  1.1579
 1.1612831 1.1683502 1.195573  1.188708  1.1919738 1.221941  1.2483867
 1.2961046 1.3001082 1.3186581 1.3318933 1.3403693 1.3771418 1.3961395
 1.4137881 1.4241222 1.4181172 1.3998765 1.4327024 1.4490353 1.443009
 1.4469963 1.439721  1.4534172 1.4758242 1.4814937 1.4785727 1.4624263
 1.4631644 1.4537057 1.4700757 1.4503742 1.4367594 1.4271185 1.4302477
 1.4155985 1.3926431 1.3527719 1.3492452 1.3408514 1.323061  1.302503
 1.273697  1.2531755 1.2348341 1.2100427 1.17665   1.1507286 1.1421027
 1.1664038 1.1713425 1.1665467 1.157449  1.1693157 1.1821653 1.1480788
 1.118775  1.120221  1.0595015 1.0646161 1.0446972 1.030432  1.0374063
 1.0692867 1.0620037 1.0595487 1.039198  1.0556027 1.0791265 1.0883429
 1.111868  1.1294047 1.1563002 1.1807135 1.1966734 1.2061027 1.2096957
 1.2141207 1.2150844 1.2047349 1.1917361 1.2073352 1.1857319 1.2098738
 1.2245191 1.2293056 1.2208823 1.1879152 1.1905634 1.170934  1.1659707
 1.1470152 1.1199154 1.1112524 1.1151197 1.0967367 1.0612122 1.080221
 1.1075988 1.0911394 1.1059852 1.0848482 1.0875918 1.1111871 1.0932047
 1.0948799 1.1014651 1.0963992 1.111582  1.1189305 1.0962163 1.1239667
 1.1452403 1.1455272 1.1675628 1.1733657 1.1979531 1.2108866 1.2193531
 1.2336586 1.2511895 1.2374982 1.2068597 1.2304782 1.2063534 1.1964889
 1.2312063 1.2120017 1.2159629 1.2156111 1.2283334 1.2166446 1.1935934
 1.1998833 1.2018901 1.1955539 1.1706408 1.1820525 1.161322  1.1899167
 1.2049012 1.1996186 1.2078427 1.2086841 1.1927292 1.2084864 1.211755
 1.2163345 1.2525345 1.2695342 1.2460978 1.293057  1.3411697 1.3785704
 1.433688  1.441411  1.4422022 1.451221  1.451221 ]
Returns:
[7.91703921 7.75368991 7.69689562 7.53471276 7.43576135 7.40306128
 7.10839687 6.92689473 6.85625409 6.76951878 6.60311309 6.41031783
 6.24394761 6.1359007  5.66144387 5.53682442 5.38351311 5.16307657
 5.08206479 4.89102387 4.79738768 4.66335268 4.59826841 4.47086913
 4.31266974 4.05239144 3.96732867 3.8440178  3.81485412 3.78782809
 3.74082835 3.76589984 3.76637453 3.63848385 3.64294513 3.61180941
 3.37040278 3.34487874 3.19736857 3.22288979 3.24522264 3.21426543
 3.31104834 3.39765211 3.36344943 3.50184319 3.64453608 3.68034155
 3.67512384 3.5657755  3.69231348 3.850937   4.00876283 4.18275443
 4.12189236 4.0490142  4.13872422 4.26389627 4.28246553 4.31829545
 4.2485547  4.32146292 4.40193837 4.52504439 4.62221184 4.62642299
 4.70975009 4.84529618 4.98461815 4.95315636 4.79649733 4.74971249
 4.65196232 4.56954041 4.6385793  4.68564936 4.63922679 4.71159389
 4.79618815 4.72305345 4.74013899 4.75410827 4.86879056 4.95309879
 5.010913   5.10995255 5.23334984 5.32390699 5.39580246 5.23900167
 5.15174945 4.93157696 4.93453735 5.03165076 5.08547849 4.89179656
 4.80023802 4.78388981 4.78062852 4.65506342 4.31644744 4.21940776
 4.25917257 4.30071355 3.91477837 3.68446854 3.70234633 3.80113571
 3.49865178 3.58949069 3.69381658 3.72930082 3.85511043 4.00222166
 4.10577892 4.11922089 4.27692505 4.38721948 4.54695349 4.65295824
 4.78765258 4.89902703 5.03944552 4.80620874 4.79642549 4.72815843
 4.72088433 4.72800302 4.69444218 4.43284075 4.4851537  4.53245021
 4.60165251 4.50934662 4.32709495 4.35126741 4.39186744 4.43622568
 4.33508387 4.24202878 4.07111708 4.01748304 3.97782148 3.84967899
 3.80446616 3.23417453 3.26663467 3.32713651 3.39387937 3.48170125
 3.51685728 3.62874986 3.53363088 3.59294435 3.67288949 3.62415366
 3.76946479 3.87946486 3.9744411  4.11368438 4.02562514 4.088901
 4.09687828 4.2228703  4.22991704 4.17073766 4.17570733 4.27099145
 4.15032632 4.21719258 4.1814995  4.23321519 4.23083836 4.28636419
 4.29600925 4.22775291 4.1691641  4.1298228  4.1269229  4.06653498
 4.05881651 3.63694777 3.45902658 3.34430707 3.1652627  3.14196549
 2.92266975 2.90022547 2.76161195 2.43922235 2.19313704 1.94193275
 1.71518145 1.55011981 1.4183173  1.2819982  0.98641554 0.83173118
 0.45619637 0.20441118]
Advants:
[4.61785757 4.49982132 4.49138846 4.36038968 4.32145055 4.35013451
 4.06831644 3.90676666 3.89111101 3.86077375 3.77063246 3.62287117
 3.52358159 3.45941474 3.04162122 2.96099357 2.84161989 2.66376493
 2.62994875 2.501951   2.4595865  2.39386418 2.39004668 2.29728224
 2.20129224 1.97000883 1.92515135 1.84965561 1.84518591 1.8306973
 1.79513718 1.83162947 1.82760423 1.73893332 1.7447469  1.69192494
 1.43707802 1.2994232  1.15670485 1.16806069 1.16410856 1.10274251
 1.18139338 1.24738466 1.1693602  1.30109835 1.43016517 1.4249413
 1.38029403 1.20428038 1.31004283 1.43624798 1.57026063 1.72941617
 1.62186009 1.51637599 1.57589878 1.6806814  1.69510402 1.73983043
 1.62395128 1.6678299  1.74322858 1.85398249 1.95257822 1.93645449
 1.99205458 2.1201748  2.26491095 2.25182753 2.09198454 2.05084987
 1.92906718 1.85609167 1.93017309 1.97933532 1.92005921 1.99921405
 2.10155887 2.06161833 2.07562234 2.09150573 2.22104393 2.32596882
 2.41533177 2.54156695 2.69493211 2.82646494 2.95257237 2.84023813
 2.77930492 2.54647065 2.55706203 2.67576344 2.75885762 2.56883886
 2.47805431 2.51112527 2.55461207 2.44260316 2.17239214 2.07541861
 2.14257038 2.20820675 1.81381297 1.54190302 1.55729427 1.65106822
 1.3521023  1.41057218 1.4765489  1.48754073 1.57641136 1.69543694
 1.76302207 1.74186143 1.87693231 1.97367498 2.13017165 2.23527883
 2.37697345 2.51110461 2.68273077 2.44595895 2.47123649 2.39057331
 2.38072237 2.39622324 2.38459878 2.16355745 2.22299806 2.30260257
 2.39282052 2.33462129 2.1911129  2.23759914 2.29028161 2.3722718
 2.32551376 2.2304497  2.04447582 2.01951588 1.97657825 1.87881837
 1.83941199 1.23643592 1.27857497 1.33021037 1.38442455 1.47373546
 1.49044471 1.59468038 1.51970145 1.54944725 1.60796134 1.5572515
 1.68250884 1.79207928 1.87047611 2.00938258 1.92354127 1.98562078
 1.98999752 2.1491179  2.20906166 2.14785766 2.20128522 2.3360921
 2.20808836 2.32653244 2.32078283 2.41125341 2.43736188 2.55137328
 2.63586413 2.61521907 2.61124225 2.63865844 2.72692076 2.72479335
 2.8138152  2.43190466 2.3074256  2.26885987 2.15270788 2.20499754
 2.07830666 2.12210334 2.06481642 1.81953667 1.61716888 1.42739545
 1.30290435 1.16986484 1.07009459 0.97797425 0.70497834 0.62187197
 0.31996345 0.13185012]
Mus:
[[-1.62879825e-02 -5.71975531e-03]
 [-1.62870362e-02 -5.28892642e-03]
 [-1.65777206e-02 -5.39976358e-03]
 [-1.68720279e-02 -5.17009059e-03]
 [-1.73273385e-02 -5.22232568e-03]
 [-1.79044791e-02 -5.68467379e-03]
 [-1.84068326e-02 -5.48825134e-03]
 [-1.90942530e-02 -6.03187783e-03]
 [-1.93052012e-02 -6.00779895e-03]
 [-1.94346327e-02 -5.96471690e-03]
 [-1.95479766e-02 -6.33416465e-03]
 [-2.00021341e-02 -6.31318567e-03]
 [-2.06777044e-02 -6.79503940e-03]
 [-2.19469573e-02 -7.57368281e-03]
 [-2.21949872e-02 -7.37934560e-03]
 [-2.34173518e-02 -8.31477623e-03]
 [-2.58276407e-02 -9.55832936e-03]
 [-2.54700594e-02 -9.29563586e-03]
 [-2.58073993e-02 -9.59717110e-03]
 [-2.47674417e-02 -9.42606758e-03]
 [-2.47557722e-02 -9.57117043e-03]
 [-2.37420164e-02 -9.43872705e-03]
 [-2.40093190e-02 -9.60224867e-03]
 [-2.57688370e-02 -1.03755174e-02]
 [-2.56355610e-02 -1.07984832e-02]
 [-2.68199425e-02 -1.08313179e-02]
 [-2.73486711e-02 -1.13445865e-02]
 [-2.51940023e-02 -1.03254793e-02]
 [-2.47491375e-02 -9.98730771e-03]
 [-2.45165117e-02 -9.84595250e-03]
 [-2.42369939e-02 -9.89516918e-03]
 [-2.12223716e-02 -8.75934772e-03]
 [-1.92404762e-02 -8.14159214e-03]
 [-1.13763548e-02 -4.93355328e-03]
 [-5.69022680e-03 -2.54467060e-03]
 [-1.20765515e-04 -2.33077240e-04]
 [ 5.14301285e-03  1.26340624e-03]
 [-9.83419921e-03 -6.61770673e-03]
 [-1.09765446e-02 -7.87881576e-03]
 [-9.24281124e-03 -7.19147315e-03]
 [-9.06259008e-03 -7.20523298e-03]
 [-1.00464653e-02 -7.96663575e-03]
 [-9.28276032e-03 -7.46930111e-03]
 [-8.31056200e-03 -6.82930183e-03]
 [-8.15424602e-03 -6.67797774e-03]
 [-7.85245746e-03 -6.65246090e-03]
 [-7.33172009e-03 -6.26298552e-03]
 [-5.76074654e-03 -4.82880604e-03]
 [-2.45391717e-03 -2.54583708e-03]
 [ 8.28644188e-05 -5.48010459e-04]
 [-3.02316551e-03 -2.08929041e-03]
 [-4.92037227e-03 -2.68762303e-03]
 [-7.46419095e-03 -3.76739469e-03]
 [-9.31735896e-03 -4.32477426e-03]
 [-8.42290837e-03 -3.09712370e-03]
 [-6.35034172e-03 -1.53818924e-03]
 [-7.48293102e-03 -2.02153041e-03]
 [-7.85534270e-03 -2.01842026e-03]
 [-7.30154989e-03 -1.42018008e-03]
 [-8.59312434e-03 -2.37966911e-03]
 [-8.80199391e-03 -2.12244107e-03]
 [-9.41954367e-03 -2.33520032e-03]
 [-9.17531177e-03 -2.14192411e-03]
 [-9.39253718e-03 -2.23494391e-03]
 [-9.17253736e-03 -2.03638454e-03]
 [-1.04381666e-02 -2.88764667e-03]
 [-1.09405154e-02 -3.07775335e-03]
 [-1.15277888e-02 -3.52913793e-03]
 [-1.22952266e-02 -3.94183956e-03]
 [-1.52486106e-02 -5.52302133e-03]
 [-1.25388550e-02 -3.78619623e-03]
 [-1.62778795e-02 -5.75197395e-03]
 [-1.45885060e-02 -4.51822765e-03]
 [-1.43233771e-02 -4.14054748e-03]
 [-1.45760104e-02 -4.19641705e-03]
 [-1.45585695e-02 -4.00106842e-03]
 [-1.48683134e-02 -3.74090089e-03]
 [-1.47159426e-02 -3.56605044e-03]
 [-1.44420527e-02 -3.63855553e-03]
 [-1.43480273e-02 -3.48920608e-03]
 [-1.41004119e-02 -3.21445498e-03]
 [-1.36484746e-02 -3.27264727e-03]
 [-1.35975676e-02 -3.20535782e-03]
 [-1.41944662e-02 -3.73821985e-03]
 [-1.35610318e-02 -3.51068727e-03]
 [-1.30228354e-02 -3.23249120e-03]
 [-1.32808900e-02 -3.34414444e-03]
 [-1.37413507e-02 -3.49785667e-03]
 [-1.45386532e-02 -4.09019832e-03]
 [-1.72857363e-02 -5.90184703e-03]
 [-2.21638661e-02 -8.13723728e-03]
 [-3.24479789e-02 -1.22479079e-02]
 [-3.95003334e-02 -1.52421417e-02]
 [-4.22090329e-02 -1.64741147e-02]
 [-4.40652892e-02 -1.73808988e-02]
 [-4.48191687e-02 -1.73669681e-02]
 [-4.86290269e-02 -1.94706861e-02]
 [-4.64807115e-02 -1.92370787e-02]
 [-4.27034311e-02 -1.78651344e-02]
 [-4.03278135e-02 -1.69118792e-02]
 [-3.36246006e-02 -1.43497819e-02]
 [-3.18489186e-02 -1.41566275e-02]
 [-2.62972005e-02 -1.20644672e-02]
 [-2.03183480e-02 -9.84003302e-03]
 [-1.62612349e-02 -8.68699048e-03]
 [-1.65220313e-02 -9.51825734e-03]
 [-1.28270732e-02 -7.95948412e-03]
 [-1.01818657e-02 -6.68877410e-03]
 [-2.65384768e-03 -2.82555656e-03]
 [-2.79866130e-04 -1.71717827e-03]
 [ 1.25208136e-03 -1.07650296e-03]
 [ 5.15005086e-03  1.07843755e-03]
 [ 5.38429338e-03  1.31249661e-03]
 [ 6.09333068e-03  2.00891914e-03]
 [ 4.24016546e-03  1.24537805e-03]
 [ 2.01219809e-03  2.06754514e-04]
 [-1.23145059e-04 -5.07768069e-04]
 [ 9.76563664e-04  7.47406099e-04]
 [-2.48434767e-03 -7.04720209e-04]
 [-5.80320042e-03 -2.11635185e-03]
 [-8.87519121e-03 -3.36769409e-03]
 [-1.10207265e-02 -4.09691036e-03]
 [-1.29080079e-02 -4.57276171e-03]
 [-1.81665681e-02 -6.82825642e-03]
 [-1.77207440e-02 -6.16850704e-03]
 [-1.97580010e-02 -6.39142655e-03]
 [-2.14907918e-02 -6.66506169e-03]
 [-2.74918601e-02 -9.35353432e-03]
 [-2.67765038e-02 -8.66698381e-03]
 [-3.19722667e-02 -1.15322815e-02]
 [-3.60837430e-02 -1.31590823e-02]
 [-3.80197130e-02 -1.40846437e-02]
 [-4.10771146e-02 -1.54918553e-02]
 [-4.31772508e-02 -1.67289060e-02]
 [-4.00366336e-02 -1.55544374e-02]
 [-4.01013456e-02 -1.59093663e-02]
 [-4.01310846e-02 -1.63718723e-02]
 [-3.64618450e-02 -1.51832197e-02]
 [-2.91041564e-02 -1.22845685e-02]
 [-2.93668639e-02 -1.30534079e-02]
 [-3.02376859e-02 -1.43671157e-02]
 [-2.52216421e-02 -1.25135435e-02]
 [-2.39460208e-02 -1.26077691e-02]
 [-1.68217551e-02 -9.29488149e-03]
 [-1.53761618e-02 -9.28182062e-03]
 [-9.70372371e-03 -6.04965352e-03]
 [-9.19444580e-03 -6.02656463e-03]
 [-8.69193580e-03 -5.88740781e-03]
 [-6.25083409e-03 -4.62359749e-03]
 [-4.02111327e-03 -3.75783653e-03]
 [-4.20000777e-03 -4.16130200e-03]
 [-1.27176475e-03 -2.52830749e-03]
 [ 2.56501348e-03 -4.58186172e-04]
 [ 1.45408674e-03 -1.09882955e-03]
 [ 1.10919727e-03 -1.19073899e-03]
 [ 4.15175315e-03  1.12448540e-03]
 [ 2.78176181e-03  7.58019101e-04]
 [ 4.52099741e-03  2.13892851e-03]
 [ 1.66049390e-03  1.07169931e-03]
 [ 1.46753190e-03  1.52627297e-03]
 [-4.24906565e-03 -1.22459233e-03]
 [-6.41420204e-03 -1.94360130e-03]
 [-7.66571658e-03 -2.19853991e-03]
 [-1.01391729e-02 -3.23657668e-03]
 [-1.02697043e-02 -2.98643741e-03]
 [-1.10313762e-02 -2.64567509e-03]
 [-1.49448141e-02 -4.76551196e-03]
 [-1.80306006e-02 -6.15742290e-03]
 [-2.42141001e-02 -8.50963313e-03]
 [-2.55122706e-02 -8.94511957e-03]
 [-2.66150367e-02 -8.96044821e-03]
 [-2.88474690e-02 -9.73219238e-03]
 [-3.15177143e-02 -1.06077483e-02]
 [-3.49326134e-02 -1.22574531e-02]
 [-3.74507792e-02 -1.36625525e-02]
 [-4.38189842e-02 -1.67484637e-02]
 [-4.49288338e-02 -1.70471985e-02]
 [-4.87440079e-02 -1.92307774e-02]
 [-4.90109362e-02 -1.98336281e-02]
 [-5.18334210e-02 -2.15798896e-02]
 [-4.81433198e-02 -2.04581730e-02]
 [-5.06065339e-02 -2.26504877e-02]
 [-4.84010726e-02 -2.29230933e-02]
 [-4.13216241e-02 -2.08760388e-02]
 [-3.58758420e-02 -1.93592031e-02]
 [-2.93671880e-02 -1.69307999e-02]
 [-2.15551574e-02 -1.35663319e-02]
 [-1.79653484e-02 -1.24038178e-02]
 [-1.29724182e-02 -1.01529006e-02]
 [-7.30862655e-03 -6.87064603e-03]
 [-5.78222610e-03 -5.70809888e-03]
 [-6.47635804e-03 -6.74492354e-03]
 [-1.76501262e-03 -5.18209999e-03]
 [-1.56198861e-03 -5.05175721e-03]
 [-2.69573153e-04 -4.15352965e-03]
 [ 9.33836855e-04 -3.21141072e-03]
 [ 7.64056967e-05 -3.38100898e-03]
 [ 4.20045071e-05 -3.39644984e-03]
 [ 1.74697302e-03 -1.99216232e-03]
 [-1.04398781e-03 -3.39540350e-03]]
Actions:
[[ 0.17002437 -0.19955689]
 [-0.00664426 -0.03079762]
 [ 0.22732539 -0.03915052]
 [-0.03389464 -0.20254439]
 [-0.14529757 -0.01496633]
 [ 0.38269983  0.09083699]
 [ 0.01117542  0.35162765]
 [-0.0718646  -0.16987228]
 [-0.04159673 -0.17054907]
 [-0.33726499 -0.17255172]
 [ 0.12637343 -0.24931695]
 [-0.2290559  -0.27497972]
 [-0.02643221  0.2254103 ]
 [ 0.04722475 -0.5881356 ]
 [-0.16932479  0.21241978]
 [-0.04170493  0.29893583]
 [ 0.04177434 -0.33682291]
 [-0.0998202  -0.11607123]
 [-0.23639956 -0.32371782]
 [-0.07188716 -0.11454735]
 [-0.25753881 -0.22342704]
 [-0.05101685 -0.14037357]
 [-0.00152472  0.27459586]
 [-0.4850141  -0.01076398]
 [ 0.37414671 -0.06803933]
 [-0.32386083  0.09360738]
 [-0.0399605  -0.33062957]
 [ 0.04504447  0.03805817]
 [-0.04332598  0.123029  ]
 [-0.26823027  0.14788896]
 [-0.09820931 -0.01177529]
 [-0.05159623  0.16102845]
 [-0.17868444 -0.41304716]
 [ 0.05184134 -0.15581316]
 [ 0.16375438 -0.02528164]
 [-0.39726754 -0.36842702]
 [ 0.07727234  0.15413215]
 [-0.44854947  0.14890093]
 [ 0.04925127  0.03909941]
 [-0.01698879  0.16614903]
 [-0.13799572  0.31365647]
 [-0.11500537  0.04371173]
 [ 0.10691853  0.0615608 ]
 [ 0.15924348  0.35110378]
 [-0.19742656  0.07004175]
 [-0.20735774 -0.02075154]
 [ 0.32525763 -0.100812  ]
 [ 0.30502384 -0.25415964]
 [ 0.46218815 -0.13250347]
 [-0.18118544  0.1228349 ]
 [ 0.03324703  0.01703791]
 [-0.08037005  0.09864787]
 [-0.06982587 -0.0453855 ]
 [ 0.41787071 -0.11073524]
 [ 0.35572746 -0.24948403]
 [ 0.06548617  0.14201709]
 [ 0.07562648 -0.04228113]
 [ 0.05882942 -0.33265451]
 [-0.36108574  0.03269633]
 [ 0.3559894   0.14604684]
 [ 0.10905167  0.10969773]
 [-0.06310928 -0.21707548]
 [ 0.00470995  0.00796557]
 [-0.04909064 -0.19278878]
 [-0.0220433   0.37405812]
 [ 0.14838702  0.16588061]
 [-0.11409604  0.08597188]
 [-0.17759082 -0.05596577]
 [-0.47533589  0.01192184]
 [ 0.16908062 -0.4741989 ]
 [-0.36775149  0.26371367]
 [ 0.31306492 -0.2032476 ]
 [-0.04879368 -0.41003452]
 [-0.06681514 -0.12447159]
 [ 0.05147128 -0.16601408]
 [ 0.25115971 -0.10262143]
 [ 0.02266724 -0.12745357]
 [-0.16674814  0.02661941]
 [-0.19912881 -0.40234808]
 [ 0.17278773  0.13588237]
 [-0.04611909  0.30251212]
 [-0.0414405  -0.08817474]
 [-0.21691207  0.10999902]
 [-0.13353576 -0.26356966]
 [-0.04613106 -0.16294307]
 [-0.10798006 -0.01603685]
 [-0.13054839 -0.19415857]
 [-0.29931864 -0.0945502 ]
 [-0.47906927  0.34271708]
 [-0.35241036  0.34307308]
 [ 0.14981053  0.51081455]
 [-0.21017308  0.26015258]
 [-0.05628925 -0.0345388 ]
 [ 0.08219037 -0.07089276]
 [ 0.40023867 -0.15045514]
 [-0.15143496  0.38228842]
 [-0.42387302 -0.08561959]
 [-0.12072337 -0.32545853]
 [ 0.30239238 -0.11791187]
 [-0.51903697 -0.49834535]
 [-0.38683418  0.20024561]
 [-0.02725064 -0.17943658]
 [-0.23783527 -0.12194664]
 [ 0.56454401  0.13976294]
 [-0.23272713  0.48503365]
 [-0.32101748 -0.06336722]
 [-0.06208218 -0.06721363]
 [ 0.09408716 -0.62696626]
 [ 0.0517194   0.01251769]
 [-0.07533733  0.15704784]
 [ 0.16777898 -0.22418666]
 [ 0.11810574  0.1149062 ]
 [-0.19680914 -0.03072267]
 [-0.00227217  0.27305953]
 [ 0.15448543  0.35817347]
 [-0.03683029  0.188237  ]
 [ 0.06639726 -0.26204396]
 [-0.12986442  0.18743198]
 [-0.24301174  0.22089857]
 [ 0.03972137  0.19217844]
 [-0.31626035  0.03339633]
 [-0.18835054 -0.10867631]
 [ 0.50284829  0.25948958]
 [ 0.00157456 -0.41587562]
 [ 0.37236293 -0.01437636]
 [ 0.27407914 -0.0314301 ]
 [-0.15780572  0.27845197]
 [ 0.18326738 -0.2996165 ]
 [-0.64161536  0.10269873]
 [ 0.05823531  0.05657259]
 [-0.16414736 -0.12446837]
 [-0.06498981  0.0227044 ]
 [-0.49594807  0.00786305]
 [ 0.26485064 -0.33123071]
 [-0.26855394  0.03370538]
 [-0.08191915  0.12134937]
 [-0.16557049 -0.15469622]
 [-0.08198506 -0.41961285]
 [ 0.08179824  0.2841006 ]
 [-0.07509589  0.41736804]
 [ 0.21530027 -0.14891357]
 [-0.12974827  0.27692001]
 [ 0.18901099 -0.37820845]
 [-0.31228802  0.23514445]
 [ 0.69663742 -0.18614744]
 [-0.25897016 -0.01719485]
 [-0.09753364  0.06053832]
 [ 0.04386344 -0.12131525]
 [-0.17842345 -0.08848847]
 [-0.1273464   0.26127991]
 [ 0.04048457 -0.14831264]
 [-0.30209394 -0.4000594 ]
 [-0.12238629  0.29614499]
 [-0.26561385  0.18130373]
 [ 0.13985607 -0.41394482]
 [ 0.03227659  0.14601142]
 [ 0.07712067 -0.24792992]
 [ 0.06021079  0.27131204]
 [ 0.13264828 -0.07400216]
 [-0.17665602  0.47755911]
 [ 0.13830467  0.23365252]
 [ 0.2317434   0.22762298]
 [-0.13986973 -0.00740219]
 [-0.17473853 -0.3576584 ]
 [ 0.36954716 -0.02308169]
 [-0.36254876  0.08385259]
 [-0.16014816 -0.00969441]
 [ 0.20671556  0.36569859]
 [-0.09999279 -0.20048169]
 [ 0.24256229 -0.1694096 ]
 [ 0.06656575 -0.04711382]
 [ 0.19100909  0.04848411]
 [-0.21308663  0.03438371]
 [-0.32620855 -0.04164983]
 [-0.24061144  0.31443116]
 [ 0.21200147 -0.10749538]
 [-0.32166995  0.18686456]
 [-0.33038364 -0.04459066]
 [-0.24921213  0.27378679]
 [-0.23029903 -0.21552096]
 [-0.34142348  0.57409773]
 [-0.24363147  0.36312105]
 [ 0.18431727  0.00714661]
 [ 0.23344603  0.17627435]
 [-0.08402292 -0.17245833]
 [ 0.13766688 -0.3994754 ]
 [-0.03211334  0.08617437]
 [ 0.21614283 -0.19689494]
 [ 0.27328606 -0.43038585]
 [ 0.35838672  0.06629604]
 [-0.28968886  0.38368847]
 [-0.42135467 -0.19623439]
 [ 0.09994616  0.26095312]
 [ 0.18059913  0.03672594]
 [ 0.15088074 -0.0700637 ]
 [ 0.25972405  0.31867258]
 [-0.23104573 -0.10607543]
 [-0.08993071 -0.48612908]
 [-0.27454019  0.2320245 ]
 [-0.20124305  0.13999164]]
States:
[[0.99895545 0.99990567 0.47673246 0.50934818 0.51327563 0.59727867]
 [0.99916292 0.99996854 0.48017071 0.50539892 0.55689819 0.5449635 ]
 [0.99949901 0.99999013 0.4868218  0.4969769  0.55433353 0.53792737]
 ...
 [0.02627958 0.75850874 0.33210392 0.08327119 0.17880325 0.84565822]
 [0.01044001 0.78280133 0.38349862 0.09909943 0.16239557 0.71335538]
 [0.         0.80151731 0.44253363 0.11262453 0.09890522 0.77188715]]
Logstds:
[[-3. -3.]
 [-3. -3.]
 [-3. -3.]
 [-3. -3.]
 [-3. -3.]
 [-3. -3.]
 [-3. -3.]
 [-3. -3.]
 [-3. -3.]
 [-3. -3.]
 [-3. -3.]
 [-3. -3.]
 [-3. -3.]
 [-3. -3.]
 [-3. -3.]
 [-3. -3.]
 [-3. -3.]
 [-3. -3.]
 [-3. -3.]
 [-3. -3.]
 [-3. -3.]
 [-3. -3.]
 [-3. -3.]
 [-3. -3.]
 [-3. -3.]
 [-3. -3.]
 [-3. -3.]
 [-3. -3.]
 [-3. -3.]
 [-3. -3.]
 [-3. -3.]
 [-3. -3.]
 [-3. -3.]
 [-3. -3.]
 [-3. -3.]
 [-3. -3.]
 [-3. -3.]
 [-3. -3.]
 [-3. -3.]
 [-3. -3.]
 [-3. -3.]
 [-3. -3.]
 [-3. -3.]
 [-3. -3.]
 [-3. -3.]
 [-3. -3.]
 [-3. -3.]
 [-3. -3.]
 [-3. -3.]
 [-3. -3.]
 [-3. -3.]
 [-3. -3.]
 [-3. -3.]
 [-3. -3.]
 [-3. -3.]
 [-3. -3.]
 [-3. -3.]
 [-3. -3.]
 [-3. -3.]
 [-3. -3.]
 [-3. -3.]
 [-3. -3.]
 [-3. -3.]
 [-3. -3.]
 [-3. -3.]
 [-3. -3.]
 [-3. -3.]
 [-3. -3.]
 [-3. -3.]
 [-3. -3.]
 [-3. -3.]
 [-3. -3.]
 [-3. -3.]
 [-3. -3.]
 [-3. -3.]
 [-3. -3.]
 [-3. -3.]
 [-3. -3.]
 [-3. -3.]
 [-3. -3.]
 [-3. -3.]
 [-3. -3.]
 [-3. -3.]
 [-3. -3.]
 [-3. -3.]
 [-3. -3.]
 [-3. -3.]
 [-3. -3.]
 [-3. -3.]
 [-3. -3.]
 [-3. -3.]
 [-3. -3.]
 [-3. -3.]
 [-3. -3.]
 [-3. -3.]
 [-3. -3.]
 [-3. -3.]
 [-3. -3.]
 [-3. -3.]
 [-3. -3.]
 [-3. -3.]
 [-3. -3.]
 [-3. -3.]
 [-3. -3.]
 [-3. -3.]
 [-3. -3.]
 [-3. -3.]
 [-3. -3.]
 [-3. -3.]
 [-3. -3.]
 [-3. -3.]
 [-3. -3.]
 [-3. -3.]
 [-3. -3.]
 [-3. -3.]
 [-3. -3.]
 [-3. -3.]
 [-3. -3.]
 [-3. -3.]
 [-3. -3.]
 [-3. -3.]
 [-3. -3.]
 [-3. -3.]
 [-3. -3.]
 [-3. -3.]
 [-3. -3.]
 [-3. -3.]
 [-3. -3.]
 [-3. -3.]
 [-3. -3.]
 [-3. -3.]
 [-3. -3.]
 [-3. -3.]
 [-3. -3.]
 [-3. -3.]
 [-3. -3.]
 [-3. -3.]
 [-3. -3.]
 [-3. -3.]
 [-3. -3.]
 [-3. -3.]
 [-3. -3.]
 [-3. -3.]
 [-3. -3.]
 [-3. -3.]
 [-3. -3.]
 [-3. -3.]
 [-3. -3.]
 [-3. -3.]
 [-3. -3.]
 [-3. -3.]
 [-3. -3.]
 [-3. -3.]
 [-3. -3.]
 [-3. -3.]
 [-3. -3.]
 [-3. -3.]
 [-3. -3.]
 [-3. -3.]
 [-3. -3.]
 [-3. -3.]
 [-3. -3.]
 [-3. -3.]
 [-3. -3.]
 [-3. -3.]
 [-3. -3.]
 [-3. -3.]
 [-3. -3.]
 [-3. -3.]
 [-3. -3.]
 [-3. -3.]
 [-3. -3.]
 [-3. -3.]
 [-3. -3.]
 [-3. -3.]
 [-3. -3.]
 [-3. -3.]
 [-3. -3.]
 [-3. -3.]
 [-3. -3.]
 [-3. -3.]
 [-3. -3.]
 [-3. -3.]
 [-3. -3.]
 [-3. -3.]
 [-3. -3.]
 [-3. -3.]
 [-3. -3.]
 [-3. -3.]
 [-3. -3.]
 [-3. -3.]
 [-3. -3.]
 [-3. -3.]
 [-3. -3.]
 [-3. -3.]
 [-3. -3.]
 [-3. -3.]
 [-3. -3.]
 [-3. -3.]
 [-3. -3.]]
