Baseline:
[1.2994425  1.2783124  1.2804278  1.2736173  1.2576208  1.2687485
 1.2472233  1.2362018  1.2406747  1.2404459  1.2279375  1.230056
 1.2082198  1.2070439  1.1614285  1.1438787  1.1396041  1.1313369
 1.076905   1.0818951  1.0548506  1.0486602  1.0197653  1.0023086
 0.9730683  0.95495635 0.958469   0.9480379  0.9299523  0.9350939
 0.9265476  0.87688076 0.91565734 0.913624   0.89783204 0.88616616
 0.8727097  0.8726032  0.9102161  0.93046325 0.95300895 0.97374004
 1.027971   1.0356691  1.0454947  1.0285008  1.0261117  1.021286
 1.0225339  1.0214467  1.0189399  1.0352273  1.0413046  1.0454986
 1.0380478  1.0324496  1.0625628  1.0583384  1.0590605  1.0583622
 1.0715399  1.0811808  1.0714401  1.0505812  1.0557752  1.0553033
 1.0508398  1.0438858  1.0570099  1.0651     1.0363318  1.0331777
 1.0291203  1.0314897  1.0340085  1.0431404  1.036369   1.063972
 1.0374632  1.0194871  1.0270528  1.0127747  0.9755941  0.97418183
 0.97701013 0.949174   0.9281352  0.9244011  0.9204298  0.91563296
 0.9164383  0.93736374 0.9659581  0.97739065 0.98448247 1.0045642
 0.96995294 1.0022739  1.0306089  1.0565922  1.0681162  1.0589278
 1.0809245  1.1097584  1.1286432  1.152842   1.1712797  1.1681154
 1.168265   1.1643642  1.148936   1.1478274  1.144105   1.1416334
 1.1359941  1.1112223  1.1048915  1.1061753  1.1098835  1.0955437
 1.0861512  1.0839796  1.0984902  1.0904286  1.0883563  1.0645077
 1.0468369  1.0445795  1.0499839  1.0545428  1.0806326  1.0978022
 1.0794971  1.0604225  1.0289744  1.0071921  1.0038431  1.0081013
 1.0033435  0.9977586  0.9995391  0.99161613 0.99238354 1.0060662
 1.0138901  0.9876914  0.9915011  0.98398364 0.97215044 0.9711562
 0.94525903 1.0055753  1.0637823  1.0687234  1.0663834  1.0568556
 1.0424607  1.0248793  1.0236992  1.0110211  0.9884461  0.97669846
 0.96207577 0.9827542  0.9540039  0.95388955 0.9481022  0.96329945
 0.9737799  0.96509534 0.98495334 0.9899512  0.98438686 0.9778792
 0.9852132  1.0000811  0.9943345  1.0041037  1.0084858  0.9927375
 0.9758608  0.9666531  0.9505605  0.9535777  0.95752895 0.98571616
 1.0131602  1.0235502  1.0181257  1.011964   1.026203   1.0231273
 1.0242441  1.0497826  1.0528057  1.074797   1.0827041  1.1102126
 1.1476955  1.1376173  1.1376173 ]
Returns:
[4.50065715 4.33720994 4.3312906  4.34368522 4.34423298 4.29761077
 4.22233382 4.22572999 4.19980663 4.19954939 4.1873587  4.18563155
 4.18822995 4.19769855 3.79283925 3.76739329 3.74650033 3.75479919
 3.38102548 3.25743138 3.24343765 3.24491947 3.14819171 3.07973695
 3.10231209 3.12707553 2.92598452 2.88952221 2.91856667 2.92192176
 2.88168455 2.58539678 2.23814966 2.25996383 2.29618194 2.327921
 2.28348787 2.30942605 2.19499642 2.19054267 2.20090091 1.87599998
 1.7902239  1.83231429 1.83936049 1.74679808 1.7489078  1.84421827
 1.87811424 1.97187206 2.0762164  2.02941116 2.14012475 2.25288562
 2.34511674 2.45621594 2.35314271 2.46365858 2.55004175 2.65596523
 2.49967678 2.52759461 2.61959928 2.66047778 2.75033125 2.84336125
 2.91398819 3.01141433 3.0375589  3.08841284 3.02796187 3.1176123
 3.17136771 3.15648382 3.13931044 3.12532659 3.19541268 3.03956714
 2.99519909 3.05438268 2.8182504  2.88107638 2.79448527 2.76132248
 2.77307847 2.78958386 2.70826967 2.76388967 2.82393411 2.91573591
 3.00186372 2.96604669 2.97085583 3.10026219 3.17079029 3.27916733
 3.15574373 3.19396552 3.29932059 3.38831649 3.44641618 3.29266252
 3.44701769 3.49716433 3.52210163 3.48599527 3.62336558 3.69258112
 3.8074073  3.90661884 3.94596672 3.82190892 3.85653085 3.92989987
 4.0047266  3.87703997 3.87165534 3.89939948 3.9335806  3.91498656
 3.93986113 3.99583673 3.93107866 3.86169529 3.8506821  3.51528653
 3.40623845 3.31712897 3.30890519 3.40245906 3.38018026 3.33115274
 3.39016005 3.37474562 3.19917254 2.97031407 2.95789284 2.9465548
 3.0553013  3.16072476 3.02196176 3.10781399 3.10391035 3.07443938
 3.13907244 3.16521276 3.08084514 3.18392706 3.21794077 3.30130787
 3.17529322 3.19817707 2.69406416 2.615198   2.67201987 2.70704878
 2.76532569 2.80129836 2.8631805  2.8669492  2.74480568 2.77900971
 2.64587158 2.46874665 2.22839618 2.24848509 2.20721408 2.19359934
 2.08379962 2.08677124 1.98962079 1.97007102 1.98816808 1.96129983
 1.9702959  1.95519076 1.93762564 1.82627118 1.83002598 1.6195195
 1.44482967 1.16747188 1.0920235  1.10061728 1.10346786 1.06497072
 0.79645495 0.80201982 0.80113641 0.78915744 0.78621838 0.76042895
 0.80061729 0.70644737 0.65577555 0.52107598 0.53829189 0.42356499
 0.12561618 0.10070511]
Advants:
[2.2266947  2.09596605 2.10025845 2.13343488 2.16565219 2.12312447
 2.08422921 2.11521481 2.10185781 2.12031933 2.14071187 2.15853221
 2.20723426 2.24454261 1.90312348 1.91432614 1.91791971 1.95693176
 1.6520716  1.53522588 1.56141881 1.58358996 1.52939314 1.49161552
 1.55938013 1.62088944 1.43017909 1.41841955 1.48249476 1.49904173
 1.48626591 1.25254392 0.86857906 0.8953984  0.95224196 1.00223454
 0.97744867 1.01101705 0.86243681 0.84072915 0.83141303 0.47820733
 0.32565123 0.34748913 0.33100003 0.23821657 0.22417316 0.30728459
 0.32246739 0.40129263 0.49406404 0.41374078 0.50291492 0.59806015
 0.68626002 0.79410648 0.64719596 0.75059164 0.82659101 0.92602552
 0.7435189  0.74820958 0.83835823 0.88942026 0.96511335 1.05177671
 1.12176867 1.22384417 1.23476633 1.2765757  1.24287723 1.33636458
 1.39670644 1.3816641  1.36376224 1.34187433 1.42244143 1.23734463
 1.21714445 1.29415011 1.04274816 1.11387641 1.05645285 1.01502478
 1.01372662 1.04834257 0.97564884 1.02336249 1.07672602 1.16475264
 1.24341166 1.17768319 1.14341083 1.25365285 1.31066058 1.39471056
 1.29854442 1.29664754 1.36758772 1.42595129 1.46892253 1.31597461
 1.44332982 1.45987228 1.46093531 1.39335034 1.50806152 1.57809877
 1.69377992 1.80117148 1.86228539 1.7424115  1.78527898 1.86837366
 1.95920037 1.86434596 1.87406827 1.91087085 1.95350941 1.96232548
 2.01183628 2.08832411 2.02650673 1.9822265  1.99150239 1.69008836
 1.60688129 1.52620907 1.51886589 1.61743352 1.5779571  1.51936251
 1.60731605 1.62263705 1.4867088  1.28212319 1.27547327 1.26202306
 1.38136687 1.50214522 1.36785738 1.47132139 1.4770201  1.44378492
 1.51311436 1.58065906 1.50625566 1.63522283 1.70242021 1.81255995
 1.73732041 1.72572754 1.17405702 1.09921432 1.16993433 1.22841162
 1.31843748 1.39248031 1.47972718 1.52292737 1.44931183 1.52484863
 1.43477311 1.2617147  1.07042317 1.11328991 1.10130291 1.09709802
 0.99980123 1.03675919 0.94358919 0.94415146 0.99579368 1.00516772
 1.03914893 1.04332119 1.06819111 0.98313524 1.02162868 0.86330055
 0.74013993 0.50130103 0.47191767 0.51019239 0.5445413  0.5142639
 0.24865916 0.27662573 0.31689229 0.34966397 0.37383088 0.39528167
 0.48348843 0.41339853 0.41188849 0.30698172 0.3727739  0.2874345
 0.00337141 0.04382432]
Mus:
[[-1.76493470e-02 -6.15970558e-03]
 [-1.74624268e-02 -5.77745633e-03]
 [-1.79687925e-02 -5.92828169e-03]
 [-1.82200223e-02 -6.22888329e-03]
 [-1.80903412e-02 -6.27801055e-03]
 [-1.93097219e-02 -6.96268957e-03]
 [-1.88092347e-02 -6.71287160e-03]
 [-1.92109700e-02 -6.97055506e-03]
 [-2.05440987e-02 -7.50449300e-03]
 [-2.13708524e-02 -7.82119017e-03]
 [-2.15542000e-02 -7.86460564e-03]
 [-2.29793936e-02 -8.58296826e-03]
 [-2.27237511e-02 -8.81406944e-03]
 [-2.32891329e-02 -9.07456502e-03]
 [-2.20092013e-02 -9.40741319e-03]
 [-2.11352594e-02 -9.09834169e-03]
 [-2.15994436e-02 -9.23626684e-03]
 [-2.19336115e-02 -9.41856578e-03]
 [-1.97901670e-02 -8.62223655e-03]
 [-2.14753486e-02 -9.61104315e-03]
 [-2.04922594e-02 -9.42403730e-03]
 [-2.03386713e-02 -9.38043930e-03]
 [-1.90733895e-02 -8.66053533e-03]
 [-1.84752624e-02 -8.15097336e-03]
 [-1.77059043e-02 -7.96637777e-03]
 [-1.73226595e-02 -8.23165290e-03]
 [-1.66447628e-02 -7.43735489e-03]
 [-1.66953225e-02 -8.00975505e-03]
 [-1.44476248e-02 -6.87948707e-03]
 [-1.44406734e-02 -7.13405572e-03]
 [-1.14304181e-02 -5.39964298e-03]
 [-9.03307181e-03 -4.48728586e-03]
 [-1.13371955e-02 -5.84340980e-03]
 [-1.00675412e-02 -5.64268278e-03]
 [-5.95880486e-03 -3.79722333e-03]
 [-2.44728383e-03 -2.22407817e-03]
 [ 2.01047398e-03  1.94468284e-05]
 [ 7.18062976e-03  2.37873592e-03]
 [ 5.93088754e-03  1.71812193e-03]
 [ 9.45598632e-03  3.82016273e-03]
 [ 9.01593920e-03  3.32504581e-03]
 [ 1.19053405e-02  5.57096349e-03]
 [ 7.78727466e-03  2.25311634e-03]
 [ 8.14822875e-03  2.40733521e-03]
 [ 7.03691971e-03  1.66344980e-03]
 [ 2.61360803e-03 -6.94022572e-04]
 [-2.43921735e-04 -2.25465745e-03]
 [ 3.48614471e-04 -1.75105128e-03]
 [ 2.58699758e-03 -1.32528701e-04]
 [-3.17040794e-05 -1.24518352e-03]
 [-1.08591502e-03 -1.23172707e-03]
 [ 1.37319556e-03  7.79260532e-04]
 [ 1.21682743e-03  1.14755530e-03]
 [ 5.75673592e-04  1.08857232e-03]
 [-1.83499476e-03  6.65482294e-05]
 [-3.58906016e-03 -5.35651809e-04]
 [-5.55764372e-03 -1.14880328e-03]
 [-6.89748349e-03 -1.50225789e-03]
 [-7.10608670e-03 -1.18001795e-03]
 [-8.59686453e-03 -1.66489859e-03]
 [-1.40813878e-02 -4.37813299e-03]
 [-1.39520420e-02 -3.90180945e-03]
 [-1.68402251e-02 -5.23578655e-03]
 [-1.86151862e-02 -5.94950002e-03]
 [-2.10848972e-02 -6.85766106e-03]
 [-2.43905168e-02 -8.25444981e-03]
 [-2.52955910e-02 -8.47774092e-03]
 [-2.72785742e-02 -9.27884132e-03]
 [-3.05577796e-02 -1.04046036e-02]
 [-3.45911048e-02 -1.22056119e-02]
 [-3.41915116e-02 -1.21412342e-02]
 [-3.64207216e-02 -1.31227989e-02]
 [-4.02426384e-02 -1.50329955e-02]
 [-4.50310037e-02 -1.74461547e-02]
 [-4.57352512e-02 -1.75755024e-02]
 [-4.73241098e-02 -1.80633180e-02]
 [-4.81689535e-02 -1.87566746e-02]
 [-5.09448722e-02 -1.98797639e-02]
 [-4.90488932e-02 -1.97565053e-02]
 [-4.70746607e-02 -1.93601474e-02]
 [-4.52115722e-02 -1.82345882e-02]
 [-4.34667654e-02 -1.77905858e-02]
 [-3.95680480e-02 -1.65585298e-02]
 [-4.01361845e-02 -1.72995105e-02]
 [-3.97280045e-02 -1.75654385e-02]
 [-3.68078202e-02 -1.68348383e-02]
 [-3.33342403e-02 -1.58376694e-02]
 [-3.01473923e-02 -1.48489755e-02]
 [-2.55087800e-02 -1.32520003e-02]
 [-2.09457856e-02 -1.15736062e-02]
 [-1.66736413e-02 -1.00006340e-02]
 [-1.47876088e-02 -9.29834414e-03]
 [-1.39762880e-02 -8.79570469e-03]
 [-1.23838754e-02 -8.06270726e-03]
 [-1.21229906e-02 -8.35319050e-03]
 [-9.60749853e-03 -7.06966128e-03]
 [-5.97896520e-03 -5.84304240e-03]
 [-2.67557148e-03 -3.88978887e-03]
 [-7.56633235e-04 -2.65543256e-03]
 [-1.36296265e-03 -2.90519139e-03]
 [-2.88492325e-03 -3.94118438e-03]
 [-5.28085092e-03 -5.62815834e-03]
 [-5.90500049e-03 -5.44503843e-03]
 [-8.29142798e-03 -6.14827685e-03]
 [-1.08007807e-02 -6.12333138e-03]
 [-1.50096081e-02 -7.54663534e-03]
 [-1.79202314e-02 -8.27885792e-03]
 [-1.91598218e-02 -8.07777140e-03]
 [-2.15396900e-02 -8.90085567e-03]
 [-2.28080247e-02 -9.29519534e-03]
 [-2.22242009e-02 -8.96185637e-03]
 [-2.64915582e-02 -1.07961986e-02]
 [-2.97233351e-02 -1.21036321e-02]
 [-3.27593014e-02 -1.34339947e-02]
 [-3.47096771e-02 -1.44818677e-02]
 [-3.30299772e-02 -1.39973518e-02]
 [-3.60153019e-02 -1.56412739e-02]
 [-3.74062993e-02 -1.67299118e-02]
 [-3.66538875e-02 -1.70456078e-02]
 [-3.19343023e-02 -1.55904796e-02]
 [-2.69232132e-02 -1.40653588e-02]
 [-2.18100138e-02 -1.25738373e-02]
 [-1.80139970e-02 -1.17662866e-02]
 [-1.15721747e-02 -9.37422644e-03]
 [-6.84069702e-03 -7.62836495e-03]
 [-1.91105515e-04 -4.37033875e-03]
 [ 3.78726260e-03 -2.39555351e-03]
 [ 5.92255965e-03 -1.08571060e-03]
 [ 6.90443721e-03 -1.49682150e-04]
 [ 7.03079905e-03  1.53300338e-04]
 [ 5.63345104e-03  3.92408256e-04]
 [ 3.98301519e-03  5.57988940e-04]
 [ 4.53994563e-03  7.61006610e-04]
 [ 4.80718445e-03  4.44316014e-04]
 [ 4.21407586e-03  4.95171582e-04]
 [ 5.08953072e-03  1.50629866e-03]
 [ 3.62544064e-03  1.49233395e-03]
 [ 3.56294122e-03  1.69022486e-03]
 [ 3.67131410e-03  1.88176578e-03]
 [ 2.37199268e-03  1.45646301e-03]
 [-1.14168762e-03 -7.40450268e-05]
 [-3.15209501e-03 -7.62816344e-04]
 [-5.28022274e-03 -1.42727059e-03]
 [-6.56607002e-03 -1.24781986e-03]
 [-7.98515975e-03 -1.46503001e-03]
 [-9.12391208e-03 -1.93901476e-03]
 [-8.59177485e-03 -1.06410391e-03]
 [-9.42513160e-03 -1.40006270e-03]
 [-1.08556952e-02 -2.27189716e-03]
 [-1.12835616e-02 -2.21323268e-03]
 [-1.04452278e-02 -1.75726484e-03]
 [-2.03254689e-02 -5.87325078e-03]
 [-2.56811269e-02 -7.61416927e-03]
 [-2.56148316e-02 -7.40413181e-03]
 [-2.81755123e-02 -8.63700360e-03]
 [-3.11828516e-02 -1.01472903e-02]
 [-3.09637412e-02 -1.00942170e-02]
 [-3.26265655e-02 -1.09889582e-02]
 [-3.53081897e-02 -1.21689560e-02]
 [-3.82685885e-02 -1.37844728e-02]
 [-4.17513922e-02 -1.58860628e-02]
 [-4.00170274e-02 -1.52633917e-02]
 [-4.02707234e-02 -1.60823688e-02]
 [-4.21372131e-02 -1.72392111e-02]
 [-3.57860178e-02 -1.43508269e-02]
 [-3.46096121e-02 -1.42783811e-02]
 [-3.03851292e-02 -1.25054913e-02]
 [-2.91803461e-02 -1.23309065e-02]
 [-2.52052322e-02 -1.04906522e-02]
 [-2.17820276e-02 -9.20465309e-03]
 [-2.23880447e-02 -9.91842989e-03]
 [-2.00471487e-02 -8.93606711e-03]
 [-1.77521817e-02 -8.06316826e-03]
 [-1.39586730e-02 -6.32425724e-03]
 [-1.21904286e-02 -5.66972699e-03]
 [-1.27663165e-02 -6.35896157e-03]
 [-1.21061243e-02 -6.40730094e-03]
 [-8.36963858e-03 -4.57618851e-03]
 [-6.43868418e-03 -3.66690918e-03]
 [-8.76472238e-03 -5.31588867e-03]
 [-7.26325484e-03 -4.95236600e-03]
 [-7.22290669e-03 -5.22999186e-03]
 [-6.90922188e-03 -5.37873479e-03]
 [-6.35002321e-03 -5.35172457e-03]
 [-3.32110981e-03 -3.75208352e-03]
 [-2.99252197e-03 -3.72586166e-03]
 [ 2.04945100e-03 -7.04321428e-04]
 [ 4.73712152e-03  7.11584406e-04]
 [ 6.04596408e-03  1.41633686e-03]
 [ 5.39234420e-03  9.82521335e-04]
 [ 7.87526835e-03  2.41402281e-03]
 [ 6.24443777e-03  1.41161797e-03]
 [ 6.43103989e-03  1.43947673e-03]
 [ 8.01651459e-03  2.34547304e-03]
 [ 1.11217685e-02  4.25226800e-03]
 [ 1.00207468e-02  3.61892022e-03]
 [ 8.92652851e-03  3.09444219e-03]
 [ 9.65645444e-03  3.82405310e-03]
 [ 1.16704851e-02  5.43088512e-03]
 [ 7.81676080e-03  3.41169117e-03]]
Actions:
[[ 2.63604607e-03 -3.87811880e-01]
 [ 6.47263321e-02 -1.04187186e-02]
 [-1.09883126e-01  2.61735678e-03]
 [-1.13422000e-01 -1.54064567e-01]
 [ 4.94194504e-02  2.29407688e-01]
 [-9.68700879e-02 -2.89921439e-01]
 [-5.28929756e-02 -8.33648351e-02]
 [ 1.14817246e-01  6.68478459e-02]
 [ 7.25423518e-02 -8.14342494e-04]
 [ 6.84703228e-03 -1.49148932e-01]
 [ 2.25129475e-03  1.34974787e-01]
 [-2.54019378e-01 -7.11757251e-02]
 [ 6.02234259e-02  3.81442681e-02]
 [-7.40134455e-01 -7.81895444e-02]
 [-1.56632106e-02 -1.77088566e-01]
 [ 1.24933028e-01 -5.48788209e-03]
 [ 3.21932826e-02  2.06569631e-02]
 [-2.02815529e-01 -5.95438403e-01]
 [-1.23195734e-01  3.77257162e-01]
 [-1.83506633e-01 -1.39087232e-01]
 [ 9.65875486e-02  5.60282996e-02]
 [ 9.57156932e-02 -3.06133734e-01]
 [ 1.90388542e-01 -1.63675650e-01]
 [-1.55571226e-01 -1.52446614e-01]
 [-2.58713122e-01  1.05925429e-01]
 [ 4.45678971e-01  4.38503856e-02]
 [-3.21090243e-01  2.11222655e-01]
 [ 5.01052900e-02 -1.62930124e-01]
 [-4.89897560e-02  2.58444096e-01]
 [ 2.56988115e-01 -1.56177963e-01]
 [-4.80729627e-01 -4.57061590e-01]
 [ 2.95608196e-02  6.28401356e-01]
 [-2.43747227e-01  9.51954830e-02]
 [-8.83027415e-02 -2.38230929e-01]
 [-1.68537841e-01 -1.80655271e-01]
 [-1.39889363e-01 -3.50943855e-01]
 [-9.71726898e-02 -2.43208613e-01]
 [ 1.02173833e-01  4.34229566e-01]
 [ 2.46861192e-01 -1.38261591e-01]
 [-8.16565298e-02  2.79400098e-01]
 [ 4.09757236e-01 -4.53721744e-01]
 [-2.41391012e-02  3.89030500e-01]
 [ 2.91661691e-03 -1.99559313e-01]
 [-5.77121500e-02  3.02556000e-01]
 [-4.42979590e-01  8.88788864e-02]
 [-2.42000191e-01  2.49098552e-01]
 [-8.69598402e-02 -1.08115036e-01]
 [ 2.37370953e-02 -2.65734285e-01]
 [-1.72814392e-01  1.17646928e-01]
 [-1.19501994e-01 -1.35882619e-01]
 [ 1.95907014e-01 -3.50054153e-01]
 [ 2.15060761e-02 -1.04374716e-01]
 [ 2.42042262e-02  5.25425754e-02]
 [-1.45606047e-01  8.12439059e-02]
 [-5.46936192e-02  2.96106082e-02]
 [ 2.68463220e-01  3.52314661e-01]
 [-1.08602683e-02 -4.55354893e-02]
 [ 1.03375223e-01 -1.24269364e-01]
 [ 3.16765066e-02  2.76021142e-02]
 [-5.01686407e-02  5.07906593e-01]
 [ 2.24756339e-01 -1.17557705e-01]
 [-1.33169242e-01  4.09432768e-03]
 [-1.65068597e-01 -2.27529562e-01]
 [ 5.76934574e-02  1.83621610e-02]
 [-7.53181688e-02  5.89448427e-02]
 [ 1.65991844e-02 -1.76821944e-01]
 [-5.94201104e-02 -6.75167426e-02]
 [ 1.79403147e-01  9.82780135e-02]
 [-2.02800719e-02  2.09763475e-01]
 [-2.40786637e-01 -3.53320115e-01]
 [-4.12209455e-02  7.08857465e-03]
 [-2.15004869e-01  1.21641669e-01]
 [-1.97736015e-01  2.87101641e-01]
 [ 1.88446407e-01 -1.63942620e-01]
 [ 2.11893631e-01 -4.07777181e-02]
 [-1.71360330e-01  1.10947296e-02]
 [ 2.84004639e-01  2.94552605e-01]
 [-4.31450046e-01 -1.44133746e-01]
 [-1.99660088e-01 -8.59071441e-02]
 [ 4.09668886e-01 -1.98053636e-01]
 [-1.51994866e-01 -8.38897465e-02]
 [-3.32267492e-01 -3.03325305e-01]
 [-1.35130521e-01  2.49499515e-01]
 [-1.00239257e-02  1.68987279e-01]
 [-2.80223176e-01 -1.43851714e-01]
 [-4.61227627e-01 -1.16742981e-01]
 [ 3.28300700e-02  1.51881761e-02]
 [ 1.04987270e-01 -2.17868879e-02]
 [-3.79443530e-02 -4.52672029e-02]
 [-1.76442639e-01  2.37088602e-02]
 [ 2.30055516e-01  1.96195693e-01]
 [ 1.99599237e-01  1.85467384e-01]
 [ 3.13362122e-02  5.92013566e-02]
 [-1.42951928e-01  2.31428839e-01]
 [ 1.33703853e-01  6.12942491e-02]
 [-4.57138468e-01 -3.26485013e-01]
 [ 2.98398914e-01 -1.57356413e-02]
 [ 1.81656073e-01 -1.06375071e-02]
 [ 5.28739646e-02  2.52383416e-01]
 [-1.97125285e-01  2.85057593e-01]
 [-5.75940351e-01  1.79220822e-01]
 [-7.41358939e-02 -1.14567688e-01]
 [-3.64561564e-01  1.01116465e-01]
 [ 9.98605322e-02 -3.41294071e-01]
 [-4.21427522e-01  1.98024820e-01]
 [ 8.25525484e-02  9.56361493e-03]
 [-4.17806841e-02 -2.74071704e-01]
 [ 4.36001619e-02  3.08576739e-02]
 [ 8.18352565e-02 -3.71491127e-02]
 [-2.11643167e-01 -2.29874483e-01]
 [-4.77559165e-01  2.42898821e-01]
 [ 1.49651883e-01  7.87333215e-02]
 [-9.38523039e-02  2.35503510e-02]
 [-8.10462784e-02  3.24252252e-02]
 [-1.99314264e-01 -3.99532539e-01]
 [-2.12086910e-01  2.13323821e-01]
 [ 5.62797160e-02  1.61319302e-01]
 [-1.79112173e-01  1.43538507e-01]
 [ 7.43157954e-02 -2.15787804e-01]
 [ 5.66855539e-02 -1.09586641e-01]
 [-1.08608350e-01  6.18500555e-02]
 [ 8.23648762e-02  3.27290047e-01]
 [ 2.54332702e-01 -1.98589453e-01]
 [ 2.20531427e-01 -6.83256416e-02]
 [-1.80473443e-01 -6.00238044e-01]
 [ 2.57056641e-02 -3.75283333e-01]
 [ 2.44802018e-01 -2.41865720e-01]
 [ 1.03059286e-01 -2.09766417e-01]
 [ 2.13643293e-04 -1.58908884e-02]
 [ 2.63294590e-01 -8.40569721e-02]
 [ 2.67510599e-01 -1.58951119e-01]
 [-2.14351507e-01 -1.24657656e-01]
 [-2.63784260e-01  3.06334423e-01]
 [-3.41159000e-01 -4.43602425e-01]
 [-3.24582862e-01 -5.09617249e-01]
 [-3.87777661e-01  8.94757783e-02]
 [-3.09022882e-01  2.38871424e-01]
 [ 1.00508396e-01  9.15198286e-02]
 [-6.32896431e-02  1.73523961e-01]
 [ 5.52742182e-02  5.29175411e-01]
 [ 1.64833000e-01  1.03704587e-01]
 [ 3.30136021e-01  4.61634450e-02]
 [ 3.25151121e-01 -1.39865092e-01]
 [ 1.83733948e-01  7.02876148e-02]
 [-1.96163790e-01 -2.71752838e-01]
 [ 3.10552904e-01 -2.94407984e-01]
 [-1.18494225e-01 -4.73454265e-02]
 [-2.68336309e-01  1.21141914e-01]
 [ 7.07607390e-02 -8.87547042e-02]
 [-1.88319462e-01 -4.51536148e-01]
 [ 1.67110700e-01  5.33888764e-02]
 [ 6.99824726e-01 -7.80477471e-02]
 [ 1.84027378e-01 -3.11366896e-01]
 [-1.49784413e-01  6.87234415e-02]
 [-2.43195116e-01  4.96064797e-02]
 [-7.13523881e-02 -1.52415630e-01]
 [-2.41622735e-01 -7.15065216e-02]
 [-8.66620830e-03  5.64449885e-02]
 [-2.99006557e-01  6.69709382e-02]
 [-4.67927610e-01  1.17861213e-01]
 [ 3.15713766e-02 -1.69469399e-01]
 [-4.70669077e-01  1.14158696e-01]
 [ 3.30935663e-01  2.36882983e-01]
 [ 1.01762725e-01 -5.07798428e-01]
 [-3.28046441e-02  3.79957543e-02]
 [ 9.87287393e-02 -2.34898311e-01]
 [ 8.76004196e-02  1.08072823e-01]
 [ 2.84042720e-01 -1.49874809e-01]
 [-4.38301688e-02 -1.39813386e-01]
 [ 4.42917293e-02  3.16204164e-01]
 [ 1.54923520e-01  5.36603410e-03]
 [-3.70459869e-02 -8.50083604e-02]
 [ 8.97833368e-02 -1.80850660e-01]
 [ 8.06261576e-02  5.93620078e-02]
 [-5.00161561e-02  2.10706855e-01]
 [-2.01389240e-01 -1.54783614e-01]
 [ 3.04688845e-01 -1.56564938e-01]
 [ 1.21507770e-01 -1.14608599e-02]
 [-5.16327124e-01  4.82444239e-02]
 [-2.88262921e-01 -3.55955714e-01]
 [-2.38988420e-01 -4.94192784e-01]
 [-2.93529855e-01 -1.50713926e-01]
 [-7.44038647e-02  1.18139859e-01]
 [ 6.73812467e-02 -1.43896290e-01]
 [ 7.86907678e-02  2.59785651e-01]
 [ 5.07633278e-01 -1.16501893e-01]
 [ 1.25169735e-01 -2.83750285e-02]
 [-9.75462108e-02 -1.52369704e-01]
 [-2.21632665e-01  1.38165142e-02]
 [ 1.87284517e-01  5.00567826e-02]
 [-2.30104508e-01  1.40193995e-01]
 [-9.16111632e-02  7.43487875e-02]
 [ 2.53618738e-01  2.75294721e-01]
 [ 1.24977131e-01 -2.63789525e-01]
 [ 9.51751783e-02  4.26740196e-01]
 [-1.00945993e-02  1.85081261e-01]
 [ 3.31828745e-01  2.30641481e-01]
 [ 5.55124803e-01  1.58986542e-01]
 [-2.55010135e-01  8.85141817e-02]
 [ 2.40701676e-02 -3.49833402e-01]]
States:
[[0.99974299 0.99950401 0.52586237 0.47857066 0.51321518 0.59686781]
 [0.99974137 0.99908072 0.52591367 0.4708313  0.51393038 0.4952437 ]
 [0.99969465 0.99785013 0.52732827 0.4554183  0.53051639 0.49452483]
 ...
 [0.         0.         0.48979327 0.29478107 0.42691836 0.86683377]
 [0.         0.         0.49199182 0.25594191 0.57110604 0.90316239]
 [0.         0.0163094  0.48815134 0.21562118 0.50450659 0.92029964]]
Logstds:
[[-3. -3.]
 [-3. -3.]
 [-3. -3.]
 [-3. -3.]
 [-3. -3.]
 [-3. -3.]
 [-3. -3.]
 [-3. -3.]
 [-3. -3.]
 [-3. -3.]
 [-3. -3.]
 [-3. -3.]
 [-3. -3.]
 [-3. -3.]
 [-3. -3.]
 [-3. -3.]
 [-3. -3.]
 [-3. -3.]
 [-3. -3.]
 [-3. -3.]
 [-3. -3.]
 [-3. -3.]
 [-3. -3.]
 [-3. -3.]
 [-3. -3.]
 [-3. -3.]
 [-3. -3.]
 [-3. -3.]
 [-3. -3.]
 [-3. -3.]
 [-3. -3.]
 [-3. -3.]
 [-3. -3.]
 [-3. -3.]
 [-3. -3.]
 [-3. -3.]
 [-3. -3.]
 [-3. -3.]
 [-3. -3.]
 [-3. -3.]
 [-3. -3.]
 [-3. -3.]
 [-3. -3.]
 [-3. -3.]
 [-3. -3.]
 [-3. -3.]
 [-3. -3.]
 [-3. -3.]
 [-3. -3.]
 [-3. -3.]
 [-3. -3.]
 [-3. -3.]
 [-3. -3.]
 [-3. -3.]
 [-3. -3.]
 [-3. -3.]
 [-3. -3.]
 [-3. -3.]
 [-3. -3.]
 [-3. -3.]
 [-3. -3.]
 [-3. -3.]
 [-3. -3.]
 [-3. -3.]
 [-3. -3.]
 [-3. -3.]
 [-3. -3.]
 [-3. -3.]
 [-3. -3.]
 [-3. -3.]
 [-3. -3.]
 [-3. -3.]
 [-3. -3.]
 [-3. -3.]
 [-3. -3.]
 [-3. -3.]
 [-3. -3.]
 [-3. -3.]
 [-3. -3.]
 [-3. -3.]
 [-3. -3.]
 [-3. -3.]
 [-3. -3.]
 [-3. -3.]
 [-3. -3.]
 [-3. -3.]
 [-3. -3.]
 [-3. -3.]
 [-3. -3.]
 [-3. -3.]
 [-3. -3.]
 [-3. -3.]
 [-3. -3.]
 [-3. -3.]
 [-3. -3.]
 [-3. -3.]
 [-3. -3.]
 [-3. -3.]
 [-3. -3.]
 [-3. -3.]
 [-3. -3.]
 [-3. -3.]
 [-3. -3.]
 [-3. -3.]
 [-3. -3.]
 [-3. -3.]
 [-3. -3.]
 [-3. -3.]
 [-3. -3.]
 [-3. -3.]
 [-3. -3.]
 [-3. -3.]
 [-3. -3.]
 [-3. -3.]
 [-3. -3.]
 [-3. -3.]
 [-3. -3.]
 [-3. -3.]
 [-3. -3.]
 [-3. -3.]
 [-3. -3.]
 [-3. -3.]
 [-3. -3.]
 [-3. -3.]
 [-3. -3.]
 [-3. -3.]
 [-3. -3.]
 [-3. -3.]
 [-3. -3.]
 [-3. -3.]
 [-3. -3.]
 [-3. -3.]
 [-3. -3.]
 [-3. -3.]
 [-3. -3.]
 [-3. -3.]
 [-3. -3.]
 [-3. -3.]
 [-3. -3.]
 [-3. -3.]
 [-3. -3.]
 [-3. -3.]
 [-3. -3.]
 [-3. -3.]
 [-3. -3.]
 [-3. -3.]
 [-3. -3.]
 [-3. -3.]
 [-3. -3.]
 [-3. -3.]
 [-3. -3.]
 [-3. -3.]
 [-3. -3.]
 [-3. -3.]
 [-3. -3.]
 [-3. -3.]
 [-3. -3.]
 [-3. -3.]
 [-3. -3.]
 [-3. -3.]
 [-3. -3.]
 [-3. -3.]
 [-3. -3.]
 [-3. -3.]
 [-3. -3.]
 [-3. -3.]
 [-3. -3.]
 [-3. -3.]
 [-3. -3.]
 [-3. -3.]
 [-3. -3.]
 [-3. -3.]
 [-3. -3.]
 [-3. -3.]
 [-3. -3.]
 [-3. -3.]
 [-3. -3.]
 [-3. -3.]
 [-3. -3.]
 [-3. -3.]
 [-3. -3.]
 [-3. -3.]
 [-3. -3.]
 [-3. -3.]
 [-3. -3.]
 [-3. -3.]
 [-3. -3.]
 [-3. -3.]
 [-3. -3.]
 [-3. -3.]
 [-3. -3.]
 [-3. -3.]
 [-3. -3.]
 [-3. -3.]
 [-3. -3.]
 [-3. -3.]
 [-3. -3.]
 [-3. -3.]
 [-3. -3.]
 [-3. -3.]]
