Baseline:
[1.2743691  1.2845527  1.2720379  1.2804035  1.2945583  1.2978055
 1.3044015  1.3333606  1.3028548  1.3083037  1.3118476  1.3015355
 1.279745   1.2901185  1.2933859  1.296889   1.2646462  1.2723526
 1.2786853  1.2684841  1.2676572  1.2472793  1.2265928  1.2255286
 1.2287561  1.2689337  1.2753836  1.2686396  1.2703203  1.2434341
 1.2465806  1.2375399  1.2294856  1.2216305  1.1669377  1.1420707
 1.1140802  1.1136309  1.1102268  1.0803841  1.0776404  1.0603837
 1.0192283  0.9825301  0.9529678  0.9346727  0.89793575 0.86712396
 0.835135   0.8224859  0.8257492  0.85053205 0.8554735  0.9860701
 1.0122496  1.0312138  1.0249999  1.0428985  1.0469892  1.045151
 1.0510219  1.0630974  1.0816579  1.0927951  1.1119624  1.1282809
 1.0974635  1.09179    1.0882739  1.089743   1.0978645  1.09978
 1.1018876  1.1169411  1.1174458  1.130262   1.1524822  1.1530341
 1.1567613  1.1696706  1.1897725  1.1917027  1.1808637  1.1658269
 1.156968   1.1550807  1.1635224  1.1917685  1.22881    1.2334931
 1.24013    1.2301201  1.216009   1.2289022  1.2253827  1.2089142
 1.2078732  1.2052847  1.1926051  1.2061542  1.2094942  1.2064549
 1.1977078  1.1756008  1.1887472  1.2096318  1.2216481  1.2269952
 1.2453915  1.2636656  1.2911668  1.2937456  1.300824   1.3299357
 1.329527   1.3252466  1.3307682  1.3442641  1.3428308  1.336582
 1.3189958  1.353166   1.3512923  1.3444034  1.367024   1.3974724
 1.4051801  1.3667833  1.3565181  1.3313226  1.318577   1.3104647
 1.2855483  1.2627283  1.2429241  1.2347754  1.2012728  1.1311485
 1.1431929  1.1616656  1.1773921  1.1913797  1.1968758  1.1764327
 1.1700406  1.1985011  1.189658   1.1808516  1.1713089  1.1959809
 1.1888112  1.1781712  1.1617528  1.1304768  1.1219466  1.105024
 1.0954272  1.0772234  1.0715687  1.1038961  1.1160504  1.1148902
 1.1543351  1.1580656  1.1491133  1.1402727  1.1683267  1.1734587
 1.1738737  1.1786065  1.1725651  1.1960378  1.1933461  1.2062085
 1.2092069  1.2227843  1.2295619  1.2356089  1.2381924  1.2388455
 1.2260619  1.2137227  1.2035679  1.1848811  1.1779548  1.1548533
 1.1388758  1.1387132  1.116823   1.0968344  1.0824002  1.078477
 1.0914726  1.0764328  1.1102096  1.1099365  1.109705   1.1352974
 1.1177114  1.1416373  1.1416373 ]
Returns:
[4.74613594 4.80557127 4.88268477 4.9627343  4.97715309 5.08014217
 5.07944616 4.99189774 4.87913776 4.82867003 4.92255814 5.00448893
 5.01133658 5.03223106 5.05695708 5.05744835 4.98951158 5.07300487
 5.11194613 5.22230559 5.05978264 4.93846173 4.88990013 4.97193341
 5.04750463 4.89219186 4.75831458 4.8038729  4.85426948 4.84338698
 4.90611274 4.9495002  5.00323414 4.95488326 4.27269451 4.05478369
 3.8845756  3.87897567 3.81699415 3.52034791 3.40966377 3.35358902
 3.36248711 3.42602564 3.49824323 3.44134414 3.43357484 3.36908377
 3.42789512 3.48636354 3.39234886 3.21151191 3.26953333 3.21654959
 3.31590133 3.08769219 3.19195301 2.88832797 2.9593279  2.82428154
 2.92207426 2.99652369 3.00670941 3.0755648  3.07985983 3.04942022
 3.00482892 3.11316251 3.24546681 3.38306576 3.49073366 3.61810437
 3.7710108  3.87463536 3.98074987 4.10171882 3.9613773  4.08705016
 4.25108015 4.38750843 4.40383801 4.34724638 4.40278763 4.44999758
 4.56207273 4.67097054 4.79048601 4.61088146 4.30883648 4.38743932
 4.47999453 4.1970017  4.2481964  4.24370462 4.3010078  4.36559663
 4.44789119 4.50091797 4.5672097  4.52351041 4.61081751 4.7092771
 4.77873741 4.77178851 4.71468235 4.6477562  4.71131291 4.77586554
 4.79413558 4.75251409 4.34880228 4.41745408 4.44180381 4.35168815
 4.38648255 4.43596829 4.41197164 4.39947309 4.42596544 4.42463321
 4.42221347 4.27324976 4.31924238 4.21172994 4.1692932  3.88235623
 3.67182412 3.39243151 3.21180326 3.21592551 3.10582672 2.8118762
 2.83609029 2.80401091 2.79170308 2.86189635 2.87104613 2.88574768
 2.99060038 2.98605527 2.83457243 2.80554857 2.92444708 2.80158296
 2.87727504 2.60250122 2.59697102 2.73543067 2.86968528 2.58114023
 2.68842554 2.83015113 2.88901196 2.79227782 2.86690166 2.96157432
 3.06429035 2.99916892 3.05289481 2.93696847 2.98360438 3.02438166
 2.74287853 2.70391995 2.67540644 2.67113194 2.4641112  2.46971217
 2.47226443 2.13184609 2.07529965 1.99270389 1.93809074 1.87757699
 1.89634064 1.86598728 1.88770047 1.93731801 1.88431816 1.89959453
 1.9911838  2.09995525 2.21422333 2.22493891 2.30464927 2.15828058
 2.21954926 2.2539998  2.20670517 2.20563984 1.86000824 1.82923734
 1.77349216 1.68209614 1.538834   1.443667   1.37676327 1.22149002
 0.40068186 0.1696707 ]
Advants:
[2.16378499 2.21051099 2.30017024 2.37410488 2.37681941 2.48230537
 2.48102133 2.36743031 2.28579703 2.22882475 2.3208177  2.41770267
 2.45226393 2.46953806 2.49898864 2.50455665 2.47706929 2.56410583
 2.60993089 2.74856274 2.60147637 2.51326565 2.49834526 2.59807106
 2.69069722 2.51117081 2.38382753 2.45183737 2.51910556 2.55573695
 2.63954379 2.71988486 2.81387492 2.80707175 2.19673129 2.01633408
 1.88344186 1.88825179 1.8386718  1.57338034 1.46374259 1.42188207
 1.47018188 1.57161575 1.67784255 1.64287023 1.67667489 1.64720296
 1.74537742 1.82669666 1.73748105 1.53425097 1.59156588 1.40690354
 1.48116459 1.22752841 1.33440636 0.99903541 1.05298728 0.9015981
 0.97663301 1.0226106  0.99618364 1.03609704 1.00144314 0.93177227
 0.89270777 0.98279573 1.09686002 1.21359051 1.29516385 1.40499498
 1.54350262 1.62147472 1.71884903 1.8214095  1.64775159 1.76470074
 1.92109343 2.04418948 2.03984148 1.97888488 2.044676   2.10820864
 2.23427844 2.35406304 2.47833824 2.27838512 1.93738182 2.01150762
 2.10030687 1.82200746 1.88356361 1.86157198 1.91927663 1.99945715
 2.08441864 2.14351845 2.2287136  2.17644866 2.26842065 2.38174554
 2.47520512 2.50738344 2.45342832 2.38058744 2.44996705 2.53036241
 2.55322733 2.51642908 2.09694446 2.1777884  2.21162316 2.10668296
 2.15847889 2.23191436 2.22282785 2.21820177 2.27017981 2.30134982
 2.34547512 2.18810317 2.26540635 2.19361533 2.1578346  1.86240376
 1.66123897 1.43131942 1.26770697 1.30525735 1.21382692 0.92557588
 0.97360746 0.96286919 0.96899251 1.04826729 1.09325117 1.18323073
 1.28450199 1.26995637 1.10676934 1.06679276 1.18699572 1.08878699
 1.17798108 0.87308386 0.87469467 1.02466829 1.17585115 0.86096162
 0.9771416  1.13609142 1.22084395 1.16364156 1.25832668 1.38588661
 1.51899769 1.49319877 1.57733387 1.45135823 1.51108224 1.58170929
 1.28196857 1.26097333 1.26434873 1.29394664 1.07876582 1.10083791
 1.12648467 0.79617101 0.7602054  0.66663453 0.62666929 0.56399876
 0.59186894 0.55971582 0.58789424 0.6471832  0.60693831 0.63865902
 0.76481358 0.91330723 1.07129402 1.13802875 1.26785749 1.18764942
 1.31401178 1.40299576 1.43580836 1.51849304 1.24624559 1.28253914
 1.28019251 1.27352483 1.16663561 1.1449323  1.15562355 1.05311789
 0.31008919 0.11258876]
Mus:
[[-1.78419389e-02 -6.11350127e-03]
 [-1.82317644e-02 -6.36196043e-03]
 [-1.80448312e-02 -6.33869879e-03]
 [-1.82350203e-02 -6.49013184e-03]
 [-1.74763799e-02 -5.87337650e-03]
 [-1.74307432e-02 -5.82091836e-03]
 [-1.69034619e-02 -5.18655917e-03]
 [-1.71066206e-02 -5.29813860e-03]
 [-1.71374101e-02 -5.59129613e-03]
 [-1.64181814e-02 -4.82352683e-03]
 [-1.66438930e-02 -5.00181084e-03]
 [-1.63510200e-02 -4.81888885e-03]
 [-1.66678336e-02 -5.26235020e-03]
 [-1.74909718e-02 -5.93633996e-03]
 [-1.87284406e-02 -6.89091301e-03]
 [-1.93199180e-02 -7.67196855e-03]
 [-1.72646716e-02 -6.59621553e-03]
 [-1.71258226e-02 -6.74557593e-03]
 [-1.75251830e-02 -7.40723917e-03]
 [-1.67938229e-02 -7.35439407e-03]
 [-1.41370036e-02 -5.65371197e-03]
 [-1.14961239e-02 -4.20221360e-03]
 [-1.06071290e-02 -3.56361130e-03]
 [-1.00145256e-02 -3.55391647e-03]
 [-9.52928700e-03 -3.53715243e-03]
 [-1.01347798e-02 -3.52538424e-03]
 [-1.01877116e-02 -2.83718226e-03]
 [-1.04924701e-02 -2.81178253e-03]
 [-1.07379127e-02 -2.80697318e-03]
 [-1.09428177e-02 -3.09892092e-03]
 [-1.09389266e-02 -3.25189461e-03]
 [-1.07874097e-02 -3.16198566e-03]
 [-1.05444361e-02 -3.18797957e-03]
 [-1.06759518e-02 -2.88658682e-03]
 [-1.07739288e-02 -2.24066176e-03]
 [-1.26105621e-02 -2.90351803e-03]
 [-1.29638277e-02 -3.89225944e-03]
 [-1.42465467e-02 -4.91257757e-03]
 [-1.56292096e-02 -5.42741502e-03]
 [-1.71583537e-02 -5.69763826e-03]
 [-1.91199370e-02 -6.26547076e-03]
 [-2.01572981e-02 -6.80888304e-03]
 [-1.93871818e-02 -7.12616649e-03]
 [-1.93175916e-02 -7.44598405e-03]
 [-2.07495745e-02 -7.94002693e-03]
 [-2.18988471e-02 -7.88463000e-03]
 [-2.32431646e-02 -8.71945173e-03]
 [-2.14274507e-02 -7.52061000e-03]
 [-2.00879127e-02 -6.91386918e-03]
 [-1.78906210e-02 -5.72811719e-03]
 [-1.58002935e-02 -4.56124777e-03]
 [-1.32153900e-02 -2.93356716e-03]
 [-8.98863375e-03 -1.28241582e-03]
 [-2.61340979e-02 -9.74749029e-03]
 [-2.92647798e-02 -1.14432713e-02]
 [-2.74366681e-02 -1.03265559e-02]
 [-2.82569118e-02 -1.07161822e-02]
 [-2.54134703e-02 -8.98592453e-03]
 [-2.85427868e-02 -1.04272328e-02]
 [-2.64841709e-02 -8.94825719e-03]
 [-2.89537366e-02 -9.90763959e-03]
 [-3.17672975e-02 -1.11431023e-02]
 [-3.22095044e-02 -1.12255923e-02]
 [-3.34873162e-02 -1.16566466e-02]
 [-3.58610265e-02 -1.26216058e-02]
 [-4.09102850e-02 -1.49685154e-02]
 [-4.27238606e-02 -1.56683028e-02]
 [-4.22642343e-02 -1.53702507e-02]
 [-4.25926484e-02 -1.54577075e-02]
 [-4.48244922e-02 -1.65543314e-02]
 [-4.68769856e-02 -1.76401343e-02]
 [-4.65480201e-02 -1.74279511e-02]
 [-4.62924466e-02 -1.73094217e-02]
 [-4.81506884e-02 -1.83350910e-02]
 [-4.61602956e-02 -1.74248759e-02]
 [-4.77596186e-02 -1.84123944e-02]
 [-4.96562421e-02 -1.98597424e-02]
 [-4.90202717e-02 -2.01721750e-02]
 [-4.77792323e-02 -2.01687906e-02]
 [-4.57655303e-02 -1.95062198e-02]
 [-4.34182771e-02 -1.83041133e-02]
 [-3.86740267e-02 -1.60926580e-02]
 [-3.67610343e-02 -1.56749748e-02]
 [-3.44079137e-02 -1.48543697e-02]
 [-3.27443443e-02 -1.44970845e-02]
 [-3.02432887e-02 -1.34986360e-02]
 [-2.91202441e-02 -1.31539395e-02]
 [-2.76067890e-02 -1.22193992e-02]
 [-2.56431270e-02 -1.09598814e-02]
 [-2.42890399e-02 -1.02594355e-02]
 [-2.34646928e-02 -9.77669097e-03]
 [-2.56427843e-02 -1.14612114e-02]
 [-2.38701664e-02 -1.09068397e-02]
 [-2.16870159e-02 -9.81311873e-03]
 [-2.15523671e-02 -1.01288976e-02]
 [-1.91826914e-02 -9.41702165e-03]
 [-1.68558676e-02 -8.48079566e-03]
 [-1.55407125e-02 -8.53614416e-03]
 [-1.22575266e-02 -7.36084208e-03]
 [-1.05955983e-02 -6.27300143e-03]
 [-9.12552886e-03 -5.67087717e-03]
 [-7.62482267e-03 -5.36059681e-03]
 [-5.37943467e-03 -4.51039197e-03]
 [-2.14538095e-03 -3.23172216e-03]
 [-1.17939827e-03 -2.39877868e-03]
 [-1.91205763e-03 -3.24679003e-03]
 [-8.16175481e-04 -2.64114328e-03]
 [ 4.13898320e-04 -1.88259641e-03]
 [ 4.31569206e-04 -1.71921693e-03]
 [-1.72872082e-04 -2.48648156e-03]
 [ 9.28322494e-04 -7.31961394e-04]
 [ 8.56131897e-04 -5.87976014e-04]
 [ 1.31743541e-03 -8.72982549e-04]
 [ 8.29076162e-04 -1.10268861e-03]
 [ 6.99875760e-04 -7.45690311e-04]
 [ 3.76729207e-04 -1.18771289e-03]
 [ 7.14974536e-04 -4.00524616e-04]
 [ 3.80939658e-04 -3.54712211e-05]
 [-7.94569405e-06  2.72649195e-04]
 [-5.10487589e-04  5.99269231e-04]
 [-1.30157894e-03  1.55706410e-04]
 [-2.51861196e-03 -2.16313507e-04]
 [-3.54263373e-03 -3.72599636e-04]
 [-4.52701328e-03 -3.61802486e-05]
 [-6.14323979e-03 -6.63888757e-04]
 [-8.63118377e-03 -1.93854957e-03]
 [-1.09888893e-02 -2.59071006e-03]
 [-1.45333437e-02 -4.48695896e-03]
 [-1.61144510e-02 -4.53756703e-03]
 [-1.83578115e-02 -5.40986937e-03]
 [-1.86974499e-02 -4.94657364e-03]
 [-1.85920428e-02 -4.00875276e-03]
 [-1.87197085e-02 -3.67935933e-03]
 [-1.80935487e-02 -3.07620666e-03]
 [-1.54596018e-02 -1.81187328e-03]
 [-1.37489568e-02 -1.14734785e-03]
 [-9.24506318e-03  1.10915583e-03]
 [-5.32116136e-03  3.88303585e-03]
 [-1.28756382e-03  5.52712847e-03]
 [ 3.08634457e-03  7.10112462e-03]
 [ 7.19266618e-03  8.42669886e-03]
 [ 1.13226902e-02  9.97748692e-03]
 [ 1.51367839e-02  1.13270348e-02]
 [ 1.68286357e-02  1.17312362e-02]
 [ 1.87243484e-02  1.20416190e-02]
 [ 2.16923933e-02  1.30448323e-02]
 [ 2.31276862e-02  1.31733986e-02]
 [ 2.42199972e-02  1.39753986e-02]
 [ 2.50510871e-02  1.41164446e-02]
 [ 2.45552994e-02  1.48817655e-02]
 [ 2.50370111e-02  1.49481278e-02]
 [ 2.45021787e-02  1.47031480e-02]
 [ 2.32366882e-02  1.44246817e-02]
 [ 2.13957001e-02  1.40907550e-02]
 [ 1.97380725e-02  1.31401336e-02]
 [ 1.77720468e-02  1.21472590e-02]
 [ 1.56881120e-02  1.09563824e-02]
 [ 1.17960135e-02  9.48295929e-03]
 [ 7.76807917e-03  7.75939086e-03]
 [ 6.76678354e-03  6.44177198e-03]
 [ 4.22451086e-03  5.18512726e-03]
 [ 8.93890450e-04  3.93288769e-03]
 [-5.52514452e-04  2.67689163e-03]
 [-3.66444583e-03  1.48769340e-03]
 [-7.58653460e-03  3.31920048e-04]
 [-1.00579523e-02 -3.03969689e-04]
 [-1.15476185e-02 -1.03144953e-03]
 [-1.35030299e-02 -1.47851009e-03]
 [-1.50744570e-02 -1.63495704e-03]
 [-1.49072316e-02 -1.05978793e-03]
 [-1.32069644e-02  2.95980804e-04]
 [-1.06419520e-02  1.45358290e-03]
 [-5.35878167e-03  3.85164376e-03]
 [-4.66935220e-04  5.82453189e-03]
 [ 4.97788843e-03  7.97715783e-03]
 [ 1.00970818e-02  9.77435987e-03]
 [ 1.47102019e-02  1.16408244e-02]
 [ 1.82618946e-02  1.28853079e-02]
 [ 2.26587951e-02  1.40429903e-02]
 [ 2.57621557e-02  1.47722298e-02]
 [ 2.78534014e-02  1.55124012e-02]
 [ 2.83309259e-02  1.55053781e-02]
 [ 2.83181760e-02  1.52144004e-02]
 [ 2.66459677e-02  1.47030037e-02]
 [ 2.54383981e-02  1.38090383e-02]
 [ 2.22046357e-02  1.30670667e-02]
 [ 2.01219451e-02  1.22326035e-02]
 [ 1.82793047e-02  1.09037245e-02]
 [ 1.66140720e-02  9.85668413e-03]
 [ 1.47251049e-02  8.69939569e-03]
 [ 1.00275110e-02  8.05654936e-03]
 [ 6.94526127e-03  7.06314435e-03]
 [ 6.48429990e-03  6.06795494e-03]
 [ 3.95076862e-03  5.05563803e-03]
 [ 4.29724809e-03  4.66362666e-03]
 [ 1.69487495e-03  4.10595397e-03]
 [ 4.36099188e-04  3.42992297e-03]
 [-8.65924812e-04  2.46928423e-03]
 [-3.38083133e-03  2.89724884e-03]
 [-4.66698734e-03  1.92216889e-03]]
Actions:
[[ 0.02670787  0.16536886]
 [-0.13447341 -0.11401452]
 [ 0.02892408  0.13484487]
 [ 0.24349923  0.01834073]
 [ 0.00475652  0.03577028]
 [ 0.22264064 -0.12781422]
 [ 0.19223197  0.3620286 ]
 [-0.49583885 -0.17095817]
 [ 0.26036069 -0.17782479]
 [-0.05692924  0.10251463]
 [-0.09365456 -0.13284014]
 [-0.35487752 -0.07679615]
 [-0.0710665   0.30089149]
 [-0.18663542  0.28479899]
 [-0.21226828  0.31697908]
 [-0.13059291 -0.3971601 ]
 [ 0.02693342  0.15180083]
 [-0.12705686  0.29407267]
 [-0.12093628  0.02067682]
 [ 0.32315047 -0.32095174]
 [ 0.09649358 -0.40346648]
 [ 0.03462877 -0.29969882]
 [-0.06778181  0.04161009]
 [-0.02282178  0.05793072]
 [ 0.38741714  0.23215858]
 [ 0.34325563 -0.19782774]
 [ 0.01404848 -0.10874527]
 [ 0.05287671 -0.02921311]
 [-0.26992514 -0.14667978]
 [-0.04041192  0.08044771]
 [-0.02653906 -0.10897166]
 [-0.08461319 -0.03703201]
 [ 0.14222641 -0.26410629]
 [ 0.10220344 -0.80724327]
 [-0.01853158 -0.46394086]
 [-0.49288018 -0.11554869]
 [-0.08858808  0.17404298]
 [ 0.1895421  -0.09218098]
 [ 0.15474116 -0.49973263]
 [ 0.24645942 -0.18325608]
 [ 0.03519646 -0.25875283]
 [-0.32167835 -0.09028935]
 [-0.14825926 -0.00334962]
 [ 0.05830952  0.04866142]
 [ 0.3087755   0.13678783]
 [-0.37653287  0.18018245]
 [ 0.12323002 -0.36488579]
 [-0.1903076  -0.19688954]
 [ 0.02369124 -0.22756602]
 [ 0.08432011  0.45210417]
 [ 0.41670603 -0.27228706]
 [-0.22791584 -0.10251784]
 [-0.41455372 -0.03717718]
 [ 0.00240361  0.06803743]
 [ 0.51696784  0.11664418]
 [-0.0899887  -0.02672113]
 [ 0.58446925  0.0466012 ]
 [-0.16210006  0.11700515]
 [ 0.40901113 -0.15728252]
 [-0.04559631  0.08259174]
 [-0.05438841  0.1829262 ]
 [ 0.19160129  0.20169362]
 [ 0.11132665  0.15483955]
 [ 0.10109955  0.31283019]
 [-0.13101775  0.39329355]
 [-0.27467972 -0.38748193]
 [ 0.02854702 -0.13883136]
 [-0.00787944 -0.0838613 ]
 [-0.15080433  0.08421168]
 [-0.08394645  0.20272103]
 [ 0.02716539 -0.10175982]
 [-0.01354867 -0.06113805]
 [-0.12157793  0.2505111 ]
 [ 0.04374791 -0.19697508]
 [-0.16819921  0.23586574]
 [-0.21620143  0.52687043]
 [-0.32218266 -0.05121868]
 [-0.22879839  0.02713361]
 [ 0.04567214  0.03098497]
 [ 0.27320891 -0.02893556]
 [ 0.14209278 -0.35872113]
 [-0.32656912 -0.16174056]
 [-0.20294829 -0.26643442]
 [-0.24010538 -0.06138294]
 [ 0.01953484 -0.131312  ]
 [ 0.03755128  0.07722773]
 [ 0.46583803  0.10537648]
 [ 0.55370554  0.12150377]
 [ 0.0339358  -0.11635859]
 [ 0.05783497 -0.0563346 ]
 [-0.6023225   0.32344802]
 [-0.2644508  -0.15866266]
 [ 0.21669727 -0.04486324]
 [-0.23801186  0.10882028]
 [-0.22191707 -0.124     ]
 [ 0.03172591 -0.08012323]
 [-0.24756601  0.13458158]
 [-0.14079574 -0.17864487]
 [ 0.30873132 -0.03966564]
 [ 0.03421939 -0.00605251]
 [-0.14306763  0.02400318]
 [-0.06734925 -0.10872219]
 [-0.15206406 -0.29354529]
 [ 0.29522834 -0.10571043]
 [-0.06704339  0.42610124]
 [ 0.14653037  0.01985084]
 [ 0.12731731 -0.0852609 ]
 [ 0.18995698  0.12984107]
 [-0.07196861  0.38750622]
 [ 0.6280469  -0.17794506]
 [ 0.06021877 -0.02376505]
 [-0.09960782  0.24090446]
 [ 0.20887718  0.34868267]
 [ 0.09096714 -0.10863112]
 [-0.17822723  0.08308476]
 [ 0.23080044 -0.08910841]
 [ 0.25005781  0.05251552]
 [ 0.1049383  -0.10588981]
 [ 0.09210034 -0.16687894]
 [-0.21264377 -0.10076214]
 [ 0.29062558  0.35137316]
 [ 0.03838059 -0.04028854]
 [ 0.19866029 -0.25768411]
 [ 0.14542539  0.27109559]
 [ 0.12509406  0.57528809]
 [ 0.23437021  0.4396986 ]
 [-0.50991473  0.29475014]
 [ 0.25939272  0.36867861]
 [-0.09649397  0.17845785]
 [ 0.31265972  0.1623809 ]
 [ 0.48136464  0.23830996]
 [ 0.12697295 -0.0022959 ]
 [ 0.26069631  0.09413695]
 [-0.18498388  0.30445434]
 [-0.16212764  0.16644936]
 [ 0.27867209 -0.13326172]
 [ 0.14205631 -0.28321801]
 [-0.09234772  0.05032605]
 [ 0.30027135  0.10736366]
 [-0.41673963  0.34924201]
 [ 0.30187137  0.22011229]
 [-0.0609424   0.11185072]
 [-0.41166981 -0.2928666 ]
 [-0.21863959  0.08085688]
 [ 0.31410363  0.55684047]
 [-0.14428772  0.35388255]
 [ 0.07533518  0.07661356]
 [-0.09131     0.04226138]
 [ 0.59403854 -0.27605982]
 [ 0.14420722  0.04709651]
 [ 0.03132892 -0.01882296]
 [ 0.12510202 -0.26024654]
 [ 0.09210836 -0.46812436]
 [ 0.10111767  0.18702699]
 [ 0.15790175 -0.02789595]
 [ 0.09602107  0.04512902]
 [ 0.27651968 -0.29756023]
 [ 0.10950654 -0.15098666]
 [ 0.11430383  0.4384833 ]
 [ 0.05561442  0.05811737]
 [-0.09181542 -0.09218133]
 [-0.03526219  0.57795923]
 [ 0.22436916  0.09118952]
 [-0.21104202 -0.09946214]
 [-0.04015936 -0.13060365]
 [ 0.25195595  0.36526303]
 [ 0.01149483  0.04796912]
 [ 0.07490683 -0.00556736]
 [ 0.54988069  0.00636207]
 [-0.19380743 -0.17291729]
 [ 0.10659535  0.27965451]
 [ 0.18457132 -0.14448523]
 [ 0.25757491  0.01453402]
 [-0.00775882 -0.1015309 ]
 [-0.17644478  0.19127676]
 [-0.0394663  -0.14450447]
 [-0.04355457  0.07920494]
 [-0.17401871  0.30738859]
 [ 0.05153341  0.26399255]
 [-0.00259875 -0.08676218]
 [-0.01379941 -0.01316907]
 [ 0.00181675  0.08313573]
 [-0.10939454 -0.28150684]
 [-0.04051696  0.19526626]
 [ 0.12248976 -0.47162416]
 [ 0.01375169 -0.17241747]
 [ 0.03350235  0.22312352]
 [-0.27427635 -0.2108703 ]
 [-0.17206041 -0.19508583]
 [ 0.33023476 -0.51326104]
 [ 0.08823302 -0.20434468]
 [-0.15047274  0.20819465]
 [-0.17081749 -0.24254359]
 [ 0.0799318   0.35452481]
 [ 0.14505864 -0.19053731]
 [-0.15598258 -0.01289159]
 [-0.01771666  0.32192771]
 [ 0.50522371 -0.65628583]
 [-0.12746526  0.31025903]
 [ 0.14116744 -0.04514986]]
States:
[[0.99785889 0.99951775 0.55655409 0.47886937 0.51352686 0.59749571]
 [0.9978056  0.99965782 0.55713392 0.48219958 0.52035421 0.64082317]
 [0.99795157 0.99980213 0.55552804 0.48646336 0.48573919 0.61009409]
 ...
 [0.77357786 0.17737315 0.0838243  0.92583064 0.87956252 0.4756088 ]
 [0.82642627 0.20661121 0.12436618 0.94135409 1.         0.30601069]
 [0.87761109 0.24291897 0.17630481 0.95767663 0.95956699 0.39307145]]
Logstds:
[[-3. -3.]
 [-3. -3.]
 [-3. -3.]
 [-3. -3.]
 [-3. -3.]
 [-3. -3.]
 [-3. -3.]
 [-3. -3.]
 [-3. -3.]
 [-3. -3.]
 [-3. -3.]
 [-3. -3.]
 [-3. -3.]
 [-3. -3.]
 [-3. -3.]
 [-3. -3.]
 [-3. -3.]
 [-3. -3.]
 [-3. -3.]
 [-3. -3.]
 [-3. -3.]
 [-3. -3.]
 [-3. -3.]
 [-3. -3.]
 [-3. -3.]
 [-3. -3.]
 [-3. -3.]
 [-3. -3.]
 [-3. -3.]
 [-3. -3.]
 [-3. -3.]
 [-3. -3.]
 [-3. -3.]
 [-3. -3.]
 [-3. -3.]
 [-3. -3.]
 [-3. -3.]
 [-3. -3.]
 [-3. -3.]
 [-3. -3.]
 [-3. -3.]
 [-3. -3.]
 [-3. -3.]
 [-3. -3.]
 [-3. -3.]
 [-3. -3.]
 [-3. -3.]
 [-3. -3.]
 [-3. -3.]
 [-3. -3.]
 [-3. -3.]
 [-3. -3.]
 [-3. -3.]
 [-3. -3.]
 [-3. -3.]
 [-3. -3.]
 [-3. -3.]
 [-3. -3.]
 [-3. -3.]
 [-3. -3.]
 [-3. -3.]
 [-3. -3.]
 [-3. -3.]
 [-3. -3.]
 [-3. -3.]
 [-3. -3.]
 [-3. -3.]
 [-3. -3.]
 [-3. -3.]
 [-3. -3.]
 [-3. -3.]
 [-3. -3.]
 [-3. -3.]
 [-3. -3.]
 [-3. -3.]
 [-3. -3.]
 [-3. -3.]
 [-3. -3.]
 [-3. -3.]
 [-3. -3.]
 [-3. -3.]
 [-3. -3.]
 [-3. -3.]
 [-3. -3.]
 [-3. -3.]
 [-3. -3.]
 [-3. -3.]
 [-3. -3.]
 [-3. -3.]
 [-3. -3.]
 [-3. -3.]
 [-3. -3.]
 [-3. -3.]
 [-3. -3.]
 [-3. -3.]
 [-3. -3.]
 [-3. -3.]
 [-3. -3.]
 [-3. -3.]
 [-3. -3.]
 [-3. -3.]
 [-3. -3.]
 [-3. -3.]
 [-3. -3.]
 [-3. -3.]
 [-3. -3.]
 [-3. -3.]
 [-3. -3.]
 [-3. -3.]
 [-3. -3.]
 [-3. -3.]
 [-3. -3.]
 [-3. -3.]
 [-3. -3.]
 [-3. -3.]
 [-3. -3.]
 [-3. -3.]
 [-3. -3.]
 [-3. -3.]
 [-3. -3.]
 [-3. -3.]
 [-3. -3.]
 [-3. -3.]
 [-3. -3.]
 [-3. -3.]
 [-3. -3.]
 [-3. -3.]
 [-3. -3.]
 [-3. -3.]
 [-3. -3.]
 [-3. -3.]
 [-3. -3.]
 [-3. -3.]
 [-3. -3.]
 [-3. -3.]
 [-3. -3.]
 [-3. -3.]
 [-3. -3.]
 [-3. -3.]
 [-3. -3.]
 [-3. -3.]
 [-3. -3.]
 [-3. -3.]
 [-3. -3.]
 [-3. -3.]
 [-3. -3.]
 [-3. -3.]
 [-3. -3.]
 [-3. -3.]
 [-3. -3.]
 [-3. -3.]
 [-3. -3.]
 [-3. -3.]
 [-3. -3.]
 [-3. -3.]
 [-3. -3.]
 [-3. -3.]
 [-3. -3.]
 [-3. -3.]
 [-3. -3.]
 [-3. -3.]
 [-3. -3.]
 [-3. -3.]
 [-3. -3.]
 [-3. -3.]
 [-3. -3.]
 [-3. -3.]
 [-3. -3.]
 [-3. -3.]
 [-3. -3.]
 [-3. -3.]
 [-3. -3.]
 [-3. -3.]
 [-3. -3.]
 [-3. -3.]
 [-3. -3.]
 [-3. -3.]
 [-3. -3.]
 [-3. -3.]
 [-3. -3.]
 [-3. -3.]
 [-3. -3.]
 [-3. -3.]
 [-3. -3.]
 [-3. -3.]
 [-3. -3.]
 [-3. -3.]
 [-3. -3.]
 [-3. -3.]
 [-3. -3.]
 [-3. -3.]
 [-3. -3.]
 [-3. -3.]
 [-3. -3.]
 [-3. -3.]
 [-3. -3.]
 [-3. -3.]
 [-3. -3.]
 [-3. -3.]
 [-3. -3.]]
