Baseline:
[0.518627   0.5268085  0.5457255  0.54574364 0.54594815 0.5560045
 0.5417546  0.53709716 0.53962725 0.5406306  0.5417486  0.5397265
 0.53194374 0.5310212  0.5381856  0.5440674  0.5568348  0.5547374
 0.5264862  0.5493387  0.56088805 0.55219233 0.5694137  0.5880273
 0.59763366 0.5840478  0.608297   0.60199624 0.5980086  0.5851582
 0.5899701  0.6048498  0.6152412  0.6050864  0.58044344 0.5852399
 0.58702666 0.615335   0.59083754 0.58730936 0.58767885 0.57840425
 0.5704215  0.58502007 0.5658029  0.5617415  0.5776493  0.5734672
 0.57674944 0.57134414 0.577676   0.5628313  0.5513826  0.5520738
 0.5410254  0.54760367 0.540261   0.54068846 0.5454801  0.54581493
 0.5515101  0.5554421  0.5713461  0.56115526 0.5420555  0.5372568
 0.5314855  0.51435465 0.5133451  0.50130814 0.46304438 0.41733566
 0.42558366 0.40396202 0.37613687 0.34749636 0.35549313 0.32044628
 0.32748163 0.31553409 0.3160245  0.27480367 0.22444624 0.2314725
 0.2149069  0.23760891 0.2312492  0.23400733 0.20921966 0.24906461
 0.26511645 0.26984596 0.2653835  0.27192768 0.26930746 0.27508214
 0.26840422 0.26255095 0.26827577 0.266761   0.26625994 0.26471213
 0.27499577 0.3064946  0.2971281  0.3079886  0.3122307  0.32773858
 0.31670702 0.32057568 0.34236076 0.34454143 0.31537655 0.31643072
 0.31545898 0.30129254 0.30650547 0.3191577  0.32269058 0.3351339
 0.3525884  0.35850117 0.35867044 0.37615252 0.3893955  0.40445638
 0.4275105  0.44521353 0.46273944 0.47900876 0.5145549  0.53322893
 0.5426537  0.5500762  0.56195444 0.56337625 0.5695459  0.59491765
 0.6018732  0.60894567 0.61055845 0.62270015 0.5981829  0.5839059
 0.58409935 0.5615423  0.5460327  0.5233179  0.49695554 0.47586533
 0.446491   0.42476517 0.41035014 0.38674885 0.36839262 0.34539232
 0.34406117 0.29837433 0.28066012 0.28546447 0.285004   0.26067933
 0.29299283 0.2988729  0.28000706 0.28302145 0.24812926 0.24822372
 0.27148548 0.2809284  0.26933315 0.26947117 0.2809404  0.30721772
 0.3148749  0.3184196  0.33486107 0.32742912 0.3563642  0.3691731
 0.37827173 0.42170137 0.45333013 0.4498261  0.45035225 0.4646844
 0.47193065 0.49307284 0.48840567 0.5147854  0.51663864 0.49844316
 0.5204658  0.5364026  0.5295851  0.49849096 0.512298   0.49848202
 0.47876832 0.43784994 0.43784994]
Returns:
[ 2.85751363  2.7288125   2.03708227  2.05214013  1.91522631  1.89165325
  1.78637566  1.82745759  1.85562835  1.90361184  1.96733556  1.92341316
  1.97502262  2.02653459  2.074018    2.11697603  2.14276353  2.20835908
  2.04942524  1.77983572  1.65270983  1.60840384  1.51977562  1.42888834
  1.47960658  1.50469913  1.41529697  1.508333    1.50102966  1.5244002
  1.46282936  1.44472114  1.50915269  1.55135297  1.36732063  1.45342535
  1.50072148  0.96784545  0.67041147  0.74092451  0.77361229  0.831398
  0.61403122  0.50457946  0.40584135  0.41818443  0.27236139  0.33443952
  0.37233272  0.2746669   0.30519234  0.29812504  0.31419941  0.36287385
  0.29664543  0.33995593  0.33466491  0.38122908  0.3631303   0.44512714
  0.46744062  0.48270064  0.24469218  0.30489122  0.21670049  0.24446594
  0.31697868  0.39020186  0.37735022  0.3775133   0.2421329   0.16379212
 -0.10187627 -0.04530064  0.02436326  0.12914662  0.04100447  0.09000814
  0.05740834  0.16571347  0.09847602 -0.06628367 -0.55673746 -0.60362895
 -0.54348841 -0.88445453 -1.06320548 -0.97412624 -1.0208425  -1.26388858
 -1.27444294 -1.23971998 -1.24718242 -1.20640773 -1.3365627  -1.30094528
 -1.24270113 -1.18168569 -1.13496285 -1.08969249 -1.0152357  -0.93398174
 -0.90738054 -1.03132859 -0.97445849 -0.89748756 -0.82196616 -0.78515409
 -0.82881296 -0.73203608 -0.68525894 -0.86038472 -0.97181058 -0.89082486
 -0.80094696 -0.95306899 -0.90832028 -0.81921688 -0.81032675 -0.73570445
 -0.69057813 -0.58065166 -0.47657479 -0.40166769 -0.29169676 -0.25523675
 -0.17195464 -0.1954448  -0.07925201  0.0387178  -0.11262499 -0.00849867
  0.05873441  0.12326209  0.18054574  0.24756375  0.34255432  0.08104047
  0.13900107  0.04121147  0.07678093 -0.01157122 -0.09893756 -0.1680815
 -0.27579358 -0.28229792 -0.21777938 -0.25919055 -0.1971143  -0.09514497
 -0.08031422  0.05043337  0.17652766  0.32184336  0.23380678  0.18734203
  0.20401172  0.31128041  0.07666278  0.21321247  0.36692253  0.34796185
  0.31637035  0.37729395  0.35730821  0.30645784  0.08698498  0.22769067
  0.2915298   0.43167123  0.4809511   0.31980216  0.42991217  0.54314472
  0.65607097  0.77281766  0.94033473  0.94766713  1.06263588  1.08768788
  1.2247786   1.10933023  1.08415486  0.85233339  0.86008463  0.9586644
  1.0562702   1.05239184  1.1222911   0.8568272   0.8753061   0.88012359
  0.65438971  0.57344719  0.57636615  0.45842995  0.32737618  0.37595861
  0.39862638  0.21149063]
Advants:
[ 1.85945358e+00  1.74983256e+00  1.04679048e+00  1.07054844e+00
  9.38650291e-01  9.09645642e-01  8.20821444e-01  8.70366600e-01
  9.00930218e-01  9.54705730e-01  1.02662194e+00  9.93529359e-01
  1.06431649e+00  1.13073832e+00  1.18748312e+00  1.24353115e+00
  1.27754181e+00  1.37010715e+00  1.26237390e+00  9.85791712e-01
  8.60038394e-01  8.37349524e-01  7.42248318e-01  6.41024854e-01
  6.92390803e-01  7.43393014e-01  6.39600281e-01  7.52707769e-01
  7.64233345e-01  8.17679990e-01  7.67937434e-01  7.51986960e-01
  8.26187235e-01  9.02039081e-01  7.63218460e-01  8.69362428e-01
  9.43230680e-01  3.95464745e-01  1.28648457e-01  2.11621194e-01
  2.54631397e-01  3.35368457e-01  1.34350425e-01  1.55422328e-02
 -6.07494293e-02 -4.03332501e-02 -2.02712690e-01 -1.35106982e-01
 -9.79654586e-02 -1.90333294e-01 -1.65507887e-01 -1.56804301e-01
 -1.27424940e-01 -7.59432215e-02 -1.29033405e-01 -8.88972264e-02
 -8.30881613e-02 -3.14471278e-02 -4.90722005e-02  4.08292847e-02
  6.69029136e-02  8.88421385e-02 -1.61408165e-01 -8.48671602e-02
 -1.49419865e-01 -1.10923652e-01 -2.37811261e-02  7.89805146e-02
  8.02367233e-02  1.07028263e-01  2.27424731e-02  3.02504949e-03
 -2.65348209e-01 -1.78717087e-01 -6.90606111e-02  8.16936934e-02
  1.38819251e-03  1.05220439e-01  8.58263243e-02  2.31763446e-01
  1.89813329e-01  9.04274080e-02 -3.37069754e-01 -3.78982571e-01
 -2.86876457e-01 -6.45080197e-01 -8.16873267e-01 -7.27233296e-01
 -7.46238499e-01 -1.03470630e+00 -1.06818721e+00 -1.04472648e+00
 -1.05490848e+00 -1.02741311e+00 -1.16620114e+00 -1.14764736e+00
 -1.09296799e+00 -1.03514645e+00 -1.00269831e+00 -9.63744442e-01
 -8.94966696e-01 -8.16310614e-01 -8.03987260e-01 -9.68576185e-01
 -9.10211914e-01 -8.50599767e-01 -7.84167796e-01 -7.67464975e-01
 -8.06094713e-01 -7.16826811e-01 -6.95012230e-01 -8.81250521e-01
 -9.75748400e-01 -9.06624044e-01 -8.24692479e-01 -9.76592504e-01
 -9.50966291e-01 -8.87245110e-01 -8.95536622e-01 -8.46246038e-01
 -8.31704686e-01 -7.38723128e-01 -6.43573826e-01 -5.93877142e-01
 -5.02544327e-01 -4.86338082e-01 -4.29882608e-01 -4.76443688e-01
 -3.80550442e-01 -2.78714486e-01 -4.71236497e-01 -3.89254261e-01
 -3.33423714e-01 -2.76698711e-01 -2.30301516e-01 -1.61600338e-01
 -6.66628806e-02 -3.55783621e-01 -3.05626658e-01 -4.14652176e-01
 -3.84163425e-01 -4.91528669e-01 -5.63778353e-01 -6.30543546e-01
 -7.54698312e-01 -7.55782471e-01 -6.91876019e-01 -7.28645561e-01
 -6.57084641e-01 -5.48534525e-01 -5.18707737e-01 -3.77121773e-01
 -2.44081760e-01 -7.80461158e-02 -1.53008328e-01 -1.82930294e-01
 -1.71380336e-01 -2.06946435e-02 -2.46769569e-01 -1.20902466e-01
  3.16572276e-02  3.54390295e-02 -3.21593253e-02  2.05785960e-02
  1.69219980e-02 -4.13614505e-02 -2.36445901e-01 -1.02884438e-01
 -6.87024178e-02  5.90981636e-02  1.18711214e-01 -4.89335579e-02
  4.58585219e-02  1.31326550e-01  2.38237495e-01  3.56722280e-01
  5.18203153e-01  5.44715803e-01  6.46159412e-01  6.75503807e-01
  8.26012569e-01  6.86655585e-01  6.49278607e-01  4.34981886e-01
  4.57645534e-01  5.61252469e-01  6.75415120e-01  6.75451597e-01
  7.79515744e-01  5.10656601e-01  5.52738877e-01  6.04088808e-01
  3.79420654e-01  3.04600191e-01  3.38575740e-01  2.75351876e-01
  1.51640970e-01  2.38920823e-01  3.09614096e-01  1.89598143e-01]
Mus:
[[-2.59545650e-02 -1.10710086e-02]
 [-2.57841833e-02 -1.03550488e-02]
 [-2.45615914e-02 -8.53144657e-03]
 [-2.54936367e-02 -9.09319241e-03]
 [-2.65758410e-02 -1.02848588e-02]
 [-2.61714309e-02 -1.00110229e-02]
 [-2.63149906e-02 -9.43904743e-03]
 [-2.66879648e-02 -9.58322734e-03]
 [-2.68057548e-02 -9.53224301e-03]
 [-2.70118397e-02 -9.60700400e-03]
 [-2.73414142e-02 -9.94343404e-03]
 [-2.68086512e-02 -9.17574298e-03]
 [-2.74505485e-02 -9.62677412e-03]
 [-2.74204742e-02 -9.49382503e-03]
 [-2.71721296e-02 -9.48643498e-03]
 [-2.66109351e-02 -9.08384472e-03]
 [-2.60225385e-02 -8.82564392e-03]
 [-2.53088307e-02 -8.31346866e-03]
 [-2.67406125e-02 -9.03952774e-03]
 [-2.51640268e-02 -8.05393141e-03]
 [-2.34353486e-02 -6.91703614e-03]
 [-2.46258471e-02 -7.93286506e-03]
 [-2.47653872e-02 -8.27581063e-03]
 [-2.57499740e-02 -9.04568657e-03]
 [-2.35160030e-02 -7.93411676e-03]
 [-2.25437265e-02 -7.60481134e-03]
 [-2.04483159e-02 -6.62689609e-03]
 [-1.94738377e-02 -6.33962359e-03]
 [-1.61323436e-02 -4.68179630e-03]
 [-1.51170818e-02 -4.29545343e-03]
 [-1.19637446e-02 -2.67167785e-03]
 [-1.07569713e-02 -2.10937834e-03]
 [-1.08210705e-02 -2.34715897e-03]
 [-8.78160261e-03 -1.47027266e-03]
 [-9.78469104e-03 -2.18318636e-03]
 [-8.94743297e-03 -1.80880481e-03]
 [-7.12144375e-03 -9.46228916e-04]
 [-3.90121294e-03  9.42835177e-04]
 [-5.42693725e-03 -4.67572478e-04]
 [-4.84874472e-03 -3.31524468e-04]
 [-2.85910186e-03  6.47557783e-04]
 [-3.02982773e-03  3.27959599e-04]
 [-1.19757210e-03  1.44120038e-03]
 [-5.66570052e-05  2.05455744e-03]
 [-1.14729197e-03  1.26592407e-03]
 [-2.57570972e-03  3.56479024e-04]
 [-1.22479373e-03  1.16694788e-03]
 [-8.27547919e-04  1.27586047e-03]
 [-9.27122237e-05  1.63934322e-03]
 [ 1.67293474e-03  2.57218839e-03]
 [ 1.92960841e-03  2.61479174e-03]
 [ 5.79885964e-04  1.64004450e-03]
 [-2.70500284e-04  1.02197239e-03]
 [-1.14894465e-04  1.14154548e-03]
 [-1.21916947e-03  7.70775951e-04]
 [-1.28558755e-03  7.80979637e-04]
 [-3.65286786e-03 -5.96812810e-04]
 [-4.47355304e-03 -8.93240038e-04]
 [-4.67417948e-03 -8.04625335e-04]
 [-5.95671404e-03 -1.51625765e-03]
 [-7.16211740e-03 -2.19975854e-03]
 [-6.97224587e-03 -1.91507966e-03]
 [-5.61267091e-03 -8.44539842e-04]
 [-6.46245666e-03 -1.37505028e-03]
 [-7.95828644e-03 -2.15274678e-03]
 [-8.80645402e-03 -2.45372485e-03]
 [-9.76423174e-03 -2.93196063e-03]
 [-1.07932063e-02 -3.45820352e-03]
 [-1.07942410e-02 -3.20050213e-03]
 [-1.01232640e-02 -3.15847411e-03]
 [-1.07688755e-02 -3.69817531e-03]
 [-1.06828306e-02 -3.93347628e-03]
 [-1.03340652e-02 -3.53601947e-03]
 [-9.24443174e-03 -2.92488770e-03]
 [-8.56059417e-03 -2.88984040e-03]
 [-8.20713118e-03 -2.86905584e-03]
 [-5.57369413e-03 -1.20446901e-03]
 [-4.29606251e-03 -8.32389109e-04]
 [-1.93746644e-03  5.67429757e-04]
 [ 4.25549166e-04  1.40498718e-03]
 [ 3.63555131e-03  3.33000929e-03]
 [ 5.54554025e-03  3.84640531e-03]
 [ 5.25295036e-03  2.87334179e-03]
 [ 6.37363130e-03  3.20766540e-03]
 [ 6.24155346e-03  3.02721420e-03]
 [ 5.86868357e-03  2.21995544e-03]
 [ 2.07197899e-03 -1.84813500e-04]
 [ 3.50638256e-05 -8.12512357e-04]
 [-2.96671200e-03 -1.99101469e-03]
 [-3.24855046e-03 -1.67660229e-03]
 [-3.61168082e-03 -1.46581652e-03]
 [-3.59813357e-03 -1.15554035e-03]
 [-2.86219479e-03 -4.06181498e-04]
 [-1.76825630e-03  1.71848442e-04]
 [ 5.85964706e-04  1.78529730e-03]
 [ 2.90793926e-03  2.69454205e-03]
 [ 4.08236543e-03  3.01189418e-03]
 [ 5.18153422e-03  3.54421232e-03]
 [ 6.37757545e-03  3.78694292e-03]
 [ 7.68433278e-03  4.56680916e-03]
 [ 8.66104010e-03  4.80394391e-03]
 [ 9.30820405e-03  4.93081193e-03]
 [ 1.03290761e-02  4.96859755e-03]
 [ 1.28472475e-02  5.94733329e-03]
 [ 1.29028652e-02  5.73513890e-03]
 [ 1.34630892e-02  5.85023267e-03]
 [ 1.49140423e-02  6.58108108e-03]
 [ 1.69413071e-02  7.57225323e-03]
 [ 1.59461517e-02  6.57501258e-03]
 [ 1.65696461e-02  6.90690754e-03]
 [ 1.71792936e-02  7.15426961e-03]
 [ 1.49043407e-02  5.22156293e-03]
 [ 1.12539763e-02  3.23496806e-03]
 [ 9.76693258e-03  2.89298664e-03]
 [ 8.29217117e-03  2.47365329e-03]
 [ 3.82788479e-03 -2.19640526e-04]
 [ 2.81433319e-03 -3.30442526e-05]
 [ 1.38018979e-03 -5.29988320e-04]
 [ 1.10634801e-03 -7.18093288e-05]
 [-6.79003933e-05 -6.92292931e-04]
 [-1.97505439e-03 -1.72059622e-03]
 [-3.90539924e-03 -2.52604508e-03]
 [-5.44987060e-03 -3.02027375e-03]
 [-7.32817966e-03 -3.94059764e-03]
 [-9.20643378e-03 -4.73631686e-03]
 [-1.28100580e-02 -6.60302816e-03]
 [-1.40573084e-02 -7.04833120e-03]
 [-1.78986359e-02 -9.13048908e-03]
 [-1.95589773e-02 -9.76681430e-03]
 [-2.11745165e-02 -1.03804208e-02]
 [-1.85776688e-02 -8.75934213e-03]
 [-1.78823471e-02 -8.47665872e-03]
 [-1.72899012e-02 -8.43740162e-03]
 [-1.66201275e-02 -8.33075214e-03]
 [-1.56475790e-02 -7.91571755e-03]
 [-1.49814878e-02 -7.78421247e-03]
 [-1.37593001e-02 -7.17916340e-03]
 [-1.04531879e-02 -5.19706961e-03]
 [-7.93757662e-03 -3.97606380e-03]
 [-5.61130000e-03 -3.02848988e-03]
 [-2.33061309e-03 -1.62611378e-03]
 [ 2.34337663e-03  6.56872406e-04]
 [ 2.53589731e-03  3.41957842e-04]
 [ 3.91009776e-03  7.16390787e-04]
 [ 8.39587022e-03  2.74121854e-03]
 [ 1.05206333e-02  3.15702590e-03]
 [ 1.35536427e-02  4.23629163e-03]
 [ 1.55389858e-02  4.69049579e-03]
 [ 1.69235747e-02  4.86066844e-03]
 [ 1.83873884e-02  5.46356430e-03]
 [ 1.84092801e-02  5.34257665e-03]
 [ 1.93807241e-02  5.83793549e-03]
 [ 2.06753351e-02  6.53473567e-03]
 [ 2.05956902e-02  6.44856365e-03]
 [ 2.02413741e-02  6.28711749e-03]
 [ 1.71677489e-02  4.66727652e-03]
 [ 1.60626788e-02  4.37890319e-03]
 [ 1.70411374e-02  5.77143580e-03]
 [ 2.25900188e-02  1.01363733e-02]
 [ 2.40661576e-02  1.09256860e-02]
 [ 2.50155274e-02  1.11471266e-02]
 [ 2.39799619e-02  1.10622719e-02]
 [ 2.71902438e-02  1.24222133e-02]
 [ 2.88356207e-02  1.36951469e-02]
 [ 2.82097943e-02  1.37977926e-02]
 [ 2.97809821e-02  1.33465249e-02]
 [ 2.68805008e-02  1.23647405e-02]
 [ 2.69548129e-02  1.25130368e-02]
 [ 2.93144118e-02  1.36317452e-02]
 [ 2.95514986e-02  1.40552428e-02]
 [ 2.82869171e-02  1.36029776e-02]
 [ 2.66155675e-02  1.42724952e-02]
 [ 2.73263622e-02  1.40489060e-02]
 [ 2.83831861e-02  1.42267104e-02]
 [ 2.75461469e-02  1.43434135e-02]
 [ 2.72865035e-02  1.38383554e-02]
 [ 2.72110719e-02  1.38498824e-02]
 [ 2.56346948e-02  1.36050740e-02]
 [ 2.57721189e-02  1.31891510e-02]
 [ 2.41879765e-02  1.35565232e-02]
 [ 2.33706366e-02  1.29699120e-02]
 [ 2.47200876e-02  1.32587170e-02]
 [ 2.55828444e-02  1.33999279e-02]
 [ 2.23573912e-02  1.31074721e-02]
 [ 1.97169483e-02  1.21614691e-02]
 [ 1.86636280e-02  1.15572661e-02]
 [ 1.87044255e-02  1.11285569e-02]
 [ 1.91933885e-02  1.08409058e-02]
 [ 1.84045061e-02  9.96735599e-03]
 [ 1.73982456e-02  1.00910747e-02]
 [ 1.66695900e-02  9.15773306e-03]
 [ 1.54308323e-02  8.30965303e-03]
 [ 1.31343734e-02  7.92158861e-03]
 [ 1.08287390e-02  7.21898070e-03]
 [ 7.88214989e-03  6.17203955e-03]
 [ 6.87767938e-03  5.02017373e-03]
 [ 4.39377036e-03  4.25779959e-03]
 [ 2.46359711e-03  3.01222131e-03]
 [ 4.68109647e-04  1.64434745e-03]
 [-4.52310895e-04  4.52347973e-04]]
Actions:
[[ 3.29246998e-01 -1.56950979e-01]
 [ 6.87376329e-01 -3.38889176e-01]
 [-4.38496799e-03  1.39272155e-01]
 [-2.09023627e-01  4.06110640e-01]
 [ 1.64436070e-01  1.31707614e-01]
 [-1.55353466e-02 -3.43852230e-01]
 [-7.77718650e-02 -2.45593212e-03]
 [ 2.56703905e-02  1.00731947e-02]
 [-4.72282635e-02  1.88595384e-02]
 [-1.26605321e-01  1.17018698e-01]
 [ 1.05995099e-01 -2.41241219e-01]
 [-2.27122809e-01  2.53991570e-02]
 [ 7.18127035e-03 -5.64992230e-02]
 [ 6.62898459e-02  1.27165939e-01]
 [ 1.20564435e-01 -4.43978795e-03]
 [ 1.46075417e-01  1.30499431e-01]
 [ 1.25613399e-02 -1.34293863e-01]
 [-5.15274476e-01 -2.14167396e-01]
 [ 5.02365606e-01  2.36945469e-02]
 [ 3.38624686e-01 -1.42297198e-01]
 [-3.72136312e-01  2.33954707e-01]
 [ 7.59974482e-02  4.21863206e-01]
 [-7.39653811e-03  4.55848859e-01]
 [ 1.35223146e-01 -3.17021041e-02]
 [-2.71660529e-01 -9.74143416e-02]
 [ 3.31882509e-01  1.67394331e-01]
 [-1.75823109e-01  2.32206367e-02]
 [ 7.67326066e-02 -2.34933756e-01]
 [-2.28468089e-01 -1.34646470e-01]
 [ 2.02714317e-01 -2.56163309e-01]
 [ 2.77696317e-01  1.25091319e-01]
 [ 2.80401319e-02  2.54231165e-01]
 [-1.13214110e-01 -1.83326077e-01]
 [-5.68746284e-01 -7.21105240e-02]
 [ 1.01265568e-01  2.68988672e-02]
 [ 9.58568875e-02 -1.47095891e-01]
 [ 7.23429063e-01 -1.34918984e-02]
 [-6.12450273e-01  2.04406081e-01]
 [-4.24729242e-02  4.62862565e-02]
 [ 9.37815081e-02 -1.50896748e-01]
 [-1.81337761e-01  7.96518951e-02]
 [-7.16566960e-02 -4.96141265e-01]
 [ 3.51542856e-01  1.12402710e-01]
 [-4.13704318e-01 -1.01039339e-01]
 [-1.64526842e-01  2.00261125e-01]
 [ 3.97801599e-01  5.00200663e-02]
 [-4.72198353e-02 -4.02291625e-02]
 [ 1.22641750e-01  2.04567126e-02]
 [ 1.40551250e-02 -3.61745146e-01]
 [ 1.32661046e-01  1.23562243e-01]
 [-3.04575411e-01  9.16538254e-02]
 [-2.56306216e-01 -1.72576487e-02]
 [ 2.90882177e-02 -8.78313357e-02]
 [-2.01930500e-01 -2.96457673e-01]
 [ 1.19064450e-01 -5.44406353e-02]
 [-2.74838184e-01  1.68190656e-01]
 [-1.46340580e-02 -1.20144885e-01]
 [ 1.25250666e-01 -1.88835266e-01]
 [-4.34844308e-02  6.91432681e-02]
 [ 6.15737779e-02  2.80485742e-01]
 [ 1.32615732e-01 -1.84146736e-01]
 [ 4.33649677e-01 -2.53455103e-01]
 [-1.22308088e-01 -7.92661333e-02]
 [-2.57032340e-01 -3.21895037e-01]
 [ 7.47171093e-02 -1.58977580e-01]
 [ 7.68637634e-02  7.17961820e-02]
 [-7.90037094e-02 -1.35761041e-01]
 [ 2.62229536e-01 -1.15559056e-01]
 [ 8.84798259e-02  3.22080199e-01]
 [-4.02466406e-01 -3.34544069e-01]
 [-3.69168983e-01 -2.77273480e-01]
 [ 4.12271821e-01  4.24158601e-01]
 [ 1.14557872e-02 -2.48555659e-01]
 [-1.42932959e-01  1.89550667e-01]
 [-1.71250452e-01 -8.46695648e-03]
 [ 4.35528609e-01 -1.01567366e-01]
 [-2.68179983e-01 -1.30088068e-01]
 [ 3.85207978e-01  9.25559867e-02]
 [ 1.55208821e-02  1.78866187e-01]
 [ 3.56556712e-01 -2.67303774e-01]
 [-4.71342591e-01 -2.74300449e-01]
 [-7.37982565e-01  2.31268541e-01]
 [ 9.78737594e-02  3.79282224e-01]
 [-2.23768071e-01 -2.95773337e-02]
 [ 6.20660058e-02  6.58128460e-01]
 [-3.96080146e-01  3.33170512e-01]
 [-1.40892299e-02 -3.01252782e-02]
 [-3.13753432e-01 -2.05726285e-01]
 [ 5.07484059e-01  2.27920772e-01]
 [ 2.78640815e-01  1.09658488e-03]
 [ 1.69985407e-01 -7.36814479e-02]
 [ 1.66789365e-01 -2.18242315e-01]
 [ 1.62379821e-01  1.51717225e-02]
 [ 2.60984716e-01 -3.49332349e-01]
 [ 1.44417819e-01  9.25263094e-02]
 [-1.14204832e-01  1.61588343e-02]
 [-3.49324568e-02 -1.14173081e-01]
 [ 5.46472000e-05  1.73301849e-01]
 [ 8.88040932e-02 -1.59737588e-01]
 [-5.76066067e-02  7.00560126e-02]
 [-6.73456581e-02  4.97861486e-02]
 [-2.98928854e-02  2.49747649e-01]
 [ 3.65387839e-01  2.86855698e-01]
 [-1.73376466e-01 -9.03515474e-03]
 [ 5.77619884e-02  1.21441277e-01]
 [ 1.48359841e-01 -4.62634172e-02]
 [ 2.57043780e-01  4.11603445e-02]
 [-3.51200689e-01  1.17991192e-01]
 [ 9.41492674e-02 -1.71833125e-02]
 [ 1.88702731e-01  1.75794605e-01]
 [-3.07056286e-01  4.22378366e-01]
 [-4.35360736e-01 -1.07000147e-01]
 [ 1.84090149e-02 -1.32972712e-01]
 [-1.30732148e-02 -1.11975760e-01]
 [-4.72951356e-01  1.55722112e-01]
 [ 7.72818041e-02 -2.17301811e-01]
 [ 7.81751659e-02  6.17464440e-02]
 [ 2.05184766e-01 -2.15018696e-01]
 [ 1.14971152e-02  1.64390251e-01]
 [ 7.16041276e-04  2.43513856e-01]
 [-3.25447053e-02  2.54334915e-02]
 [-2.98737950e-02 -1.02034304e-01]
 [ 2.77630114e-02  1.97135496e-01]
 [ 2.83078009e-02  1.03209983e-01]
 [-1.16276845e-01  2.75369836e-01]
 [ 1.36002357e-01  1.37804522e-01]
 [-1.40710893e-01  3.66235785e-01]
 [ 2.42878021e-02  1.09072822e-01]
 [-9.39371381e-03 -1.07337351e-01]
 [ 4.78244897e-01  1.32625276e-01]
 [ 1.24520018e-02  1.11720538e-01]
 [-1.94425865e-01  1.64297496e-01]
 [-1.97718065e-01 -1.15716446e-01]
 [-5.51531428e-02  2.56224958e-01]
 [-2.25848928e-01 -6.01048538e-02]
 [-6.03294992e-02  8.71975887e-02]
 [ 4.29582856e-01 -3.33350894e-01]
 [ 1.00564567e-01  3.00321043e-04]
 [ 4.39455411e-02  4.39102379e-01]
 [ 3.87233943e-02  2.19725891e-01]
 [ 3.77557074e-01  1.32899656e-02]
 [-3.53859689e-01  1.77719912e-01]
 [-1.19537461e-01 -3.05990622e-01]
 [ 3.58785778e-01  1.93155793e-01]
 [-1.84186882e-01 -1.41014006e-01]
 [ 7.54744161e-02 -1.33191170e-02]
 [-1.09250726e-01  3.62337014e-01]
 [-1.40185026e-01 -5.86224196e-02]
 [ 3.41590517e-02  1.11193189e-01]
 [-1.33042990e-01  2.98231168e-01]
 [ 2.42661781e-02  6.39708254e-03]
 [ 1.11625087e-01  8.30566127e-02]
 [-6.69408131e-02  1.96991495e-02]
 [-4.22803726e-02 -4.68295265e-01]
 [-3.11725052e-01  3.08305139e-01]
 [ 7.49038643e-02  3.73559631e-01]
 [-5.11417391e-02 -2.12102330e-01]
 [ 6.29513652e-01 -5.37173782e-02]
 [ 1.32048453e-01  1.05821397e-02]
 [-3.45968548e-02  2.92713261e-02]
 [-1.83700971e-01 -3.55064320e-01]
 [ 3.84536592e-01  2.40132656e-01]
 [ 2.27859994e-01 -2.21609986e-01]
 [-1.43435139e-01 -3.72324046e-01]
 [-1.92662554e-01  4.00863415e-01]
 [-4.13473314e-01 -4.01120078e-01]
 [-1.99651130e-02 -7.72512700e-02]
 [ 2.97809875e-01  1.17501786e-01]
 [ 1.10097124e-01 -9.24159482e-02]
 [-2.27878933e-01 -2.01954397e-01]
 [ 1.20814066e-01 -5.32367432e-01]
 [-1.23464855e-01  1.51079603e-01]
 [ 1.21737377e-01  1.86281922e-01]
 [ 5.75270171e-02 -1.81721490e-01]
 [-1.83504861e-01  7.12952131e-02]
 [ 6.38089132e-02  2.02806089e-02]
 [-2.20639887e-01 -3.04747773e-01]
 [ 8.04415841e-02  2.31648228e-01]
 [ 1.60671002e-01 -3.00546413e-01]
 [-1.52459005e-01  1.57281359e-02]
 [ 4.20183089e-01  3.19340150e-01]
 [ 3.12379491e-01  2.71631934e-01]
 [ 6.12365462e-02 -5.66518992e-01]
 [-1.34624588e-01 -2.53912800e-01]
 [ 5.18568501e-02 -3.77368540e-02]
 [-5.11811291e-02  5.09266179e-02]
 [ 1.94977847e-01  3.09391817e-01]
 [-1.87566343e-01  8.40408779e-02]
 [ 4.88437181e-01 -2.82558415e-01]
 [-1.22854609e-01  2.72090898e-01]
 [-2.47416096e-01 -1.28566669e-01]
 [ 4.29793390e-01 -2.68864567e-01]
 [ 3.30235773e-01 -1.39663054e-01]
 [ 1.31409368e-01 -1.81031914e-01]
 [-4.45818447e-01 -2.30263392e-02]
 [ 3.83084846e-01  1.03217639e-01]
 [-1.55062338e-01  1.16993096e-01]
 [-2.25745946e-01  9.35879129e-02]
 [-5.30984486e-01 -1.50265890e-01]
 [-3.54957937e-01 -3.89777366e-01]]
States:
[[0.9998539  0.99976032 0.49728259 0.51489976 0.5131226  0.59743447]
 [0.99996915 0.99984919 0.50392233 0.51181956 0.59757707 0.55626535]
 [0.99955751 0.99999884 0.53094629 0.49896396 0.77222221 0.46819687]
 ...
 [0.24368135 0.9437252  0.06970101 0.2777096  0.82787366 0.23907946]
 [0.28240127 0.91637063 0.04898187 0.2326629  0.76374511 0.27072085]
 [0.30790341 0.88406974 0.03761056 0.19038751 0.62261806 0.23785676]]
Logstds:
[[-3. -3.]
 [-3. -3.]
 [-3. -3.]
 [-3. -3.]
 [-3. -3.]
 [-3. -3.]
 [-3. -3.]
 [-3. -3.]
 [-3. -3.]
 [-3. -3.]
 [-3. -3.]
 [-3. -3.]
 [-3. -3.]
 [-3. -3.]
 [-3. -3.]
 [-3. -3.]
 [-3. -3.]
 [-3. -3.]
 [-3. -3.]
 [-3. -3.]
 [-3. -3.]
 [-3. -3.]
 [-3. -3.]
 [-3. -3.]
 [-3. -3.]
 [-3. -3.]
 [-3. -3.]
 [-3. -3.]
 [-3. -3.]
 [-3. -3.]
 [-3. -3.]
 [-3. -3.]
 [-3. -3.]
 [-3. -3.]
 [-3. -3.]
 [-3. -3.]
 [-3. -3.]
 [-3. -3.]
 [-3. -3.]
 [-3. -3.]
 [-3. -3.]
 [-3. -3.]
 [-3. -3.]
 [-3. -3.]
 [-3. -3.]
 [-3. -3.]
 [-3. -3.]
 [-3. -3.]
 [-3. -3.]
 [-3. -3.]
 [-3. -3.]
 [-3. -3.]
 [-3. -3.]
 [-3. -3.]
 [-3. -3.]
 [-3. -3.]
 [-3. -3.]
 [-3. -3.]
 [-3. -3.]
 [-3. -3.]
 [-3. -3.]
 [-3. -3.]
 [-3. -3.]
 [-3. -3.]
 [-3. -3.]
 [-3. -3.]
 [-3. -3.]
 [-3. -3.]
 [-3. -3.]
 [-3. -3.]
 [-3. -3.]
 [-3. -3.]
 [-3. -3.]
 [-3. -3.]
 [-3. -3.]
 [-3. -3.]
 [-3. -3.]
 [-3. -3.]
 [-3. -3.]
 [-3. -3.]
 [-3. -3.]
 [-3. -3.]
 [-3. -3.]
 [-3. -3.]
 [-3. -3.]
 [-3. -3.]
 [-3. -3.]
 [-3. -3.]
 [-3. -3.]
 [-3. -3.]
 [-3. -3.]
 [-3. -3.]
 [-3. -3.]
 [-3. -3.]
 [-3. -3.]
 [-3. -3.]
 [-3. -3.]
 [-3. -3.]
 [-3. -3.]
 [-3. -3.]
 [-3. -3.]
 [-3. -3.]
 [-3. -3.]
 [-3. -3.]
 [-3. -3.]
 [-3. -3.]
 [-3. -3.]
 [-3. -3.]
 [-3. -3.]
 [-3. -3.]
 [-3. -3.]
 [-3. -3.]
 [-3. -3.]
 [-3. -3.]
 [-3. -3.]
 [-3. -3.]
 [-3. -3.]
 [-3. -3.]
 [-3. -3.]
 [-3. -3.]
 [-3. -3.]
 [-3. -3.]
 [-3. -3.]
 [-3. -3.]
 [-3. -3.]
 [-3. -3.]
 [-3. -3.]
 [-3. -3.]
 [-3. -3.]
 [-3. -3.]
 [-3. -3.]
 [-3. -3.]
 [-3. -3.]
 [-3. -3.]
 [-3. -3.]
 [-3. -3.]
 [-3. -3.]
 [-3. -3.]
 [-3. -3.]
 [-3. -3.]
 [-3. -3.]
 [-3. -3.]
 [-3. -3.]
 [-3. -3.]
 [-3. -3.]
 [-3. -3.]
 [-3. -3.]
 [-3. -3.]
 [-3. -3.]
 [-3. -3.]
 [-3. -3.]
 [-3. -3.]
 [-3. -3.]
 [-3. -3.]
 [-3. -3.]
 [-3. -3.]
 [-3. -3.]
 [-3. -3.]
 [-3. -3.]
 [-3. -3.]
 [-3. -3.]
 [-3. -3.]
 [-3. -3.]
 [-3. -3.]
 [-3. -3.]
 [-3. -3.]
 [-3. -3.]
 [-3. -3.]
 [-3. -3.]
 [-3. -3.]
 [-3. -3.]
 [-3. -3.]
 [-3. -3.]
 [-3. -3.]
 [-3. -3.]
 [-3. -3.]
 [-3. -3.]
 [-3. -3.]
 [-3. -3.]
 [-3. -3.]
 [-3. -3.]
 [-3. -3.]
 [-3. -3.]
 [-3. -3.]
 [-3. -3.]
 [-3. -3.]
 [-3. -3.]
 [-3. -3.]
 [-3. -3.]
 [-3. -3.]
 [-3. -3.]
 [-3. -3.]
 [-3. -3.]
 [-3. -3.]
 [-3. -3.]
 [-3. -3.]
 [-3. -3.]
 [-3. -3.]
 [-3. -3.]
 [-3. -3.]]
