Baseline:
[1.4899117 1.510517  1.5256177 1.5513004 1.5666078 1.5481981 1.5509105
 1.5443888 1.5668259 1.5801462 1.5867887 1.5556369 1.5342128 1.5459093
 1.5216551 1.5050374 1.5078963 1.5006505 1.5038352 1.493297  1.4950647
 1.503519  1.5007715 1.4995587 1.5246753 1.5111774 1.4998518 1.4953258
 1.5038671 1.5071406 1.513385  1.5044935 1.4924707 1.4691947 1.459821
 1.4547377 1.4467816 1.429887  1.4214566 1.3935206 1.3774061 1.3904996
 1.3471949 1.314188  1.2902951 1.2670449 1.2575028 1.2573317 1.2266994
 1.1869695 1.1798279 1.1791424 1.1746923 1.1645494 1.1479837 1.1222391
 1.1009411 1.0884086 1.0612416 1.0687127 1.0737035 1.0492221 1.124917
 1.1454616 1.1292261 1.0978153 1.104325  1.0917172 1.0799649 1.0743771
 1.069123  1.0543528 1.0650353 1.045152  1.0541255 1.052855  1.0499685
 1.0643653 1.080364  1.1024635 1.1073495 1.1144114 1.1242106 1.1476378
 1.1555703 1.1637073 1.156636  1.1532183 1.1645212 1.1628337 1.1365256
 1.1230614 1.127137  1.1271245 1.1210928 1.1118314 1.1242244 1.1740282
 1.1486244 1.1430871 1.147259  1.1531155 1.1541066 1.1372359 1.1445091
 1.1092476 1.1332084 1.1131719 1.0852625 1.07284   1.0806668 1.0566844
 1.080139  1.0813806 1.081105  1.0911955 1.101567  1.1128635 1.1422248
 1.1454353 1.1639602 1.1968151 1.226402  1.2548391 1.284159  1.2809064
 1.2861338 1.3130159 1.2937084 1.2809489 1.3125384 1.3360059 1.3509312
 1.3542774 1.3222874 1.3161861 1.2840049 1.280364  1.2689457 1.2808352
 1.3047991 1.3298333 1.3414602 1.3566228 1.3658935 1.3818913 1.3909199
 1.3844754 1.3496354 1.3490126 1.3324475 1.3273277 1.3127288 1.3205335
 1.2946453 1.270392  1.250634  1.2491517 1.2201767 1.2232939 1.2241297
 1.2066796 1.1887698 1.190541  1.2047198 1.1988258 1.2081304 1.2588992
 1.2665126 1.2973356 1.2908887 1.3128605 1.2970057 1.308814  1.2889512
 1.287434  1.2565212 1.2580456 1.24683   1.2437396 1.2372676 1.2118552
 1.2438034 1.2555468 1.2578493 1.2464441 1.2322569 1.2370241 1.2074542
 1.2093005 1.2134292 1.1848731 1.2051091 1.1979737 1.2251586 1.2348069
 1.2498102 1.2461612 1.2716503 1.2901186 1.2901186]
Returns:
[9.536065   9.38411288 9.42411227 9.29333029 9.29416666 8.92704472
 8.95566417 8.88988822 8.83512666 8.56876864 8.58870045 8.43695393
 8.35749127 8.35749364 8.23801819 8.11750924 8.07048326 8.09614482
 8.01393794 8.01283359 7.99683476 7.93353922 7.94682579 7.87655089
 7.70621234 7.3216016  7.29537647 7.23220536 7.10235257 6.71695917
 6.65032436 6.64639349 6.48729564 6.36412327 6.34410016 6.33255311
 6.32648577 6.1759036  6.01142611 5.96946628 5.93705304 5.66596139
 5.52432619 5.41883285 5.44135491 5.41091552 5.18944267 5.07349375
 4.77605961 4.76782891 4.74691834 4.649455   4.70474775 4.63280874
 4.56228469 4.34068703 4.38628585 4.42792172 4.346765   4.30403724
 4.30126883 4.1774109  3.94120436 3.784953   3.78933154 3.73403303
 3.717302   3.72687796 3.751274   3.64550196 3.59876971 3.55993812
 3.49852152 3.45386515 3.45858964 3.46366706 3.31211883 3.40724331
 3.47421216 3.49253565 3.49827723 3.62972515 3.76151181 3.74493716
 3.92349956 4.11207862 4.27640514 4.44388652 4.55456351 4.69408712
 4.78029292 4.87374013 4.9938193  5.13772049 4.90367792 4.97107497
 4.74304278 4.28410387 4.21809184 4.27067436 4.09475002 4.01517062
 4.02739793 3.9463228  3.94847788 3.92645378 3.67765522 3.59508332
 3.53514848 3.51304557 3.45201736 3.36904318 3.06496051 3.01930891
 3.06836472 3.05997972 3.10942504 3.13306774 3.11634592 3.15198818
 3.2235996  3.21155782 3.25495396 3.2195967  3.21612071 3.09355741
 3.09946538 3.08282237 3.07257663 3.02440166 2.99958313 2.9959339
 2.98829725 3.05043732 2.99912241 2.92838955 2.91306503 2.96635059
 3.04581256 2.97194991 2.96127257 2.92571874 3.00061341 3.056669
 3.13306332 3.15693216 3.20738471 3.23228218 3.15469512 3.22641294
 3.20220909 2.83038777 2.77104594 2.68591627 2.6821742  2.58405416
 2.64056637 2.30135769 2.2567895  2.18214922 2.15756798 2.19866828
 2.26902564 2.32167195 2.35901901 2.41408301 2.40071432 2.42746106
 2.24876533 2.05380958 2.02563509 1.90909765 1.91114737 1.87468928
 1.88962322 1.88466639 1.75880822 1.794144   1.79250231 1.83938851
 1.88501002 1.78459966 1.621061   1.61026588 1.63044456 1.63055891
 1.58981257 1.23952294 1.07997054 1.0926465  1.06095022 0.8982691
 0.78088851 0.67292676 0.47378707 0.46038728 0.41649397 0.3768155
 0.23805283 0.16897714]
Advants:
[5.54979104 5.40808867 5.4672411  5.34310905 5.36327734 5.04137058
 5.09716757 5.06851698 5.02214146 4.76726215 4.80787409 4.71319962
 4.68149447 4.69801545 4.63046785 4.55339456 4.53106929 4.59490183
 4.54042884 4.58370684 4.60211801 4.56740878 4.62413466 4.59709506
 4.44119692 4.10153319 4.12030113 4.09637763 3.99138279 3.6269398
 3.57809395 3.6092888  3.48613407 3.40910628 3.42294387 3.44285333
 3.47342027 3.36671938 3.23513172 3.24721717 3.25874783 2.99597357
 2.91783667 2.86502238 2.93422064 2.95153336 2.75963714 2.66201966
 2.40667378 2.45157881 2.45193206 2.36748626 2.44245942 2.39527991
 2.35551427 2.16900569 2.24811211 2.31720546 2.27774235 2.24175503
 2.24917803 2.16320357 1.85619947 1.67925019 1.70033528 1.67621988
 1.65201327 1.67383513 1.71070864 1.6082129  1.56294344 1.53402379
 1.45442245 1.42074211 1.40669531 1.40260738 1.23802301 1.30396823
 1.34047312 1.32088285 1.30460337 1.41424173 1.52399789 1.46948558
 1.6296463  1.80430795 1.97473378 2.14986387 2.25690277 2.41079898
 2.54055831 2.66949078 2.81297931 2.99116984 2.79330421 2.90504669
 2.69525838 2.20402815 2.18116819 2.26034589 2.09753132 2.02820693
 2.05727471 2.01043512 2.02400273 2.05792704 1.79918101 1.74991854
 1.73130628 1.73588243 1.68036888 1.63403062 1.31009461 1.26565934
 1.31918359 1.30468688 1.34928678 1.36801163 1.32742543 1.36682533
 1.42911536 1.39281774 1.41638553 1.36120825 1.33674912 1.22279525
 1.22931026 1.19077026 1.20552207 1.17518615 1.12254581 1.09867897
 1.07894603 1.14262826 1.12801038 1.06648807 1.08724013 1.15015441
 1.25034342 1.17204074 1.1444122  1.0895604  1.16100962 1.21204587
 1.29225285 1.31456522 1.37294178 1.42365003 1.40059687 1.49654632
 1.51429141 1.16379482 1.13525349 1.05702657 1.09581804 1.03773013
 1.13348206 0.80645177 0.80198367 0.73389412 0.71818249 0.7890759
 0.8934674  0.96341388 1.00799486 1.09407475 1.09796248 1.10202097
 0.94042235 0.73447624 0.73359886 0.61343228 0.65179577 0.62423834
 0.68258434 0.70459371 0.63432866 0.69596886 0.73603825 0.82065362
 0.91194802 0.87717073 0.71928485 0.73685333 0.79880596 0.8585131
 0.88342503 0.57324291 0.48793767 0.54758549 0.56362928 0.48164345
 0.39635156 0.34918889 0.17409973 0.20593885 0.20478362 0.23029999
 0.12775709 0.10447121]
Mus:
[[-1.58003159e-02 -5.31743607e-03]
 [-1.71599649e-02 -6.51610550e-03]
 [-1.70603096e-02 -6.58575865e-03]
 [-1.54801849e-02 -5.50264353e-03]
 [-1.52163832e-02 -5.22454781e-03]
 [-1.40033150e-02 -3.89477937e-03]
 [-1.42768575e-02 -3.91783286e-03]
 [-1.43175004e-02 -3.52581497e-03]
 [-1.44763775e-02 -3.50855035e-03]
 [-1.44638289e-02 -2.72315904e-03]
 [-1.46738812e-02 -2.70905881e-03]
 [-1.46758053e-02 -2.92033725e-03]
 [-1.50341783e-02 -3.38640995e-03]
 [-1.50287235e-02 -3.37553397e-03]
 [-1.57330111e-02 -4.13203984e-03]
 [-1.47763239e-02 -3.51777882e-03]
 [-1.47912037e-02 -3.36894416e-03]
 [-1.48388576e-02 -3.60247563e-03]
 [-1.48474695e-02 -3.37905856e-03]
 [-1.50000835e-02 -3.84176755e-03]
 [-1.53903542e-02 -4.10734303e-03]
 [-1.57520697e-02 -4.14674636e-03]
 [-1.61470417e-02 -4.58445912e-03]
 [-1.59983095e-02 -4.30097710e-03]
 [-1.62135288e-02 -4.31729900e-03]
 [-1.63642522e-02 -3.74741154e-03]
 [-1.64920930e-02 -4.18285746e-03]
 [-1.69379488e-02 -4.82997391e-03]
 [-1.71073209e-02 -4.62255860e-03]
 [-1.80317368e-02 -4.39954409e-03]
 [-1.86059009e-02 -4.47102683e-03]
 [-1.89576689e-02 -4.80807805e-03]
 [-1.86142419e-02 -5.33411745e-03]
 [-1.90564636e-02 -5.58224274e-03]
 [-2.00439114e-02 -5.94345201e-03]
 [-2.09326874e-02 -6.43820921e-03]
 [-2.18816530e-02 -6.82604546e-03]
 [-2.28269305e-02 -7.07679801e-03]
 [-2.40773149e-02 -8.05321336e-03]
 [-2.41971649e-02 -8.44916143e-03]
 [-2.50941254e-02 -8.77815392e-03]
 [-2.70637460e-02 -9.02750529e-03]
 [-2.59311683e-02 -8.98746680e-03]
 [-2.59581581e-02 -8.92461557e-03]
 [-2.70515271e-02 -9.42937378e-03]
 [-2.80031357e-02 -9.60879121e-03]
 [-2.93933246e-02 -9.51832999e-03]
 [-3.17484327e-02 -1.03145977e-02]
 [-3.09727415e-02 -9.47309472e-03]
 [-2.88321692e-02 -8.85109697e-03]
 [-2.92730741e-02 -8.65214877e-03]
 [-2.87796017e-02 -8.65174457e-03]
 [-2.83491109e-02 -8.46224651e-03]
 [-2.97909360e-02 -9.43670142e-03]
 [-3.38161960e-02 -1.14071881e-02]
 [-2.80265808e-02 -9.02921800e-03]
 [-2.68585030e-02 -8.64997599e-03]
 [-2.56240144e-02 -8.07050243e-03]
 [-2.16987263e-02 -6.41897041e-03]
 [-2.44448110e-02 -7.67085794e-03]
 [-2.55789198e-02 -8.20946693e-03]
 [-1.94980241e-02 -5.81236044e-03]
 [-3.54256965e-02 -1.33595522e-02]
 [-3.90839912e-02 -1.55111169e-02]
 [-3.79397459e-02 -1.56621411e-02]
 [-3.43791284e-02 -1.48369195e-02]
 [-3.41531634e-02 -1.54440012e-02]
 [-3.07774749e-02 -1.44269718e-02]
 [-2.69135479e-02 -1.31890811e-02]
 [-2.32862234e-02 -1.20457951e-02]
 [-1.79068130e-02 -9.70079657e-03]
 [-1.44119002e-02 -8.60168133e-03]
 [-1.32441977e-02 -8.36055353e-03]
 [-8.51125736e-03 -6.01049326e-03]
 [-5.13000321e-03 -4.25254973e-03]
 [-3.05997179e-04 -1.91536068e-03]
 [-1.73813081e-03 -3.10450443e-03]
 [ 6.07399234e-05 -2.24277168e-03]
 [ 1.16128684e-03 -1.67319365e-03]
 [ 3.50606570e-04 -2.14034948e-03]
 [ 1.85758201e-03 -9.71720263e-04]
 [ 2.11412855e-03 -4.91488841e-04]
 [ 1.99252903e-03 -1.24354250e-04]
 [ 5.93309116e-04 -6.41729799e-04]
 [-7.71227758e-04 -7.79688125e-04]
 [-2.61515239e-03 -1.09099608e-03]
 [-3.79989343e-03 -1.36029487e-03]
 [-4.62748576e-03 -1.36850728e-03]
 [-6.90260949e-03 -2.07396527e-03]
 [-9.69366822e-03 -3.23703210e-03]
 [-1.08515890e-02 -3.56643368e-03]
 [-1.19379852e-02 -3.69149935e-03]
 [-1.60830338e-02 -5.44126472e-03]
 [-1.93987750e-02 -6.70102891e-03]
 [-1.76210031e-02 -5.43689495e-03]
 [-1.76414866e-02 -5.27830189e-03]
 [-2.72122622e-02 -9.45673883e-03]
 [-3.76497060e-02 -1.36904335e-02]
 [-4.30685543e-02 -1.64608881e-02]
 [-4.61621508e-02 -1.80384703e-02]
 [-4.63527367e-02 -1.77969653e-02]
 [-5.04867435e-02 -2.00670753e-02]
 [-5.28192669e-02 -2.15223413e-02]
 [-4.92745340e-02 -1.99429207e-02]
 [-4.90826853e-02 -2.01809425e-02]
 [-4.47349250e-02 -1.86643768e-02]
 [-4.68677618e-02 -2.04225145e-02]
 [-4.18714732e-02 -1.83104593e-02]
 [-4.02134992e-02 -1.86298937e-02]
 [-3.67771275e-02 -1.78018250e-02]
 [-3.28979529e-02 -1.69221014e-02]
 [-2.54625734e-02 -1.38202840e-02]
 [-2.34818794e-02 -1.36488117e-02]
 [-1.85477901e-02 -1.12747196e-02]
 [-1.56026073e-02 -1.01118321e-02]
 [-1.26279481e-02 -8.43708776e-03]
 [-1.14696901e-02 -8.12446699e-03]
 [-7.46895326e-03 -6.04997482e-03]
 [-6.53260853e-03 -5.61135542e-03]
 [-2.88493815e-03 -3.87652847e-03]
 [-9.60604870e-04 -2.80097732e-03]
 [ 2.51113408e-04 -1.68213074e-03]
 [ 3.77164135e-04 -1.37791247e-03]
 [ 1.17811421e-03 -2.58887652e-04]
 [ 6.76637806e-04  8.97974096e-05]
 [ 1.48416276e-03  1.00082671e-03]
 [ 8.66908522e-04  4.47751983e-04]
 [ 3.57559242e-04  3.71305650e-04]
 [ 6.32809475e-04  4.76229499e-04]
 [ 2.52331345e-04 -5.00863825e-04]
 [-5.00102877e-04 -6.74332026e-04]
 [-7.56497553e-04 -2.28667981e-04]
 [-1.09882362e-03  7.50225081e-05]
 [-1.33847946e-03  3.51677263e-05]
 [-7.10938184e-04 -2.34327435e-05]
 [-7.57123271e-05  6.68256776e-04]
 [ 8.17379041e-04  8.23462382e-04]
 [ 1.07907550e-03  8.53454461e-04]
 [ 1.49422581e-03  7.99262198e-04]
 [ 5.40248875e-04  3.41261584e-05]
 [-4.45528101e-04 -4.33513371e-04]
 [-3.46509565e-04  2.08389873e-04]
 [-6.74828771e-04  1.54657799e-04]
 [-1.30668329e-03 -9.86028972e-05]
 [-1.66073814e-03 -1.94711305e-04]
 [-1.60293502e-03  1.49427084e-04]
 [-2.56348238e-03 -5.17844572e-04]
 [-2.33452069e-03 -3.20510764e-04]
 [-2.11396930e-03 -6.99465338e-04]
 [-2.32140021e-03 -1.07776234e-03]
 [-2.08675349e-03 -9.04534827e-04]
 [-1.59751112e-03  1.27984196e-04]
 [-2.39100744e-04  9.61913727e-04]
 [-7.80122995e-04  8.42984766e-04]
 [-4.87418729e-04  5.59136271e-04]
 [ 9.15337005e-04  1.26906857e-03]
 [ 2.05221539e-03  1.71337253e-03]
 [ 4.73183393e-03  3.56701482e-03]
 [ 6.42244378e-03  4.46778024e-03]
 [ 8.97658709e-03  5.83462371e-03]
 [ 1.15057239e-02  7.34663056e-03]
 [ 1.32125812e-02  7.86734186e-03]
 [ 1.42128691e-02  8.25906452e-03]
 [ 1.55251333e-02  8.73311330e-03]
 [ 1.66942477e-02  9.53640044e-03]
 [ 1.64401717e-02  9.43156239e-03]
 [ 1.70654189e-02  1.01953000e-02]
 [ 1.82434861e-02  9.27006267e-03]
 [ 1.71345901e-02  8.58979579e-03]
 [ 1.83071662e-02  9.25009605e-03]
 [ 1.61534119e-02  7.82077014e-03]
 [ 1.81221813e-02  9.15769115e-03]
 [ 1.79004781e-02  9.05836280e-03]
 [ 1.91921536e-02  9.95078590e-03]
 [ 1.87669434e-02  9.62942932e-03]
 [ 1.71966720e-02  8.61290563e-03]
 [ 1.68403164e-02  8.39721411e-03]
 [ 1.75803173e-02  8.87226872e-03]
 [ 1.82109401e-02  9.25789215e-03]
 [ 1.86630487e-02  9.50107072e-03]
 [ 1.87740773e-02  9.51549504e-03]
 [ 1.66937113e-02  8.15971009e-03]
 [ 1.88561231e-02  9.51041281e-03]
 [ 1.98448524e-02  1.01042809e-02]
 [ 1.97554715e-02  1.00398203e-02]
 [ 1.85600650e-02  9.15142614e-03]
 [ 1.88220870e-02  9.35380440e-03]
 [ 1.60477664e-02  7.38122081e-03]
 [ 1.34475492e-02  5.86837716e-03]
 [ 1.34576848e-02  5.94986044e-03]
 [ 1.20466668e-02  5.09599363e-03]
 [ 9.64620151e-03  3.90980393e-03]
 [ 8.42362642e-03  3.23619065e-03]
 [ 3.13247321e-03  6.22479129e-04]
 [ 1.36789307e-03 -1.80283198e-04]
 [ 9.62244580e-04 -3.82547114e-05]
 [ 5.31835773e-04  2.30851467e-04]
 [-1.14161998e-03 -2.62803107e-04]
 [-1.64214041e-04  7.18824624e-04]
 [-8.86972703e-04  5.80556982e-04]]
Actions:
[[-1.73429898e-01  4.94900496e-01]
 [ 2.41009151e-02  1.94649781e-01]
 [ 3.46136465e-01  2.62976116e-02]
 [ 1.29981986e-01  1.13844124e-01]
 [ 1.90147840e-01 -5.49632049e-01]
 [-7.98135588e-03  1.01846657e-02]
 [ 8.61488782e-02 -2.34742728e-01]
 [ 1.49272844e-01  2.15744432e-01]
 [ 4.04800827e-01 -1.98852573e-01]
 [-9.06129574e-03  5.96852737e-02]
 [-4.28722698e-01 -1.96828188e-01]
 [-3.73187080e-01 -4.46715825e-02]
 [ 8.44239238e-02  1.27650905e-01]
 [-4.44938958e-01  2.68684496e-02]
 [ 1.23387253e-02 -3.35625234e-01]
 [ 1.32228391e-01 -9.15006321e-02]
 [-1.27669275e-01  1.99000287e-02]
 [ 1.77334321e-01 -1.27085261e-01]
 [-2.50861516e-01  7.61513175e-02]
 [ 2.00878601e-02  6.11680832e-02]
 [ 1.77505331e-01  4.05444628e-02]
 [-1.31594432e-01  1.17493204e-01]
 [ 1.38330516e-01 -1.62757400e-01]
 [ 2.65523054e-01  2.66526367e-01]
 [ 2.04616799e-01 -5.14496343e-01]
 [-2.56520032e-01  2.25914040e-02]
 [-2.46833450e-01  2.11597224e-01]
 [ 2.59433968e-01 -4.29145776e-02]
 [ 3.51465460e-01 -3.83092008e-01]
 [ 1.40589420e-01 -5.85925890e-02]
 [-1.37537815e-01  1.54882768e-02]
 [-3.53960416e-01  3.14790433e-01]
 [-1.72527956e-01 -3.28885688e-01]
 [ 4.11036056e-02 -1.17720362e-01]
 [ 9.11117356e-03  1.17210642e-01]
 [ 1.48985302e-02 -6.40693092e-02]
 [-8.44349777e-03 -3.66128434e-01]
 [-1.27609737e-01  4.30828043e-01]
 [-2.62030017e-01 -1.22714592e-01]
 [ 1.02074802e-02 -1.86920492e-01]
 [ 4.27113782e-01 -5.19370205e-02]
 [-3.64579848e-01 -2.96260470e-01]
 [-2.57953335e-02 -3.30050831e-01]
 [-3.79803376e-02  5.28132326e-03]
 [ 9.29255071e-02 -1.25202470e-01]
 [ 3.95533339e-01 -1.49733537e-01]
 [ 1.31428206e-01  3.34916183e-01]
 [ 1.38172690e-01 -5.30999396e-01]
 [-3.13812503e-01 -1.10011657e-01]
 [ 1.27265282e-01  1.85588078e-01]
 [-1.63895520e-01  3.93521739e-01]
 [-6.00827410e-02  1.57845120e-01]
 [-3.60278024e-01  2.76621341e-01]
 [-3.23008986e-01  2.95323616e-01]
 [-4.01054995e-04 -5.29637995e-01]
 [-1.37010504e-01 -7.47747534e-02]
 [-9.42823865e-03 -1.06537478e-01]
 [-7.62503253e-02 -3.75797759e-01]
 [-2.24659675e-01  2.27876340e-01]
 [-5.78703201e-02  1.53963133e-01]
 [-1.39289848e-01 -3.86898413e-01]
 [-4.43489398e-01  2.90169630e-01]
 [-5.78786721e-02  3.77002162e-01]
 [-1.90664317e-01  1.56442301e-02]
 [-3.26865048e-01 -1.25162279e-01]
 [-1.47126300e-01  1.72924559e-01]
 [-1.20274814e-01 -9.05602576e-02]
 [-1.67193543e-01 -8.20550904e-02]
 [ 2.89961752e-01 -1.05637210e-02]
 [ 1.53175879e-01 -1.82833727e-01]
 [-3.52601913e-01 -3.29227944e-02]
 [ 1.93085082e-01  2.13201624e-01]
 [-2.14367382e-02 -3.26067260e-01]
 [ 1.91794734e-01 -9.25847741e-02]
 [-9.68483833e-03 -2.70365715e-01]
 [-4.73445379e-01  2.19364282e-01]
 [-1.04174996e-01  5.09665263e-02]
 [-2.13874503e-01 -1.43015013e-01]
 [-2.45141204e-01  2.77934331e-01]
 [ 2.82766596e-01 -1.44051564e-01]
 [ 1.41926201e-01 -2.34686667e-02]
 [-2.37216598e-01 -1.13974689e-02]
 [ 2.61916266e-01  3.15287408e-01]
 [-4.44382188e-02  1.35290660e-04]
 [-1.47511858e-02 -1.46109417e-02]
 [-1.76040410e-01 -8.79969682e-02]
 [-1.41015570e-02 -1.04258166e-01]
 [ 1.34729173e-01  1.98655502e-01]
 [-2.51663610e-02  1.82035528e-01]
 [-2.40456896e-01 -2.25575352e-01]
 [-1.65961327e-01 -2.65593223e-01]
 [-3.87369135e-02  1.53509386e-01]
 [-7.15548496e-02 -3.55268171e-03]
 [ 3.90891329e-01 -4.12951069e-01]
 [ 2.72330808e-02 -2.22282415e-01]
 [-2.70638422e-01  5.16913446e-01]
 [ 3.10615584e-01  5.94173035e-01]
 [-4.16909166e-01  9.76387434e-02]
 [-1.43799908e-01  8.78540950e-02]
 [ 3.72145658e-01 -1.80998014e-01]
 [-1.31186725e-01  3.18665869e-01]
 [-5.42676419e-02  1.70289462e-01]
 [ 1.21734893e-01 -3.30610645e-01]
 [ 6.08811661e-02  7.30534533e-02]
 [-1.52313990e-01 -3.11574380e-01]
 [-2.40601782e-02  4.82388474e-01]
 [ 6.22920113e-02 -3.36313606e-01]
 [-3.93565626e-01  8.17908709e-02]
 [-3.82273527e-01  4.17528119e-03]
 [-3.46365020e-01  2.13082821e-01]
 [ 6.63260078e-02 -3.41114892e-01]
 [ 3.23081452e-01  3.54613183e-01]
 [ 1.45707949e-01 -2.30836481e-01]
 [-7.63380114e-02 -5.28886313e-02]
 [ 1.48984179e-01 -1.01781361e-01]
 [-7.00665378e-02  1.40196677e-01]
 [ 1.09929782e-01 -1.58235302e-01]
 [ 1.28137028e-01  2.27207416e-01]
 [-4.30223187e-02 -2.33285741e-01]
 [ 7.35056060e-02 -3.88385324e-02]
 [ 2.82666489e-01 -5.95811283e-03]
 [ 1.60172527e-01  1.39047735e-01]
 [ 2.89143828e-01 -1.69526323e-01]
 [ 2.79834106e-01  6.00747448e-03]
 [ 8.48065809e-02 -4.46035138e-01]
 [-4.72227156e-02  3.08515209e-01]
 [ 2.05229565e-01  2.26651375e-01]
 [-1.64565101e-01 -2.89008137e-01]
 [-3.15417731e-01  2.85394594e-01]
 [ 1.98671259e-01  2.26863700e-01]
 [ 2.39148400e-01 -9.81720765e-02]
 [ 1.99186855e-01 -1.67405991e-01]
 [ 3.99196745e-02 -3.26883893e-02]
 [-3.24930545e-01 -2.23315170e-01]
 [ 3.95668752e-02 -3.73054184e-01]
 [-2.92684842e-01 -1.54786162e-01]
 [-1.72584181e-02  1.16757960e-01]
 [-1.46632140e-01  6.81756397e-02]
 [-2.47902416e-02  4.16623101e-01]
 [ 1.07574781e-01  2.78141431e-01]
 [ 2.89778756e-01 -1.11870802e-01]
 [ 8.07485306e-02  5.15820879e-02]
 [ 8.63393762e-02  1.38379006e-01]
 [ 5.48272849e-02  8.25448634e-03]
 [ 1.90167064e-01 -7.35884721e-02]
 [-1.80202728e-02  2.36466726e-01]
 [-3.36627131e-02 -2.53938086e-01]
 [-3.99856891e-01 -1.68916422e-01]
 [-1.05320809e-01  1.50459272e-01]
 [-1.99389133e-01 -2.89262836e-01]
 [ 7.48602602e-02 -6.31928982e-01]
 [ 2.41602148e-02 -3.31772561e-01]
 [ 1.51488453e-01  3.38731993e-01]
 [-2.86102438e-01  8.50754273e-02]
 [-1.38095784e-01 -3.93604216e-01]
 [-1.05371435e-01 -6.81385895e-02]
 [ 3.24046301e-01 -5.19065849e-01]
 [-7.45673997e-02 -3.18902434e-01]
 [ 2.83832078e-01  1.69982964e-01]
 [ 2.72399580e-01 -5.76721706e-03]
 [-1.66744309e-01  6.32079282e-02]
 [-1.36470897e-01 -3.33169153e-02]
 [-6.52815205e-02  1.15853389e-01]
 [ 1.67216111e-01 -4.00142634e-02]
 [-1.82061582e-01 -4.36222680e-02]
 [ 1.43118213e-01 -2.39595309e-01]
 [ 5.11306117e-02 -1.37673090e-01]
 [-1.61687970e-02 -4.78785073e-01]
 [ 3.78165088e-01  3.04297345e-01]
 [-2.12767021e-01  2.29810020e-01]
 [ 4.00065377e-01 -1.80220906e-02]
 [-9.07996007e-02 -2.02321457e-01]
 [ 2.71801389e-01 -4.52244071e-02]
 [-1.50558428e-01 -1.70488236e-01]
 [-1.11738072e-01  2.24581477e-01]
 [-2.30424592e-01 -3.61137684e-01]
 [ 9.26502138e-02 -8.65608864e-02]
 [-2.96496731e-02 -2.34521936e-01]
 [ 6.10112880e-03 -8.97341465e-02]
 [-5.59538295e-02 -7.56600881e-02]
 [-4.06154672e-01  1.44089516e-02]
 [ 4.21340179e-01  1.01312144e-01]
 [ 1.87844193e-01  2.62166728e-02]
 [ 4.20210478e-02  7.13809410e-02]
 [-1.92002084e-01  1.10491311e-01]
 [-9.77087374e-02 -2.59368836e-01]
 [-2.16730368e-01  5.77273726e-01]
 [-4.24696859e-01 -8.53015232e-02]
 [-1.93871798e-02 -2.95431982e-02]
 [-8.99264754e-02  2.24468327e-01]
 [-4.17648786e-01 -1.82968694e-01]
 [ 5.03624315e-02  3.53647871e-01]
 [-3.02156717e-01  2.25252411e-01]
 [ 1.71983633e-01  4.10170542e-01]
 [ 1.23194282e-01  8.16810168e-03]
 [ 1.38708161e-01 -1.36788532e-01]
 [-9.59914189e-02 -1.95158533e-01]
 [ 3.08052244e-01 -8.03892340e-02]
 [ 1.31529889e-01  6.39637844e-02]
 [-3.53599233e-01  1.68223249e-01]]
States:
[[0.99979853 0.99746808 0.49514157 0.54837421 0.51325972 0.5971705 ]
 [0.99968862 0.99633753 0.49163372 0.55814956 0.46873369 0.72688166]
 [0.99942484 0.9928368  0.48519694 0.58119016 0.47577674 0.77532081]
 ...
 [0.08368972 0.04983632 0.79889982 0.17526604 0.29503077 0.797454  ]
 [0.09982335 0.07037166 0.8212859  0.15423233 0.37841238 0.77242263]
 [0.11113395 0.09146933 0.83557688 0.13490981 0.41483764 0.78571537]]
Logstds:
[[-3. -3.]
 [-3. -3.]
 [-3. -3.]
 [-3. -3.]
 [-3. -3.]
 [-3. -3.]
 [-3. -3.]
 [-3. -3.]
 [-3. -3.]
 [-3. -3.]
 [-3. -3.]
 [-3. -3.]
 [-3. -3.]
 [-3. -3.]
 [-3. -3.]
 [-3. -3.]
 [-3. -3.]
 [-3. -3.]
 [-3. -3.]
 [-3. -3.]
 [-3. -3.]
 [-3. -3.]
 [-3. -3.]
 [-3. -3.]
 [-3. -3.]
 [-3. -3.]
 [-3. -3.]
 [-3. -3.]
 [-3. -3.]
 [-3. -3.]
 [-3. -3.]
 [-3. -3.]
 [-3. -3.]
 [-3. -3.]
 [-3. -3.]
 [-3. -3.]
 [-3. -3.]
 [-3. -3.]
 [-3. -3.]
 [-3. -3.]
 [-3. -3.]
 [-3. -3.]
 [-3. -3.]
 [-3. -3.]
 [-3. -3.]
 [-3. -3.]
 [-3. -3.]
 [-3. -3.]
 [-3. -3.]
 [-3. -3.]
 [-3. -3.]
 [-3. -3.]
 [-3. -3.]
 [-3. -3.]
 [-3. -3.]
 [-3. -3.]
 [-3. -3.]
 [-3. -3.]
 [-3. -3.]
 [-3. -3.]
 [-3. -3.]
 [-3. -3.]
 [-3. -3.]
 [-3. -3.]
 [-3. -3.]
 [-3. -3.]
 [-3. -3.]
 [-3. -3.]
 [-3. -3.]
 [-3. -3.]
 [-3. -3.]
 [-3. -3.]
 [-3. -3.]
 [-3. -3.]
 [-3. -3.]
 [-3. -3.]
 [-3. -3.]
 [-3. -3.]
 [-3. -3.]
 [-3. -3.]
 [-3. -3.]
 [-3. -3.]
 [-3. -3.]
 [-3. -3.]
 [-3. -3.]
 [-3. -3.]
 [-3. -3.]
 [-3. -3.]
 [-3. -3.]
 [-3. -3.]
 [-3. -3.]
 [-3. -3.]
 [-3. -3.]
 [-3. -3.]
 [-3. -3.]
 [-3. -3.]
 [-3. -3.]
 [-3. -3.]
 [-3. -3.]
 [-3. -3.]
 [-3. -3.]
 [-3. -3.]
 [-3. -3.]
 [-3. -3.]
 [-3. -3.]
 [-3. -3.]
 [-3. -3.]
 [-3. -3.]
 [-3. -3.]
 [-3. -3.]
 [-3. -3.]
 [-3. -3.]
 [-3. -3.]
 [-3. -3.]
 [-3. -3.]
 [-3. -3.]
 [-3. -3.]
 [-3. -3.]
 [-3. -3.]
 [-3. -3.]
 [-3. -3.]
 [-3. -3.]
 [-3. -3.]
 [-3. -3.]
 [-3. -3.]
 [-3. -3.]
 [-3. -3.]
 [-3. -3.]
 [-3. -3.]
 [-3. -3.]
 [-3. -3.]
 [-3. -3.]
 [-3. -3.]
 [-3. -3.]
 [-3. -3.]
 [-3. -3.]
 [-3. -3.]
 [-3. -3.]
 [-3. -3.]
 [-3. -3.]
 [-3. -3.]
 [-3. -3.]
 [-3. -3.]
 [-3. -3.]
 [-3. -3.]
 [-3. -3.]
 [-3. -3.]
 [-3. -3.]
 [-3. -3.]
 [-3. -3.]
 [-3. -3.]
 [-3. -3.]
 [-3. -3.]
 [-3. -3.]
 [-3. -3.]
 [-3. -3.]
 [-3. -3.]
 [-3. -3.]
 [-3. -3.]
 [-3. -3.]
 [-3. -3.]
 [-3. -3.]
 [-3. -3.]
 [-3. -3.]
 [-3. -3.]
 [-3. -3.]
 [-3. -3.]
 [-3. -3.]
 [-3. -3.]
 [-3. -3.]
 [-3. -3.]
 [-3. -3.]
 [-3. -3.]
 [-3. -3.]
 [-3. -3.]
 [-3. -3.]
 [-3. -3.]
 [-3. -3.]
 [-3. -3.]
 [-3. -3.]
 [-3. -3.]
 [-3. -3.]
 [-3. -3.]
 [-3. -3.]
 [-3. -3.]
 [-3. -3.]
 [-3. -3.]
 [-3. -3.]
 [-3. -3.]
 [-3. -3.]
 [-3. -3.]
 [-3. -3.]
 [-3. -3.]
 [-3. -3.]
 [-3. -3.]
 [-3. -3.]
 [-3. -3.]
 [-3. -3.]
 [-3. -3.]
 [-3. -3.]]
