Baseline:
[1.5633991 1.5216779 1.5288938 1.5619347 1.5224955 1.5086755 1.5007914
 1.4913812 1.5078725 1.4835635 1.4818705 1.4875594 1.5153931 1.4780276
 1.4376789 1.4274877 1.4284664 1.3901535 1.3649466 1.3668112 1.3530331
 1.3403875 1.3229291 1.3236996 1.335379  1.3208826 1.2851324 1.2831441
 1.2641323 1.2548873 1.2326883 1.1990625 1.2217542 1.193092  1.1996976
 1.2080144 1.2024142 1.1836736 1.1691549 1.1478006 1.1671962 1.1672595
 1.1647776 1.1508245 1.1525819 1.1577781 1.1760733 1.1459804 1.1230072
 1.0955201 1.1307727 1.133644  1.1401873 1.2304965 1.2428248 1.2525436
 1.2227455 1.2170069 1.2302897 1.2420545 1.2420309 1.2222774 1.2211984
 1.2104825 1.1809264 1.1857997 1.1902708 1.1881548 1.1952237 1.1791406
 1.1742226 1.1799709 1.1908731 1.241078  1.2298201 1.2228605 1.2575667
 1.2707814 1.2664653 1.2549919 1.2581071 1.2321514 1.2149824 1.1959318
 1.1988115 1.2102873 1.2214631 1.1827265 1.2155033 1.1939545 1.1366104
 1.1331732 1.1574876 1.1275082 1.0848881 1.0844866 1.0768696 1.0625516
 1.0558084 1.1509649 1.177423  1.185222  1.1996778 1.2345726 1.2439121
 1.2584288 1.2878768 1.2800007 1.2969797 1.270969  1.2918178 1.3026615
 1.294648  1.2917539 1.3035148 1.3382521 1.3685943 1.3827386 1.443813
 1.4537673 1.4671274 1.4833559 1.4955916 1.5147581 1.5385793 1.5685936
 1.580231  1.6098663 1.6152681 1.6321894 1.6233494 1.6142732 1.6239287
 1.6145612 1.6100785 1.605689  1.5976093 1.577147  1.5879862 1.5728172
 1.5603697 1.5401915 1.50124   1.4726397 1.4574062 1.4400418 1.4254974
 1.4033619 1.3940042 1.3804591 1.3987534 1.384138  1.3661005 1.3535792
 1.3529165 1.3499483 1.3360577 1.3417779 1.3396591 1.3369178 1.3227445
 1.3110701 1.309478  1.3315021 1.33173   1.3206013 1.3215336 1.3315892
 1.3147696 1.3142065 1.3108665 1.326347  1.3178627 1.3115345 1.3109765
 1.2976328 1.2809768 1.3020238 1.2609116 1.2739112 1.2871116 1.289164
 1.2792016 1.2790533 1.2951051 1.2737858 1.2856128 1.2873448 1.3010606
 1.3413416 1.3455222 1.3740271 1.3842962 1.4008243 1.4174219 1.4002669
 1.3802356 1.3956609 1.403851  1.4071385 1.4071385]
Returns:
[8.70821191 8.53039347 8.50550086 8.32019461 8.05673287 8.02699475
 7.78242329 7.75352538 7.63032512 7.62073892 7.5702297  7.53682399
 7.39652734 7.30031207 7.05415378 6.9604086  6.89038625 6.72314659
 6.71070429 6.59701644 6.58533214 6.44796261 6.45444603 6.39634573
 6.27677446 6.23655588 6.18652451 6.17717467 6.10065913 6.06384447
 6.11716882 6.09794567 5.69246265 5.52308826 5.40114175 5.17775515
 5.18371467 5.21862843 5.28286661 5.11944295 5.09488951 5.16424416
 5.21823386 5.28891316 5.37506144 5.46189527 5.50263227 5.51816311
 5.56442759 5.46260712 5.44228953 5.46584449 5.53827572 5.49400894
 5.54365752 5.58015025 5.55285673 5.23203579 5.24333562 5.2742302
 5.29131107 5.26943057 5.30176837 5.28152018 5.23439143 5.18714265
 5.23909849 5.05581323 5.09140671 5.1367047  5.19723035 5.21925124
 5.20862262 4.81142187 4.84174483 4.9155202  4.72456079 4.68184599
 4.75893394 4.87300293 4.98247026 4.93892292 4.95102281 5.04209058
 5.1635764  5.24154146 5.15108756 5.07577022 4.88610966 4.93575637
 4.81409755 4.90570799 4.90394166 4.97084283 4.85460256 4.97491038
 5.02712108 5.04250539 5.09028787 5.17289457 5.25603361 5.27374874
 5.24539914 5.11529229 5.20735268 5.22473311 5.14335105 5.23991761
 5.26589198 5.2231187  5.29256204 5.41943773 5.54690977 5.54718233
 5.67268422 5.64687704 5.78762768 5.90012549 5.69714244 5.72833969
 5.78574515 5.66850826 5.55230627 5.56294643 5.4845034  5.46591289
 5.38623579 5.29681713 5.29240025 5.21918568 5.19600852 5.05045397
 4.7749     4.73912513 4.65759462 4.57386738 4.5463328  4.41788638
 4.28223971 4.23289799 4.19982476 4.2034921  4.09748353 4.08704577
 3.86820277 3.86346666 3.68974112 3.63225085 3.49845693 3.55909288
 3.26789492 3.32838736 3.29981767 3.35652087 3.44061172 3.50768503
 3.56660155 3.65066099 3.60200211 3.67236498 3.67319348 3.73758212
 3.8118844  3.76660676 3.84237504 3.91198604 3.71859166 3.75210816
 3.83558537 3.89501184 4.00367078 4.00101313 4.1130043  4.15390778
 4.22307651 4.31087891 4.36480359 4.39722912 4.22690948 4.08411492
 4.13390858 4.20155971 4.25010592 4.19012648 4.15042902 3.84551627
 3.83362017 3.77339302 3.69016959 3.30033944 3.1847158  2.66847114
 2.47640132 2.25699913 2.00118058 1.72455033 1.4076866  1.10798686
 0.74649791 0.33969444]
Advants:
[4.98714181 4.88400312 4.88666765 4.69930268 4.5019733  4.51452995
 4.30142266 4.30692123 4.19002398 4.22993804 4.20694939 4.1946734
 4.05044638 4.0157162  3.82971545 3.76507368 3.71240007 3.59937462
 3.62978984 3.52981787 3.54888415 3.43872099 3.47920448 3.43646378
 3.31865811 3.30673063 3.30697759 3.31515416 3.27273376 3.26067958
 3.35537589 3.39103031 2.97267515 2.83826718 2.71258038 2.47682033
 2.48433529 2.53525984 2.61349013 2.46645549 2.41575889 2.47987086
 2.53246824 2.61551408 2.70079329 2.7859197  2.81284161 2.86473824
 2.94292434 2.87600279 2.8267573  2.8549441  2.93101205 2.80332114
 2.84926737 2.88623    2.89986863 2.58712413 2.58761676 2.6100248
 2.63121576 2.63345747 2.67264865 2.66908796 2.65745198 2.61016041
 2.66435576 2.48486545 2.51609429 2.58230849 2.65502097 2.67968487
 2.66659421 2.21451049 2.25230078 2.33141926 2.09702003 2.0298831
 2.10164265 2.22060184 2.32309907 2.30078009 2.32582425 2.43476363
 2.55575851 2.62689646 2.52716833 2.49151975 2.26321437 2.33024409
 2.25941942 2.35034211 2.31897858 2.41312257 2.3342557  2.45300468
 2.51255546 2.54287591 2.59975865 2.5893787  2.65016725 2.66484756
 2.62588823 2.45995711 2.5442279  2.54886208 2.43652556 2.54256362
 2.55356861 2.53846824 2.59036961 2.71357861 2.86104291 2.87730687
 3.00877849 2.96560272 3.09827398 3.22382874 2.98112299 3.02619348
 3.09745849 2.98940379 2.88456902 2.90139263 2.82347499 2.79978752
 2.73268894 2.63623166 2.65063091 2.5839884  2.59470238 2.48118828
 2.21207848 2.20232535 2.1409678  2.07620301 2.07196097 1.97714595
 1.84042045 1.81578267 1.80486616 1.83998558 1.78308879 1.81283901
 1.61550706 1.63533806 1.47905015 1.44574166 1.31967751 1.39438625
 1.07589464 1.14355957 1.12462444 1.1868713  1.26667394 1.33350903
 1.40508846 1.4845183  1.43772239 1.5128098  1.53042767 1.61168228
 1.69555762 1.63483532 1.71985172 1.81337172 1.62690416 1.65961921
 1.7730605  1.84916965 1.98212517 1.98616778 2.13443967 2.21329655
 2.31949908 2.46335636 2.58246969 2.64686691 2.5711987  2.46868623
 2.56423193 2.69583399 2.8277778  2.84578725 2.87278562 2.67021777
 2.73368882 2.76443547 2.76510125 2.4276074  2.40460504 1.94805561
 1.8351726  1.6890217  1.50560789 1.33469197 1.12478249 0.89423894
 0.6049132  0.26933753]
Mus:
[[-1.77889727e-02 -6.12309435e-03]
 [-1.70438699e-02 -5.79503598e-03]
 [-1.79621689e-02 -6.40207622e-03]
 [-1.88598484e-02 -6.89362222e-03]
 [-1.76280979e-02 -6.13610260e-03]
 [-1.76753998e-02 -6.13672147e-03]
 [-1.84013005e-02 -5.93877770e-03]
 [-1.92613434e-02 -6.35502208e-03]
 [-2.08720621e-02 -7.20804138e-03]
 [-2.13589855e-02 -7.67119927e-03]
 [-2.25328971e-02 -8.48781411e-03]
 [-2.29669642e-02 -8.83389171e-03]
 [-2.30600946e-02 -8.88198894e-03]
 [-2.28354186e-02 -8.90385080e-03]
 [-2.14761067e-02 -8.36577173e-03]
 [-2.19375566e-02 -8.43762513e-03]
 [-2.31209546e-02 -8.89764261e-03]
 [-2.20950171e-02 -8.56979936e-03]
 [-2.24546604e-02 -9.06246807e-03]
 [-2.46286746e-02 -9.91971884e-03]
 [-2.51479242e-02 -1.03094494e-02]
 [-2.52428185e-02 -1.00807091e-02]
 [-2.56264228e-02 -1.02518899e-02]
 [-2.68879272e-02 -1.07081914e-02]
 [-2.89125722e-02 -1.18399411e-02]
 [-2.82293689e-02 -1.13949897e-02]
 [-2.71722600e-02 -1.10442499e-02]
 [-2.81601325e-02 -1.15967654e-02]
 [-2.73882728e-02 -1.10418983e-02]
 [-2.82447785e-02 -1.18176239e-02]
 [-2.74830181e-02 -1.16257276e-02]
 [-2.59556696e-02 -1.09614953e-02]
 [-2.61740685e-02 -1.04843611e-02]
 [-2.49286611e-02 -9.64550115e-03]
 [-2.60834917e-02 -9.68816038e-03]
 [-2.57060248e-02 -8.92440137e-03]
 [-2.58177668e-02 -8.71228520e-03]
 [-2.79920213e-02 -9.84602887e-03]
 [-2.77433954e-02 -9.61054489e-03]
 [-3.12335417e-02 -1.15571413e-02]
 [-3.23231369e-02 -1.18603008e-02]
 [-3.30816731e-02 -1.21805621e-02]
 [-3.25934775e-02 -1.18272314e-02]
 [-3.18135880e-02 -1.14452811e-02]
 [-3.22063416e-02 -1.15740346e-02]
 [-3.32396142e-02 -1.20521029e-02]
 [-3.44254747e-02 -1.25645390e-02]
 [-3.13378535e-02 -1.11441761e-02]
 [-2.83613168e-02 -9.87762678e-03]
 [-2.24945024e-02 -7.33162975e-03]
 [-2.24318020e-02 -7.27823423e-03]
 [-2.18242928e-02 -7.25836027e-03]
 [-2.01484878e-02 -6.73076045e-03]
 [-2.75386218e-02 -1.02923736e-02]
 [-2.85250414e-02 -1.08362483e-02]
 [-2.90126018e-02 -1.11268675e-02]
 [-2.84415632e-02 -1.11019146e-02]
 [-2.41050217e-02 -8.70618131e-03]
 [-2.42482070e-02 -8.79504811e-03]
 [-2.51410250e-02 -9.23308730e-03]
 [-2.73761563e-02 -1.04416749e-02]
 [-2.79421359e-02 -1.10234842e-02]
 [-2.88771205e-02 -1.18568232e-02]
 [-2.57343501e-02 -1.03077181e-02]
 [-2.27872655e-02 -9.22367349e-03]
 [-1.99389476e-02 -7.82761071e-03]
 [-2.06531361e-02 -8.65417998e-03]
 [-2.14061402e-02 -9.46850888e-03]
 [-2.12656148e-02 -9.75480676e-03]
 [-1.85151417e-02 -8.57476797e-03]
 [-1.58507414e-02 -7.44405296e-03]
 [-1.32340863e-02 -6.34302059e-03]
 [-1.42313894e-02 -7.30296783e-03]
 [-1.51462173e-02 -7.74192996e-03]
 [-1.32629098e-02 -6.65253447e-03]
 [-1.22430548e-02 -6.04420621e-03]
 [-1.27437962e-02 -6.01544743e-03]
 [-1.73870400e-02 -8.31338577e-03]
 [-1.82898045e-02 -8.56125541e-03]
 [-1.99800823e-02 -9.38108843e-03]
 [-2.14662701e-02 -1.01774540e-02]
 [-1.85120720e-02 -8.56231432e-03]
 [-1.58812255e-02 -7.11061573e-03]
 [-1.68712512e-02 -7.80013110e-03]
 [-1.63233764e-02 -7.53320102e-03]
 [-1.80015285e-02 -8.53077415e-03]
 [-1.41477231e-02 -6.36004331e-03]
 [-1.20642837e-02 -5.32577652e-03]
 [-1.11388043e-02 -4.41487366e-03]
 [-1.06794480e-02 -3.92472045e-03]
 [-1.07789906e-02 -4.20758314e-03]
 [-1.01912804e-02 -3.77667858e-03]
 [-1.00780269e-02 -3.59791168e-03]
 [-1.05473921e-02 -3.87401367e-03]
 [-8.86099506e-03 -3.34592909e-03]
 [-7.87378754e-03 -3.07225483e-03]
 [-4.28833533e-03 -1.38353207e-03]
 [-1.60271284e-05  2.84618407e-04]
 [ 4.94136568e-03  2.26107729e-03]
 [-1.66919001e-03 -1.84124813e-03]
 [-6.85690483e-03 -4.78802063e-03]
 [-4.72810864e-03 -3.62845091e-03]
 [-8.15385580e-03 -5.52634802e-03]
 [-8.33788980e-03 -5.39241312e-03]
 [-8.00456107e-03 -4.97972500e-03]
 [-6.04550587e-03 -3.71251907e-03]
 [-5.07509895e-03 -2.97631184e-03]
 [-9.13914293e-03 -5.10524120e-03]
 [-1.06620081e-02 -5.76920435e-03]
 [-1.51310805e-02 -8.19987338e-03]
 [-1.37193315e-02 -7.40667665e-03]
 [-1.27411829e-02 -6.99272659e-03]
 [-1.41118327e-02 -8.16882309e-03]
 [-1.47570418e-02 -9.00189392e-03]
 [-1.39197288e-02 -9.04803071e-03]
 [-1.17880311e-02 -8.15316383e-03]
 [-1.00908624e-02 -7.51568424e-03]
 [-8.26776214e-03 -7.08375918e-03]
 [-5.37251681e-03 -5.24348207e-03]
 [-2.43610749e-03 -3.71805788e-03]
 [-9.58299846e-04 -2.86307815e-03]
 [ 8.00065463e-04 -3.25319241e-03]
 [ 2.34572333e-03 -3.43976473e-03]
 [ 4.89537185e-03 -2.72550387e-03]
 [ 6.26226515e-03 -2.29259441e-03]
 [ 7.89904781e-03 -1.33879948e-03]
 [ 8.39072373e-03 -1.05388940e-03]
 [ 9.78401583e-03  1.69216641e-04]
 [ 9.66839958e-03  3.32359166e-04]
 [ 1.07788974e-02  1.45346764e-03]
 [ 1.03027532e-02  1.38213509e-03]
 [ 8.84074997e-03  9.87626612e-04]
 [ 8.98878090e-03  1.82082213e-03]
 [ 8.25481489e-03  1.70965947e-03]
 [ 9.56968591e-03  2.58193957e-03]
 [ 1.15410797e-02  3.69341485e-03]
 [ 1.32131213e-02  4.71730949e-03]
 [ 1.58747844e-02  6.42735232e-03]
 [ 1.60276480e-02  6.30788039e-03]
 [ 1.81563720e-02  7.52175320e-03]
 [ 1.88730173e-02  7.82940164e-03]
 [ 1.94156058e-02  8.15405045e-03]
 [ 1.54255750e-02  6.09003054e-03]
 [ 1.53751718e-02  6.58828160e-03]
 [ 1.89751592e-02  9.00795218e-03]
 [ 1.98982544e-02  9.76465177e-03]
 [ 1.63281243e-02  7.50934938e-03]
 [ 1.72086693e-02  8.45196843e-03]
 [ 1.44806281e-02  6.62491517e-03]
 [ 1.51135530e-02  7.20394962e-03]
 [ 1.99470520e-02  9.97188874e-03]
 [ 1.88430194e-02  9.30500589e-03]
 [ 1.88964512e-02  9.62615479e-03]
 [ 1.72125418e-02  8.75248201e-03]
 [ 1.74685698e-02  8.91728885e-03]
 [ 1.62743013e-02  8.11729208e-03]
 [ 1.49746565e-02  7.70632597e-03]
 [ 1.48502709e-02  7.52402283e-03]
 [ 1.74599625e-02  9.47603025e-03]
 [ 1.83312912e-02  1.01260170e-02]
 [ 1.59733873e-02  8.85082781e-03]
 [ 1.47943608e-02  8.52637924e-03]
 [ 1.51012326e-02  8.90421402e-03]
 [ 1.62884127e-02  9.19644255e-03]
 [ 1.69330128e-02  9.66610387e-03]
 [ 1.47842960e-02  8.56107473e-03]
 [ 1.13836983e-02  6.35209028e-03]
 [ 1.11905457e-02  6.04929589e-03]
 [ 9.22867004e-03  5.60787879e-03]
 [ 1.04402378e-02  6.73908228e-03]
 [ 9.63545125e-03  6.53208746e-03]
 [ 1.06925853e-02  7.06398953e-03]
 [ 8.96421261e-03  6.28433423e-03]
 [ 6.31498173e-03  4.94631939e-03]
 [ 6.85436465e-03  5.54654421e-03]
 [ 4.38173022e-03  4.47462685e-03]
 [ 2.99415737e-03  4.02196171e-03]
 [ 3.88654741e-03  4.73064184e-03]
 [ 2.80688121e-03  4.33239667e-03]
 [ 4.50001564e-03  5.72932744e-03]
 [ 3.67153599e-03  5.59160020e-03]
 [ 3.12151457e-03  5.51392836e-03]
 [ 3.00685293e-03  5.49088325e-03]
 [ 2.59218708e-04  3.94138927e-03]
 [ 7.80153787e-04  4.55922214e-03]
 [-2.47398362e-04  3.54573759e-03]
 [-1.01228757e-03  3.39096738e-03]
 [-1.98868383e-03  2.79182801e-03]
 [-2.90175993e-03  2.69922614e-03]
 [-9.18544084e-03  7.60937064e-06]
 [-1.11432290e-02 -1.01145636e-03]
 [-1.43040409e-02 -1.84784888e-03]
 [-1.54772364e-02 -2.26589199e-03]
 [-1.79751627e-02 -3.37872142e-03]
 [-2.07743961e-02 -4.73208167e-03]
 [-1.91024672e-02 -3.87456687e-03]
 [-1.90497544e-02 -4.27007955e-03]
 [-2.03160495e-02 -4.79781674e-03]
 [-2.04333328e-02 -4.61141393e-03]
 [-2.21361741e-02 -5.97567484e-03]]
Actions:
[[-0.2117988  -0.40128565]
 [-0.01632668  0.17794528]
 [ 0.16562429  0.35834082]
 [-0.10406783 -0.49206498]
 [-0.01661509 -0.14515877]
 [ 0.23018584 -0.32263141]
 [ 0.00318899 -0.07786587]
 [ 0.08330449  0.33425714]
 [-0.22069764 -0.08133338]
 [-0.08566854  0.20036773]
 [ 0.01541126  0.15197539]
 [ 0.18490025  0.23515271]
 [-0.27098506 -0.25990564]
 [-0.23009035 -0.45076777]
 [ 0.11019963 -0.1440345 ]
 [ 0.13241503  0.09260865]
 [-0.17724338 -0.37708807]
 [-0.19883379  0.02719842]
 [ 0.13389722  0.23094042]
 [-0.10601468  0.05798322]
 [ 0.20428341 -0.18449038]
 [-0.02449991 -0.07294079]
 [ 0.11124387  0.14192313]
 [-0.1081132   0.39243062]
 [ 0.07742552 -0.1684036 ]
 [-0.18738374 -0.29496368]
 [-0.06321537  0.19377598]
 [ 0.14492992 -0.24117796]
 [-0.28135518  0.21806346]
 [-0.11470585 -0.10772676]
 [-0.0428526  -0.28603216]
 [ 0.56923004  0.0991373 ]
 [ 0.13139576 -0.40891987]
 [ 0.30960747  0.07537415]
 [ 0.42475907 -0.03487349]
 [ 0.10840422 -0.0384704 ]
 [-0.29240153  0.07478132]
 [-0.01138002 -0.11162949]
 [-0.536797    0.18915401]
 [ 0.10731116  0.19632124]
 [-0.0921895   0.05537677]
 [ 0.05237659 -0.0428018 ]
 [-0.07207329 -0.10428396]
 [-0.0493774   0.04334336]
 [-0.10298858  0.09778264]
 [ 0.012194    0.17905684]
 [-0.00291692 -0.30728566]
 [-0.0888746  -0.27026302]
 [-0.00921544 -0.44988731]
 [ 0.14803612  0.21382172]
 [-0.26618299  0.05581866]
 [-0.10619207  0.0164867 ]
 [ 0.19917415  0.20429411]
 [ 0.03571513  0.08258299]
 [ 0.05959113  0.14088462]
 [-0.31968916 -0.19961821]
 [ 0.48562589 -0.2867862 ]
 [ 0.07085234 -0.17094391]
 [ 0.01513297  0.12423036]
 [-0.24979703  0.09504578]
 [-0.3344217  -0.04173709]
 [-0.15313184  0.15104999]
 [ 0.11972827 -0.22062031]
 [-0.25060719 -0.30442005]
 [ 0.26489215 -0.05342614]
 [-0.2271363  -0.08663091]
 [-0.20792955 -0.49450769]
 [-0.02185313  0.18509197]
 [-0.05112799 -0.19724888]
 [ 0.04789988 -0.09057185]
 [ 0.14221377 -0.1360575 ]
 [-0.12930689  0.29372438]
 [ 0.36135503  0.50951837]
 [ 0.10689508 -0.14935217]
 [ 0.0647517  -0.07891356]
 [ 0.33812851  0.3005041 ]
 [-0.10911976  0.35558833]
 [ 0.05586777  0.01660334]
 [-0.12149297 -0.00396944]
 [-0.06715633  0.08517138]
 [ 0.06059582 -0.40277539]
 [ 0.07970948 -0.31887261]
 [-0.25325488 -0.08183335]
 [ 0.04017944  0.00382446]
 [-0.06263585  0.2212319 ]
 [ 0.37108139 -0.17630726]
 [-0.11698601 -0.46564257]
 [ 0.48051612  0.0882003 ]
 [ 0.05855443 -0.2692706 ]
 [-0.4404593  -0.36845378]
 [ 0.06829179 -0.06025293]
 [ 0.21206698  0.18445895]
 [-0.24041836 -0.20665564]
 [-0.4164047  -0.3679428 ]
 [-0.12701614  0.01232044]
 [ 0.02463845 -0.27338632]
 [-0.26175715 -0.27052898]
 [-0.25190422 -0.18660404]
 [ 0.07522513 -0.02871098]
 [-0.23321934  0.02720469]
 [ 0.19397225 -0.21866248]
 [-0.17920091  0.37415809]
 [ 0.30939633  0.32176616]
 [ 0.17044186  0.07240834]
 [ 0.30589255  0.04384866]
 [ 0.3659952   0.21621344]
 [-0.21097486  0.21042805]
 [ 0.10414632  0.34687201]
 [-0.40309346  0.2862611 ]
 [ 0.21859362 -0.18919083]
 [ 0.10270837 -0.14357258]
 [-0.28705736  0.12210505]
 [-0.29332234  0.3385681 ]
 [-0.15761156  0.17996467]
 [ 0.10358725 -0.39858558]
 [ 0.03337727  0.01609856]
 [-0.20891857 -0.09249171]
 [ 0.50674941  0.03663855]
 [ 0.01509996 -0.28113549]
 [ 0.02125467 -0.11858186]
 [-0.33340574  0.3619178 ]
 [-0.36011499  0.2796691 ]
 [-0.21396449  0.11799593]
 [-0.16170456  0.33176841]
 [ 0.06082112 -0.20330375]
 [-0.14624224  0.28759506]
 [ 0.22025173 -0.16312921]
 [-0.09733812  0.01269066]
 [ 0.20649669  0.01837373]
 [-0.15293442  0.01541592]
 [-0.1607841   0.36255761]
 [ 0.22825615 -0.38203947]
 [-0.10962245 -0.05360727]
 [ 0.05485982  0.25270037]
 [ 0.09584726 -0.19334604]
 [ 0.09881237 -0.04650961]
 [ 0.11381811 -0.27640692]
 [ 0.11586789  0.33990759]
 [ 0.16592369 -0.05492159]
 [ 0.0999701   0.14852629]
 [ 0.06255249  0.12996459]
 [-0.39593913  0.02004088]
 [ 0.07233647 -0.2284165 ]
 [ 0.37365711 -0.32064555]
 [ 0.08734823 -0.1861935 ]
 [-0.31511791  0.39958155]
 [ 0.06577356 -0.32349649]
 [-0.18678791  0.45130135]
 [ 0.06187758 -0.12393248]
 [ 0.56959699 -0.09334313]
 [-0.16285712 -0.04054882]
 [-0.03649526 -0.31260741]
 [-0.18296563 -0.02688866]
 [ 0.03860194 -0.02403737]
 [-0.11117125  0.14364773]
 [-0.12590727 -0.18608596]
 [ 0.03347827  0.16025922]
 [ 0.30665588 -0.23689397]
 [ 0.09930958 -0.13915674]
 [-0.28812296  0.20870436]
 [-0.10637073 -0.1913014 ]
 [ 0.04445577 -0.16053742]
 [ 0.14976707  0.33511841]
 [ 0.07964679 -0.11914768]
 [-0.2389787   0.02917598]
 [-0.34214692  0.46980586]
 [ 0.04141532  0.27534379]
 [-0.1232125   0.16809442]
 [ 0.19315011 -0.10833787]
 [-0.03636115 -0.08107572]
 [ 0.1789508   0.25392292]
 [-0.15835921 -0.01756988]
 [-0.21603225  0.23736333]
 [ 0.08503579 -0.20919612]
 [-0.24239223 -0.0512177 ]
 [-0.21453473 -0.20523919]
 [ 0.26101924  0.04034749]
 [-0.42465944 -0.37920792]
 [ 0.33138025 -0.32083221]
 [ 0.11352752  0.03902278]
 [ 0.00726039 -0.05230233]
 [-0.15655723 -0.12794004]
 [-0.28212418  0.22986959]
 [ 0.20327845 -0.16527599]
 [-0.62790782 -0.03402919]
 [ 0.0516974  -0.04460339]
 [-0.27965348 -0.02805379]
 [ 0.13358611 -0.05530847]
 [ 0.18699203  0.4903147 ]
 [-0.16052983  0.08558732]
 [ 0.52596725  0.15090642]
 [ 0.08908657  0.02934397]
 [ 0.05116815  0.17070858]
 [ 0.01712134  0.23771137]
 [-0.00317492 -0.23816224]
 [-0.36577417 -0.05023448]
 [ 0.13150393  0.08383905]
 [ 0.20941776 -0.05295372]
 [-0.30954948  0.23010652]
 [ 0.07531558  0.04248705]]
States:
[[0.99850459 0.99952149 0.54884779 0.47895147 0.51327818 0.5974224 ]
 [0.99881203 0.99909316 0.54458347 0.47102909 0.45900097 0.49227815]
 [0.99933237 0.99817355 0.53582454 0.45890218 0.45586838 0.54098843]
 ...
 [0.86958256 0.28430728 0.85202104 0.97269039 0.32301648 0.57937518]
 [0.88593105 0.28810348 0.83281741 0.97388839 0.38051973 0.56584288]
 [0.90222612 0.28822186 0.81156344 0.97392528 0.3037102  0.62677094]]
Logstds:
[[-3. -3.]
 [-3. -3.]
 [-3. -3.]
 [-3. -3.]
 [-3. -3.]
 [-3. -3.]
 [-3. -3.]
 [-3. -3.]
 [-3. -3.]
 [-3. -3.]
 [-3. -3.]
 [-3. -3.]
 [-3. -3.]
 [-3. -3.]
 [-3. -3.]
 [-3. -3.]
 [-3. -3.]
 [-3. -3.]
 [-3. -3.]
 [-3. -3.]
 [-3. -3.]
 [-3. -3.]
 [-3. -3.]
 [-3. -3.]
 [-3. -3.]
 [-3. -3.]
 [-3. -3.]
 [-3. -3.]
 [-3. -3.]
 [-3. -3.]
 [-3. -3.]
 [-3. -3.]
 [-3. -3.]
 [-3. -3.]
 [-3. -3.]
 [-3. -3.]
 [-3. -3.]
 [-3. -3.]
 [-3. -3.]
 [-3. -3.]
 [-3. -3.]
 [-3. -3.]
 [-3. -3.]
 [-3. -3.]
 [-3. -3.]
 [-3. -3.]
 [-3. -3.]
 [-3. -3.]
 [-3. -3.]
 [-3. -3.]
 [-3. -3.]
 [-3. -3.]
 [-3. -3.]
 [-3. -3.]
 [-3. -3.]
 [-3. -3.]
 [-3. -3.]
 [-3. -3.]
 [-3. -3.]
 [-3. -3.]
 [-3. -3.]
 [-3. -3.]
 [-3. -3.]
 [-3. -3.]
 [-3. -3.]
 [-3. -3.]
 [-3. -3.]
 [-3. -3.]
 [-3. -3.]
 [-3. -3.]
 [-3. -3.]
 [-3. -3.]
 [-3. -3.]
 [-3. -3.]
 [-3. -3.]
 [-3. -3.]
 [-3. -3.]
 [-3. -3.]
 [-3. -3.]
 [-3. -3.]
 [-3. -3.]
 [-3. -3.]
 [-3. -3.]
 [-3. -3.]
 [-3. -3.]
 [-3. -3.]
 [-3. -3.]
 [-3. -3.]
 [-3. -3.]
 [-3. -3.]
 [-3. -3.]
 [-3. -3.]
 [-3. -3.]
 [-3. -3.]
 [-3. -3.]
 [-3. -3.]
 [-3. -3.]
 [-3. -3.]
 [-3. -3.]
 [-3. -3.]
 [-3. -3.]
 [-3. -3.]
 [-3. -3.]
 [-3. -3.]
 [-3. -3.]
 [-3. -3.]
 [-3. -3.]
 [-3. -3.]
 [-3. -3.]
 [-3. -3.]
 [-3. -3.]
 [-3. -3.]
 [-3. -3.]
 [-3. -3.]
 [-3. -3.]
 [-3. -3.]
 [-3. -3.]
 [-3. -3.]
 [-3. -3.]
 [-3. -3.]
 [-3. -3.]
 [-3. -3.]
 [-3. -3.]
 [-3. -3.]
 [-3. -3.]
 [-3. -3.]
 [-3. -3.]
 [-3. -3.]
 [-3. -3.]
 [-3. -3.]
 [-3. -3.]
 [-3. -3.]
 [-3. -3.]
 [-3. -3.]
 [-3. -3.]
 [-3. -3.]
 [-3. -3.]
 [-3. -3.]
 [-3. -3.]
 [-3. -3.]
 [-3. -3.]
 [-3. -3.]
 [-3. -3.]
 [-3. -3.]
 [-3. -3.]
 [-3. -3.]
 [-3. -3.]
 [-3. -3.]
 [-3. -3.]
 [-3. -3.]
 [-3. -3.]
 [-3. -3.]
 [-3. -3.]
 [-3. -3.]
 [-3. -3.]
 [-3. -3.]
 [-3. -3.]
 [-3. -3.]
 [-3. -3.]
 [-3. -3.]
 [-3. -3.]
 [-3. -3.]
 [-3. -3.]
 [-3. -3.]
 [-3. -3.]
 [-3. -3.]
 [-3. -3.]
 [-3. -3.]
 [-3. -3.]
 [-3. -3.]
 [-3. -3.]
 [-3. -3.]
 [-3. -3.]
 [-3. -3.]
 [-3. -3.]
 [-3. -3.]
 [-3. -3.]
 [-3. -3.]
 [-3. -3.]
 [-3. -3.]
 [-3. -3.]
 [-3. -3.]
 [-3. -3.]
 [-3. -3.]
 [-3. -3.]
 [-3. -3.]
 [-3. -3.]
 [-3. -3.]
 [-3. -3.]
 [-3. -3.]
 [-3. -3.]
 [-3. -3.]
 [-3. -3.]
 [-3. -3.]
 [-3. -3.]
 [-3. -3.]
 [-3. -3.]
 [-3. -3.]
 [-3. -3.]
 [-3. -3.]]
