Baseline:
[0.48122072 0.47429666 0.46406084 0.45904103 0.46006557 0.47087225
 0.4848088  0.49047193 0.48391762 0.48856339 0.48595729 0.48795512
 0.48654762 0.48879868 0.48994362 0.47393295 0.46835509 0.48084909
 0.4751614  0.46200779 0.46386719 0.46590012 0.47271591 0.47954461
 0.47536835 0.47508577 0.4770948  0.46892202 0.46631366 0.47523335
 0.47198775 0.47404039 0.4723331  0.48024473 0.47473919 0.46790025
 0.45706734 0.46242747 0.45118707 0.42960724 0.41436747 0.3958039
 0.37511531 0.34847859 0.32673404 0.29995769 0.27858308 0.25645664
 0.23734306 0.21516065 0.20319243 0.19217534 0.18117909 0.11856087
 0.11885197 0.12187929 0.13376249 0.1343683  0.13639347 0.14780481
 0.14911738 0.15456946 0.14625119 0.12543157 0.13291769 0.15243517
 0.14778608 0.13444552 0.14335358 0.15267295 0.15763481 0.16717972
 0.16627611 0.19279434 0.20905031 0.24617314 0.26185542 0.2736896
 0.30613908 0.32366779 0.34196666 0.35617241 0.36882627 0.39773345
 0.41043913 0.42720875 0.43515459 0.4380309  0.4552753  0.45168766
 0.44958374 0.44882092 0.46340972 0.47127783 0.46916062 0.46792203
 0.46643901 0.45835939 0.45010337 0.43244174 0.43315411 0.4283087
 0.41785026 0.41140822 0.40682918 0.40065184 0.39586708 0.39210722
 0.38835093 0.37709889 0.36623135 0.35022989 0.33904371 0.32146466
 0.30510148 0.28575656 0.26602048 0.2652747  0.25708982 0.25863633
 0.2514033  0.25358909 0.25436866 0.26402846 0.27595648 0.28948727
 0.30210575 0.31119707 0.32288912 0.33505955 0.3505511  0.35875431
 0.3663508  0.37248093 0.37769189 0.38245296 0.39873773 0.39741853
 0.40960178 0.40825126 0.42673227 0.44246158 0.43748441 0.4476662
 0.46109071 0.47458476 0.47086686 0.47915229 0.49036533 0.48723561
 0.48272988 0.48988178 0.48766455 0.48330119 0.47553042 0.48799396
 0.49110633 0.49376953 0.48699853 0.47747907 0.47048578 0.46366638
 0.45757663 0.44594666 0.44154546 0.43327302 0.42283225 0.        ]
Returns:
[ 1.39287542  1.12633252  0.92041668  0.9811935   1.05051877  0.96117918
  0.84963446  0.85846323  0.81671128  0.85510364  0.90476478  0.93720418
  0.97608152  0.97802994  1.03242959  0.93280637  0.91909242  0.84853155
  0.88174294  0.87570583  0.90131871  0.93257281  0.85795161  0.88437071
  0.91569332  0.92602938  0.94515555  0.78454832  0.65294791  0.38990498
  0.20025266  0.24615439  0.10267091  0.0486064   0.03402547  0.05143245
  0.00948118 -0.07898928 -0.07455194 -0.11049565 -0.08070892 -0.09406231
 -0.53923329 -0.51743136 -0.5268739  -0.50039308 -0.45568152 -0.33654258
 -0.22618279 -0.09154248 -0.03686233 -0.063496   -0.24224595 -0.18098137
 -0.13892678 -0.04507376  0.03781857 -0.23008457 -0.08007153  0.02659858
  0.17563751  0.31090526  0.35232786  0.17875525  0.32066216  0.23941532
  0.37179348  0.18059551  0.30331467  0.02847971  0.15522488  0.29973948
  0.21961175  0.31151776  0.45377429  0.39269392  0.47725554  0.60538864
  0.55837111  0.57366585  0.49177841  0.54946398  0.63066074  0.48165067
  0.55519394  0.55735891  0.62853316  0.72056624  0.6493541   0.73078921
  0.47705352  0.47634572  0.30938399  0.2560442   0.32789819  0.39784549
  0.42442345  0.49939105  0.590148    0.35610604  0.16342087  0.25395803
  0.15652855  0.22918346  0.30334864  0.15661815 -0.19621118 -0.30314053
 -0.31617435 -0.29732756 -0.29600688 -0.26910031 -0.24071129 -0.22762514
 -0.12938506 -0.03364959  0.04801709 -0.15696518 -0.15474489 -0.09740789
 -0.02581478  0.00609585  0.02878872 -0.13100394 -0.14920313 -0.10246683
 -0.01271757  0.07636695  0.18828077  0.19200756  0.21759296  0.27438321
  0.29298353  0.28513361  0.35137153  0.47040576  0.45735034  0.41789321
  0.4629682   0.56452585  0.50993531  0.47799722  0.49013672  0.53657401
  0.5404651   0.38579419  0.43450916  0.35582589  0.21835226  0.22012491
  0.278171    0.05820933 -0.02832608 -0.14970236 -0.329796   -0.33794713
 -0.25116016 -0.20080041 -0.16797649 -0.17311857 -0.30821083 -0.48743271
 -0.43628472 -0.33820397 -0.29595755 -0.19820513 -0.09606087]
Advants:
[ 0.77488341  0.52377947  0.33128774  0.40257921  0.47895527  0.38447494
  0.26126141  0.26698587  0.23347645  0.27009879  0.32710326  0.3636271
  0.41175828  0.41996101  0.4840927   0.40969775  0.41131285  0.33627115
  0.38506907  0.40314776  0.43953193  0.4833635   0.41526285  0.44993158
  0.50289116  0.53278635  0.57135154  0.43747779  0.32463811  0.06179264
 -0.12048544 -0.07079983 -0.21062715 -0.27240517 -0.28154626 -0.25662175
 -0.28796616 -0.38494401 -0.37219677 -0.39018503 -0.34769909 -0.34508475
 -0.78551243 -0.75287931 -0.75734878 -0.72064469 -0.67047779 -0.54211878
 -0.42264689 -0.27182747 -0.20963252 -0.23056488 -0.40927545 -0.29345147
 -0.25914166 -0.17359557 -0.10611963 -0.38676716 -0.24737498 -0.15849799
 -0.01312819  0.11814507  0.17100609  0.01691472  0.15404046  0.05309509
  0.19416383  0.01519146  0.13131254 -0.15912331 -0.04039013  0.09544392
  0.01470756  0.08047659  0.21078778  0.11422522  0.18701525  0.31115489
  0.23773876  0.24200205  0.14576794  0.19488137  0.27165767  0.09717261
  0.16361635  0.15464371  0.22593945  0.32660819  0.24790854  0.34614889
  0.10107828  0.10825508 -0.07118194 -0.13198933 -0.05529571  0.02104612
  0.05557014  0.14819942  0.260673    0.05220775 -0.13858178 -0.03741908
 -0.12080741 -0.03537627  0.05267714 -0.08212082 -0.43468418 -0.54594821
 -0.56429679 -0.54311083 -0.5402178  -0.50606973 -0.47477675 -0.45215091
 -0.34272744 -0.22970888 -0.12740743 -0.33698528 -0.33205467 -0.2804796
 -0.20379009 -0.17546455 -0.15439203 -0.32999769 -0.36773404 -0.3417589
 -0.27008893 -0.19354772 -0.09397236 -0.10337863 -0.09401722 -0.04472233
 -0.03261002 -0.04581953  0.01793102  0.13869402  0.1154891   0.08282955
  0.12268364  0.23632998  0.17265141  0.13370292  0.1608106   0.20902953
  0.21218382  0.05258642  0.11593834  0.03812909 -0.10521641 -0.09436626
 -0.0234254  -0.24845941 -0.33312866 -0.4541415  -0.63613461 -0.66788087
 -0.59369828 -0.55482716 -0.5235849  -0.52813635 -0.66988658 -0.86243528
 -0.82528971 -0.73398965 -0.70587832 -0.61668969 -0.51889312]
Mus:
[[-2.52860226e-02 -1.08837448e-02]
 [-2.57758647e-02 -1.22227157e-02]
 [-2.52315309e-02 -1.12701468e-02]
 [-2.46467814e-02 -1.13897156e-02]
 [-2.41502561e-02 -1.12222591e-02]
 [-2.40463540e-02 -1.09714186e-02]
 [-2.25946307e-02 -1.08042210e-02]
 [-2.18335949e-02 -1.02966866e-02]
 [-2.25786045e-02 -1.00497268e-02]
 [-2.22434178e-02 -9.98424552e-03]
 [-2.24738996e-02 -1.03169763e-02]
 [-2.23368723e-02 -9.99502745e-03]
 [-2.26950496e-02 -9.87692177e-03]
 [-2.28054933e-02 -9.60968807e-03]
 [-2.30301656e-02 -1.00258905e-02]
 [-2.44972296e-02 -1.08575840e-02]
 [-2.47995835e-02 -1.05766663e-02]
 [-2.40332428e-02 -1.07947178e-02]
 [-2.44838353e-02 -1.07916743e-02]
 [-2.47233026e-02 -1.10008679e-02]
 [-2.48130411e-02 -1.09576751e-02]
 [-2.49333791e-02 -1.09134819e-02]
 [-2.41236053e-02 -1.15099940e-02]
 [-2.31946353e-02 -1.13072330e-02]
 [-2.31285319e-02 -1.09968027e-02]
 [-2.24944148e-02 -1.12919444e-02]
 [-2.21144445e-02 -1.15557816e-02]
 [-2.07977984e-02 -1.04021206e-02]
 [-2.08677053e-02 -9.77593195e-03]
 [-1.98242404e-02 -1.04601299e-02]
 [-1.96960717e-02 -1.12624206e-02]
 [-1.77813452e-02 -1.05830189e-02]
 [-1.60891507e-02 -1.08985174e-02]
 [-1.41848428e-02 -1.04577458e-02]
 [-1.17842220e-02 -9.95833054e-03]
 [-8.97119287e-03 -9.06249788e-03]
 [-5.72597794e-03 -7.32589653e-03]
 [-4.77546128e-03 -7.39338063e-03]
 [-3.90283624e-03 -7.28924060e-03]
 [-1.73719763e-03 -5.93463983e-03]
 [-9.64089762e-04 -5.71908522e-03]
 [-6.06845948e-04 -6.10063830e-03]
 [-8.95674981e-04 -7.05941999e-03]
 [ 1.30107545e-03 -6.31310837e-03]
 [ 5.10898605e-03 -4.53042891e-03]
 [ 8.10259674e-03 -3.34581826e-03]
 [ 1.19150747e-02 -1.52020401e-03]
 [ 1.45068122e-02 -3.85045947e-04]
 [ 1.61938928e-02  4.71085223e-04]
 [ 1.56694762e-02  3.14301782e-04]
 [ 1.45812631e-02  1.11855552e-04]
 [ 1.08099459e-02 -1.66346540e-03]
 [ 8.88006948e-03 -2.49636685e-03]
 [ 1.89590473e-02  4.76844842e-03]
 [ 2.05002483e-02  6.09348714e-03]
 [ 1.97469220e-02  5.78030618e-03]
 [ 2.23743264e-02  7.48457387e-03]
 [ 1.85384490e-02  5.13555575e-03]
 [ 1.81605089e-02  5.33508835e-03]
 [ 1.94002818e-02  6.36722054e-03]
 [ 1.75014045e-02  5.60270343e-03]
 [ 1.67844333e-02  5.66812139e-03]
 [ 1.26363887e-02  3.92442103e-03]
 [ 1.20066600e-02  4.58054664e-03]
 [ 1.08721945e-02  4.47195210e-03]
 [ 1.15312804e-02  5.55447349e-03]
 [ 1.03364829e-02  5.35361236e-03]
 [ 1.02293640e-02  6.10122271e-03]
 [ 9.18064732e-03  5.67768840e-03]
 [ 1.10791437e-02  7.66584836e-03]
 [ 1.12632178e-02  7.84499943e-03]
 [ 1.08850487e-02  7.67605053e-03]
 [ 1.17940987e-02  8.14329460e-03]
 [ 9.20812413e-03  7.08646746e-03]
 [ 7.87391327e-03  6.76212972e-03]
 [ 5.32732299e-03  5.89487702e-03]
 [ 3.27276927e-03  4.79595503e-03]
 [ 1.92484749e-03  4.22774814e-03]
 [ 1.36103388e-03  4.51928517e-03]
 [-1.21928495e-03  3.09373997e-03]
 [-7.90497055e-04  3.78343696e-03]
 [-1.46822690e-03  3.63686075e-03]
 [-3.47886281e-03  2.68718344e-03]
 [-5.86764049e-03  1.23871886e-03]
 [-6.97818398e-03  8.58571497e-04]
 [-8.12813174e-03  6.38048979e-04]
 [-9.66964941e-03 -4.35030001e-04]
 [-1.13685504e-02 -1.43544050e-03]
 [-1.26855047e-02 -2.34533870e-03]
 [-1.41585181e-02 -3.15629435e-03]
 [-1.57038309e-02 -3.34865809e-03]
 [-1.82292555e-02 -4.63122223e-03]
 [-2.01275386e-02 -5.33496821e-03]
 [-2.09351406e-02 -5.58753219e-03]
 [-2.23670155e-02 -6.46859081e-03]
 [-2.38385275e-02 -7.20936013e-03]
 [-2.52026208e-02 -7.78953638e-03]
 [-2.72136051e-02 -9.08618513e-03]
 [-2.87828445e-02 -1.01123275e-02]
 [-3.09735537e-02 -1.18954098e-02]
 [-3.29097360e-02 -1.32440384e-02]
 [-3.37655433e-02 -1.39123006e-02]
 [-3.41537148e-02 -1.41482372e-02]
 [-3.52741145e-02 -1.50891226e-02]
 [-3.60203721e-02 -1.59143563e-02]
 [-3.68097611e-02 -1.59170814e-02]
 [-3.90085354e-02 -1.66466311e-02]
 [-4.06276733e-02 -1.75683871e-02]
 [-4.14194763e-02 -1.76887307e-02]
 [-4.13485132e-02 -1.77725442e-02]
 [-4.10038829e-02 -1.74984522e-02]
 [-4.01594639e-02 -1.71410888e-02]
 [-4.06425335e-02 -1.76927075e-02]
 [-3.94376032e-02 -1.71051640e-02]
 [-3.89482901e-02 -1.70764215e-02]
 [-3.83827873e-02 -1.69127062e-02]
 [-3.74956727e-02 -1.67524405e-02]
 [-3.79561931e-02 -1.75570585e-02]
 [-3.65541726e-02 -1.77756399e-02]
 [-3.41997854e-02 -1.69665068e-02]
 [-3.21932733e-02 -1.66795384e-02]
 [-2.97925677e-02 -1.56924743e-02]
 [-2.87913680e-02 -1.59587935e-02]
 [-2.68852096e-02 -1.51000097e-02]
 [-2.58563869e-02 -1.47099169e-02]
 [-2.59125922e-02 -1.50534213e-02]
 [-2.44136173e-02 -1.42979464e-02]
 [-2.37105787e-02 -1.43137062e-02]
 [-2.18412671e-02 -1.34615256e-02]
 [-1.97453685e-02 -1.21678729e-02]
 [-1.90826487e-02 -1.16074234e-02]
 [-1.94318295e-02 -1.22057153e-02]
 [-1.78545360e-02 -1.10052153e-02]
 [-1.64685771e-02 -9.82942712e-03]
 [-1.66390073e-02 -9.51698422e-03]
 [-1.74865369e-02 -1.00583239e-02]
 [-1.84042286e-02 -1.04862163e-02]
 [-1.87832061e-02 -9.85944550e-03]
 [-1.99438240e-02 -1.05746705e-02]
 [-2.10803058e-02 -1.12851774e-02]
 [-2.24422999e-02 -1.18645113e-02]
 [-2.29045954e-02 -1.15725575e-02]
 [-2.43339501e-02 -1.16355233e-02]
 [-2.56612282e-02 -1.26025090e-02]
 [-2.68559419e-02 -1.31893503e-02]
 [-2.72796061e-02 -1.25439623e-02]
 [-2.80973855e-02 -1.24447010e-02]
 [-2.86115501e-02 -1.20163187e-02]
 [-2.95018107e-02 -1.16986064e-02]
 [-3.07048336e-02 -1.14397490e-02]
 [-3.14111263e-02 -1.12190992e-02]
 [-3.21493857e-02 -1.11138737e-02]
 [-3.25239412e-02 -1.05938120e-02]
 [-3.24408077e-02 -9.98622086e-03]
 [-3.17585170e-02 -9.16898064e-03]
 [-3.11342739e-02 -9.01300553e-03]
 [-2.90048048e-02 -8.15084111e-03]
 [-2.52609905e-02 -6.82295160e-03]
 [-2.08722055e-02 -5.08277817e-03]
 [-1.66232139e-02 -3.44157987e-03]
 [-1.20720807e-02 -1.94961438e-03]
 [-8.08078703e-03 -7.14056252e-04]
 [-4.81395889e-03  4.20489727e-04]
 [-2.32383632e-03  1.13085739e-03]
 [ 8.72276651e-05  1.92084885e-03]
 [ 1.54142128e-03  2.41288100e-03]
 [ 2.54528946e-03  2.82044429e-03]]
Actions:
[[-5.68837074e-01  3.31500161e-01]
 [ 5.84893499e-02 -4.98482350e-01]
 [-2.06859233e-01 -1.81667035e-02]
 [ 5.06473601e-02 -2.28539867e-02]
 [ 3.21257964e-01  7.71631713e-02]
 [ 1.86389672e-01  3.56794038e-01]
 [ 1.87802261e-01  2.21752781e-02]
 [ 1.01002825e-02 -2.87832469e-01]
 [ 7.82310009e-02  1.01526842e-01]
 [-1.45338891e-01  5.69845993e-02]
 [ 1.27462998e-01 -5.59501335e-02]
 [ 4.97994490e-02 -1.02515688e-01]
 [ 1.53069228e-01 -6.52744884e-02]
 [-9.28178287e-02  1.50347659e-01]
 [-4.38332619e-01 -1.53996983e-01]
 [ 4.75839783e-02 -2.37063752e-01]
 [ 8.85644861e-02  3.48160156e-01]
 [-5.72275367e-02 -1.58564569e-01]
 [-2.71693930e-01 -2.02005782e-01]
 [ 1.08356388e-01 -1.83627613e-02]
 [ 1.16118569e-01 -1.70945384e-02]
 [-1.85403799e-01  4.02504560e-01]
 [ 1.02253466e-01  1.73452500e-01]
 [-5.14803611e-03 -1.91551159e-01]
 [-1.88421885e-01  2.16949497e-01]
 [-1.11823296e-01  2.19199002e-01]
 [ 5.06635872e-02 -4.47640188e-01]
 [ 2.43470535e-01 -2.74672150e-01]
 [-2.11730534e-01  5.54911456e-01]
 [-4.34948703e-01  3.25991718e-01]
 [-3.61328518e-03  3.48219316e-02]
 [-4.48994615e-01  2.14680393e-01]
 [ 9.83306294e-02  2.39590498e-01]
 [-2.29058617e-01  1.09447242e-01]
 [-8.29953848e-02  7.99891213e-02]
 [ 1.59303326e-01 -1.33715966e-01]
 [ 1.33933253e-02  3.59888544e-01]
 [-1.71653097e-01  9.56969423e-02]
 [ 3.46761500e-02 -2.18675304e-01]
 [-7.70329211e-02  5.69027921e-02]
 [-2.67522682e-01  1.17637825e-01]
 [-3.17065867e-01  6.53270865e-01]
 [-7.98572321e-02  2.31551641e-01]
 [ 2.40297508e-01  2.06327355e-01]
 [-4.53654801e-03  2.73121692e-01]
 [ 2.24773333e-01  1.37641248e-01]
 [ 6.05811769e-02  2.95037366e-02]
 [ 9.15533157e-02  1.33870885e-01]
 [-5.35276651e-02  6.62853228e-02]
 [ 8.31097303e-02 -2.84342712e-01]
 [-3.60485433e-01 -1.72934906e-01]
 [-2.35389835e-01 -5.01094082e-01]
 [ 2.65194412e-01 -1.54438284e-01]
 [ 2.20528763e-02  3.36133124e-01]
 [-1.21638656e-01  2.08047916e-01]
 [ 2.75360339e-01 -7.33494990e-02]
 [-3.68216587e-01  5.13555359e-01]
 [-5.28034395e-03 -4.86310428e-02]
 [ 2.40862109e-01 -3.66019442e-02]
 [-8.29303949e-02  7.83475146e-02]
 [ 9.38268054e-02  1.78775782e-01]
 [-2.84542260e-01  2.01319317e-01]
 [-9.15602949e-02 -5.62141672e-01]
 [ 1.66668372e-01  3.53720609e-02]
 [ 4.93346428e-01 -6.87672780e-02]
 [-6.33290082e-02 -1.59591574e-01]
 [-1.08257852e-01 -5.70890989e-01]
 [ 1.13138495e-01  1.62285019e-01]
 [ 3.66856493e-01 -5.22198592e-01]
 [-8.03406110e-02 -1.06833192e-01]
 [-8.27218053e-02 -2.47088931e-02]
 [-3.35169239e-01 -3.33063271e-01]
 [ 1.40561295e-01  1.96956504e-01]
 [ 2.15773119e-02 -9.75297777e-02]
 [ 3.83362591e-01  2.52656393e-01]
 [-2.13963003e-01  1.43751639e-01]
 [-1.50838537e-01 -5.03675634e-02]
 [ 4.18726865e-01 -4.44655337e-02]
 [-2.15022237e-01  2.91494704e-01]
 [ 1.84334763e-01 -3.91302894e-01]
 [-1.03478271e-01 -2.20299191e-01]
 [-2.10521960e-01 -9.64616508e-03]
 [ 3.08053725e-02  5.25848180e-01]
 [ 6.51064526e-02 -1.00054768e-01]
 [ 1.90072525e-01 -1.76104582e-01]
 [-1.54879052e-01  1.88883030e-01]
 [-1.83904561e-01  5.48958740e-02]
 [ 1.47472154e-01  3.80632219e-01]
 [-2.10527875e-01 -3.11573776e-03]
 [-1.01702185e-01 -5.48773101e-01]
 [-3.10767476e-01 -1.11699397e-01]
 [ 4.10074322e-01  1.33600712e-01]
 [ 2.78647345e-01 -3.30876322e-02]
 [-1.26712805e-01  4.11287416e-02]
 [-1.13223678e-02 -4.08962669e-02]
 [ 6.55040455e-02 -1.45410054e-01]
 [-1.87498632e-01  1.20104051e-01]
 [-1.58431265e-01 -5.33981214e-03]
 [-6.28097182e-01  8.44518522e-02]
 [ 1.81222330e-01  4.89584433e-01]
 [-1.14200758e-01  2.00073346e-02]
 [-2.28922502e-01 -3.69137713e-01]
 [-1.30210108e-01  1.06929953e-01]
 [-1.84916919e-01  8.93209324e-02]
 [ 2.08833586e-02 -4.25244405e-01]
 [ 5.54267126e-01  7.90685810e-02]
 [ 2.04953036e-01  3.07301872e-01]
 [ 1.92231633e-01 -5.87487849e-02]
 [-2.38609093e-01 -1.53523142e-01]
 [-1.83519292e-02 -2.49421831e-01]
 [-7.36062776e-02 -2.12737603e-01]
 [-1.14168476e-01  1.79295975e-01]
 [ 1.15716741e-01 -1.64918151e-01]
 [-1.25956497e-01 -3.01630291e-02]
 [-3.34455879e-02 -7.62909440e-02]
 [-2.21752592e-01 -9.20822236e-02]
 [ 8.95030459e-02  5.22293174e-01]
 [-2.79306558e-01  2.19718274e-01]
 [ 1.71045364e-01  5.71616303e-02]
 [-2.37607680e-01  7.65792306e-02]
 [ 2.30065835e-01  3.74841972e-02]
 [-1.75443116e-01  2.63506863e-01]
 [ 4.22598029e-01  1.66132389e-01]
 [ 2.23953382e-01  2.20375306e-01]
 [-3.70829381e-02  2.45683321e-01]
 [ 1.23390827e-01 -8.31090997e-03]
 [-1.94121213e-01  8.86550015e-02]
 [ 8.51366407e-02 -3.01959420e-04]
 [ 2.83040448e-01 -8.67497266e-02]
 [ 2.66657487e-01  3.63466125e-02]
 [-2.12956401e-01  1.94092606e-01]
 [ 1.90397996e-01 -2.23051916e-01]
 [ 1.89176051e-01 -2.73432623e-01]
 [ 1.29916707e-01 -1.27187480e-01]
 [-1.38584729e-02  1.25436783e-01]
 [ 2.23209342e-01  2.45844198e-01]
 [ 1.41157334e-01 -3.54641536e-01]
 [ 7.44198197e-02  2.23689572e-01]
 [-2.31035669e-01  7.80661777e-03]
 [ 2.52717761e-01  2.78864712e-01]
 [ 3.15970885e-01 -4.66464672e-02]
 [ 2.39290856e-02 -2.99721159e-01]
 [-1.26579918e-01  2.53870248e-01]
 [ 9.09866375e-02  2.74412964e-01]
 [ 3.76644070e-01 -2.06600780e-01]
 [-8.97337959e-03 -2.26867212e-01]
 [ 3.06902871e-01 -5.44109043e-02]
 [ 3.93018323e-01  2.99945463e-02]
 [ 5.00739709e-02 -2.18771777e-01]
 [-8.79071313e-02 -1.47857816e-01]
 [ 4.66648938e-01  2.03731803e-02]
 [ 1.05567080e-01 -3.35211000e-01]
 [ 1.22226230e-01 -3.54409352e-01]
 [ 2.59331138e-01 -3.35474483e-01]
 [-2.57010557e-01  2.30170114e-01]
 [-3.49058209e-03 -4.34027588e-02]
 [ 1.79056607e-01  9.65462257e-02]
 [-1.41320159e-01 -2.56694947e-01]
 [ 2.33070170e-01 -2.25115679e-01]
 [ 3.73403749e-01  3.09915301e-01]
 [-3.85001056e-01  3.90137177e-01]
 [-2.61636407e-01  5.29843762e-02]
 [-1.57880221e-01  3.33207883e-02]
 [ 1.85827223e-01  2.19198825e-01]
 [-3.32943754e-02 -1.62030123e-01]
 [-6.82109778e-05 -1.67369133e-01]
 [ 3.94945646e-02  2.15538177e-01]]
States:
[[0.99879371 0.99942324 0.47428449 0.52310935 0.51318878 0.59694103]
 [0.99787921 0.99904992 0.46280562 0.52965456 0.36727691 0.68387621]
 [0.99548404 0.99884338 0.44141184 0.53271633 0.38521406 0.55152035]
 ...
 [0.02155935 0.59792721 0.67357654 0.01653851 1.         0.57045401]
 [0.00266846 0.59038303 0.5992952  0.01474875 0.99251831 0.52854143]
 [0.         0.57609875 0.52516721 0.01165183 0.98303207 0.48605659]]
Logstds:
[[-3. -3.]
 [-3. -3.]
 [-3. -3.]
 [-3. -3.]
 [-3. -3.]
 [-3. -3.]
 [-3. -3.]
 [-3. -3.]
 [-3. -3.]
 [-3. -3.]
 [-3. -3.]
 [-3. -3.]
 [-3. -3.]
 [-3. -3.]
 [-3. -3.]
 [-3. -3.]
 [-3. -3.]
 [-3. -3.]
 [-3. -3.]
 [-3. -3.]
 [-3. -3.]
 [-3. -3.]
 [-3. -3.]
 [-3. -3.]
 [-3. -3.]
 [-3. -3.]
 [-3. -3.]
 [-3. -3.]
 [-3. -3.]
 [-3. -3.]
 [-3. -3.]
 [-3. -3.]
 [-3. -3.]
 [-3. -3.]
 [-3. -3.]
 [-3. -3.]
 [-3. -3.]
 [-3. -3.]
 [-3. -3.]
 [-3. -3.]
 [-3. -3.]
 [-3. -3.]
 [-3. -3.]
 [-3. -3.]
 [-3. -3.]
 [-3. -3.]
 [-3. -3.]
 [-3. -3.]
 [-3. -3.]
 [-3. -3.]
 [-3. -3.]
 [-3. -3.]
 [-3. -3.]
 [-3. -3.]
 [-3. -3.]
 [-3. -3.]
 [-3. -3.]
 [-3. -3.]
 [-3. -3.]
 [-3. -3.]
 [-3. -3.]
 [-3. -3.]
 [-3. -3.]
 [-3. -3.]
 [-3. -3.]
 [-3. -3.]
 [-3. -3.]
 [-3. -3.]
 [-3. -3.]
 [-3. -3.]
 [-3. -3.]
 [-3. -3.]
 [-3. -3.]
 [-3. -3.]
 [-3. -3.]
 [-3. -3.]
 [-3. -3.]
 [-3. -3.]
 [-3. -3.]
 [-3. -3.]
 [-3. -3.]
 [-3. -3.]
 [-3. -3.]
 [-3. -3.]
 [-3. -3.]
 [-3. -3.]
 [-3. -3.]
 [-3. -3.]
 [-3. -3.]
 [-3. -3.]
 [-3. -3.]
 [-3. -3.]
 [-3. -3.]
 [-3. -3.]
 [-3. -3.]
 [-3. -3.]
 [-3. -3.]
 [-3. -3.]
 [-3. -3.]
 [-3. -3.]
 [-3. -3.]
 [-3. -3.]
 [-3. -3.]
 [-3. -3.]
 [-3. -3.]
 [-3. -3.]
 [-3. -3.]
 [-3. -3.]
 [-3. -3.]
 [-3. -3.]
 [-3. -3.]
 [-3. -3.]
 [-3. -3.]
 [-3. -3.]
 [-3. -3.]
 [-3. -3.]
 [-3. -3.]
 [-3. -3.]
 [-3. -3.]
 [-3. -3.]
 [-3. -3.]
 [-3. -3.]
 [-3. -3.]
 [-3. -3.]
 [-3. -3.]
 [-3. -3.]
 [-3. -3.]
 [-3. -3.]
 [-3. -3.]
 [-3. -3.]
 [-3. -3.]
 [-3. -3.]
 [-3. -3.]
 [-3. -3.]
 [-3. -3.]
 [-3. -3.]
 [-3. -3.]
 [-3. -3.]
 [-3. -3.]
 [-3. -3.]
 [-3. -3.]
 [-3. -3.]
 [-3. -3.]
 [-3. -3.]
 [-3. -3.]
 [-3. -3.]
 [-3. -3.]
 [-3. -3.]
 [-3. -3.]
 [-3. -3.]
 [-3. -3.]
 [-3. -3.]
 [-3. -3.]
 [-3. -3.]
 [-3. -3.]
 [-3. -3.]
 [-3. -3.]
 [-3. -3.]
 [-3. -3.]
 [-3. -3.]
 [-3. -3.]
 [-3. -3.]
 [-3. -3.]
 [-3. -3.]
 [-3. -3.]
 [-3. -3.]
 [-3. -3.]]
