Baseline:
[1.3037969  1.3412473  1.3454458  1.3528528  1.3520035  1.360841
 1.3673681  1.3932494  1.4008602  1.4107018  1.4096208  1.4125243
 1.405421   1.4103935  1.3928398  1.3875332  1.3965864  1.3878777
 1.3905364  1.3900197  1.3806648  1.3697791  1.3541636  1.3188301
 1.2938057  1.2762752  1.2708788  1.2491267  1.2368948  1.2165565
 1.2009541  1.1717067  1.1585269  1.1485407  1.1449015  1.1223774
 1.1218764  1.0868332  1.0713484  1.067203   1.0534371  1.04782
 1.0286772  1.0525303  1.0666375  1.0494839  1.0480227  1.0655881
 1.0466857  1.0395074  1.0482001  1.0654995  1.0553579  1.0394886
 1.0389667  1.0426474  1.0431274  1.0442498  1.0448189  1.0429659
 1.018299   1.0318853  1.034624   1.0207069  1.0364352  1.0266023
 1.032947   1.0604964  1.0706837  1.0651066  1.0520022  1.0929954
 1.0766087  1.0604576  1.069305   1.0565754  1.0699898  1.0685481
 1.0479692  1.0397984  1.0368629  1.0732789  1.0700943  1.0865445
 1.09765    1.100081   1.0627353  1.0677673  1.0603864  1.0565921
 1.0524507  1.0355916  1.0514411  1.0438943  1.0546604  1.0467046
 1.0615591  1.0477448  1.0350401  1.0391164  1.0400846  1.0389905
 1.0450969  1.0357032  1.0249246  1.0468006  1.0507996  1.0814203
 1.0768759  1.0934515  1.086956   1.0814136  1.0689391  1.0814824
 1.0740709  1.0575931  1.0366178  1.0192189  1.0307462  1.0271103
 1.0040687  0.9778098  0.9485074  0.9322194  0.92014176 0.9211499
 0.92065823 0.9290729  0.946072   0.9609457  0.9688211  0.9757328
 0.98105556 0.9752314  0.9740045  0.9821827  1.0014945  1.0173907
 1.0000188  1.0130587  1.0250252  1.030123   1.0378119  1.0542332
 1.0515959  1.0473573  1.0603039  1.0606815  1.0688616  1.079956
 1.0688007  1.0855029  1.0898213  1.098701   1.0949203  1.0754683
 1.0143411  1.0072007  0.9902636  1.00123    0.99496627 0.98856497
 0.9957291  0.99470323 0.9987751  0.99803245 0.9672475  0.97668445
 0.97622526 0.97067904 0.9687692  0.9667273  0.9700047  0.96374696
 0.9535983  0.9607939  0.9500022  0.9312746  0.93144095 0.929728
 0.9381697  0.94591707 0.9522793  0.9599301  0.9666656  0.9765195
 0.984817   0.99651164 0.99959606 1.0022311  1.008353   0.9851213
 0.9911534  0.98690206 0.99123794 0.9872189  0.97391105 0.99166274
 0.9893652  0.9960076  0.9960076 ]
Returns:
[5.35887093 4.8185107  4.8464807  4.86573718 4.7080206  4.70111782
 4.5159835  4.35137414 4.27756208 4.15660748 4.14341365 3.89293224
 3.78063146 3.7391129  3.63390118 3.58822399 3.39298217 3.37371103
 3.272512   3.21770136 3.18996459 3.1143996  3.13776629 3.04715018
 2.98774001 3.01501547 2.85299105 2.90940906 2.85553143 2.89981068
 2.98338546 3.04009741 3.05370195 3.14399545 3.26644224 3.23354421
 3.21113044 3.399507   3.53652165 3.63718156 3.72922324 3.82055457
 3.79069637 3.74043846 3.69476149 3.74103622 3.77395931 3.79170691
 3.81630216 3.913232   3.9809206  3.99319539 4.04297406 4.04967846
 4.12804681 4.12306192 3.80541052 3.85574941 3.92678535 4.01914446
 3.89729385 3.94549707 4.00505955 4.02795773 4.0787592  4.12772371
 4.22401568 4.14717668 4.1829644  4.26111016 4.32514401 3.92514726
 3.950666   3.89962427 3.98305559 3.77775581 3.81806896 3.57190167
 3.54039521 3.56109024 3.63436474 3.41781618 3.29090886 3.28264109
 3.30317752 3.37390641 3.21927369 3.28065653 3.33234268 3.37366712
 3.26953342 3.19211746 3.20159264 3.25844835 3.25813782 3.31484756
 3.33748978 3.34384152 3.35661173 3.4262484  3.4926561  3.55749053
 3.50360975 3.54313383 3.54055113 3.46608414 3.37550939 3.18076311
 3.19463653 3.07001739 3.03593456 3.06161434 2.89649506 2.69909396
 2.70639296 2.70238426 2.68085693 2.65526199 2.55854346 2.55632892
 2.48802673 2.37357904 2.43053369 2.47215055 2.4582144  2.54916743
 2.39517072 2.48733009 2.55946669 2.5244731  2.61783327 2.74469722
 2.85640705 2.74761777 2.68195848 2.80786569 2.77491021 2.62099103
 2.3442201  2.37925599 2.37171522 2.40284092 2.45271966 2.39371117
 2.33776294 2.40979056 2.34081575 2.31507482 2.31959009 2.29185533
 2.30255088 2.2848182  2.35093295 2.39590488 2.46548374 2.49817404
 2.53483456 2.57730521 2.58668869 2.53977433 2.58097941 2.62586192
 2.62579941 2.61344043 2.61210163 2.45067843 2.29366963 2.22067951
 2.24094597 2.05277867 2.02979446 1.95923232 1.96096758 1.95871916
 1.93528611 1.92715137 1.94754957 1.85230555 1.71991588 1.74264351
 1.80310504 1.71971433 1.79628308 1.89335172 1.94452058 1.7444111
 1.72198256 1.62411152 1.70517882 1.67087132 1.45906116 1.29107797
 1.19211931 1.16526523 1.03198192 0.9477675  0.85272564 0.60503986
 0.52793449 0.36300838]
Advants:
[3.06229985 2.50746178 2.55689812 2.59696513 2.46586756 2.47760543
 2.30983538 2.13937978 2.07718046 1.96320024 1.96896117 1.72713593
 1.63122943 1.59338309 1.51239501 1.47801407 1.27390043 1.26320817
 1.15599741 1.09638577 1.07166453 0.99810551 1.02865726 0.96251618
 0.91528349 0.94753395 0.77243647 0.83298157 0.77092122 0.81538377
 0.89575643 0.96396778 0.97232062 1.05569995 1.16734562 1.14098035
 1.10103626 1.3117985  1.45527873 1.55353789 1.65551411 1.75130308
 1.73899795 1.66086989 1.59487728 1.65353017 1.68379549 1.67951366
 1.71951227 1.82304307 1.88323701 1.87935716 1.94237282 1.96900385
 2.05473704 2.05322918 1.73302607 1.78151671 1.85337513 1.9520111
 1.85662252 1.89425818 1.95611518 1.99953117 2.04285203 2.11241835
 2.21683373 2.12491732 2.16484399 2.26670282 2.36590782 1.93522553
 1.98961279 1.96718804 2.05760658 1.87626406 1.91617888 1.67800942
 1.67385848 1.71097098 1.79848718 1.54996823 1.42724333 1.4028439
 1.41291204 1.4840139  1.3661422  1.42360127 1.48569767 1.5354994
 1.43749658 1.37722554 1.37096442 1.43748151 1.42835703 1.49714102
 1.50963891 1.5355401  1.56802647 1.64322333 1.72114402 1.80265617
 1.75772473 1.82449381 1.85231513 1.77428965 1.69666894 1.4827291
 1.51411712 1.38263061 1.36472531 1.40741988 1.26250395 1.05445355
 1.07167437 1.08725342 1.09005916 1.0852533  0.97733875 0.97916345
 0.93294088 0.84098063 0.92581264 0.98396199 0.98231125 1.07526345
 0.92027438 1.00499861 1.06290442 1.01449894 1.10421391 1.23246657
 1.35115145 1.25834731 1.20294867 1.33412218 1.29482808 1.1338391
 0.87599562 0.90036012 0.88281965 0.91178702 0.95847153 0.88558646
 0.83338815 0.91322059 0.83263549 0.80715941 0.80407822 0.7646816
 0.78659259 0.75115784 0.81378026 0.85188544 0.92969819 0.98828558
 1.09609188 1.15810927 1.19870713 1.15452978 1.2183374  1.28893804
 1.30245029 1.31327214 1.33173641 1.19199519 1.08459061 1.02003663
 1.06079896 0.89427338 0.89001394 0.83762179 0.85353403 0.8766085
 0.88360249 0.88980393 0.94532447 0.89284491 0.78227366 0.83132776
 0.91166662 0.84844129 0.95110971 1.07852034 1.1655572  0.99533295
 1.00678091 0.93959331 1.06597619 1.08041416 0.91149943 0.81546404
 0.76009223 0.79063627 0.70643506 0.68172789 0.65768115 0.44663566
 0.42853967 0.31320792]
Mus:
[[-1.69915222e-02 -5.83130633e-03]
 [-1.84096936e-02 -6.95347507e-03]
 [-1.74568016e-02 -6.36831019e-03]
 [-1.66880861e-02 -5.85953752e-03]
 [-1.54021271e-02 -4.63630212e-03]
 [-1.54104456e-02 -4.42408957e-03]
 [-1.48176746e-02 -3.47347371e-03]
 [-1.50764026e-02 -3.35005787e-03]
 [-1.52932545e-02 -2.88008922e-03]
 [-1.51557587e-02 -2.31806282e-03]
 [-1.45415403e-02 -2.03688839e-03]
 [-1.28631247e-02 -5.90788957e-04]
 [-1.15685863e-02 -2.82170688e-04]
 [-1.03109134e-02  2.04118885e-04]
 [-8.83800443e-03  8.54882586e-04]
 [-8.51987395e-03  7.74984946e-04]
 [-6.68463670e-03  1.83882553e-03]
 [-5.36092371e-03  2.40357569e-03]
 [-3.65607650e-03  3.20849358e-03]
 [-1.03149330e-03  4.29338589e-03]
 [ 3.95418989e-04  4.64764098e-03]
 [ 1.72138587e-03  4.64264862e-03]
 [ 3.86840734e-03  5.18132513e-03]
 [ 4.59756004e-03  5.34940790e-03]
 [ 4.28607455e-03  4.67235222e-03]
 [ 5.35578653e-03  4.85757366e-03]
 [ 8.75974726e-03  6.53204881e-03]
 [ 1.13659352e-02  7.57533824e-03]
 [ 1.59807615e-02  9.66782123e-03]
 [ 1.98395029e-02  1.12767881e-02]
 [ 2.32947581e-02  1.25456750e-02]
 [ 2.46523544e-02  1.25813568e-02]
 [ 2.66912151e-02  1.36887962e-02]
 [ 2.83270553e-02  1.42609980e-02]
 [ 2.94324625e-02  1.46926772e-02]
 [ 2.68995371e-02  1.28898025e-02]
 [ 2.51406115e-02  1.20007433e-02]
 [ 2.47178283e-02  1.25757735e-02]
 [ 2.28433907e-02  1.31755527e-02]
 [ 2.10905410e-02  1.29024088e-02]
 [ 1.98563375e-02  1.19915484e-02]
 [ 1.74063183e-02  1.13822734e-02]
 [ 1.62329543e-02  9.67732072e-03]
 [ 1.55133111e-02  9.36842337e-03]
 [ 1.39633035e-02  8.42552911e-03]
 [ 1.06491344e-02  7.20919529e-03]
 [ 8.37356877e-03  6.16024202e-03]
 [ 7.34103471e-03  4.95765079e-03]
 [ 4.37223027e-03  3.94420372e-03]
 [ 1.58991991e-03  2.61544320e-03]
 [-4.12266643e-04  1.52610254e-03]
 [-2.23415159e-03  5.39375818e-04]
 [-4.60151164e-03 -1.16679337e-04]
 [-7.59961782e-03 -1.11910957e-03]
 [-1.00678150e-02 -1.77269604e-03]
 [-1.32157961e-02 -3.01138987e-03]
 [-1.65879875e-02 -4.33936575e-03]
 [-1.95661020e-02 -5.45113673e-03]
 [-2.14994233e-02 -6.22540340e-03]
 [-2.23776251e-02 -6.47244696e-03]
 [-2.01498270e-02 -5.27868280e-03]
 [-2.19303872e-02 -6.06895098e-03]
 [-2.32842304e-02 -6.72620395e-03]
 [-2.22773105e-02 -6.20121602e-03]
 [-2.30133627e-02 -6.52858755e-03]
 [-2.17850544e-02 -5.82523691e-03]
 [-2.18208730e-02 -5.80709614e-03]
 [-2.28958931e-02 -6.26983680e-03]
 [-2.51971837e-02 -7.42193637e-03]
 [-2.42126472e-02 -6.83085341e-03]
 [-2.40263678e-02 -6.74475031e-03]
 [-2.48069428e-02 -6.84069935e-03]
 [-2.35090647e-02 -6.09654933e-03]
 [-2.43356079e-02 -6.60341466e-03]
 [-2.51137186e-02 -6.96231518e-03]
 [-2.86965389e-02 -8.91699456e-03]
 [-3.01704351e-02 -9.57893301e-03]
 [-2.56182142e-02 -7.25453813e-03]
 [-2.33948547e-02 -6.04998879e-03]
 [-2.35030390e-02 -6.18072459e-03]
 [-2.31738817e-02 -6.07932592e-03]
 [-2.45987363e-02 -6.71343878e-03]
 [-2.26797704e-02 -5.42201661e-03]
 [-2.29293909e-02 -5.37293218e-03]
 [-2.29851976e-02 -5.24503691e-03]
 [-2.26939786e-02 -5.09686582e-03]
 [-1.98904183e-02 -3.56505439e-03]
 [-1.96802188e-02 -3.56198102e-03]
 [-1.90633852e-02 -3.33378324e-03]
 [-1.72633789e-02 -2.37206998e-03]
 [-1.89753342e-02 -3.51854344e-03]
 [-1.81015823e-02 -3.49688972e-03]
 [-1.99994873e-02 -4.26133769e-03]
 [-1.92984287e-02 -4.03378950e-03]
 [-2.02490613e-02 -4.24488354e-03]
 [-1.93696767e-02 -3.89140053e-03]
 [-2.14160588e-02 -4.90220496e-03]
 [-2.01267842e-02 -4.56938893e-03]
 [-1.91515889e-02 -4.35569556e-03]
 [-2.00853795e-02 -4.81852842e-03]
 [-2.04618406e-02 -5.08305617e-03]
 [-2.02668905e-02 -5.09408163e-03]
 [-2.19790693e-02 -6.43144408e-03]
 [-2.03730334e-02 -5.76680759e-03]
 [-1.75917298e-02 -4.64343838e-03]
 [-1.89792309e-02 -5.05885622e-03]
 [-1.96976736e-02 -6.01960812e-03]
 [-2.26838123e-02 -7.34571228e-03]
 [-2.11954024e-02 -6.70776283e-03]
 [-2.40186732e-02 -8.30122177e-03]
 [-2.47816145e-02 -9.06893238e-03]
 [-2.35027876e-02 -8.61448888e-03]
 [-2.27184091e-02 -8.92357714e-03]
 [-2.67583467e-02 -1.14821885e-02]
 [-2.73180250e-02 -1.22434525e-02]
 [-2.70849280e-02 -1.27243549e-02]
 [-2.50711124e-02 -1.23044411e-02]
 [-2.32042111e-02 -1.21190194e-02]
 [-2.14295313e-02 -1.18553527e-02]
 [-2.10534018e-02 -1.21710738e-02]
 [-2.04065461e-02 -1.24960691e-02]
 [-1.50676426e-02 -9.91754699e-03]
 [-7.85192847e-03 -6.31241081e-03]
 [-2.82216608e-03 -3.96463927e-03]
 [ 2.01454945e-03 -1.67833024e-03]
 [ 4.33425279e-03 -5.06518758e-04]
 [ 9.42009781e-03  2.43044575e-03]
 [ 1.05706723e-02  3.24973464e-03]
 [ 1.13838548e-02  3.79067380e-03]
 [ 1.09241698e-02  3.38780647e-03]
 [ 1.07262097e-02  3.37130344e-03]
 [ 1.06913140e-02  3.57071287e-03]
 [ 9.00914520e-03  2.86791823e-03]
 [ 7.38292094e-03  2.60562124e-03]
 [ 6.74680062e-03  3.25546577e-03]
 [ 4.68677981e-03  2.52661621e-03]
 [ 6.74437545e-03  4.24767658e-03]
 [ 9.58506390e-03  6.30276371e-03]
 [ 8.04508571e-03  5.82554424e-03]
 [ 4.91224416e-03  4.59917542e-03]
 [ 5.09177707e-03  5.22792153e-03]
 [ 1.96552370e-03  3.82682472e-03]
 [-5.97163860e-04  2.77813990e-03]
 [-2.87514762e-03  1.86386611e-03]
 [-6.24988461e-03  8.36551117e-05]
 [-7.99919851e-03 -5.71978337e-04]
 [-1.17085595e-02 -2.27407599e-03]
 [-1.57369897e-02 -4.31312295e-03]
 [-1.71390139e-02 -4.60181106e-03]
 [-2.08236966e-02 -6.33750064e-03]
 [-2.11573783e-02 -6.23821001e-03]
 [-2.53586490e-02 -8.17239098e-03]
 [-2.78856978e-02 -9.28775594e-03]
 [-3.05976346e-02 -1.03891334e-02]
 [-3.32038701e-02 -1.15141636e-02]
 [-3.54116708e-02 -1.25512220e-02]
 [-2.66220756e-02 -8.61570984e-03]
 [-2.73921974e-02 -8.96026660e-03]
 [-2.68408805e-02 -8.86853598e-03]
 [-3.13682184e-02 -1.10749714e-02]
 [-3.16108465e-02 -1.14723090e-02]
 [-3.14182304e-02 -1.16770985e-02]
 [-3.18490677e-02 -1.20263593e-02]
 [-3.27466242e-02 -1.30708897e-02]
 [-3.24299298e-02 -1.33722434e-02]
 [-2.73736548e-02 -1.10672051e-02]
 [-2.21172925e-02 -9.40224435e-03]
 [-2.30486225e-02 -1.05493423e-02]
 [-2.12300085e-02 -1.02584381e-02]
 [-1.44990794e-02 -7.18709081e-03]
 [-9.31538362e-03 -5.15181897e-03]
 [-8.79962556e-03 -5.51961223e-03]
 [-6.91773696e-03 -4.96366620e-03]
 [-2.54913676e-03 -3.08740069e-03]
 [-1.51785242e-03 -2.97896145e-03]
 [-3.30307463e-04 -2.66551296e-03]
 [ 2.54258979e-03 -1.46395294e-03]
 [ 3.92702874e-03 -9.88557469e-04]
 [ 4.38369857e-03 -7.55265588e-04]
 [ 6.25471864e-03  2.98960571e-04]
 [ 6.66981889e-03  6.20757812e-04]
 [ 5.93833020e-03  4.03687533e-04]
 [ 6.19317824e-03  1.01957575e-03]
 [ 4.44993284e-03  6.75857300e-04]
 [ 4.13531065e-03  1.43226550e-03]
 [ 1.10559864e-03  5.70730946e-04]
 [-1.39625906e-03  2.35354510e-05]
 [-6.14119368e-03 -2.06750724e-03]
 [-8.25470127e-03 -2.69962405e-03]
 [-1.15367509e-02 -3.99500504e-03]
 [-1.55068170e-02 -5.58749586e-03]
 [-1.44426776e-02 -4.22266684e-03]
 [-1.54317617e-02 -4.32445761e-03]
 [-1.55005464e-02 -4.12879325e-03]
 [-2.01479122e-02 -6.29705563e-03]
 [-2.17887871e-02 -6.95763854e-03]
 [-2.24494953e-02 -7.14462670e-03]
 [-2.96108965e-02 -1.04822200e-02]
 [-3.10169272e-02 -1.13956602e-02]
 [-3.42913605e-02 -1.33167505e-02]]
Actions:
[[ 0.08443869  0.76465771]
 [ 0.07567699 -0.00816422]
 [ 0.10699243  0.04684327]
 [ 0.25979601 -0.27746838]
 [ 0.11765944  0.07287622]
 [ 0.3435889  -0.17428898]
 [ 0.25211968  0.30346262]
 [ 0.22039751 -0.03021521]
 [ 0.2961225   0.08002155]
 [-0.13109238  0.11332444]
 [ 0.39161556 -0.20609273]
 [-0.37972874  0.0536613 ]
 [ 0.02515642  0.19821294]
 [-0.26810657 -0.19943531]
 [-0.23065377  0.1165007 ]
 [ 0.37195017  0.10602371]
 [-0.07606505 -0.03822629]
 [ 0.23877689  0.11927589]
 [ 0.18916961  0.06938475]
 [-0.1090692   0.15175828]
 [-0.16354939  0.27997848]
 [-0.03296675  0.1276991 ]
 [-0.29301994 -0.20800712]
 [-0.29880808  0.15505643]
 [-0.0070698   0.14646224]
 [ 0.43078748  0.14528527]
 [ 0.05742052  0.02216061]
 [ 0.34005282  0.13644405]
 [ 0.14375167 -0.11678984]
 [ 0.13926736  0.08456992]
 [-0.1952034   0.19172261]
 [ 0.28273205 -0.18565462]
 [ 0.17024485  0.19114238]
 [ 0.19455412  0.010424  ]
 [-0.41370148 -0.10614644]
 [ 0.03332651  0.46503937]
 [ 0.01139857  0.10805203]
 [ 0.20363536  0.10358195]
 [ 0.23844713 -0.06719836]
 [-0.05254118  0.25645389]
 [ 0.22735629 -0.14138143]
 [-0.39654628  0.14393578]
 [ 0.37765525  0.25308866]
 [ 0.37831671  0.21798587]
 [ 0.12795745 -0.2690232 ]
 [-0.29856067 -0.09304128]
 [-0.14464495  0.30186571]
 [-0.02582044 -0.31475421]
 [-0.1389153  -0.04967556]
 [-0.02569735  0.20103768]
 [ 0.05018405  0.30239896]
 [ 0.113268    0.19572646]
 [-0.04328691  0.32655725]
 [ 0.12583422 -0.05528284]
 [-0.06302097  0.33852506]
 [-0.12756411  0.63829335]
 [-0.11766294  0.19781568]
 [-0.15935015  0.07391933]
 [-0.06202427 -0.05707446]
 [-0.0291165  -0.46388745]
 [-0.09442683  0.19901571]
 [-0.19886276  0.05247736]
 [-0.10373005 -0.24863315]
 [ 0.02157678  0.19264155]
 [ 0.03245631 -0.20898592]
 [-0.0040444   0.04881975]
 [ 0.12621693  0.37031138]
 [-0.21620391  0.18499155]
 [ 0.09272897 -0.11189536]
 [-0.16499706 -0.1612534 ]
 [ 0.45597131  0.47162959]
 [-0.00673419 -0.26231481]
 [-0.38362986 -0.15143092]
 [-0.02585329  0.1158904 ]
 [-0.59704943  0.07152951]
 [ 0.10647531  0.17838484]
 [ 0.48768558 -0.22068125]
 [ 0.0879113  -0.30705723]
 [-0.24043505 -0.0914274 ]
 [-0.09999622 -0.04258898]
 [ 0.27115035  0.41782831]
 [ 0.37964004 -0.10850156]
 [ 0.16112991  0.17992871]
 [ 0.11612682  0.13501649]
 [-0.03566404  0.04270438]
 [-0.06514042 -0.47130979]
 [-0.1120606   0.06462021]
 [-0.14228685 -0.08776041]
 [ 0.12593491 -0.07254194]
 [-0.46353122  0.02240007]
 [-0.38575978 -0.1507846 ]
 [ 0.1127484   0.17758515]
 [-0.10019343 -0.09632607]
 [ 0.2059479   0.08831033]
 [-0.069641   -0.11019043]
 [-0.03550719  0.20597875]
 [-0.2385566  -0.15782765]
 [-0.2284893  -0.14232078]
 [-0.03650479  0.0197734 ]
 [-0.048309   -0.00572951]
 [-0.02334944 -0.03452032]
 [-0.29970211  0.20691061]
 [ 0.0216405  -0.15553186]
 [-0.06565438 -0.2466799 ]
 [ 0.28562189  0.08543627]
 [-0.31626572  0.19604061]
 [ 0.28491367  0.33668654]
 [ 0.05444153 -0.10853947]
 [-0.01690423  0.37109656]
 [-0.27081875  0.0539349 ]
 [ 0.04215159 -0.05019834]
 [-0.45179176 -0.06001529]
 [-0.09184409  0.45241494]
 [-0.09223162  0.11290457]
 [-0.21032747  0.04051877]
 [-0.21537602 -0.10261592]
 [-0.26318588 -0.01430454]
 [ 0.21172274  0.26776495]
 [-0.00375794  0.21877786]
 [-0.37194538  0.05295148]
 [-0.16695359 -0.38789607]
 [-0.02218995  0.10042926]
 [-0.18860117 -0.01550662]
 [ 0.16330736 -0.22605918]
 [-0.06168608 -0.0688242 ]
 [ 0.19258945 -0.40865536]
 [ 0.04342671  0.00780581]
 [ 0.10024512  0.1384642 ]
 [ 0.10985214  0.3807067 ]
 [ 0.05277416  0.18314203]
 [ 0.07968322  0.10262127]
 [-0.05013859  0.20906332]
 [-0.36963112 -0.32682598]
 [-0.19946654 -0.38725785]
 [-0.03114951  0.16809483]
 [ 0.3400698  -0.17560864]
 [ 0.42596531 -0.25886656]
 [-0.54065402 -0.32189993]
 [ 0.04682505  0.23286212]
 [ 0.27175677 -0.10592303]
 [-0.16447316  0.16538617]
 [-0.02826041  0.15861266]
 [ 0.18493697  0.29155301]
 [-0.27126931  0.24820265]
 [-0.05750763 -0.01889908]
 [ 0.09097034  0.35340882]
 [-0.20312911  0.24506199]
 [ 0.22182236  0.05980825]
 [ 0.00417784  0.30673387]
 [-0.07187832 -0.24758398]
 [ 0.02026297  0.27090658]
 [-0.02447823  0.03405129]
 [ 0.06916719  0.0876638 ]
 [-0.05847955  0.01327606]
 [-0.21606725  0.08668891]
 [-0.23167241 -0.05207017]
 [-0.03445556  0.05549695]
 [-0.1551588  -0.18517702]
 [-0.05229628  0.27871357]
 [-0.08716095 -0.01050863]
 [-0.06226673 -0.00294322]
 [ 0.12357378  0.08344494]
 [-0.15290309  0.17994386]
 [ 0.02768083  0.15868302]
 [ 0.23943209  0.31161355]
 [-0.36458973 -0.28701968]
 [-0.11018125  0.28348799]
 [-0.08602912  0.03012154]
 [ 0.20994469 -0.36693462]
 [ 0.04450313 -0.13938565]
 [-0.23738855  0.16746171]
 [ 0.02518225  0.11610126]
 [ 0.01531653 -0.12772674]
 [-0.21823131  0.08382587]
 [ 0.09259885  0.1987106 ]
 [-0.07040673 -0.08553603]
 [-0.34461863 -0.11798383]
 [-0.42018815  0.09220438]
 [ 0.1680553  -0.02970253]
 [ 0.05791855  0.10393381]
 [-0.39061078  0.19314923]
 [ 0.01191478 -0.07718227]
 [-0.0893104   0.06571979]
 [-0.04204782 -0.21385155]
 [-0.55865601  0.10771045]
 [ 0.30209006  0.00787895]
 [-0.07910084  0.43624037]
 [-0.01408827  0.06871344]
 [ 0.28272569  0.1492561 ]
 [-0.53665906  0.13815827]
 [ 0.41265528  0.12162704]
 [ 0.31306398  0.01182996]
 [-0.02693726 -0.21308374]
 [-0.34751237  0.15572275]
 [-0.28894046 -0.08514983]
 [ 0.1238092  -0.20443821]
 [-0.23094363  0.38195666]
 [-0.16984116  0.0294839 ]
 [ 0.09615372  0.24408658]
 [-0.10179306 -0.53546737]]
States:
[[0.99988785 0.99997583 0.52033281 0.50473243 0.51328985 0.59717158]
 [0.99984943 0.99957172 0.5220407  0.5199153  0.53486755 0.79754911]
 [0.99970805 0.99733234 0.52693441 0.54965083 0.55385008 0.79143508]
 ...
 [0.92753962 0.         0.77314895 0.60872349 0.         0.58639853]
 [0.97034439 0.         0.68201708 0.60972559 0.         0.59433096]
 [0.99451499 0.         0.58464584 0.60540634 0.         0.65834802]]
Logstds:
[[-3. -3.]
 [-3. -3.]
 [-3. -3.]
 [-3. -3.]
 [-3. -3.]
 [-3. -3.]
 [-3. -3.]
 [-3. -3.]
 [-3. -3.]
 [-3. -3.]
 [-3. -3.]
 [-3. -3.]
 [-3. -3.]
 [-3. -3.]
 [-3. -3.]
 [-3. -3.]
 [-3. -3.]
 [-3. -3.]
 [-3. -3.]
 [-3. -3.]
 [-3. -3.]
 [-3. -3.]
 [-3. -3.]
 [-3. -3.]
 [-3. -3.]
 [-3. -3.]
 [-3. -3.]
 [-3. -3.]
 [-3. -3.]
 [-3. -3.]
 [-3. -3.]
 [-3. -3.]
 [-3. -3.]
 [-3. -3.]
 [-3. -3.]
 [-3. -3.]
 [-3. -3.]
 [-3. -3.]
 [-3. -3.]
 [-3. -3.]
 [-3. -3.]
 [-3. -3.]
 [-3. -3.]
 [-3. -3.]
 [-3. -3.]
 [-3. -3.]
 [-3. -3.]
 [-3. -3.]
 [-3. -3.]
 [-3. -3.]
 [-3. -3.]
 [-3. -3.]
 [-3. -3.]
 [-3. -3.]
 [-3. -3.]
 [-3. -3.]
 [-3. -3.]
 [-3. -3.]
 [-3. -3.]
 [-3. -3.]
 [-3. -3.]
 [-3. -3.]
 [-3. -3.]
 [-3. -3.]
 [-3. -3.]
 [-3. -3.]
 [-3. -3.]
 [-3. -3.]
 [-3. -3.]
 [-3. -3.]
 [-3. -3.]
 [-3. -3.]
 [-3. -3.]
 [-3. -3.]
 [-3. -3.]
 [-3. -3.]
 [-3. -3.]
 [-3. -3.]
 [-3. -3.]
 [-3. -3.]
 [-3. -3.]
 [-3. -3.]
 [-3. -3.]
 [-3. -3.]
 [-3. -3.]
 [-3. -3.]
 [-3. -3.]
 [-3. -3.]
 [-3. -3.]
 [-3. -3.]
 [-3. -3.]
 [-3. -3.]
 [-3. -3.]
 [-3. -3.]
 [-3. -3.]
 [-3. -3.]
 [-3. -3.]
 [-3. -3.]
 [-3. -3.]
 [-3. -3.]
 [-3. -3.]
 [-3. -3.]
 [-3. -3.]
 [-3. -3.]
 [-3. -3.]
 [-3. -3.]
 [-3. -3.]
 [-3. -3.]
 [-3. -3.]
 [-3. -3.]
 [-3. -3.]
 [-3. -3.]
 [-3. -3.]
 [-3. -3.]
 [-3. -3.]
 [-3. -3.]
 [-3. -3.]
 [-3. -3.]
 [-3. -3.]
 [-3. -3.]
 [-3. -3.]
 [-3. -3.]
 [-3. -3.]
 [-3. -3.]
 [-3. -3.]
 [-3. -3.]
 [-3. -3.]
 [-3. -3.]
 [-3. -3.]
 [-3. -3.]
 [-3. -3.]
 [-3. -3.]
 [-3. -3.]
 [-3. -3.]
 [-3. -3.]
 [-3. -3.]
 [-3. -3.]
 [-3. -3.]
 [-3. -3.]
 [-3. -3.]
 [-3. -3.]
 [-3. -3.]
 [-3. -3.]
 [-3. -3.]
 [-3. -3.]
 [-3. -3.]
 [-3. -3.]
 [-3. -3.]
 [-3. -3.]
 [-3. -3.]
 [-3. -3.]
 [-3. -3.]
 [-3. -3.]
 [-3. -3.]
 [-3. -3.]
 [-3. -3.]
 [-3. -3.]
 [-3. -3.]
 [-3. -3.]
 [-3. -3.]
 [-3. -3.]
 [-3. -3.]
 [-3. -3.]
 [-3. -3.]
 [-3. -3.]
 [-3. -3.]
 [-3. -3.]
 [-3. -3.]
 [-3. -3.]
 [-3. -3.]
 [-3. -3.]
 [-3. -3.]
 [-3. -3.]
 [-3. -3.]
 [-3. -3.]
 [-3. -3.]
 [-3. -3.]
 [-3. -3.]
 [-3. -3.]
 [-3. -3.]
 [-3. -3.]
 [-3. -3.]
 [-3. -3.]
 [-3. -3.]
 [-3. -3.]
 [-3. -3.]
 [-3. -3.]
 [-3. -3.]
 [-3. -3.]
 [-3. -3.]
 [-3. -3.]
 [-3. -3.]
 [-3. -3.]
 [-3. -3.]
 [-3. -3.]
 [-3. -3.]
 [-3. -3.]
 [-3. -3.]
 [-3. -3.]
 [-3. -3.]]
