Baseline:
[0.48054698 0.48243797 0.4667396  0.467834   0.46909562 0.45857954
 0.4651784  0.45651323 0.4530628  0.45662922 0.45797184 0.4561956
 0.4497262  0.4419509  0.44322816 0.43873692 0.43553466 0.4235336
 0.4198565  0.41394708 0.3983286  0.3874923  0.38465425 0.38790518
 0.3886348  0.38756436 0.38004    0.3724752  0.35713494 0.34751144
 0.34447414 0.33963    0.34269816 0.34594592 0.3512031  0.3457147
 0.34857953 0.3519367  0.35298416 0.3686859  0.37363535 0.38001743
 0.39405125 0.39335206 0.38984472 0.39918798 0.40519276 0.399136
 0.4004456  0.40801597 0.41588023 0.4060558  0.4175042  0.41995496
 0.40138087 0.39451265 0.3905408  0.38105425 0.37279618 0.35776737
 0.3489004  0.33508417 0.32392746 0.3188824  0.3071882  0.29303494
 0.27822268 0.26489717 0.24818671 0.2320981  0.21657018 0.19221851
 0.17264159 0.15857169 0.1463806  0.12893756 0.12618837 0.12056008
 0.11798269 0.11645582 0.11832518 0.12942347 0.13010472 0.13069312
 0.13261378 0.12356517 0.11594193 0.12937336 0.13237011 0.13952729
 0.13809305 0.13759506 0.13800246 0.13227089 0.13882306 0.1379557
 0.14431375 0.15919301 0.17030731 0.19015656 0.1820383  0.2151854
 0.22876835 0.25214377 0.25700757 0.26187122 0.26998997 0.27261472
 0.25729287 0.25884765 0.2676491  0.269155   0.27391    0.2766244
 0.2822958  0.2929763  0.28935897 0.29079568 0.3038761  0.30245683
 0.31010252 0.3093528  0.3019366  0.31666005 0.31899428 0.32106668
 0.3230925  0.3388876  0.3516678  0.3696779  0.37567252 0.38085422
 0.3789686  0.37807113 0.38136038 0.38251802 0.39451125 0.40591922
 0.4106601  0.40343326 0.4018378  0.3981061  0.3951856  0.39407015
 0.38601992 0.37644145 0.3877064  0.3859143  0.39877048 0.39818954
 0.39830926 0.40091494 0.4079997  0.42151108 0.41071802 0.39302152
 0.3935383  0.38734967 0.37660867 0.38104993 0.37456214 0.38434938
 0.37434292 0.38828176 0.39714155 0.41434875 0.42776912 0.42711237
 0.42435732 0.43012068 0.44483718 0.4534409  0.44527638 0.44444263
 0.4501503  0.4642535  0.46082994 0.47643855 0.4817741  0.4706376
 0.47167397 0.47308248 0.4809743  0.4900372  0.4935148  0.48682967
 0.49448177 0.49018162 0.5065417  0.5101666  0.5093616  0.5093337
 0.50660104 0.5034591  0.4990908  0.51198137 0.50474757 0.50569004
 0.5111161  0.5054824  0.5054824 ]
Returns:
[-0.22678301 -0.32182204 -0.5028062  -0.55218859 -0.57208544 -0.64636622
 -0.6480826  -0.66912873 -0.64661416 -0.62774849 -0.59476865 -0.57662751
 -0.55143879 -0.55500013 -0.70495355 -0.66421032 -0.85619926 -0.87954427
 -0.91690954 -0.90723028 -0.96926218 -1.14673758 -1.15095829 -1.15654898
 -1.1562003  -1.09997769 -1.04560697 -0.98134668 -1.00085006 -0.93908816
 -0.85393898 -0.77762922 -0.73733082 -0.68475851 -0.59642713 -0.57620857
 -0.69235146 -0.60673538 -0.642507   -0.77057378 -0.78985343 -0.7163567
 -0.79484168 -0.7100085  -0.64955422 -0.733987   -0.74987115 -0.74098954
 -0.68784423 -0.65568486 -0.62997514 -0.66174488 -0.68450761 -0.63395161
 -0.95081449 -0.89280242 -0.84428236 -0.78073379 -0.69277822 -0.73250661
 -0.9173014  -0.84881449 -0.78041422 -0.83376862 -0.90972585 -0.83717892
 -0.83084158 -0.79571997 -0.85055197 -0.78140567 -0.69902957 -0.79530893
 -0.76533212 -0.92625143 -0.89028191 -0.87643372 -0.89266954 -0.81930579
 -0.79832474 -0.72420739 -0.68200951 -0.67301573 -0.65436061 -0.64774571
 -0.65171148 -0.58476337 -0.67881718 -0.79303656 -0.69813764 -0.69496239
 -0.62760812 -0.59239963 -0.68933992 -0.93475095 -0.82910849 -0.74306986
 -0.65014328 -0.53739066 -0.47489343 -0.40975433 -0.53952963 -0.56632335
 -0.49498396 -0.48299139 -0.47444282 -0.37910572 -0.25304384 -0.19651721
 -0.48077205 -0.41324061 -0.40739107 -0.30669307 -0.19150896 -0.32140928
 -0.22925884 -0.32776206 -0.3083641  -0.19519713 -0.39096006 -0.31369796
 -0.39022711 -0.38542317 -0.45482025 -0.46879569 -0.37418595 -0.44285163
 -0.44285016 -0.52538337 -0.49198109 -0.48744589 -0.39044587 -0.45438856
 -0.40155254 -0.37632592 -0.28932033 -0.20328162 -0.25291999 -0.20431144
 -0.16433582 -0.18473094 -0.2047505  -0.10657188  0.00444836  0.05464668
  0.0995648   0.15300833 -0.0362823   0.05678936 -0.12761496 -0.04912382
 -0.1169098  -0.0332213   0.04312139  0.1016778  -0.34312308 -0.5631408
 -0.47506582 -0.40605909 -0.45454532 -0.43313527 -0.58332719 -0.49750693
 -0.4576676  -0.38572746 -0.27746281 -0.20482493 -0.12778841 -0.05093774
  0.03030667  0.13773275  0.13201555  0.10191694  0.11013057  0.22333662
  0.34476486  0.28184643  0.26581214  0.23670969  0.22093072  0.10045732
 -0.17616196 -0.10806292 -0.00408336  0.04801764  0.15585261  0.05030995
  0.1183235   0.19800731  0.04463443  0.04546646 -0.4050646  -0.4526301
 -0.36806821 -0.28132877 -0.22231425 -0.30039262 -0.24703194 -0.14666484
 -0.06368528  0.04453868]
Advants:
[-0.30496612 -0.3924939  -0.55268848 -0.59920145 -0.61671281 -0.67849183
 -0.68490941 -0.69561396 -0.66702673 -0.64840866 -0.61219145 -0.58668792
 -0.54798864 -0.53600337 -0.68347795 -0.63276842 -0.82145242 -0.83303575
 -0.86802566 -0.85336746 -0.90222608 -1.07667248 -1.08657028 -1.10492586
 -1.11564302 -1.06779476 -1.01423476 -0.94923341 -0.9609303  -0.89551265
 -0.81107489 -0.73147913 -0.69478831 -0.64452366 -0.55785996 -0.52746263
 -0.64506109 -0.55872878 -0.59226619 -0.73691996 -0.76285905 -0.69552434
 -0.79066577 -0.7053341  -0.63961207 -0.73437805 -0.75801822 -0.74451828
 -0.69264035 -0.66724504 -0.64797268 -0.66904824 -0.70337357 -0.6539045
 -0.95993866 -0.90145698 -0.8542853  -0.78476481 -0.68938953 -0.71576279
 -0.89894793 -0.82197487 -0.74574152 -0.79915172 -0.87093767 -0.78971978
 -0.7738654  -0.72966622 -0.77357657 -0.6919875  -0.59501193 -0.67017173
 -0.62259285 -0.77612709 -0.73373125 -0.7077281  -0.72737042 -0.65261541
 -0.6329263  -0.55914153 -0.51958358 -0.52258941 -0.50503773 -0.49928301
 -0.50564641 -0.42781688 -0.51493163 -0.64727286 -0.55761834 -0.56416254
 -0.49602709 -0.45992497 -0.55985408 -0.80974762 -0.71867689 -0.63778579
 -0.55506718 -0.4583447  -0.40662151 -0.35956172 -0.48306061 -0.54685401
 -0.49149209 -0.50582548 -0.50522862 -0.41530801 -0.29431707 -0.23544068
 -0.50729291 -0.44244366 -0.44671033 -0.34587716 -0.23025186 -0.36132926
 -0.27050729 -0.37835494 -0.35317797 -0.23564631 -0.44465311 -0.36371568
 -0.44804562 -0.44248847 -0.50638254 -0.53804516 -0.44613199 -0.51945104
 -0.52433888 -0.62881568 -0.61422803 -0.63466818 -0.54840679 -0.62481716
 -0.57630978 -0.55612137 -0.47625717 -0.39293122 -0.45815654 -0.42370528
 -0.39036434 -0.40599501 -0.42766109 -0.32611706 -0.20904984 -0.15275628
 -0.09274571 -0.02013245 -0.21648245 -0.11412093 -0.30934584 -0.2256192
 -0.290574   -0.20378119 -0.12618484 -0.07069796 -0.50679733 -0.71764557
 -0.63663282 -0.56621488 -0.61031187 -0.59971116 -0.75477029 -0.68870804
 -0.64814078 -0.59841456 -0.50491533 -0.45417902 -0.39368962 -0.31717816
 -0.23166159 -0.1252083  -0.14107535 -0.17601896 -0.15505533 -0.03251246
  0.09601451  0.03050815  0.0300036  -0.00295281 -0.01196436 -0.11154883
 -0.38720854 -0.31628947 -0.21264115 -0.16006739 -0.04213445 -0.12931738
 -0.05441999  0.04793563 -0.10711014 -0.09405095 -0.54048367 -0.58591762
 -0.49364033 -0.39557197 -0.32134441 -0.40335828 -0.33117182 -0.21609272
 -0.11915261  0.01926452]
Mus:
[[-2.58706622e-02 -1.08184796e-02]
 [-2.60523632e-02 -1.02782883e-02]
 [-2.76407991e-02 -1.04367090e-02]
 [-2.81509291e-02 -1.14363134e-02]
 [-2.81027071e-02 -1.21429991e-02]
 [-2.79953890e-02 -1.25338249e-02]
 [-2.74628066e-02 -1.24426819e-02]
 [-2.66179219e-02 -1.23417908e-02]
 [-2.52075493e-02 -1.22602060e-02]
 [-2.41966490e-02 -1.20968483e-02]
 [-2.29512192e-02 -1.17594050e-02]
 [-2.16569435e-02 -1.12096006e-02]
 [-2.02511679e-02 -1.09257074e-02]
 [-1.83004923e-02 -1.05119739e-02]
 [-1.66145526e-02 -9.37415473e-03]
 [-1.48077933e-02 -8.65955371e-03]
 [-1.19589111e-02 -8.53349641e-03]
 [-8.24105088e-03 -7.31353695e-03]
 [-3.68475914e-03 -6.33613952e-03]
 [-1.33417532e-04 -4.67602303e-03]
 [ 3.60918883e-03 -2.92394334e-03]
 [ 6.04846515e-03 -1.01027405e-03]
 [ 7.14155426e-03 -1.32231959e-04]
 [ 7.69891264e-03 -9.89022592e-05]
 [ 8.33446905e-03 -3.33014352e-04]
 [ 8.56481958e-03  7.53919521e-05]
 [ 9.36841592e-03  2.59647117e-04]
 [ 1.00463545e-02  4.38052171e-04]
 [ 1.00930342e-02  1.08535506e-03]
 [ 1.01347789e-02  1.03998836e-03]
 [ 9.39995889e-03  8.84523964e-04]
 [ 9.20822471e-03  7.15543807e-04]
 [ 7.03123026e-03  5.45109739e-04]
 [ 6.53970148e-03 -4.51216401e-05]
 [ 4.34756419e-03 -5.02729032e-04]
 [ 3.12065030e-03 -9.82171157e-04]
 [ 1.72843027e-03 -2.25449051e-03]
 [-6.82584767e-04 -3.18489713e-03]
 [-4.51916317e-03 -3.87035380e-03]
 [-7.73344748e-03 -4.70113521e-03]
 [-1.00370497e-02 -5.79302385e-03]
 [-1.16178347e-02 -6.00787019e-03]
 [-1.14097232e-02 -5.34516200e-03]
 [-1.29579669e-02 -5.98680880e-03]
 [-1.54674510e-02 -7.02038314e-03]
 [-1.74306482e-02 -7.87765533e-03]
 [-1.79547146e-02 -7.72285694e-03]
 [-2.12287344e-02 -9.18696914e-03]
 [-2.42752545e-02 -1.05042644e-02]
 [-2.47656833e-02 -1.03183007e-02]
 [-2.64064632e-02 -1.09552257e-02]
 [-2.93382965e-02 -1.23405159e-02]
 [-2.93484554e-02 -1.19726751e-02]
 [-2.90768221e-02 -1.16366399e-02]
 [-3.02256756e-02 -1.23790912e-02]
 [-3.09967622e-02 -1.26571311e-02]
 [-3.35838012e-02 -1.37540326e-02]
 [-3.60964574e-02 -1.49962315e-02]
 [-3.79181616e-02 -1.58488266e-02]
 [-3.84833664e-02 -1.63374171e-02]
 [-3.75978202e-02 -1.58925466e-02]
 [-3.96201834e-02 -1.70786399e-02]
 [-4.12094705e-02 -1.81149300e-02]
 [-4.34297472e-02 -1.88720375e-02]
 [-4.38410193e-02 -1.89906862e-02]
 [-4.45991829e-02 -1.93110462e-02]
 [-4.54954393e-02 -2.00434756e-02]
 [-4.44950834e-02 -1.97684541e-02]
 [-4.35113721e-02 -1.92383751e-02]
 [-4.18307930e-02 -1.86294299e-02]
 [-4.03876901e-02 -1.82953980e-02]
 [-3.81813385e-02 -1.69204269e-02]
 [-3.46770138e-02 -1.56770702e-02]
 [-3.28314491e-02 -1.47093413e-02]
 [-3.12131252e-02 -1.39865400e-02]
 [-2.73427367e-02 -1.20865265e-02]
 [-2.66578905e-02 -1.22951511e-02]
 [-2.32522935e-02 -1.09714000e-02]
 [-2.06287373e-02 -1.03987558e-02]
 [-1.68332774e-02 -8.97903740e-03]
 [-1.27583016e-02 -7.06542423e-03]
 [-1.18916966e-02 -7.23799597e-03]
 [-7.96205830e-03 -5.94000239e-03]
 [-1.65686500e-03 -3.09322984e-03]
 [-4.99135721e-03 -6.58780895e-03]
 [-5.33592422e-03 -7.66148139e-03]
 [-2.53425352e-03 -6.70621591e-03]
 [-2.67591048e-03 -7.51049723e-03]
 [-9.12967720e-04 -6.84446981e-03]
 [-1.17165898e-03 -7.23721087e-03]
 [-3.70420457e-04 -6.40526274e-03]
 [ 1.83369941e-03 -4.70456015e-03]
 [ 8.67388491e-03 -7.22849043e-04]
 [ 4.10550367e-03 -3.59599479e-03]
 [ 5.74320834e-03 -2.50520441e-03]
 [ 5.51020866e-03 -2.40360317e-03]
 [ 3.19266110e-03 -3.36273923e-03]
 [ 3.30148893e-03 -2.93479511e-03]
 [ 4.15874086e-03 -1.82911323e-03]
 [ 8.18924804e-04 -3.27200978e-03]
 [-5.34831081e-03 -6.06320426e-03]
 [-9.77164879e-03 -7.87823461e-03]
 [-1.55698592e-02 -9.97414533e-03]
 [-1.95223521e-02 -1.04958965e-02]
 [-2.60672290e-02 -1.34173529e-02]
 [-2.98050232e-02 -1.46183642e-02]
 [-3.30949314e-02 -1.57049038e-02]
 [-3.48634012e-02 -1.60632432e-02]
 [-3.51059809e-02 -1.58532355e-02]
 [-3.93620543e-02 -1.77089740e-02]
 [-4.39895429e-02 -1.98694598e-02]
 [-4.50730696e-02 -2.04317383e-02]
 [-4.62928377e-02 -2.12169159e-02]
 [-4.54601496e-02 -2.07011495e-02]
 [-4.61089835e-02 -2.11437792e-02]
 [-4.73322831e-02 -2.14882325e-02]
 [-4.63027731e-02 -2.15668865e-02]
 [-4.57814485e-02 -2.16843914e-02]
 [-4.65922616e-02 -2.17419453e-02]
 [-4.49707508e-02 -2.14536712e-02]
 [-4.32478525e-02 -2.06163898e-02]
 [-4.08629812e-02 -1.93115249e-02]
 [-3.95248160e-02 -1.93436481e-02]
 [-3.77667248e-02 -1.89757310e-02]
 [-3.53562497e-02 -1.80035103e-02]
 [-3.32873277e-02 -1.79138687e-02]
 [-2.98136454e-02 -1.62696429e-02]
 [-2.88756695e-02 -1.60648227e-02]
 [-2.74380520e-02 -1.58991441e-02]
 [-2.55796071e-02 -1.52459228e-02]
 [-2.23950371e-02 -1.38773266e-02]
 [-1.90565679e-02 -1.19146314e-02]
 [-1.69227310e-02 -1.10573247e-02]
 [-1.46332346e-02 -9.64923482e-03]
 [-1.35591449e-02 -9.20896418e-03]
 [-1.23482281e-02 -8.40985868e-03]
 [-1.21347811e-02 -8.46907590e-03]
 [-1.19969873e-02 -8.44228733e-03]
 [-1.20567624e-02 -8.91883951e-03]
 [-1.03395898e-02 -8.15813802e-03]
 [-8.55779648e-03 -6.87521789e-03]
 [-7.66558200e-03 -6.37171930e-03]
 [-6.69303350e-03 -6.15217676e-03]
 [-6.25963323e-03 -5.45303384e-03]
 [-4.44434443e-03 -5.23629365e-03]
 [-2.76414305e-03 -4.39944863e-03]
 [-3.96574056e-03 -4.28537559e-03]
 [-3.33977723e-03 -4.40486101e-03]
 [-4.02028300e-03 -5.13265841e-03]
 [-3.03536444e-03 -4.53983806e-03]
 [-2.70161079e-03 -5.32330200e-03]
 [-9.27351066e-04 -4.22011409e-03]
 [-2.11447463e-04 -4.26728884e-03]
 [ 6.77632052e-04 -3.77444457e-03]
 [ 2.46393518e-03 -4.36125696e-03]
 [ 6.93024369e-03 -2.61139707e-03]
 [ 8.98815226e-03 -1.42177835e-03]
 [ 1.06549421e-02 -1.01042492e-03]
 [ 1.13152945e-02  2.82209803e-04]
 [ 1.15248999e-02 -7.31823893e-05]
 [ 1.20262951e-02 -6.82337093e-04]
 [ 1.09095760e-02 -6.73332135e-04]
 [ 1.06972717e-02 -5.96918922e-04]
 [ 8.28367472e-03 -1.23718730e-03]
 [ 6.11824309e-03 -1.73937331e-03]
 [ 4.19555511e-03 -1.95236597e-03]
 [ 3.39937676e-03 -1.56400760e-03]
 [ 1.95830036e-03 -1.39561552e-03]
 [ 2.83683621e-04 -1.59265089e-03]
 [-8.82104621e-04 -1.43176201e-03]
 [-1.27981242e-03 -1.83580350e-03]
 [-3.36155004e-04 -5.45823656e-04]
 [-2.74399691e-03 -9.99889453e-04]
 [-4.27547144e-03 -1.42256811e-03]
 [-4.46764613e-03 -1.18514046e-03]
 [-6.05219556e-03 -2.13989988e-03]
 [-5.34487283e-03 -1.27685990e-03]
 [-4.90008807e-03 -9.63963103e-04]
 [-2.48401496e-03  4.13091097e-04]
 [-6.13047928e-03 -1.45122607e-03]
 [-3.83352512e-03  1.05759580e-04]
 [-4.56846086e-03 -3.47541609e-05]
 [-4.89554415e-03 -1.65813122e-04]
 [-5.10748290e-03 -4.77298105e-04]
 [-5.77560393e-03 -8.73024459e-04]
 [-5.94974030e-03 -6.67193555e-04]
 [-5.53088030e-03 -4.53620363e-04]
 [-7.15405121e-03 -1.46790908e-03]
 [-6.52916310e-03 -1.11707184e-03]
 [-7.90805556e-03 -1.81773491e-03]
 [-4.12035454e-03  2.41478643e-04]
 [-5.14821196e-03 -5.67170617e-04]
 [-4.41227062e-03 -2.64438335e-04]
 [-4.10234649e-03 -1.84358316e-04]
 [-5.20191388e-03 -9.64648731e-04]
 [-3.02870944e-03  2.43963645e-04]
 [-2.85973609e-03  2.39540808e-04]
 [-2.19895551e-03  5.35971834e-04]
 [-1.16021116e-03  9.79785575e-04]
 [-1.02107029e-03  9.27357585e-04]]
Actions:
[[ 0.26319929 -0.18738739]
 [-0.19483283 -0.42813711]
 [-0.21401546  0.28660827]
 [-0.1924401   0.26245174]
 [-0.39889811 -0.06058692]
 [ 0.15128126  0.10033046]
 [-0.26556459 -0.132336  ]
 [-0.20627218  0.04170325]
 [ 0.03508253  0.09509145]
 [-0.00801951  0.01715427]
 [ 0.02242034 -0.08781889]
 [-0.19959436 -0.03976528]
 [-0.29539061 -0.04235743]
 [ 0.34994622 -0.11261529]
 [-0.01685335 -0.06682298]
 [-0.47682441  0.22303321]
 [-0.24651722 -0.14876276]
 [-0.25011699  0.21508657]
 [ 0.15915359 -0.06105326]
 [-0.06893638 -0.30432641]
 [ 0.17386106 -0.40225808]
 [ 0.15792133 -0.10450682]
 [ 0.10469861  0.23684193]
 [-0.08495574  0.23819673]
 [ 0.08678071 -0.02313615]
 [-0.10554931  0.01872004]
 [-0.10268603  0.01568391]
 [-0.04326809 -0.29249781]
 [-0.13042127 -0.01297044]
 [ 0.01027308  0.0145389 ]
 [-0.11400884  0.00895579]
 [ 0.173235   -0.14558997]
 [-0.14308276  0.16149938]
 [ 0.07756438 -0.07050355]
 [-0.23635286 -0.1437309 ]
 [-0.10182898  0.45758878]
 [-0.09778452  0.07707884]
 [-0.01276946 -0.35822798]
 [ 0.42572098  0.1780892 ]
 [-0.02793538  0.33608635]
 [ 0.08882886 -0.09751364]
 [ 0.35596115 -0.17579665]
 [-0.04868333  0.08677079]
 [-0.20436787  0.00851885]
 [ 0.10818766  0.40654504]
 [ 0.01491141 -0.32622441]
 [-0.27530865  0.1465734 ]
 [-0.11022083  0.18126187]
 [ 0.10491702 -0.20938206]
 [ 0.1107475   0.22620709]
 [-0.3822216  -0.06825379]
 [ 0.30671373 -0.0115272 ]
 [ 0.10496463 -0.15109471]
 [-0.52765327 -0.38843184]
 [ 0.02069402 -0.12613982]
 [ 0.07170562  0.14316788]
 [-0.15792576  0.09158784]
 [-0.10571922  0.01583209]
 [-0.34890936 -0.18787381]
 [-0.08039771 -0.50221288]
 [-0.07443607  0.09698109]
 [-0.08471447  0.10653873]
 [ 0.31503522  0.0444564 ]
 [-0.19845917 -0.37280876]
 [-0.00648721 -0.06286958]
 [-0.03540766  0.26005683]
 [-0.18947455 -0.18502849]
 [ 0.318759    0.00644803]
 [-0.05583307 -0.14375094]
 [-0.13426563 -0.03973975]
 [ 0.29425228 -0.25705503]
 [-0.23733214 -0.17266637]
 [ 0.44075979  0.07588062]
 [ 0.1624769   0.05145802]
 [ 0.07778413 -0.23953381]
 [-0.16636475  0.26339545]
 [-0.11897856 -0.07020967]
 [-0.23915246  0.12805602]
 [-0.13292977 -0.07215338]
 [ 0.15491218 -0.14878677]
 [-0.05929922  0.27527175]
 [-0.282264   -0.07159861]
 [-0.07043459 -0.2999832 ]
 [-0.31710947 -0.01753461]
 [-0.19134663 -0.03784906]
 [-0.36757094 -0.26013249]
 [-0.1207116   0.44231257]
 [-0.00764387  0.10915464]
 [ 0.14755159  0.29546985]
 [ 0.23349527  0.00674542]
 [ 0.29698426 -0.06242239]
 [ 0.3910564  -0.25353308]
 [-0.51676287  0.27289139]
 [ 0.09283539  0.00602732]
 [-0.14901073 -0.06378113]
 [-0.14875593  0.0893099 ]
 [ 0.12498098  0.05045684]
 [ 0.12167947 -0.23118514]
 [-0.00564178  0.26358755]
 [-0.50889777 -0.04251806]
 [ 0.10315003  0.37275492]
 [-0.24069565 -0.08367941]
 [ 0.20282819 -0.26458893]
 [-0.29433192  0.18909968]
 [-0.1430745  -0.1385165 ]
 [-0.00983485 -0.03769087]
 [ 0.06138743 -0.25440643]
 [-0.46078093 -0.47186306]
 [ 0.05831246  0.17123414]
 [-0.06285294  0.31254669]
 [-0.10303948 -0.1061061 ]
 [-0.03319841  0.03092991]
 [ 0.30711269 -0.34460308]
 [ 0.05321038  0.09995521]
 [ 0.38521606  0.11494185]
 [-0.35565145 -0.04633247]
 [-0.06315498  0.03980229]
 [ 0.48791211  0.07565232]
 [-0.23904346 -0.0334263 ]
 [ 0.37121972  0.02036391]
 [ 0.17032019 -0.23711629]
 [-0.46684119  0.015313  ]
 [ 0.18854383  0.22883411]
 [ 0.05999715 -0.06400947]
 [-0.44446387  0.1027663 ]
 [ 0.25316711 -0.11122038]
 [ 0.26448483  0.28173298]
 [-0.10799319  0.23460967]
 [ 0.15744836  0.22809664]
 [-0.01817913 -0.09999217]
 [ 0.24352605 -0.28265315]
 [-0.18725312 -0.16044788]
 [ 0.0785242  -0.2422048 ]
 [ 0.09149951  0.08014693]
 [ 0.08608148 -0.11443365]
 [ 0.25186981  0.27957108]
 [ 0.15908459  0.16809771]
 [-0.10663651  0.25521724]
 [-0.29929247 -0.24296152]
 [ 0.01488239 -0.34908356]
 [-0.05637775 -0.11548187]
 [-0.11376255  0.01936262]
 [ 0.11131402 -0.19894516]
 [-0.28999486  0.07111781]
 [-0.16553603 -0.22380597]
 [ 0.50505342  0.08726108]
 [-0.07435956  0.16824242]
 [ 0.20120182  0.50514924]
 [-0.10617951 -0.18712893]
 [-0.26126973  0.35232667]
 [-0.03063333 -0.19511886]
 [ 0.00177244  0.22443775]
 [ 0.20016391  0.16445873]
 [-0.74265225  0.10333553]
 [-0.42576213 -0.36573918]
 [ 0.06888031 -0.08399857]
 [-0.18702102  0.0441562 ]
 [ 0.08460438 -0.3628696 ]
 [-0.11384097  0.27538485]
 [-0.42684392  0.25893241]
 [ 0.13756091  0.08033923]
 [-0.23254519 -0.08819182]
 [ 0.12682892  0.18299481]
 [ 0.05489782  0.11578373]
 [ 0.21946289  0.09496733]
 [ 0.21790734 -0.04702323]
 [-0.01636437 -0.21779569]
 [-0.14374845 -0.16472935]
 [ 0.05885702 -0.14380192]
 [ 0.13072217  0.3577653 ]
 [ 0.3364303  -0.2002125 ]
 [-0.19675437 -0.28454524]
 [-0.12305994 -0.08104615]
 [ 0.08263816 -0.08341746]
 [ 0.12045114  0.43869547]
 [ 0.00807849 -0.34961504]
 [ 0.34846332  0.18788041]
 [ 0.27013657 -0.2300465 ]
 [-0.47860677  0.17038046]
 [ 0.20004899 -0.53608674]
 [ 0.00786356 -0.19779736]
 [ 0.10853037 -0.00766632]
 [ 0.12910022  0.2387608 ]
 [ 0.02788947  0.14610272]
 [-0.0900564  -0.44021062]
 [ 0.21224557 -0.02881958]
 [-0.21018928  0.11571417]
 [ 0.44620416  0.25372445]
 [ 0.07452973  0.35384456]
 [ 0.17492946 -0.66997259]
 [-0.02707196  0.39422939]
 [-0.02480932 -0.13301437]
 [-0.06627553 -0.12919628]
 [-0.13510398  0.20412006]
 [ 0.4036049  -0.02529134]
 [-0.14762169 -0.18485579]
 [ 0.06345368 -0.08934265]
 [ 0.18249873  0.03517341]
 [-0.08032526 -0.09848966]
 [-0.15748014 -0.36797889]]
States:
[[0.99948083 0.99839543 0.53272366 0.53852624 0.51343481 0.59736488]
 [0.99921317 0.99868813 0.53807059 0.53484043 0.58094805 0.54822771]
 [0.99880697 0.9996086  0.5446578  0.51903897 0.52968566 0.43701951]
 ...
 [0.13499981 0.98195091 0.86262494 0.37178034 0.65498294 0.47350261]
 [0.11787234 0.97669291 0.84361346 0.35465739 0.69897869 0.48515205]
 [0.10078344 0.97046043 0.82254064 0.33685788 0.67471415 0.46156966]]
Logstds:
[[-3. -3.]
 [-3. -3.]
 [-3. -3.]
 [-3. -3.]
 [-3. -3.]
 [-3. -3.]
 [-3. -3.]
 [-3. -3.]
 [-3. -3.]
 [-3. -3.]
 [-3. -3.]
 [-3. -3.]
 [-3. -3.]
 [-3. -3.]
 [-3. -3.]
 [-3. -3.]
 [-3. -3.]
 [-3. -3.]
 [-3. -3.]
 [-3. -3.]
 [-3. -3.]
 [-3. -3.]
 [-3. -3.]
 [-3. -3.]
 [-3. -3.]
 [-3. -3.]
 [-3. -3.]
 [-3. -3.]
 [-3. -3.]
 [-3. -3.]
 [-3. -3.]
 [-3. -3.]
 [-3. -3.]
 [-3. -3.]
 [-3. -3.]
 [-3. -3.]
 [-3. -3.]
 [-3. -3.]
 [-3. -3.]
 [-3. -3.]
 [-3. -3.]
 [-3. -3.]
 [-3. -3.]
 [-3. -3.]
 [-3. -3.]
 [-3. -3.]
 [-3. -3.]
 [-3. -3.]
 [-3. -3.]
 [-3. -3.]
 [-3. -3.]
 [-3. -3.]
 [-3. -3.]
 [-3. -3.]
 [-3. -3.]
 [-3. -3.]
 [-3. -3.]
 [-3. -3.]
 [-3. -3.]
 [-3. -3.]
 [-3. -3.]
 [-3. -3.]
 [-3. -3.]
 [-3. -3.]
 [-3. -3.]
 [-3. -3.]
 [-3. -3.]
 [-3. -3.]
 [-3. -3.]
 [-3. -3.]
 [-3. -3.]
 [-3. -3.]
 [-3. -3.]
 [-3. -3.]
 [-3. -3.]
 [-3. -3.]
 [-3. -3.]
 [-3. -3.]
 [-3. -3.]
 [-3. -3.]
 [-3. -3.]
 [-3. -3.]
 [-3. -3.]
 [-3. -3.]
 [-3. -3.]
 [-3. -3.]
 [-3. -3.]
 [-3. -3.]
 [-3. -3.]
 [-3. -3.]
 [-3. -3.]
 [-3. -3.]
 [-3. -3.]
 [-3. -3.]
 [-3. -3.]
 [-3. -3.]
 [-3. -3.]
 [-3. -3.]
 [-3. -3.]
 [-3. -3.]
 [-3. -3.]
 [-3. -3.]
 [-3. -3.]
 [-3. -3.]
 [-3. -3.]
 [-3. -3.]
 [-3. -3.]
 [-3. -3.]
 [-3. -3.]
 [-3. -3.]
 [-3. -3.]
 [-3. -3.]
 [-3. -3.]
 [-3. -3.]
 [-3. -3.]
 [-3. -3.]
 [-3. -3.]
 [-3. -3.]
 [-3. -3.]
 [-3. -3.]
 [-3. -3.]
 [-3. -3.]
 [-3. -3.]
 [-3. -3.]
 [-3. -3.]
 [-3. -3.]
 [-3. -3.]
 [-3. -3.]
 [-3. -3.]
 [-3. -3.]
 [-3. -3.]
 [-3. -3.]
 [-3. -3.]
 [-3. -3.]
 [-3. -3.]
 [-3. -3.]
 [-3. -3.]
 [-3. -3.]
 [-3. -3.]
 [-3. -3.]
 [-3. -3.]
 [-3. -3.]
 [-3. -3.]
 [-3. -3.]
 [-3. -3.]
 [-3. -3.]
 [-3. -3.]
 [-3. -3.]
 [-3. -3.]
 [-3. -3.]
 [-3. -3.]
 [-3. -3.]
 [-3. -3.]
 [-3. -3.]
 [-3. -3.]
 [-3. -3.]
 [-3. -3.]
 [-3. -3.]
 [-3. -3.]
 [-3. -3.]
 [-3. -3.]
 [-3. -3.]
 [-3. -3.]
 [-3. -3.]
 [-3. -3.]
 [-3. -3.]
 [-3. -3.]
 [-3. -3.]
 [-3. -3.]
 [-3. -3.]
 [-3. -3.]
 [-3. -3.]
 [-3. -3.]
 [-3. -3.]
 [-3. -3.]
 [-3. -3.]
 [-3. -3.]
 [-3. -3.]
 [-3. -3.]
 [-3. -3.]
 [-3. -3.]
 [-3. -3.]
 [-3. -3.]
 [-3. -3.]
 [-3. -3.]
 [-3. -3.]
 [-3. -3.]
 [-3. -3.]
 [-3. -3.]
 [-3. -3.]
 [-3. -3.]
 [-3. -3.]
 [-3. -3.]
 [-3. -3.]
 [-3. -3.]
 [-3. -3.]
 [-3. -3.]
 [-3. -3.]
 [-3. -3.]
 [-3. -3.]]
