Baseline:
[1.2938104  1.2859657  1.2775056  1.2704903  1.2867675  1.2787163
 1.2965914  1.2953869  1.3167464  1.3068645  1.3009467  1.3080038
 1.2723366  1.2762557  1.2622131  1.2523646  1.2435728  1.2207365
 1.228072   1.210876   1.211932   1.1917915  1.1892321  1.2096255
 1.1742716  1.1730549  1.2014434  1.1894989  1.1965914  1.1968503
 1.1722525  1.1611004  1.1411619  1.1377163  1.1265144  1.1344616
 1.1361916  1.1298478  1.1052547  1.0907265  1.075138   1.0738709
 1.0790131  1.0771894  1.0678444  1.0575001  1.0558157  1.0734521
 1.0744104  1.0667914  1.0612974  1.0781826  1.061342   1.0642142
 1.0406219  1.0399033  1.0172453  1.0081084  0.99212486 0.9914573
 1.0081778  0.99955535 0.9926631  0.9796601  0.9815408  0.986209
 1.0071287  0.9905089  0.98805445 0.9915411  1.00737    1.0122015
 1.0425075  1.0430598  1.0947692  1.0946081  1.0890197  1.0996928
 1.1032169  1.1007409  1.1157324  1.1112945  1.0984302  1.117586
 1.1079043  1.1071467  1.092099   1.0710508  1.0808781  1.0704074
 1.110193   1.0890485  1.0892818  1.0835493  1.0686734  1.0845087
 1.0835001  1.0751973  1.0463328  1.0481473  1.0414802  1.0344148
 1.0402627  1.0153248  0.9806138  0.95659584 0.9295219  0.8959259
 0.8835448  0.8638065  0.8496489  0.8441802  0.828303   0.8324194
 0.8431845  0.87031865 0.93264776 0.9470574  0.94678503 0.9504967
 0.9498257  0.9564085  0.959106   0.97238004 1.0114691  1.027631
 1.0360441  1.0575814  1.082083   1.0724114  1.0850468  1.0962255
 1.1125451  1.1331413  1.125773   1.1258858  1.1565838  1.1620615
 1.1718892  1.1876175  1.1918414  1.1880622  1.2109973  1.2171953
 1.2209141  1.242298   1.2669413  1.2787356  1.3030312  1.3009975
 1.3130218  1.3492517  1.3718251  1.3777318  1.394007   1.3952811
 1.3950528  1.3905249  1.3896914  1.3879969  1.3803949  1.3475158
 1.3253328  1.2889465  1.2794163  1.282127   1.2646261  1.2501816
 1.2467152  1.215024   1.213055   1.1998386  1.1722443  1.1566873
 1.1334763  1.1269059  1.1308981  1.1196449  1.098819   1.0279205
 1.0103147  0.9836689  0.9907347  0.98764575 0.99862266 0.9835946
 0.9866616  0.9646733  0.9965941  0.99354696 0.99816173 1.0235419
 1.0095232  0.9891281  0.99128044 1.0107012  1.0306144  1.0407495
 1.0550544  1.0577352  1.0577352 ]
Returns:
[5.02427748 5.06135053 5.1089711  5.14838668 5.11752674 4.97738365
 4.90738016 4.94573122 4.84489381 4.86335829 4.81482503 4.8425661
 4.63339325 4.62111551 4.60840244 4.56604758 4.57114957 4.51846297
 4.51033942 4.53624829 4.55454171 4.56720973 4.56308197 4.45118021
 4.20059718 4.1641786  3.83737864 3.81181936 3.5529314  3.55322955
 3.51611662 3.55596756 3.60454112 3.624035   3.68676624 3.63693326
 3.67900722 3.6574969  3.51137987 3.55100334 3.60068741 3.6430442
 3.6423622  3.58811643 3.68442625 3.72718799 3.76124363 3.68544571
 3.73615734 3.77648268 3.70920603 3.62678451 3.16831683 3.13201281
 3.08862411 2.9832225  2.80846146 2.6327786  2.66873895 2.6589763
 2.53446508 2.56961359 2.56998013 2.59883566 2.63114642 2.65063535
 2.55933366 2.56346846 2.52677793 2.45547141 2.53317019 2.5734956
 2.5239568  2.57921291 2.1822425  2.27231332 2.32905942 2.4124606
 2.48315966 2.56802521 2.64630164 2.76128921 2.82195967 2.73770282
 2.84127571 2.95868248 3.03639117 3.10981522 3.15564699 3.27796028
 2.91259939 2.84455281 2.93503485 3.03158431 3.05158829 3.03010341
 3.08878192 3.05027422 2.90977035 2.96348068 2.99310411 3.02832542
 2.96533435 2.90284037 2.70934205 2.61154722 2.56829135 2.54382235
 2.59633529 2.56491507 2.61442474 2.69183207 2.61703769 2.61792604
 2.67130636 2.70112975 2.74810987 2.65873664 2.51693731 2.58873923
 2.74101679 2.78544605 2.93094472 3.02539136 2.98108561 2.94814563
 3.113077   3.15671731 3.30662057 3.31012435 3.5008046  3.68467123
 3.80189122 3.93425152 4.05888328 4.19436813 4.09472253 4.23475048
 4.34244416 4.4502366  4.52217489 4.69019689 4.64254381 4.81021117
 4.95202327 5.01576892 4.93397967 5.00407982 4.90530623 4.98109737
 5.09848284 4.84275114 4.83667922 4.88365945 4.87647562 4.94797053
 4.80212364 4.69814254 4.6210222  4.53748095 4.53650073 4.27463886
 4.2269032  3.90176735 3.8738945  3.80902998 3.78812782 3.80658236
 3.74490074 3.57608573 3.50224128 3.50303788 3.47640647 3.38601424
 3.44973234 3.4927329  3.39082707 3.41476837 3.22456526 3.21719088
 3.21032237 3.0413827  3.05663238 3.06795632 3.08570874 2.94342277
 2.95967588 2.75267699 2.62441277 2.54848229 2.32012572 2.17433207
 1.9398302  1.61233991 1.45391176 1.25489637 1.08767807 0.88894649
 0.67822327 0.28695732]
Advants:
[2.48679669 2.5425341  2.61209065 2.67458137 2.64341441 2.52456779
 2.44834491 2.50177243 2.39085002 2.43230788 2.40260279 2.43793683
 2.27496296 2.2696941  2.28292375 2.26232576 2.28957203 2.27328858
 2.27207392 2.33196985 2.36796181 2.42213709 2.44370719 2.33243017
 2.13335293 2.11459019 1.76625609 1.75965848 1.49306681 1.49244393
 1.47882314 1.53020389 1.60124461 1.62763776 1.70760537 1.65458666
 1.70134552 1.69267135 1.57443433 1.6338276  1.70680721 1.76014367
 1.76467928 1.72187822 1.84124154 1.91086624 1.96563736 1.88996572
 1.96053364 2.03254855 1.9949762  1.91887077 1.4887628  1.46087531
 1.45271717 1.35742614 1.21081098 1.04506958 1.09949296 1.09280727
 0.94982227 0.99304426 0.99993179 1.04268211 1.07502096 1.09237163
 0.9794248  1.00003408 0.96458141 0.88615487 0.94599542 0.9803848
 0.89687206 0.9492872  0.48424718 0.55951598 0.6075405  0.66698886
 0.72183044 0.79848912 0.85213844 0.96480112 1.03327124 0.92116419
 1.02848643 1.14386759 1.23647262 1.33370217 1.37381231 1.51515873
 1.10677367 1.05490654 1.14255855 1.24518596 1.28151938 1.24462231
 1.30661449 1.27797698 1.16458575 1.2161855  1.25327714 1.297741
 1.22913555 1.19067135 1.02598762 0.94353033 0.91742804 0.91607186
 0.97159669 0.94938624 1.00359707 1.07877427 1.0096803  0.99530859
 1.02714898 1.01822859 0.98980631 0.86862675 0.70384396 0.74880323
 0.88138061 0.89829108 1.02278929 1.08661032 0.98180654 0.90795335
 1.04245254 1.04134427 1.14543592 1.13589325 1.29479143 1.45204233
 1.53931132 1.63973953 1.76352054 1.89416    1.75464958 1.88341331
 1.97802661 2.0694083  2.13847663 2.31706044 2.25164934 2.4237309
 2.57761122 2.63841505 2.54870387 2.62695873 2.52173184 2.62132572
 2.75356899 2.48174968 2.47407674 2.53917946 2.54107106 2.64097372
 2.523062   2.45060006 2.40124446 2.34609166 2.38188625 2.17747948
 2.17780608 1.90820988 1.91008491 1.86235977 1.88039441 1.93757289
 1.90390488 1.78917849 1.73938539 1.7777954  1.8052634  1.75687675
 1.87519594 1.96036419 1.88982062 1.96446992 1.83266994 1.93893706
 1.99639065 1.90039175 1.95906754 2.02871942 2.09564912 2.02973394
 2.10989626 1.99184533 1.89936992 1.89771004 1.73482421 1.63441224
 1.48389998 1.2432383  1.14978437 0.9974373  0.87623725 0.73245872
 0.57110384 0.23407054]
Mus:
[[-1.73079949e-02 -6.36146776e-03]
 [-1.78461708e-02 -6.84781885e-03]
 [-1.76615771e-02 -7.05525232e-03]
 [-1.69789866e-02 -6.69728313e-03]
 [-1.69421826e-02 -6.55696820e-03]
 [-1.68143176e-02 -5.87214855e-03]
 [-1.69868022e-02 -5.71930781e-03]
 [-1.71674378e-02 -6.12869672e-03]
 [-1.70417130e-02 -6.06096350e-03]
 [-1.73851456e-02 -6.39130548e-03]
 [-1.72363278e-02 -5.96118718e-03]
 [-1.73404031e-02 -6.20004954e-03]
 [-1.73578262e-02 -6.20014500e-03]
 [-1.81305874e-02 -6.91931089e-03]
 [-1.75045189e-02 -6.59996830e-03]
 [-1.73037238e-02 -6.33365940e-03]
 [-1.76354256e-02 -6.43769931e-03]
 [-1.73647609e-02 -6.35340763e-03]
 [-1.85019989e-02 -7.05922861e-03]
 [-1.84548851e-02 -7.09981238e-03]
 [-1.87892858e-02 -7.56385643e-03]
 [-1.86663549e-02 -7.51044182e-03]
 [-1.90936346e-02 -8.27217102e-03]
 [-2.03056391e-02 -8.85606557e-03]
 [-1.91871524e-02 -7.96832237e-03]
 [-1.99352615e-02 -8.10971484e-03]
 [-2.16167327e-02 -8.63456074e-03]
 [-2.21639108e-02 -8.58737808e-03]
 [-2.27783173e-02 -8.23471323e-03]
 [-2.40364037e-02 -8.60778708e-03]
 [-2.55030207e-02 -9.49737616e-03]
 [-2.73775794e-02 -1.04522221e-02]
 [-2.80665066e-02 -1.08818617e-02]
 [-2.88825985e-02 -1.11584794e-02]
 [-2.95112971e-02 -1.15342000e-02]
 [-3.07157077e-02 -1.18861096e-02]
 [-3.17518599e-02 -1.23506896e-02]
 [-3.14695425e-02 -1.19672287e-02]
 [-3.16248685e-02 -1.25637874e-02]
 [-3.11957449e-02 -1.23876520e-02]
 [-3.07668597e-02 -1.22072920e-02]
 [-3.16880010e-02 -1.26081295e-02]
 [-3.27745117e-02 -1.32891918e-02]
 [-3.27614993e-02 -1.30010759e-02]
 [-3.24603543e-02 -1.29470136e-02]
 [-3.26394103e-02 -1.34263821e-02]
 [-3.37308757e-02 -1.42975096e-02]
 [-3.49532180e-02 -1.50575172e-02]
 [-3.36319134e-02 -1.45033002e-02]
 [-3.36758867e-02 -1.50694121e-02]
 [-3.03640142e-02 -1.34095605e-02]
 [-3.13049555e-02 -1.40333148e-02]
 [-2.68045515e-02 -1.12763112e-02]
 [-2.79784650e-02 -1.23490188e-02]
 [-2.56697703e-02 -1.12666301e-02]
 [-2.50950977e-02 -1.06301121e-02]
 [-2.44575404e-02 -1.09305158e-02]
 [-2.54157949e-02 -1.20997066e-02]
 [-2.30747741e-02 -1.12752011e-02]
 [-2.10016835e-02 -1.04110232e-02]
 [-2.06869040e-02 -1.05002234e-02]
 [-1.77836530e-02 -9.14706383e-03]
 [-1.72954239e-02 -9.40364972e-03]
 [-1.47873284e-02 -8.67605396e-03]
 [-1.32783856e-02 -8.36602598e-03]
 [-1.27129881e-02 -8.45005829e-03]
 [-1.41309872e-02 -9.33953281e-03]
 [-1.03723938e-02 -8.05805158e-03]
 [-8.12858623e-03 -7.30806682e-03]
 [-3.69388587e-03 -5.06702811e-03]
 [-1.56004028e-03 -3.92059842e-03]
 [ 8.80188949e-04 -2.62525817e-03]
 [ 2.13844911e-03 -1.24292623e-03]
 [ 1.40989933e-03 -1.09794654e-03]
 [ 5.03392308e-04 -6.22325460e-04]
 [-3.12431686e-04 -1.00190146e-03]
 [-1.42388104e-03 -1.23945554e-03]
 [-3.14702373e-03 -1.89114036e-03]
 [-3.27228941e-03 -1.45947363e-03]
 [-4.70813969e-03 -2.08515115e-03]
 [-4.18290356e-03 -1.49624958e-03]
 [-4.64281859e-03 -1.60166621e-03]
 [-4.28480702e-03 -1.30905129e-03]
 [-5.51855937e-03 -1.56923453e-03]
 [-6.97708223e-03 -2.19028979e-03]
 [-7.19277328e-03 -2.06695381e-03]
 [-9.13602673e-03 -2.99292454e-03]
 [-9.08512808e-03 -2.78821308e-03]
 [-1.08715100e-02 -3.32351169e-03]
 [-1.22078629e-02 -3.80650698e-03]
 [-1.35387089e-02 -3.81218712e-03]
 [-1.75553188e-02 -5.88298356e-03]
 [-1.88941527e-02 -6.26003463e-03]
 [-2.13694572e-02 -7.34455837e-03]
 [-2.40761656e-02 -8.84321705e-03]
 [-2.69680507e-02 -9.71873105e-03]
 [-3.04804705e-02 -1.14193019e-02]
 [-3.40760387e-02 -1.34409023e-02]
 [-3.29118259e-02 -1.32288216e-02]
 [-3.74098085e-02 -1.51057383e-02]
 [-3.96211743e-02 -1.61045752e-02]
 [-4.11270410e-02 -1.68574024e-02]
 [-4.33403589e-02 -1.81432907e-02]
 [-4.08265740e-02 -1.72806475e-02]
 [-3.60086821e-02 -1.54839978e-02]
 [-3.27970982e-02 -1.43415537e-02]
 [-2.93034334e-02 -1.30167538e-02]
 [-2.47348677e-02 -1.12008015e-02]
 [-2.17582248e-02 -1.01872077e-02]
 [-1.65533144e-02 -8.10040347e-03]
 [-1.12606604e-02 -5.89200016e-03]
 [-6.72685914e-03 -4.08413680e-03]
 [ 9.29756614e-04 -5.96277008e-04]
 [ 7.70370383e-03  2.47194385e-03]
 [ 1.24209728e-02  4.44964319e-03]
 [ 1.07956743e-02  3.47307860e-03]
 [-3.32263531e-03 -4.30654921e-03]
 [-4.48194239e-03 -5.03987120e-03]
 [-2.45740497e-03 -3.82755836e-03]
 [-3.25468672e-03 -4.22422169e-03]
 [-2.27445317e-03 -3.57671850e-03]
 [ 1.25304249e-03 -1.29539846e-03]
 [-7.74610555e-04 -2.09414214e-03]
 [-3.67991067e-03 -3.40067968e-03]
 [-6.96685049e-04 -1.56402425e-03]
 [ 3.52153392e-03  1.10367616e-03]
 [ 8.07164586e-04 -6.15896352e-05]
 [-4.00576694e-03 -2.46576057e-03]
 [-5.21651469e-03 -2.65242113e-03]
 [-7.95800611e-03 -3.65471188e-03]
 [-9.99723654e-03 -4.24498366e-03]
 [-1.24642570e-02 -4.99487016e-03]
 [-1.61481667e-02 -6.59227232e-03]
 [-1.68314073e-02 -6.43311115e-03]
 [-2.12303642e-02 -8.26867577e-03]
 [-2.51651946e-02 -1.00756940e-02]
 [-2.47093607e-02 -9.17993579e-03]
 [-2.56054141e-02 -9.29615367e-03]
 [-2.62314528e-02 -9.22593381e-03]
 [-2.88888793e-02 -1.03991413e-02]
 [-2.85934042e-02 -9.88007616e-03]
 [-3.00710853e-02 -1.05805630e-02]
 [-3.35691795e-02 -1.24477576e-02]
 [-3.45024057e-02 -1.28634516e-02]
 [-3.51171382e-02 -1.34584820e-02]
 [-3.69233228e-02 -1.45371426e-02]
 [-3.80177274e-02 -1.53705496e-02]
 [-3.73250060e-02 -1.52087035e-02]
 [-3.48816067e-02 -1.38251204e-02]
 [-3.25959288e-02 -1.29926503e-02]
 [-3.19416113e-02 -1.29276644e-02]
 [-3.18229534e-02 -1.29111940e-02]
 [-2.91353315e-02 -1.15681775e-02]
 [-2.70903558e-02 -1.06468620e-02]
 [-2.56005544e-02 -9.83592682e-03]
 [-2.37362962e-02 -9.04806517e-03]
 [-2.17049904e-02 -8.14302452e-03]
 [-2.02315431e-02 -7.29242666e-03]
 [-1.90425366e-02 -6.31776871e-03]
 [-1.81429479e-02 -5.44347940e-03]
 [-1.80182178e-02 -5.13944170e-03]
 [-2.02288013e-02 -6.66108914e-03]
 [-2.16917768e-02 -7.59109622e-03]
 [-2.18450129e-02 -8.00955202e-03]
 [-2.18505953e-02 -7.87114911e-03]
 [-2.27722172e-02 -8.50963872e-03]
 [-2.22589727e-02 -8.14719964e-03]
 [-2.30589770e-02 -8.56652670e-03]
 [-2.49493904e-02 -9.36831348e-03]
 [-2.32089572e-02 -8.06255452e-03]
 [-2.67282054e-02 -9.88642592e-03]
 [-2.98614595e-02 -1.14741959e-02]
 [-3.28161828e-02 -1.30272759e-02]
 [-3.28543335e-02 -1.28859384e-02]
 [-3.50728966e-02 -1.39943250e-02]
 [-3.61478366e-02 -1.43614663e-02]
 [-3.56778577e-02 -1.37695512e-02]
 [-3.90707850e-02 -1.55323185e-02]
 [-3.68029326e-02 -1.38297118e-02]
 [-3.00731882e-02 -1.04306862e-02]
 [-2.73353606e-02 -9.40294750e-03]
 [-2.16779262e-02 -7.10787997e-03]
 [-2.05935165e-02 -6.70854514e-03]
 [-1.78152099e-02 -5.53010684e-03]
 [-1.79095510e-02 -5.68160322e-03]
 [-1.31898532e-02 -3.45549523e-03]
 [-1.16724158e-02 -2.80043622e-03]
 [-6.39758445e-03 -4.13873146e-04]
 [-8.00308399e-03 -1.44183915e-03]
 [-5.14030736e-03 -3.35703749e-04]
 [-2.70925043e-03  1.77146620e-04]
 [-2.37675058e-03  2.07329620e-04]
 [-5.42715134e-04  1.60894904e-03]
 [ 1.89130427e-03  2.82990187e-03]
 [ 3.36239091e-03  3.41427233e-03]
 [ 5.05148852e-03  3.50113329e-03]
 [ 5.31058758e-03  3.41334566e-03]
 [ 6.04588725e-03  3.64199094e-03]
 [ 7.13086640e-03  3.92289460e-03]
 [ 6.07484765e-03  4.23144177e-03]]
Actions:
[[-1.90363962e-01  2.76429361e-02]
 [-1.90250855e-01  2.80740693e-02]
 [ 2.90886105e-02 -1.24254755e-01]
 [ 2.23763098e-01  1.23513746e-01]
 [ 2.00806071e-01 -3.20490415e-01]
 [ 2.54316876e-01  1.04376388e-01]
 [-1.56020013e-01  1.01795781e-01]
 [ 2.11490990e-01  2.65782104e-01]
 [-2.48318579e-01 -4.29912701e-02]
 [ 8.50240267e-02 -2.22874643e-01]
 [-3.90565474e-02  1.74033435e-01]
 [-3.08693006e-01 -4.29858996e-01]
 [-1.26475055e-01  2.07369951e-01]
 [-3.96963757e-02 -2.02698286e-01]
 [ 5.15556816e-02 -2.01512460e-01]
 [ 5.86508560e-04 -1.23950888e-01]
 [-9.19234861e-02 -2.68224109e-01]
 [ 2.10893480e-02  1.83185665e-01]
 [-6.52655058e-02 -1.52683716e-01]
 [-4.68104968e-02  1.43847730e-01]
 [-5.28091216e-02 -1.86978525e-01]
 [-2.40834240e-01  2.33642429e-01]
 [ 1.99602145e-01  3.24354368e-01]
 [ 2.06579077e-02 -5.30943048e-01]
 [ 1.79882642e-01 -3.05555417e-03]
 [ 4.28225044e-01  3.36402786e-01]
 [ 9.19463765e-02 -1.81534000e-01]
 [ 4.52249817e-01 -7.78454777e-02]
 [ 9.91097867e-02  8.09831784e-03]
 [-3.48778565e-01 -1.25813784e-01]
 [-2.04008267e-01  8.37009635e-02]
 [-1.97528571e-01 -7.07878546e-02]
 [ 5.19413694e-02  3.77277655e-02]
 [-1.36010480e-01  4.45958266e-03]
 [ 1.78519580e-01  1.70660341e-01]
 [-2.42693052e-02  1.28250555e-01]
 [ 1.65690725e-01 -1.49944638e-01]
 [-5.57422318e-01 -9.56711204e-02]
 [-3.98927186e-02 -1.22796223e-01]
 [-3.73855695e-02 -1.18958328e-01]
 [ 1.72234154e-02  1.29574195e-01]
 [-8.86746252e-02  2.50996784e-01]
 [ 2.67119434e-01 -5.35417005e-03]
 [-7.49324216e-02 -6.28771500e-02]
 [-3.51913945e-01  4.99060168e-04]
 [-2.87794246e-01  1.33876548e-01]
 [ 1.08296398e-01  3.46051158e-01]
 [ 1.21319846e-01  8.05494311e-03]
 [-3.71067305e-01  3.84615397e-02]
 [ 2.63116499e-01 -1.73306134e-01]
 [ 1.28404402e-01  3.33006733e-01]
 [ 4.63041713e-01 -4.83844965e-01]
 [-3.33388634e-01  1.93562879e-01]
 [-9.74205118e-02 -3.41233056e-01]
 [ 3.26184739e-01 -3.46505284e-02]
 [-5.54821245e-01 -1.47056212e-01]
 [-5.55379707e-01  8.04835101e-02]
 [-1.26680675e-01 -1.26635264e-01]
 [ 1.65218419e-01  7.60563057e-02]
 [ 1.86246563e-01  3.24955054e-01]
 [ 3.59092122e-02 -1.73607573e-01]
 [-3.11098751e-01  7.54358738e-02]
 [-2.81315139e-01 -4.57145381e-02]
 [-1.21677321e-01  1.98463391e-01]
 [-1.14031680e-01  2.34350365e-01]
 [ 3.17863986e-02  3.99912687e-01]
 [-3.31958479e-01 -1.47376284e-01]
 [-4.39283204e-01  4.15250271e-02]
 [ 2.82615430e-01 -2.44129060e-01]
 [ 9.11453492e-02  2.50403714e-03]
 [-9.21382777e-02 -2.37921505e-01]
 [ 3.35011089e-01 -1.39961381e-01]
 [-8.20764794e-02 -2.11904885e-01]
 [ 6.08485846e-01  3.13849988e-01]
 [-1.55469441e-01 -2.32248766e-02]
 [-1.87847652e-01 -1.71169709e-01]
 [-1.77320852e-02  1.69531390e-01]
 [-2.33318701e-02 -2.10336849e-01]
 [-1.90469162e-01  3.02348112e-02]
 [ 1.82205087e-01 -7.19154550e-03]
 [-1.02265250e-01 -8.51972552e-02]
 [-1.41324223e-01 -2.39277239e-01]
 [ 2.64762677e-01  3.61032023e-01]
 [-1.74867246e-01 -9.44072075e-03]
 [ 5.21122951e-02 -4.58526713e-02]
 [-2.72622876e-01  2.98654934e-02]
 [-1.24508012e-01 -2.40581417e-01]
 [ 1.51297197e-01  1.82905463e-01]
 [-7.89345874e-02 -4.66019593e-02]
 [ 5.50674296e-01  3.42274283e-01]
 [-4.49047368e-01  9.25351459e-02]
 [ 6.26820287e-02 -4.75309548e-02]
 [-1.14771448e-01  8.22144220e-02]
 [-3.38920575e-01  8.26477226e-02]
 [ 2.60332860e-01  6.35518138e-02]
 [-1.93877747e-01  1.10267681e-01]
 [-3.77723906e-01  1.78465915e-01]
 [-3.10270836e-01 -3.93766233e-01]
 [-1.68851940e-01  5.69054683e-02]
 [ 2.35467867e-02 -1.12009190e-01]
 [-1.10703466e-01 -1.22327279e-01]
 [-3.52259110e-01  1.93762816e-01]
 [-4.03674794e-02 -3.47184490e-01]
 [ 1.27273095e-01 -4.39277015e-01]
 [-3.44541499e-01 -2.43341364e-01]
 [ 7.56107348e-02 -2.30939374e-01]
 [-9.52037007e-02 -2.75066748e-01]
 [-5.00850839e-02  6.11114527e-02]
 [ 2.11832017e-01 -1.25083285e-01]
 [ 6.07917550e-02 -1.18640831e-01]
 [ 1.58849329e-02  3.37206933e-02]
 [ 1.18019563e-01 -3.46696141e-01]
 [ 6.86316968e-02 -2.57320013e-01]
 [-8.86176886e-02 -1.44873885e-01]
 [-2.43197416e-01 -6.25053495e-03]
 [-1.41292491e-01 -1.02593036e-01]
 [-3.44620418e-01  3.52766715e-01]
 [ 4.91955053e-01 -7.25183443e-02]
 [-2.16783017e-01  2.00757660e-01]
 [ 3.95871663e-02 -4.11617413e-03]
 [ 2.47496232e-01 -2.01205106e-01]
 [-1.34381491e-01  1.23979777e-01]
 [-7.20415450e-02  3.05299134e-01]
 [ 4.06433169e-01  2.25723492e-01]
 [ 4.02061955e-01 -1.73240355e-01]
 [-4.97640497e-02  1.23218341e-01]
 [-9.81622554e-02  3.76068416e-01]
 [ 1.84312133e-01  2.76871588e-02]
 [-3.28961839e-01 -3.14554748e-01]
 [-2.50112948e-02 -3.71759408e-02]
 [-5.38343851e-02 -5.68098672e-02]
 [ 5.89407269e-03  2.50993303e-01]
 [ 2.04084777e-01 -1.99762943e-02]
 [-2.79950369e-01 -5.08036798e-02]
 [-2.39583199e-01  1.08339225e-01]
 [ 4.51161446e-01 -1.39165256e-01]
 [ 5.75134166e-02 -1.36374626e-01]
 [ 1.44675915e-01 -1.12944685e-01]
 [ 3.74293718e-02  2.26102396e-01]
 [ 1.06948304e-01 -2.58958724e-01]
 [-1.34987492e-01 -4.83523981e-02]
 [-4.65393126e-02  4.70040230e-01]
 [-5.50375341e-02 -1.40654231e-02]
 [-2.02146030e-01  8.67626134e-02]
 [-7.80301039e-02  3.28567705e-01]
 [-1.29022003e-01  5.02090595e-01]
 [-9.65613810e-02 -2.51150052e-01]
 [ 3.79628643e-01 -1.39310182e-01]
 [-7.86235235e-02 -1.99529236e-01]
 [-3.13411598e-02  1.20424610e-01]
 [ 2.19768721e-01  5.39384998e-01]
 [ 2.57724447e-01 -1.42504057e-02]
 [-1.50974444e-02 -1.61534574e-01]
 [ 1.33829555e-01  2.38804456e-01]
 [-1.04153044e-01 -5.17722522e-02]
 [-3.66373624e-02  4.87232643e-01]
 [ 9.72792053e-03  4.17534372e-01]
 [ 2.24003658e-01 -1.66085179e-01]
 [ 2.64325730e-01 -1.13052011e-01]
 [ 9.59436696e-02 -1.14300359e-01]
 [-5.81361196e-01  1.30085532e-01]
 [-2.74582241e-01 -1.21477916e-01]
 [-4.07483033e-01 -4.38031852e-01]
 [ 1.24499825e-01 -6.08454996e-02]
 [ 1.25565481e-01  2.37714124e-01]
 [ 8.34903791e-02 -1.19556346e-01]
 [ 1.05018400e-02  3.17510292e-02]
 [ 1.98133565e-01  2.13698726e-01]
 [ 1.32467644e-01 -4.03472791e-01]
 [-9.38582009e-02  3.17816966e-01]
 [-1.47927269e-01  1.64531891e-01]
 [-2.53130006e-01  1.86804406e-01]
 [ 2.16870113e-01  2.75532994e-01]
 [-1.20582401e-01  3.42412324e-02]
 [ 1.23558260e-01 -1.16062509e-01]
 [ 3.27057367e-01 -2.14863449e-01]
 [-2.68267672e-01  9.46976293e-02]
 [ 2.29294962e-01 -4.44222922e-01]
 [-2.18214373e-01 -2.36854991e-01]
 [-1.87980879e-01 -2.12970033e-01]
 [-1.81353602e-01 -4.43058342e-01]
 [ 1.26407671e-01  3.67109765e-02]
 [ 9.48971806e-02 -1.18661898e-01]
 [ 3.88689485e-02  1.20693439e-01]
 [ 2.07230836e-01 -3.37770428e-01]
 [ 4.36133057e-02 -4.24157500e-02]
 [-7.96720796e-02 -4.46496865e-01]
 [-1.20270931e-01  3.35340893e-01]
 [-1.73840844e-01 -1.81303826e-01]
 [-4.59971224e-01 -6.18952934e-02]
 [ 2.44930795e-01  1.60773668e-01]
 [ 1.43224721e-01 -3.60894989e-01]
 [-2.98733104e-01 -3.69793250e-01]
 [-1.23742779e-01 -1.28655976e-01]
 [-2.60433291e-01  6.34922785e-02]
 [ 2.63854029e-02  7.80906365e-02]
 [-7.74289848e-02 -5.63893512e-02]
 [ 7.27443526e-02  1.59707308e-02]
 [ 2.83067300e-01 -2.61060566e-01]
 [-2.46892750e-01  6.70977237e-02]]
States:
[[0.99787813 0.99808294 0.46279371 0.45789681 0.5133896  0.59691579]
 [0.99751742 0.99812918 0.458983   0.4584069  0.46456456 0.60418431]
 [0.99627313 0.99827078 0.44762776 0.46000929 0.41673428 0.61142155]
 ...
 [0.74712903 0.51135392 0.06735119 0.99775616 0.20730621 0.17119567]
 [0.70666262 0.57890159 0.04626682 0.98777202 0.23204658 0.18380346]
 [0.6720011  0.6482095  0.03173472 0.96870651 0.3102655  0.12355145]]
Logstds:
[[-3. -3.]
 [-3. -3.]
 [-3. -3.]
 [-3. -3.]
 [-3. -3.]
 [-3. -3.]
 [-3. -3.]
 [-3. -3.]
 [-3. -3.]
 [-3. -3.]
 [-3. -3.]
 [-3. -3.]
 [-3. -3.]
 [-3. -3.]
 [-3. -3.]
 [-3. -3.]
 [-3. -3.]
 [-3. -3.]
 [-3. -3.]
 [-3. -3.]
 [-3. -3.]
 [-3. -3.]
 [-3. -3.]
 [-3. -3.]
 [-3. -3.]
 [-3. -3.]
 [-3. -3.]
 [-3. -3.]
 [-3. -3.]
 [-3. -3.]
 [-3. -3.]
 [-3. -3.]
 [-3. -3.]
 [-3. -3.]
 [-3. -3.]
 [-3. -3.]
 [-3. -3.]
 [-3. -3.]
 [-3. -3.]
 [-3. -3.]
 [-3. -3.]
 [-3. -3.]
 [-3. -3.]
 [-3. -3.]
 [-3. -3.]
 [-3. -3.]
 [-3. -3.]
 [-3. -3.]
 [-3. -3.]
 [-3. -3.]
 [-3. -3.]
 [-3. -3.]
 [-3. -3.]
 [-3. -3.]
 [-3. -3.]
 [-3. -3.]
 [-3. -3.]
 [-3. -3.]
 [-3. -3.]
 [-3. -3.]
 [-3. -3.]
 [-3. -3.]
 [-3. -3.]
 [-3. -3.]
 [-3. -3.]
 [-3. -3.]
 [-3. -3.]
 [-3. -3.]
 [-3. -3.]
 [-3. -3.]
 [-3. -3.]
 [-3. -3.]
 [-3. -3.]
 [-3. -3.]
 [-3. -3.]
 [-3. -3.]
 [-3. -3.]
 [-3. -3.]
 [-3. -3.]
 [-3. -3.]
 [-3. -3.]
 [-3. -3.]
 [-3. -3.]
 [-3. -3.]
 [-3. -3.]
 [-3. -3.]
 [-3. -3.]
 [-3. -3.]
 [-3. -3.]
 [-3. -3.]
 [-3. -3.]
 [-3. -3.]
 [-3. -3.]
 [-3. -3.]
 [-3. -3.]
 [-3. -3.]
 [-3. -3.]
 [-3. -3.]
 [-3. -3.]
 [-3. -3.]
 [-3. -3.]
 [-3. -3.]
 [-3. -3.]
 [-3. -3.]
 [-3. -3.]
 [-3. -3.]
 [-3. -3.]
 [-3. -3.]
 [-3. -3.]
 [-3. -3.]
 [-3. -3.]
 [-3. -3.]
 [-3. -3.]
 [-3. -3.]
 [-3. -3.]
 [-3. -3.]
 [-3. -3.]
 [-3. -3.]
 [-3. -3.]
 [-3. -3.]
 [-3. -3.]
 [-3. -3.]
 [-3. -3.]
 [-3. -3.]
 [-3. -3.]
 [-3. -3.]
 [-3. -3.]
 [-3. -3.]
 [-3. -3.]
 [-3. -3.]
 [-3. -3.]
 [-3. -3.]
 [-3. -3.]
 [-3. -3.]
 [-3. -3.]
 [-3. -3.]
 [-3. -3.]
 [-3. -3.]
 [-3. -3.]
 [-3. -3.]
 [-3. -3.]
 [-3. -3.]
 [-3. -3.]
 [-3. -3.]
 [-3. -3.]
 [-3. -3.]
 [-3. -3.]
 [-3. -3.]
 [-3. -3.]
 [-3. -3.]
 [-3. -3.]
 [-3. -3.]
 [-3. -3.]
 [-3. -3.]
 [-3. -3.]
 [-3. -3.]
 [-3. -3.]
 [-3. -3.]
 [-3. -3.]
 [-3. -3.]
 [-3. -3.]
 [-3. -3.]
 [-3. -3.]
 [-3. -3.]
 [-3. -3.]
 [-3. -3.]
 [-3. -3.]
 [-3. -3.]
 [-3. -3.]
 [-3. -3.]
 [-3. -3.]
 [-3. -3.]
 [-3. -3.]
 [-3. -3.]
 [-3. -3.]
 [-3. -3.]
 [-3. -3.]
 [-3. -3.]
 [-3. -3.]
 [-3. -3.]
 [-3. -3.]
 [-3. -3.]
 [-3. -3.]
 [-3. -3.]
 [-3. -3.]
 [-3. -3.]
 [-3. -3.]
 [-3. -3.]
 [-3. -3.]
 [-3. -3.]
 [-3. -3.]
 [-3. -3.]
 [-3. -3.]
 [-3. -3.]
 [-3. -3.]
 [-3. -3.]
 [-3. -3.]
 [-3. -3.]
 [-3. -3.]
 [-3. -3.]]
