Baseline:
[0.47959337 0.47608337 0.47410467 0.47403058 0.456377   0.4768845
 0.46476814 0.45312795 0.4573889  0.44372153 0.45054564 0.45268005
 0.45591626 0.45593935 0.4534524  0.44133636 0.43601045 0.42048627
 0.40699705 0.40564033 0.3925875  0.38553336 0.37253338 0.37064874
 0.34882483 0.34097725 0.3357193  0.337318   0.3500625  0.36242443
 0.37272987 0.3903068  0.40094656 0.40894794 0.41745    0.42696264
 0.43092445 0.42867374 0.43448505 0.43153185 0.43063465 0.4289726
 0.4266094  0.4263226  0.42294994 0.41896942 0.41387102 0.41342565
 0.41064814 0.40103397 0.38429716 0.36795995 0.35291576 0.34060082
 0.33553797 0.33368042 0.33328357 0.32379922 0.32566723 0.32150364
 0.33569857 0.33113068 0.35359254 0.35255417 0.36041182 0.3559386
 0.37786803 0.3929029  0.39379838 0.38522395 0.367897   0.36644644
 0.3679887  0.3785184  0.3844556  0.39516875 0.40393144 0.41118106
 0.43149045 0.4303896  0.4299052  0.42297244 0.43199107 0.42840606
 0.42711502 0.42811728 0.4115781  0.40155014 0.4012131  0.39802957
 0.39559087 0.38399225 0.36319202 0.34818292 0.33595327 0.32020897
 0.30414256 0.28719857 0.26716188 0.24794611 0.21834242 0.18262355
 0.1551306  0.13272229 0.11184973 0.1066097  0.10244563 0.10887447
 0.11587285 0.12394024 0.1301342  0.12262846 0.11745319 0.1191714
 0.11890782 0.11933944 0.12332802 0.1193551  0.12565501 0.13505605
 0.14922376 0.13440262 0.14096393 0.14943013 0.14703701 0.16884084
 0.16636874 0.1670295  0.16853778 0.16821529 0.18012275 0.1834145
 0.17757873 0.1741584  0.19211492 0.19019158 0.19556022 0.18326966
 0.17522012 0.16525517 0.15561761 0.14596015 0.14818816 0.14990242
 0.13799694 0.13298327 0.13589944 0.13148336 0.13164087 0.12865135
 0.12724414 0.13352804 0.13047768 0.12355194 0.11805636 0.11011939
 0.10225612 0.09295726 0.0901771  0.09178615 0.09306386 0.09299421
 0.0866113  0.10616121 0.10861029 0.11494163 0.11371744 0.10518967
 0.10961544 0.11503714 0.11610027 0.11669309 0.12524167 0.11241108
 0.1279546  0.12143494 0.13446821 0.1316957  0.15017314 0.15335616
 0.16584119 0.17108294 0.17332782 0.16245477 0.15728854 0.16536878
 0.16582285 0.1701868  0.18595295 0.17130426 0.15890802 0.15259355
 0.14853983 0.15130748 0.15518503 0.15135129 0.17080587 0.18734604
 0.18060352 0.18930858 0.18930858]
Returns:
[ 1.2553937   1.3085294   1.33055185  1.34024654  1.21112671  0.87172448
  0.8242655   0.70398872  0.71219807  0.67995427  0.59858121  0.48888365
  0.0793825   0.03071294 -0.071917   -0.1333478  -0.11757567 -0.19790232
 -0.23397592 -0.27832889 -0.29630598 -0.31941279 -0.33494327 -0.28119411
 -0.41477983 -0.35013449 -0.43179348 -0.35433045 -0.29395884 -0.23676678
 -0.13443014 -0.25365965 -0.1562993  -0.05014156  0.01901966  0.082666
  0.2051161   0.26030431  0.38037411  0.50416154  0.60000539  0.67853984
  0.81014027  0.87071522  0.83919124  0.62956613  0.6688912   0.70634253
  0.73176225  0.33839686  0.30591442  0.39008713  0.47219415  0.48817692
  0.51926455  0.40091719  0.453485    0.57505004  0.58857825  0.70540036
  0.25355905  0.38842803 -0.05943719 -0.34267993 -0.26252491 -0.29031805
 -0.40430957 -0.35422589 -0.27274365 -0.31170463 -0.41852073 -0.46666344
 -0.51676292 -0.44786065 -0.36842045 -0.28974686 -0.32845081 -0.26710762
 -0.49689383 -0.40706666 -0.30987409 -0.23154369 -0.33442952 -0.2714454
 -0.60873121 -0.66382635 -0.78680465 -0.73045345 -0.71207814 -0.661228
 -0.61172705 -0.81070391 -0.83618507 -0.77992957 -0.75975103 -0.74989157
 -0.69511682 -0.65278487 -0.59127643 -1.09328347 -1.11884854 -1.15569806
 -1.22567054 -1.22875564 -1.21395185 -1.17998853 -1.14092604 -1.09635922
 -1.02846355 -0.98630687 -0.96646154 -1.01317374 -0.98785367 -1.05158347
 -1.3282444  -1.25675748 -1.25932993 -1.22449155 -1.19447528 -1.21068709
 -1.30504645 -1.3139748  -1.24796121 -1.28699617 -1.34179852 -1.3450419
 -1.30831565 -1.32372147 -1.32142089 -1.34336359 -1.27718135 -1.20481582
 -1.24208186 -1.20468715 -1.21610356 -1.14625172 -1.11004608 -1.16070005
 -1.11549995 -1.27209993 -1.24002289 -1.19548383 -1.26124233 -1.21512852
 -1.20984307 -1.14553273 -1.24539696 -1.23589226 -1.17748714 -1.173771
 -1.16587097 -1.15995916 -1.29965471 -1.29578011 -1.23966624 -1.22160957
 -1.17226962 -1.15124268 -1.1588032  -1.21212594 -1.14505553 -1.12537986
 -1.07912    -1.03617012 -1.20455842 -1.1523896  -1.08102963 -1.11938079
 -1.07153631 -1.02182973 -0.98804013 -0.88214433 -0.78645449 -0.8008102
 -0.73171037 -0.8635253  -0.78975272 -0.87133596 -0.94569524 -0.84163849
 -0.74854392 -0.6476347  -0.68545221 -0.69693196 -0.66164171 -0.55806598
 -0.48032117 -0.57985369 -0.54010715 -0.51244929 -0.42913333 -0.35804263
 -0.25257597 -0.13129583 -0.14015036 -0.01500744 -0.07403305 -0.09804415
 -0.02128293  0.06978309]
Advants:
[ 0.73620938  0.8152282   0.86425067  0.90147441  0.81635455  0.47390435
  0.45641551  0.3637937   0.38524322  0.38508425  0.31414575  0.21758397
 -0.19134745 -0.23741594 -0.33780844 -0.38891912 -0.3691175  -0.43733102
 -0.46431553 -0.51341649 -0.52511781 -0.54902132 -0.56014976 -0.51212566
 -0.63560199 -0.57357947 -0.66370575 -0.60038958 -0.56490654 -0.53186855
 -0.44978768 -0.60162323 -0.52852993 -0.44212599 -0.39234434 -0.34834052
 -0.23718048 -0.18591763 -0.07482755  0.05239455  0.1526501   0.2391408
  0.38407802  0.45873047  0.44467398  0.24796476  0.30345875  0.35454108
  0.39791926  0.01877362  0.00753894  0.11605263  0.22489411  0.26675314
  0.31873822  0.21582916  0.28516957  0.43804278  0.47374654  0.62456583
  0.17649112  0.3397321  -0.1193093  -0.39799457 -0.31964227 -0.3371127
 -0.47088958 -0.43243009 -0.34564973 -0.37025485 -0.45623776 -0.50056908
 -0.55124604 -0.49002117 -0.41114957 -0.33526139 -0.37559294 -0.31208348
 -0.55969599 -0.46326117 -0.35658734 -0.25892389 -0.36083268 -0.28135756
 -0.61373848 -0.66764913 -0.77500715 -0.70757223 -0.68713545 -0.62955929
 -0.572169   -0.75942749 -0.76412324 -0.69067066 -0.65488579 -0.62482581
 -0.54695788 -0.47822329 -0.38389175 -0.86773906 -0.86472152 -0.86699521
 -0.91202895 -0.89487993 -0.86045957 -0.82140675 -0.77700662 -0.73641557
 -0.67097283 -0.63089656 -0.61032599 -0.64323639 -0.6049655  -0.66399976
 -0.94198533 -0.87045597 -0.87670548 -0.83635577 -0.81023645 -0.83403379
 -0.9439472  -0.93937661 -0.87952042 -0.92805238 -0.98320114 -1.01199588
 -0.97565199 -0.9953131  -0.99839704 -1.02489234 -0.97422936 -0.90693875
 -0.94127619 -0.90235361 -0.93468868 -0.86390813 -0.83319676 -0.872883
 -0.81942198 -0.97036275 -0.93203051 -0.87982832 -0.95208171 -0.91093935
 -0.89675142 -0.82854216 -0.93571105 -0.92612207 -0.8707738  -0.86700707
 -0.86060128 -0.86413348 -1.00843412 -1.00560736 -0.95074528 -0.93126987
 -0.879371   -0.85386347 -0.86402042 -0.92648573 -0.8668335  -0.85314104
 -0.80543865 -0.78667619 -0.96782977 -0.93176966 -0.86755088 -0.90737467
 -0.8734654  -0.83813041 -0.81410409 -0.71498562 -0.63186061 -0.63779129
 -0.58735944 -0.71992045 -0.6651873  -0.75295326 -0.85837933 -0.76804761
 -0.69638503 -0.60746792 -0.65609473 -0.6660142  -0.63441259 -0.54557283
 -0.47311437 -0.58546806 -0.56992366 -0.5354633  -0.44530552 -0.37153395
 -0.26256948 -0.14099492 -0.15079786 -0.01465356 -0.08778274 -0.12378134
 -0.0327545   0.06031767]
Mus:
[[-2.67752130e-02 -1.15323402e-02]
 [-2.72352956e-02 -1.21960845e-02]
 [-2.66444422e-02 -1.26215518e-02]
 [-2.61874348e-02 -1.20130004e-02]
 [-2.52262149e-02 -1.19624957e-02]
 [-2.50568297e-02 -1.25213973e-02]
 [-2.35966444e-02 -1.22254053e-02]
 [-2.11270899e-02 -1.17720701e-02]
 [-1.90490857e-02 -1.09593077e-02]
 [-1.56446639e-02 -9.74333286e-03]
 [-1.36291534e-02 -8.79164599e-03]
 [-1.15327323e-02 -9.02525801e-03]
 [-8.31194688e-03 -6.80129370e-03]
 [-6.96691684e-03 -6.95330137e-03]
 [-4.21311427e-03 -5.29911602e-03]
 [-1.38568971e-03 -4.02066391e-03]
 [ 9.66181455e-04 -3.28527670e-03]
 [ 3.39051336e-03 -1.99484220e-03]
 [ 5.94840385e-03 -9.02040454e-04]
 [ 8.75985250e-03 -5.52380341e-04]
 [ 1.19257122e-02  9.33244533e-04]
 [ 1.34054758e-02  2.20831251e-03]
 [ 1.45766661e-02  3.14947846e-03]
 [ 1.53553188e-02  3.20788729e-03]
 [ 1.70956254e-02  3.65284784e-03]
 [ 1.67122446e-02  3.62697337e-03]
 [ 1.56596787e-02  3.29180737e-03]
 [ 1.34801958e-02  2.68595573e-03]
 [ 1.08455308e-02  1.55227154e-03]
 [ 7.70588731e-03  3.94304690e-04]
 [ 4.42613522e-03 -4.45632439e-04]
 [ 7.94579973e-04 -2.35247263e-03]
 [-3.15981288e-03 -3.63761163e-03]
 [-6.93166768e-03 -4.53490391e-03]
 [-1.06466962e-02 -5.25800511e-03]
 [-1.29377823e-02 -5.54950908e-03]
 [-1.57116447e-02 -6.48781098e-03]
 [-1.87190901e-02 -7.76737975e-03]
 [-2.15829816e-02 -8.74108449e-03]
 [-2.45345887e-02 -9.99200996e-03]
 [-2.76612137e-02 -1.12521322e-02]
 [-2.94172931e-02 -1.19049279e-02]
 [-3.17492448e-02 -1.30186304e-02]
 [-3.34919430e-02 -1.41768875e-02]
 [-3.30224633e-02 -1.39122624e-02]
 [-3.30924504e-02 -1.43327406e-02]
 [-3.42603251e-02 -1.54642453e-02]
 [-3.59551497e-02 -1.66544225e-02]
 [-3.48075293e-02 -1.63545385e-02]
 [-3.32506076e-02 -1.54772112e-02]
 [-3.22814696e-02 -1.57453381e-02]
 [-2.87916791e-02 -1.49957798e-02]
 [-2.43033953e-02 -1.37247937e-02]
 [-1.88116878e-02 -1.18467985e-02]
 [-1.27383396e-02 -1.00564351e-02]
 [-8.48160591e-03 -8.48676171e-03]
 [-5.38630411e-03 -7.69113144e-03]
 [-1.25069090e-03 -5.86683769e-03]
 [ 3.51846131e-04 -5.89559460e-03]
 [ 2.61085411e-03 -4.52807592e-03]
 [ 2.56421207e-03 -2.77236360e-03]
 [ 3.83792166e-03 -2.38080230e-03]
 [ 2.59277551e-03 -2.93042907e-03]
 [ 3.08994669e-03 -4.21744073e-03]
 [ 4.37205797e-03 -3.97447916e-03]
 [ 7.32095586e-03 -2.59251939e-03]
 [ 6.60682097e-03 -1.78890256e-03]
 [ 6.65873103e-03 -1.91513053e-03]
 [ 7.02959578e-03 -1.88444136e-03]
 [ 7.30526028e-03 -1.74629129e-03]
 [ 7.86502473e-03 -1.11636135e-03]
 [ 6.42121024e-03 -1.17516681e-03]
 [ 3.22355656e-03 -1.57730596e-03]
 [-1.49520100e-04 -2.22966494e-03]
 [-4.08413401e-03 -3.67336557e-03]
 [-8.33443552e-03 -5.13539184e-03]
 [-1.06726475e-02 -5.28777856e-03]
 [-1.45211816e-02 -6.75126631e-03]
 [-1.42378286e-02 -6.04503416e-03]
 [-1.64416432e-02 -6.84858905e-03]
 [-1.80747192e-02 -7.38064153e-03]
 [-2.02627964e-02 -8.23658239e-03]
 [-2.25879811e-02 -8.95480905e-03]
 [-2.29382031e-02 -8.94639920e-03]
 [-2.78174113e-02 -1.13115376e-02]
 [-2.70611644e-02 -1.06703434e-02]
 [-2.89892219e-02 -1.17930118e-02]
 [-3.06462552e-02 -1.26016941e-02]
 [-3.23547870e-02 -1.31943757e-02]
 [-3.34117226e-02 -1.35403685e-02]
 [-3.51087339e-02 -1.42299263e-02]
 [-3.42833288e-02 -1.37543771e-02]
 [-3.58848646e-02 -1.46779642e-02]
 [-3.77541110e-02 -1.56866089e-02]
 [-3.88143994e-02 -1.62656270e-02]
 [-4.02094163e-02 -1.70506388e-02]
 [-4.22256552e-02 -1.79415569e-02]
 [-4.36428115e-02 -1.84512306e-02]
 [-4.45493869e-02 -1.87521670e-02]
 [-4.20567207e-02 -1.77763999e-02]
 [-3.94586138e-02 -1.67746544e-02]
 [-3.80113609e-02 -1.65588725e-02]
 [-3.63598913e-02 -1.63266864e-02]
 [-2.95289271e-02 -1.35707520e-02]
 [-2.51369402e-02 -1.21863047e-02]
 [-2.22252999e-02 -1.12010697e-02]
 [-1.70857031e-02 -9.14027728e-03]
 [-1.14165619e-02 -6.74370583e-03]
 [-6.16388349e-03 -4.67239274e-03]
 [-3.03090527e-03 -3.76002328e-03]
 [-5.47928782e-03 -6.27154438e-03]
 [-6.92677544e-03 -8.18653964e-03]
 [-5.08011179e-03 -7.37599283e-03]
 [-4.79133800e-03 -8.04300699e-03]
 [-1.60710362e-03 -5.70761552e-03]
 [-2.92656914e-04 -5.03035216e-03]
 [-7.03219208e-04 -5.64093282e-03]
 [ 2.10106344e-04 -5.43929543e-03]
 [-2.09968508e-04 -5.76441782e-03]
 [ 2.36418069e-04 -5.38045354e-03]
 [ 2.82464153e-03 -3.71138705e-03]
 [ 3.05219530e-03 -3.54185957e-03]
 [ 5.68948593e-03 -1.98148517e-03]
 [ 2.19197222e-03 -3.89600778e-03]
 [ 6.27550390e-03 -1.48219953e-03]
 [ 4.21244372e-03 -2.37754476e-03]
 [ 3.02290334e-03 -2.88904645e-03]
 [ 4.75840177e-03 -1.58518809e-03]
 [ 4.30307817e-03 -1.42462680e-03]
 [ 2.43892940e-03 -1.98341208e-03]
 [ 1.68974791e-03 -1.72034011e-03]
 [-1.84794859e-04 -2.15881364e-03]
 [-4.10427013e-03 -3.70189780e-03]
 [-5.93691226e-03 -4.28415416e-03]
 [-8.00041016e-03 -4.92160581e-03]
 [-1.08292839e-02 -5.95899578e-03]
 [-1.19135678e-02 -5.90300420e-03]
 [-1.56182433e-02 -7.88603816e-03]
 [-1.77769791e-02 -8.71725008e-03]
 [-1.82381943e-02 -8.44194088e-03]
 [-2.15591006e-02 -9.97182168e-03]
 [-2.45959274e-02 -1.13367317e-02]
 [-2.90431529e-02 -1.33617390e-02]
 [-3.28028426e-02 -1.47227691e-02]
 [-3.53471935e-02 -1.59997419e-02]
 [-3.83642651e-02 -1.73226073e-02]
 [-4.20840047e-02 -1.92365814e-02]
 [-4.20764759e-02 -1.93287488e-02]
 [-4.14698236e-02 -1.94334071e-02]
 [-3.92522253e-02 -1.86653491e-02]
 [-3.73274721e-02 -1.80911329e-02]
 [-3.63190584e-02 -1.78869553e-02]
 [-3.43461186e-02 -1.79036222e-02]
 [-2.92486176e-02 -1.58386920e-02]
 [-2.56106649e-02 -1.44294985e-02]
 [-2.05277540e-02 -1.22170430e-02]
 [-1.55918570e-02 -1.02511337e-02]
 [-9.57968179e-03 -7.68560870e-03]
 [-4.81447531e-03 -5.69604011e-03]
 [ 1.20997918e-03 -2.41879537e-03]
 [ 4.54464974e-03 -1.17682177e-03]
 [ 1.02830930e-02  1.55523489e-03]
 [ 1.27067259e-02  2.49449397e-03]
 [ 6.29103743e-03 -2.22620624e-03]
 [ 6.61234744e-03 -2.50161765e-03]
 [ 7.29525927e-03 -2.04232265e-03]
 [ 8.99252761e-03 -7.89378013e-04]
 [ 1.38267903e-02  2.26667779e-03]
 [ 1.38037615e-02  1.91029266e-03]
 [ 1.36777051e-02  1.53180363e-03]
 [ 1.20169092e-02  5.97998325e-04]
 [ 1.17984870e-02  7.18045281e-04]
 [ 1.36826159e-02  2.04723980e-03]
 [ 1.41802467e-02  2.88289599e-03]
 [ 1.34746367e-02  2.84447707e-03]
 [ 1.32012516e-02  3.76210781e-03]
 [ 1.33297248e-02  4.34761075e-03]
 [ 1.15618007e-02  4.49894276e-03]
 [ 1.25694135e-02  5.65742981e-03]
 [ 1.22262836e-02  5.66235604e-03]
 [ 1.31161874e-02  5.65272989e-03]
 [ 1.24545004e-02  4.88455314e-03]
 [ 1.00918198e-02  3.33174481e-03]
 [ 6.83133630e-03  2.36335723e-03]
 [ 3.33064981e-03  6.10561226e-04]
 [ 1.83310255e-03  1.45224665e-04]
 [ 2.91670702e-04 -5.35726940e-05]
 [-4.08264436e-03 -2.53161741e-03]
 [-4.09392687e-03 -1.99668016e-03]
 [-6.67690299e-03 -2.77343090e-03]
 [-9.84022580e-03 -4.11799923e-03]
 [-1.20910257e-02 -4.74362308e-03]
 [-1.37017164e-02 -5.22020180e-03]
 [-1.55667458e-02 -5.92946820e-03]
 [-1.55225955e-02 -5.27393632e-03]
 [-1.69888828e-02 -5.95908752e-03]
 [-1.81976315e-02 -6.40277378e-03]
 [-1.75534841e-02 -5.82294585e-03]
 [-1.92921124e-02 -6.93308329e-03]
 [-1.91359110e-02 -6.80396613e-03]]
Actions:
[[-2.39118642e-01  1.16509804e-01]
 [-2.87812299e-01  1.99655779e-01]
 [ 1.53605338e-01 -1.92666864e-01]
 [-4.88746504e-01 -2.26001785e-01]
 [ 2.03962809e-01  6.08029661e-01]
 [-3.81265130e-01 -1.32035815e-01]
 [-4.96833950e-01 -8.25549705e-02]
 [ 1.57986664e-01  2.49678624e-02]
 [-2.65213488e-01 -2.29624689e-01]
 [ 2.79417663e-01  9.32195772e-02]
 [-3.28221041e-01  3.35779652e-01]
 [ 5.73353564e-01 -1.90664060e-01]
 [-1.71636049e-01  2.60910628e-01]
 [ 2.57588617e-01 -1.45687275e-01]
 [-1.73630259e-01 -2.33470083e-01]
 [-1.25694817e-01  1.43003314e-02]
 [-1.13034689e-01 -2.89770894e-01]
 [-1.68264197e-01 -1.84857093e-01]
 [-2.26096070e-01  2.60061408e-01]
 [-1.39056434e-01 -1.74748833e-01]
 [ 1.39624060e-01 -1.67915185e-01]
 [-6.48651534e-02 -2.48961361e-01]
 [-7.55610702e-02  1.08142377e-01]
 [-4.29842364e-01 -1.62151113e-01]
 [-7.89033164e-02 -6.77430030e-02]
 [-4.00908242e-01 -4.29293235e-02]
 [-1.25624916e-01 -4.44455268e-02]
 [-5.53980659e-02  2.12821251e-01]
 [ 1.97997373e-01  1.30252425e-01]
 [ 2.41816044e-02 -9.86981028e-02]
 [ 5.06047159e-02  4.81914595e-01]
 [-1.11727934e-01  8.98363171e-02]
 [-7.04360777e-02 -7.33719769e-02]
 [ 1.38909910e-01 -1.04781601e-01]
 [ 1.73259383e-01 -6.76713540e-02]
 [-5.51026928e-02  5.38645506e-02]
 [-2.96310700e-01 -3.14588798e-02]
 [ 3.25257404e-02 -1.31347187e-03]
 [-1.29419428e-01 -1.63065469e-02]
 [-2.17368150e-01 -1.53914671e-02]
 [-4.62190878e-02 -1.90747472e-01]
 [-1.03860826e-01 -2.42297909e-03]
 [ 1.67580452e-01  1.13936196e-01]
 [ 1.93404427e-01 -2.58844398e-01]
 [-5.91671329e-01 -1.89414098e-01]
 [ 3.83997191e-02  2.64619345e-01]
 [-3.18936396e-01  1.43416600e-01]
 [ 5.57392930e-02 -2.43585746e-01]
 [-1.74580171e-02 -6.75460571e-01]
 [-3.46324268e-01  2.08115966e-01]
 [-3.78874774e-02  1.18949093e-01]
 [ 7.71245220e-02  6.64968561e-02]
 [ 2.28866431e-01 -3.03573879e-02]
 [-1.58854400e-01  2.92507207e-01]
 [ 4.19653664e-01  8.94652709e-02]
 [-2.11516410e-01  2.15126351e-01]
 [ 5.58914727e-02 -1.29721405e-01]
 [-8.05563013e-02  3.59804498e-01]
 [ 1.83959746e-01 -6.75769544e-02]
 [ 7.12844904e-01 -1.82281049e-01]
 [-9.48669972e-02  2.20978721e-02]
 [ 4.93626681e-01  5.67181313e-01]
 [-5.05230549e-01  3.75995132e-01]
 [-1.69011730e-01  8.39845101e-02]
 [-2.60905166e-01 -2.63697239e-01]
 [ 4.67051497e-01 -2.85750882e-02]
 [ 8.65186120e-02  2.37734427e-01]
 [-1.76950301e-01  7.24803298e-03]
 [-3.58074155e-01 -1.24134919e-01]
 [-3.12173941e-01 -3.23580019e-01]
 [-2.32164003e-01 -2.94623897e-01]
 [-8.13512758e-02 -3.63600481e-01]
 [ 1.41354530e-01 -8.07463912e-02]
 [-1.39133475e-01  7.83621864e-02]
 [ 4.35644503e-02  1.66615761e-01]
 [ 2.49510034e-01 -2.34610079e-01]
 [ 1.70085881e-02  2.16281631e-01]
 [ 4.64493233e-01 -2.65072874e-01]
 [-8.02584094e-02 -4.28009753e-02]
 [-3.08254522e-03 -7.26655657e-02]
 [-1.71436315e-01 -7.05686603e-02]
 [ 3.25255550e-01  2.73052766e-01]
 [ 3.52389455e-02 -2.00255643e-01]
 [-1.42888307e-01  6.40264124e-01]
 [ 1.04700823e-01 -3.29917556e-01]
 [-4.55556642e-01 -1.61949902e-01]
 [-1.70058980e-01 -7.42067001e-02]
 [ 1.91548490e-01  6.32922457e-02]
 [ 1.20934414e-01 -1.54398353e-02]
 [ 9.70368047e-02  1.29830303e-01]
 [-1.29751797e-01 -4.96858807e-01]
 [-3.33912518e-01 -9.88796757e-02]
 [-1.60801944e-01 -3.88205209e-02]
 [-1.27468524e-01 -1.85697740e-01]
 [-1.75569652e-01 -1.96988506e-01]
 [ 1.32335145e-02 -8.51579196e-02]
 [ 1.31682179e-01 -4.79571361e-02]
 [ 1.66304475e-02 -9.61321668e-02]
 [-4.36652600e-01 -6.64944437e-01]
 [-9.75194472e-02 -2.84819807e-01]
 [-6.02638183e-02  2.95813223e-01]
 [-7.60799400e-02  3.38902881e-01]
 [-8.87214180e-02 -2.63153679e-01]
 [-4.73615013e-02  1.93974494e-01]
 [-1.95901373e-02  1.42833332e-01]
 [-1.66588505e-01 -8.63782353e-02]
 [-6.41862592e-02 -1.50988536e-01]
 [-4.32513171e-03 -4.79807710e-02]
 [ 1.17235457e-01  1.08090552e-01]
 [ 1.38843220e-01 -1.80451923e-01]
 [-1.65649305e-01 -3.16918193e-01]
 [ 2.08161832e-01  8.29199223e-02]
 [-2.40115207e-01  2.85108866e-01]
 [ 5.71047508e-01 -1.23532434e-01]
 [ 3.00612151e-02  1.02986685e-02]
 [-2.22912904e-01  1.61852812e-01]
 [-2.12267571e-01  3.84363058e-03]
 [ 3.27173920e-04  2.32071494e-01]
 [ 2.19228030e-01  2.31108667e-01]
 [ 4.07823539e-01  1.30319778e-01]
 [-2.41289496e-01 -1.70635895e-01]
 [ 1.36888093e-01 -5.98023166e-02]
 [-1.96532142e-01  2.91681800e-01]
 [ 5.66351253e-02 -3.61808123e-01]
 [ 7.06408484e-02  3.00550276e-01]
 [-1.97162259e-01 -7.44641211e-02]
 [ 4.61868849e-03 -3.09731902e-01]
 [-1.29912018e-01 -2.38800929e-01]
 [-2.49709222e-01 -1.93895595e-01]
 [ 6.52151693e-02 -1.11741600e-01]
 [-7.61162560e-02 -8.81420361e-02]
 [-3.31985701e-01 -1.11786155e-01]
 [-2.05956261e-01 -7.81181202e-02]
 [ 1.96619500e-01  2.25167594e-01]
 [-1.31004821e-01 -1.00887218e-02]
 [ 1.78778252e-01 -1.18030757e-01]
 [-3.46406742e-01  1.47304877e-01]
 [-1.16761035e-01 -1.66329174e-01]
 [ 8.14250690e-02 -4.72448330e-01]
 [-1.24810716e-01  1.61174943e-01]
 [-1.90696769e-01  1.07215111e-02]
 [ 5.46361313e-04  3.59979970e-01]
 [ 1.15150001e-01  3.15184603e-02]
 [-2.69159174e-01 -9.63445879e-02]
 [-1.04014740e-01  1.71638801e-02]
 [-3.40218512e-01  2.61963004e-01]
 [-1.52253337e-01 -2.20017802e-01]
 [ 3.85437919e-02 -2.66695430e-02]
 [ 1.28715196e-01 -1.87369307e-01]
 [ 1.85834652e-01 -6.39759980e-02]
 [ 1.71517086e-01  8.63886879e-02]
 [-4.23159311e-01  2.12700064e-01]
 [ 1.96140709e-02 -2.39790159e-01]
 [-7.42661317e-02 -8.13637026e-02]
 [-9.05713527e-02 -2.17545904e-01]
 [-6.37474186e-02 -1.32433162e-01]
 [ 1.41362442e-02 -2.23308251e-01]
 [ 2.48944082e-01 -8.35009696e-02]
 [ 1.61691648e-01 -3.13019561e-01]
 [-6.43432317e-03  7.85759610e-02]
 [-1.01518406e-01 -2.15407281e-01]
 [ 1.96744000e-01 -2.50419279e-02]
 [-1.09098297e-01 -1.59386780e-01]
 [-2.90661830e-01 -3.99909458e-01]
 [ 1.43937318e-01  1.49560499e-01]
 [ 1.50068156e-01 -5.36396311e-02]
 [ 1.48686478e-01 -3.25149398e-01]
 [-1.22396029e-01  1.85924775e-01]
 [-1.12679692e-01  2.03529685e-01]
 [-2.13855820e-01  1.47180102e-01]
 [-6.26877003e-02  2.81259492e-02]
 [ 1.56445464e-01 -3.09606679e-02]
 [-1.17314649e-01 -3.25872901e-01]
 [ 1.67620566e-01  1.75294442e-01]
 [ 3.81989091e-02 -4.83715678e-01]
 [ 2.13516182e-01 -7.34636863e-03]
 [-3.82169330e-02 -4.25311634e-01]
 [ 4.28822705e-01 -2.69814671e-02]
 [ 3.87574314e-02 -2.60689628e-03]
 [ 1.35916072e-01 -2.61291422e-02]
 [-6.80459889e-02  7.88883576e-02]
 [-1.47315682e-01  3.53452420e-01]
 [-2.01148277e-01 -2.75591503e-01]
 [-1.84941514e-01  2.00087456e-01]
 [ 8.77212602e-02  7.73393471e-02]
 [-9.76081265e-05 -2.04040889e-01]
 [-1.48195558e-01  4.36019244e-01]
 [ 2.56852056e-01 -1.00427850e-01]
 [-1.22568317e-01 -2.71938306e-01]
 [-1.71203922e-01 -9.94716956e-02]
 [-7.29539266e-03 -2.24105421e-01]
 [ 1.03956829e-02 -1.37546620e-01]
 [ 4.04562249e-02  6.20831319e-02]
 [ 2.65240153e-01 -2.43950022e-01]
 [-9.91863987e-02  2.40774333e-02]
 [ 2.31833387e-01  3.50017980e-01]
 [ 3.46509844e-01  1.27993895e-01]
 [-2.24825642e-01  1.03453616e-01]
 [ 1.65115710e-01  8.95707970e-02]
 [ 6.43640982e-02  4.39905889e-01]]
States:
[[0.99950231 0.99957355 0.48689679 0.48012892 0.51300088 0.59726144]
 [0.99926539 0.99966763 0.48202724 0.48245651 0.45167147 0.62781653]
 [0.99821485 0.99991264 0.46665808 0.49100543 0.37905945 0.67956039]
 ...
 [0.64048446 0.         0.99805236 0.37190158 0.48720902 0.62471244]
 [0.64859843 0.         0.99553358 0.36594319 0.43001923 0.65127612]
 [0.65761192 0.         0.99255592 0.35645872 0.4740481  0.67367966]]
Logstds:
[[-3. -3.]
 [-3. -3.]
 [-3. -3.]
 [-3. -3.]
 [-3. -3.]
 [-3. -3.]
 [-3. -3.]
 [-3. -3.]
 [-3. -3.]
 [-3. -3.]
 [-3. -3.]
 [-3. -3.]
 [-3. -3.]
 [-3. -3.]
 [-3. -3.]
 [-3. -3.]
 [-3. -3.]
 [-3. -3.]
 [-3. -3.]
 [-3. -3.]
 [-3. -3.]
 [-3. -3.]
 [-3. -3.]
 [-3. -3.]
 [-3. -3.]
 [-3. -3.]
 [-3. -3.]
 [-3. -3.]
 [-3. -3.]
 [-3. -3.]
 [-3. -3.]
 [-3. -3.]
 [-3. -3.]
 [-3. -3.]
 [-3. -3.]
 [-3. -3.]
 [-3. -3.]
 [-3. -3.]
 [-3. -3.]
 [-3. -3.]
 [-3. -3.]
 [-3. -3.]
 [-3. -3.]
 [-3. -3.]
 [-3. -3.]
 [-3. -3.]
 [-3. -3.]
 [-3. -3.]
 [-3. -3.]
 [-3. -3.]
 [-3. -3.]
 [-3. -3.]
 [-3. -3.]
 [-3. -3.]
 [-3. -3.]
 [-3. -3.]
 [-3. -3.]
 [-3. -3.]
 [-3. -3.]
 [-3. -3.]
 [-3. -3.]
 [-3. -3.]
 [-3. -3.]
 [-3. -3.]
 [-3. -3.]
 [-3. -3.]
 [-3. -3.]
 [-3. -3.]
 [-3. -3.]
 [-3. -3.]
 [-3. -3.]
 [-3. -3.]
 [-3. -3.]
 [-3. -3.]
 [-3. -3.]
 [-3. -3.]
 [-3. -3.]
 [-3. -3.]
 [-3. -3.]
 [-3. -3.]
 [-3. -3.]
 [-3. -3.]
 [-3. -3.]
 [-3. -3.]
 [-3. -3.]
 [-3. -3.]
 [-3. -3.]
 [-3. -3.]
 [-3. -3.]
 [-3. -3.]
 [-3. -3.]
 [-3. -3.]
 [-3. -3.]
 [-3. -3.]
 [-3. -3.]
 [-3. -3.]
 [-3. -3.]
 [-3. -3.]
 [-3. -3.]
 [-3. -3.]
 [-3. -3.]
 [-3. -3.]
 [-3. -3.]
 [-3. -3.]
 [-3. -3.]
 [-3. -3.]
 [-3. -3.]
 [-3. -3.]
 [-3. -3.]
 [-3. -3.]
 [-3. -3.]
 [-3. -3.]
 [-3. -3.]
 [-3. -3.]
 [-3. -3.]
 [-3. -3.]
 [-3. -3.]
 [-3. -3.]
 [-3. -3.]
 [-3. -3.]
 [-3. -3.]
 [-3. -3.]
 [-3. -3.]
 [-3. -3.]
 [-3. -3.]
 [-3. -3.]
 [-3. -3.]
 [-3. -3.]
 [-3. -3.]
 [-3. -3.]
 [-3. -3.]
 [-3. -3.]
 [-3. -3.]
 [-3. -3.]
 [-3. -3.]
 [-3. -3.]
 [-3. -3.]
 [-3. -3.]
 [-3. -3.]
 [-3. -3.]
 [-3. -3.]
 [-3. -3.]
 [-3. -3.]
 [-3. -3.]
 [-3. -3.]
 [-3. -3.]
 [-3. -3.]
 [-3. -3.]
 [-3. -3.]
 [-3. -3.]
 [-3. -3.]
 [-3. -3.]
 [-3. -3.]
 [-3. -3.]
 [-3. -3.]
 [-3. -3.]
 [-3. -3.]
 [-3. -3.]
 [-3. -3.]
 [-3. -3.]
 [-3. -3.]
 [-3. -3.]
 [-3. -3.]
 [-3. -3.]
 [-3. -3.]
 [-3. -3.]
 [-3. -3.]
 [-3. -3.]
 [-3. -3.]
 [-3. -3.]
 [-3. -3.]
 [-3. -3.]
 [-3. -3.]
 [-3. -3.]
 [-3. -3.]
 [-3. -3.]
 [-3. -3.]
 [-3. -3.]
 [-3. -3.]
 [-3. -3.]
 [-3. -3.]
 [-3. -3.]
 [-3. -3.]
 [-3. -3.]
 [-3. -3.]
 [-3. -3.]
 [-3. -3.]
 [-3. -3.]
 [-3. -3.]
 [-3. -3.]
 [-3. -3.]
 [-3. -3.]
 [-3. -3.]
 [-3. -3.]
 [-3. -3.]
 [-3. -3.]
 [-3. -3.]
 [-3. -3.]
 [-3. -3.]
 [-3. -3.]]
