Baseline:
[1.2653589  1.2796162  1.2751884  1.2653372  1.263242   1.2606642
 1.2505935  1.2139003  1.2025752  1.1894392  1.1765597  1.1787214
 1.1705856  1.14698    1.1487083  1.1392654  1.1242616  1.1164714
 1.1154432  1.0896573  1.0748115  1.0935084  1.0809913  1.10007
 1.085111   1.0772228  1.0773935  1.0462018  1.037145   1.0462372
 1.0318692  1.0208745  1.0275121  1.0151966  1.0186855  1.0145242
 1.0123683  1.0029798  0.9769271  0.9870247  1.0000159  0.9874887
 0.98742306 0.9695139  0.9758787  0.986711   1.0140367  0.9956176
 0.99240124 1.003422   1.000373   0.98666155 0.98380315 0.98334986
 0.9934102  1.0122417  0.9978509  0.98566306 0.9992884  1.0139949
 1.035159   1.0396     1.0372585  1.0136166  1.0075115  0.9740332
 0.9699945  0.99679327 1.0002885  0.99961853 1.0210423  1.0258087
 1.011266   1.0210509  1.013865   1.0170295  1.010763   1.0110282
 0.99929273 0.97613347 0.971035   0.9659432  0.9395082  0.95633346
 0.9580155  0.96494484 0.9356508  0.9204206  0.9277567  0.8998403
 0.8847377  0.880044   0.8671206  0.8975494  0.89193004 0.9213751
 0.9008425  0.89669013 0.914276   0.9211019  0.94128776 0.95282334
 0.97918785 0.9779188  0.95862514 0.9476365  0.9521053  0.943632
 0.95593715 0.9835708  0.9849842  0.9933272  1.0048372  1.0154009
 1.0199798  1.0270002  1.0308412  1.0362005  1.0503244  1.0737016
 1.100589   1.1066313  1.0930989  1.1072023  1.1198032  1.1327206
 1.1451461  1.16085    1.1701643  1.1642978  1.1790247  1.1715968
 1.1812093  1.2033448  1.2170953  1.2312868  1.2460237  1.2624052
 1.2672474  1.2704248  1.2832276  1.2881     1.2895174  1.2801878
 1.2977071  1.2887635  1.2963912  1.3101792  1.2922513  1.3005975
 1.3118091  1.3250091  1.2993453  1.2815547  1.2725117  1.2998743
 1.3002     1.2888335  1.2802154  1.2781053  1.2624744  1.235657
 1.2061061  1.2120686  1.2190866  1.2367176  1.2373139  1.2160475
 1.2202429  1.2075756  1.2196722  1.2157266  1.2263871  1.2239053
 1.2115088  1.2014791  1.2297409  1.2586578  1.236433   1.2355447
 1.2366207  1.2381682  1.2324618  1.2344501  1.2010932  1.1807554
 1.1842237  1.184666   1.1777589  1.1613016  1.1404268  1.1274847
 1.1094356  1.0823194  1.0782231  1.0763706  1.0897098  1.0868998
 1.0614884  0.99454874 0.99454874]
Returns:
[3.84754374 3.80249713 3.84016305 3.87620248 3.86283412 3.61714328
 3.63546309 3.40648247 3.39549693 3.39526505 3.39130211 3.30199625
 3.292097   3.27695881 3.18780552 3.06153855 2.99243287 3.0228294
 2.97239176 2.95009562 2.93544684 2.77089996 2.81810272 2.53023474
 2.56184595 2.49469007 2.5310667  2.23729615 2.24561865 2.23231097
 2.25176767 2.29971525 2.37720976 2.31902277 2.17590582 2.20145985
 2.10563712 2.13866107 2.21739121 2.17598189 2.02315821 1.99503775
 2.09530732 2.07624422 2.16915035 2.26550736 2.05090563 1.98260675
 2.006758   2.08032039 2.10370497 2.0208028  2.08027435 2.18213935
 2.28740361 2.28950963 2.29886726 2.2873968  2.29760857 2.29782672
 2.30572767 2.4031825  2.51987908 2.39821933 2.50666673 2.20240927
 2.24947861 2.2876427  2.35586152 2.41587398 2.35203261 2.43660871
 2.49142754 2.53607424 2.64105955 2.47448486 2.45041191 2.52640172
 2.38255271 2.38403313 2.45781471 2.55720466 2.51838173 2.45247845
 2.49982876 2.51181412 2.46128286 2.43435626 2.47555342 2.46891511
 2.41172995 2.46852826 2.52874069 2.40064055 2.51256266 2.33380584
 2.35667823 2.38104219 2.31867312 2.43522579 2.29508721 2.32175497
 2.24423331 2.33805336 2.18287959 2.21847414 2.30817982 2.40763893
 2.36335189 2.19430516 2.30112896 2.42650374 1.93414848 2.05573777
 2.17336903 2.28613418 2.38094418 2.344256   2.44710202 2.50333216
 2.56343907 2.67585591 2.72686976 2.81644946 2.93262024 2.98768506
 3.0034986  3.09851996 3.21884681 3.30074502 3.4149916  3.40494261
 3.52496395 3.59422556 3.70209538 3.84295211 3.96507819 4.0224574
 4.12299819 4.22088311 4.36862742 4.3216827  4.39442117 4.39868304
 4.33682884 4.38314813 4.50172028 4.49313845 4.42611878 4.41541049
 4.49799501 4.53112223 4.53207377 4.60835448 4.72497969 4.47851462
 4.51622703 4.49778935 4.59897621 4.57818858 4.60169887 4.50832022
 4.40459964 4.41972742 4.40708287 4.40440761 4.41299513 4.14545865
 4.11046622 4.01236187 3.9001018  3.92065979 3.93905189 3.83297022
 3.75140339 3.76559051 3.30987336 3.01952402 2.7848913  2.71250871
 2.51891779 2.38582899 2.36079187 2.16153886 1.94737913 1.84909396
 1.76287342 1.64601631 1.55926122 1.54611552 1.4315773  1.18214291
 1.16531328 1.0412969  0.7294717  0.67716362 0.38680141 0.23678156
 0.19026319 0.073726  ]
Advants:
[1.81873649e+00 1.77242383e+00 1.82991727e+00 1.89393881e+00
 1.90199246e+00 1.67233365e+00 1.71620258e+00 1.53476517e+00
 1.54688954e+00 1.57298151e+00 1.59648500e+00 1.51801805e+00
 1.53030814e+00 1.55428824e+00 1.47742997e+00 1.37221094e+00
 1.32902933e+00 1.38024760e+00 1.34345170e+00 1.36073758e+00
 1.37591196e+00 1.20325407e+00 1.27630857e+00 9.74339277e-01
 1.02775125e+00 9.74075125e-01 1.01746874e+00 7.54568849e-01
 7.72137298e-01 7.49249869e-01 7.83591631e-01 8.44917932e-01
 9.20553451e-01 8.78448926e-01 7.31396752e-01 7.61546670e-01
 6.65454648e-01 7.06547079e-01 8.13138010e-01 7.62000335e-01
 5.91457842e-01 5.70251832e-01 6.67599392e-01 6.63167630e-01
 7.48828422e-01 8.36042637e-01 5.88466465e-01 5.30913868e-01
 5.50801551e-01 6.07160375e-01 6.27701964e-01 5.49977422e-01
 6.04974273e-01 7.02499311e-01 7.95446053e-01 7.75753918e-01
 7.97017466e-01 7.95060385e-01 7.88638972e-01 7.70438408e-01
 7.52736715e-01 8.43810600e-01 9.64425060e-01 8.65086455e-01
 9.81748416e-01 7.04883768e-01 7.50968669e-01 7.57234390e-01
 8.18425778e-01 8.77151788e-01 7.87126520e-01 8.64238996e-01
 9.32818726e-01 9.67910303e-01 1.08380016e+00 9.12846619e-01
 8.93171682e-01 9.69210737e-01 8.33352356e-01 8.54690276e-01
 9.32426821e-01 1.03889907e+00 1.02828809e+00 9.44929241e-01
 9.91325952e-01 9.97328889e-01 9.76462384e-01 9.64806532e-01
 9.99758803e-01 1.02287925e+00 9.81494458e-01 1.04564545e+00
 1.12392870e+00 9.66082725e-01 1.08800058e+00 8.78108678e-01
 9.21022159e-01 9.49886960e-01 8.67837335e-01 9.78684621e-01
 8.14617765e-01 8.26156612e-01 7.15158127e-01 8.05469898e-01
 6.60203002e-01 6.98040530e-01 7.76422894e-01 8.80254951e-01
 8.17462888e-01 6.07971480e-01 7.02739722e-01 8.11842306e-01
 2.83788918e-01 3.71999605e-01 4.63789965e-01 5.49732016e-01
 6.22024809e-01 5.58409726e-01 6.26470921e-01 6.37918983e-01
 6.48937635e-01 7.34510002e-01 7.78478249e-01 8.33957772e-01
 9.19030769e-01 9.42409118e-01 9.25533895e-01 9.85315170e-01
 1.07856073e+00 1.14975919e+00 1.23437942e+00 1.21550851e+00
 1.31169783e+00 1.34485076e+00 1.42671746e+00 1.54400369e+00
 1.64453629e+00 1.67936126e+00 1.77132085e+00 1.86490007e+00
 2.00279079e+00 1.95257130e+00 2.02783206e+00 2.04611914e+00
 1.96938654e+00 2.02922435e+00 2.14856466e+00 2.13461402e+00
 2.09314052e+00 2.08176383e+00 2.16367612e+00 2.19565670e+00
 2.23617550e+00 2.34824393e+00 2.49732903e+00 2.24044426e+00
 2.29737357e+00 2.31129093e+00 2.44726835e+00 2.45641522e+00
 2.52696156e+00 2.49242226e+00 2.45070863e+00 2.49537824e+00
 2.51363619e+00 2.53385298e+00 2.58606635e+00 2.38016888e+00
 2.38358111e+00 2.34173054e+00 2.26082734e+00 2.33324394e+00
 2.39320919e+00 2.34308850e+00 2.32981393e+00 2.41543696e+00
 1.98312691e+00 1.71005671e+00 1.54121097e+00 1.51477862e+00
 1.36299167e+00 1.27072418e+00 1.29677366e+00 1.13855452e+00
 9.98846885e-01 9.63084796e-01 9.16401048e-01 8.42142178e-01
 8.06531840e-01 8.57951967e-01 8.13598645e-01 6.23302633e-01
 6.74691520e-01 6.29237689e-01 3.67820270e-01 3.66060883e-01
 1.05811181e-01 1.20160380e-03 2.56710424e-02 2.39985585e-02]
Mus:
[[-1.77978110e-02 -6.50581485e-03]
 [-1.84787549e-02 -7.09768105e-03]
 [-1.82831045e-02 -7.04153581e-03]
 [-1.82453524e-02 -7.21922843e-03]
 [-1.71945188e-02 -6.49941340e-03]
 [-1.66057069e-02 -5.49021643e-03]
 [-1.70752704e-02 -5.66925155e-03]
 [-1.58482622e-02 -5.57500217e-03]
 [-1.60779487e-02 -6.18766714e-03]
 [-1.58339385e-02 -6.30409364e-03]
 [-1.53132062e-02 -6.59613591e-03]
 [-1.58724338e-02 -6.55720104e-03]
 [-1.57011636e-02 -6.99715223e-03]
 [-1.48076164e-02 -6.95742667e-03]
 [-1.51799871e-02 -6.81646308e-03]
 [-1.51147600e-02 -7.64098205e-03]
 [-1.36402519e-02 -6.89529348e-03]
 [-1.32030612e-02 -7.02114962e-03]
 [-1.34259956e-02 -6.85795303e-03]
 [-1.16875032e-02 -6.57169614e-03]
 [-9.91851464e-03 -6.60913810e-03]
 [-1.09823896e-02 -7.18992529e-03]
 [-8.57487507e-03 -6.28445297e-03]
 [-9.34682693e-03 -5.80078689e-03]
 [-7.45416014e-03 -5.33983577e-03]
 [-5.99044003e-03 -5.48845297e-03]
 [-4.71221469e-03 -4.80513647e-03]
 [-9.92457848e-04 -3.21694324e-03]
 [ 3.48511094e-04 -2.34586746e-03]
 [-1.82965756e-04 -2.34176009e-03]
 [ 1.82125519e-03 -1.88178476e-03]
 [ 3.38583975e-03 -1.52039307e-03]
 [ 4.06140089e-03 -8.85245507e-04]
 [ 5.24188019e-03  6.37315607e-05]
 [ 4.94449399e-03  8.14713654e-04]
 [ 5.06000966e-03  1.25002465e-03]
 [ 6.31885137e-03  2.47355597e-03]
 [ 6.26416365e-03  2.71082087e-03]
 [ 6.62008673e-03  2.85058003e-03]
 [ 7.93667510e-03  3.85336368e-03]
 [ 1.05302837e-02  5.66040305e-03]
 [ 1.13949338e-02  5.70858223e-03]
 [ 1.23887910e-02  6.20306376e-03]
 [ 1.14326449e-02  5.85768139e-03]
 [ 1.33668613e-02  6.93792524e-03]
 [ 1.40294135e-02  7.28995865e-03]
 [ 1.78224221e-02  9.48967971e-03]
 [ 1.56312771e-02  8.19081813e-03]
 [ 1.36882439e-02  7.09472923e-03]
 [ 1.48881953e-02  7.82685727e-03]
 [ 1.25366319e-02  6.53228024e-03]
 [ 7.69259501e-03  4.17707581e-03]
 [ 4.25328128e-03  2.90140556e-03]
 [ 3.57217249e-03  2.83659319e-03]
 [ 4.54840192e-04  1.58210332e-03]
 [ 2.20179092e-03  2.73410766e-03]
 [-1.23850838e-03  1.16598047e-03]
 [-5.92142018e-03 -1.14748464e-03]
 [-3.98606621e-03  3.42762272e-04]
 [-5.51857706e-03 -1.83555283e-04]
 [-4.60269256e-03  7.26371305e-04]
 [-5.95175987e-03  1.42636229e-04]
 [-7.57589377e-03 -5.79871295e-04]
 [-7.12342467e-03 -5.49317301e-05]
 [-8.21987819e-03 -4.48180275e-04]
 [-6.98491279e-03  1.39825497e-04]
 [-8.96177627e-03 -9.26547335e-04]
 [-1.57106705e-02 -3.95398727e-03]
 [-1.83981191e-02 -5.09307301e-03]
 [-2.18290333e-02 -6.77707978e-03]
 [-2.88552791e-02 -9.81101580e-03]
 [-3.28522250e-02 -1.14816921e-02]
 [-3.64954211e-02 -1.32166920e-02]
 [-4.11728323e-02 -1.51729602e-02]
 [-4.36543375e-02 -1.62672121e-02]
 [-4.35133353e-02 -1.57747548e-02]
 [-4.72870432e-02 -1.79154072e-02]
 [-4.93099503e-02 -1.88096203e-02]
 [-5.27507029e-02 -2.10592542e-02]
 [-4.98935319e-02 -2.01301202e-02]
 [-5.01737595e-02 -2.08646487e-02]
 [-4.88018394e-02 -2.07491945e-02]
 [-4.31689136e-02 -1.85859781e-02]
 [-4.26108129e-02 -1.85885821e-02]
 [-4.01143171e-02 -1.76611654e-02]
 [-3.74152586e-02 -1.65625103e-02]
 [-3.30768451e-02 -1.48108369e-02]
 [-2.81166378e-02 -1.25226500e-02]
 [-2.61488445e-02 -1.19563518e-02]
 [-2.26322934e-02 -1.07422201e-02]
 [-1.70965511e-02 -8.09270702e-03]
 [-1.33297211e-02 -6.38059946e-03]
 [-9.94240865e-03 -5.19817602e-03]
 [-1.00277010e-02 -5.49429003e-03]
 [-7.57058803e-03 -4.61702235e-03]
 [-7.43337628e-03 -4.28710878e-03]
 [-3.84930545e-03 -2.74373614e-03]
 [-4.72394563e-03 -3.46981292e-03]
 [-2.26067565e-03 -1.83499779e-03]
 [-1.77508150e-03 -1.58758089e-03]
 [ 3.14612431e-03  1.18615339e-03]
 [ 6.68705790e-04 -1.86217454e-04]
 [ 1.41101482e-03  3.19947052e-04]
 [ 3.21953045e-03  1.37802411e-03]
 [-1.85473729e-03 -1.50512962e-03]
 [ 1.62448676e-03  3.21633241e-04]
 [ 1.71104199e-04 -5.98554208e-04]
 [ 2.46790354e-03  5.21218753e-04]
 [ 6.45416696e-03  2.90368358e-03]
 [ 4.88866912e-03  2.05703476e-03]
 [ 2.72287359e-03  8.95314501e-04]
 [ 1.92099437e-03  6.16182573e-04]
 [-5.40877087e-03 -3.67199164e-03]
 [-4.74479748e-03 -3.19328718e-03]
 [-6.33108849e-03 -4.18583537e-03]
 [-7.81383552e-03 -5.22778323e-03]
 [-5.71095571e-03 -4.10141330e-03]
 [-2.42681941e-03 -2.23308546e-03]
 [-3.02609033e-03 -2.74109142e-03]
 [-1.60957011e-03 -1.64484780e-03]
 [-2.12805206e-03 -1.43381755e-03]
 [-2.14593392e-03 -1.34602271e-03]
 [-1.17553188e-03 -1.44889508e-03]
 [-1.71643321e-03 -1.22276216e-03]
 [-2.39692861e-03 -1.19167962e-03]
 [-3.67412157e-03 -1.19839457e-03]
 [-4.60998481e-03 -1.75826706e-03]
 [-5.48120169e-03 -2.08376674e-03]
 [-5.55466395e-03 -2.45292392e-03]
 [-4.72388370e-03 -3.00488411e-03]
 [-4.77198465e-03 -3.43146594e-03]
 [-1.73053134e-03 -2.78701028e-03]
 [-8.25167459e-04 -2.20346986e-03]
 [-1.80777779e-03 -2.30513583e-03]
 [-3.95670475e-04 -2.37408024e-03]
 [ 3.50329035e-04 -1.85883115e-03]
 [ 9.26292152e-04 -1.24327361e-03]
 [ 2.20124889e-03 -1.39229256e-03]
 [ 4.20611072e-03 -2.79902451e-04]
 [ 6.42249873e-03 -6.31399380e-05]
 [ 7.53051415e-03  4.52453416e-04]
 [ 8.19049310e-03  1.68059859e-03]
 [ 8.71819165e-03  2.42137793e-03]
 [ 8.59862752e-03  2.97943898e-03]
 [ 7.31640263e-03  3.21637187e-03]
 [ 8.74517579e-03  2.92766537e-03]
 [ 9.15058609e-03  2.87805009e-03]
 [ 1.02259926e-02  2.50672363e-03]
 [ 1.12072993e-02  3.46557819e-03]
 [ 1.19509585e-02  2.89313798e-03]
 [ 1.23742204e-02  3.29638273e-03]
 [ 1.30019905e-02  3.26684746e-03]
 [ 1.48633905e-02  3.86064406e-03]
 [ 1.57086477e-02  4.37375903e-03]
 [ 1.60724781e-02  4.33202414e-03]
 [ 1.58518907e-02  4.69988491e-03]
 [ 1.65720880e-02  5.63376211e-03]
 [ 1.69760734e-02  6.63641654e-03]
 [ 1.68137178e-02  6.55986927e-03]
 [ 1.63505152e-02  7.14015961e-03]
 [ 1.49813183e-02  6.95189042e-03]
 [ 1.50649473e-02  6.42257230e-03]
 [ 1.37916924e-02  6.37914985e-03]
 [ 1.42927058e-02  5.90193365e-03]
 [ 1.29911760e-02  5.89274894e-03]
 [ 1.34341419e-02  5.50760143e-03]
 [ 1.24442456e-02  5.57460915e-03]
 [ 9.68682300e-03  5.54483058e-03]
 [ 1.02253836e-02  4.97724488e-03]
 [ 7.98849482e-03  4.75547882e-03]
 [ 8.67852196e-03  4.09683120e-03]
 [ 7.95848947e-03  3.72927682e-03]
 [ 6.93411753e-03  3.21336137e-03]
 [ 5.77637227e-03  1.92476122e-03]
 [ 5.83055010e-03  1.31866324e-03]
 [ 6.43299008e-03  1.54593214e-03]
 [ 6.18717261e-03  2.43598828e-03]
 [ 4.68015950e-03  1.41915644e-03]
 [ 4.48466511e-03  2.20469688e-03]
 [ 3.00664711e-03  1.12713594e-03]
 [ 1.68481527e-03 -3.35393532e-04]
 [ 1.23260534e-05 -1.74453505e-03]
 [-1.39467046e-03 -2.33371882e-03]
 [-4.12764400e-03 -3.80964600e-03]
 [-2.89286114e-03 -2.73960712e-03]
 [-1.49707741e-03 -1.74346869e-03]
 [-2.61942740e-03 -2.21671304e-03]
 [-4.39500250e-03 -2.92658270e-03]
 [-5.01623936e-03 -2.87456554e-03]
 [-7.08630029e-03 -3.73119628e-03]
 [-7.28171598e-03 -3.29473894e-03]
 [-1.28311869e-02 -6.29421370e-03]
 [-1.40202269e-02 -6.66267751e-03]
 [-1.47490148e-02 -6.80777384e-03]
 [-2.10293699e-02 -1.02228979e-02]
 [-2.11485494e-02 -1.00962091e-02]
 [-1.91313401e-02 -8.67830589e-03]
 [-1.76769383e-02 -7.43225589e-03]
 [-1.79487411e-02 -7.12514576e-03]
 [-1.55109009e-02 -5.13205864e-03]]
Actions:
[[-3.52458503e-02  3.32835902e-01]
 [-8.35710945e-02 -4.64475733e-02]
 [-1.90975295e-01 -2.62677826e-02]
 [ 1.49314601e-01 -1.53902463e-01]
 [ 3.26548524e-01 -3.28933182e-01]
 [-6.82615239e-02 -1.30518296e-01]
 [-4.26044190e-01 -3.45975508e-01]
 [-2.39035334e-01  5.06542352e-02]
 [-9.09068941e-02 -8.77579292e-02]
 [-2.13425477e-01  4.29496932e-02]
 [ 2.39705626e-01 -7.55446322e-02]
 [-1.99334621e-01  1.33714854e-01]
 [-2.52609746e-01 -1.54322391e-01]
 [ 2.63051010e-01 -6.34019244e-02]
 [-4.02654704e-01  2.36077778e-01]
 [ 4.74999242e-02 -2.64538282e-01]
 [-9.48534906e-02  4.58932625e-02]
 [ 1.99738031e-01 -3.44222952e-02]
 [-2.99420959e-01 -1.65905765e-01]
 [-3.07238974e-01  8.83014397e-02]
 [ 1.63650036e-01  4.17856196e-01]
 [-8.66204365e-02 -1.22996845e-01]
 [ 5.11366522e-01  4.13859632e-02]
 [-2.12253915e-01 -4.84358467e-02]
 [-3.45108550e-01  2.17307003e-01]
 [ 5.87440249e-02 -1.80544097e-02]
 [-2.59564578e-01 -5.31780280e-01]
 [ 4.34064814e-02 -1.88813223e-01]
 [ 1.34206199e-01  1.97320099e-01]
 [-2.36130698e-01  1.11006964e-02]
 [-1.94265789e-01  6.12761445e-02]
 [ 5.86171195e-02 -3.04936929e-02]
 [-1.07496375e-01 -3.61262447e-01]
 [ 1.35155477e-01 -4.26864882e-01]
 [-1.24289080e-02 -1.86872949e-01]
 [ 6.98490914e-02 -3.82926569e-01]
 [ 1.16172161e-01  1.92613789e-01]
 [-1.95258771e-01  9.38504431e-02]
 [ 3.37693647e-01  1.77915320e-01]
 [ 4.86454693e-01 -9.59053264e-02]
 [-2.13857531e-01  3.13891475e-01]
 [ 3.31935162e-02  1.18443789e-01]
 [-3.20116841e-01 -2.14126452e-01]
 [ 1.62972801e-01  2.69072919e-02]
 [ 8.97970479e-02  1.38979561e-01]
 [ 5.81731756e-01 -1.37912131e-02]
 [-4.19887565e-01  9.06516108e-02]
 [-2.08169661e-01  2.19501365e-01]
 [ 1.89014559e-01  6.24669321e-02]
 [-2.11591238e-01  2.25408930e-01]
 [-4.55325504e-01  7.51169621e-02]
 [-2.54914162e-01 -1.04680978e-01]
 [-1.41540757e-01 -1.40782656e-01]
 [ 1.21199355e-01 -9.36358389e-02]
 [ 3.29794544e-01 -1.03371491e-01]
 [-3.19009402e-01 -1.77417746e-01]
 [-2.87575210e-01  2.45370008e-01]
 [ 2.25943813e-01 -2.57035939e-01]
 [ 1.82206678e-01  2.70461474e-01]
 [ 3.10786344e-01 -6.43898667e-02]
 [ 2.89266983e-02  1.09852518e-01]
 [-4.04401359e-02  3.98818620e-02]
 [-3.31119940e-02 -4.92820008e-01]
 [-4.13501457e-02 -8.37888165e-02]
 [-2.37060724e-01 -5.97846247e-01]
 [-2.33241082e-01  2.76306018e-02]
 [ 1.71348529e-02 -2.39586714e-01]
 [-3.70262227e-02 -1.88630136e-01]
 [-2.06699012e-01  8.48334746e-02]
 [-2.73746747e-04  3.89829504e-01]
 [ 1.11649853e-02  9.93610361e-02]
 [-2.79380802e-01 -4.71584579e-02]
 [ 1.09583794e-01  1.68201825e-01]
 [-2.97750307e-02 -2.67162613e-02]
 [ 4.38108733e-01 -1.09211849e-01]
 [-3.76036365e-01  1.47538343e-01]
 [ 7.41776324e-02  3.42339184e-02]
 [-5.19673550e-01  1.89287338e-01]
 [-1.19286523e-01 -3.18952866e-01]
 [-1.63467923e-01  9.43890970e-02]
 [-3.82223500e-02 -1.06825610e-02]
 [-4.29718728e-02 -4.01458796e-01]
 [ 2.33607815e-01  1.98001997e-01]
 [ 1.26160529e-01 -5.02664904e-02]
 [ 2.06759676e-01 -7.66078186e-03]
 [-1.92920484e-01 -3.97273071e-01]
 [ 9.65479077e-02 -3.07050280e-01]
 [ 7.47812300e-02  1.52253875e-01]
 [-3.14276968e-01 -2.28995824e-01]
 [ 1.92637583e-01 -3.18652395e-01]
 [ 1.28909990e-01 -1.06065476e-01]
 [-2.32881741e-01 -8.70184908e-02]
 [ 1.52220268e-01  4.26445720e-01]
 [-1.15161010e-01 -3.08081602e-02]
 [ 3.75443244e-01  3.35556729e-01]
 [-1.49084778e-01 -3.04579904e-01]
 [-3.31130042e-01  5.95646178e-02]
 [ 3.96070983e-01  3.13706897e-02]
 [-4.40817560e-04  5.59899521e-02]
 [ 4.94168764e-01 -1.46695990e-03]
 [-6.29662366e-02  2.89457672e-01]
 [ 3.23104418e-01  2.91254052e-01]
 [ 1.04260251e-01 -1.34998082e-01]
 [-5.38759472e-01  3.89874784e-02]
 [ 4.99843117e-02 -2.79347799e-01]
 [-1.48259695e-01  1.31191228e-01]
 [-3.99985625e-02 -1.93159813e-01]
 [ 4.12115958e-01 -4.54348847e-02]
 [ 1.82472041e-01  5.03853874e-01]
 [-9.56244603e-02  1.52728661e-01]
 [ 7.89214840e-02  1.26656100e-01]
 [-3.68941517e-01  7.04028269e-01]
 [ 1.10741948e-01  3.86601185e-02]
 [-1.41563894e-01  1.29391031e-01]
 [-1.59312905e-01  1.51825128e-01]
 [ 2.47702068e-02 -2.42379424e-01]
 [ 8.79071724e-02 -4.07723445e-01]
 [-2.14384322e-02  2.04130109e-01]
 [ 2.16545192e-01 -1.52782952e-01]
 [ 2.66753345e-01  1.36636461e-02]
 [-2.69224659e-02 -1.85373512e-01]
 [-3.16040777e-01 -1.28694719e-01]
 [ 1.60027761e-01 -1.13992490e-01]
 [ 1.37078477e-01 -4.39805260e-02]
 [ 2.22089717e-01 -1.47967706e-01]
 [ 1.18850367e-01  3.40487915e-01]
 [ 1.65012063e-01  1.53776341e-01]
 [-9.52492772e-03  1.89608009e-01]
 [-3.13109320e-01  1.32128035e-01]
 [-1.29790828e-02  2.21105841e-01]
 [-3.82329052e-01 -2.25354175e-01]
 [ 9.67098804e-03 -1.22472022e-01]
 [ 2.08974900e-01  1.14247552e-01]
 [-9.64795102e-02  2.47076637e-01]
 [ 4.45844929e-02 -4.68215292e-02]
 [ 1.05739735e-01 -8.23327057e-02]
 [-3.58675432e-02  3.46976076e-01]
 [-3.27744108e-02 -2.26229004e-01]
 [-2.25024765e-01  1.62204978e-01]
 [ 4.06429939e-02  4.15792858e-02]
 [ 2.43945093e-01 -3.17498441e-01]
 [ 1.42367842e-01 -1.67121791e-01]
 [ 4.86704556e-02 -3.21466423e-01]
 [ 4.09205280e-01  1.96202271e-03]
 [-2.89423720e-01  1.66246489e-01]
 [ 2.08041348e-02  1.58512130e-01]
 [-8.19332440e-02  4.22444488e-01]
 [-4.71944344e-02 -4.16384420e-01]
 [-1.51985265e-01  3.93164911e-01]
 [ 1.94660417e-01  1.30650973e-01]
 [ 9.92437211e-02  3.29680248e-01]
 [-2.92359360e-01 -2.13016663e-01]
 [-1.14289420e-01 -1.65461167e-01]
 [-1.27881539e-01  4.67387843e-02]
 [ 5.10611536e-01  3.49125550e-01]
 [ 2.96102534e-01 -2.58697280e-02]
 [ 2.41602164e-01 -2.44870774e-01]
 [-4.39400592e-02 -3.69978241e-02]
 [ 3.06213364e-01 -1.51619784e-01]
 [ 2.12862062e-02 -2.51365711e-01]
 [-4.08727299e-01 -1.64751420e-01]
 [-3.45776141e-02 -4.01956253e-01]
 [-1.99409653e-01  1.75649006e-01]
 [ 2.81188340e-01 -2.83196973e-02]
 [-2.58413406e-02  3.11351684e-01]
 [ 2.24223481e-01 -7.19056474e-02]
 [ 2.49622634e-01 -4.70471514e-01]
 [-2.58753131e-01  1.69988505e-01]
 [ 1.59871730e-01 -2.92768625e-01]
 [-2.96077301e-01  2.85658073e-01]
 [-8.43202284e-02 -3.33767958e-02]
 [ 3.66712016e-02  1.43365499e-01]
 [-3.48660636e-01  1.68646101e-01]
 [-3.38050782e-01  1.77286403e-02]
 [-8.12415458e-02 -8.27339808e-02]
 [ 6.54241989e-01  1.33924702e-01]
 [ 1.53844896e-01  5.31630164e-01]
 [ 1.15337404e-01 -4.30906802e-01]
 [-2.06664738e-01  1.41396051e-01]
 [-3.20541890e-01  2.91073770e-01]
 [-2.02562075e-01  3.04550182e-01]
 [ 2.68484376e-02  1.21898691e-01]
 [ 6.26303670e-02  4.42815538e-01]
 [-2.48803731e-02 -4.19535450e-01]
 [ 8.10995619e-02 -2.40910850e-01]
 [ 1.55606088e-01  1.90778149e-01]
 [ 1.78860230e-01  2.35561352e-01]
 [ 2.33627903e-01  5.68460908e-02]
 [-4.44754200e-02  4.87222183e-02]
 [ 4.40195650e-02 -2.81637873e-01]
 [-2.94424306e-01  4.07452129e-01]
 [-5.15128270e-02 -6.85676627e-02]
 [-1.93296439e-01 -2.68970754e-01]
 [-3.83834326e-01  4.11248439e-01]
 [ 1.35673957e-01  3.16716490e-02]
 [ 4.66752319e-01  8.34009404e-02]
 [ 2.70876290e-01 -1.37983948e-01]
 [ 8.71613322e-03 -7.34509579e-02]
 [ 1.35614454e-03  2.71848215e-01]
 [ 3.00095619e-02 -7.86806344e-02]]
States:
[[0.99922246 0.99735242 0.48123465 0.45053757 0.5130568  0.59743301]
 [0.99918106 0.99801508 0.48049068 0.45715953 0.50398861 0.68465437]
 [0.99899538 0.99898097 0.47736543 0.46929082 0.48274492 0.67075881]
 ...
 [0.84121853 0.         0.13788321 0.61903814 0.64996411 0.94146673]
 [0.85634504 0.         0.15288562 0.56991724 0.64949401 0.86404764]
 [0.87068779 0.         0.16835435 0.55528507 0.64713384 0.597323  ]]
Logstds:
[[-3. -3.]
 [-3. -3.]
 [-3. -3.]
 [-3. -3.]
 [-3. -3.]
 [-3. -3.]
 [-3. -3.]
 [-3. -3.]
 [-3. -3.]
 [-3. -3.]
 [-3. -3.]
 [-3. -3.]
 [-3. -3.]
 [-3. -3.]
 [-3. -3.]
 [-3. -3.]
 [-3. -3.]
 [-3. -3.]
 [-3. -3.]
 [-3. -3.]
 [-3. -3.]
 [-3. -3.]
 [-3. -3.]
 [-3. -3.]
 [-3. -3.]
 [-3. -3.]
 [-3. -3.]
 [-3. -3.]
 [-3. -3.]
 [-3. -3.]
 [-3. -3.]
 [-3. -3.]
 [-3. -3.]
 [-3. -3.]
 [-3. -3.]
 [-3. -3.]
 [-3. -3.]
 [-3. -3.]
 [-3. -3.]
 [-3. -3.]
 [-3. -3.]
 [-3. -3.]
 [-3. -3.]
 [-3. -3.]
 [-3. -3.]
 [-3. -3.]
 [-3. -3.]
 [-3. -3.]
 [-3. -3.]
 [-3. -3.]
 [-3. -3.]
 [-3. -3.]
 [-3. -3.]
 [-3. -3.]
 [-3. -3.]
 [-3. -3.]
 [-3. -3.]
 [-3. -3.]
 [-3. -3.]
 [-3. -3.]
 [-3. -3.]
 [-3. -3.]
 [-3. -3.]
 [-3. -3.]
 [-3. -3.]
 [-3. -3.]
 [-3. -3.]
 [-3. -3.]
 [-3. -3.]
 [-3. -3.]
 [-3. -3.]
 [-3. -3.]
 [-3. -3.]
 [-3. -3.]
 [-3. -3.]
 [-3. -3.]
 [-3. -3.]
 [-3. -3.]
 [-3. -3.]
 [-3. -3.]
 [-3. -3.]
 [-3. -3.]
 [-3. -3.]
 [-3. -3.]
 [-3. -3.]
 [-3. -3.]
 [-3. -3.]
 [-3. -3.]
 [-3. -3.]
 [-3. -3.]
 [-3. -3.]
 [-3. -3.]
 [-3. -3.]
 [-3. -3.]
 [-3. -3.]
 [-3. -3.]
 [-3. -3.]
 [-3. -3.]
 [-3. -3.]
 [-3. -3.]
 [-3. -3.]
 [-3. -3.]
 [-3. -3.]
 [-3. -3.]
 [-3. -3.]
 [-3. -3.]
 [-3. -3.]
 [-3. -3.]
 [-3. -3.]
 [-3. -3.]
 [-3. -3.]
 [-3. -3.]
 [-3. -3.]
 [-3. -3.]
 [-3. -3.]
 [-3. -3.]
 [-3. -3.]
 [-3. -3.]
 [-3. -3.]
 [-3. -3.]
 [-3. -3.]
 [-3. -3.]
 [-3. -3.]
 [-3. -3.]
 [-3. -3.]
 [-3. -3.]
 [-3. -3.]
 [-3. -3.]
 [-3. -3.]
 [-3. -3.]
 [-3. -3.]
 [-3. -3.]
 [-3. -3.]
 [-3. -3.]
 [-3. -3.]
 [-3. -3.]
 [-3. -3.]
 [-3. -3.]
 [-3. -3.]
 [-3. -3.]
 [-3. -3.]
 [-3. -3.]
 [-3. -3.]
 [-3. -3.]
 [-3. -3.]
 [-3. -3.]
 [-3. -3.]
 [-3. -3.]
 [-3. -3.]
 [-3. -3.]
 [-3. -3.]
 [-3. -3.]
 [-3. -3.]
 [-3. -3.]
 [-3. -3.]
 [-3. -3.]
 [-3. -3.]
 [-3. -3.]
 [-3. -3.]
 [-3. -3.]
 [-3. -3.]
 [-3. -3.]
 [-3. -3.]
 [-3. -3.]
 [-3. -3.]
 [-3. -3.]
 [-3. -3.]
 [-3. -3.]
 [-3. -3.]
 [-3. -3.]
 [-3. -3.]
 [-3. -3.]
 [-3. -3.]
 [-3. -3.]
 [-3. -3.]
 [-3. -3.]
 [-3. -3.]
 [-3. -3.]
 [-3. -3.]
 [-3. -3.]
 [-3. -3.]
 [-3. -3.]
 [-3. -3.]
 [-3. -3.]
 [-3. -3.]
 [-3. -3.]
 [-3. -3.]
 [-3. -3.]
 [-3. -3.]
 [-3. -3.]
 [-3. -3.]
 [-3. -3.]
 [-3. -3.]
 [-3. -3.]
 [-3. -3.]
 [-3. -3.]
 [-3. -3.]
 [-3. -3.]
 [-3. -3.]
 [-3. -3.]]
