Baseline:
[1.2650013  1.2456869  1.2828377  1.2946633  1.2740573  1.2708092
 1.2277447  1.2205017  1.2114195  1.1994786  1.1766258  1.1697052
 1.1823777  1.1707454  1.2047887  1.2107183  1.164381   1.1434493
 1.1434737  1.1397548  1.1605396  1.1379106  1.1411252  1.132506
 1.1461549  1.1323231  1.145021   1.1532996  1.1456641  1.1391009
 1.1356843  1.1381276  1.14733    1.1730318  1.1808162  1.2102771
 1.2042083  1.2075443  1.1989366  1.2077405  1.20862    1.2053429
 1.2032406  1.1824642  1.1847832  1.1612504  1.1517766  1.1510704
 1.128236   1.1108633  1.0818329  1.0620883  1.0469692  1.0407825
 1.0314578  1.0286865  1.0120318  0.9821122  0.99376965 0.97103393
 0.97363555 0.9520728  0.9672817  0.927433   0.9302257  0.9128537
 0.8846194  0.87658393 0.87406117 0.8620721  0.8826815  0.90872264
 0.8962254  0.90769506 0.9065571  0.8822428  0.89617074 0.8950142
 0.90140295 0.90454674 0.91848445 0.9278051  0.9151057  0.92857206
 0.9487355  0.96386814 0.98325706 1.0065889  1.0247446  1.03066
 1.0322493  1.0569692  1.0873592  1.108605   1.1129864  1.132297
 1.1334982  1.1571941  1.1668057  1.1627514  1.1891496  1.212101
 1.2123802  1.2101252  1.2214706  1.229872   1.2381756  1.2498443
 1.2694175  1.2615325  1.279014   1.261641   1.2605906  1.2824593
 1.2828536  1.2806144  1.2774082  1.2807666  1.2763014  1.2661833
 1.2767842  1.2877849  1.3098016  1.3076826  1.3314686  1.3525887
 1.362958   1.3660729  1.3517735  1.35203    1.3430871  1.3321996
 1.3213747  1.3062509  1.2932113  1.271161   1.2493122  1.2196497
 1.1894348  1.1573248  1.1382548  1.1150415  1.0914458  1.0721102
 1.0647335  1.0105069  0.96352786 0.96507084 0.95561075 0.94663393
 0.9437691  0.9369072  0.9221962  0.9014486  0.9019929  0.94932246
 0.9540756  0.9678521  0.9574491  0.99448097 1.0200222  1.020568
 1.029718   1.0231793  1.0186285  1.0194814  1.0396528  1.0469
 1.0606046  1.0756743  1.091542   1.1162996  1.1285545  1.1500509
 1.1782703  1.2052338  1.2319477  1.2399309  1.2448788  1.2531564
 1.252668   1.2508109  1.2466547  1.2493902  1.2592351  1.2338424
 1.2212111  1.2051187  1.1900357  1.1788235  1.1530719  1.1412938
 1.139957   1.1625452  1.1736283  1.1570226  1.1660354  1.1621327
 1.1629295  1.1604404  1.1604404 ]
Returns:
[5.07927041 5.09123223 4.8267291  4.86972957 4.7725781  4.5687295
 4.34018723 4.41717146 4.43095729 4.48292522 4.39591726 4.45642254
 4.21114342 4.12835038 3.85965686 3.90247263 3.57171499 3.31242347
 3.33304268 3.31426366 3.20513463 3.02839995 3.06672141 3.09765542
 3.1003203  3.12103405 2.94794945 2.99775435 2.93531291 2.77378168
 2.82310959 2.8869855  2.90946975 2.95044814 3.0265503  2.89095998
 2.65851799 2.72408671 2.77993865 2.87093484 2.97513466 3.06582669
 2.72532693 2.77012207 2.79219065 2.84522901 2.91656486 2.9104748
 2.63747268 2.6897281  2.69450566 2.76427868 2.81265368 2.85264557
 2.91739288 2.95448413 3.00660914 2.99030048 2.96640035 3.01417216
 3.03694925 3.0534199  2.69125369 2.41115874 2.30476    2.24519917
 2.1363536  2.19521527 2.18575059 2.25780862 2.18536877 2.05577335
 2.09732589 2.11423673 2.20994763 2.14633564 2.21080131 2.11158113
 2.08862927 2.19596496 2.28819875 2.40716919 2.26287776 2.23039718
 2.24958395 2.25431591 2.06326152 2.09143071 2.16113937 2.31530591
 2.4700074  2.31623234 2.26573889 2.3594447  2.48616296 2.60830384
 2.6822179  2.68673461 2.83177388 2.92366269 2.92377277 2.91812701
 3.05593297 3.21852098 3.3093573  3.34498216 3.51032835 3.61208508
 3.71281797 3.79051717 3.83746657 3.83670698 3.9578553  3.94276878
 3.91798794 3.98675975 4.05630981 4.14387388 4.23053742 4.28297
 4.3370733  4.40235468 4.35438902 4.11678522 4.06134968 3.98370921
 4.01837794 4.05086264 3.97311966 3.9225357  3.95083269 3.74660539
 3.7676941  3.70377595 3.63571359 3.65419719 3.71045844 3.67651893
 3.68125786 3.75738377 3.73733136 3.66538816 3.68612835 3.71522524
 3.72095412 3.7475549  3.84335756 3.88123057 3.96993572 4.05604539
 4.01556884 4.07896493 4.08031449 3.89869938 3.9129197  3.85914398
 3.79187315 3.82544912 3.74886963 3.65875354 3.64967823 3.67736866
 3.67794359 3.67927357 3.66044386 3.63435781 3.66979712 3.65074741
 3.65627699 3.41843673 3.38203355 3.43555001 3.40162186 3.24677974
 3.26292383 3.18368064 3.15853082 3.21259485 3.23156744 3.00472855
 3.01389373 2.90712634 2.86265238 2.81060227 2.68452713 2.49786481
 2.35351295 2.31621674 2.19372973 2.14891236 1.86895526 1.7243408
 1.5717395  1.30138028 0.96340857 0.83310132 0.66550429 0.51631612
 0.35906043 0.24926564]
Advants:
[2.7561197  2.81618962 2.53645257 2.5923757  2.54031925 2.36008978
 2.19098201 2.29557871 2.34125866 2.43189928 2.39476893 2.49360722
 2.26176586 2.21673888 1.93299907 1.99164136 1.72203397 1.49237714
 1.52305317 1.51846737 1.39590204 1.24500474 1.28467909 1.33041232
 1.32579493 1.36831786 1.18544655 1.23141637 1.17973733 1.02336977
 1.07622701 1.13968175 1.1555686  1.17414475 1.24815606 1.08417866
 0.85196968 0.90979401 0.97146351 1.05316984 1.15915839 1.25892932
 0.91636194 0.97943635 0.99708688 1.07374841 1.15715525 1.15442338
 0.89939641 0.96590493 0.9973732  1.08712026 1.15282715 1.20283519
 1.28335364 1.33144469 1.41128114 1.43731168 1.41413197 1.50025244
 1.53799486 1.59626801 1.22918531 0.99267803 0.88416707 0.84141169
 0.75769255 0.8232861  0.81471488 0.89959324 0.80456828 0.64197416
 0.69014541 0.68937546 0.78247942 0.73790242 0.78427418 0.67865669
 0.64021138 0.73774539 0.81123796 0.91906627 0.78142771 0.72749811
 0.71782859 0.69767275 0.47013481 0.45657089 0.48974943 0.62264603
 0.76383109 0.56687253 0.46345097 0.51369392 0.61570465 0.69965775
 0.75413422 0.71457196 0.83206869 0.91152055 0.8665234  0.81673902
 0.93552701 1.08513304 1.15054761 1.16333764 1.30957419 1.3907219
 1.46468966 1.54511622 1.56989854 1.58194109 1.70295893 1.66357927
 1.63499446 1.70450159 1.77787605 1.86535698 1.96285831 2.0342591
 2.08871081 2.15655235 2.09912181 1.86997488 1.79518106 1.69817096
 1.72512136 1.75827646 1.69697832 1.64689372 1.68610574 1.48892637
 1.51766034 1.46390634 1.40179975 1.43590009 1.50944419 1.50007998
 1.53059423 1.63735983 1.63475169 1.58275036 1.62490739 1.67247336
 1.68504387 1.76779039 1.9170707  1.96157652 2.07165014 2.18260023
 2.16104019 2.25089028 2.28870856 2.14647696 2.18079945 2.09897245
 2.04564151 2.0863386  2.04079339 1.93210184 1.91644333 1.96500037
 1.97939669 2.01243701 2.02503235 2.02642385 2.0729078  2.07967287
 2.10712354 1.88505208 1.86463005 1.92884027 1.91970046 1.77810683
 1.80336284 1.73438299 1.7213132  1.81091791 1.87260789 1.68194547
 1.74013858 1.68465823 1.69673416 1.69711114 1.61684926 1.51099147
 1.43532915 1.47430334 1.42888185 1.46150003 1.27129726 1.20380741
 1.11877788 0.8886475  0.59696552 0.54200781 0.42368366 0.33715571
 0.23797798 0.19124365]
Mus:
[[-1.68022271e-02 -6.11025747e-03]
 [-1.68763455e-02 -5.88844996e-03]
 [-1.67368613e-02 -5.74144069e-03]
 [-1.68871954e-02 -6.02091663e-03]
 [-1.82185043e-02 -7.03342026e-03]
 [-1.90881360e-02 -8.24218430e-03]
 [-1.55819012e-02 -7.10881734e-03]
 [-1.42762223e-02 -6.91379001e-03]
 [-1.19212121e-02 -5.90557512e-03]
 [-1.01112369e-02 -5.53983636e-03]
 [-7.27498485e-03 -4.22127498e-03]
 [-5.96935581e-03 -4.00671037e-03]
 [-5.81977423e-03 -3.26722302e-03]
 [-4.66610305e-03 -3.70695186e-03]
 [-5.48601244e-03 -3.61948670e-03]
 [-5.16474573e-03 -3.55413789e-03]
 [-1.71289500e-03 -2.60700937e-03]
 [ 1.03117479e-03 -2.60685803e-03]
 [ 2.56050541e-03 -2.35068682e-03]
 [ 4.36463580e-03 -1.29292358e-03]
 [ 4.69755987e-03 -1.56442111e-03]
 [ 6.81255711e-03 -2.35913307e-04]
 [ 8.32763966e-03  2.49405362e-04]
 [ 1.03108818e-02  8.01199814e-04]
 [ 9.92059615e-03  1.06751791e-03]
 [ 1.14104925e-02  1.49715517e-03]
 [ 1.00800646e-02  2.08294764e-03]
 [ 9.66545288e-03  1.88439980e-03]
 [ 1.08548747e-02  1.53461937e-03]
 [ 1.05502037e-02  2.33647111e-03]
 [ 9.63880494e-03  2.07809755e-03]
 [ 8.09155777e-03  1.61632826e-03]
 [ 6.08081929e-03  6.18026708e-04]
 [ 3.10284598e-03 -1.79558970e-06]
 [ 1.13138033e-03 -3.19887273e-04]
 [ 2.00442752e-04  1.21388613e-04]
 [-2.36633816e-03 -1.31467916e-03]
 [-4.04759170e-03 -1.91808993e-03]
 [-5.71738835e-03 -2.52822065e-03]
 [-6.98213605e-03 -2.67672120e-03]
 [-8.62021092e-03 -3.15114483e-03]
 [-1.07795829e-02 -3.95450182e-03]
 [-8.83030891e-03 -2.69122305e-03]
 [-1.10831503e-02 -3.66539182e-03]
 [-1.21082980e-02 -3.77834984e-03]
 [-1.23763885e-02 -3.80465807e-03]
 [-1.33066885e-02 -3.96454846e-03]
 [-1.42427441e-02 -4.06214362e-03]
 [-1.76784918e-02 -6.06830604e-03]
 [-1.80193596e-02 -6.13739947e-03]
 [-1.74706597e-02 -6.05723076e-03]
 [-1.83145758e-02 -6.56215195e-03]
 [-1.84111856e-02 -6.64721662e-03]
 [-2.09476352e-02 -7.77659658e-03]
 [-2.35204287e-02 -9.00535379e-03]
 [-2.68063899e-02 -1.02152666e-02]
 [-3.07452418e-02 -1.20317098e-02]
 [-3.22355144e-02 -1.29218055e-02]
 [-3.81693281e-02 -1.51333464e-02]
 [-3.77125107e-02 -1.52092772e-02]
 [-4.11276408e-02 -1.68546699e-02]
 [-3.94270308e-02 -1.62957497e-02]
 [-4.26898785e-02 -1.81756578e-02]
 [-3.63556854e-02 -1.56515948e-02]
 [-3.64335477e-02 -1.63954627e-02]
 [-3.26940715e-02 -1.50797982e-02]
 [-2.56481897e-02 -1.20848920e-02]
 [-2.30576359e-02 -1.12797180e-02]
 [-2.01541819e-02 -1.03968428e-02]
 [-1.49104781e-02 -8.30269419e-03]
 [-1.34137757e-02 -7.70581141e-03]
 [-1.14223687e-02 -6.58931211e-03]
 [-7.38873146e-03 -4.65817796e-03]
 [-5.31592220e-03 -3.40790045e-03]
 [-4.42425162e-03 -3.02703609e-03]
 [-1.18839485e-03 -1.52711722e-03]
 [ 1.29894889e-03 -1.27305728e-04]
 [ 7.74505083e-03  3.27072409e-03]
 [ 6.05896907e-03  1.99388224e-03]
 [ 8.39732122e-03  3.28469905e-03]
 [ 9.82348621e-03  4.11418546e-03]
 [ 1.01598883e-02  4.15082509e-03]
 [ 1.07908389e-02  4.50290227e-03]
 [ 6.34146249e-03  1.34379801e-03]
 [ 8.55525024e-03  2.68020411e-03]
 [ 1.21030193e-02  4.78216261e-03]
 [ 9.44699813e-03  3.13986233e-03]
 [ 1.02037713e-02  3.64974886e-03]
 [ 1.10001462e-02  4.39742487e-03]
 [ 1.09113259e-02  4.53336583e-03]
 [ 9.02587082e-03  3.58963339e-03]
 [ 4.87884833e-03  1.71883742e-03]
 [ 5.42598730e-03  2.63312017e-03]
 [ 4.28088522e-03  2.43210187e-03]
 [ 3.75755783e-03  2.35157949e-03]
 [ 2.21045804e-03  1.71819329e-03]
 [ 2.36220215e-03  1.90906902e-03]
 [ 2.40190513e-03  2.45613558e-03]
 [ 1.13564963e-03  2.00389978e-03]
 [-9.04442859e-04  4.45910060e-04]
 [-2.88383407e-03 -3.95211449e-04]
 [-5.55796735e-03 -9.73776856e-04]
 [-7.36071588e-03 -1.72305584e-03]
 [-8.13498162e-03 -2.13695969e-03]
 [-9.66540445e-03 -2.63662776e-03]
 [-1.02870315e-02 -3.63359507e-03]
 [-1.07584633e-02 -4.19072947e-03]
 [-1.14476131e-02 -4.28299839e-03]
 [-1.19060241e-02 -4.74934932e-03]
 [-1.13527235e-02 -4.64927359e-03]
 [-1.16421646e-02 -5.32357674e-03]
 [-1.01297721e-02 -4.97837598e-03]
 [-9.71595477e-03 -5.07231010e-03]
 [-9.93252918e-03 -4.75638453e-03]
 [-1.02365762e-02 -4.35299054e-03]
 [-9.78724752e-03 -4.61007142e-03]
 [-9.90229007e-03 -4.43764217e-03]
 [-9.72151384e-03 -4.52858862e-03]
 [-9.46832635e-03 -4.37229266e-03]
 [-9.17184446e-03 -4.17269999e-03]
 [-9.33020655e-03 -4.29052720e-03]
 [-9.49168392e-03 -4.34554368e-03]
 [-1.00541590e-02 -4.78194468e-03]
 [-1.02790399e-02 -3.81126511e-03]
 [-1.09477341e-02 -3.74028506e-03]
 [-1.14777898e-02 -4.20199893e-03]
 [-1.16273463e-02 -4.09505004e-03]
 [-1.17693478e-02 -4.23203502e-03]
 [-1.26373256e-02 -4.72168345e-03]
 [-1.45099014e-02 -5.83347352e-03]
 [-1.48662170e-02 -5.98691171e-03]
 [-1.64251216e-02 -6.91194367e-03]
 [-1.63504109e-02 -6.75409799e-03]
 [-1.70075856e-02 -7.03008613e-03]
 [-1.72590688e-02 -7.05337431e-03]
 [-1.88079625e-02 -7.79280253e-03]
 [-1.98335461e-02 -8.26667342e-03]
 [-2.14555208e-02 -9.15571954e-03]
 [-2.34213769e-02 -1.01358369e-02]
 [-2.57594716e-02 -1.12618683e-02]
 [-2.65542902e-02 -1.13598891e-02]
 [-2.80178934e-02 -1.20296553e-02]
 [-3.13744359e-02 -1.38344411e-02]
 [-3.44825871e-02 -1.56311523e-02]
 [-3.52892615e-02 -1.58326160e-02]
 [-2.87531503e-02 -1.16678867e-02]
 [-1.90586615e-02 -6.84919953e-03]
 [-1.81197375e-02 -6.88031781e-03]
 [-1.49369212e-02 -5.55456756e-03]
 [-1.14931408e-02 -4.18694038e-03]
 [-8.66965856e-03 -3.60854319e-03]
 [-3.90011747e-03 -1.86250999e-03]
 [ 2.20898050e-03  8.42188776e-04]
 [ 6.64457306e-03  3.53658968e-03]
 [ 8.91826767e-03  5.01032593e-03]
 [ 9.23664775e-03  4.71140258e-03]
 [ 1.11282067e-02  4.98351455e-03]
 [ 1.21390438e-02  4.98705357e-03]
 [ 1.34126237e-02  5.60407015e-03]
 [ 1.29941003e-02  5.62882051e-03]
 [ 1.32329129e-02  5.48259309e-03]
 [ 1.39248613e-02  5.77131007e-03]
 [ 1.40447719e-02  5.32325031e-03]
 [ 1.42375808e-02  5.90792485e-03]
 [ 1.46880504e-02  6.30855607e-03]
 [ 1.51992850e-02  6.52848650e-03]
 [ 1.58976056e-02  6.95319287e-03]
 [ 1.60558112e-02  7.12309405e-03]
 [ 1.73396263e-02  7.55194388e-03]
 [ 1.82259027e-02  6.73981663e-03]
 [ 1.83521379e-02  6.72861887e-03]
 [ 1.82965826e-02  6.73742220e-03]
 [ 1.82554759e-02  7.41015794e-03]
 [ 1.69718452e-02  7.30798207e-03]
 [ 1.40874358e-02  6.43901248e-03]
 [ 9.78867617e-03  5.01913112e-03]
 [ 3.77100543e-03  2.82629440e-03]
 [ 3.89028253e-04  1.74612598e-03]
 [-1.62064121e-03  1.18032377e-03]
 [-4.58142767e-03 -9.76561423e-05]
 [-5.31046884e-03 -4.21342353e-04]
 [-6.14397693e-03 -8.13627499e-04]
 [-7.40267150e-03 -1.47859508e-03]
 [-1.11623583e-02 -3.38804442e-03]
 [-1.52536612e-02 -5.38484054e-03]
 [-1.38594881e-02 -5.03492868e-03]
 [-1.41796386e-02 -5.35064982e-03]
 [-1.49881504e-02 -6.12844154e-03]
 [-1.38951121e-02 -5.79812145e-03]
 [-1.38307996e-02 -6.31563878e-03]
 [-1.19861830e-02 -6.19195215e-03]
 [-1.15782479e-02 -6.46981969e-03]
 [-1.14611723e-02 -6.54766941e-03]
 [-1.24142775e-02 -7.22200656e-03]
 [-1.24471579e-02 -8.37454386e-03]
 [-8.80276039e-03 -7.64102489e-03]
 [-6.04893081e-03 -6.39882591e-03]
 [-2.40697036e-03 -5.75706502e-03]
 [ 1.19962846e-03 -4.50785225e-03]
 [ 5.50893322e-03 -2.78760074e-03]]
Actions:
[[-4.35365616e-02 -3.11661196e-01]
 [ 3.91995281e-01  3.92868532e-01]
 [-2.06157797e-02  2.51127419e-01]
 [-5.11900436e-01 -4.73073536e-02]
 [-4.59971671e-01  3.79566998e-01]
 [-4.40403164e-01 -4.10893819e-01]
 [-1.11114614e-01  2.64593141e-02]
 [ 8.93852972e-02 -1.79395000e-01]
 [-1.65167775e-01 -6.01760689e-02]
 [ 4.68027438e-02 -3.50882265e-01]
 [-9.23990873e-02 -2.83457639e-02]
 [ 4.80385804e-01 -9.05976270e-02]
 [-4.27020685e-01  1.13226057e-01]
 [ 4.66463824e-01  2.37008241e-01]
 [ 4.80447168e-02  7.17945233e-02]
 [-4.76506557e-01 -4.24993739e-01]
 [-5.81132048e-01 -5.21058772e-02]
 [-8.49952314e-02  7.98737201e-02]
 [ 1.19753464e-01 -1.81299241e-01]
 [ 1.89096084e-02  3.79183454e-01]
 [-5.13910818e-02 -4.43186081e-01]
 [-2.94768993e-02  6.80384282e-02]
 [-1.81736773e-01  2.33116844e-02]
 [ 1.68123794e-01 -2.79676588e-02]
 [-2.26791754e-01 -5.49194584e-02]
 [ 3.13565426e-01 -2.85388245e-01]
 [ 3.84326093e-02  1.03085339e-01]
 [-3.31435541e-01  2.32343896e-01]
 [ 3.24699279e-02 -4.36563499e-01]
 [-1.04498077e-01 -6.48699205e-02]
 [-9.93703488e-02 -5.35088649e-02]
 [-1.23177546e-01  2.94243209e-01]
 [ 1.84863459e-01  3.75365578e-02]
 [ 5.27850726e-02 -1.17941808e-01]
 [ 4.05551615e-01 -1.33533505e-01]
 [-4.52728584e-02  5.94041304e-01]
 [-4.93093337e-03  1.59189801e-01]
 [-2.59724630e-01 -7.16261791e-02]
 [ 3.53721940e-02 -1.02609707e-01]
 [-7.30215179e-02 -3.86237382e-02]
 [-1.40406497e-01  7.96429707e-02]
 [ 8.37849900e-03 -6.51094304e-01]
 [-1.95868327e-01  1.05585505e-01]
 [ 1.84819237e-01 -3.87414790e-02]
 [-1.05489604e-01 -2.05214357e-01]
 [ 9.70996494e-02  1.19364322e-02]
 [ 2.48387483e-01  1.15294671e-01]
 [-4.18953255e-01  4.83255577e-01]
 [-1.22339659e-01 -1.59762705e-01]
 [-2.28104135e-01 -2.14183663e-01]
 [-1.45404385e-01 -1.90611111e-02]
 [-4.71535244e-02 -1.50197981e-01]
 [ 3.59861150e-03  1.64152129e-01]
 [-5.13920342e-02  9.73750212e-02]
 [ 1.26601970e-01  3.43202995e-02]
 [-2.18416285e-01  8.17166791e-02]
 [-3.16560872e-01 -1.96724531e-01]
 [ 1.83214308e-01  1.97783594e-01]
 [-1.72794617e-01 -1.80789384e-01]
 [-1.38332212e-01  2.42195910e-01]
 [-2.00196109e-01 -2.46230123e-01]
 [-4.74922546e-01  5.19145988e-01]
 [-2.57683861e-01 -5.82337758e-01]
 [ 1.41004261e-01  3.35674611e-01]
 [ 2.25152717e-01 -1.71943533e-01]
 [ 6.45162229e-02 -4.19099232e-01]
 [-1.27471515e-02  7.47453711e-02]
 [ 1.99402437e-01  1.24735566e-01]
 [-1.24947567e-01 -1.43866060e-01]
 [ 2.61071901e-01  2.43624165e-01]
 [ 3.75428277e-01  1.95153810e-01]
 [-2.00685937e-02 -2.74730390e-01]
 [ 2.50718009e-01  4.61805727e-02]
 [-9.96400916e-02  2.63549673e-03]
 [-2.54999891e-01 -3.60926176e-01]
 [ 1.96052264e-01  5.26596406e-03]
 [ 2.75194384e-01 -3.48163170e-01]
 [-3.12235073e-01  2.07611959e-01]
 [ 3.89851036e-02 -9.83865695e-02]
 [ 1.62956159e-01  8.05657074e-02]
 [-4.73840552e-02  1.19182522e-01]
 [-4.36512603e-01 -3.07918078e-01]
 [-1.49825447e-01 -3.44995651e-01]
 [ 2.87765595e-01 -1.67576414e-01]
 [ 3.11604650e-01 -1.72940031e-01]
 [-1.07813181e-02  5.84702101e-01]
 [ 2.24087282e-01  2.61895655e-01]
 [ 2.64956915e-01  1.26067696e-01]
 [ 7.87769341e-02  2.12688561e-02]
 [-9.96994509e-02  9.70972983e-02]
 [ 7.87084655e-02  5.76697226e-01]
 [ 4.53011867e-01  9.51609979e-02]
 [ 2.06719989e-01 -1.49494486e-01]
 [ 3.38064097e-02 -2.04877238e-01]
 [ 1.78885890e-01  1.35447609e-01]
 [ 5.58537526e-04 -3.16551163e-01]
 [ 3.47504214e-01 -1.60951529e-01]
 [ 1.43274089e-01 -4.56314407e-02]
 [-2.24210059e-01  2.29848126e-01]
 [ 2.85662737e-01  2.86133924e-01]
 [ 3.74347610e-01 -1.03429138e-01]
 [ 3.37990349e-02 -1.89751501e-01]
 [-2.97942852e-02 -1.05828626e-01]
 [ 2.22904967e-01  7.49116151e-02]
 [-7.53784053e-02  3.56997783e-01]
 [-7.60775837e-02  3.86246496e-02]
 [ 1.14886800e-01 -1.61740857e-01]
 [ 8.07993894e-02  1.85590227e-01]
 [-1.45461969e-01 -2.36897392e-01]
 [-4.17332409e-02  3.09949661e-01]
 [-2.95928898e-01 -2.91826084e-01]
 [-1.31430893e-01  1.98114349e-02]
 [ 2.90708691e-01  2.00176825e-02]
 [ 1.28352020e-01 -2.88352786e-01]
 [-1.91760047e-01  1.44853608e-01]
 [-2.03094489e-02 -1.60768758e-01]
 [-6.77597236e-02  1.05266968e-01]
 [-8.73409630e-02 -8.48747538e-02]
 [-1.35413810e-01 -1.62746118e-01]
 [ 5.49799216e-02  1.58909583e-01]
 [ 5.90583992e-02  1.33622830e-01]
 [ 8.07345804e-02  3.51893960e-01]
 [ 2.31201775e-01 -4.56841892e-01]
 [ 2.84969564e-01  1.40529855e-01]
 [ 3.13837118e-02  3.74907096e-01]
 [ 4.86790377e-02  1.27906862e-01]
 [-1.50725368e-01  1.34124681e-01]
 [-3.89457137e-01 -2.37163796e-02]
 [-2.52164521e-01  2.62198182e-01]
 [-1.45552464e-01 -3.26214537e-03]
 [-2.43467692e-01  4.78394449e-01]
 [-9.77759279e-04  1.62323072e-01]
 [-1.05070141e-01 -2.61561708e-01]
 [ 2.00144444e-02  3.76977464e-01]
 [-1.39493490e-01  1.67680986e-01]
 [-1.09497496e-02  4.21203904e-03]
 [-1.49493919e-01  3.29352736e-01]
 [-9.34970608e-02 -2.41074586e-01]
 [-1.12269442e-01  1.23802100e-01]
 [ 1.90077766e-01 -2.65032247e-01]
 [-3.31732799e-02  4.35308800e-01]
 [-3.05307623e-01  1.74785896e-01]
 [-3.10506038e-01  1.66117024e-01]
 [ 1.38348713e-01  3.04868289e-01]
 [ 2.78181572e-01 -1.32851751e-01]
 [ 1.44172277e-01 -1.02803496e-01]
 [-2.82509096e-01  1.74612130e-01]
 [-2.28707233e-02 -1.95511747e-01]
 [-7.17394833e-02 -1.97935396e-01]
 [-4.16670644e-01 -8.76546699e-02]
 [-1.45918274e-01 -1.92716980e-01]
 [ 8.81489677e-03 -3.30332958e-01]
 [ 3.46082074e-01 -3.90331136e-01]
 [ 1.56346615e-01 -2.15779836e-01]
 [ 1.38004985e-01  3.65567402e-01]
 [-3.80888313e-01 -4.89038969e-03]
 [-1.79685079e-01  1.26117104e-01]
 [-2.62922242e-01 -2.21043862e-01]
 [ 3.36439535e-01  2.13731066e-01]
 [ 1.26033875e-01  2.35090017e-01]
 [-1.20366469e-01 -6.64786813e-02]
 [-1.51505118e-01  1.84823562e-01]
 [-6.63981655e-03 -2.05439743e-01]
 [-1.47954324e-01 -1.89408694e-01]
 [-2.33745144e-01 -1.31362923e-01]
 [ 9.73066851e-02  1.53900405e-02]
 [-1.75644892e-01 -1.58498308e-01]
 [-1.65180388e-01 -1.03921139e-01]
 [-4.43535757e-01  3.54613137e-01]
 [-3.12975594e-01  9.40984857e-02]
 [-1.58217990e-02  1.54714072e-01]
 [ 3.19860528e-02 -2.81694911e-01]
 [-4.37914857e-01 -1.47725577e-01]
 [-2.06158724e-01  1.30454147e-01]
 [-3.82634440e-01  1.37261672e-01]
 [-1.10795028e-02  3.18349830e-01]
 [-3.86296422e-02 -5.85579951e-03]
 [-1.89351580e-01 -9.90866730e-02]
 [ 4.64063069e-01  1.53255889e-01]
 [-7.44568889e-03 -1.00841521e-01]
 [ 2.82166221e-01 -1.15735035e-01]
 [ 1.54771293e-01 -1.07657439e-01]
 [-1.30467944e-01  2.62625611e-01]
 [-3.25483081e-02  3.81279194e-01]
 [-2.01257959e-01 -3.75475087e-01]
 [ 2.71174544e-01 -9.17885058e-02]
 [-1.09098883e-01  4.01259285e-02]
 [ 1.41152239e-01 -1.85944056e-01]
 [-1.12497866e-01  1.06094496e-01]
 [-5.21350939e-01 -8.91058360e-02]
 [ 2.23452241e-01  2.26168339e-02]
 [ 2.45388628e-01  1.75972357e-02]
 [ 2.17328949e-01  3.67996825e-01]
 [-2.96046516e-01  4.67841227e-01]
 [-2.78780058e-01 -5.07522559e-03]
 [ 2.09497538e-01 -1.63662872e-02]
 [-2.37423757e-01  1.72460816e-01]
 [-2.90683055e-01  5.37364547e-02]
 [-5.97087560e-02 -3.91568196e-02]
 [ 4.60586673e-02 -3.38407973e-01]]
States:
[[0.99763652 0.99940174 0.46020833 0.47646582 0.51315631 0.59726187]
 [0.9975505  0.99904672 0.45932032 0.47029722 0.50202399 0.51559068]
 [0.9981146  0.99874343 0.46547184 0.46590264 0.60273481 0.62012109]
 ...
 [0.73746718 0.99226612 0.06188489 0.41566183 0.00323575 0.71024225]
 [0.66057851 0.99519594 0.02760262 0.43343878 0.         0.72211428]
 [0.57391066 0.99742632 0.00593792 0.4512311  0.         0.70938347]]
Logstds:
[[-3. -3.]
 [-3. -3.]
 [-3. -3.]
 [-3. -3.]
 [-3. -3.]
 [-3. -3.]
 [-3. -3.]
 [-3. -3.]
 [-3. -3.]
 [-3. -3.]
 [-3. -3.]
 [-3. -3.]
 [-3. -3.]
 [-3. -3.]
 [-3. -3.]
 [-3. -3.]
 [-3. -3.]
 [-3. -3.]
 [-3. -3.]
 [-3. -3.]
 [-3. -3.]
 [-3. -3.]
 [-3. -3.]
 [-3. -3.]
 [-3. -3.]
 [-3. -3.]
 [-3. -3.]
 [-3. -3.]
 [-3. -3.]
 [-3. -3.]
 [-3. -3.]
 [-3. -3.]
 [-3. -3.]
 [-3. -3.]
 [-3. -3.]
 [-3. -3.]
 [-3. -3.]
 [-3. -3.]
 [-3. -3.]
 [-3. -3.]
 [-3. -3.]
 [-3. -3.]
 [-3. -3.]
 [-3. -3.]
 [-3. -3.]
 [-3. -3.]
 [-3. -3.]
 [-3. -3.]
 [-3. -3.]
 [-3. -3.]
 [-3. -3.]
 [-3. -3.]
 [-3. -3.]
 [-3. -3.]
 [-3. -3.]
 [-3. -3.]
 [-3. -3.]
 [-3. -3.]
 [-3. -3.]
 [-3. -3.]
 [-3. -3.]
 [-3. -3.]
 [-3. -3.]
 [-3. -3.]
 [-3. -3.]
 [-3. -3.]
 [-3. -3.]
 [-3. -3.]
 [-3. -3.]
 [-3. -3.]
 [-3. -3.]
 [-3. -3.]
 [-3. -3.]
 [-3. -3.]
 [-3. -3.]
 [-3. -3.]
 [-3. -3.]
 [-3. -3.]
 [-3. -3.]
 [-3. -3.]
 [-3. -3.]
 [-3. -3.]
 [-3. -3.]
 [-3. -3.]
 [-3. -3.]
 [-3. -3.]
 [-3. -3.]
 [-3. -3.]
 [-3. -3.]
 [-3. -3.]
 [-3. -3.]
 [-3. -3.]
 [-3. -3.]
 [-3. -3.]
 [-3. -3.]
 [-3. -3.]
 [-3. -3.]
 [-3. -3.]
 [-3. -3.]
 [-3. -3.]
 [-3. -3.]
 [-3. -3.]
 [-3. -3.]
 [-3. -3.]
 [-3. -3.]
 [-3. -3.]
 [-3. -3.]
 [-3. -3.]
 [-3. -3.]
 [-3. -3.]
 [-3. -3.]
 [-3. -3.]
 [-3. -3.]
 [-3. -3.]
 [-3. -3.]
 [-3. -3.]
 [-3. -3.]
 [-3. -3.]
 [-3. -3.]
 [-3. -3.]
 [-3. -3.]
 [-3. -3.]
 [-3. -3.]
 [-3. -3.]
 [-3. -3.]
 [-3. -3.]
 [-3. -3.]
 [-3. -3.]
 [-3. -3.]
 [-3. -3.]
 [-3. -3.]
 [-3. -3.]
 [-3. -3.]
 [-3. -3.]
 [-3. -3.]
 [-3. -3.]
 [-3. -3.]
 [-3. -3.]
 [-3. -3.]
 [-3. -3.]
 [-3. -3.]
 [-3. -3.]
 [-3. -3.]
 [-3. -3.]
 [-3. -3.]
 [-3. -3.]
 [-3. -3.]
 [-3. -3.]
 [-3. -3.]
 [-3. -3.]
 [-3. -3.]
 [-3. -3.]
 [-3. -3.]
 [-3. -3.]
 [-3. -3.]
 [-3. -3.]
 [-3. -3.]
 [-3. -3.]
 [-3. -3.]
 [-3. -3.]
 [-3. -3.]
 [-3. -3.]
 [-3. -3.]
 [-3. -3.]
 [-3. -3.]
 [-3. -3.]
 [-3. -3.]
 [-3. -3.]
 [-3. -3.]
 [-3. -3.]
 [-3. -3.]
 [-3. -3.]
 [-3. -3.]
 [-3. -3.]
 [-3. -3.]
 [-3. -3.]
 [-3. -3.]
 [-3. -3.]
 [-3. -3.]
 [-3. -3.]
 [-3. -3.]
 [-3. -3.]
 [-3. -3.]
 [-3. -3.]
 [-3. -3.]
 [-3. -3.]
 [-3. -3.]
 [-3. -3.]
 [-3. -3.]
 [-3. -3.]
 [-3. -3.]
 [-3. -3.]
 [-3. -3.]
 [-3. -3.]
 [-3. -3.]
 [-3. -3.]
 [-3. -3.]
 [-3. -3.]
 [-3. -3.]
 [-3. -3.]]
