Baseline:
[0.48061624 0.48676872 0.48846015 0.4855165  0.48461625 0.4669909
 0.4675975  0.48049057 0.47085485 0.46203992 0.44992813 0.44505683
 0.44264928 0.42885223 0.42761257 0.4215469  0.4201685  0.41445324
 0.4354281  0.43892887 0.43523327 0.43716905 0.40161464 0.38135117
 0.35074827 0.32834044 0.2985749  0.2730509  0.24122751 0.22627391
 0.20511436 0.19193032 0.18135166 0.16974513 0.15744995 0.14640124
 0.13530642 0.1413861  0.12948358 0.11424905 0.10303991 0.11917587
 0.12266205 0.12854771 0.13904396 0.14667669 0.14667143 0.14513096
 0.1431696  0.13607317 0.13135387 0.12653121 0.12123662 0.11776169
 0.11423911 0.11717577 0.13132572 0.12182108 0.12209582 0.12110552
 0.10878651 0.10171057 0.10975143 0.09437028 0.09282428 0.09649698
 0.10539602 0.12240674 0.10928921 0.10177033 0.10401918 0.10657513
 0.11349503 0.11836404 0.12782045 0.11806382 0.11913092 0.13419767
 0.12683135 0.13183258 0.1343977  0.14766368 0.1395108  0.1289228
 0.12264115 0.1452829  0.13823773 0.15189706 0.1573822  0.15606782
 0.15181586 0.15827747 0.14114012 0.14081885 0.13698682 0.14146405
 0.12869936 0.12393063 0.1188525  0.1052942  0.10107718 0.10097642
 0.1013436  0.10047275 0.09447578 0.0875795  0.07764889 0.08077813
 0.0755104  0.09507592 0.11919416 0.10030092 0.10026221 0.12836356
 0.1395676  0.14318949 0.13557611 0.14189772 0.13124077 0.13651003
 0.15277378 0.15715955 0.16032086 0.17544898 0.17537837 0.20200373
 0.19795021 0.19410308 0.196366   0.16006684 0.17573528 0.17275845
 0.1780703  0.17770663 0.15188426 0.14244707 0.14485826 0.15584573
 0.15688486 0.14656992 0.13818692 0.12366679 0.11545122 0.11153024
 0.10486499 0.10204145 0.10298745 0.11012565 0.11437701 0.1149932
 0.12104847 0.1225213  0.12479103 0.12269494 0.11896589 0.10595039
 0.10782084 0.10977247 0.0994896  0.0809201  0.0883057  0.09373268
 0.10027611 0.10777271 0.12121587 0.13292973 0.14048068 0.1404896
 0.14616421 0.15368453 0.15160555 0.1530535  0.17704298 0.1669797
 0.16474566 0.15482263 0.15152094 0.14731967 0.14864096 0.13854422
 0.13450828 0.12767658 0.13943546 0.16419771 0.17878522 0.19814289
 0.21320741 0.20853053 0.20660283 0.193208   0.20206581 0.19100459
 0.17448227 0.1665047  0.15894333 0.15292688 0.15279292 0.160065
 0.16367595 0.17803945 0.17803945]
Returns:
[ 1.54816508  1.49623036  1.51309455  1.55827554  1.54178258  1.38875267
  1.48137579  1.42085528  1.39905484  1.19123115  1.1253109   1.22771621
  1.3093533   1.22457424  1.25583824  1.3478009   1.40040315  1.51969917
  1.21748681  1.30785648  0.8935403   0.93532553  0.55184907  0.29333523
  0.1345567   0.13479765  0.07523171  0.00693203 -0.12379257 -0.29213094
 -0.26178826 -0.32258167 -0.24255698 -0.23171577 -0.11867684 -0.05666688
 -0.05840197 -0.09177417 -0.00780107 -0.02991052 -0.18888054 -0.47437603
 -0.49858428 -0.40788652 -0.34416093 -0.41512294 -0.50245455 -0.67025904
 -0.73853732 -0.65738842 -0.74243257 -0.71054726 -0.76419253 -0.70707586
 -0.83294463 -0.8521289  -0.98175247 -1.00988983 -0.99531188 -0.92465315
 -0.89894465 -0.82089403 -0.89695093 -0.93245503 -0.86828454 -0.78736294
 -0.67891436 -0.67410687 -0.6933182  -0.69575862 -0.58810708 -0.62052203
 -0.5985369  -0.48311678 -0.37702099 -0.39176832 -0.28909261 -0.34162629
 -0.36578165 -0.356314   -0.28746197 -0.38301271 -0.2781174  -0.18668085
 -0.13988369 -0.38206395 -0.60411223 -0.58302433 -0.54331969 -0.45569469
 -0.38267852 -0.39830664 -0.52078451 -0.48463402 -0.39175207 -0.44650696
 -0.46509995 -0.44703498 -0.48733457 -0.85171858 -0.83252597 -0.78912064
 -0.71184637 -0.61769526 -0.5443458  -0.44378839 -0.40432621 -0.32188573
 -0.36991016 -0.39819285 -0.77133226 -0.83619506 -0.73486423 -0.81304876
 -1.18091274 -1.08201567 -1.02958921 -0.98988854 -0.97179829 -0.92116769
 -0.92349896 -0.8855037  -0.82411156 -0.75485498 -0.65607861 -0.7444911
 -0.6718697  -0.62585797 -0.51500141 -0.98279111 -1.0169495  -1.04597393
 -0.98918291 -0.9407161  -1.02360918 -0.95495502 -0.9198762  -0.99460638
 -0.92506008 -1.05465442 -1.11593402 -1.10719888 -1.05500828 -0.99409454
 -1.01933231 -1.03803376 -0.97615836 -1.07785078 -1.0272852  -0.99977479
 -1.07611581 -1.00780634 -1.00536658 -1.16613076 -1.11153977 -1.081375
 -1.05183946 -1.03981039 -0.98026787 -1.05158381 -0.96588334 -0.97593734
 -0.87928305 -0.80489934 -1.01012457 -1.0256188  -0.93784346 -0.84524916
 -0.80065057 -0.69643783 -0.62579085 -0.55880756 -0.74449458 -0.76981096
 -0.7222348  -0.66537363 -0.59259635 -0.51739021 -0.48650207 -0.40900628
 -0.31087296 -0.2515196  -0.19409874 -0.22372958 -0.51300523 -0.60032459
 -0.70785549 -0.6087956  -0.51210794 -0.60079158 -0.5245626  -0.44987648
 -0.42343276 -0.34102778 -0.31898667 -0.28072471 -0.17997228 -0.142448
 -0.03530144 -0.03507762]
Advants:
[ 0.81705343  0.76884768  0.79521293  0.85697195  0.85569279  0.73163341
  0.83880739  0.77957204  0.78241711  0.59354185  0.54906591  0.66978793
  0.77102264  0.71649976  0.76786994  0.88940378  0.97056182  1.12893194
  0.83194983  0.9499429   0.56039826  0.62435148  0.2918261   0.06291541
 -0.05908914 -0.0290431  -0.05173773 -0.08812529 -0.18315301 -0.33707818
 -0.28456953 -0.3325592  -0.23956639 -0.21383136 -0.08105361  0.00234233
  0.02320943 -0.00497499  0.10609319  0.11549242 -0.0191779  -0.31593242
 -0.33919103 -0.24694218 -0.18399631 -0.25447755 -0.33570006 -0.50048246
 -0.56724256 -0.47674895 -0.55711825 -0.51932323 -0.56798964 -0.50586669
 -0.630335   -0.65544296 -0.80690458 -0.83445658 -0.82939012 -0.76554873
 -0.73481786 -0.65497675 -0.74741116 -0.7772033  -0.71994723 -0.64949034
 -0.55423252 -0.57147051 -0.58321643 -0.5841145  -0.48193762 -0.52149068
 -0.51093201 -0.40185226 -0.30382074 -0.30745506 -0.20123198 -0.26591558
 -0.28005858 -0.27258256 -0.20097955 -0.30739279 -0.18824002 -0.07643548
 -0.01110191 -0.27081558 -0.48692479 -0.4804668  -0.44624222 -0.35454661
 -0.27189773 -0.28883153 -0.39183485 -0.3516988  -0.24801722 -0.30152012
 -0.30131139 -0.27122019 -0.29965524 -0.65396668 -0.63361572 -0.59208332
 -0.51493949 -0.41672178 -0.33145337 -0.21424991 -0.15274917 -0.05784562
 -0.0850041  -0.11740518 -0.51018614 -0.55271939 -0.44448565 -0.54660978
 -0.93288528 -0.84248492 -0.78587826 -0.75519249 -0.72847893 -0.68392154
 -0.7039641  -0.670886   -0.61143087 -0.55429974 -0.44913718 -0.56087932
 -0.47825654 -0.42040111 -0.29977112 -0.73154504 -0.78322042 -0.81207964
 -0.76205949 -0.71330207 -0.77221715 -0.6937121  -0.65958518 -0.74637028
 -0.67690273 -0.79882899 -0.8562339  -0.83715176 -0.77940599 -0.7154531
 -0.73555698 -0.75358777 -0.69311023 -0.80579709 -0.76223523 -0.73749605
 -0.8247793  -0.76117881 -0.76451535 -0.93189599 -0.88122699 -0.84501404
 -0.82405419 -0.82094152 -0.75651465 -0.81675083 -0.74414162 -0.7662931
 -0.68063404 -0.61650931 -0.84493832 -0.88358002 -0.81328207 -0.72860525
 -0.69705972 -0.60538381 -0.53585245 -0.47175699 -0.68948086 -0.71393862
 -0.67257666 -0.61289489 -0.54217043 -0.46611777 -0.43927702 -0.35193376
 -0.24687514 -0.17550762 -0.12280947 -0.17124927 -0.47804979 -0.59121372
 -0.72464024 -0.62944888 -0.53705696 -0.62142786 -0.56182883 -0.48186374
 -0.44384369 -0.35603311 -0.32830616 -0.28469362 -0.18140962 -0.14761994
 -0.03704337 -0.0439796 ]
Mus:
[[-2.58353520e-02 -1.10526150e-02]
 [-2.57528014e-02 -1.18171601e-02]
 [-2.47755609e-02 -1.09909624e-02]
 [-2.47196965e-02 -1.05605638e-02]
 [-2.50624772e-02 -1.01088854e-02]
 [-2.69921646e-02 -1.02498159e-02]
 [-2.77261194e-02 -1.07163023e-02]
 [-2.69336253e-02 -1.07103204e-02]
 [-2.80758049e-02 -1.17994267e-02]
 [-2.93068849e-02 -1.13994488e-02]
 [-2.97816303e-02 -1.18084000e-02]
 [-3.04716099e-02 -1.24416696e-02]
 [-3.13613601e-02 -1.33114876e-02]
 [-3.04086078e-02 -1.36532141e-02]
 [-3.03366445e-02 -1.37644522e-02]
 [-2.99251117e-02 -1.40704410e-02]
 [-2.90303174e-02 -1.35786543e-02]
 [-2.81117465e-02 -1.32989865e-02]
 [-2.72562411e-02 -1.30510349e-02]
 [-2.67136674e-02 -1.30768726e-02]
 [-2.53473222e-02 -1.15174428e-02]
 [-2.63105091e-02 -1.21743809e-02]
 [-2.81314924e-02 -1.18954955e-02]
 [-3.04658767e-02 -1.18267825e-02]
 [-3.25471200e-02 -1.21546816e-02]
 [-3.47933397e-02 -1.28824990e-02]
 [-3.63847315e-02 -1.30550200e-02]
 [-3.70739736e-02 -1.32366912e-02]
 [-3.74035873e-02 -1.42908357e-02]
 [-3.96040902e-02 -1.56521574e-02]
 [-3.95517051e-02 -1.59005392e-02]
 [-3.94039899e-02 -1.55559452e-02]
 [-4.01931107e-02 -1.59981847e-02]
 [-4.05337811e-02 -1.65038276e-02]
 [-3.94040495e-02 -1.61090642e-02]
 [-3.75474542e-02 -1.50079066e-02]
 [-3.61242145e-02 -1.49293495e-02]
 [-3.79167646e-02 -1.62462126e-02]
 [-3.50520425e-02 -1.52011272e-02]
 [-3.07381582e-02 -1.29588470e-02]
 [-2.37680841e-02 -9.62900929e-03]
 [-2.60891877e-02 -1.14990277e-02]
 [-2.00155359e-02 -9.18650161e-03]
 [-1.67415701e-02 -7.86990207e-03]
 [-1.66179910e-02 -8.03323928e-03]
 [-2.25866158e-02 -1.24352854e-02]
 [-2.18377952e-02 -1.33231021e-02]
 [-1.81042310e-02 -1.13547696e-02]
 [-1.72139201e-02 -1.19029004e-02]
 [-1.43012246e-02 -1.07177990e-02]
 [-1.05832107e-02 -8.52359552e-03]
 [-7.27324095e-03 -6.80692075e-03]
 [-2.69082841e-03 -4.35986044e-03]
 [-2.69869971e-03 -5.08004893e-03]
 [-2.66717467e-03 -5.87663520e-03]
 [-2.99717649e-03 -6.60858164e-03]
 [-4.26635845e-03 -7.80170131e-03]
 [-9.14472679e-04 -5.61533077e-03]
 [-8.75215686e-04 -5.98960137e-03]
 [-2.38798544e-04 -5.87320002e-03]
 [ 2.33352836e-03 -4.43572830e-03]
 [ 4.41175606e-03 -3.13234609e-03]
 [ 9.54087637e-03 -1.06567037e-04]
 [ 1.32422131e-02  1.91528560e-03]
 [ 1.30785257e-02  1.67065545e-03]
 [ 1.25558702e-02  1.32519600e-03]
 [ 1.47324940e-02  2.69179209e-03]
 [ 1.23232622e-02  1.46934227e-03]
 [ 8.46854877e-03 -1.10333305e-04]
 [ 5.26279863e-03 -1.21884956e-03]
 [ 2.95121386e-03 -1.78259402e-03]
 [ 1.49367156e-03 -1.82359701e-03]
 [-1.95726380e-03 -3.00854770e-03]
 [-5.68453642e-03 -4.41430602e-03]
 [-9.76598915e-03 -5.89452265e-03]
 [-1.24829374e-02 -6.71618944e-03]
 [-1.74937006e-02 -8.91169719e-03]
 [-2.45536268e-02 -1.20522501e-02]
 [-2.63469443e-02 -1.24543626e-02]
 [-2.96973996e-02 -1.32435299e-02]
 [-3.24483961e-02 -1.40435360e-02]
 [-3.52804326e-02 -1.48532549e-02]
 [-3.62988375e-02 -1.53762707e-02]
 [-3.75986546e-02 -1.62020121e-02]
 [-3.94103266e-02 -1.75093766e-02]
 [-4.42870930e-02 -1.97957475e-02]
 [-4.31407019e-02 -1.85816810e-02]
 [-4.52732630e-02 -1.97008383e-02]
 [-4.53989170e-02 -1.95141342e-02]
 [-4.45028953e-02 -1.91659220e-02]
 [-4.39117737e-02 -1.93912145e-02]
 [-4.31015752e-02 -1.86350551e-02]
 [-3.92229594e-02 -1.75837763e-02]
 [-3.91100906e-02 -1.81050356e-02]
 [-3.67805734e-02 -1.74035337e-02]
 [-3.48243825e-02 -1.62363481e-02]
 [-3.19738574e-02 -1.56166656e-02]
 [-2.98310481e-02 -1.55095691e-02]
 [-2.73083784e-02 -1.53877074e-02]
 [-2.00560000e-02 -1.17172534e-02]
 [-1.44101614e-02 -9.29341838e-03]
 [-1.03429938e-02 -8.05432256e-03]
 [-6.51554810e-03 -6.83344761e-03]
 [-2.90173781e-03 -5.49096055e-03]
 [-4.03974118e-04 -4.77276323e-03]
 [ 2.22153007e-03 -3.81468097e-03]
 [ 7.32535915e-03 -1.15677039e-03]
 [ 8.63398705e-03 -8.23791372e-04]
 [ 1.18370624e-02  9.86980740e-04]
 [ 1.03707938e-02 -2.83689209e-04]
 [ 8.49083625e-03 -1.79887807e-03]
 [ 1.06903100e-02  2.85478272e-05]
 [ 1.22520998e-02  1.21356524e-03]
 [ 1.36075970e-02  2.10219179e-03]
 [ 1.94676872e-02  6.06897008e-03]
 [ 1.84046421e-02  5.74208191e-03]
 [ 1.63884722e-02  5.07229893e-03]
 [ 1.39469048e-02  3.83792538e-03]
 [ 1.04635414e-02  2.61793728e-03]
 [ 7.65938405e-03  1.34831714e-03]
 [ 6.20551035e-03  7.92907202e-04]
 [ 5.66744246e-03  1.24919438e-03]
 [ 2.03288347e-03 -4.24425380e-04]
 [ 6.40268787e-04 -8.13193619e-04]
 [-1.47000665e-03 -1.42302341e-03]
 [-2.81612040e-03 -1.95903657e-03]
 [-6.71039755e-03 -3.76843545e-03]
 [-1.13619193e-02 -5.95401647e-03]
 [-1.52271455e-02 -7.56642781e-03]
 [-1.79375522e-02 -8.36613681e-03]
 [-2.20995191e-02 -1.01842480e-02]
 [-2.45299973e-02 -1.06580043e-02]
 [-2.65653450e-02 -1.12099750e-02]
 [-2.76664011e-02 -1.13523360e-02]
 [-2.80414801e-02 -1.16126016e-02]
 [-2.91741546e-02 -1.21060638e-02]
 [-3.19760777e-02 -1.32398531e-02]
 [-3.41581255e-02 -1.39334770e-02]
 [-3.53732482e-02 -1.44751025e-02]
 [-3.39418501e-02 -1.32964235e-02]
 [-3.55364196e-02 -1.45733654e-02]
 [-3.54021192e-02 -1.46514038e-02]
 [-3.52455713e-02 -1.47841712e-02]
 [-3.43782865e-02 -1.43900216e-02]
 [-3.38688307e-02 -1.47808036e-02]
 [-3.19524445e-02 -1.43079562e-02]
 [-3.12378965e-02 -1.43199638e-02]
 [-3.18740942e-02 -1.52327893e-02]
 [-3.05891391e-02 -1.51003608e-02]
 [-2.57904213e-02 -1.32213989e-02]
 [-2.28127483e-02 -1.24010798e-02]
 [-1.88225321e-02 -1.11234123e-02]
 [-1.44331753e-02 -9.88483988e-03]
 [-7.35299988e-03 -7.07733817e-03]
 [-2.08248058e-03 -5.20713301e-03]
 [-1.41012552e-03 -6.02392294e-03]
 [ 2.03370373e-03 -4.83571552e-03]
 [ 5.26545150e-03 -3.37322266e-03]
 [ 7.82100670e-03 -1.70480844e-03]
 [ 1.30084697e-02  1.48188893e-03]
 [ 1.29984152e-02  1.38826948e-03]
 [ 1.31730326e-02  1.73790555e-03]
 [ 1.26431230e-02  1.84726308e-03]
 [ 9.83436126e-03  9.02766536e-04]
 [ 7.03976490e-03  1.76350572e-04]
 [ 6.94837002e-03  1.00050902e-03]
 [ 4.56538284e-03  2.00616181e-04]
 [ 1.18333031e-03 -1.14550523e-03]
 [ 4.64364799e-04 -7.43775396e-04]
 [-1.52324419e-03 -1.33492600e-03]
 [-3.86062986e-03 -1.93835597e-03]
 [-6.02328032e-03 -2.33555608e-03]
 [-7.21260766e-03 -2.97176372e-03]
 [-9.00418125e-03 -3.20588448e-03]
 [-9.95815173e-03 -3.19060590e-03]
 [-1.19714616e-02 -4.24517691e-03]
 [-1.29941506e-02 -4.37208684e-03]
 [-1.49523215e-02 -5.42135956e-03]
 [-1.78920571e-02 -6.99577341e-03]
 [-1.94909647e-02 -7.78917642e-03]
 [-2.10167281e-02 -8.12717248e-03]
 [-2.17135791e-02 -7.92780053e-03]
 [-2.30669994e-02 -8.25636741e-03]
 [-2.37764884e-02 -8.58811848e-03]
 [-2.17161682e-02 -7.08868494e-03]
 [-2.16718223e-02 -7.56939407e-03]
 [-2.51772907e-02 -9.74523649e-03]
 [-2.58768760e-02 -1.00651532e-02]
 [-2.75777932e-02 -1.09388204e-02]
 [-2.50021927e-02 -9.32402350e-03]
 [-2.55941786e-02 -9.74096730e-03]
 [-2.62036193e-02 -1.00248540e-02]
 [-2.72399765e-02 -1.05966898e-02]
 [-2.72882748e-02 -1.04649430e-02]
 [-2.62838919e-02 -9.65900347e-03]
 [-2.53503658e-02 -8.92162789e-03]
 [-2.60867290e-02 -9.39856004e-03]
 [-2.68706288e-02 -1.00089861e-02]
 [-2.74614654e-02 -1.03991758e-02]
 [-2.78986543e-02 -1.04775429e-02]]
Actions:
[[-0.17466675  0.3923842 ]
 [ 0.18671421 -0.13080109]
 [ 0.08021446 -0.18180412]
 [ 0.18067697 -0.21706884]
 [-0.15409508 -0.47953294]
 [-0.01489359  0.04425073]
 [ 0.21139449  0.31337928]
 [-0.41126734  0.07366142]
 [ 0.14809963 -0.48126418]
 [-0.36583747 -0.24481222]
 [-0.11730633  0.01051656]
 [-0.06937781  0.15975636]
 [-0.50629412 -0.06801439]
 [ 0.18237637  0.10167573]
 [-0.16458038  0.10766313]
 [ 0.15719496 -0.10498456]
 [-0.04525123 -0.09423882]
 [ 0.47893637  0.34741084]
 [ 0.04350237  0.17768384]
 [ 0.46408393 -0.44322956]
 [ 0.06776675  0.21452956]
 [-0.0840941  -0.70490063]
 [ 0.27084207 -0.45348273]
 [-0.06114639 -0.49330791]
 [ 0.16598747 -0.08591539]
 [ 0.04821107 -0.33799268]
 [ 0.30938348  0.15517223]
 [-0.49519216  0.18812752]
 [ 0.04742756  0.49571574]
 [-0.33029878 -0.03463035]
 [ 0.3152766   0.16197885]
 [-0.10149622  0.14479011]
 [-0.3631909   0.02661678]
 [-0.08192696 -0.03585544]
 [ 0.16043684 -0.11178171]
 [-0.39598792  0.00473565]
 [-0.24351834  0.31547397]
 [-0.17271849 -0.16119424]
 [ 0.25122389 -0.25037926]
 [ 0.03950648 -0.5262924 ]
 [-0.31966943  0.5347942 ]
 [-0.28047443 -0.24409568]
 [-0.07232766 -0.06888616]
 [ 0.04756977  0.16865484]
 [-0.42883943 -0.00904846]
 [-0.22677702  0.35981148]
 [ 0.21715853 -0.45546897]
 [-0.21477464  0.32289407]
 [ 0.02076102 -0.07340516]
 [ 0.32478507 -0.24032798]
 [ 0.05059393 -0.23672461]
 [-0.04342318 -0.38150147]
 [ 0.00270979 -0.18343063]
 [-0.36164968 -0.29530486]
 [-0.11614089  0.30220447]
 [-0.04418037  0.45793196]
 [ 0.18014892 -0.28717153]
 [-0.24813811  0.1125579 ]
 [-0.13580557  0.08105853]
 [-0.13966929 -0.23200066]
 [-0.0380099  -0.15602402]
 [ 0.4326082  -0.04183297]
 [-0.13747677 -0.33433038]
 [-0.18636652  0.08390552]
 [-0.11586056  0.1456034 ]
 [ 0.12575068 -0.03323326]
 [-0.00222227  0.35013845]
 [-0.35615829 -0.07059083]
 [-0.335982   -0.06693577]
 [-0.12756166 -0.00613857]
 [-0.350225   -0.17376685]
 [ 0.31418364  0.04401893]
 [ 0.04782548  0.06672205]
 [ 0.09127236  0.09939815]
 [-0.26692083 -0.2766882 ]
 [-0.08288298  0.12154866]
 [-0.00575857  0.4098618 ]
 [ 0.09003025 -0.36465538]
 [ 0.26543707 -0.14646257]
 [ 0.17699955 -0.06556558]
 [ 0.3933796   0.14392533]
 [-0.10084834 -0.07745837]
 [-0.2089279  -0.03288795]
 [-0.30488199  0.04956951]
 [ 0.26242875  0.49509988]
 [ 0.19622167 -0.52132828]
 [ 0.07428077  0.22827301]
 [ 0.17521849 -0.09653873]
 [-0.0363515  -0.12478741]
 [-0.22572697  0.01766276]
 [ 0.27246598 -0.14556588]
 [-0.47116535 -0.23236517]
 [-0.12849217  0.21337841]
 [-0.12313104 -0.08209512]
 [ 0.33780012 -0.10905563]
 [-0.38093213 -0.06014936]
 [-0.20853606  0.20396613]
 [-0.3538746   0.17274904]
 [-0.29358185 -0.63385796]
 [ 0.08644312 -0.23299162]
 [-0.21023636  0.04692853]
 [ 0.06748492  0.06024647]
 [-0.05310193  0.01902885]
 [-0.0578658   0.15736073]
 [-0.0693717   0.07934075]
 [-0.13751674 -0.24222954]
 [-0.02239961  0.21482816]
 [-0.32266406 -0.24774049]
 [-0.30267852 -0.22886134]
 [ 0.32438197  0.63130747]
 [ 0.24114103 -0.34597311]
 [ 0.10584559 -0.10121295]
 [ 0.35606143  0.28976347]
 [ 0.54660454 -0.41173362]
 [-0.00317071  0.03824031]
 [-0.15699365 -0.1263759 ]
 [-0.04007504  0.24993155]
 [-0.22366928 -0.16645931]
 [-0.04360625  0.22702186]
 [ 0.18342936  0.2767788 ]
 [ 0.11195902 -0.23431722]
 [-0.10571629  0.17447932]
 [ 0.16443665  0.11210628]
 [-0.03643224 -0.10948943]
 [ 0.30432895  0.32095752]
 [-0.19247246  0.05033196]
 [-0.263432    0.043994  ]
 [-0.08367951  0.00764613]
 [-0.38969461 -0.65335583]
 [ 0.09596386  0.31801547]
 [ 0.08475326 -0.32552019]
 [ 0.13624684 -0.03778976]
 [ 0.13760352 -0.10491782]
 [-0.27082133 -0.32783361]
 [-0.09067879 -0.10153173]
 [ 0.04494012  0.20064913]
 [ 0.29703957  0.20388162]
 [ 0.03771578  0.07695983]
 [ 0.19295072 -0.39716836]
 [-0.3683013   0.15238106]
 [-0.22497024 -0.18386097]
 [-0.1574315  -0.09994578]
 [ 0.05369912 -0.09101205]
 [-0.35380768 -0.02044073]
 [-0.28260561 -0.19416642]
 [-0.14356109  0.01356924]
 [-0.29517108  0.30254742]
 [-0.1270796   0.09055104]
 [-0.09421876 -0.21495193]
 [-0.4060407   0.02118437]
 [-0.04631619 -0.02904606]
 [-0.2693592   0.06796637]
 [-0.44341565 -0.21756377]
 [ 0.08815974 -0.07734206]
 [-0.20190488 -0.07173321]
 [-0.19113043  0.12930447]
 [ 0.27633564  0.07104346]
 [ 0.12383783 -0.15023826]
 [-0.06547886 -0.39501747]
 [-0.14094252 -0.00811228]
 [ 0.00164099 -0.33331027]
 [ 0.15126744  0.05745461]
 [ 0.16938621  0.1521475 ]
 [ 0.55154938  0.14360821]
 [ 0.33933131 -0.09213651]
 [ 0.06168302  0.11485217]
 [-0.08395356  0.06983118]
 [ 0.13612856 -0.20966564]
 [ 0.06862655  0.01932362]
 [-0.05417739 -0.19707395]
 [ 0.08429156 -0.19847842]
 [ 0.28289894  0.44836982]
 [ 0.03794481 -0.35267632]
 [ 0.10510334 -0.20502727]
 [-0.22596637 -0.01160684]
 [ 0.04953482 -0.17225927]
 [-0.1587713   0.10550716]
 [-0.13260352  0.24844263]
 [-0.19108248 -0.08634875]
 [ 0.05166143 -0.12524031]
 [ 0.11241169 -0.21060589]
 [ 0.22148309  0.03950577]
 [ 0.33949356 -0.1264947 ]
 [ 0.56490191 -0.21195573]
 [ 0.06851949  0.41762049]
 [-0.21257578  0.40335023]
 [-0.02195737 -0.02090479]
 [-0.09904329  0.05390919]
 [ 0.2131308  -0.36712437]
 [ 0.0165457   0.15723232]
 [-0.1452013  -0.14382945]
 [-0.26488775 -0.18232032]
 [ 0.00595182 -0.17399692]
 [ 0.08578631 -0.28441799]
 [ 0.03141751 -0.27622023]
 [-0.07030108  0.12781726]
 [ 0.0138452   0.28213829]
 [ 0.00450428  0.12961058]
 [ 0.24709725  0.22152996]
 [-0.34578437  0.02293177]]
States:
[[0.9996386  0.9997738  0.49024739 0.51447485 0.51328119 0.59696056]
 [0.99949452 0.99946617 0.48671993 0.52223321 0.46844768 0.69981065]
 [0.99934332 0.99867863 0.4835281  0.53496611 0.51723103 0.66348166]
 ...
 [0.79023956 0.         0.92370885 0.28359731 0.46793166 0.58745259]
 [0.79579275 0.         0.91961401 0.28258795 0.46998563 0.62161088]
 [0.79716543 0.         0.91858355 0.27536179 0.53426419 0.67918272]]
Logstds:
[[-3. -3.]
 [-3. -3.]
 [-3. -3.]
 [-3. -3.]
 [-3. -3.]
 [-3. -3.]
 [-3. -3.]
 [-3. -3.]
 [-3. -3.]
 [-3. -3.]
 [-3. -3.]
 [-3. -3.]
 [-3. -3.]
 [-3. -3.]
 [-3. -3.]
 [-3. -3.]
 [-3. -3.]
 [-3. -3.]
 [-3. -3.]
 [-3. -3.]
 [-3. -3.]
 [-3. -3.]
 [-3. -3.]
 [-3. -3.]
 [-3. -3.]
 [-3. -3.]
 [-3. -3.]
 [-3. -3.]
 [-3. -3.]
 [-3. -3.]
 [-3. -3.]
 [-3. -3.]
 [-3. -3.]
 [-3. -3.]
 [-3. -3.]
 [-3. -3.]
 [-3. -3.]
 [-3. -3.]
 [-3. -3.]
 [-3. -3.]
 [-3. -3.]
 [-3. -3.]
 [-3. -3.]
 [-3. -3.]
 [-3. -3.]
 [-3. -3.]
 [-3. -3.]
 [-3. -3.]
 [-3. -3.]
 [-3. -3.]
 [-3. -3.]
 [-3. -3.]
 [-3. -3.]
 [-3. -3.]
 [-3. -3.]
 [-3. -3.]
 [-3. -3.]
 [-3. -3.]
 [-3. -3.]
 [-3. -3.]
 [-3. -3.]
 [-3. -3.]
 [-3. -3.]
 [-3. -3.]
 [-3. -3.]
 [-3. -3.]
 [-3. -3.]
 [-3. -3.]
 [-3. -3.]
 [-3. -3.]
 [-3. -3.]
 [-3. -3.]
 [-3. -3.]
 [-3. -3.]
 [-3. -3.]
 [-3. -3.]
 [-3. -3.]
 [-3. -3.]
 [-3. -3.]
 [-3. -3.]
 [-3. -3.]
 [-3. -3.]
 [-3. -3.]
 [-3. -3.]
 [-3. -3.]
 [-3. -3.]
 [-3. -3.]
 [-3. -3.]
 [-3. -3.]
 [-3. -3.]
 [-3. -3.]
 [-3. -3.]
 [-3. -3.]
 [-3. -3.]
 [-3. -3.]
 [-3. -3.]
 [-3. -3.]
 [-3. -3.]
 [-3. -3.]
 [-3. -3.]
 [-3. -3.]
 [-3. -3.]
 [-3. -3.]
 [-3. -3.]
 [-3. -3.]
 [-3. -3.]
 [-3. -3.]
 [-3. -3.]
 [-3. -3.]
 [-3. -3.]
 [-3. -3.]
 [-3. -3.]
 [-3. -3.]
 [-3. -3.]
 [-3. -3.]
 [-3. -3.]
 [-3. -3.]
 [-3. -3.]
 [-3. -3.]
 [-3. -3.]
 [-3. -3.]
 [-3. -3.]
 [-3. -3.]
 [-3. -3.]
 [-3. -3.]
 [-3. -3.]
 [-3. -3.]
 [-3. -3.]
 [-3. -3.]
 [-3. -3.]
 [-3. -3.]
 [-3. -3.]
 [-3. -3.]
 [-3. -3.]
 [-3. -3.]
 [-3. -3.]
 [-3. -3.]
 [-3. -3.]
 [-3. -3.]
 [-3. -3.]
 [-3. -3.]
 [-3. -3.]
 [-3. -3.]
 [-3. -3.]
 [-3. -3.]
 [-3. -3.]
 [-3. -3.]
 [-3. -3.]
 [-3. -3.]
 [-3. -3.]
 [-3. -3.]
 [-3. -3.]
 [-3. -3.]
 [-3. -3.]
 [-3. -3.]
 [-3. -3.]
 [-3. -3.]
 [-3. -3.]
 [-3. -3.]
 [-3. -3.]
 [-3. -3.]
 [-3. -3.]
 [-3. -3.]
 [-3. -3.]
 [-3. -3.]
 [-3. -3.]
 [-3. -3.]
 [-3. -3.]
 [-3. -3.]
 [-3. -3.]
 [-3. -3.]
 [-3. -3.]
 [-3. -3.]
 [-3. -3.]
 [-3. -3.]
 [-3. -3.]
 [-3. -3.]
 [-3. -3.]
 [-3. -3.]
 [-3. -3.]
 [-3. -3.]
 [-3. -3.]
 [-3. -3.]
 [-3. -3.]
 [-3. -3.]
 [-3. -3.]
 [-3. -3.]
 [-3. -3.]
 [-3. -3.]
 [-3. -3.]
 [-3. -3.]
 [-3. -3.]
 [-3. -3.]
 [-3. -3.]
 [-3. -3.]
 [-3. -3.]
 [-3. -3.]
 [-3. -3.]
 [-3. -3.]
 [-3. -3.]]
