Baseline:
[1.3005743  1.2716486  1.2935405  1.3038955  1.3156422  1.3097384
 1.3172626  1.3205235  1.3177036  1.3023634  1.3214588  1.2943249
 1.306224   1.3100531  1.3089942  1.286077   1.2727611  1.2689126
 1.2792826  1.2660477  1.2942204  1.2908355  1.280204   1.2694408
 1.2508955  1.2389287  1.2175133  1.2033021  1.1911992  1.1712523
 1.1670462  1.1446233  1.1307099  1.110446   1.0858475  1.071029
 1.0715592  1.066197   1.0438493  1.0291132  1.0207505  1.0074894
 0.97893035 0.97359985 0.98342854 0.978498   0.96181893 0.9501964
 0.9478281  0.9328517  0.9425631  0.96288776 0.95006114 0.9602499
 0.9881516  0.9924511  0.9877332  0.9971103  0.98710907 0.9915609
 0.98920166 0.98430514 0.9807233  0.9860444  0.9820665  0.966907
 0.9699696  0.9786116  0.9951435  1.0035832  0.9991034  1.0122097
 1.0249629  1.0206835  1.043479   1.0628376  1.0812051  1.0842321
 1.097111   1.0936409  1.0887678  1.0712352  1.0582564  1.060533
 1.0628448  1.06183    1.0541427  1.0514631  1.0434831  1.0365542
 1.0377262  1.0222725  0.9744943  0.9641527  0.9714867  0.97404873
 0.9819918  0.9839029  0.9762618  0.9843714  0.98585296 0.9870206
 0.99804056 1.0095966  1.0011365  0.9902164  0.9761367  0.97610986
 0.9767991  0.974769   0.96395683 0.9703164  0.9664941  0.9625019
 0.9749155  0.9796999  0.9797061  0.98421586 0.9835949  0.9918267
 0.990348   1.0009011  1.0058088  1.0104244  1.0223179  1.0236146
 1.0295074  1.0398045  1.0375515  1.0452173  1.0648704  1.0658717
 1.0807095  1.0729494  1.0554292  1.0545377  1.0572845  1.0534314
 1.0589583  1.0390272  1.019198   1.0161492  1.0238212  1.0363908
 1.0559902  1.063494   1.0548446  1.0637491  1.0846727  1.0959005
 1.0968161  1.1033413  1.1151423  1.1026914  1.1106062  1.117213
 1.1205873  1.1193573  1.1244351  1.1129644  1.0986332  1.0855911
 1.0799527  1.0773263  1.0694053  1.0771933  1.0832753  1.071801
 1.0672665  1.0573441  1.0705272  1.0726042  1.0504315  1.054653
 1.078157   1.0685503  1.0811021  1.08352    1.0898399  1.0917501
 1.1004974  1.0710411  1.0532233  1.0455692  1.0379057  1.0331753
 1.0410917  1.0554965  1.0381656  1.0418496  1.0237492  1.0307856
 1.0194156  0.9989513  0.99957585 0.99602044 0.9789878  0.9654397
 0.9930224  1.0132813  1.0132813 ]
Returns:
[5.48023639 5.41393554 5.31297433 5.3553142  5.18304894 5.24005511
 5.22817571 5.24801274 5.28215033 5.30450282 5.22735574 4.97996358
 4.9275121  4.9380057  4.96463545 4.78404286 4.69992104 4.67958955
 4.56251522 4.54590712 4.27107457 4.24972714 4.11855959 4.10620638
 4.04599111 4.03678114 3.89805033 3.80241032 3.71812847 3.71653227
 3.51235018 3.54539549 3.60279735 3.45112797 3.19935029 3.23726064
 3.2097548  3.15977559 3.15697244 3.20825843 3.28217906 3.37990008
 3.21323644 3.28489215 3.34275946 3.47733908 3.49398023 3.61727661
 3.77667138 3.44225605 3.5273607  3.59137195 3.50451048 3.69390948
 3.54250991 3.37803275 3.43605814 3.32367092 3.29034466 3.29098821
 3.45187972 3.56674493 3.69823212 3.69103944 3.79424069 3.63306947
 3.61928962 3.61348981 3.49023631 3.49684653 3.52079752 3.49668713
 3.51900686 3.51701013 3.49323396 3.42925895 3.38764781 3.28756878
 3.0576968  3.02665633 3.01109558 2.78506467 2.64763716 2.5792023
 2.41835287 2.35671031 2.35957741 2.28518313 2.31816611 2.25384035
 2.26936079 2.27120765 2.29719396 2.23807719 2.25714799 2.19648504
 2.21106955 2.26165542 2.22301697 2.24649836 2.29941727 2.28190878
 2.30873388 2.28528116 2.31997934 2.40027399 2.41698131 2.47462897
 2.56972732 2.63142356 2.41525671 2.32297336 2.24087532 2.31853399
 2.36379505 2.4657786  2.28590815 2.30870024 2.42481468 2.53305853
 2.53990859 2.54333094 2.66108704 2.79557128 2.78885915 2.90195919
 3.03699262 3.12476561 3.13153704 3.20684566 3.08630231 3.14192517
 3.12876739 3.21064509 3.1594264  3.29703037 3.43762628 3.48852266
 3.61830205 3.54803393 3.4795289  3.60586649 3.69953162 3.30445497
 3.04043449 3.02935087 3.03976706 2.90011848 2.88946325 2.80712424
 2.84445842 2.9033294  2.67485045 2.59314909 2.50852369 2.50938019
 2.52128039 2.54859352 2.52882508 2.57540186 2.58924706 2.59452532
 2.66597602 2.75162675 2.81301839 2.55301709 2.60138368 2.5948595
 2.54279211 2.57854546 2.52765638 2.62097805 2.45490493 2.52619959
 2.30444746 2.31686142 2.29919073 2.3588312  2.40292345 2.43174495
 2.26100936 2.25722278 2.19919949 2.18122243 2.14725881 2.01060395
 1.80586782 1.66376935 1.64414969 1.39649796 1.32354391 1.2006528
 1.15762387 1.02827137 0.97229411 0.89970045 0.71270477 0.55370371
 0.27841996 0.12336987]
Advants:
[2.8785866  2.85848838 2.7505845  2.79978135 2.62875632 2.70770536
 2.70510688 2.74043259 2.79887975 2.86105867 2.7884117  2.58694685
 2.54100041 2.56784291 2.61828484 2.48042438 2.42893162 2.43289733
 2.32370199 2.34002792 2.04902876 2.0435396  1.9328115  1.94181584
 1.91035388 1.92427362 1.81544365 1.7407048  1.6735533  1.69792729
 1.49830288 1.55586823 1.63166478 1.50105831 1.26772006 1.31539601
 1.28100951 1.22812108 1.23929413 1.29827359 1.37545906 1.48434141
 1.33968696 1.41194636 1.45634128 1.59621208 1.63095402 1.77158872
 1.94455736 1.62739916 1.70759896 1.75785278 1.68865488 1.87865669
 1.70552084 1.538215   1.6044949  1.48280253 1.45883422 1.45421018
 1.62162455 1.74960857 1.89777773 1.89909298 2.02459398 1.89394911
 1.89326184 1.89590466 1.77033595 1.78387767 1.82986848 1.81055669
 1.83984918 1.86360879 1.83890343 1.77672139 1.73784108 1.65444196
 1.42556899 1.41220595 1.41660546 1.21803122 1.10050297 1.0351145
 0.87268364 0.81097323 0.82067925 0.7458259  0.78464979 0.72315647
 0.73350325 0.74699623 0.8189102  0.76661833 0.77490187 0.70597397
 0.70663217 0.75031947 0.71295103 0.7218844  0.76792577 0.74281634
 0.752129   0.70899196 0.74466409 0.83057629 0.8565611  0.91080804
 1.00441758 1.06924709 0.8587384  0.75145162 0.66137483 0.73274453
 0.75545089 0.84465123 0.65053118 0.65392221 0.75810809 0.84759475
 0.84475914 0.82529235 0.928244   1.05138946 1.02491244 1.13163157
 1.25924907 1.33746818 1.3475782  1.41849123 1.27750753 1.33296398
 1.30500877 1.39746263 1.36577781 1.51074194 1.65987402 1.72856089
 1.87178102 1.84047051 1.81093666 1.96509739 2.08063478 1.69244211
 1.4211612  1.41538906 1.4489512  1.31153526 1.2910656  1.20666039
 1.25414757 1.32012359 1.08720377 1.02379864 0.9347397  0.93258934
 0.9452856  0.97923702 0.95949138 1.02486925 1.0618719  1.09033695
 1.18081921 1.28636066 1.37655194 1.12313788 1.18232994 1.20578099
 1.17685495 1.24413526 1.20152641 1.31888488 1.19887227 1.29394259
 1.07148351 1.11892416 1.1153524  1.20326572 1.27551165 1.34066547
 1.19713191 1.26260714 1.26435473 1.29923936 1.32118456 1.23753516
 1.07069325 0.95906273 1.0053985  0.79905617 0.79133235 0.70853123
 0.72703395 0.66921298 0.66627816 0.6533434  0.53900654 0.44941988
 0.19781176 0.07270575]
Mus:
[[-1.67241730e-02 -5.84483752e-03]
 [-1.64114349e-02 -5.88676892e-03]
 [-1.66748501e-02 -5.80568891e-03]
 [-1.67291816e-02 -5.83918532e-03]
 [-1.82821732e-02 -7.13573070e-03]
 [-1.78393908e-02 -6.95425132e-03]
 [-1.79909337e-02 -7.37781497e-03]
 [-1.83225535e-02 -7.90715963e-03]
 [-1.81372389e-02 -8.14850349e-03]
 [-1.58772450e-02 -7.10560521e-03]
 [-1.62248053e-02 -7.60260876e-03]
 [-1.25597240e-02 -5.46298968e-03]
 [-1.35130165e-02 -6.42195065e-03]
 [-1.32880900e-02 -6.64649857e-03]
 [-1.27242003e-02 -6.59236545e-03]
 [-9.20754112e-03 -4.62551136e-03]
 [-7.36606028e-03 -3.42917838e-03]
 [-6.68729097e-03 -2.95957271e-03]
 [-7.16766156e-03 -3.96167068e-03]
 [-5.60078351e-03 -3.25166457e-03]
 [-7.46646011e-03 -4.45408653e-03]
 [-6.49568252e-03 -3.91869619e-03]
 [-8.42090324e-03 -5.39918803e-03]
 [-9.02497955e-03 -5.93626685e-03]
 [-6.72215177e-03 -4.60040569e-03]
 [-6.94728084e-03 -4.97746607e-03]
 [-8.23638588e-03 -6.32029865e-03]
 [-1.10758813e-02 -8.21717829e-03]
 [-9.15520545e-03 -7.10661756e-03]
 [-6.85723871e-03 -5.90913137e-03]
 [-3.50335659e-03 -3.86410439e-03]
 [-3.16604809e-03 -3.57391825e-03]
 [-3.10537033e-03 -3.44703579e-03]
 [-4.72533429e-04 -1.75279367e-03]
 [-3.66686052e-03 -3.81786446e-03]
 [-3.08157271e-03 -3.66135780e-03]
 [-1.64908380e-03 -2.94224801e-03]
 [-5.79264434e-03 -5.23115695e-03]
 [-4.54079965e-03 -4.55201138e-03]
 [-4.17426554e-03 -4.38819453e-03]
 [-5.59316482e-03 -5.24845626e-03]
 [-4.85498691e-03 -4.97939670e-03]
 [-6.09603198e-03 -6.07453613e-03]
 [-2.21752748e-03 -4.06918582e-03]
 [ 1.39825032e-04 -2.69106473e-03]
 [-6.00656320e-04 -3.09601519e-03]
 [ 5.69234695e-03  4.67725040e-04]
 [ 6.79730810e-03  9.20035469e-04]
 [ 6.75431266e-03  9.68032866e-04]
 [ 4.68704337e-03 -5.79680709e-05]
 [ 5.68352500e-03  7.01514306e-04]
 [ 7.73374271e-03  2.20995862e-03]
 [ 3.69799463e-03  4.43928904e-04]
 [ 3.33560351e-03  7.77454115e-04]
 [ 5.64300315e-03  2.47724261e-03]
 [ 7.01145828e-03  4.12807148e-03]
 [ 5.92399482e-03  4.06275876e-03]
 [ 8.84721696e-04  1.50625885e-03]
 [ 4.32426052e-04  1.81972655e-03]
 [-3.07920971e-03  2.30007776e-04]
 [-4.56696330e-03 -3.46736015e-05]
 [-6.54666126e-03 -5.42875263e-04]
 [-7.58734858e-03 -8.00284266e-04]
 [-1.15153994e-02 -2.48050806e-03]
 [-1.23354048e-02 -2.66806758e-03]
 [-8.59880354e-03 -8.25950468e-04]
 [-1.21987890e-02 -2.38363119e-03]
 [-1.51500329e-02 -3.79160163e-03]
 [-1.89404916e-02 -5.84770320e-03]
 [-1.96926557e-02 -6.34451117e-03]
 [-1.64446197e-02 -5.19291591e-03]
 [-1.53990751e-02 -4.82863281e-03]
 [-1.57684311e-02 -5.44019695e-03]
 [-1.29300114e-02 -4.70905984e-03]
 [-1.41277546e-02 -5.82504645e-03]
 [-1.14732599e-02 -4.87077655e-03]
 [-1.18017420e-02 -5.60310669e-03]
 [-1.39828119e-02 -7.34671066e-03]
 [-1.45109082e-02 -7.57576944e-03]
 [-1.45490812e-02 -7.71542313e-03]
 [-1.42413257e-02 -7.81965721e-03]
 [-8.42615589e-03 -4.88246465e-03]
 [-2.82956730e-03 -2.26641679e-03]
 [-5.43095684e-03 -3.83730652e-03]
 [-8.37535784e-03 -5.74633293e-03]
 [-6.65068720e-03 -4.80653066e-03]
 [-4.99310810e-03 -3.89139866e-03]
 [-8.57448857e-03 -5.88763319e-03]
 [-8.02933890e-03 -5.60168130e-03]
 [-1.12015372e-02 -7.48236524e-03]
 [-1.21153193e-02 -7.99918734e-03]
 [-8.42924044e-03 -5.84141584e-03]
 [-3.83034312e-05 -1.66350778e-03]
 [ 9.85805411e-04 -1.36387348e-03]
 [ 2.72464799e-03 -4.81200754e-04]
 [ 6.02593552e-03  1.37257623e-03]
 [ 6.95696054e-03  2.00808840e-03]
 [ 8.09286349e-03  2.67595449e-03]
 [ 6.99651754e-03  1.78688602e-03]
 [ 8.24626908e-03  2.56880489e-03]
 [ 9.46223363e-03  3.33475671e-03]
 [ 8.13192222e-03  2.27632746e-03]
 [ 7.71863246e-03  1.96351670e-03]
 [ 5.91121661e-03  7.82830874e-04]
 [ 7.34519586e-03  1.79841300e-03]
 [ 8.38013459e-03  2.54029036e-03]
 [ 7.78689422e-03  2.15219473e-03]
 [ 9.12549999e-03  3.20814713e-03]
 [ 1.01982290e-02  3.89357982e-03]
 [ 9.55548137e-03  3.24959191e-03]
 [ 7.86723848e-03  1.65968563e-03]
 [ 1.06887827e-02  3.88249592e-03]
 [ 9.23013315e-03  2.61755544e-03]
 [ 9.75338556e-03  2.94710346e-03]
 [ 1.07146865e-02  3.60055198e-03]
 [ 1.25978878e-02  4.78493655e-03]
 [ 8.30461830e-03  2.21324340e-03]
 [ 1.15808295e-02  4.42616735e-03]
 [ 1.14150764e-02  4.73920722e-03]
 [ 1.22811766e-02  5.43199759e-03]
 [ 9.68956389e-03  4.26261593e-03]
 [ 1.06151812e-02  5.03045227e-03]
 [ 9.49012768e-03  4.72296681e-03]
 [ 7.86672812e-03  4.21697227e-03]
 [ 8.21860600e-03  4.74089663e-03]
 [ 5.79580991e-03  3.85501259e-03]
 [ 4.67982609e-03  3.63129377e-03]
 [ 5.83405094e-03  4.56909603e-03]
 [ 5.78471320e-03  5.08786738e-03]
 [ 5.67052513e-03  5.05390484e-03]
 [ 8.20211414e-03  6.21831790e-03]
 [ 7.18511827e-03  5.50064724e-03]
 [ 9.32750572e-03  6.46956312e-03]
 [ 8.97266623e-03  6.70524733e-03]
 [ 5.64862369e-03  5.18789655e-03]
 [ 4.45665000e-03  4.66496404e-03]
 [ 4.29944042e-03  4.73691896e-03]
 [ 1.55933516e-03  3.24658281e-03]
 [ 2.50424840e-03  4.03888989e-03]
 [-1.25742715e-03  2.16853106e-03]
 [-1.98172498e-03  2.00477010e-03]
 [-2.59596598e-03  1.98385725e-03]
 [-3.95670300e-03  1.62049325e-03]
 [-1.34554773e-03  3.62188579e-03]
 [ 1.35207534e-04  4.95802006e-03]
 [-3.32370364e-05  4.69349511e-03]
 [ 6.51731971e-04  5.17313927e-03]
 [ 2.67167855e-03  6.61473628e-03]
 [ 3.59549676e-03  7.07004685e-03]
 [ 2.75071897e-03  6.23734063e-03]
 [ 1.76835596e-03  5.65360347e-03]
 [ 2.26246915e-03  5.88798709e-03]
 [ 2.75351480e-03  5.55144669e-03]
 [ 1.32430054e-03  4.98537114e-03]
 [ 8.67979252e-04  4.42155218e-03]
 [ 1.69511896e-03  4.78139287e-03]
 [ 2.37187487e-03  4.97207697e-03]
 [ 2.58933683e-03  4.89449408e-03]
 [ 4.82154032e-03  5.90244029e-03]
 [ 4.35376214e-03  5.48028713e-03]
 [ 3.00764479e-03  4.73341020e-03]
 [ 2.07899557e-03  4.37465589e-03]
 [ 7.08669249e-04  3.68075282e-03]
 [ 2.13179719e-05  3.33887758e-03]
 [-2.10681977e-03  2.25891732e-03]
 [ 1.42019510e-03  4.52496950e-03]
 [ 2.63038184e-03  5.14299702e-03]
 [ 1.91718325e-04  3.75743769e-03]
 [-2.43717292e-03  2.17151502e-03]
 [-4.46759677e-03  1.32520252e-03]
 [-6.68528676e-03  1.14001785e-04]
 [-8.11645761e-03 -5.13106992e-04]
 [-7.75590539e-03 -3.42312233e-05]
 [-8.39067157e-03 -1.86946228e-04]
 [-6.64199004e-03  9.82419588e-04]
 [-8.60354956e-03 -8.36690815e-05]
 [-8.01569503e-03  3.85397521e-04]
 [-8.11004732e-03  3.92264599e-04]
 [-8.12426768e-03  3.99568526e-04]
 [-6.66422024e-03  1.23156630e-03]
 [-7.47367414e-03  6.31465460e-04]
 [-6.46013627e-03  1.22143072e-03]
 [-7.64175272e-03  4.35246067e-04]
 [-9.68955085e-03 -6.08780305e-04]
 [-1.16703166e-02 -1.66240509e-03]
 [-1.34498142e-02 -2.51072180e-03]
 [-1.26211680e-02 -1.50717294e-03]
 [-1.64515711e-02 -3.46901058e-03]
 [-1.68867540e-02 -3.79022560e-03]
 [-1.72326881e-02 -3.66190053e-03]
 [-1.65360365e-02 -3.57499532e-03]
 [-1.65842753e-02 -3.25397775e-03]
 [-1.56718493e-02 -2.83074589e-03]
 [-1.40126934e-02 -2.18214071e-03]
 [-1.40039437e-02 -2.03534053e-03]
 [-1.41553683e-02 -2.31109257e-03]
 [-1.33590661e-02 -2.29179626e-03]
 [-1.20188156e-02 -1.61145616e-03]
 [-1.49226114e-02 -2.70122685e-03]
 [-1.71012860e-02 -3.68921715e-03]]
Actions:
[[-3.02056824e-01 -2.68913962e-01]
 [ 3.13439142e-01  1.59295758e-01]
 [ 7.54516038e-02  1.19008043e-01]
 [-2.43516942e-01  4.76600463e-01]
 [-7.64608138e-02 -6.84947552e-02]
 [-1.04644699e-01  2.92842591e-01]
 [-1.66144817e-01  2.27672112e-01]
 [-1.70607230e-01  1.47768074e-01]
 [-4.26322660e-02 -1.84668006e-01]
 [ 1.02725963e-01  3.32479264e-01]
 [ 4.24309484e-02 -5.14240754e-01]
 [-9.53119063e-02  3.06792121e-01]
 [-3.87016596e-02  1.48798938e-01]
 [-2.60159385e-02  7.25877112e-02]
 [ 7.51115492e-02 -4.02126377e-01]
 [ 9.99856945e-02 -2.41746083e-01]
 [ 7.34558621e-02 -7.70284246e-02]
 [-1.57906686e-01  3.48891358e-01]
 [-2.95690336e-02 -1.33189327e-01]
 [ 1.37969590e-01  5.00691617e-01]
 [ 1.09774465e-01  3.72869504e-02]
 [-3.62919196e-01  1.73459045e-01]
 [-1.24377153e-01  8.64082174e-02]
 [ 1.24800397e-01 -1.78198656e-01]
 [-1.06388123e-01  8.65920991e-02]
 [-3.64808409e-01  1.65346571e-01]
 [-1.82066851e-01  3.10099603e-01]
 [ 2.99602162e-01  5.41778301e-02]
 [ 1.46279767e-01 -9.63995003e-02]
 [ 4.58448560e-01 -4.57355825e-02]
 [ 7.16793180e-03 -9.60178142e-02]
 [ 7.52957987e-02 -2.37267895e-03]
 [ 6.51422667e-02 -4.21665676e-01]
 [-5.42043676e-01  1.01254127e-01]
 [-1.18322265e-01 -6.25549518e-02]
 [ 2.71512482e-01  1.09133943e-01]
 [-1.99025146e-01  3.33228468e-01]
 [-1.36070547e-01 -2.35218065e-01]
 [-1.56027851e-01 -1.21133193e-01]
 [-1.66126350e-01  1.02931070e-01]
 [-1.25859106e-01 -6.77232038e-02]
 [-5.46008976e-01 -3.21746338e-02]
 [ 1.14967499e-01 -1.63752265e-01]
 [ 2.61010565e-01  1.26605743e-02]
 [-1.62153042e-01  4.37004086e-02]
 [ 1.17440764e-01 -3.39923359e-01]
 [-2.12335388e-01  1.27443775e-01]
 [-1.56740566e-01  9.08603938e-02]
 [-7.18390050e-01  6.35681542e-02]
 [ 2.73934520e-01  5.18688601e-02]
 [ 3.14407760e-01  8.87943657e-02]
 [-5.31674166e-01  7.55168799e-02]
 [ 7.51460705e-02 -1.80841392e-02]
 [ 3.54935965e-01  4.71159403e-01]
 [ 9.69273426e-03 -5.67695289e-01]
 [-2.60592194e-01 -2.32304555e-01]
 [-9.25902420e-02  5.25931679e-01]
 [-3.77536785e-01 -2.72581630e-01]
 [-2.37834890e-01  3.36884199e-01]
 [ 2.08629396e-02 -7.08157524e-02]
 [ 1.33104568e-01 -1.32539837e-01]
 [-8.29061559e-02 -1.33382741e-01]
 [-3.83160865e-01  1.29883500e-01]
 [ 7.06954449e-02 -1.47220015e-01]
 [-1.32951932e-01 -5.21684420e-01]
 [-3.41520878e-01  1.03128826e-01]
 [ 2.26085664e-01  9.02964421e-02]
 [ 3.03773665e-01  2.56402079e-01]
 [ 1.84754700e-01  4.97756008e-02]
 [-3.62300629e-02 -1.75236624e-01]
 [ 2.28879237e-01 -1.08444282e-04]
 [-9.65598673e-02  1.21885262e-01]
 [-1.95051102e-01 -1.06712658e-01]
 [-4.90632011e-03  2.38132434e-01]
 [ 2.73888221e-01  1.61558679e-02]
 [ 1.85419805e-02  2.57335642e-01]
 [-1.76916955e-01  3.27363310e-01]
 [ 3.90838582e-01  2.65471025e-01]
 [ 1.49212914e-01  1.50078563e-01]
 [ 1.27318877e-01  1.87581498e-01]
 [ 1.29478378e-01 -4.53080218e-01]
 [ 7.95383609e-02 -3.53446112e-01]
 [-1.14315370e-01  3.17818791e-01]
 [-8.02382839e-02  4.36512932e-01]
 [ 2.72480789e-01  4.52691974e-02]
 [ 8.95045011e-02 -1.11774039e-01]
 [-2.42210299e-01  2.49222291e-01]
 [-8.47188314e-03 -4.94792107e-02]
 [-2.86405753e-01  2.08836200e-01]
 [ 1.55374540e-02  2.05072509e-01]
 [ 1.54526057e-01 -1.29563306e-01]
 [-2.02329180e-01  6.29829171e-02]
 [-2.31762914e-01  2.81787221e-01]
 [ 1.79723192e-01  6.89875276e-02]
 [ 2.86999506e-01 -1.41236804e-01]
 [ 1.91142318e-01  5.34352696e-02]
 [ 8.96102421e-02 -5.02544817e-02]
 [-3.21141773e-01  2.77213004e-02]
 [ 2.05442544e-01  6.32822239e-02]
 [ 1.14878615e-01 -5.84694090e-02]
 [-2.19017821e-01  2.06317439e-01]
 [ 5.24851897e-02  2.36050976e-01]
 [-4.87564245e-02  3.44296527e-01]
 [ 5.75316350e-02 -2.08731039e-01]
 [-1.60393797e-02 -6.10520951e-02]
 [-2.54801120e-01  1.22901604e-01]
 [ 1.48220222e-01 -1.16651724e-01]
 [ 6.60361092e-02 -4.67384189e-02]
 [-1.83196885e-01  1.03236262e-01]
 [-5.58811604e-01  1.09950175e-01]
 [ 3.60325379e-01 -2.16159597e-01]
 [-3.86138063e-01  1.74235467e-01]
 [-1.50807014e-01 -8.01541746e-02]
 [ 2.07587569e-01  1.71254639e-01]
 [ 1.01357092e-01 -7.90374217e-02]
 [-3.36025688e-01  4.46359545e-01]
 [ 1.73739449e-01  2.85306175e-01]
 [-9.50735477e-02  8.72086375e-02]
 [ 7.29431574e-02  1.31707382e-01]
 [-2.57674438e-01  2.60237287e-01]
 [ 1.13763939e-01  3.57644058e-01]
 [-5.53929467e-02  1.15036312e-01]
 [-5.75474172e-02  5.51691793e-02]
 [ 1.60773965e-01  3.59458941e-01]
 [-1.08770620e-01  1.50470282e-01]
 [ 1.90910133e-02  9.35560306e-02]
 [ 2.13654964e-01 -7.44007154e-02]
 [ 1.43750403e-02 -3.67488623e-01]
 [ 1.07980334e-01  2.04325480e-01]
 [ 4.00562410e-01  2.87597693e-01]
 [-4.25928071e-02  2.74148327e-01]
 [ 3.20114696e-01  2.10852901e-01]
 [-1.09279488e-01  2.34824349e-01]
 [-4.18624446e-01 -1.48006370e-01]
 [-6.57756953e-02  5.79298719e-02]
 [ 4.18377164e-02 -1.75779608e-02]
 [-1.74853773e-01  2.69127229e-01]
 [ 1.39469001e-01 -4.03710702e-02]
 [-4.42146253e-01  2.00460465e-01]
 [-3.15551393e-01 -3.80001596e-01]
 [-1.12558864e-02 -1.56117339e-01]
 [ 1.60845129e-01  8.34768825e-02]
 [ 5.36084642e-01 -4.43431588e-01]
 [ 5.53639904e-01 -1.21505268e-01]
 [-5.86043704e-04  2.89714059e-01]
 [-5.21133496e-02 -2.99684613e-01]
 [ 3.47638228e-01 -2.63707406e-01]
 [ 2.17061234e-01  1.39672481e-01]
 [-1.68656916e-01  3.34543336e-01]
 [-1.82590413e-01  4.14559150e-02]
 [ 2.72621668e-02 -2.57781523e-02]
 [ 1.49664442e-02  5.31641034e-01]
 [-2.60467329e-01 -2.79129527e-01]
 [-2.27191953e-02  3.63261366e-01]
 [ 1.55874360e-01  1.33379762e-01]
 [ 9.54323262e-02  1.71371502e-01]
 [ 1.32315570e-02  1.72024847e-01]
 [ 2.50741301e-01  1.09430257e-01]
 [-1.70515442e-01  3.62735658e-02]
 [-2.57825119e-01 -6.17726100e-02]
 [-1.92672383e-01 -2.03430421e-01]
 [-1.36468109e-01  4.21796461e-02]
 [-2.45490688e-02  7.10437016e-02]
 [-1.89027179e-01  5.65567916e-02]
 [ 4.30973398e-01 -3.66740966e-01]
 [ 1.59931871e-01  1.38295556e-02]
 [-3.07417989e-01  1.02743985e-01]
 [-2.15841853e-01  3.18455714e-01]
 [-1.88219670e-01 -1.46672013e-01]
 [ 2.23292329e-02  3.67626984e-01]
 [-2.29026149e-02  4.13142858e-02]
 [-1.52896119e-01 -4.90241374e-01]
 [ 6.25035066e-02 -1.62935912e-03]
 [ 4.92214146e-01  1.28130183e-01]
 [-2.66300503e-01 -1.20528861e-02]
 [ 2.58845411e-01  7.88774814e-02]
 [ 5.42152738e-02  2.45572841e-02]
 [ 9.77400237e-02  1.04424529e-01]
 [ 1.62477933e-01 -1.24108343e-01]
 [ 1.45460289e-03  4.79009003e-01]
 [-2.91680999e-01 -3.18947868e-02]
 [-3.33017201e-01  1.44565804e-01]
 [-1.98224851e-01  1.99749748e-01]
 [-2.24119436e-01  2.15829679e-01]
 [-1.29794139e-01  4.11118467e-01]
 [ 4.33985405e-01 -1.64849719e-01]
 [-1.33151240e-01  3.72730289e-01]
 [-2.15379288e-01  7.05934710e-02]
 [ 1.97982122e-01  4.35979516e-01]
 [-2.61120819e-01 -1.90914384e-01]
 [ 2.94797090e-01 -4.11022140e-02]
 [-4.57133846e-02 -1.79444422e-01]
 [-1.87457539e-01 -2.91400478e-01]
 [ 8.63165099e-02 -6.84023330e-02]
 [-2.11075790e-01 -2.65840720e-02]
 [-3.57694138e-01 -1.76982567e-01]
 [-2.02768178e-02 -2.82804227e-01]
 [ 2.72270105e-01  2.54526658e-01]
 [ 8.53201250e-02  1.73446007e-01]
 [-8.75633689e-02 -5.62632205e-02]]
States:
[[0.99979315 0.99999787 0.49494996 0.50140527 0.51348082 0.59743447]
 [0.99958573 0.99998361 0.48888296 0.49610486 0.43603957 0.52698845]
 [0.99932717 0.99986378 0.48320998 0.48876812 0.51793274 0.57009058]
 ...
 [0.90429329 0.         0.80869409 0.74175548 0.2064811  0.28344055]
 [0.92732158 0.01127994 0.77351435 0.77752188 0.28244277 0.35635152]
 [0.94381114 0.03173997 0.74369115 0.80401502 0.30891487 0.40657078]]
Logstds:
[[-3. -3.]
 [-3. -3.]
 [-3. -3.]
 [-3. -3.]
 [-3. -3.]
 [-3. -3.]
 [-3. -3.]
 [-3. -3.]
 [-3. -3.]
 [-3. -3.]
 [-3. -3.]
 [-3. -3.]
 [-3. -3.]
 [-3. -3.]
 [-3. -3.]
 [-3. -3.]
 [-3. -3.]
 [-3. -3.]
 [-3. -3.]
 [-3. -3.]
 [-3. -3.]
 [-3. -3.]
 [-3. -3.]
 [-3. -3.]
 [-3. -3.]
 [-3. -3.]
 [-3. -3.]
 [-3. -3.]
 [-3. -3.]
 [-3. -3.]
 [-3. -3.]
 [-3. -3.]
 [-3. -3.]
 [-3. -3.]
 [-3. -3.]
 [-3. -3.]
 [-3. -3.]
 [-3. -3.]
 [-3. -3.]
 [-3. -3.]
 [-3. -3.]
 [-3. -3.]
 [-3. -3.]
 [-3. -3.]
 [-3. -3.]
 [-3. -3.]
 [-3. -3.]
 [-3. -3.]
 [-3. -3.]
 [-3. -3.]
 [-3. -3.]
 [-3. -3.]
 [-3. -3.]
 [-3. -3.]
 [-3. -3.]
 [-3. -3.]
 [-3. -3.]
 [-3. -3.]
 [-3. -3.]
 [-3. -3.]
 [-3. -3.]
 [-3. -3.]
 [-3. -3.]
 [-3. -3.]
 [-3. -3.]
 [-3. -3.]
 [-3. -3.]
 [-3. -3.]
 [-3. -3.]
 [-3. -3.]
 [-3. -3.]
 [-3. -3.]
 [-3. -3.]
 [-3. -3.]
 [-3. -3.]
 [-3. -3.]
 [-3. -3.]
 [-3. -3.]
 [-3. -3.]
 [-3. -3.]
 [-3. -3.]
 [-3. -3.]
 [-3. -3.]
 [-3. -3.]
 [-3. -3.]
 [-3. -3.]
 [-3. -3.]
 [-3. -3.]
 [-3. -3.]
 [-3. -3.]
 [-3. -3.]
 [-3. -3.]
 [-3. -3.]
 [-3. -3.]
 [-3. -3.]
 [-3. -3.]
 [-3. -3.]
 [-3. -3.]
 [-3. -3.]
 [-3. -3.]
 [-3. -3.]
 [-3. -3.]
 [-3. -3.]
 [-3. -3.]
 [-3. -3.]
 [-3. -3.]
 [-3. -3.]
 [-3. -3.]
 [-3. -3.]
 [-3. -3.]
 [-3. -3.]
 [-3. -3.]
 [-3. -3.]
 [-3. -3.]
 [-3. -3.]
 [-3. -3.]
 [-3. -3.]
 [-3. -3.]
 [-3. -3.]
 [-3. -3.]
 [-3. -3.]
 [-3. -3.]
 [-3. -3.]
 [-3. -3.]
 [-3. -3.]
 [-3. -3.]
 [-3. -3.]
 [-3. -3.]
 [-3. -3.]
 [-3. -3.]
 [-3. -3.]
 [-3. -3.]
 [-3. -3.]
 [-3. -3.]
 [-3. -3.]
 [-3. -3.]
 [-3. -3.]
 [-3. -3.]
 [-3. -3.]
 [-3. -3.]
 [-3. -3.]
 [-3. -3.]
 [-3. -3.]
 [-3. -3.]
 [-3. -3.]
 [-3. -3.]
 [-3. -3.]
 [-3. -3.]
 [-3. -3.]
 [-3. -3.]
 [-3. -3.]
 [-3. -3.]
 [-3. -3.]
 [-3. -3.]
 [-3. -3.]
 [-3. -3.]
 [-3. -3.]
 [-3. -3.]
 [-3. -3.]
 [-3. -3.]
 [-3. -3.]
 [-3. -3.]
 [-3. -3.]
 [-3. -3.]
 [-3. -3.]
 [-3. -3.]
 [-3. -3.]
 [-3. -3.]
 [-3. -3.]
 [-3. -3.]
 [-3. -3.]
 [-3. -3.]
 [-3. -3.]
 [-3. -3.]
 [-3. -3.]
 [-3. -3.]
 [-3. -3.]
 [-3. -3.]
 [-3. -3.]
 [-3. -3.]
 [-3. -3.]
 [-3. -3.]
 [-3. -3.]
 [-3. -3.]
 [-3. -3.]
 [-3. -3.]
 [-3. -3.]
 [-3. -3.]
 [-3. -3.]
 [-3. -3.]
 [-3. -3.]
 [-3. -3.]
 [-3. -3.]
 [-3. -3.]
 [-3. -3.]
 [-3. -3.]
 [-3. -3.]
 [-3. -3.]
 [-3. -3.]
 [-3. -3.]]
