Baseline:
[1.2665905  1.2700667  1.278309   1.298883   1.3118287  1.3339167
 1.3525318  1.3615187  1.3562205  1.3823806  1.3690662  1.3743087
 1.3615533  1.3589896  1.3467002  1.3302267  1.3297689  1.3318467
 1.3085737  1.3035938  1.3071243  1.3209409  1.3083123  1.3084824
 1.3132052  1.2950006  1.2909298  1.2839165  1.2728624  1.2410179
 1.2417626  1.2325273  1.2111368  1.2069108  1.1970546  1.176517
 1.1408131  1.1498504  1.1514003  1.1528574  1.1690718  1.1717817
 1.1598508  1.1493639  1.1352025  1.1411078  1.1234279  1.0828413
 1.0693295  1.0619848  1.0740112  1.0711114  1.0766501  1.0122287
 0.9827016  0.97932005 0.98549056 1.0089571  0.99627185 0.99325675
 0.98501354 0.9906352  0.99754024 1.0123496  1.022481   1.0204899
 1.0223674  1.0169649  1.0226433  1.0064684  0.99514663 0.9918659
 0.98893875 0.9797976  0.97738945 0.9661045  0.9668893  0.9725173
 0.97652435 0.9895693  0.98517704 0.97867763 0.9876275  0.98686147
 0.9922514  0.980988   0.98704904 0.98780555 0.9833175  0.9634073
 0.956071   0.9483518  0.9663608  0.96611446 0.9805387  0.9794177
 0.9751587  0.9887863  0.99022555 0.99051934 0.9843133  0.976779
 0.9724627  0.969683   0.97525907 0.9868628  0.9918952  0.97129416
 0.9801209  1.0001199  0.9766203  0.9962366  0.98319197 0.9865504
 0.9825397  0.98341787 1.0017899  1.0160389  1.010814   1.0095928
 0.98728865 0.98330384 1.0011171  1.0003529  1.0091097  1.0111011
 1.0066044  1.0088594  1.009413   1.0130435  1.0292919  1.0242012
 1.0318962  1.040156   1.0419784  1.055174   1.0648762  1.0541457
 1.054274   1.0507753  1.0622352  1.0628757  1.0598217  1.0499
 1.0356622  1.0398097  1.0333762  1.0282118  1.0248656  1.0336118
 1.0325898  1.023453   1.0443853  1.0361205  0.9970372  0.99256945
 0.9673402  0.97433114 0.9832349  0.9871316  0.99133784 0.98566383
 0.99243265 1.0011947  1.0138197  1.0079273  1.029661   1.0379567
 1.0413319  1.0476524  1.0580997  1.0676075  1.101258   1.1144462
 1.0898932  1.0958636  1.0744722  1.0501118  1.0662946  1.0927541
 1.1006789  1.1161656  1.122134   1.1217663  1.1184402  1.1624544
 1.2023978  1.1968125  1.2152467  1.1949247  1.1798166  1.1863537
 1.1529472  1.179416   1.1803384  1.1940751  1.1809303  1.1979901
 1.1811335  1.2140281  1.2140281 ]
Returns:
[4.3450582  4.387134   4.40216947 4.26533518 4.27513063 4.17700564
 4.15455438 4.12548832 4.15951419 3.8549944  3.73427982 3.74675758
 3.62773627 3.63963993 3.63562196 3.57871473 3.60506271 3.58126881
 3.44275031 3.48322552 3.46746331 3.36951033 3.33304302 3.35719772
 3.19704252 3.15838141 3.17027099 3.17441583 3.20548497 3.10458144
 3.08763771 3.10422362 3.10782754 3.14478096 3.19663659 3.1997915
 2.98371686 2.89659698 2.90412465 2.93133526 2.84821667 2.83349293
 2.80728593 2.71246362 2.77352308 2.65489809 2.64667641 2.46980089
 2.53634547 2.61922697 2.53955741 2.47407686 2.4829465  2.55258063
 2.60570449 2.53990743 2.54414003 2.43465435 2.45729785 2.48311481
 2.39417793 2.38943346 2.43470037 2.42380839 2.35043542 2.39474195
 2.39737077 2.44458771 2.40861603 2.34797758 2.35471725 2.39817826
 2.31085488 2.29055857 2.33210901 2.32294112 2.35790779 2.39801854
 2.43617535 2.41126262 2.42324445 2.13943102 2.03805173 2.05483387
 2.08668882 2.08494953 1.98262896 1.96411304 1.98630883 1.87072579
 1.81304763 1.84741514 1.76710518 1.76889522 1.68007954 1.73307151
 1.74913074 1.64171967 1.69976037 1.75749778 1.67291528 1.74536334
 1.84006715 1.95061797 2.00542861 1.99184394 2.08877099 2.0197736
 2.12941577 2.11224587 1.96351799 1.90216782 2.02199261 2.1431242
 2.05766651 2.00975327 1.94408757 1.8825484  1.98053097 2.10281836
 1.86678847 1.79430356 1.72871608 1.79052516 1.86760748 1.96041873
 2.03999981 2.13918713 2.24425709 2.25322721 2.17402995 2.17728932
 2.10122335 2.09120415 2.19974567 2.23744692 2.3202782  2.44285023
 2.56179288 2.67231687 2.66968451 2.78163035 2.91184628 3.0613598
 3.19408352 3.29929409 3.3969845  3.5486666  3.71490008 3.50932781
 3.63656368 3.7728042  3.79672748 3.93472803 3.59281654 3.67420658
 3.58910105 3.42752818 3.54049323 3.66343534 3.79151739 3.89539752
 3.87024757 3.99130712 4.09404131 4.11969311 4.11969528 4.19432098
 4.28633521 4.21661682 4.3139013  4.37119928 4.2786042  4.34058452
 4.18721946 4.2170538  4.06329478 3.8440914  3.88215516 3.88800292
 3.79303906 3.79952397 3.78929165 3.61762653 3.56556953 3.1688822
 2.94755711 2.86241822 2.77192892 2.65774826 2.31691176 2.24907399
 1.9347226  1.74189831 1.6595557  1.49816017 1.32259986 0.77795653
 0.60223132 0.15923506]
Advants:
[2.16373875 2.22081928 2.24787794 2.10759306 2.12292741 2.01905593
 1.99445301 1.97308896 2.03173998 1.71180623 1.61274586 1.62925527
 1.52976692 1.55203665 1.569031   1.53681278 1.57336289 1.55726536
 1.44906241 1.50356595 1.49349568 1.38827747 1.3708109  1.40245211
 1.24078372 1.22317776 1.24272493 1.25812065 1.30614506 1.2413542
 1.22775048 1.25880307 1.29024729 1.33969958 1.41229769 1.44853656
 1.27620257 1.18579286 1.19819235 1.23171138 1.1377332  1.12557137
 1.11657462 1.03536001 1.11629393 0.99411197 1.00641109 0.86898994
 0.9502935  1.04466376 0.95462886 0.89191515 0.89520491 1.03336176
 1.12301965 1.0662775  1.07043641 0.9399884  0.97912744 1.01298598
 0.93525125 0.92777565 0.97046073 0.94865597 0.86679746 0.91631299
 0.92057973 0.97864132 0.94160894 0.90078127 0.9233469  0.97642229
 0.89628889 0.88941471 0.93937856 0.94807795 0.99046003 1.03490796
 1.08092797 1.05467776 1.08426319 0.81270915 0.70521842 0.72638959
 0.75760467 0.77257808 0.66675802 0.6496693  0.67954814 0.58438346
 0.53303613 0.57533335 0.47420206 0.47324952 0.3635731  0.41237484
 0.42755779 0.29720288 0.34544504 0.39559386 0.30687722 0.37811223
 0.47070222 0.58055997 0.62754868 0.59914406 0.69039056 0.6397941
 0.74133998 0.70381417 0.57432554 0.48623171 0.61547597 0.73295766
 0.64867537 0.59529819 0.50368482 0.4173318  0.51226637 0.63061711
 0.40468413 0.32081827 0.21816338 0.26177766 0.31164214 0.38523724
 0.45322327 0.53569101 0.62774298 0.61972152 0.50682485 0.49649537
 0.38987312 0.34621996 0.42870404 0.42766797 0.47534131 0.58514231
 0.68212791 0.77598852 0.73958084 0.83011227 0.94496038 1.08933542
 1.22449917 1.31588499 1.41272767 1.56652347 1.73803739 1.51918952
 1.64649883 1.79534304 1.8021887  1.95716085 1.65441539 1.74301823
 1.68426913 1.51171506 1.61466461 1.73618537 1.86657873 1.98659387
 1.96504007 2.09205852 2.20092959 2.25380959 2.25455919 2.34733689
 2.4674182  2.42314829 2.54714626 2.63674099 2.5519566  2.64725108
 2.56491866 2.63996006 2.55903549 2.41399194 2.49059125 2.52872161
 2.48639716 2.5428405  2.59715893 2.49709002 2.5241484  2.1520624
 1.95717409 1.9471951  1.91040439 1.89192032 1.63791338 1.63906943
 1.43140071 1.28484374 1.2779358  1.18024887 1.0968529  0.6035285
 0.51395    0.09853363]
Mus:
[[-1.73737332e-02 -6.30147941e-03]
 [-1.71200912e-02 -5.98572521e-03]
 [-1.72163807e-02 -5.81908878e-03]
 [-1.78614911e-02 -6.50997832e-03]
 [-1.71832927e-02 -5.97761385e-03]
 [-1.69226751e-02 -5.67250419e-03]
 [-1.69926975e-02 -5.57507901e-03]
 [-1.60981491e-02 -4.58112406e-03]
 [-1.64843313e-02 -4.58349660e-03]
 [-1.62533317e-02 -3.88719840e-03]
 [-1.54798739e-02 -3.03910067e-03]
 [-1.52664129e-02 -2.90073198e-03]
 [-1.38893696e-02 -1.78392336e-03]
 [-1.32674184e-02 -1.67157932e-03]
 [-1.25201270e-02 -1.23040029e-03]
 [-1.20665841e-02 -9.92252491e-04]
 [-1.22396229e-02 -1.19890482e-03]
 [-1.34798149e-02 -1.98751315e-03]
 [-1.41020231e-02 -2.32407218e-03]
 [-1.48191666e-02 -2.75733485e-03]
 [-1.46049550e-02 -2.54337280e-03]
 [-1.44289341e-02 -2.38062232e-03]
 [-1.35243023e-02 -1.70360703e-03]
 [-1.41231231e-02 -2.07343162e-03]
 [-1.64124519e-02 -3.54411989e-03]
 [-1.76280458e-02 -4.42680577e-03]
 [-1.82594638e-02 -4.78199869e-03]
 [-1.92562230e-02 -5.55840507e-03]
 [-1.98664404e-02 -5.76675590e-03]
 [-1.96713489e-02 -5.32835210e-03]
 [-2.04563830e-02 -5.64061571e-03]
 [-2.07760613e-02 -5.62393293e-03]
 [-2.14017257e-02 -5.94910514e-03]
 [-2.22488940e-02 -6.34652097e-03]
 [-2.31069177e-02 -6.81588612e-03]
 [-2.28447672e-02 -6.61258027e-03]
 [-2.17668768e-02 -6.19135844e-03]
 [-2.15376616e-02 -5.96738700e-03]
 [-2.14242116e-02 -5.83860418e-03]
 [-2.19201110e-02 -6.33509271e-03]
 [-2.37021055e-02 -7.55963521e-03]
 [-2.52661575e-02 -8.65101535e-03]
 [-2.75424328e-02 -1.00360839e-02]
 [-2.70733833e-02 -9.42862034e-03]
 [-2.80026067e-02 -9.82978940e-03]
 [-3.18738781e-02 -1.18740108e-02]
 [-3.46002579e-02 -1.34511553e-02]
 [-3.54287364e-02 -1.35886632e-02]
 [-3.56508754e-02 -1.36505598e-02]
 [-3.64256054e-02 -1.41520659e-02]
 [-3.56706977e-02 -1.38299940e-02]
 [-3.90498042e-02 -1.59995705e-02]
 [-3.93636897e-02 -1.61387566e-02]
 [-3.20098586e-02 -1.18902437e-02]
 [-2.66986415e-02 -9.63883288e-03]
 [-2.42363811e-02 -8.37302674e-03]
 [-2.35334169e-02 -7.98803102e-03]
 [-2.65222546e-02 -9.53825563e-03]
 [-2.47949623e-02 -8.83589219e-03]
 [-2.33819578e-02 -8.12195521e-03]
 [-2.08565220e-02 -6.70651393e-03]
 [-2.03727111e-02 -6.30800892e-03]
 [-2.11244728e-02 -6.65789749e-03]
 [-2.23439690e-02 -7.16036139e-03]
 [-2.56812498e-02 -8.92701931e-03]
 [-2.55002603e-02 -8.75437260e-03]
 [-2.75617670e-02 -9.88186337e-03]
 [-2.79120952e-02 -1.01744197e-02]
 [-2.72582900e-02 -9.70545784e-03]
 [-2.72677075e-02 -9.93565656e-03]
 [-2.60613393e-02 -9.68075544e-03]
 [-2.52774805e-02 -9.60140768e-03]
 [-2.25287490e-02 -8.14942271e-03]
 [-2.00533923e-02 -6.92340871e-03]
 [-1.88515540e-02 -6.53409678e-03]
 [-1.60126593e-02 -5.33832423e-03]
 [-1.44659551e-02 -4.83426172e-03]
 [-1.34290736e-02 -4.57591889e-03]
 [-1.20988404e-02 -4.09160648e-03]
 [-1.29206413e-02 -4.99128504e-03]
 [-1.13199763e-02 -4.58523212e-03]
 [-9.75426845e-03 -4.55342000e-03]
 [-1.12510584e-02 -5.90629410e-03]
 [-7.50251999e-03 -4.49718954e-03]
 [-5.91771863e-03 -4.05572541e-03]
 [-3.90267908e-03 -3.46353860e-03]
 [ 1.16011524e-03 -1.09635177e-03]
 [ 4.17573331e-03  3.74240160e-04]
 [ 5.16825914e-03  6.58932258e-04]
 [ 7.15586264e-03  1.53093727e-03]
 [ 6.37209322e-03  7.62834679e-04]
 [ 8.19982495e-03  1.54642086e-03]
 [ 8.13262444e-03  1.13406533e-03]
 [ 9.78440419e-03  2.22492241e-03]
 [ 1.07362783e-02  2.98976433e-03]
 [ 1.13382237e-02  3.33592203e-03]
 [ 1.22741517e-02  4.28234693e-03]
 [ 1.22661684e-02  3.53357545e-03]
 [ 1.29543878e-02  4.15236829e-03]
 [ 1.26952315e-02  3.88660212e-03]
 [ 1.07437931e-02  2.34612799e-03]
 [ 1.15769999e-02  3.14351195e-03]
 [ 1.18851438e-02  3.52626736e-03]
 [ 1.19552873e-02  3.70417628e-03]
 [ 1.06058251e-02  2.75611458e-03]
 [ 1.28684910e-02  4.21086652e-03]
 [ 1.13887247e-02  3.38989845e-03]
 [ 1.21744741e-02  4.18847753e-03]
 [ 1.27905756e-02  4.62315045e-03]
 [ 1.53883155e-02  6.13684300e-03]
 [ 1.38229709e-02  5.57516282e-03]
 [ 1.29532162e-02  4.97051375e-03]
 [ 1.65946949e-02  7.55689479e-03]
 [ 1.74109209e-02  8.21613334e-03]
 [ 1.81266032e-02  9.10786260e-03]
 [ 1.64719839e-02  7.85257481e-03]
 [ 1.88659467e-02  9.18805506e-03]
 [ 1.90670751e-02  9.10231099e-03]
 [ 1.81872044e-02  8.58699810e-03]
 [ 1.93767864e-02  9.58882738e-03]
 [ 1.67436581e-02  8.17566272e-03]
 [ 1.54256066e-02  8.12814664e-03]
 [ 1.76224038e-02  9.22426488e-03]
 [ 1.67349670e-02  8.62756558e-03]
 [ 1.75327193e-02  9.26772039e-03]
 [ 1.72376782e-02  9.04498156e-03]
 [ 1.58940498e-02  8.54757242e-03]
 [ 1.51329804e-02  8.14684853e-03]
 [ 1.44208791e-02  8.06055684e-03]
 [ 1.28475130e-02  7.04676099e-03]
 [ 1.61347874e-02  9.02102143e-03]
 [ 1.56765487e-02  9.18967463e-03]
 [ 1.59398522e-02  8.89415760e-03]
 [ 1.68624986e-02  9.00522433e-03]
 [ 1.70683917e-02  8.90832115e-03]
 [ 1.94053482e-02  1.00966729e-02]
 [ 2.08276007e-02  1.08606964e-02]
 [ 2.03012414e-02  1.04940655e-02]
 [ 2.22382266e-02  1.19124018e-02]
 [ 2.25851089e-02  1.20583409e-02]
 [ 2.41093598e-02  1.30185382e-02]
 [ 2.47457623e-02  1.33709060e-02]
 [ 2.47715116e-02  1.35703282e-02]
 [ 2.41559818e-02  1.30966352e-02]
 [ 2.33189370e-02  1.24581503e-02]
 [ 2.37813890e-02  1.28348116e-02]
 [ 2.29497589e-02  1.29373558e-02]
 [ 2.22821925e-02  1.26552572e-02]
 [ 2.11644452e-02  1.23325046e-02]
 [ 1.95902884e-02  1.21601457e-02]
 [ 1.79203134e-02  1.10390708e-02]
 [ 1.60111971e-02  9.52374004e-03]
 [ 1.55386711e-02  9.17162746e-03]
 [ 1.34510184e-02  7.81253912e-03]
 [ 1.01403790e-02  6.74344832e-03]
 [ 8.61531962e-03  5.61738899e-03]
 [ 6.48379512e-03  4.82718367e-03]
 [ 7.45890010e-03  3.91711574e-03]
 [ 7.28944968e-03  3.83007200e-03]
 [ 7.16827111e-03  3.61706060e-03]
 [ 7.02583091e-03  3.37333861e-03]
 [ 7.40432413e-03  3.60437017e-03]
 [ 6.83009438e-03  4.16053552e-03]
 [ 6.65494101e-03  3.91436461e-03]
 [ 5.71310800e-03  3.72902141e-03]
 [ 4.50006314e-03  3.88362585e-03]
 [ 2.79085152e-03  3.52539611e-03]
 [ 2.10209307e-03  2.91633839e-03]
 [ 1.20435026e-03  2.61327717e-03]
 [ 1.96256023e-03  2.21054931e-03]
 [ 1.73827959e-03  2.01401161e-03]
 [ 2.09959410e-03  1.73118350e-03]
 [ 3.44320397e-05  2.71430297e-04]
 [-6.55004289e-04 -8.58134372e-05]
 [-1.60761163e-04  1.05323759e-03]
 [-1.19680935e-03  1.11343584e-03]
 [-2.24349438e-03  1.64790102e-03]
 [-1.63947814e-03  2.25230097e-03]
 [-2.13790801e-03  2.05094926e-03]
 [-2.61884485e-03  1.57630071e-03]
 [-3.48750548e-03  1.77318021e-03]
 [-3.98436701e-03  1.22932647e-03]
 [-4.57959576e-03  1.16697722e-03]
 [-4.40056575e-03  5.22497692e-04]
 [-4.73589869e-03  6.09456445e-04]
 [-4.17172909e-03 -4.32457688e-04]
 [-4.28400235e-03 -1.10605836e-03]
 [-3.66832991e-03 -1.47165183e-03]
 [-3.89442174e-03 -1.50895049e-03]
 [-2.69581797e-03 -1.50073937e-03]
 [-1.62660365e-03 -2.27841898e-03]
 [-1.01536280e-03 -2.35141953e-03]
 [ 2.56133755e-03 -2.37474436e-04]
 [ 2.56689638e-03 -3.09768337e-04]
 [ 3.49363871e-03 -1.81671916e-04]
 [ 3.42860748e-03 -7.69010745e-04]
 [ 5.31810569e-03  5.64284448e-04]
 [ 5.23591321e-03  1.67211716e-03]
 [ 5.74052846e-03  1.83033652e-03]
 [ 5.59201930e-03  2.14681122e-03]]
Actions:
[[ 0.13239769 -0.04421743]
 [ 0.15707771  0.03006998]
 [-0.02869052  0.46622081]
 [ 0.20217491  0.06930839]
 [ 0.26963113  0.25627492]
 [ 0.12324322  0.26855376]
 [ 0.22972961 -0.08531607]
 [-0.19616099 -0.07087277]
 [ 0.49730568  0.23458722]
 [-0.06368012 -0.35287865]
 [-0.02707894  0.18382595]
 [ 0.06083885 -0.34591936]
 [-0.2059004   0.11253669]
 [-0.13811947 -0.16918675]
 [-0.23492505 -0.23094559]
 [-0.11887903  0.102315  ]
 [-0.17405761  0.25759836]
 [-0.35817147 -0.249523  ]
 [-0.13612355  0.03849237]
 [ 0.1628741   0.06487947]
 [ 0.24337551  0.23855334]
 [ 0.05658393 -0.21993369]
 [-0.06295739  0.15367763]
 [-0.22727617  0.43124444]
 [-0.31038279  0.06340857]
 [ 0.00249956  0.12525481]
 [-0.13938042  0.1698166 ]
 [ 0.04525356  0.02313142]
 [-0.06276202 -0.35160752]
 [ 0.15965095  0.1414499 ]
 [ 0.10342576 -0.01190951]
 [-0.1798501  -0.12954019]
 [ 0.04756396  0.07684584]
 [-0.06367209  0.01322545]
 [-0.08631675 -0.19470746]
 [-0.36210271 -0.38285462]
 [ 0.29429008  0.07083054]
 [ 0.13860572 -0.00447423]
 [-0.07970599  0.11772462]
 [ 0.00185381  0.3630083 ]
 [-0.06110456  0.25599551]
 [-0.30067641  0.10865395]
 [ 0.33756375 -0.06613794]
 [-0.03592414 -0.00815402]
 [-0.0085016   0.43127357]
 [-0.17527389  0.2550596 ]
 [-0.24509581 -0.45147382]
 [ 0.05135663 -0.05092173]
 [-0.04289082  0.00650239]
 [ 0.31866697  0.14464361]
 [-0.34149696  0.22043186]
 [ 0.18403179  0.11323785]
 [ 0.06274434 -0.08258514]
 [-0.17791304  0.03330927]
 [ 0.29611805 -0.14270008]
 [ 0.20150478  0.02581356]
 [-0.03086825  0.40396895]
 [-0.08402025 -0.18476695]
 [ 0.13533517 -0.08409698]
 [ 0.27953011 -0.21507541]
 [ 0.20393782  0.02365945]
 [-0.04191174  0.08576902]
 [ 0.08112757  0.21996706]
 [-0.31088375  0.23687187]
 [ 0.06802256 -0.02980982]
 [-0.25107826  0.08918576]
 [-0.13800062 -0.03138169]
 [ 0.26453461  0.05785557]
 [-0.33416754 -0.15845656]
 [-0.23699642  0.09781551]
 [-0.11594302  0.09007109]
 [ 0.32479426 -0.11870492]
 [ 0.138063   -0.19965245]
 [-0.10007404 -0.0549508 ]
 [-0.06019866 -0.21802063]
 [-0.08373925 -0.0253015 ]
 [-0.03543212  0.05315223]
 [ 0.06261254  0.02379718]
 [-0.16150666  0.23340597]
 [-0.16382116 -0.0744952 ]
 [-0.56725965 -0.1511679 ]
 [-0.15656448  0.3463699 ]
 [ 0.05647847 -0.05621153]
 [ 0.05814916  0.11189046]
 [-0.18829291 -0.05347876]
 [ 0.33750252 -0.09974969]
 [ 0.18788666 -0.0793037 ]
 [-0.13244367 -0.01955163]
 [-0.27289587 -0.25575475]
 [-0.28086697  0.1496963 ]
 [-0.06598228 -0.06433259]
 [ 0.08032295  0.3574492 ]
 [ 0.15773715 -0.09816298]
 [ 0.35364593  0.12937623]
 [-0.01675315 -0.01862724]
 [ 0.0820729  -0.18605089]
 [-0.05659462  0.42072495]
 [ 0.13447653 -0.00528034]
 [-0.01465523  0.17644025]
 [-0.3458132   0.23255236]
 [ 0.04823617 -0.11462373]
 [ 0.00474644 -0.02957433]
 [-0.01060776  0.02177559]
 [-0.15888589  0.23645469]
 [ 0.34407689  0.10963397]
 [-0.11782805  0.16528247]
 [-0.1209281  -0.38783087]
 [ 0.10663975  0.11113682]
 [ 0.35596359  0.14686522]
 [-0.34871377 -0.36899638]
 [ 0.10144721  0.43281387]
 [ 0.07447006  0.13286353]
 [ 0.05519088 -0.02489476]
 [-0.01653541 -0.43696496]
 [-0.19328424  0.35718834]
 [ 0.39342934  0.16343395]
 [ 0.19564111  0.37563834]
 [-0.11898684  0.09490009]
 [ 0.0601127  -0.03047793]
 [-0.53242362 -0.24049069]
 [-0.1272078  -0.39759387]
 [ 0.32861046  0.22863493]
 [-0.11123743  0.16069205]
 [ 0.16545762 -0.03805021]
 [-0.02003202  0.11795611]
 [-0.13832178 -0.10426173]
 [-0.03297042  0.13740567]
 [-0.02657552 -0.11712427]
 [-0.08514258  0.33599813]
 [ 0.42379137 -0.12211941]
 [-0.03847545 -0.32667231]
 [ 0.04032244  0.42769488]
 [ 0.11993755  0.33899612]
 [ 0.02206975  0.15228524]
 [ 0.31429728  0.05125166]
 [ 0.24238647  0.02136051]
 [-0.13920852 -0.02228402]
 [ 0.17406783 -0.04589397]
 [ 0.01730313  0.18282627]
 [ 0.32906328  0.20109733]
 [ 0.14676506  0.13684164]
 [ 0.1277763  -0.11306668]
 [-0.04550408  0.07718966]
 [-0.17595257 -0.03111649]
 [ 0.24965558  0.04831989]
 [ 0.12948969 -0.25294311]
 [ 0.13557029  0.09616632]
 [ 0.14614871 -0.01423517]
 [ 0.62600371  0.11013002]
 [-0.18172377  0.09728069]
 [-0.17211252  0.07177034]
 [ 0.32677393  0.21499537]
 [-0.17188692 -0.08454435]
 [-0.21112204 -0.66860828]
 [-0.24234126 -0.07769504]
 [-0.25372855 -0.4137963 ]
 [-0.47467036  0.2413424 ]
 [ 0.07081982  0.0649112 ]
 [-0.05217155  0.01356978]
 [-0.05939318  0.02699315]
 [-0.07109189 -0.1440478 ]
 [ 0.36124247 -0.10604086]
 [-0.06750047  0.02159448]
 [ 0.15008196  0.04132852]
 [ 0.08687571 -0.28227189]
 [ 0.29347871  0.12996986]
 [-0.17994162  0.0307688 ]
 [-0.07142136 -0.08280699]
 [-0.41079636  0.03971293]
 [-0.03869158  0.04513096]
 [-0.18506199  0.08855503]
 [ 0.02904348  0.44453977]
 [ 0.10917803  0.16322475]
 [ 0.12948264 -0.44825438]
 [ 0.21638235 -0.05227714]
 [ 0.05995616 -0.44251287]
 [-0.2618443  -0.43482639]
 [ 0.01214369  0.02963147]
 [-0.00293925  0.18217219]
 [ 0.2780599  -0.1491034 ]
 [-0.1070929   0.10776075]
 [ 0.11235146 -0.07536939]
 [-0.4555914   0.07677537]
 [ 0.07309087 -0.16206481]
 [-0.3931782   0.52136075]
 [ 0.0373426   0.46323197]
 [-0.25076481  0.097579  ]
 [ 0.18182466  0.15025388]
 [-0.29712127 -0.06435994]
 [-0.5371577   0.16627936]
 [-0.00820209  0.14690077]
 [ 0.05425207 -0.47407047]
 [ 0.24809244  0.23089463]
 [-0.06277902  0.05697933]
 [-0.05111473  0.29316698]
 [ 0.16055639 -0.23044782]
 [ 0.64690552 -0.01885766]
 [-0.16489982 -0.16393455]
 [ 0.45433916  0.27619687]
 [ 0.02992858  0.05933167]]
States:
[[0.99901947 0.99866223 0.47775348 0.46481947 0.51354676 0.59736257]
 [0.99918008 0.9985968  0.48047327 0.46397043 0.54749906 0.58575781]
 [0.99958924 0.99850899 0.4889708  0.46286168 0.58710162 0.59384833]
 ...
 [0.68912966 0.66896484 0.03853211 0.96110809 0.52916621 0.64876657]
 [0.68834761 0.66451422 0.03820568 0.96281523 0.48656188 0.60479553]
 [0.69293342 0.6578776  0.04014214 0.96528137 0.60362063 0.67699446]]
Logstds:
[[-3. -3.]
 [-3. -3.]
 [-3. -3.]
 [-3. -3.]
 [-3. -3.]
 [-3. -3.]
 [-3. -3.]
 [-3. -3.]
 [-3. -3.]
 [-3. -3.]
 [-3. -3.]
 [-3. -3.]
 [-3. -3.]
 [-3. -3.]
 [-3. -3.]
 [-3. -3.]
 [-3. -3.]
 [-3. -3.]
 [-3. -3.]
 [-3. -3.]
 [-3. -3.]
 [-3. -3.]
 [-3. -3.]
 [-3. -3.]
 [-3. -3.]
 [-3. -3.]
 [-3. -3.]
 [-3. -3.]
 [-3. -3.]
 [-3. -3.]
 [-3. -3.]
 [-3. -3.]
 [-3. -3.]
 [-3. -3.]
 [-3. -3.]
 [-3. -3.]
 [-3. -3.]
 [-3. -3.]
 [-3. -3.]
 [-3. -3.]
 [-3. -3.]
 [-3. -3.]
 [-3. -3.]
 [-3. -3.]
 [-3. -3.]
 [-3. -3.]
 [-3. -3.]
 [-3. -3.]
 [-3. -3.]
 [-3. -3.]
 [-3. -3.]
 [-3. -3.]
 [-3. -3.]
 [-3. -3.]
 [-3. -3.]
 [-3. -3.]
 [-3. -3.]
 [-3. -3.]
 [-3. -3.]
 [-3. -3.]
 [-3. -3.]
 [-3. -3.]
 [-3. -3.]
 [-3. -3.]
 [-3. -3.]
 [-3. -3.]
 [-3. -3.]
 [-3. -3.]
 [-3. -3.]
 [-3. -3.]
 [-3. -3.]
 [-3. -3.]
 [-3. -3.]
 [-3. -3.]
 [-3. -3.]
 [-3. -3.]
 [-3. -3.]
 [-3. -3.]
 [-3. -3.]
 [-3. -3.]
 [-3. -3.]
 [-3. -3.]
 [-3. -3.]
 [-3. -3.]
 [-3. -3.]
 [-3. -3.]
 [-3. -3.]
 [-3. -3.]
 [-3. -3.]
 [-3. -3.]
 [-3. -3.]
 [-3. -3.]
 [-3. -3.]
 [-3. -3.]
 [-3. -3.]
 [-3. -3.]
 [-3. -3.]
 [-3. -3.]
 [-3. -3.]
 [-3. -3.]
 [-3. -3.]
 [-3. -3.]
 [-3. -3.]
 [-3. -3.]
 [-3. -3.]
 [-3. -3.]
 [-3. -3.]
 [-3. -3.]
 [-3. -3.]
 [-3. -3.]
 [-3. -3.]
 [-3. -3.]
 [-3. -3.]
 [-3. -3.]
 [-3. -3.]
 [-3. -3.]
 [-3. -3.]
 [-3. -3.]
 [-3. -3.]
 [-3. -3.]
 [-3. -3.]
 [-3. -3.]
 [-3. -3.]
 [-3. -3.]
 [-3. -3.]
 [-3. -3.]
 [-3. -3.]
 [-3. -3.]
 [-3. -3.]
 [-3. -3.]
 [-3. -3.]
 [-3. -3.]
 [-3. -3.]
 [-3. -3.]
 [-3. -3.]
 [-3. -3.]
 [-3. -3.]
 [-3. -3.]
 [-3. -3.]
 [-3. -3.]
 [-3. -3.]
 [-3. -3.]
 [-3. -3.]
 [-3. -3.]
 [-3. -3.]
 [-3. -3.]
 [-3. -3.]
 [-3. -3.]
 [-3. -3.]
 [-3. -3.]
 [-3. -3.]
 [-3. -3.]
 [-3. -3.]
 [-3. -3.]
 [-3. -3.]
 [-3. -3.]
 [-3. -3.]
 [-3. -3.]
 [-3. -3.]
 [-3. -3.]
 [-3. -3.]
 [-3. -3.]
 [-3. -3.]
 [-3. -3.]
 [-3. -3.]
 [-3. -3.]
 [-3. -3.]
 [-3. -3.]
 [-3. -3.]
 [-3. -3.]
 [-3. -3.]
 [-3. -3.]
 [-3. -3.]
 [-3. -3.]
 [-3. -3.]
 [-3. -3.]
 [-3. -3.]
 [-3. -3.]
 [-3. -3.]
 [-3. -3.]
 [-3. -3.]
 [-3. -3.]
 [-3. -3.]
 [-3. -3.]
 [-3. -3.]
 [-3. -3.]
 [-3. -3.]
 [-3. -3.]
 [-3. -3.]
 [-3. -3.]
 [-3. -3.]
 [-3. -3.]
 [-3. -3.]
 [-3. -3.]
 [-3. -3.]
 [-3. -3.]
 [-3. -3.]
 [-3. -3.]
 [-3. -3.]
 [-3. -3.]]
