Baseline:
[0.47634292 0.46955317 0.47114626 0.46612692 0.46192396 0.4516528
 0.43650532 0.4319485  0.42003638 0.42028296 0.40251273 0.38023064
 0.3627805  0.3429445  0.31993002 0.29932204 0.28155482 0.26224118
 0.2308045  0.20154124 0.17404534 0.14781165 0.12889189 0.11495517
 0.11197537 0.11319846 0.11973312 0.12540217 0.13345435 0.16974603
 0.18040992 0.18087012 0.17596322 0.17136236 0.18247959 0.1794334
 0.19165869 0.20475727 0.17254362 0.18071197 0.20681272 0.19700223
 0.19362417 0.18564108 0.17978743 0.16465288 0.164098   0.16180079
 0.15631135 0.17374158 0.17809984 0.1796258  0.17218769 0.16639966
 0.17089312 0.18303283 0.18815935 0.19128236 0.19575904 0.20373945
 0.22302902 0.23132992 0.25140873 0.26190943 0.27423334 0.2892844
 0.30026293 0.30668375 0.32162756 0.3421235  0.3549876  0.39271528
 0.4139083  0.41711307 0.43570578 0.47393364 0.47998118 0.48932177
 0.48487398 0.48785684 0.48448712 0.47051746 0.47259706 0.4476557
 0.44082654 0.44470283 0.4204703  0.42189977 0.42581263 0.40143475
 0.37666497 0.36530563 0.33534497 0.33615232 0.31997946 0.29894638
 0.3137007  0.29902232 0.28858066 0.2852704  0.27751505 0.26960385
 0.26754972 0.26732412 0.26212746 0.24968484 0.24517193 0.23023951
 0.2178053  0.21532205 0.20358074 0.2202026  0.22709975 0.23739359
 0.21588652 0.16167407 0.15543178 0.17067912 0.16620252 0.18101603
 0.17231624 0.17211354 0.19664392 0.20093942 0.18792808 0.17835635
 0.16017064 0.16344507 0.16545218 0.17355107 0.17633551 0.17695723
 0.19349408 0.19931194 0.17932713 0.15726279 0.14848296 0.15516
 0.17258568 0.17380624 0.18327872 0.20530765 0.20087795 0.20116733
 0.20826048 0.2086069  0.21011925 0.23093984 0.23709995 0.23694193
 0.26034802 0.2749551  0.2863525  0.28034353 0.26788127 0.27764177
 0.29163912 0.26938614 0.27635252 0.2975588  0.30830997 0.3226989
 0.33032817 0.33744925 0.34397325 0.34213477 0.3405651  0.3546939
 0.36866355 0.374814   0.37527832 0.37990877 0.39000085 0.39974093
 0.4125703  0.41643852 0.42288423 0.43356684 0.41564965 0.43687356
 0.45114803 0.44811252 0.44806987 0.44063732 0.43053535 0.42062497
 0.4011785  0.3802528  0.35369927 0.3241358  0.28904897 0.258507
 0.21891212 0.1850065  0.15590924 0.1273558  0.10543896 0.09557264
 0.09254167 0.11113434 0.11113434]
Returns:
[ 3.53655930e-01  4.39823234e-01  5.03312437e-01  3.68113422e-01
  1.69371580e-01  4.01269491e-04 -1.32687896e-01 -2.18728655e-01
 -1.53007124e-01 -3.04372848e-01 -2.90070491e-01 -4.28813713e-01
 -3.51287019e-01 -3.07596684e-01 -2.65030798e-01 -1.56169374e-01
 -7.53142529e-02 -2.00225798e-02 -3.23966625e-01 -2.30612695e-01
 -1.41110859e-01 -2.99820233e-01 -2.08576655e-01 -1.80887334e-01
 -4.37290661e-01 -3.85131326e-01 -3.53853417e-01 -2.56035906e-01
 -1.46610404e-01 -1.81538143e-01 -2.10131682e-01 -1.17873808e-01
 -2.31800665e-01 -2.94735547e-01 -2.81158681e-01 -1.64254962e-01
 -2.00410170e-01 -2.58956188e-01 -4.64820479e-01 -4.24913016e-01
 -5.97291586e-01 -6.63349908e-01 -5.75096588e-01 -5.68308449e-01
 -4.99795399e-01 -4.85025197e-01 -4.40984462e-01 -4.00449168e-01
 -4.36381615e-01 -5.17354740e-01 -4.12999280e-01 -4.30846282e-01
 -3.66241438e-01 -4.22395701e-01 -3.77205197e-01 -3.29449494e-01
 -3.18906163e-01 -5.32413130e-01 -7.76603478e-01 -7.32969316e-01
 -7.13270120e-01 -6.51701618e-01 -6.40289521e-01 -6.66068150e-01
 -5.85747721e-01 -5.38358063e-01 -7.11126171e-01 -6.13680850e-01
 -5.62351138e-01 -5.54507218e-01 -4.46186278e-01 -7.65223224e-01
 -7.16305991e-01 -7.52155676e-01 -7.38519509e-01 -1.00782528e+00
 -9.29423033e-01 -8.49837817e-01 -8.11643765e-01 -7.29667811e-01
 -6.40224939e-01 -5.93285189e-01 -5.21938473e-01 -5.83439006e-01
 -5.02058721e-01 -4.89631522e-01 -4.83828771e-01 -4.19442202e-01
 -3.83739372e-01 -5.15702544e-01 -7.64865560e-01 -7.23891240e-01
 -7.63825520e-01 -7.40926814e-01 -6.98461608e-01 -6.53684344e-01
 -7.87890236e-01 -7.71489687e-01 -6.88455928e-01 -6.96455291e-01
 -6.29106625e-01 -5.52009642e-01 -5.33914346e-01 -4.72038062e-01
 -3.74163736e-01 -2.69568708e-01 -1.76031116e-01 -5.43396756e-02
  7.43487336e-02  2.16378649e-01  3.57405219e-01  1.85497595e-01
  1.29614392e-01  3.38096777e-02  7.03352385e-02  2.75666142e-02
  1.27733948e-01 -3.46733367e-02  2.54033704e-02  4.89813925e-02
  1.50201722e-01  1.92135086e-01  8.17503321e-02  1.76810966e-01
  2.30151400e-01  2.88334317e-01  6.68271662e-02  1.74844378e-01
  2.96589945e-01  3.36434548e-01  5.71995710e-02  1.80079282e-01
  1.84924815e-01  2.99176327e-01  2.38984689e-01  5.37233441e-02
  6.09468036e-02  1.05656366e-01  1.74739936e-01  2.42080529e-03
  1.17742223e-01  1.41678897e-01  1.80308110e-01  2.24970869e-01
  2.57660039e-01  2.90244238e-01  3.47335544e-01  3.12017544e-01
  4.16371868e-01  5.31085653e-01  5.81248008e-01  6.30261592e-01
  7.47469405e-01  6.73315629e-01  6.46420199e-01  6.29057527e-01
  6.67874778e-01  3.36474834e-01  3.76359128e-01  3.38920755e-01
  4.65619923e-01  5.20016866e-01  6.49089517e-01  7.50866440e-01
  8.14242235e-01  8.24824280e-01  8.26223366e-01  8.26871473e-01
  8.00529221e-01  9.13083531e-01  9.17323804e-01  4.33537559e-01
  4.53802019e-01  5.16284171e-01  5.29440519e-01  4.82275247e-01
  5.20471711e-01  5.49751477e-01  8.10271362e-02  1.04633869e-01
  1.31541366e-01  7.86604010e-02  1.13596323e-01 -9.29074598e-03
 -1.79501888e-01 -3.37842449e-01 -3.08360159e-01 -2.82681521e-01
 -2.32269948e-01 -1.63557974e-01 -6.91988255e-02 -7.77938580e-02
  2.06935180e-02  1.41438159e-01  5.79630418e-02  7.82895247e-02
  1.98826807e-01  1.46593061e-01  2.01817121e-01 -3.95297110e-02]
Advants:
[ 0.03037859  0.1354554   0.21241801  0.0945621  -0.09261981 -0.24824345
 -0.36649538 -0.45083609 -0.37390152 -0.53096151 -0.50380876 -0.62921071
 -0.54099892 -0.48284916 -0.42107513 -0.29173213 -0.19019677 -0.11012292
 -0.38512395 -0.26142058 -0.13962565 -0.27099266 -0.15621907 -0.10830267
 -0.3627378  -0.311324   -0.28529725 -0.18890601 -0.07979321 -0.14481651
 -0.17856416 -0.07794821 -0.18077044 -0.23418291 -0.22630642 -0.09676841
 -0.13624032 -0.20043325 -0.37136808 -0.33570018 -0.53605456 -0.59607681
 -0.50570742 -0.49184885 -0.41617254 -0.38392174 -0.33540096 -0.28698423
 -0.31230883 -0.40820116 -0.30238634 -0.31604524 -0.23557334 -0.2783503
 -0.22815881 -0.18113804 -0.16317739 -0.37289483 -0.62175119 -0.58520021
 -0.58380427 -0.52781886 -0.53380429 -0.56829598 -0.49625656 -0.45853048
 -0.64211356 -0.5480964  -0.50733754 -0.51563541 -0.41250122 -0.77196848
 -0.74631964 -0.78883412 -0.79769876 -1.1189847  -1.0593161  -1.00066574
 -0.96928703 -0.90007346 -0.81500299 -0.76061145 -0.69627518 -0.7393159
 -0.65541203 -0.65126902 -0.6250882  -0.56436677 -0.53401976 -0.6464983
 -0.88314162 -0.84248305 -0.86543477 -0.85674384 -0.8108342  -0.75680121
 -0.92314906 -0.90997778 -0.83304453 -0.85583001 -0.79804115 -0.72919403
 -0.7259592  -0.68029212 -0.59186822 -0.4871057  -0.39934351 -0.2696589
 -0.13170207  0.01384511  0.17245987 -0.01555545 -0.07971953 -0.19060105
 -0.13596403 -0.12785115 -0.02176519 -0.20526555 -0.14505944 -0.1407414
 -0.03224695  0.00964518 -0.12970729 -0.04095033  0.02527431  0.09498651
 -0.11249892 -0.00903537  0.11301813  0.14825792 -0.13869201 -0.01800339
 -0.03175934  0.0777874   0.03754498 -0.13073797 -0.11975896 -0.08600243
 -0.03738714 -0.21959583 -0.11988071 -0.1245703  -0.087339   -0.04791731
 -0.02690315  0.00135949  0.0543436  -0.00634711  0.08994413  0.20630357
  0.23550172  0.27362225  0.38673558  0.32440821  0.31584166  0.29424602
  0.32583195  0.01446614  0.04599429 -0.01597229  0.09995682  0.14118171
  0.26770161  0.37079391  0.43855914  0.46320693  0.47953643  0.48013768
  0.45386052  0.57878558  0.60277729  0.12119279  0.139094    0.20185448
  0.21306343  0.17226054  0.21609541  0.24838128 -0.20151357 -0.19806703
 -0.18388895 -0.23359934 -0.19739239 -0.31508462 -0.48257397 -0.64360366
 -0.60683447 -0.57198415 -0.50539401 -0.4153379  -0.29080794 -0.27351705
 -0.13621689  0.02236766 -0.02942255  0.0237772   0.17532493  0.14151546
  0.21085916 -0.04508643]
Mus:
[[-2.87635196e-02 -1.21395374e-02]
 [-2.91280802e-02 -1.23330252e-02]
 [-2.91178096e-02 -1.22269252e-02]
 [-2.95867808e-02 -1.16367210e-02]
 [-3.00764926e-02 -1.10721728e-02]
 [-3.12501900e-02 -1.09598441e-02]
 [-3.33629586e-02 -1.16898548e-02]
 [-3.52861322e-02 -1.30913435e-02]
 [-3.66952084e-02 -1.37432609e-02]
 [-3.64681929e-02 -1.40399989e-02]
 [-3.87918875e-02 -1.49184829e-02]
 [-4.03164737e-02 -1.57813374e-02]
 [-4.10948098e-02 -1.63127035e-02]
 [-4.17358354e-02 -1.64688658e-02]
 [-4.26030196e-02 -1.73848011e-02]
 [-4.28952463e-02 -1.76413115e-02]
 [-4.31976952e-02 -1.80646945e-02]
 [-4.30240780e-02 -1.80385914e-02]
 [-4.02476527e-02 -1.62194893e-02]
 [-3.84424217e-02 -1.54198427e-02]
 [-3.73145826e-02 -1.50803560e-02]
 [-3.38035151e-02 -1.28148356e-02]
 [-3.21767405e-02 -1.23089571e-02]
 [-2.88203284e-02 -1.04806786e-02]
 [-2.68083531e-02 -9.00697615e-03]
 [-2.49865856e-02 -8.64099711e-03]
 [-2.49449685e-02 -8.78206547e-03]
 [-2.27488838e-02 -7.93855079e-03]
 [-2.30309907e-02 -8.31334013e-03]
 [-2.90228520e-02 -1.12975379e-02]
 [-2.96107773e-02 -1.15078697e-02]
 [-3.12879756e-02 -1.23255271e-02]
 [-2.95106545e-02 -1.12742065e-02]
 [-3.24748196e-02 -1.29523659e-02]
 [-3.51604745e-02 -1.44935129e-02]
 [-3.55112888e-02 -1.46607878e-02]
 [-3.82943824e-02 -1.63793545e-02]
 [-3.75689417e-02 -1.57137532e-02]
 [-3.53147499e-02 -1.42490650e-02]
 [-3.50666493e-02 -1.39607750e-02]
 [-3.82709242e-02 -1.57328974e-02]
 [-4.18283157e-02 -1.78115834e-02]
 [-4.20878232e-02 -1.77751165e-02]
 [-4.14936803e-02 -1.71142519e-02]
 [-4.10531498e-02 -1.67599153e-02]
 [-4.09280956e-02 -1.67415086e-02]
 [-4.29674983e-02 -1.80314519e-02]
 [-4.13903743e-02 -1.70593113e-02]
 [-4.29334678e-02 -1.83082465e-02]
 [-4.53561023e-02 -1.98670775e-02]
 [-4.61187661e-02 -2.04166025e-02]
 [-4.53249104e-02 -1.96008570e-02]
 [-4.44924198e-02 -1.93824340e-02]
 [-4.40768562e-02 -2.01318134e-02]
 [-4.34758142e-02 -2.05300432e-02]
 [-4.32326645e-02 -2.06519049e-02]
 [-4.36201654e-02 -2.15638038e-02]
 [-4.30907682e-02 -2.27126181e-02]
 [-4.03171033e-02 -2.28099581e-02]
 [-3.56306955e-02 -2.11065281e-02]
 [-3.16710733e-02 -2.02030446e-02]
 [-2.62102820e-02 -1.78973358e-02]
 [-2.25816350e-02 -1.64755490e-02]
 [-1.77413858e-02 -1.38209146e-02]
 [-1.51891112e-02 -1.28745493e-02]
 [-1.27895195e-02 -1.16340974e-02]
 [-7.23154424e-03 -8.20054300e-03]
 [-5.35318675e-03 -7.47085130e-03]
 [-3.81947285e-03 -6.72060763e-03]
 [-3.14953993e-03 -6.71578245e-03]
 [-1.49628578e-03 -5.81139373e-03]
 [-1.31344330e-03 -6.05509430e-03]
 [-6.58631279e-06 -5.23022423e-03]
 [ 2.15173140e-03 -4.86660469e-03]
 [ 4.30916110e-03 -3.22773494e-03]
 [ 4.69545135e-03 -2.05866271e-03]
 [ 6.21584198e-03 -1.36613194e-03]
 [ 7.30428286e-03 -7.84769887e-04]
 [ 9.08186380e-03 -5.19203371e-04]
 [ 9.52597056e-03 -3.12801887e-04]
 [ 9.92909633e-03 -5.29340432e-05]
 [ 1.10480385e-02  7.05766375e-04]
 [ 1.08923139e-02  5.42849186e-04]
 [ 1.23485466e-02  1.09139911e-03]
 [ 1.22349169e-02  9.22769425e-04]
 [ 1.05458722e-02 -3.37291451e-04]
 [ 1.21619795e-02  8.92241194e-04]
 [ 1.23434840e-02  8.14500963e-04]
 [ 1.25196110e-02  6.38521160e-04]
 [ 1.12823239e-02 -3.39430699e-04]
 [ 1.35268047e-02  1.47513498e-03]
 [ 1.54682156e-02  2.81270361e-03]
 [ 1.50523344e-02  2.57579703e-03]
 [ 1.66174397e-02  3.47930146e-03]
 [ 1.77823771e-02  4.63567581e-03]
 [ 1.76553298e-02  4.88934480e-03]
 [ 2.05050074e-02  6.34043431e-03]
 [ 1.88746899e-02  5.22666471e-03]
 [ 1.84881072e-02  4.94926143e-03]
 [ 2.02295799e-02  6.26856415e-03]
 [ 1.92034636e-02  5.42660430e-03]
 [ 1.95689797e-02  5.91658801e-03]
 [ 1.81901436e-02  4.46155621e-03]
 [ 1.72894429e-02  3.54920258e-03]
 [ 1.65476017e-02  3.03054997e-03]
 [ 1.56134544e-02  2.31422926e-03]
 [ 1.49066905e-02  2.13443208e-03]
 [ 1.40533457e-02  1.81793666e-03]
 [ 1.35654770e-02  1.85598026e-03]
 [ 1.22994306e-02  1.40282488e-03]
 [ 1.14193717e-02  1.15740276e-03]
 [ 7.18660653e-03 -1.70709891e-03]
 [ 8.06530099e-03 -5.66017174e-04]
 [ 1.03555983e-02  1.23877474e-03]
 [ 1.06543917e-02  2.09172629e-03]
 [ 8.47181678e-03  1.90965610e-03]
 [ 7.90897105e-03  2.13033729e-03]
 [ 8.47257394e-03  3.23120737e-03]
 [ 6.78644376e-03  3.03047290e-03]
 [ 3.99766024e-03  1.40186038e-03]
 [ 1.33872882e-03  3.23244050e-04]
 [ 2.29584373e-04  4.09038999e-04]
 [-1.56899425e-03 -7.14720460e-04]
 [-4.26995102e-03 -1.68515276e-03]
 [-8.11507925e-03 -2.76310067e-03]
 [-1.26691787e-02 -4.75896336e-03]
 [-1.59335788e-02 -5.84558537e-03]
 [-1.75421704e-02 -6.55232184e-03]
 [-1.89271662e-02 -7.13439146e-03]
 [-2.12495849e-02 -8.44916236e-03]
 [-1.83333233e-02 -6.40348345e-03]
 [-1.92207731e-02 -6.69881608e-03]
 [-2.11147144e-02 -7.70679861e-03]
 [-2.15601418e-02 -7.75698759e-03]
 [-2.21377220e-02 -7.78963882e-03]
 [-1.93060860e-02 -5.94394235e-03]
 [-1.65263396e-02 -4.25891904e-03]
 [-1.75546911e-02 -4.85269306e-03]
 [-1.94692872e-02 -5.81997400e-03]
 [-1.69919860e-02 -4.14749142e-03]
 [-1.69998650e-02 -3.92046245e-03]
 [-1.78606696e-02 -4.33778577e-03]
 [-1.54828681e-02 -2.72552203e-03]
 [-1.50676500e-02 -2.30451068e-03]
 [-1.57999564e-02 -2.72018393e-03]
 [-1.61960889e-02 -3.10651259e-03]
 [-1.60484202e-02 -3.27718374e-03]
 [-1.65876932e-02 -3.13694403e-03]
 [-1.65545922e-02 -3.39159579e-03]
 [-1.58293936e-02 -2.94111855e-03]
 [-1.79534238e-02 -4.09778766e-03]
 [-1.95834432e-02 -5.28703723e-03]
 [-2.03958992e-02 -5.78377768e-03]
 [-2.06200406e-02 -6.49677590e-03]
 [-1.84851121e-02 -4.94173728e-03]
 [-1.95547827e-02 -6.18598610e-03]
 [-2.09774487e-02 -6.64558262e-03]
 [-1.66493338e-02 -4.63367999e-03]
 [-1.50008881e-02 -3.95353278e-03]
 [-1.84340607e-02 -5.44225099e-03]
 [-1.87200401e-02 -5.80018060e-03]
 [-2.00065486e-02 -6.46528695e-03]
 [-2.02140622e-02 -6.74222177e-03]
 [-2.03568283e-02 -7.30451848e-03]
 [-2.06494834e-02 -7.29369232e-03]
 [-1.90881882e-02 -6.74041221e-03]
 [-1.71110369e-02 -5.43104159e-03]
 [-1.87344011e-02 -5.93330059e-03]
 [-1.97361615e-02 -6.33202353e-03]
 [-1.97250843e-02 -6.53295591e-03]
 [-1.86505206e-02 -5.65843051e-03]
 [-1.77181959e-02 -4.50339029e-03]
 [-1.90259721e-02 -5.22572547e-03]
 [-1.94721166e-02 -5.56554319e-03]
 [-2.00331900e-02 -5.86189050e-03]
 [-1.97830051e-02 -5.34241181e-03]
 [-2.06265915e-02 -5.49138058e-03]
 [-2.17292141e-02 -6.18148549e-03]
 [-2.23293286e-02 -5.64674707e-03]
 [-2.33928505e-02 -6.59377640e-03]
 [-2.44031809e-02 -7.58829666e-03]
 [-2.53274161e-02 -8.01123958e-03]
 [-2.68312637e-02 -8.84085614e-03]
 [-2.83752661e-02 -9.24384408e-03]
 [-2.93575041e-02 -9.78803169e-03]
 [-3.09970323e-02 -1.11386655e-02]
 [-3.27912867e-02 -1.23749152e-02]
 [-3.38935554e-02 -1.34140719e-02]
 [-3.37670781e-02 -1.40985698e-02]
 [-3.36583890e-02 -1.42393764e-02]
 [-3.38636488e-02 -1.44323027e-02]
 [-3.18808071e-02 -1.39155462e-02]
 [-3.05266138e-02 -1.34932632e-02]
 [-2.63013635e-02 -1.18469754e-02]
 [-1.84663087e-02 -8.98367167e-03]
 [-1.09259505e-02 -6.00399077e-03]
 [-2.95761344e-03 -2.63880123e-03]
 [ 1.66187738e-03 -8.02985160e-04]
 [ 9.29931086e-03  2.76712771e-03]
 [ 8.70293286e-03  1.31382374e-03]]
Actions:
[[-0.14519324 -0.10647859]
 [ 0.08101072 -0.0153437 ]
 [ 0.19182622 -0.37596208]
 [ 0.24913334 -0.40304692]
 [ 0.12675194 -0.41726814]
 [-0.24488889 -0.42042656]
 [ 0.11129064  0.35662801]
 [ 0.02231051 -0.04216371]
 [ 0.2318558   0.37215342]
 [-0.18714008 -0.22389509]
 [-0.45255694 -0.27487604]
 [-0.14228481 -0.07602022]
 [-0.10124885 -0.24708688]
 [-0.20560656  0.18127939]
 [-0.0250235   0.03839033]
 [-0.11208313  0.16035856]
 [-0.25769177 -0.17461964]
 [ 0.30535514 -0.51261882]
 [-0.06890278 -0.15598968]
 [ 0.0217767   0.13658511]
 [ 0.40588405 -0.25676456]
 [-0.07231778  0.14075904]
 [ 0.19992137 -0.18677704]
 [ 0.56857967  0.04431782]
 [-0.15230228  0.19729742]
 [ 0.04268743  0.25737884]
 [-0.14315917 -0.03704986]
 [-0.04523505  0.08036843]
 [ 0.36123428  0.02621761]
 [ 0.0736025  -0.36672646]
 [-0.19151609  0.04491663]
 [ 0.14078513 -0.45067714]
 [-0.44900949  0.06623656]
 [-0.09961018  0.3028097 ]
 [-0.02564088 -0.01695729]
 [-0.09131361  0.37799502]
 [ 0.37242478  0.03653121]
 [-0.10376395 -0.56830449]
 [ 0.20819516  0.07054534]
 [ 0.01869158  0.50817526]
 [-0.39149243  0.19512308]
 [ 0.06011777 -0.07246122]
 [ 0.0714438  -0.29308657]
 [-0.01617801 -0.19385946]
 [-0.24269495 -0.24836152]
 [-0.28106896  0.08957843]
 [ 0.16231775 -0.17168776]
 [-0.42195274  0.04641279]
 [ 0.01564088  0.41121043]
 [-0.072845    0.05074167]
 [ 0.21125498 -0.25182477]
 [-0.20250445 -0.16770512]
 [-0.40410807  0.18098738]
 [-0.09262702  0.22973101]
 [ 0.13615889  0.15610328]
 [-0.21078927  0.25256445]
 [-0.46845653  0.35267714]
 [-0.58782587  0.19993596]
 [ 0.14075537 -0.13487055]
 [-0.11425167  0.24075443]
 [-0.11551087 -0.19088213]
 [ 0.22532719  0.1091015 ]
 [ 0.15570673 -0.30832946]
 [ 0.05376665  0.11470654]
 [ 0.20495506  0.04388461]
 [ 0.34385706 -0.37610874]
 [-0.07275248  0.0075973 ]
 [ 0.18180603  0.12592642]
 [ 0.09364848  0.29481677]
 [ 0.04284292 -0.01808634]
 [ 0.36871459  0.52201334]
 [ 0.1250812   0.18253071]
 [-0.36337835 -0.06440319]
 [ 0.23585493 -0.15021909]
 [ 0.57610082  0.11569097]
 [-0.0410963  -0.02030261]
 [ 0.06216022  0.04163728]
 [-0.21336946  0.03703809]
 [ 0.03140593  0.07554171]
 [ 0.00359652  0.01508312]
 [-0.06309502 -0.16053971]
 [ 0.05437766  0.14234471]
 [-0.27308261 -0.21430619]
 [-0.08146164  0.04872912]
 [-0.06749286  0.28180138]
 [-0.0434297  -0.25632275]
 [ 0.08141976  0.17524649]
 [ 0.13187955  0.23867658]
 [-0.3493765   0.31890933]
 [ 0.15910962 -0.54816355]
 [ 0.21154824 -0.09587904]
 [-0.29653683 -0.16525764]
 [ 0.26989389  0.07823377]
 [ 0.13057894 -0.1905721 ]
 [-0.08714402 -0.1911214 ]
 [ 0.464692    0.16414822]
 [-0.24543926  0.01038663]
 [-0.0865618  -0.02303045]
 [ 0.33449232 -0.05312   ]
 [-0.14605667  0.05027122]
 [ 0.17199647 -0.0409593 ]
 [-0.20792415  0.18261041]
 [-0.00866203  0.21782569]
 [ 0.05838478  0.12725255]
 [-0.05918809  0.10567313]
 [ 0.17455559  0.09490832]
 [-0.05729376 -0.06211301]
 [ 0.02367657 -0.09337851]
 [ 0.06675324  0.05408598]
 [-0.03627125 -0.09638652]
 [-0.18613438  0.52850973]
 [ 0.45273976 -0.05057049]
 [ 0.46340823 -0.15575634]
 [ 0.02079499 -0.30639305]
 [-0.39799026 -0.09722907]
 [ 0.11094735 -0.13905903]
 [ 0.54167287 -0.00578746]
 [ 0.15394137 -0.19154811]
 [ 0.03927218  0.30393542]
 [-0.08652784 -0.10700772]
 [ 0.24695603 -0.1520404 ]
 [ 0.24564574  0.41231122]
 [ 0.14046091  0.04528004]
 [-0.01747305 -0.27000973]
 [-0.27553461 -0.04126836]
 [-0.46061211 -0.38698635]
 [-0.09975769  0.09531807]
 [-0.08278265  0.0536027 ]
 [-0.19775376  0.24395052]
 [ 0.5967449  -0.14439182]
 [-0.03618143  0.04548475]
 [-0.02531914  0.34416235]
 [ 0.08221346  0.08749214]
 [-0.31362635 -0.33577875]
 [-0.06193392 -0.55698182]
 [-0.01698154 -0.34512339]
 [-0.29192981  0.08764096]
 [-0.00556199  0.24355681]
 [ 0.51471811 -0.09329354]
 [ 0.08336278  0.03562209]
 [ 0.13004775  0.28283383]
 [ 0.1586647  -0.24844217]
 [-0.24393378 -0.19227795]
 [-0.33991415 -0.01851907]
 [-0.34241018 -0.03238429]
 [-0.30927902 -0.04209767]
 [ 0.39586822  0.05014041]
 [-0.21075578  0.05771588]
 [-0.10826329 -0.16652357]
 [ 0.08645658  0.29820301]
 [-0.15063933  0.29640609]
 [ 0.08852469  0.17414369]
 [-0.50406451  0.0278375 ]
 [ 0.12515204 -0.39558298]
 [-0.37011436  0.22165787]
 [ 0.29307123  0.12203679]
 [-0.42376921 -0.55606803]
 [-0.20173609 -0.24378232]
 [ 0.29627469  0.25871442]
 [-0.11174256  0.02548774]
 [ 0.19777483  0.1657336 ]
 [-0.02486046  0.0358866 ]
 [-0.21938944  0.04766664]
 [ 0.22995607  0.02029369]
 [-0.28479641 -0.23252317]
 [ 0.07797846 -0.31233057]
 [ 0.30233051  0.04611092]
 [ 0.30347387  0.13594427]
 [-0.06202444  0.03654806]
 [ 0.15648657 -0.2449361 ]
 [ 0.69502353 -0.12310939]
 [-0.29422856 -0.03131714]
 [-0.14666229 -0.02331003]
 [ 0.17692     0.10512898]
 [ 0.24692041 -0.15464923]
 [-0.01289415 -0.12593369]
 [-0.27240451 -0.01932249]
 [-0.17276153 -0.69014391]
 [ 0.00310434  0.17924448]
 [-0.12522204  0.15735727]
 [-0.15246242 -0.28950453]
 [-0.06542321 -0.11586595]
 [ 0.06620472 -0.37256486]
 [-0.1102021  -0.44300505]
 [-0.2190408  -0.41325047]
 [-0.13353483  0.2072    ]
 [-0.26478385  0.1390345 ]
 [-0.23077824  0.12137387]
 [-0.17756205 -0.16481405]
 [ 0.03126902  0.02255411]
 [-0.35445095 -0.18164611]
 [-0.01641238  0.13958187]
 [-0.12901371 -0.06533417]
 [-0.37017419 -0.32746006]
 [-0.26915361 -0.23448532]
 [-0.04577858  0.11694394]
 [ 0.28911064  0.32026816]
 [ 0.07116775 -0.28006781]
 [-0.267211    0.54702959]
 [ 0.06142216 -0.29228728]]
States:
[[9.99037409e-01 9.98092472e-01 5.41090946e-01 4.58001478e-01
  5.13066169e-01 5.97450182e-01]
 [9.99209766e-01 9.97899907e-01 5.38132170e-01 4.55936464e-01
  4.75845021e-01 5.69555678e-01]
 [9.99424123e-01 9.97456631e-01 5.33954843e-01 4.51518485e-01
  4.97361604e-01 5.66073009e-01]
 ...
 [6.26039217e-01 0.00000000e+00 1.69718222e-02 2.49635326e-01
  4.41034597e-02 5.06782453e-02]
 [5.56746737e-01 0.00000000e+00 3.56403800e-03 3.28640271e-01
  7.16316175e-02 0.00000000e+00]
 [4.83757494e-01 0.00000000e+00 1.87975745e-04 4.05905705e-01
  1.17807708e-02 1.43524250e-01]]
Logstds:
[[-3. -3.]
 [-3. -3.]
 [-3. -3.]
 [-3. -3.]
 [-3. -3.]
 [-3. -3.]
 [-3. -3.]
 [-3. -3.]
 [-3. -3.]
 [-3. -3.]
 [-3. -3.]
 [-3. -3.]
 [-3. -3.]
 [-3. -3.]
 [-3. -3.]
 [-3. -3.]
 [-3. -3.]
 [-3. -3.]
 [-3. -3.]
 [-3. -3.]
 [-3. -3.]
 [-3. -3.]
 [-3. -3.]
 [-3. -3.]
 [-3. -3.]
 [-3. -3.]
 [-3. -3.]
 [-3. -3.]
 [-3. -3.]
 [-3. -3.]
 [-3. -3.]
 [-3. -3.]
 [-3. -3.]
 [-3. -3.]
 [-3. -3.]
 [-3. -3.]
 [-3. -3.]
 [-3. -3.]
 [-3. -3.]
 [-3. -3.]
 [-3. -3.]
 [-3. -3.]
 [-3. -3.]
 [-3. -3.]
 [-3. -3.]
 [-3. -3.]
 [-3. -3.]
 [-3. -3.]
 [-3. -3.]
 [-3. -3.]
 [-3. -3.]
 [-3. -3.]
 [-3. -3.]
 [-3. -3.]
 [-3. -3.]
 [-3. -3.]
 [-3. -3.]
 [-3. -3.]
 [-3. -3.]
 [-3. -3.]
 [-3. -3.]
 [-3. -3.]
 [-3. -3.]
 [-3. -3.]
 [-3. -3.]
 [-3. -3.]
 [-3. -3.]
 [-3. -3.]
 [-3. -3.]
 [-3. -3.]
 [-3. -3.]
 [-3. -3.]
 [-3. -3.]
 [-3. -3.]
 [-3. -3.]
 [-3. -3.]
 [-3. -3.]
 [-3. -3.]
 [-3. -3.]
 [-3. -3.]
 [-3. -3.]
 [-3. -3.]
 [-3. -3.]
 [-3. -3.]
 [-3. -3.]
 [-3. -3.]
 [-3. -3.]
 [-3. -3.]
 [-3. -3.]
 [-3. -3.]
 [-3. -3.]
 [-3. -3.]
 [-3. -3.]
 [-3. -3.]
 [-3. -3.]
 [-3. -3.]
 [-3. -3.]
 [-3. -3.]
 [-3. -3.]
 [-3. -3.]
 [-3. -3.]
 [-3. -3.]
 [-3. -3.]
 [-3. -3.]
 [-3. -3.]
 [-3. -3.]
 [-3. -3.]
 [-3. -3.]
 [-3. -3.]
 [-3. -3.]
 [-3. -3.]
 [-3. -3.]
 [-3. -3.]
 [-3. -3.]
 [-3. -3.]
 [-3. -3.]
 [-3. -3.]
 [-3. -3.]
 [-3. -3.]
 [-3. -3.]
 [-3. -3.]
 [-3. -3.]
 [-3. -3.]
 [-3. -3.]
 [-3. -3.]
 [-3. -3.]
 [-3. -3.]
 [-3. -3.]
 [-3. -3.]
 [-3. -3.]
 [-3. -3.]
 [-3. -3.]
 [-3. -3.]
 [-3. -3.]
 [-3. -3.]
 [-3. -3.]
 [-3. -3.]
 [-3. -3.]
 [-3. -3.]
 [-3. -3.]
 [-3. -3.]
 [-3. -3.]
 [-3. -3.]
 [-3. -3.]
 [-3. -3.]
 [-3. -3.]
 [-3. -3.]
 [-3. -3.]
 [-3. -3.]
 [-3. -3.]
 [-3. -3.]
 [-3. -3.]
 [-3. -3.]
 [-3. -3.]
 [-3. -3.]
 [-3. -3.]
 [-3. -3.]
 [-3. -3.]
 [-3. -3.]
 [-3. -3.]
 [-3. -3.]
 [-3. -3.]
 [-3. -3.]
 [-3. -3.]
 [-3. -3.]
 [-3. -3.]
 [-3. -3.]
 [-3. -3.]
 [-3. -3.]
 [-3. -3.]
 [-3. -3.]
 [-3. -3.]
 [-3. -3.]
 [-3. -3.]
 [-3. -3.]
 [-3. -3.]
 [-3. -3.]
 [-3. -3.]
 [-3. -3.]
 [-3. -3.]
 [-3. -3.]
 [-3. -3.]
 [-3. -3.]
 [-3. -3.]
 [-3. -3.]
 [-3. -3.]
 [-3. -3.]
 [-3. -3.]
 [-3. -3.]
 [-3. -3.]
 [-3. -3.]
 [-3. -3.]
 [-3. -3.]
 [-3. -3.]
 [-3. -3.]
 [-3. -3.]
 [-3. -3.]
 [-3. -3.]
 [-3. -3.]
 [-3. -3.]]
