Baseline:
[0.47856054 0.47990525 0.4880069  0.48399308 0.47622478 0.47402337
 0.4558294  0.44122854 0.4447777  0.4423637  0.43587565 0.42722836
 0.4392508  0.43082166 0.43933064 0.44850597 0.43949822 0.42881972
 0.42319658 0.41709438 0.43021932 0.43241784 0.42457446 0.415828
 0.41038325 0.41483352 0.411911   0.40223834 0.42918235 0.42617002
 0.4136684  0.41695306 0.41231358 0.41276637 0.4234681  0.4241608
 0.43458667 0.43210924 0.41762966 0.40038592 0.3927305  0.39566585
 0.40119275 0.37235135 0.3743611  0.3844884  0.39308172 0.38336906
 0.37092334 0.35704243 0.36105865 0.3611213  0.3507025  0.32621717
 0.32121596 0.28477502 0.26547632 0.25293118 0.26033804 0.24581315
 0.2355612  0.22625591 0.21348614 0.21939422 0.21336608 0.19191337
 0.16946907 0.1795847  0.17712957 0.18587917 0.19881509 0.15606336
 0.13365331 0.13285317 0.13815545 0.13159603 0.1243566  0.11971241
 0.12577671 0.14543714 0.15336765 0.16195774 0.18576857 0.17289747
 0.18091394 0.1835933  0.2051654  0.19661626 0.17873074 0.17223364
 0.15770744 0.16002768 0.16747612 0.15670766 0.16674967 0.16044018
 0.18086855 0.18461402 0.18616605 0.17745127 0.18858945 0.20278963
 0.21991882 0.23741442 0.23039037 0.25681302 0.27254042 0.29956508
 0.2955092  0.2857845  0.28681892 0.2864705  0.2892523  0.28480867
 0.29897356 0.29164198 0.3131586  0.32259667 0.332947   0.36534494
 0.37092084 0.37904716 0.3891361  0.40208414 0.39396763 0.41476914
 0.41576862 0.42484483 0.44549617 0.4454427  0.43974498 0.44389445
 0.44786197 0.46741667 0.47443426 0.46737224 0.46798745 0.4674879
 0.4642819  0.45893133 0.4572925  0.4660633  0.470141   0.47480127
 0.466635   0.4679916  0.4690032  0.4602775  0.4538944  0.44928893
 0.44142017 0.43290406 0.42961946 0.43079862 0.4257679  0.42243806
 0.41705889 0.42262512 0.4246334  0.42088005 0.420972   0.41000345
 0.40900457 0.40792117 0.39429423 0.40086046 0.40404242 0.40723303
 0.40739486 0.41752464 0.42700157 0.43344375 0.45033506 0.45158294
 0.4415059  0.43417618 0.44327748 0.4520495  0.45377555 0.4501882
 0.4598265  0.47130227 0.5023294  0.52064085 0.51726305 0.51587504
 0.5225142  0.52263826 0.52579564 0.51718587 0.50497264 0.53161544
 0.53767765 0.53319156 0.5038795  0.50144905 0.49072525 0.47453573
 0.45860973 0.43008193 0.43008193]
Returns:
[ 6.84242621e-01  7.39391869e-01  6.92623248e-01  7.46719513e-01
  7.05474321e-01  7.11744307e-01  4.92660621e-01  3.89217963e-01
  3.08404273e-01  3.32621029e-01  3.71362086e-01  4.01335637e-01
  2.18385939e-01  1.61927849e-01  3.49658728e-02 -1.44476639e-02
 -2.77758321e-02 -1.32375726e-02  4.38297664e-02  9.27208259e-02
 -8.03402020e-02 -8.77668307e-02 -1.87124124e-02 -1.49186359e-01
 -1.39355645e-01 -1.14433123e-01 -2.12751139e-01 -1.45519835e-01
 -6.26726759e-01 -6.23717384e-01 -5.89248210e-01 -6.00742039e-01
 -5.41943998e-01 -4.90029330e-01 -4.61894331e-01 -3.95476941e-01
 -4.74449275e-01 -4.08576411e-01 -5.66507873e-01 -5.48859643e-01
 -5.02773949e-01 -4.31161250e-01 -3.75578304e-01 -4.64162785e-01
 -3.93622317e-01 -3.86009287e-01 -3.49930537e-01 -2.72569920e-01
 -3.88308225e-01 -3.18932280e-01 -5.24323222e-01 -5.18354457e-01
 -4.50019252e-01 -5.78449852e-01 -5.61100032e-01 -8.53362361e-01
 -8.09631389e-01 -7.83678964e-01 -8.49317673e-01 -8.23498654e-01
 -7.36984127e-01 -6.51776972e-01 -5.56656125e-01 -7.51283046e-01
 -6.75157619e-01 -6.48560600e-01 -8.15887029e-01 -7.86418376e-01
 -6.98851408e-01 -6.45779372e-01 -6.45588457e-01 -5.86027346e-01
 -5.23935642e-01 -4.31235868e-01 -3.46368444e-01 -2.61510749e-01
 -1.76394696e-01 -8.09614231e-02  2.58504539e-02 -8.68879714e-02
  3.58410482e-03 -6.95345899e-03 -9.12989023e-03  7.00224613e-02
  1.20644096e-01  2.28529168e-01  1.71933063e-01  2.91961628e-01
  3.66256506e-01  3.79397596e-01  1.78724051e-01  2.71773967e-01
  3.35474425e-01  5.37337056e-02  1.10943317e-01  1.52131820e-01
 -7.33036490e-02 -3.67837926e-02 -8.45309862e-02 -9.36579463e-02
 -1.22149397e-01 -1.09195101e-01 -1.09547709e-01 -2.85247488e-02
 -2.64830456e-01 -1.74318913e-01 -6.21338935e-02 -2.22742416e-01
 -2.00759244e-01 -2.78676760e-01 -1.87098930e-01 -3.14941605e-01
 -2.21538690e-01 -1.41625558e-01 -6.71959914e-02 -6.27814178e-02
 -2.56596578e-01 -1.74039051e-01 -1.41384806e-01 -2.52554820e-01
 -2.67699448e-01 -2.08401772e-01 -1.02691873e-01 -7.44163819e-02
 -3.41533844e-01 -2.66934010e-01 -3.09127007e-01 -2.23175951e-01
 -2.27497056e-01 -2.08237500e-01 -2.51575207e-01 -3.14716726e-01
 -2.46248402e-01 -3.37795717e-01 -2.81719892e-01 -2.92186070e-01
 -2.08722152e-01 -2.96363619e-01 -2.22305778e-01 -1.74812961e-01
 -9.03862275e-02 -1.74815295e-01 -1.19551480e-01 -8.59420244e-02
 -1.07487821e-02 -8.02658976e-03 -2.37160814e-02 -7.94706919e-04
  3.27174934e-02  1.37188275e-01  2.30931252e-01  3.10945103e-01
  3.43353632e-01  2.24078772e-01  1.31969010e-01  2.20177649e-01
  2.54579342e-01  4.63030596e-02  8.08059813e-02  1.68270274e-01
  2.20448264e-01  2.39340798e-01  1.49474537e-01  1.02878893e-01
  5.17668792e-02 -2.83255945e-02 -1.72438033e-01 -2.13930269e-01
 -3.69956075e-01 -4.12759659e-01 -3.74295206e-01 -3.12372040e-01
 -3.10586671e-01 -2.10323062e-01 -1.86683438e-01 -1.15524616e-01
 -1.12649779e-01 -6.32258960e-03  6.02024824e-02  1.68540042e-01
  1.39424216e-01  1.46239224e-01  5.30629439e-02  1.50083647e-01
  2.10434371e-01  3.20461292e-01  4.40718520e-01  5.21319967e-01
  6.22667996e-01  6.91696937e-01  5.86988356e-01  2.80528974e-01
  5.50755197e-02  3.53950978e-02 -1.15649750e-01 -1.01963491e-01
 -2.29027721e-02  3.64942454e-02 -7.49181211e-03  8.84804130e-02]
Advants:
[ 0.26313136  0.32985522  0.2873078   0.36058769  0.34253752  0.36801178
  0.17936028  0.10105162  0.02550997  0.062537    0.12044687  0.17402316
 -0.01074956 -0.04919567 -0.1784573  -0.23211991 -0.23122801 -0.19957503
 -0.12796117 -0.06158354 -0.24117365 -0.24393874 -0.15721823 -0.27205097
 -0.24882102 -0.21908349 -0.30737481 -0.22038299 -0.73330269 -0.73226978
 -0.68926005 -0.70879413 -0.64855531 -0.59897302 -0.5830403  -0.51691124
 -0.60863552 -0.54069553 -0.68902935 -0.65835606 -0.60753089 -0.53989385
 -0.48941861 -0.5505545  -0.48141574 -0.48334793 -0.45438077 -0.36300653
 -0.46482642 -0.37739645 -0.5887515  -0.58477656 -0.50568255 -0.61247364
 -0.59251959 -0.85885421 -0.80528395 -0.77586096 -0.86101328 -0.83255972
 -0.74570373 -0.65902294 -0.5562943  -0.76863314 -0.69674811 -0.65835558
 -0.81819848 -0.81448215 -0.7386446  -0.70834427 -0.73670004 -0.6481635
 -0.57599815 -0.4929938  -0.42235752 -0.33780257 -0.25003746 -0.15184624
 -0.05002967 -0.18536329 -0.10345366 -0.12385866 -0.15203581 -0.0595427
 -0.01511018  0.09533232  0.02042945  0.15652728  0.25971937  0.29191465
  0.11363699  0.21571281  0.28601728  0.02191398  0.07799446  0.13663362
 -0.10474401 -0.0660876  -0.11052845 -0.10568114 -0.14082889 -0.13724964
 -0.15003593 -0.07944829 -0.30815942 -0.24146926 -0.13920556 -0.32634114
 -0.29895677 -0.36779874 -0.27515946 -0.40432241 -0.31270944 -0.22466732
 -0.15853951 -0.14006749 -0.35476019 -0.27868576 -0.25248535 -0.39626515
 -0.41785637 -0.36604726 -0.26677691 -0.24701512 -0.50921432 -0.45722284
 -0.50371192 -0.42803691 -0.45508377 -0.43742456 -0.47802336 -0.55060641
 -0.48985358 -0.60845899 -0.56602607 -0.57672524 -0.49923065 -0.59487789
 -0.52445431 -0.47739958 -0.39495395 -0.49496459 -0.44958638 -0.42604451
 -0.3459748  -0.34813705 -0.36918305 -0.34127222 -0.30419758 -0.19480877
 -0.08971523  0.00533118  0.0491998  -0.06610765 -0.1502949  -0.05278717
 -0.00529824 -0.21738979 -0.18198999 -0.08479852 -0.02461885  0.01494884
 -0.06613351 -0.10460516 -0.13560919 -0.21791492 -0.36504104 -0.41092318
 -0.57324283 -0.63446769 -0.61358147 -0.56517601 -0.58842741 -0.49518868
 -0.46669838 -0.39145391 -0.40139341 -0.3048504  -0.23914567 -0.12277626
 -0.15790588 -0.15877753 -0.28271042 -0.20127323 -0.13261341 -0.01240128
  0.11427734  0.21141691  0.33072593  0.43368323  0.36580261  0.04910986
 -0.17175874 -0.17586892 -0.28933828 -0.26375578 -0.16092223 -0.06883735
 -0.07986144  0.06697631]
Mus:
[[-2.73413491e-02 -1.17967064e-02]
 [-2.72984542e-02 -1.19942343e-02]
 [-2.62828227e-02 -1.13060940e-02]
 [-2.67919507e-02 -1.18094152e-02]
 [-2.71925125e-02 -1.14769433e-02]
 [-2.76683141e-02 -1.22825932e-02]
 [-2.70913281e-02 -1.25821251e-02]
 [-2.59214882e-02 -1.22084692e-02]
 [-2.58316211e-02 -1.19494796e-02]
 [-2.55786646e-02 -1.18215587e-02]
 [-2.47524828e-02 -1.18225170e-02]
 [-2.42148284e-02 -1.15601867e-02]
 [-2.32374053e-02 -1.19266929e-02]
 [-2.08317935e-02 -1.16238492e-02]
 [-1.80071350e-02 -1.13945222e-02]
 [-1.51893049e-02 -1.03924712e-02]
 [-1.18151782e-02 -8.93436093e-03]
 [-8.52719322e-03 -7.52787665e-03]
 [-5.12359571e-03 -6.39480166e-03]
 [-1.08807115e-03 -5.34133101e-03]
 [ 7.53152883e-04 -5.18986816e-03]
 [ 3.30512691e-03 -3.75031843e-03]
 [ 6.58313278e-03 -2.44721165e-03]
 [ 8.93713068e-03 -5.18013199e-04]
 [ 1.01395650e-02  5.75713173e-04]
 [ 1.08955689e-02  6.98246819e-04]
 [ 1.25670340e-02  4.24567523e-04]
 [ 1.39560057e-02  1.06952013e-03]
 [ 1.25468392e-02  5.65546390e-04]
 [ 1.30517604e-02  1.50959857e-03]
 [ 1.33877322e-02  1.82647572e-03]
 [ 1.40869208e-02  2.73615541e-03]
 [ 1.45122269e-02  3.32295708e-03]
 [ 1.49537027e-02  3.09612579e-03]
 [ 1.50591200e-02  3.09381541e-03]
 [ 1.54669816e-02  3.60270450e-03]
 [ 1.45798894e-02  2.19979393e-03]
 [ 1.55117558e-02  3.00824619e-03]
 [ 1.88244805e-02  5.73738571e-03]
 [ 1.98549256e-02  6.55644108e-03]
 [ 2.07295306e-02  7.24512059e-03]
 [ 2.08307840e-02  7.23390048e-03]
 [ 2.00974960e-02  6.49376726e-03]
 [ 1.98435597e-02  6.55904831e-03]
 [ 1.95598416e-02  6.30129082e-03]
 [ 1.98309235e-02  6.59794919e-03]
 [ 1.91607345e-02  6.05974859e-03]
 [ 1.80438329e-02  5.49464114e-03]
 [ 1.52775496e-02  3.25420196e-03]
 [ 1.60460249e-02  3.94724542e-03]
 [ 1.85242184e-02  5.82285179e-03]
 [ 1.73010286e-02  4.61571524e-03]
 [ 1.61583144e-02  3.81406047e-03]
 [ 1.39460200e-02  2.16564839e-03]
 [ 1.42574823e-02  2.27771257e-03]
 [ 1.28121981e-02  1.45911647e-03]
 [ 1.34931905e-02  2.19128048e-03]
 [ 1.31944912e-02  1.75894785e-03]
 [ 1.28463600e-02  8.52796831e-04]
 [ 1.39672318e-02  1.85583031e-03]
 [ 1.39791360e-02  1.92310859e-03]
 [ 1.35247335e-02  1.49834168e-03]
 [ 1.34159690e-02  1.63033733e-03]
 [ 1.10629713e-02 -5.69556665e-04]
 [ 9.84474644e-03 -1.33140560e-03]
 [ 1.06249340e-02 -7.04879756e-04]
 [ 1.28523307e-02  1.22726965e-03]
 [ 1.23517020e-02  1.26680790e-03]
 [ 1.14608249e-02  6.89801120e-04]
 [ 1.00123761e-02  1.19759694e-04]
 [ 9.10389796e-03 -2.25795869e-04]
 [ 1.22485636e-02  2.53937906e-03]
 [ 1.23759331e-02  2.93346774e-03]
 [ 1.22885052e-02  2.82296678e-03]
 [ 1.29482495e-02  3.32366233e-03]
 [ 1.24306604e-02  2.98787653e-03]
 [ 1.29141808e-02  3.47235077e-03]
 [ 1.31296562e-02  3.58766806e-03]
 [ 1.37742553e-02  4.03773086e-03]
 [ 1.52359949e-02  5.00053726e-03]
 [ 1.39717441e-02  4.06611199e-03]
 [ 1.51701318e-02  5.31920372e-03]
 [ 1.44510726e-02  4.71059605e-03]
 [ 1.19437492e-02  3.65970097e-03]
 [ 1.15553597e-02  3.88715253e-03]
 [ 9.76591185e-03  3.28105967e-03]
 [ 6.55967509e-03  9.97302472e-04]
 [ 4.51446092e-03  3.90542031e-04]
 [ 1.99548714e-03 -4.10676264e-04]
 [ 8.85166461e-04 -8.82707463e-05]
 [-3.61823186e-04  5.18259243e-04]
 [-3.05319834e-03 -6.79370947e-04]
 [-5.04984707e-03 -1.21823873e-03]
 [-7.15747848e-03 -8.16285785e-04]
 [-9.73863434e-03 -1.91132363e-03]
 [-1.01955235e-02 -1.61360763e-03]
 [-1.26065044e-02 -3.08414851e-03]
 [-1.39170969e-02 -3.77276633e-03]
 [-1.34918047e-02 -2.88508250e-03]
 [-1.29828500e-02 -1.95152499e-03]
 [-1.25645930e-02 -1.65214692e-03]
 [-1.11266393e-02 -7.59514747e-04]
 [-8.79784860e-03  6.55891257e-04]
 [-5.92946913e-03  2.20804522e-03]
 [-3.20458948e-03  4.25565196e-03]
 [-3.25486006e-04  5.43442322e-03]
 [ 3.08063766e-03  6.82756910e-03]
 [ 6.76811952e-03  7.44524738e-03]
 [ 8.83930456e-03  7.99556635e-03]
 [ 9.53943189e-03  7.83942640e-03]
 [ 1.11063933e-02  8.52443464e-03]
 [ 1.05698556e-02  7.39842327e-03]
 [ 1.07612377e-02  7.16305105e-03]
 [ 1.01734186e-02  6.84287492e-03]
 [ 1.14138741e-02  7.68771023e-03]
 [ 1.08004510e-02  7.79643888e-03]
 [ 1.32036246e-02  9.70235467e-03]
 [ 1.34394048e-02  9.70539451e-03]
 [ 1.32872593e-02  9.03573073e-03]
 [ 1.61774680e-02  9.96694621e-03]
 [ 1.60559807e-02  1.03837401e-02]
 [ 1.55582093e-02  1.03453519e-02]
 [ 1.59827843e-02  1.02131916e-02]
 [ 1.51631525e-02  1.01079801e-02]
 [ 1.35459453e-02  9.24730860e-03]
 [ 1.26919774e-02  8.54925252e-03]
 [ 1.03877876e-02  7.10998522e-03]
 [ 7.86181260e-03  5.77710476e-03]
 [ 6.57722494e-03  5.01185842e-03]
 [ 3.92492488e-03  3.49202845e-03]
 [ 8.06174008e-04  1.83007924e-03]
 [-2.54569546e-04  1.69233244e-03]
 [-2.42678961e-03  5.50632540e-04]
 [-2.19958089e-03  6.34317636e-04]
 [-2.74028513e-03  2.34897685e-04]
 [-5.35725709e-03 -1.17806077e-03]
 [-6.63244957e-03 -1.70584139e-03]
 [-1.05398539e-02 -3.61390808e-03]
 [-1.33789442e-02 -4.75238217e-03]
 [-1.48387579e-02 -5.22420509e-03]
 [-1.78294051e-02 -6.49925973e-03]
 [-1.75354443e-02 -6.05026027e-03]
 [-1.87985376e-02 -6.49374491e-03]
 [-2.05441769e-02 -7.26282364e-03]
 [-2.20536198e-02 -7.91576412e-03]
 [-2.45273132e-02 -9.12118517e-03]
 [-2.35922281e-02 -8.46874807e-03]
 [-2.50267964e-02 -9.13315639e-03]
 [-2.56242789e-02 -9.41778626e-03]
 [-2.75443532e-02 -1.03540383e-02]
 [-2.93152761e-02 -1.12596387e-02]
 [-3.06519065e-02 -1.19414218e-02]
 [-3.16763446e-02 -1.23252608e-02]
 [-3.25260311e-02 -1.25251580e-02]
 [-3.47623341e-02 -1.41867278e-02]
 [-3.59746106e-02 -1.50740696e-02]
 [-3.57178152e-02 -1.49371531e-02]
 [-3.68647501e-02 -1.50586860e-02]
 [-3.77451964e-02 -1.54914437e-02]
 [-3.86455804e-02 -1.60934478e-02]
 [-3.86349708e-02 -1.59500837e-02]
 [-3.85425314e-02 -1.61044523e-02]
 [-3.87434214e-02 -1.57669894e-02]
 [-3.86143513e-02 -1.54216625e-02]
 [-4.06934619e-02 -1.69235375e-02]
 [-4.14524712e-02 -1.71738584e-02]
 [-4.00215313e-02 -1.60742588e-02]
 [-3.90894450e-02 -1.53495381e-02]
 [-3.82619202e-02 -1.44097079e-02]
 [-3.89277935e-02 -1.45441918e-02]
 [-3.93336602e-02 -1.47105176e-02]
 [-3.89883444e-02 -1.43563794e-02]
 [-3.83530334e-02 -1.36430562e-02]
 [-3.71082686e-02 -1.30752875e-02]
 [-3.62357348e-02 -1.31027931e-02]
 [-3.59943919e-02 -1.32657941e-02]
 [-3.64825651e-02 -1.37150930e-02]
 [-3.57887223e-02 -1.33852493e-02]
 [-3.40752639e-02 -1.25030512e-02]
 [-3.36829834e-02 -1.25270840e-02]
 [-3.44232358e-02 -1.31500773e-02]
 [-3.53762507e-02 -1.39262034e-02]
 [-3.44524980e-02 -1.37467505e-02]
 [-3.20347846e-02 -1.27530303e-02]
 [-2.95201819e-02 -1.15267271e-02]
 [-2.83353701e-02 -1.11199180e-02]
 [-2.64115781e-02 -1.02495011e-02]
 [-2.37473566e-02 -8.83980654e-03]
 [-2.26625763e-02 -8.61259829e-03]
 [-2.00961456e-02 -7.23550888e-03]
 [-2.11287271e-02 -8.21098220e-03]
 [-1.75907705e-02 -6.65426906e-03]
 [-1.25294924e-02 -3.91581329e-03]
 [-1.06698424e-02 -3.47497105e-03]
 [-1.05248829e-02 -3.93325230e-03]
 [-7.62625923e-03 -2.54882104e-03]
 [-5.15018823e-03 -1.46078179e-03]
 [-2.08892813e-03 -2.16364890e-04]
 [ 1.14428333e-03  1.17840490e-03]
 [ 3.25179053e-03  1.66004652e-03]]
Actions:
[[-0.04937163  0.10325371]
 [ 0.26667487  0.03722031]
 [-0.21803619  0.05856658]
 [ 0.00873025 -0.31059054]
 [-0.25765119  0.18045226]
 [-0.58050623 -0.14570111]
 [-0.30230808 -0.31709729]
 [ 0.25349893 -0.09239126]
 [ 0.04759838 -0.09387747]
 [-0.15106194 -0.03847163]
 [-0.01276315 -0.17654666]
 [ 0.00471374  0.49890973]
 [-0.4001788   0.07384967]
 [-0.18985925  0.42234727]
 [ 0.16422693  0.21448354]
 [-0.13469494 -0.23234194]
 [-0.05127852 -0.16915917]
 [-0.07666999  0.01986434]
 [-0.21135256  0.097823  ]
 [ 0.08314753  0.49127299]
 [ 0.20763204 -0.03635577]
 [-0.1085068  -0.10432443]
 [ 0.1853134  -0.37194637]
 [ 0.07930926 -0.19112661]
 [ 0.04624128  0.18902348]
 [-0.30285007  0.31460134]
 [-0.13871706 -0.07338189]
 [ 0.51938962  0.5342304 ]
 [ 0.1995296  -0.10493088]
 [-0.14791351 -0.12437248]
 [ 0.27595139  0.00913382]
 [ 0.06814106 -0.07055005]
 [-0.07208297  0.16646081]
 [ 0.15118324  0.20336175]
 [ 0.14673583  0.0138905 ]
 [-0.10177983  0.40635353]
 [ 0.19237476 -0.00455888]
 [ 0.30392989 -0.3407414 ]
 [-0.01492659 -0.20166423]
 [ 0.07039651 -0.1037603 ]
 [ 0.08877432  0.09070961]
 [ 0.01902389  0.1935337 ]
 [-0.25982694 -0.26992952]
 [ 0.03785034  0.0935799 ]
 [ 0.26695714  0.1195183 ]
 [ 0.1316896   0.19739806]
 [-0.06547507  0.0024116 ]
 [-0.39155344  0.18564677]
 [ 0.07985184 -0.11213677]
 [ 0.54179897 -0.02891829]
 [-0.01531978  0.25993162]
 [-0.01323334  0.10068729]
 [-0.43744631 -0.01199293]
 [ 0.2433759   0.13878228]
 [-0.52575241 -0.26975999]
 [ 0.05566806 -0.18533572]
 [-0.22493251 -0.0120177 ]
 [ 0.04280666  0.38354918]
 [ 0.21474337 -0.13179064]
 [ 0.064205    0.00280354]
 [-0.0209355   0.09025774]
 [ 0.03759401 -0.05697859]
 [-0.32044135  0.41734313]
 [-0.07805927  0.13186091]
 [-0.09897433 -0.25062178]
 [ 0.09588985 -0.4952037 ]
 [ 0.23619266  0.13149552]
 [-0.08864937  0.04923942]
 [ 0.15242203  0.17633274]
 [ 0.23151742  0.23109395]
 [-0.05722776 -0.19236174]
 [-0.16519702  0.1083636 ]
 [-0.04723068  0.11518351]
 [ 0.17874507  0.0322836 ]
 [-0.14904026 -0.07435825]
 [-0.0331267  -0.17840862]
 [-0.1160107  -0.11419709]
 [ 0.15918478  0.06085932]
 [ 0.45937685  0.20801138]
 [ 0.01026261  0.18807108]
 [ 0.36333142 -0.10456321]
 [ 0.22770217  0.28417848]
 [-0.13466441 -0.14858801]
 [ 0.28379395  0.00797518]
 [ 0.12253212  0.00936056]
 [-0.0675166   0.41950547]
 [ 0.05928573 -0.08259135]
 [-0.10315755 -0.21802432]
 [ 0.24891587 -0.21472244]
 [ 0.24444553 -0.50801326]
 [-0.03003643  0.03379546]
 [ 0.18723346 -0.00870343]
 [ 0.24139062 -0.5638196 ]
 [ 0.02823137  0.14886033]
 [ 0.00299086 -0.2258346 ]
 [ 0.06653623  0.53762657]
 [-0.13136445  0.15572241]
 [ 0.32743949 -0.10258378]
 [ 0.10740662 -0.27112654]
 [ 0.26860907  0.16875529]
 [ 0.24335625  0.07322773]
 [ 0.28348851 -0.01846307]
 [-0.17975442 -0.05048467]
 [-0.13086225 -0.56589844]
 [-0.07203893  0.09004832]
 [-0.02169934 -0.01917305]
 [-0.27760576  0.44149515]
 [-0.28064251 -0.0882278 ]
 [-0.41650714 -0.09338041]
 [-0.05487689 -0.13478182]
 [-0.45155235  0.17726766]
 [-0.12959838  0.0533959 ]
 [-0.16967445 -0.09123169]
 [ 0.21786711 -0.04664682]
 [-0.12263612 -0.31053975]
 [ 0.48306161 -0.25681967]
 [-0.13242011 -0.10316922]
 [-0.21701484  0.18666438]
 [ 0.37517517  0.29536376]
 [ 0.04979318 -0.32465829]
 [-0.03891803 -0.20096337]
 [-0.05755807  0.02312824]
 [ 0.10906231 -0.23071936]
 [-0.4902017  -0.33010536]
 [ 0.08244771  0.12151144]
 [-0.35345437  0.11436995]
 [-0.09467454  0.08163456]
 [ 0.19461335  0.23830864]
 [-0.23018137  0.18482323]
 [-0.37327545  0.08032433]
 [ 0.05475653 -0.33949577]
 [-0.13191677  0.10353825]
 [ 0.35529244  0.15693358]
 [ 0.0795569   0.14825172]
 [-0.32854405  0.09139382]
 [-0.05957482 -0.08167733]
 [-0.27329483  0.35373854]
 [-0.18005817  0.05690515]
 [-0.15128045 -0.1722402 ]
 [-0.13097604  0.11931538]
 [ 0.23954378 -0.26465647]
 [ 0.13636435 -0.00080087]
 [ 0.146006    0.21656531]
 [-0.14840569 -0.0732292 ]
 [ 0.00225838  0.33496959]
 [ 0.17620089 -0.20003295]
 [-0.25493538 -0.14012943]
 [-0.15065868 -0.20649911]
 [-0.10136232  0.01980293]
 [-0.17739555 -0.03999912]
 [-0.08148561 -0.10676999]
 [ 0.18655767 -0.08955715]
 [ 0.39246155  0.04222157]
 [-0.35849413  0.31930912]
 [-0.1175272   0.11819015]
 [ 0.01566494 -0.21245451]
 [ 0.46078791 -0.0138305 ]
 [ 0.12576428  0.12224206]
 [-0.1107143   0.02815357]
 [ 0.13878005 -0.06249486]
 [-0.23278584 -0.21867979]
 [ 0.33314073 -0.14001986]
 [ 0.28732408 -0.03551583]
 [-0.4287088   0.10952424]
 [ 0.25994961  0.2339631 ]
 [ 0.36842816 -0.14146632]
 [ 0.2686723  -0.04720741]
 [ 0.39206589 -0.1187582 ]
 [ 0.17180351  0.26219013]
 [ 0.01151149  0.20019021]
 [ 0.06864804  0.04482391]
 [ 0.23726429  0.06204481]
 [-0.05913649 -0.01562615]
 [-0.31908251  0.09113153]
 [-0.24582611  0.02502257]
 [-0.06152401  0.32588343]
 [ 0.03180788  0.06513609]
 [-0.00955098 -0.19288401]
 [-0.17555229 -0.01714904]
 [-0.00266771  0.39001661]
 [-0.07803833  0.34325025]
 [ 0.18477814  0.40271766]
 [ 0.08206341  0.11369339]
 [-0.1314519  -0.20964606]
 [-0.18600394  0.01650496]
 [ 0.02823967  0.04307207]
 [ 0.05550609 -0.14717739]
 [-0.06725283  0.20233504]
 [-0.03063961 -0.22212486]
 [-0.44542556  0.26487772]
 [ 0.52944292  0.32285187]
 [ 0.47550276 -0.20424469]
 [-0.05029943  0.36629293]
 [-0.47794694  0.21569412]
 [ 0.25076469 -0.07776625]
 [ 0.12672974  0.09936333]
 [ 0.10408169  0.21449892]
 [ 0.19286968  0.35193896]
 [-0.1500699  -0.0543744 ]
 [-0.46015194  0.04888017]]
States:
[[0.99952694 0.99858285 0.48746458 0.46379202 0.51331612 0.59708692]
 [0.9994837  0.99873772 0.48647688 0.4658253  0.50064299 0.62415231]
 [0.99962568 0.99906535 0.48990524 0.47058865 0.56927843 0.633345  ]
 ...
 [0.3861855  0.7299387  1.         0.93311511 0.67079737 1.        ]
 [0.35903278 0.64750997 0.99944274 0.96894672 0.71716369 1.        ]
 [0.33204819 0.55530117 0.99076651 0.99218844 0.67467147 1.        ]]
Logstds:
[[-3. -3.]
 [-3. -3.]
 [-3. -3.]
 [-3. -3.]
 [-3. -3.]
 [-3. -3.]
 [-3. -3.]
 [-3. -3.]
 [-3. -3.]
 [-3. -3.]
 [-3. -3.]
 [-3. -3.]
 [-3. -3.]
 [-3. -3.]
 [-3. -3.]
 [-3. -3.]
 [-3. -3.]
 [-3. -3.]
 [-3. -3.]
 [-3. -3.]
 [-3. -3.]
 [-3. -3.]
 [-3. -3.]
 [-3. -3.]
 [-3. -3.]
 [-3. -3.]
 [-3. -3.]
 [-3. -3.]
 [-3. -3.]
 [-3. -3.]
 [-3. -3.]
 [-3. -3.]
 [-3. -3.]
 [-3. -3.]
 [-3. -3.]
 [-3. -3.]
 [-3. -3.]
 [-3. -3.]
 [-3. -3.]
 [-3. -3.]
 [-3. -3.]
 [-3. -3.]
 [-3. -3.]
 [-3. -3.]
 [-3. -3.]
 [-3. -3.]
 [-3. -3.]
 [-3. -3.]
 [-3. -3.]
 [-3. -3.]
 [-3. -3.]
 [-3. -3.]
 [-3. -3.]
 [-3. -3.]
 [-3. -3.]
 [-3. -3.]
 [-3. -3.]
 [-3. -3.]
 [-3. -3.]
 [-3. -3.]
 [-3. -3.]
 [-3. -3.]
 [-3. -3.]
 [-3. -3.]
 [-3. -3.]
 [-3. -3.]
 [-3. -3.]
 [-3. -3.]
 [-3. -3.]
 [-3. -3.]
 [-3. -3.]
 [-3. -3.]
 [-3. -3.]
 [-3. -3.]
 [-3. -3.]
 [-3. -3.]
 [-3. -3.]
 [-3. -3.]
 [-3. -3.]
 [-3. -3.]
 [-3. -3.]
 [-3. -3.]
 [-3. -3.]
 [-3. -3.]
 [-3. -3.]
 [-3. -3.]
 [-3. -3.]
 [-3. -3.]
 [-3. -3.]
 [-3. -3.]
 [-3. -3.]
 [-3. -3.]
 [-3. -3.]
 [-3. -3.]
 [-3. -3.]
 [-3. -3.]
 [-3. -3.]
 [-3. -3.]
 [-3. -3.]
 [-3. -3.]
 [-3. -3.]
 [-3. -3.]
 [-3. -3.]
 [-3. -3.]
 [-3. -3.]
 [-3. -3.]
 [-3. -3.]
 [-3. -3.]
 [-3. -3.]
 [-3. -3.]
 [-3. -3.]
 [-3. -3.]
 [-3. -3.]
 [-3. -3.]
 [-3. -3.]
 [-3. -3.]
 [-3. -3.]
 [-3. -3.]
 [-3. -3.]
 [-3. -3.]
 [-3. -3.]
 [-3. -3.]
 [-3. -3.]
 [-3. -3.]
 [-3. -3.]
 [-3. -3.]
 [-3. -3.]
 [-3. -3.]
 [-3. -3.]
 [-3. -3.]
 [-3. -3.]
 [-3. -3.]
 [-3. -3.]
 [-3. -3.]
 [-3. -3.]
 [-3. -3.]
 [-3. -3.]
 [-3. -3.]
 [-3. -3.]
 [-3. -3.]
 [-3. -3.]
 [-3. -3.]
 [-3. -3.]
 [-3. -3.]
 [-3. -3.]
 [-3. -3.]
 [-3. -3.]
 [-3. -3.]
 [-3. -3.]
 [-3. -3.]
 [-3. -3.]
 [-3. -3.]
 [-3. -3.]
 [-3. -3.]
 [-3. -3.]
 [-3. -3.]
 [-3. -3.]
 [-3. -3.]
 [-3. -3.]
 [-3. -3.]
 [-3. -3.]
 [-3. -3.]
 [-3. -3.]
 [-3. -3.]
 [-3. -3.]
 [-3. -3.]
 [-3. -3.]
 [-3. -3.]
 [-3. -3.]
 [-3. -3.]
 [-3. -3.]
 [-3. -3.]
 [-3. -3.]
 [-3. -3.]
 [-3. -3.]
 [-3. -3.]
 [-3. -3.]
 [-3. -3.]
 [-3. -3.]
 [-3. -3.]
 [-3. -3.]
 [-3. -3.]
 [-3. -3.]
 [-3. -3.]
 [-3. -3.]
 [-3. -3.]
 [-3. -3.]
 [-3. -3.]
 [-3. -3.]
 [-3. -3.]
 [-3. -3.]
 [-3. -3.]
 [-3. -3.]
 [-3. -3.]
 [-3. -3.]
 [-3. -3.]
 [-3. -3.]
 [-3. -3.]
 [-3. -3.]
 [-3. -3.]]
