Baseline:
[0.4799503  0.49918142 0.49969348 0.50065964 0.5043652  0.51203614
 0.49231088 0.49110556 0.49138585 0.4820118  0.47484165 0.45863736
 0.4441679  0.4551836  0.445039   0.4559804  0.45976242 0.44695905
 0.44016263 0.44462532 0.45251766 0.44843784 0.45580956 0.45244545
 0.45278347 0.44980124 0.45308712 0.44914982 0.45198283 0.45292374
 0.45686895 0.45863396 0.45309263 0.45195863 0.44349676 0.42967018
 0.42482662 0.3990624  0.374663   0.3623499  0.34858567 0.33762553
 0.3301427  0.3135462  0.30737296 0.29858798 0.2883629  0.28051832
 0.27128497 0.2655073  0.25134623 0.24311964 0.23467086 0.2299293
 0.21661164 0.21470763 0.20849906 0.21738894 0.21870303 0.2165706
 0.21956459 0.20163636 0.19968018 0.21189913 0.20847054 0.2079412
 0.20156153 0.20583512 0.19057128 0.19086842 0.19524781 0.19177823
 0.18961874 0.18929233 0.2038327  0.20121177 0.18177478 0.19402327
 0.20424339 0.19224788 0.19714569 0.22808497 0.22177187 0.22180478
 0.23795402 0.24803525 0.24053308 0.23396282 0.23642449 0.23152946
 0.23611696 0.22680749 0.2320217  0.21143144 0.19806446 0.19552846
 0.20963742 0.22451179 0.21149452 0.16196594 0.15695222 0.14200675
 0.1513379  0.16291781 0.17523345 0.18657154 0.1882538  0.16140613
 0.16557296 0.15902007 0.1591764  0.16437446 0.1849444  0.17070356
 0.1625729  0.16228224 0.15230404 0.14789724 0.15533382 0.16436623
 0.1615515  0.16322528 0.17430535 0.18187821 0.18306166 0.19195242
 0.20342004 0.21241672 0.22630124 0.23680873 0.24458614 0.24282014
 0.2414544  0.23329808 0.23300792 0.22623326 0.22479843 0.2240683
 0.22114572 0.22078052 0.21601166 0.21431555 0.22226582 0.23637085
 0.24909003 0.24776848 0.2517515  0.2633922  0.2514948  0.25501457
 0.27759355 0.27230474 0.276654   0.28482726 0.2868031  0.3014456
 0.29442847 0.27762142 0.28787744 0.29869834 0.29619032 0.28426382
 0.2863414  0.29408908 0.30071133 0.30432394 0.31357524 0.31514937
 0.32800317 0.3438637  0.36007524 0.3646931  0.39410037 0.40897927
 0.40985894 0.40270093 0.40976802 0.40807217 0.4063547  0.37825257
 0.38061425 0.39275298 0.39180413 0.3868931  0.3838457  0.37841985
 0.35151708 0.34839666 0.33242747 0.31841785 0.30716184 0.28733942
 0.25716004 0.24692833 0.26234266 0.27926496 0.2907572  0.3030664
 0.2943512  0.2872187  0.2872187 ]
Returns:
[ 1.34189777  1.11962098  1.1445543   1.22187211  1.27701087  1.27827425
  1.02203992  1.06563966  1.13377156  1.18002504  1.19020406  0.97915678
  0.91124446  0.77279342  0.50353227  0.45050409  0.48300752  0.4335021
  0.39847022  0.39882722  0.35424383  0.36112623  0.37558944  0.34168506
  0.36992538  0.39303867  0.34940685  0.2491469   0.27187651  0.30451003
  0.26582372  0.27659341  0.30964778  0.19860357  0.1111492   0.12156149
  0.1066535  -0.10462241 -0.19642542 -0.29769293 -0.29925312 -0.32116365
 -0.36228811 -0.43302294 -0.52695544 -0.50095893 -0.4793383  -0.43421753
 -0.38094253 -0.38957038 -0.4537171  -0.3897599  -0.34432876 -0.25543903
 -0.33585082 -0.32139731 -0.24294942 -0.52082758 -0.42486829 -0.33280587
 -0.24253976 -0.25769958 -0.26375053 -0.28403179 -0.17038387 -0.04897212
  0.060295    0.15661179  0.16137463  0.27191401  0.3079476   0.43306636
  0.53203513  0.61197383  0.67369277  0.72094538  0.37738652  0.47309864
  0.51798234  0.43356096  0.54169861  0.28092803  0.30306071  0.31232394
  0.23917432  0.18019916  0.24076256  0.33082281  0.41842591  0.37722759
  0.40262004  0.40816742  0.33888083  0.41008258  0.51907057  0.66441655
  0.50655215  0.51887178  0.59789294  0.64399397  0.55313688  0.52752626
  0.57525226  0.61934898  0.57356725  0.59515451  0.67724502  0.4036473
  0.5033663   0.42215286  0.51951375  0.49726316  0.43062313  0.46214957
  0.58695123  0.13853673  0.08775699  0.11253448  0.08391875  0.13529868
  0.20068371  0.31138237  0.33839134  0.33180757  0.34615936  0.31840104
  0.32894258  0.41169466  0.40186706  0.43173787  0.49057474  0.58504075
  0.66722205  0.57977146 -0.02311863  0.01971162  0.09626452  0.05869593
  0.15290476  0.27798013  0.23945951  0.26187551  0.33693879  0.36215445
  0.44582627  0.56273119  0.6147424   0.64731787  0.60877757  0.71568318
  0.69374473  0.70651047  0.83442756  0.94482311  1.00463942  1.02804052
  1.16112068  1.08013394  1.07953732  1.09669817  1.15217111  0.93483821
  0.79104139  0.79864522  0.78148577  0.85387942  0.94589657  1.01370768
  1.01790095  0.94268166  0.96150397  1.02265363  0.70347967  0.60588023
  0.64122931  0.50355043  0.38889611  0.41295598  0.43493915  0.32637873
  0.26800227  0.05534749  0.07524439  0.03466135  0.00654283 -0.03995092
 -0.00185322 -0.0501889  -0.01677714  0.0582155  -0.11996633 -0.20778148
 -0.2210881  -0.27202151 -0.31313519 -0.24067029 -0.1231192  -0.04497474
 -0.02571317 -0.05630633]
Advants:
[ 7.29909207e-01  4.96342232e-01  5.30136151e-01  6.19020284e-01
  6.85644293e-01  6.95523425e-01  4.69373721e-01  5.26806406e-01
  6.10459832e-01  6.84955747e-01  7.23317178e-01  5.45250389e-01
  5.08359933e-01  3.72233070e-01  1.19578762e-01  6.06435195e-02
  9.57164196e-02  6.47718174e-02  4.19110090e-02  4.35108442e-02
 -4.39629818e-03  1.18627380e-02  2.49215796e-02 -8.75005618e-05
  3.46801029e-02  6.90328238e-02  2.96246467e-02 -6.15277373e-02
 -3.54051033e-02  4.02406929e-03 -3.15302957e-02 -1.45671152e-02
  3.38587281e-02 -6.87831654e-02 -1.42331268e-01 -1.11434582e-01
 -1.14585292e-01 -2.98331771e-01 -3.65904445e-01 -4.57793516e-01
 -4.48396668e-01 -4.62732057e-01 -5.01087496e-01 -5.62015601e-01
 -6.59857223e-01 -6.34941254e-01 -6.12816573e-01 -5.68762269e-01
 -5.13990802e-01 -5.25325146e-01 -5.86063620e-01 -5.23316181e-01
 -4.78010063e-01 -3.90787137e-01 -4.66910622e-01 -4.59845750e-01
 -3.82655301e-01 -6.86394469e-01 -6.07238959e-01 -5.26940065e-01
 -4.52048533e-01 -4.62629754e-01 -4.81338009e-01 -5.30701759e-01
 -4.28304426e-01 -3.18521618e-01 -2.12492127e-01 -1.28038817e-01
 -1.15629204e-01 -1.02433562e-02  1.71197606e-02  1.45028429e-01
  2.48546794e-01  3.33888047e-01  3.88034299e-01  4.47011582e-01
  1.22744551e-01  2.08632030e-01  2.46998002e-01  1.76349952e-01
  2.84712047e-01 -1.04611483e-02  1.51060133e-02  2.14979755e-02
 -7.36428854e-02 -1.51174688e-01 -9.02014030e-02  1.72123065e-03
  8.43869630e-02  4.42743208e-02  6.15888419e-02  7.31174222e-02
 -7.29931895e-03  8.09117044e-02  2.03164802e-01  3.55509916e-01
  1.83061122e-01  1.79911445e-01  2.74150782e-01  3.75126434e-01
  2.92429553e-01  2.84849079e-01  3.27778864e-01  3.66222599e-01
  3.12760215e-01  3.28356195e-01  4.17053590e-01  1.71667403e-01
  2.71654821e-01  1.99498257e-01  3.02426423e-01  2.80340028e-01
  1.96251896e-01  2.46822442e-01  3.89078499e-01 -6.27868138e-02
 -1.08910457e-01 -8.45990590e-02 -1.27054379e-01 -9.03456034e-02
 -2.61556826e-02  8.18896969e-02  9.72482853e-02  8.20349423e-02
  9.44638018e-02  5.58787792e-02  5.28232079e-02  1.26548786e-01
  1.02070954e-01  1.21202176e-01  1.73588945e-01  2.74237573e-01
  3.65161420e-01  2.91419949e-01 -3.23791290e-01 -2.86337813e-01
 -2.19124662e-01 -2.68794893e-01 -1.82584307e-01 -6.51152517e-02
 -1.08561477e-01 -9.42239378e-02 -3.56425172e-02 -3.34466118e-02
  3.00262825e-02  1.43792320e-01  1.88465492e-01  2.06406924e-01
  1.75691696e-01  2.77855786e-01  2.30635696e-01  2.46315751e-01
  3.71128502e-01  4.77863279e-01  5.42389522e-01  5.58674314e-01
  7.11271841e-01  6.58672321e-01  6.60050666e-01  6.79859607e-01
  7.54250175e-01  5.60298479e-01  4.22342997e-01  4.30788232e-01
  4.15591766e-01  4.95816651e-01  5.93560972e-01  6.78100966e-01
  6.89034764e-01  6.16401583e-01  6.39111144e-01  7.19202303e-01
  3.85406504e-01  2.85494487e-01  3.34666702e-01  2.16064382e-01
  1.03512299e-01  1.40015010e-01  1.76111161e-01  1.06615924e-01
  5.58962449e-02 -1.64977709e-01 -1.39233841e-01 -1.70693713e-01
 -1.91969278e-01 -2.30188451e-01 -1.60086230e-01 -2.01163526e-01
 -1.45764884e-01 -4.74796404e-02 -2.09494362e-01 -2.74260482e-01
 -2.53364426e-01 -2.90958906e-01 -3.45863304e-01 -2.86840956e-01
 -1.73725753e-01 -9.81968886e-02 -5.88354707e-02 -7.06672668e-02]
Mus:
[[-2.57831458e-02 -1.08329644e-02]
 [-2.44339425e-02 -1.06793065e-02]
 [-2.39912290e-02 -1.00872507e-02]
 [-2.40016244e-02 -1.03054065e-02]
 [-2.38917712e-02 -1.05859777e-02]
 [-2.33054794e-02 -1.04831168e-02]
 [-2.52064057e-02 -1.15406746e-02]
 [-2.42021903e-02 -1.08492719e-02]
 [-2.39754170e-02 -1.08186565e-02]
 [-2.34138109e-02 -1.02577135e-02]
 [-2.43546255e-02 -1.10175665e-02]
 [-2.27789227e-02 -9.56622977e-03]
 [-2.22025327e-02 -9.15545039e-03]
 [-2.15044823e-02 -8.86887684e-03]
 [-2.08553076e-02 -7.60785025e-03]
 [-2.04390399e-02 -7.76847266e-03]
 [-2.06722915e-02 -8.05804413e-03]
 [-2.13762391e-02 -7.97263719e-03]
 [-2.17709411e-02 -7.90740643e-03]
 [-2.14421451e-02 -7.67239323e-03]
 [-2.10106280e-02 -7.52831157e-03]
 [-2.18841806e-02 -7.92459399e-03]
 [-2.16823053e-02 -8.06698669e-03]
 [-2.25910507e-02 -8.89977720e-03]
 [-2.22966354e-02 -8.76451191e-03]
 [-2.23575141e-02 -8.74733180e-03]
 [-2.27346029e-02 -9.53656062e-03]
 [-2.17786916e-02 -8.61191843e-03]
 [-2.16009319e-02 -8.72152206e-03]
 [-2.15195995e-02 -8.83005559e-03]
 [-2.19422560e-02 -9.57853999e-03]
 [-2.15066783e-02 -9.61353909e-03]
 [-2.16505956e-02 -1.00022815e-02]
 [-2.18741205e-02 -1.07940193e-02]
 [-2.06891075e-02 -9.93669126e-03]
 [-2.20413841e-02 -1.06834760e-02]
 [-2.27166619e-02 -1.11630382e-02]
 [-2.61100698e-02 -1.28781060e-02]
 [-2.37908680e-02 -1.15151564e-02]
 [-2.31960174e-02 -1.16158603e-02]
 [-2.10787542e-02 -1.06471321e-02]
 [-1.92928091e-02 -9.86699760e-03]
 [-1.96145773e-02 -1.06820920e-02]
 [-1.59621406e-02 -8.75075441e-03]
 [-1.38681503e-02 -8.33388790e-03]
 [-1.15077225e-02 -7.61345960e-03]
 [-8.79446324e-03 -6.46584015e-03]
 [-7.14537036e-03 -6.08711690e-03]
 [-5.37938252e-03 -5.54254837e-03]
 [-5.02097653e-03 -5.91676682e-03]
 [-5.01869130e-04 -3.84155638e-03]
 [ 2.06202525e-03 -2.73196958e-03]
 [ 4.35533607e-03 -1.98693341e-03]
 [ 5.64454263e-03 -1.71055330e-03]
 [ 9.34190303e-03  9.94740913e-05]
 [ 9.78473760e-03 -3.70289577e-04]
 [ 1.25597352e-02  1.03064207e-03]
 [ 1.41976969e-02  1.97019801e-03]
 [ 1.56471897e-02  2.65002274e-03]
 [ 1.69779658e-02  3.51046538e-03]
 [ 1.78569630e-02  3.57389241e-03]
 [ 1.91928502e-02  5.16942330e-03]
 [ 2.09296159e-02  6.73396979e-03]
 [ 2.15257276e-02  6.97581703e-03]
 [ 2.08475497e-02  6.54198462e-03]
 [ 2.03862656e-02  6.28592074e-03]
 [ 1.95723418e-02  5.72832767e-03]
 [ 1.86950546e-02  4.88376757e-03]
 [ 1.93661004e-02  6.11360045e-03]
 [ 1.92514900e-02  6.34454982e-03]
 [ 1.91100389e-02  6.77838176e-03]
 [ 1.72451902e-02  5.82509162e-03]
 [ 1.53813399e-02  4.47856495e-03]
 [ 1.50389262e-02  5.02513256e-03]
 [ 1.39238024e-02  4.62120213e-03]
 [ 1.33696217e-02  5.14052436e-03]
 [ 1.13746738e-02  4.17755498e-03]
 [ 1.04032289e-02  3.62568907e-03]
 [ 9.36479867e-03  3.69545049e-03]
 [ 7.96394236e-03  3.54461721e-03]
 [ 6.86212583e-03  3.25824833e-03]
 [ 6.05102070e-03  1.31137553e-03]
 [ 5.53423818e-03  1.00412150e-03]
 [ 4.70548216e-03 -8.31950383e-05]
 [ 4.32279473e-03 -3.41615087e-04]
 [ 3.57632013e-03 -9.87627544e-04]
 [ 3.09377071e-03 -6.80293771e-04]
 [ 2.16107629e-03 -9.97786177e-04]
 [ 1.46132975e-03 -1.15774758e-03]
 [-2.56491796e-04 -2.65063392e-03]
 [-7.19513511e-04 -2.90454202e-03]
 [-2.70402664e-03 -4.35669022e-03]
 [-4.20227367e-03 -5.50140766e-03]
 [-5.65923052e-03 -6.16632495e-03]
 [-6.11824682e-03 -6.23475667e-03]
 [-6.20597415e-03 -6.18718890e-03]
 [-7.92599376e-03 -7.37962825e-03]
 [-8.37445538e-03 -7.28078373e-03]
 [-7.46077159e-03 -6.12239586e-03]
 [-5.59440674e-03 -3.33100813e-03]
 [-6.53137686e-03 -3.39605147e-03]
 [-8.56328942e-03 -3.79134365e-03]
 [-1.11179501e-02 -5.25502674e-03]
 [-1.23464745e-02 -5.94120659e-03]
 [-1.23808626e-02 -5.63316885e-03]
 [-1.56446341e-02 -7.32319755e-03]
 [-1.71369053e-02 -7.67642586e-03]
 [-1.77820995e-02 -6.84621371e-03]
 [-1.99581385e-02 -7.79996160e-03]
 [-2.32904349e-02 -9.50535946e-03]
 [-2.46220436e-02 -1.01036215e-02]
 [-2.36584246e-02 -9.49449837e-03]
 [-2.62027029e-02 -1.09690623e-02]
 [-2.50193309e-02 -9.90724377e-03]
 [-2.53249425e-02 -9.88075882e-03]
 [-2.86127105e-02 -1.16937896e-02]
 [-2.51522474e-02 -9.89799574e-03]
 [-2.25667991e-02 -8.46212823e-03]
 [-2.09253393e-02 -8.07912089e-03]
 [-2.04909779e-02 -8.21334589e-03]
 [-1.71369351e-02 -6.63063629e-03]
 [-1.53060015e-02 -5.83570870e-03]
 [-1.70797613e-02 -7.00065447e-03]
 [-1.64915584e-02 -7.25565199e-03]
 [-1.43108852e-02 -6.10387791e-03]
 [-1.00578489e-02 -4.29242384e-03]
 [-6.61177794e-03 -3.05547565e-03]
 [-5.38649689e-03 -2.54560309e-03]
 [-3.09271086e-03 -2.03584321e-03]
 [-2.91255210e-03 -2.64109345e-03]
 [-2.25631846e-03 -2.96154572e-03]
 [ 9.21962433e-04 -1.75263302e-03]
 [ 2.03954685e-03 -1.75791024e-03]
 [ 6.55454397e-03  5.65168375e-05]
 [ 3.91778164e-03 -1.58825924e-03]
 [ 7.08801439e-03 -2.09158272e-04]
 [ 8.27473402e-03  3.08443763e-04]
 [ 8.66791606e-03  1.16836047e-03]
 [ 9.52129625e-03  1.38996379e-03]
 [ 1.01113468e-02  1.63764507e-03]
 [ 1.14885066e-02  3.43501754e-03]
 [ 1.25262709e-02  4.81754867e-03]
 [ 1.26495082e-02  4.54142410e-03]
 [ 1.37695177e-02  5.06759342e-03]
 [ 1.48970885e-02  5.44047635e-03]
 [ 1.49243874e-02  5.87607175e-03]
 [ 1.54559482e-02  6.80494076e-03]
 [ 1.47429295e-02  5.63210016e-03]
 [ 1.46969287e-02  6.61991537e-03]
 [ 1.43394414e-02  6.52136048e-03]
 [ 1.41895693e-02  5.59856929e-03]
 [ 1.30311288e-02  4.85491240e-03]
 [ 1.32623091e-02  4.87445621e-03]
 [ 1.35735171e-02  4.75801202e-03]
 [ 1.25470944e-02  3.68915033e-03]
 [ 1.37637677e-02  4.14834451e-03]
 [ 1.32890949e-02  3.75504349e-03]
 [ 1.44369248e-02  5.54102473e-03]
 [ 1.34264622e-02  4.05542040e-03]
 [ 1.49202654e-02  5.14925132e-03]
 [ 1.56219257e-02  6.19296171e-03]
 [ 1.54812802e-02  7.61207426e-03]
 [ 1.40480902e-02  6.22123620e-03]
 [ 1.42485276e-02  6.84621977e-03]
 [ 1.35402735e-02  5.98456757e-03]
 [ 1.35813225e-02  5.91500476e-03]
 [ 1.35117006e-02  5.93106262e-03]
 [ 1.36289783e-02  6.00377005e-03]
 [ 1.35467201e-02  6.28957478e-03]
 [ 1.40138753e-02  6.68086763e-03]
 [ 1.37099158e-02  5.77377388e-03]
 [ 1.31105185e-02  5.76892821e-03]
 [ 1.23686315e-02  3.92244291e-03]
 [ 1.22353444e-02  4.00803611e-03]
 [ 9.87395272e-03  2.51362915e-03]
 [ 6.75391499e-03  2.32435501e-04]
 [ 6.79753348e-03  5.17609704e-04]
 [ 4.59854724e-03 -8.36435473e-04]
 [ 3.59375868e-03 -1.12798705e-03]
 [ 3.24428501e-03 -5.69341762e-04]
 [ 2.96100974e-03 -1.22044221e-04]
 [ 2.06683483e-03  1.25024220e-04]
 [-7.84219941e-04 -1.20537204e-03]
 [-5.02212113e-03 -3.36771947e-03]
 [-7.86137767e-03 -4.78059612e-03]
 [-9.38295666e-03 -5.03059197e-03]
 [-1.28178429e-02 -6.25711074e-03]
 [-1.44990617e-02 -6.81301858e-03]
 [-1.60434544e-02 -6.95893867e-03]
 [-1.81287564e-02 -7.67589221e-03]
 [-1.63756683e-02 -6.11680327e-03]
 [-1.67094469e-02 -5.69772534e-03]
 [-1.56213781e-02 -4.44938801e-03]
 [-1.31266797e-02 -2.83219269e-03]
 [-1.00528877e-02 -1.41690869e-03]
 [-6.24251738e-03  3.06402304e-04]
 [-1.92359858e-03  2.09240522e-03]
 [ 2.01171334e-03  3.40503873e-03]
 [ 6.63479278e-03  5.42719336e-03]
 [ 1.18109491e-02  7.69858947e-03]]
Actions:
[[ 0.26176263  0.46776293]
 [ 0.144585   -0.09909322]
 [-0.08093239  0.15586925]
 [-0.08619975  0.23303405]
 [ 0.11603509  0.27656578]
 [-0.64326209 -0.08150761]
 [ 0.15484638 -0.04047133]
 [ 0.01345802  0.11640621]
 [ 0.00970771 -0.15790679]
 [-0.29615759  0.11183016]
 [ 0.14219413 -0.47030126]
 [-0.24573264 -0.27923012]
 [ 0.35816104  0.16843904]
 [ 0.27555439 -0.422864  ]
 [ 0.11079132  0.26681903]
 [-0.03499836  0.1319406 ]
 [-0.12168532 -0.25009621]
 [-0.12567699 -0.21830299]
 [ 0.15570459  0.00691707]
 [ 0.193092    0.13133041]
 [-0.20126545 -0.07137136]
 [ 0.07551324  0.17961404]
 [-0.32147416  0.10697158]
 [ 0.03662526  0.0025349 ]
 [-0.0477047  -0.05798597]
 [-0.19619192  0.25629232]
 [ 0.21715168 -0.21688687]
 [ 0.01068642  0.10761642]
 [-0.01405503  0.07983898]
 [-0.13314915  0.29805698]
 [ 0.06361878  0.15802163]
 [-0.10240013  0.12545474]
 [-0.00874555  0.40145532]
 [ 0.29533509  0.00305414]
 [-0.203267    0.03057383]
 [ 0.10290669  0.22066279]
 [-0.53770826 -0.08185167]
 [-0.05384084 -0.34085939]
 [-0.38566612 -0.1033186 ]
 [ 0.05309108 -0.13409984]
 [ 0.18946981 -0.00990094]
 [-0.28669497  0.13185727]
 [ 0.08678008 -0.28527064]
 [-0.36548233 -0.08829474]
 [-0.11739347 -0.04241297]
 [ 0.11431824 -0.04193425]
 [-0.08878042  0.03545417]
 [ 0.02392413  0.04420871]
 [ 0.05526267  0.26248916]
 [-0.1725238  -0.31870609]
 [ 0.11913027 -0.03079148]
 [-0.20087178 -0.05460754]
 [-0.02744581  0.11555446]
 [-0.26137652 -0.32745861]
 [-0.14727695  0.26024527]
 [ 0.18585163 -0.05212838]
 [ 0.5762298   0.24485965]
 [ 0.11263712  0.0508111 ]
 [ 0.16096006 -0.02395457]
 [ 0.04088944  0.17295992]
 [ 0.13397977 -0.33430127]
 [ 0.34457682 -0.10173929]
 [ 0.3177925   0.21852721]
 [-0.04446926  0.02035541]
 [ 0.054954    0.05312425]
 [-0.12194238 -0.00966298]
 [ 0.00654086  0.20384302]
 [ 0.1569591  -0.32348057]
 [ 0.1841332  -0.00485356]
 [ 0.33372155 -0.00121916]
 [-0.10473955 -0.03122043]
 [-0.18780298  0.0784362 ]
 [ 0.19443918 -0.18867804]
 [ 0.2653049   0.17120508]
 [ 0.15933465 -0.28266072]
 [-0.54181383 -0.41193633]
 [ 0.10759319  0.13965283]
 [ 0.29144169 -0.00489395]
 [-0.2464233  -0.37803954]
 [-0.0242326  -0.07633022]
 [-0.1354982   0.58195712]
 [-0.25053677 -0.12877515]
 [-0.24142048  0.18910284]
 [ 0.31853068  0.27129114]
 [ 0.19755455  0.34187932]
 [ 0.07938188 -0.21396686]
 [-0.09453034 -0.09670894]
 [ 0.13865942  0.0453632 ]
 [-0.33213854  0.19963853]
 [ 0.21315422  0.20182589]
 [-0.26808061  0.19946383]
 [ 0.09205968  0.41983287]
 [-0.22701669 -0.13315934]
 [-0.10754346 -0.15894078]
 [ 0.04764348 -0.01600048]
 [ 0.17675766  0.50922357]
 [ 0.32380059  0.12688825]
 [ 0.20198857 -0.11888607]
 [ 0.2581877   0.1411029 ]
 [ 0.08845236  0.46076728]
 [-0.15767537 -0.37700856]
 [-0.16859186  0.21911525]
 [ 0.09213506  0.25643308]
 [ 0.37814599  0.13242824]
 [-0.10522473  0.29814877]
 [ 0.14946372  0.13776453]
 [ 0.08627105 -0.62109323]
 [-0.1145923   0.11091781]
 [-0.48665028  0.02840519]
 [-0.19597336 -0.04419622]
 [ 0.33309618  0.13187758]
 [-0.05706374  0.4274705 ]
 [ 0.18294206  0.21538007]
 [-0.11956936 -0.04150136]
 [-0.59985761  0.49056111]
 [ 0.03539696 -0.4007251 ]
 [ 0.19496023 -0.19750265]
 [-0.40217713 -0.08030316]
 [-0.28062798  0.04304421]
 [ 0.09579166 -0.19551448]
 [ 0.02492225 -0.07204023]
 [-0.17023742  0.25003953]
 [-0.36005009  0.07207834]
 [ 0.2852125  -0.10099671]
 [-0.25901774 -0.28127959]
 [-0.28938906 -0.14093576]
 [ 0.1480103   0.00516887]
 [-0.34232085 -0.04858488]
 [-0.20223192  0.18700174]
 [-0.08969654  0.1956403 ]
 [-0.09008978 -0.0967783 ]
 [-0.10126409  0.14907922]
 [-0.3510518  -0.25667133]
 [ 0.56635782  0.62653308]
 [-0.14777822 -0.168767  ]
 [ 0.16502756  0.08796131]
 [ 0.39045314 -0.03179244]
 [-0.16182485 -0.00222741]
 [ 0.06121742  0.06683293]
 [ 0.30927587 -0.25971219]
 [ 0.04996679 -0.30423545]
 [ 0.07979353  0.2046989 ]
 [ 0.28537427  0.16499149]
 [ 0.17994394  0.13290162]
 [ 0.05729983 -0.13210764]
 [ 0.247633   -0.15213368]
 [-0.14383664  0.25556917]
 [ 0.0365142  -0.3981487 ]
 [-0.05622461 -0.06768742]
 [ 0.04016553  0.375119  ]
 [-0.30916819 -0.08024807]
 [-0.0048617   0.02983871]
 [ 0.06099924  0.13488471]
 [-0.25112093  0.12150594]
 [ 0.28637704  0.21296191]
 [-0.14382107 -0.01345758]
 [ 0.14272419 -0.44509284]
 [-0.21067886  0.30850606]
 [ 0.37119539  0.04683359]
 [ 0.24714859 -0.18162457]
 [ 0.294955   -0.49903495]
 [-0.49102711  0.02648598]
 [ 0.30573533 -0.08402227]
 [-0.33357361  0.00969219]
 [-0.13708518 -0.08570045]
 [ 0.11040122  0.04239134]
 [-0.14153768 -0.14056871]
 [ 0.30953086  0.05651834]
 [ 0.38390042  0.13248212]
 [-0.09398329  0.25629246]
 [ 0.11621309 -0.06571262]
 [-0.07964912  0.64700884]
 [ 0.3427353   0.20191817]
 [-0.11162086  0.15160367]
 [-0.43679555  0.13878772]
 [ 0.36698865  0.18865183]
 [-0.07009102  0.18219081]
 [ 0.19010675  0.08595835]
 [-0.01300029 -0.41036767]
 [ 0.32817276 -0.03497845]
 [ 0.48329603  0.07667671]
 [ 0.02330939  0.12145991]
 [-0.13123549  0.25506605]
 [ 0.0157266   0.27067996]
 [ 0.2743541   0.10757534]
 [-0.12110889 -0.04225072]
 [ 0.19388464  0.25260322]
 [ 0.09245446 -0.13888056]
 [-0.09955355  0.01810494]
 [ 0.44297765 -0.18645036]
 [ 0.35903396 -0.13399233]
 [ 0.05252097 -0.28864346]
 [ 0.29227837 -0.18174296]
 [ 0.31991023  0.17402931]
 [-0.19246955  0.07941893]
 [-0.02373485  0.04240577]
 [ 0.09223509  0.19543094]
 [-0.20495344 -0.25017042]
 [ 0.25288593 -0.29647246]
 [ 0.27808244  0.05393256]]
States:
[[0.99984001 0.99851123 0.52242477 0.53711203 0.51332805 0.59720666]
 [0.99968084 0.99767359 0.52772531 0.54637389 0.58040998 0.71976134]
 [0.99903761 0.99574709 0.54108766 0.56264445 0.61617185 0.69135186]
 ...
 [0.57547293 0.         1.         0.6318219  1.         0.85109891]
 [0.4809711  0.         1.         0.59971017 1.         0.78050359]
 [0.38792388 0.         1.         0.57852102 1.         0.69917843]]
Logstds:
[[-3. -3.]
 [-3. -3.]
 [-3. -3.]
 [-3. -3.]
 [-3. -3.]
 [-3. -3.]
 [-3. -3.]
 [-3. -3.]
 [-3. -3.]
 [-3. -3.]
 [-3. -3.]
 [-3. -3.]
 [-3. -3.]
 [-3. -3.]
 [-3. -3.]
 [-3. -3.]
 [-3. -3.]
 [-3. -3.]
 [-3. -3.]
 [-3. -3.]
 [-3. -3.]
 [-3. -3.]
 [-3. -3.]
 [-3. -3.]
 [-3. -3.]
 [-3. -3.]
 [-3. -3.]
 [-3. -3.]
 [-3. -3.]
 [-3. -3.]
 [-3. -3.]
 [-3. -3.]
 [-3. -3.]
 [-3. -3.]
 [-3. -3.]
 [-3. -3.]
 [-3. -3.]
 [-3. -3.]
 [-3. -3.]
 [-3. -3.]
 [-3. -3.]
 [-3. -3.]
 [-3. -3.]
 [-3. -3.]
 [-3. -3.]
 [-3. -3.]
 [-3. -3.]
 [-3. -3.]
 [-3. -3.]
 [-3. -3.]
 [-3. -3.]
 [-3. -3.]
 [-3. -3.]
 [-3. -3.]
 [-3. -3.]
 [-3. -3.]
 [-3. -3.]
 [-3. -3.]
 [-3. -3.]
 [-3. -3.]
 [-3. -3.]
 [-3. -3.]
 [-3. -3.]
 [-3. -3.]
 [-3. -3.]
 [-3. -3.]
 [-3. -3.]
 [-3. -3.]
 [-3. -3.]
 [-3. -3.]
 [-3. -3.]
 [-3. -3.]
 [-3. -3.]
 [-3. -3.]
 [-3. -3.]
 [-3. -3.]
 [-3. -3.]
 [-3. -3.]
 [-3. -3.]
 [-3. -3.]
 [-3. -3.]
 [-3. -3.]
 [-3. -3.]
 [-3. -3.]
 [-3. -3.]
 [-3. -3.]
 [-3. -3.]
 [-3. -3.]
 [-3. -3.]
 [-3. -3.]
 [-3. -3.]
 [-3. -3.]
 [-3. -3.]
 [-3. -3.]
 [-3. -3.]
 [-3. -3.]
 [-3. -3.]
 [-3. -3.]
 [-3. -3.]
 [-3. -3.]
 [-3. -3.]
 [-3. -3.]
 [-3. -3.]
 [-3. -3.]
 [-3. -3.]
 [-3. -3.]
 [-3. -3.]
 [-3. -3.]
 [-3. -3.]
 [-3. -3.]
 [-3. -3.]
 [-3. -3.]
 [-3. -3.]
 [-3. -3.]
 [-3. -3.]
 [-3. -3.]
 [-3. -3.]
 [-3. -3.]
 [-3. -3.]
 [-3. -3.]
 [-3. -3.]
 [-3. -3.]
 [-3. -3.]
 [-3. -3.]
 [-3. -3.]
 [-3. -3.]
 [-3. -3.]
 [-3. -3.]
 [-3. -3.]
 [-3. -3.]
 [-3. -3.]
 [-3. -3.]
 [-3. -3.]
 [-3. -3.]
 [-3. -3.]
 [-3. -3.]
 [-3. -3.]
 [-3. -3.]
 [-3. -3.]
 [-3. -3.]
 [-3. -3.]
 [-3. -3.]
 [-3. -3.]
 [-3. -3.]
 [-3. -3.]
 [-3. -3.]
 [-3. -3.]
 [-3. -3.]
 [-3. -3.]
 [-3. -3.]
 [-3. -3.]
 [-3. -3.]
 [-3. -3.]
 [-3. -3.]
 [-3. -3.]
 [-3. -3.]
 [-3. -3.]
 [-3. -3.]
 [-3. -3.]
 [-3. -3.]
 [-3. -3.]
 [-3. -3.]
 [-3. -3.]
 [-3. -3.]
 [-3. -3.]
 [-3. -3.]
 [-3. -3.]
 [-3. -3.]
 [-3. -3.]
 [-3. -3.]
 [-3. -3.]
 [-3. -3.]
 [-3. -3.]
 [-3. -3.]
 [-3. -3.]
 [-3. -3.]
 [-3. -3.]
 [-3. -3.]
 [-3. -3.]
 [-3. -3.]
 [-3. -3.]
 [-3. -3.]
 [-3. -3.]
 [-3. -3.]
 [-3. -3.]
 [-3. -3.]
 [-3. -3.]
 [-3. -3.]
 [-3. -3.]
 [-3. -3.]
 [-3. -3.]
 [-3. -3.]
 [-3. -3.]
 [-3. -3.]
 [-3. -3.]
 [-3. -3.]
 [-3. -3.]
 [-3. -3.]
 [-3. -3.]
 [-3. -3.]]
