Baseline:
[1.2697403  1.2733722  1.256337   1.267622   1.2664144  1.2803695
 1.2610376  1.2717783  1.2711523  1.261674   1.2483408  1.2686645
 1.2868423  1.2964818  1.3044331  1.2997057  1.3155947  1.3031163
 1.3135242  1.3214308  1.3150368  1.3152575  1.3218663  1.3135123
 1.3235074  1.3206556  1.3237734  1.308076   1.3121896  1.3097732
 1.3411949  1.3472536  1.3299191  1.3421638  1.343019   1.3395365
 1.3314441  1.3196208  1.330437   1.3228471  1.3036377  1.3035666
 1.3090475  1.2987987  1.3117952  1.3211718  1.3136721  1.3172735
 1.3241498  1.3154888  1.3038417  1.3028792  1.2866024  1.2784224
 1.2594805  1.2307713  1.225925   1.215471   1.2020786  1.1801876
 1.1552985  1.1362735  1.1169498  1.092351   1.0811852  1.0564448
 1.0333724  1.0192863  1.0069816  1.0077423  1.0193778  1.0156096
 1.0103091  0.98886675 0.9862182  0.99419326 0.97013247 0.96112245
 0.959864   0.95928526 0.959156   0.96031976 0.9557049  0.9567622
 0.94914347 0.957918   0.9825245  0.98472524 0.9834238  0.9877551
 0.98786384 0.9811091  0.97928107 0.9845538  0.9888238  0.98973525
 0.9859534  0.99594456 1.0027841  0.9925137  0.9844979  0.97479975
 0.9834517  0.9763232  0.9845918  0.9806778  0.9802027  0.98283774
 0.9804797  0.9911164  0.9963454  0.9871968  0.97105324 0.9678836
 0.9746047  0.98641664 0.98470527 0.9899523  1.0190372  1.0231333
 1.0357959  1.0363019  1.05287    1.0600802  1.0927236  1.1123011
 1.1319163  1.153475   1.1870968  1.1976287  1.2168236  1.2315681
 1.2340446  1.2332445  1.2461627  1.2595534  1.2655629  1.2707344
 1.263706   1.2450705  1.2517964  1.2442077  1.233329   1.2310402
 1.2298543  1.2299117  1.2269983  1.2258855  1.2343719  1.2463329
 1.2450771  1.2391205  1.2437475  1.2460319  1.2334067  1.2497001
 1.2289529  1.210627   1.2299154  1.237103   1.2411304  1.2344568
 1.2301469  1.2149162  1.2065732  1.1979208  1.1762855  1.1776335
 1.1839826  1.1865349  1.1761475  1.1610723  1.1560469  1.1397299
 1.1220362  1.0938476  1.0888022  1.099074   1.0075349  0.9708163
 0.9622022  0.9608165  0.9565314  0.9551321  0.94496596 0.9512675
 0.9534555  0.9745691  0.9839516  0.9979286  1.0156686  1.0227919
 1.0609337  1.1108536  1.1594915  1.177275   1.1635721  1.1786981
 1.201653   1.2069974  1.2069974 ]
Returns:
[4.2584432  4.21983831 4.14997037 4.15981909 4.2262759  4.2284245
 4.24213552 4.2521977  4.29950741 4.32167923 4.34888739 4.20768816
 4.17368655 4.19083888 4.22978139 4.24082517 4.17250084 4.16250899
 4.15235535 4.19144979 4.22627578 4.2675473  4.21262909 4.21678682
 4.24302028 4.21989169 4.25907081 4.24469186 4.29838445 4.26879082
 3.96882594 3.99171315 3.88936349 3.57867024 3.57049324 3.58283767
 3.58821426 3.54860696 3.12133397 3.01196391 2.90241995 2.90294343
 2.85085653 2.80187768 2.71068727 2.62265412 2.51769261 2.3524714
 2.24996314 2.25281167 2.2579675  2.07566076 2.01655125 1.9808709
 2.01532382 1.95024605 1.9374409  1.97315062 2.01298282 2.09852555
 2.17525673 2.27798274 2.37522461 2.44554565 2.53665112 2.35853056
 2.38196835 2.31827695 2.33371129 2.42855495 2.45372179 2.44521594
 2.54756375 2.44488888 2.55544166 2.25758782 2.09697187 2.05716579
 2.03440002 2.13657414 2.24424236 2.32921104 1.99358693 1.90949626
 1.95250954 2.00754231 1.75242543 1.85008212 1.93935892 1.8068371
 1.89504512 1.83030752 1.91057905 1.94144101 2.04523345 2.16134695
 2.2437256  2.32969692 2.43276794 2.55981427 2.64047522 2.70651821
 2.77754844 2.87669032 2.8913715  2.93067463 3.09018281 3.10256767
 3.2397853  3.27232462 3.39644607 3.4418948  3.5092934  3.64837147
 3.65600751 3.80599233 3.85931482 3.98954168 3.94346384 4.06695308
 4.18851013 3.97091848 4.03611139 3.93769036 3.99628142 3.90470973
 3.90693897 3.83562696 3.61477651 3.68016509 3.68019773 3.723668
 3.78319748 3.6024693  3.57034833 3.55423169 3.61615437 3.67214955
 3.67410059 3.64018002 3.69364786 3.73956862 3.76564895 3.78183558
 3.84226613 3.86897237 3.94130663 3.64636953 3.69795236 3.66323596
 3.74222617 3.84345392 3.8463534  3.91543964 4.0065191  3.84802708
 3.50488496 3.48564619 3.43544967 3.34681769 3.36078291 3.39024505
 3.30788709 3.15239331 3.20145924 3.25532148 3.24176749 3.25373489
 3.19649994 3.16930708 3.20925408 3.2772743  3.28016919 3.31249758
 3.40919258 2.93612382 2.73779854 2.69149814 2.7856996  2.76730722
 2.70138296 2.62316125 2.65915525 2.66661481 2.6117757  2.63454777
 2.52138297 2.53137462 2.2786432  2.25185809 2.21405542 2.12979411
 2.0306193  1.77731979 1.49895794 1.4062438  0.98053957 0.81391382
 0.65243263 0.4276154 ]
Advants:
[1.9581862  1.91929044 1.86844917 1.86912982 1.94118406 1.93377625
 1.97261464 1.97820422 2.03442454 2.07604381 2.12865743 1.97523982
 1.93024219 1.94578099 1.98644047 2.01319114 1.93828824 1.95095507
 1.94080515 1.98425623 2.040059   2.09820422 2.05332519 2.08428991
 2.12105538 2.12242743 2.18309708 2.21116087 2.29129695 2.29643934
 1.98987657 2.03416397 1.97631746 1.67287483 1.68471938 1.72369084
 1.76269269 1.76175729 1.3392549  1.25124118 1.17305198 1.18684526
 1.14181991 1.11550292 1.02156419 0.93226316 0.84058631 0.67282022
 0.56119905 0.57063758 0.58571268 0.3968848  0.34460631 0.30600491
 0.34900447 0.30023027 0.27856281 0.31127793 0.35155428 0.44825954
 0.54138023 0.65767312 0.77192084 0.86726088 0.97315111 0.81895464
 0.86601732 0.81547755 0.84306032 0.93988356 0.95680697 0.95560386
 1.07041724 0.99444785 1.11686164 0.81157147 0.67137746 0.63568012
 0.60818883 0.70762592 0.81515913 0.90126911 0.5625239  0.46634758
 0.50657765 0.54297849 0.24390676 0.32131842 0.39511654 0.2358213
 0.3022914  0.21904349 0.27626497 0.27564829 0.34981044 0.44105467
 0.50388126 0.55688964 0.63116867 0.74890983 0.81908599 0.87709297
 0.9221556  1.01292202 1.00270824 1.02921923 1.1760212  1.17176831
 1.3004652  1.3112398  1.42173328 1.46890478 1.54697234 1.68767845
 1.6869487  1.82761021 1.88704672 2.02066961 1.95256165 2.08330313
 2.2078804  2.00005649 2.0613339  1.96616623 2.00427138 1.90287767
 1.89554049 1.81070232 1.55707667 1.6145486  1.59763182 1.62968258
 1.69210858 1.51244617 1.46630259 1.43468395 1.49003543 1.54182127
 1.55212271 1.53779944 1.58703084 1.64489656 1.68772611 1.71314354
 1.78419898 1.82191507 1.91150011 1.62414722 1.67559922 1.63654549
 1.72754643 1.84971703 1.86419889 1.95065695 2.0788996  1.92533672
 1.61600127 1.62923215 1.57294683 1.48848785 1.51106139 1.5620269
 1.49765798 1.36790127 1.43848725 1.51723499 1.54318199 1.57351744
 1.52936243 1.51978156 1.5935547  1.70465554 1.74321175 1.8266074
 1.98224447 1.56836732 1.40275384 1.37445518 1.59662244 1.65504508
 1.63947468 1.60555772 1.69365771 1.75468515 1.76524338 1.84215942
 1.78883368 1.8446787  1.64712989 1.67517233 1.69257761 1.67752892
 1.61880413 1.39149379 1.13675597 1.10125881 0.75790465 0.64502678
 0.52962751 0.36726546]
Mus:
[[-1.67076476e-02 -5.87749807e-03]
 [-1.80527158e-02 -6.97079394e-03]
 [-1.67057365e-02 -6.13861019e-03]
 [-1.64087918e-02 -5.92638738e-03]
 [-1.67797133e-02 -6.26667775e-03]
 [-1.68395229e-02 -6.40494423e-03]
 [-1.64519493e-02 -6.28818758e-03]
 [-1.59328822e-02 -5.97097864e-03]
 [-1.62730422e-02 -6.39024004e-03]
 [-1.53982351e-02 -5.89950709e-03]
 [-1.45462165e-02 -5.52701950e-03]
 [-1.42149413e-02 -5.02559869e-03]
 [-1.39760338e-02 -4.94717341e-03]
 [-1.37847774e-02 -4.65793116e-03]
 [-1.40287671e-02 -4.87135956e-03]
 [-1.35639822e-02 -4.34742495e-03]
 [-1.32564185e-02 -3.82516976e-03]
 [-1.35929557e-02 -3.79036833e-03]
 [-1.42785786e-02 -4.26249998e-03]
 [-1.43912900e-02 -4.12863307e-03]
 [-1.46991229e-02 -4.18767286e-03]
 [-1.53452894e-02 -4.55709174e-03]
 [-1.47097521e-02 -3.78880790e-03]
 [-1.49504263e-02 -3.51665285e-03]
 [-1.51113449e-02 -3.41052003e-03]
 [-1.50018604e-02 -2.89699831e-03]
 [-1.51252616e-02 -2.79116514e-03]
 [-1.50850862e-02 -2.66239117e-03]
 [-1.48925306e-02 -2.48057931e-03]
 [-1.43063702e-02 -1.82612962e-03]
 [-1.40091553e-02 -1.95882656e-03]
 [-1.37742748e-02 -1.81398378e-03]
 [-1.44745875e-02 -2.34536640e-03]
 [-1.31122787e-02 -1.12472603e-03]
 [-1.22179687e-02 -3.89882742e-04]
 [-1.07868304e-02  3.77722492e-04]
 [-8.93304870e-03  1.28229242e-03]
 [-8.09981767e-03  1.51863240e-03]
 [-1.02729369e-02 -7.26529324e-05]
 [-8.26680101e-03  1.21014449e-03]
 [-7.39404652e-03  1.69274316e-03]
 [-6.63336460e-03  2.03126972e-03]
 [-4.96784365e-03  2.87048542e-03]
 [-3.58953234e-03  3.50503949e-03]
 [-2.43484462e-03  3.85912438e-03]
 [ 7.35651629e-05  4.91252681e-03]
 [-1.60668031e-04  4.45734384e-03]
 [ 3.04362155e-03  5.94360987e-03]
 [ 4.90016071e-03  6.55683829e-03]
 [ 7.23569281e-03  7.30461301e-03]
 [ 9.22663137e-03  7.77707063e-03]
 [ 1.38122421e-02  9.79394745e-03]
 [ 1.58903729e-02  1.00348042e-02]
 [ 1.85440443e-02  1.07783275e-02]
 [ 2.07468215e-02  1.13817481e-02]
 [ 2.22381670e-02  1.19564999e-02]
 [ 2.45704111e-02  1.29240099e-02]
 [ 2.65038665e-02  1.34656802e-02]
 [ 2.75643114e-02  1.34712588e-02]
 [ 2.78865062e-02  1.33856777e-02]
 [ 2.75681280e-02  1.33769205e-02]
 [ 2.74368245e-02  1.32766273e-02]
 [ 2.69238818e-02  1.26631483e-02]
 [ 2.52466500e-02  1.15557248e-02]
 [ 2.53398530e-02  1.16849756e-02]
 [ 2.11124327e-02  8.85483809e-03]
 [ 1.89923961e-02  7.75798550e-03]
 [ 1.98642127e-02  8.91149137e-03]
 [ 1.96725279e-02  9.28017031e-03]
 [ 1.92334019e-02  9.20862518e-03]
 [ 1.83018930e-02  8.30576848e-03]
 [ 1.53295705e-02  6.22261409e-03]
 [ 1.37914084e-02  5.31735877e-03]
 [ 1.11775007e-02  3.87889310e-03]
 [ 1.01863574e-02  3.20102205e-03]
 [ 5.51616540e-03  6.52358794e-05]
 [ 5.38454764e-03  2.10141035e-04]
 [ 1.02097094e-02  3.43754329e-03]
 [ 1.32717835e-02  5.56350127e-03]
 [ 1.39418161e-02  6.05458487e-03]
 [ 1.36653353e-02  5.82815288e-03]
 [ 1.29537983e-02  5.17291436e-03]
 [ 8.59279465e-03  2.28605163e-03]
 [ 1.26307299e-02  5.00004087e-03]
 [ 1.20296171e-02  4.59848251e-03]
 [ 1.44574465e-02  6.20129239e-03]
 [ 1.73904877e-02  7.98066519e-03]
 [ 1.74357221e-02  7.95484241e-03]
 [ 1.78298838e-02  8.39313585e-03]
 [ 1.97358616e-02  1.02035180e-02]
 [ 1.99075732e-02  1.01634348e-02]
 [ 1.78946313e-02  8.41534045e-03]
 [ 1.81976911e-02  8.77309777e-03]
 [ 1.75632630e-02  8.04401748e-03]
 [ 1.81328524e-02  8.33416916e-03]
 [ 1.80961080e-02  8.27254541e-03]
 [ 1.66711193e-02  7.23444950e-03]
 [ 1.69227012e-02  7.15485495e-03]
 [ 1.79944318e-02  7.89394043e-03]
 [ 1.93583407e-02  9.37684812e-03]
 [ 1.81518365e-02  8.63521919e-03]
 [ 1.68723688e-02  7.82966707e-03]
 [ 1.85157415e-02  9.11262259e-03]
 [ 1.74241420e-02  8.25995952e-03]
 [ 1.68581717e-02  7.47423992e-03]
 [ 1.77408736e-02  8.43561627e-03]
 [ 1.79253370e-02  8.60658381e-03]
 [ 1.93382073e-02  1.00070704e-02]
 [ 1.88521985e-02  9.48918145e-03]
 [ 2.01049410e-02  1.07184472e-02]
 [ 2.08261199e-02  1.13312379e-02]
 [ 2.08223667e-02  1.16851069e-02]
 [ 1.98838543e-02  1.11234346e-02]
 [ 1.92068536e-02  1.06667420e-02]
 [ 1.95876583e-02  1.14555210e-02]
 [ 1.98124759e-02  1.15169054e-02]
 [ 1.92259159e-02  1.07680913e-02]
 [ 1.99228358e-02  1.12946862e-02]
 [ 2.10363548e-02  1.22381728e-02]
 [ 2.10459232e-02  1.22854207e-02]
 [ 2.15485282e-02  1.22540956e-02]
 [ 1.95537340e-02  1.24542005e-02]
 [ 2.00737938e-02  1.22677591e-02]
 [ 2.10966058e-02  1.23741580e-02]
 [ 2.16590874e-02  1.20757790e-02]
 [ 2.09523495e-02  1.08704455e-02]
 [ 2.02262327e-02  9.97961964e-03]
 [ 2.01780610e-02  1.07009038e-02]
 [ 2.01869905e-02  1.13135278e-02]
 [ 2.04275791e-02  1.10709267e-02]
 [ 2.05487311e-02  1.13092661e-02]
 [ 2.12839320e-02  1.13748601e-02]
 [ 2.09676139e-02  1.09836133e-02]
 [ 2.20361687e-02  1.00945393e-02]
 [ 2.07470767e-02  8.97134002e-03]
 [ 2.10533608e-02  9.45722591e-03]
 [ 2.07633581e-02  9.21159424e-03]
 [ 2.01317891e-02  8.72447994e-03]
 [ 2.10306831e-02  9.41943191e-03]
 [ 2.08189879e-02  8.91041942e-03]
 [ 2.03961860e-02  8.64267722e-03]
 [ 1.98783893e-02  8.04316159e-03]
 [ 1.96622293e-02  7.51979975e-03]
 [ 2.02797204e-02  8.17734934e-03]
 [ 1.98668316e-02  7.64593203e-03]
 [ 2.04630345e-02  8.31633247e-03]
 [ 2.05458160e-02  8.34862515e-03]
 [ 1.87880713e-02  6.21123472e-03]
 [ 1.86691266e-02  6.09599845e-03]
 [ 1.92538816e-02  6.88530551e-03]
 [ 1.98089518e-02  7.44416006e-03]
 [ 1.98894646e-02  7.36529380e-03]
 [ 2.05962267e-02  8.24238919e-03]
 [ 2.09015496e-02  8.49623699e-03]
 [ 2.11110245e-02  8.61892570e-03]
 [ 2.03783493e-02  8.92440602e-03]
 [ 1.92628428e-02  9.62496269e-03]
 [ 1.80936586e-02  9.10196174e-03]
 [ 1.67410839e-02  8.55688844e-03]
 [ 1.67077277e-02  7.64734903e-03]
 [ 1.63722988e-02  6.99845329e-03]
 [ 1.59263927e-02  6.30357303e-03]
 [ 1.53869437e-02  5.07292198e-03]
 [ 1.52398292e-02  5.97934844e-03]
 [ 1.48295751e-02  5.66246500e-03]
 [ 1.42902555e-02  5.23941312e-03]
 [ 1.35770543e-02  4.85916436e-03]
 [ 1.24506000e-02  4.15561860e-03]
 [ 1.11951781e-02  3.21318069e-03]
 [ 9.57560726e-03  2.08420772e-03]
 [ 7.96943158e-03  1.89646799e-03]
 [ 6.47022668e-03  1.51491968e-03]
 [ 3.12211155e-03 -2.29087877e-04]
 [ 6.49842317e-04 -1.15395826e-03]
 [-2.33397540e-03 -2.32563703e-03]
 [-7.93608557e-03 -4.92357742e-03]
 [-1.08275339e-02 -5.75802103e-03]
 [-1.21981408e-02 -5.63518610e-03]
 [-7.17638573e-03 -2.13423162e-03]
 [-8.51140358e-03 -2.50087073e-03]
 [-7.69930054e-03 -1.61059550e-03]
 [-7.89140724e-03 -1.03772571e-03]
 [-8.81345384e-03 -1.31876697e-03]
 [-8.67119804e-03 -9.26057692e-04]
 [-7.79605936e-03 -6.47636989e-05]
 [-8.11656378e-03  6.37271369e-05]
 [-9.19667538e-03  4.07677086e-04]
 [-1.01277893e-02  2.08003432e-04]
 [-1.13251470e-02  6.84360857e-04]
 [-1.14738261e-02  7.49566359e-04]
 [-1.15570538e-02  7.96189299e-04]
 [-1.11656087e-02  1.19738583e-03]
 [-1.21408934e-02  8.79169151e-04]
 [-1.22102909e-02  9.46053828e-04]
 [-1.22362971e-02  4.84897668e-04]
 [-1.20343501e-02  6.89796987e-04]
 [-1.31823802e-02  5.49005308e-05]
 [-1.28189586e-02 -1.50669357e-05]
 [-1.25964144e-02  1.45178274e-04]
 [-1.14059318e-02  7.14820635e-04]]
Actions:
[[-0.25043581  0.29366522]
 [ 0.0235145  -0.31987947]
 [ 0.15574067  0.08506824]
 [-0.10291355  0.07514696]
 [ 0.06383572  0.23093149]
 [-0.18913093 -0.19848419]
 [ 0.16044623  0.08621345]
 [-0.14154113  0.13403741]
 [-0.00714783 -0.16105696]
 [-0.08553899 -0.15450837]
 [ 0.3739332   0.0887365 ]
 [ 0.16651603  0.22009503]
 [ 0.15267158  0.05395714]
 [-0.03696778  0.16808259]
 [ 0.04712714 -0.16704439]
 [ 0.28939799  0.04789695]
 [-0.10986595 -0.19625028]
 [-0.06795861  0.2527872 ]
 [ 0.10033959  0.07481957]
 [-0.10843458 -0.04522041]
 [-0.11826619  0.12475663]
 [ 0.27058499 -0.09383353]
 [ 0.04416553 -0.18723984]
 [ 0.10955501  0.10698265]
 [ 0.15922668 -0.17052814]
 [ 0.02909531  0.0375024 ]
 [-0.17513945 -0.20573475]
 [ 0.03101635  0.01895486]
 [ 0.1567144  -0.19494644]
 [ 0.1499264   0.57318584]
 [ 0.03149847  0.18324136]
 [-0.44786676 -0.03540753]
 [ 0.54712658  0.01467492]
 [ 0.1589284  -0.07366938]
 [ 0.03384458 -0.08736834]
 [-0.03047075 -0.15194366]
 [-0.26891157 -0.11648275]
 [-0.27003407  0.68029878]
 [ 0.22414718 -0.2442558 ]
 [-0.19885028 -0.30335397]
 [ 0.04485268  0.01410256]
 [ 0.22842292  0.02086821]
 [-0.08400556 -0.21278746]
 [ 0.17502183  0.24756874]
 [ 0.28867446  0.04730684]
 [-0.31174909  0.22666081]
 [ 0.37383084 -0.07832651]
 [ 0.23773378  0.20688237]
 [ 0.02423417 -0.01619394]
 [-0.12320204  0.03899985]
 [ 0.42293859 -0.05752636]
 [-0.22859489  0.18878259]
 [ 0.10198106  0.25262783]
 [-0.04991742  0.07320859]
 [-0.14205626 -0.27716307]
 [ 0.22649937  0.13679288]
 [ 0.09425455  0.15063698]
 [ 0.01131647  0.21619042]
 [-0.00571885  0.07716326]
 [ 0.0437475  -0.1142854 ]
 [ 0.05006082 -0.0235044 ]
 [-0.06978631  0.10763432]
 [-0.2059949   0.00853619]
 [ 0.19614921  0.02624926]
 [-0.52735755  0.08522064]
 [-0.25096453 -0.15841233]
 [ 0.18713833 -0.36221351]
 [ 0.06902175 -0.29389669]
 [ 0.12684163 -0.03005129]
 [ 0.01688807  0.30246927]
 [-0.32223378  0.14460437]
 [-0.14148677 -0.0091722 ]
 [-0.41118635 -0.23107491]
 [-0.14717217  0.05141023]
 [-0.46468657  0.46399596]
 [-0.31616343 -0.39656798]
 [ 0.39215559  0.01033381]
 [ 0.32384161  0.17399931]
 [ 0.02503065 -0.08647263]
 [-0.0823161   0.01728347]
 [-0.12403679  0.14278149]
 [-0.6006309   0.31122358]
 [ 0.32686665 -0.25033588]
 [-0.24822782 -0.07631468]
 [ 0.21019456 -0.11362524]
 [ 0.53850235  0.26832907]
 [ 0.01238072  0.05746678]
 [ 0.03485902 -0.13124391]
 [ 0.29132621 -0.3671472 ]
 [ 0.02000644  0.06865038]
 [-0.3068515   0.2647427 ]
 [ 0.01107403 -0.12987043]
 [-0.04214219  0.26911586]
 [ 0.09298526  0.0692574 ]
 [ 0.00593341  0.03643242]
 [-0.18613844  0.1182441 ]
 [ 0.07201347  0.23268716]
 [ 0.18887643  0.13324656]
 [ 0.10916298 -0.09490011]
 [-0.19073794  0.16827691]
 [-0.25938821 -0.09683166]
 [ 0.27318168 -0.06736442]
 [-0.23030518  0.01114342]
 [-0.02180788  0.38288889]
 [ 0.04953766 -0.33379326]
 [-0.0093615  -0.05279015]
 [ 0.18096812 -0.33361598]
 [-0.10185487  0.11662093]
 [ 0.32676479 -0.10804403]
 [ 0.20273394 -0.02631929]
 [-0.0110092  -0.3413727 ]
 [-0.25578541 -0.1496293 ]
 [-0.1426635  -0.01503521]
 [ 0.1469719  -0.34662345]
 [ 0.04442301  0.02161274]
 [-0.30856491  0.05395707]
 [ 0.02270264 -0.13378672]
 [ 0.44427009  0.02933704]
 [-0.03409094 -0.09060945]
 [-0.02266655  0.06884342]
 [ 0.25053519 -0.49762184]
 [-0.16290428  0.0130778 ]
 [-0.30371149 -0.2919423 ]
 [-0.0855881   0.17855711]
 [-0.35387108  0.26090761]
 [-0.14308284  0.27989172]
 [ 0.27809128 -0.22779182]
 [ 0.53810924  0.05175541]
 [-0.0535201   0.0898102 ]
 [ 0.24981415  0.01895251]
 [ 0.09032689  0.15646532]
 [-0.06467961 -0.01442208]
 [-0.38511223  0.35388412]
 [-0.0378837   0.3792881 ]
 [ 0.28874081  0.02276747]
 [ 0.07654371  0.14015913]
 [ 0.04891198  0.20440199]
 [ 0.09989704 -0.21202999]
 [-0.30682126 -0.08668565]
 [ 0.08338513  0.14379438]
 [-0.17165096  0.06542832]
 [-0.24063132  0.04709762]
 [ 0.07932522 -0.17090068]
 [-0.12022532  0.13423071]
 [ 0.11400387 -0.1564976 ]
 [-0.04889622 -0.04781686]
 [-0.45213645  0.45566026]
 [ 0.08565336  0.20798838]
 [ 0.34858508  0.1212851 ]
 [ 0.13937218 -0.01371775]
 [-0.03131898  0.06116114]
 [ 0.30990849 -0.02586345]
 [ 0.17492385  0.0870682 ]
 [-0.01614929 -0.07645112]
 [ 0.49980453  0.13806714]
 [ 0.14970518 -0.59172608]
 [-0.15322266 -0.2061176 ]
 [ 0.24152614  0.21832527]
 [-0.14508618  0.35512069]
 [-0.05551127  0.20734623]
 [-0.15220944  0.09653307]
 [-0.22851384  0.31095904]
 [ 0.28346184 -0.3198895 ]
 [-0.01403548  0.01772582]
 [-0.02909805  0.04058418]
 [-0.20043471 -0.14925724]
 [ 0.08083054  0.20256197]
 [ 0.11174251  0.33176983]
 [ 0.06534633  0.31538777]
 [ 0.17532613 -0.05977996]
 [ 0.05798929 -0.06720595]
 [-0.03400169  0.29708703]
 [-0.02246411  0.26316162]
 [-0.07852651 -0.03729213]
 [-0.36109495  0.69098404]
 [ 0.09417383  0.53427068]
 [ 0.32882515  0.04356281]
 [ 0.01173154 -0.07065053]
 [-0.2729194   0.20921865]
 [ 0.23713988 -0.26955693]
 [ 0.28233193 -0.22518536]
 [-0.08833563 -0.13557611]
 [ 0.06692599 -0.19373352]
 [ 0.07548688 -0.28985747]
 [ 0.09325212 -0.021001  ]
 [ 0.26534748 -0.23048625]
 [ 0.04640518  0.03537263]
 [ 0.39600044 -0.25113036]
 [-0.1411819  -0.07281112]
 [-0.13548014 -0.03571596]
 [-0.07802968 -0.19215941]
 [ 0.1200743   0.14212739]
 [ 0.30409286  0.25738376]
 [-0.22614244  0.42847353]
 [-0.01611062 -0.01015124]
 [-0.58661123 -0.14711965]
 [-0.26533045 -0.00980766]
 [ 0.13160796  0.0013536 ]
 [-0.01481416 -0.26254094]
 [-0.00671001 -0.48248625]]
States:
[[0.99957247 0.99999597 0.48855465 0.4980678  0.51328301 0.59731842]
 [0.99934181 0.99998338 0.48349822 0.5039246  0.44902809 0.67429885]
 [0.99877405 0.99991047 0.47399845 0.50910724 0.45636107 0.5889415 ]
 ...
 [0.9074399  0.64203074 0.80424415 0.97079319 0.61731528 0.31350208]
 [0.89640434 0.68443194 0.81942554 0.954835   0.64901581 0.31946384]
 [0.88357955 0.7293017  0.83570111 0.93345495 0.64254717 0.25616123]]
Logstds:
[[-3. -3.]
 [-3. -3.]
 [-3. -3.]
 [-3. -3.]
 [-3. -3.]
 [-3. -3.]
 [-3. -3.]
 [-3. -3.]
 [-3. -3.]
 [-3. -3.]
 [-3. -3.]
 [-3. -3.]
 [-3. -3.]
 [-3. -3.]
 [-3. -3.]
 [-3. -3.]
 [-3. -3.]
 [-3. -3.]
 [-3. -3.]
 [-3. -3.]
 [-3. -3.]
 [-3. -3.]
 [-3. -3.]
 [-3. -3.]
 [-3. -3.]
 [-3. -3.]
 [-3. -3.]
 [-3. -3.]
 [-3. -3.]
 [-3. -3.]
 [-3. -3.]
 [-3. -3.]
 [-3. -3.]
 [-3. -3.]
 [-3. -3.]
 [-3. -3.]
 [-3. -3.]
 [-3. -3.]
 [-3. -3.]
 [-3. -3.]
 [-3. -3.]
 [-3. -3.]
 [-3. -3.]
 [-3. -3.]
 [-3. -3.]
 [-3. -3.]
 [-3. -3.]
 [-3. -3.]
 [-3. -3.]
 [-3. -3.]
 [-3. -3.]
 [-3. -3.]
 [-3. -3.]
 [-3. -3.]
 [-3. -3.]
 [-3. -3.]
 [-3. -3.]
 [-3. -3.]
 [-3. -3.]
 [-3. -3.]
 [-3. -3.]
 [-3. -3.]
 [-3. -3.]
 [-3. -3.]
 [-3. -3.]
 [-3. -3.]
 [-3. -3.]
 [-3. -3.]
 [-3. -3.]
 [-3. -3.]
 [-3. -3.]
 [-3. -3.]
 [-3. -3.]
 [-3. -3.]
 [-3. -3.]
 [-3. -3.]
 [-3. -3.]
 [-3. -3.]
 [-3. -3.]
 [-3. -3.]
 [-3. -3.]
 [-3. -3.]
 [-3. -3.]
 [-3. -3.]
 [-3. -3.]
 [-3. -3.]
 [-3. -3.]
 [-3. -3.]
 [-3. -3.]
 [-3. -3.]
 [-3. -3.]
 [-3. -3.]
 [-3. -3.]
 [-3. -3.]
 [-3. -3.]
 [-3. -3.]
 [-3. -3.]
 [-3. -3.]
 [-3. -3.]
 [-3. -3.]
 [-3. -3.]
 [-3. -3.]
 [-3. -3.]
 [-3. -3.]
 [-3. -3.]
 [-3. -3.]
 [-3. -3.]
 [-3. -3.]
 [-3. -3.]
 [-3. -3.]
 [-3. -3.]
 [-3. -3.]
 [-3. -3.]
 [-3. -3.]
 [-3. -3.]
 [-3. -3.]
 [-3. -3.]
 [-3. -3.]
 [-3. -3.]
 [-3. -3.]
 [-3. -3.]
 [-3. -3.]
 [-3. -3.]
 [-3. -3.]
 [-3. -3.]
 [-3. -3.]
 [-3. -3.]
 [-3. -3.]
 [-3. -3.]
 [-3. -3.]
 [-3. -3.]
 [-3. -3.]
 [-3. -3.]
 [-3. -3.]
 [-3. -3.]
 [-3. -3.]
 [-3. -3.]
 [-3. -3.]
 [-3. -3.]
 [-3. -3.]
 [-3. -3.]
 [-3. -3.]
 [-3. -3.]
 [-3. -3.]
 [-3. -3.]
 [-3. -3.]
 [-3. -3.]
 [-3. -3.]
 [-3. -3.]
 [-3. -3.]
 [-3. -3.]
 [-3. -3.]
 [-3. -3.]
 [-3. -3.]
 [-3. -3.]
 [-3. -3.]
 [-3. -3.]
 [-3. -3.]
 [-3. -3.]
 [-3. -3.]
 [-3. -3.]
 [-3. -3.]
 [-3. -3.]
 [-3. -3.]
 [-3. -3.]
 [-3. -3.]
 [-3. -3.]
 [-3. -3.]
 [-3. -3.]
 [-3. -3.]
 [-3. -3.]
 [-3. -3.]
 [-3. -3.]
 [-3. -3.]
 [-3. -3.]
 [-3. -3.]
 [-3. -3.]
 [-3. -3.]
 [-3. -3.]
 [-3. -3.]
 [-3. -3.]
 [-3. -3.]
 [-3. -3.]
 [-3. -3.]
 [-3. -3.]
 [-3. -3.]
 [-3. -3.]
 [-3. -3.]
 [-3. -3.]
 [-3. -3.]
 [-3. -3.]
 [-3. -3.]
 [-3. -3.]
 [-3. -3.]
 [-3. -3.]
 [-3. -3.]
 [-3. -3.]
 [-3. -3.]
 [-3. -3.]
 [-3. -3.]]
