Baseline:
[1.2705371  1.2741878  1.2905011  1.2618232  1.2586522  1.2498744
 1.2397361  1.2657357  1.25574    1.2719051  1.27052    1.2583013
 1.2489207  1.2371485  1.2171583  1.1967299  1.1649094  1.1436915
 1.1315987  1.1062785  1.0883954  1.0429692  1.0199898  0.97917145
 0.951604   0.92032415 0.91141695 0.8761419  0.85884726 0.8678473
 0.8433033  0.8503761  0.8750659  0.88448614 0.90615237 0.95296425
 0.9749627  0.97609484 0.9976283  1.0046306  0.9716025  0.97907174
 0.98386276 0.97129005 0.98330605 0.975801   0.9596238  0.9596081
 0.9493712  0.9324862  0.93068063 0.92943025 0.90761614 0.9169903
 0.9056546  0.9338975  0.9253849  0.92112494 0.905527   0.9099589
 0.9422802  0.9358914  0.95167756 0.9379732  0.91889805 0.92127264
 0.9516247  0.96553063 0.95893824 0.9651572  0.9732814  0.9829025
 0.991599   0.99824023 1.015844   1.0146437  1.0400547  1.0596738
 1.0653088  1.0946131  1.1066328  1.1012809  1.1033936  1.1292565
 1.1335473  1.1297828  1.1542351  1.1570121  1.162113   1.1508898
 1.1611583  1.1458569  1.1549474  1.1517956  1.1436477  1.1462518
 1.146347   1.1501441  1.1551007  1.1252267  1.1388133  1.1435997
 1.1403753  1.1303625  1.1368759  1.138068   1.1749511  1.2015485
 1.2225696  1.2450836  1.2431815  1.257898   1.2802924  1.3022524
 1.2861315  1.3042853  1.293899   1.2927439  1.2954792  1.2972381
 1.3002322  1.297064   1.3124305  1.3136524  1.3076243  1.3226569
 1.3162565  1.3203844  1.3327165  1.3367293  1.333053   1.3403429
 1.3135121  1.2870566  1.3030591  1.3037708  1.2960336  1.3042566
 1.2930518  1.2877467  1.2798746  1.2861428  1.2875394  1.2825886
 1.2998223  1.3119707  1.3001282  1.3015938  1.2947804  1.2732728
 1.2853708  1.2937969  1.2727962  1.248966   1.2578433  1.2707461
 1.2736572  1.2899022  1.2695879  1.2556405  1.2636825  1.2545527
 1.2572808  1.2525994  1.2474376  1.2413309  1.2475978  1.2637748
 1.2565546  1.2452252  1.2463304  1.2466613  1.2552557  1.2448828
 1.2202562  1.1974423  1.2174193  1.2132238  1.1934156  1.1841798
 1.1771741  1.177824   1.1651106  1.140095   1.1298374  1.1107924
 1.0892607  1.0791605  1.057445   1.0290616  1.0081847  0.9678414
 0.94122076 0.9349214  0.9313624  0.8952974  0.89938825 0.8922442
 0.88245577 0.8630936  0.8630936 ]
Returns:
[4.43127377 4.50597067 4.36417189 4.24766035 4.1815341  4.04182326
 4.02706886 3.87217011 3.90190566 3.81880133 3.85709623 3.74260655
 3.72841838 3.74694407 3.71064478 3.47183711 3.22933492 3.24141945
 3.22778455 3.25020907 3.19649271 2.94805832 2.90240684 2.89572386
 2.86613204 2.87522249 2.85471205 2.79310603 2.86811622 2.82972193
 2.77208984 2.83821043 2.82634167 2.90192853 2.92072596 2.83127247
 2.74528056 2.8039648  2.6325027  2.54565581 2.39852964 2.34287699
 2.39663697 2.39348523 2.3978045  2.47531382 2.36643425 2.44520687
 2.5192516  2.4630039  2.52292253 2.60867045 2.33892212 2.40132254
 2.43203718 2.40776549 2.35676014 2.45855513 2.23868963 2.32591255
 1.83039121 1.92851592 1.98080594 1.98743373 2.01871262 2.13053124
 1.99482559 2.00950818 2.08412649 2.22470787 2.36969775 2.51135789
 2.66814306 2.51124485 2.60556834 2.75988948 2.84430675 3.00890845
 3.18469198 3.31419441 3.44095473 3.34508939 3.40383713 3.56525877
 3.70746164 3.68634643 3.75559893 3.75824884 3.78741819 3.73138152
 3.79197703 3.73708316 3.73714599 3.67935127 3.69654527 3.75313329
 3.84763365 3.92317922 4.01298574 3.74580487 3.75990506 3.847763
 3.86365134 3.84309895 3.94821921 3.95122064 3.95392946 4.01945566
 4.0158133  4.06311096 4.09358901 4.19312597 4.17582995 4.11705607
 3.90349106 3.9214371  3.97710651 3.96863953 4.09428519 4.21530015
 4.28212317 4.36906023 4.21289841 4.1424734  4.15588739 4.18923732
 4.17128932 4.29652465 4.35992065 4.465834   4.57398513 4.68447512
 4.51537753 4.40298044 4.36218845 4.45213975 4.4390449  4.49840508
 4.56380083 4.65433631 4.66484999 4.69673941 4.7815731  4.79673359
 4.35331969 4.14956731 4.10752172 4.1708524  4.17756245 3.84214926
 3.81600537 3.819264   3.73481444 3.62461928 3.57347034 3.48709064
 3.51161799 3.43127568 3.34555003 3.22554366 3.16708842 3.18692819
 3.12197928 3.14368321 3.16347714 3.12915345 3.08688778 2.90834863
 2.92623258 2.92401063 2.86588819 2.88888437 2.83862116 2.85281077
 2.61152546 2.56523074 2.17131102 2.17165056 2.12291473 2.08620008
 2.02445532 1.98575604 1.88052372 1.71190485 1.59754929 1.53000847
 1.43878407 1.38986369 1.36122172 1.2439483  1.21576876 0.85957359
 0.83077975 0.72293086 0.65832873 0.4502317  0.32571179 0.27933147
 0.22983409 0.11056525]
Advants:
[2.24335412 2.33620315 2.19686116 2.12668016 2.08093407 1.96462681
 1.9757396  1.80631518 1.85972675 1.77223291 1.82591869 1.73568365
 1.74378853 1.7890359  1.7884454  1.58036983 1.37435374 1.41374905
 1.41877122 1.47511601 1.44750723 1.24714543 1.22664407 1.26419094
 1.26580586 1.31137414 1.30505286 1.28363934 1.38413533 1.34416407
 1.31810811 1.38661331 1.3591872  1.43731062 1.44732844 1.3208331
 1.22010502 1.28731812 1.09883761 1.00698544 0.89152574 0.82497401
 0.8717355  0.87905232 0.86883415 0.9537416  0.8580561  0.93604399
 1.02206353 0.98336944 1.04772821 1.14027621 0.89069639 0.94357682
 0.98676936 0.93387016 0.88964589 0.99710183 0.78803697 0.86818266
 0.32114433 0.40805927 0.42659439 0.42805593 0.45948918 0.55178547
 0.36198344 0.3370171  0.39280352 0.50373134 0.61939908 0.732518
 0.86465491 0.67874685 0.73356523 0.87012958 0.91038873 1.0395113
 1.19771097 1.28804128 1.39562221 1.29453974 1.34145708 1.47066277
 1.60594583 1.58520555 1.627713   1.62509393 1.64720265 1.5988763
 1.64694762 1.60368305 1.59039105 1.52943061 1.54870071 1.59776504
 1.68975133 1.7610941  1.84812769 1.60585117 1.60098787 1.6807935
 1.69695333 1.6828832  1.78070859 1.78172575 1.74563485 1.78368784
 1.75731118 1.78100213 1.81319796 1.90044173 1.86215359 1.78044443
 1.57583547 1.56784602 1.62750003 1.61301511 1.7319426  1.85056485
 1.9156801  2.00996803 1.8376736  1.76297958 1.77971625 1.79566434
 1.78118836 1.90286356 1.95612296 2.06355752 2.18484899 2.30151117
 2.16945318 2.09193213 2.04251885 2.14252844 2.14869256 2.21391477
 2.30816896 2.42613137 2.46909205 2.52217404 2.63799192 2.69386438
 2.25777741 2.06185236 2.05239241 2.13868107 2.17912681 1.88472857
 1.866473   1.88283477 1.84078687 1.77497464 1.73539573 1.65523172
 1.6982637  1.62192905 1.5764728  1.4887885  1.44017475 1.4894471
 1.44170937 1.49054855 1.54064269 1.53883301 1.51745624 1.34618718
 1.39751211 1.43535568 1.40548039 1.46069944 1.43534854 1.49703171
 1.31395509 1.32619088 0.93825246 0.97109725 0.97199635 0.97603525
 0.9538059  0.94851886 0.89010244 0.7790653  0.70708811 0.69194945
 0.65630007 0.65322279 0.68486972 0.63509012 0.67000356 0.39019539
 0.42706914 0.36475218 0.34439584 0.211196   0.12074781 0.12171153
 0.12439904 0.06741053]
Mus:
[[-0.015695   -0.00532967]
 [-0.01570937 -0.00535446]
 [-0.01533632 -0.00469939]
 [-0.01579055 -0.0047517 ]
 [-0.01615955 -0.00559377]
 [-0.01602847 -0.0050596 ]
 [-0.01633337 -0.00502018]
 [-0.01717184 -0.00519384]
 [-0.01771342 -0.00566799]
 [-0.01816251 -0.00562993]
 [-0.01870535 -0.00601046]
 [-0.01888955 -0.00568   ]
 [-0.01960002 -0.00585548]
 [-0.02054712 -0.00625126]
 [-0.02199479 -0.00684031]
 [-0.02355246 -0.00706866]
 [-0.02260745 -0.00763881]
 [-0.02333018 -0.00809929]
 [-0.02516373 -0.00913303]
 [-0.02495692 -0.00914406]
 [-0.02674093 -0.01031766]
 [-0.02447556 -0.00976953]
 [-0.02550755 -0.00995028]
 [-0.02488348 -0.00969211]
 [-0.02595973 -0.01044069]
 [-0.02627353 -0.01029993]
 [-0.02865334 -0.01109334]
 [-0.02580041 -0.00958054]
 [-0.02484325 -0.0089499 ]
 [-0.02542972 -0.00880855]
 [-0.02292636 -0.00789361]
 [-0.02114624 -0.00714415]
 [-0.02148147 -0.0072129 ]
 [-0.01991253 -0.00669722]
 [-0.02046395 -0.00718757]
 [-0.02314293 -0.00846557]
 [-0.02623798 -0.01044889]
 [-0.02660679 -0.01103638]
 [-0.02702363 -0.01139497]
 [-0.02486226 -0.01015857]
 [-0.02421281 -0.00980451]
 [-0.02257377 -0.00885748]
 [-0.02263673 -0.00884316]
 [-0.02407602 -0.0097077 ]
 [-0.02389569 -0.00965186]
 [-0.02440044 -0.00997349]
 [-0.02463853 -0.01056674]
 [-0.0238401  -0.01044025]
 [-0.02184401 -0.0097008 ]
 [-0.01745624 -0.00746694]
 [-0.01657256 -0.00744724]
 [-0.01462651 -0.00669023]
 [-0.01118614 -0.00581544]
 [-0.00903836 -0.0050554 ]
 [-0.00391625 -0.00289901]
 [-0.00576855 -0.00408777]
 [-0.00778775 -0.00550422]
 [-0.00631691 -0.00489296]
 [-0.00730409 -0.00609661]
 [-0.00560825 -0.00535534]
 [-0.00317541 -0.00374428]
 [-0.00149922 -0.00294498]
 [-0.00189114 -0.00303856]
 [ 0.00175827 -0.00101224]
 [ 0.00228248 -0.00084424]
 [ 0.00480015  0.00060264]
 [ 0.00552558  0.00100283]
 [ 0.00971028  0.0035523 ]
 [ 0.00923501  0.0034724 ]
 [ 0.00970353  0.0039475 ]
 [ 0.00999048  0.00433951]
 [ 0.00976559  0.00440809]
 [ 0.00927786  0.00435118]
 [ 0.00573706  0.00225347]
 [ 0.00353321  0.00130238]
 [ 0.00030231 -0.00014704]
 [-0.00066873 -0.00039646]
 [-0.00345711 -0.00162962]
 [-0.00731253 -0.00335699]
 [-0.00954713 -0.00406221]
 [-0.01362961 -0.00594626]
 [-0.02100003 -0.00945026]
 [-0.02663308 -0.01182344]
 [-0.02900646 -0.01241577]
 [-0.03218072 -0.0137845 ]
 [-0.03335425 -0.01420866]
 [-0.03710769 -0.01585324]
 [-0.03568668 -0.01504405]
 [-0.03634378 -0.01531738]
 [-0.03521369 -0.01483376]
 [-0.03715352 -0.01602828]
 [-0.03473225 -0.01516083]
 [-0.03631621 -0.01632529]
 [-0.03448183 -0.01582536]
 [-0.03144018 -0.01489906]
 [-0.02957567 -0.01479521]
 [-0.02543576 -0.01373392]
 [-0.02051916 -0.01245913]
 [-0.01559385 -0.01117576]
 [-0.00711495 -0.00760504]
 [-0.00355182 -0.00666528]
 [ 0.00176554 -0.00475188]
 [ 0.00662378 -0.00268067]
 [ 0.01061601 -0.00069019]
 [ 0.01254076  0.00012876]
 [ 0.01338734  0.00105103]
 [ 0.01284705  0.00147395]
 [ 0.0118158   0.00126302]
 [ 0.01066575  0.00180339]
 [ 0.00934459  0.00171715]
 [ 0.00899119  0.00107023]
 [ 0.00813694  0.00135891]
 [ 0.00775438  0.00203158]
 [ 0.00773592  0.00269952]
 [ 0.00693673  0.00144098]
 [ 0.00598848  0.00088163]
 [ 0.00527141  0.00088247]
 [ 0.00612722  0.00205606]
 [ 0.00534208  0.00183371]
 [ 0.0049908   0.00197724]
 [ 0.00237236  0.00059658]
 [ 0.00048348 -0.00032615]
 [ 0.00221399  0.00164579]
 [ 0.00326886  0.00285286]
 [ 0.00096828  0.00169606]
 [-0.00033701  0.0013255 ]
 [-0.00057298  0.00155371]
 [-0.00207012  0.00101803]
 [-0.00340671  0.00062216]
 [-0.00327514  0.00090709]
 [-0.00347682  0.00092518]
 [-0.0045317   0.00058654]
 [-0.00596446 -0.00021272]
 [-0.00592426 -0.00043729]
 [-0.00947774 -0.00196225]
 [-0.01117701 -0.00277354]
 [-0.00952923 -0.00198752]
 [-0.01052518 -0.002229  ]
 [-0.01077671 -0.00238527]
 [-0.01295456 -0.00353592]
 [-0.01251691 -0.00330235]
 [-0.01431823 -0.00413224]
 [-0.0159214  -0.00496224]
 [-0.01841495 -0.00650097]
 [-0.01720743 -0.0053936 ]
 [-0.01651789 -0.00469626]
 [-0.01569863 -0.004149  ]
 [-0.01583216 -0.00421264]
 [-0.01528188 -0.00383563]
 [-0.01409318 -0.00302217]
 [-0.01492465 -0.00338415]
 [-0.0153246  -0.00355825]
 [-0.01503839 -0.00380047]
 [-0.01426515 -0.00407528]
 [-0.01618921 -0.00488294]
 [-0.01802173 -0.00576065]
 [-0.01910675 -0.00638047]
 [-0.01967627 -0.00652417]
 [-0.01873695 -0.00615473]
 [-0.0180842  -0.0057186 ]
 [-0.01984507 -0.0067332 ]
 [-0.02050537 -0.00724746]
 [-0.02036479 -0.00702882]
 [-0.02061606 -0.00717461]
 [-0.02086497 -0.00727119]
 [-0.02141836 -0.00730827]
 [-0.02233421 -0.00753025]
 [-0.02288674 -0.00731752]
 [-0.02320591 -0.00761476]
 [-0.02333103 -0.00771205]
 [-0.02380262 -0.00761191]
 [-0.02436643 -0.00786852]
 [-0.02521278 -0.00842519]
 [-0.02515413 -0.00847698]
 [-0.02518184 -0.00824931]
 [-0.02552649 -0.00877508]
 [-0.02836861 -0.01022025]
 [-0.02864413 -0.01032028]
 [-0.02818292 -0.0102527 ]
 [-0.02840301 -0.01024587]
 [-0.02986124 -0.01124064]
 [-0.03091171 -0.01152156]
 [-0.03057663 -0.01112397]
 [-0.02994454 -0.01067319]
 [-0.03069666 -0.01156915]
 [-0.03081352 -0.01147213]
 [-0.03001168 -0.01103273]
 [-0.03173675 -0.0117926 ]
 [-0.03128735 -0.01170193]
 [-0.03042928 -0.01175599]
 [-0.03082356 -0.01195422]
 [-0.02806303 -0.01060546]
 [-0.02895503 -0.01094892]
 [-0.03073693 -0.01132825]
 [-0.03235165 -0.0119479 ]
 [-0.02833761 -0.00998327]
 [-0.0309549  -0.01113766]
 [-0.03102319 -0.0111633 ]
 [-0.03016222 -0.01088218]
 [-0.02481    -0.00884142]]
Actions:
[[ 2.07350891e-02  4.92017960e-02]
 [ 3.82693983e-01 -2.55289669e-02]
 [-2.29404728e-01 -3.74491663e-01]
 [-3.47681235e-01  2.38057752e-01]
 [ 1.86559671e-01 -3.26748104e-01]
 [ 2.26042131e-02 -2.25182049e-01]
 [ 3.20499732e-01  2.33168152e-01]
 [-1.84572845e-01 -4.02222940e-02]
 [ 2.65060280e-01  1.14662637e-01]
 [-8.90784243e-02  4.75884652e-02]
 [ 1.20265981e-01 -3.10234832e-01]
 [ 4.39194867e-02 -1.81448140e-01]
 [-3.02753623e-02 -1.70322881e-01]
 [-7.90557689e-02 -2.84459528e-01]
 [ 1.43793916e-01 -4.65083935e-01]
 [-5.97167656e-01 -6.75736627e-02]
 [-6.43785245e-02 -1.46746885e-01]
 [-5.31502317e-02  2.38764637e-01]
 [-7.15139236e-02 -2.08303533e-01]
 [-1.99461946e-01  3.03865876e-01]
 [-4.38941780e-01 -4.21780597e-01]
 [ 2.41167057e-01 -3.96374741e-02]
 [-4.60150052e-02 -2.65792250e-01]
 [-3.60047163e-01  1.37194836e-01]
 [ 1.33324578e-01 -1.34775959e-01]
 [ 9.99354484e-02  2.47573059e-01]
 [ 9.12291126e-02 -3.36712115e-01]
 [ 6.47470345e-02 -1.72682314e-02]
 [ 2.45284818e-01  1.85893454e-01]
 [-3.99503053e-01 -1.73879794e-01]
 [-2.69316699e-03  1.22864202e-01]
 [ 1.68552455e-01  2.21267317e-01]
 [-1.14936836e-01  4.97551820e-02]
 [-7.61245636e-02  2.58450679e-01]
 [ 3.69069946e-01  5.21244303e-02]
 [-2.71840971e-01 -3.39662559e-01]
 [-1.70777220e-01  8.29126028e-02]
 [ 2.92400531e-01  3.78446391e-01]
 [ 3.69971552e-01  6.02230521e-02]
 [-2.91814667e-01 -4.28197346e-01]
 [ 3.09453490e-01  5.65127831e-02]
 [ 8.56540267e-02  8.09849157e-02]
 [-3.03213893e-01 -1.11722137e-01]
 [ 1.46811485e-01  1.83138034e-01]
 [-1.34828777e-01 -6.06020092e-02]
 [-4.71627572e-01 -1.37759122e-01]
 [-3.21125688e-02  5.00106171e-02]
 [-1.00565847e-01 -1.32024641e-01]
 [ 1.72520611e-01 -3.31187158e-01]
 [-1.96914546e-01  1.31209845e-02]
 [ 2.24878856e-02 -1.80567636e-02]
 [-5.82060587e-01 -2.52420778e-01]
 [ 8.23918320e-02  9.05229668e-02]
 [-7.90269259e-02 -2.42299787e-01]
 [ 1.77937795e-01  2.69852412e-01]
 [-3.86032462e-01  1.17187303e-01]
 [-5.72284310e-02 -6.50029439e-02]
 [-5.87575836e-01  1.16485725e-01]
 [-2.14993917e-01  3.05902472e-02]
 [ 7.25835407e-01  1.68798487e-01]
 [-1.11903668e-01 -9.52472016e-02]
 [ 8.57444211e-02  2.45716877e-01]
 [-2.29725686e-02 -3.25831146e-01]
 [-2.99143128e-01 -1.30973448e-01]
 [-1.60436665e-03 -1.31073109e-01]
 [ 2.79152471e-01  4.44329343e-01]
 [ 3.03729958e-01 -1.32709335e-01]
 [-1.93930460e-01 -1.63401904e-01]
 [ 1.93715106e-02 -3.18366833e-02]
 [ 4.63579891e-02 -2.25400842e-02]
 [ 5.78696906e-02  7.67225839e-02]
 [ 5.36888538e-02  7.14257510e-02]
 [-1.31581288e-01  5.54252460e-01]
 [ 7.75176732e-02  2.73677000e-01]
 [-1.60171493e-01  4.50996821e-02]
 [ 2.16436862e-01  2.17394824e-01]
 [ 4.15712133e-02  1.68693933e-01]
 [-1.80127176e-01  2.75854752e-03]
 [ 1.95912252e-01  1.66400281e-01]
 [-1.59414686e-01  2.53378990e-01]
 [-5.83139121e-01  5.73197647e-02]
 [-4.19222600e-01 -7.30268894e-02]
 [ 1.12811584e-01 -1.75536718e-02]
 [-2.11217556e-01  1.04763684e-01]
 [-4.29824584e-01 -2.46410846e-01]
 [-2.93490458e-02  2.80378427e-01]
 [ 5.17869606e-02 -3.37616611e-01]
 [-3.99066634e-01 -4.04061978e-02]
 [ 1.32115441e-01 -3.36253431e-01]
 [-1.56835596e-02  2.17837715e-01]
 [-1.77179282e-01 -3.67326740e-01]
 [ 1.20950797e-01  2.39908549e-01]
 [-4.26886265e-01 -1.36721493e-01]
 [ 1.03401074e-01 -1.84704082e-01]
 [-1.70807259e-01  1.26241276e-01]
 [-9.61820646e-02  6.88399388e-02]
 [-5.11231120e-02  1.56866884e-01]
 [-1.40200533e-01  1.40302425e-01]
 [ 3.20238742e-02 -5.80107716e-01]
 [ 7.40898440e-03  2.68543172e-01]
 [-1.55670367e-01  4.21263371e-02]
 [ 2.13961323e-01 -1.51516444e-01]
 [ 1.76871231e-01 -2.74167842e-01]
 [-6.42779205e-02  6.57372355e-02]
 [ 1.49064093e-01 -2.39084211e-01]
 [ 3.04142014e-01  4.03173492e-02]
 [ 1.31596438e-01  1.94774782e-01]
 [ 2.53909493e-01 -1.69952243e-01]
 [ 2.23352711e-01  1.32680317e-01]
 [-2.92090658e-01  1.99065904e-01]
 [ 1.51222089e-01 -3.94885114e-02]
 [ 3.62804608e-01  1.33238325e-02]
 [ 4.13474199e-01  9.34562807e-02]
 [-5.95274306e-01  1.19649349e-01]
 [ 2.95092394e-02  3.53629506e-01]
 [-1.92918724e-01 -1.87451020e-01]
 [ 8.89701079e-02 -3.01892279e-01]
 [-8.07910126e-02  2.67564931e-02]
 [-2.53569527e-02 -5.42777435e-02]
 [-1.97800670e-01  2.46267123e-01]
 [-2.32524463e-01  1.48812981e-01]
 [ 3.86275186e-01 -3.04637763e-01]
 [ 1.86185802e-01 -3.55466737e-01]
 [-3.71583291e-01  4.86221299e-03]
 [ 1.86378525e-01  2.32144977e-01]
 [-1.37627537e-01 -3.17648897e-01]
 [-5.41185775e-02  6.91274482e-02]
 [ 1.32593133e-01  1.99330832e-01]
 [ 6.89683190e-02 -8.32204600e-02]
 [-6.46139433e-02 -1.24942055e-01]
 [ 6.03462168e-02  1.34605162e-01]
 [-5.23234022e-01 -2.09262672e-01]
 [-3.96099212e-01 -2.74185324e-01]
 [ 2.94359362e-02  4.28974891e-01]
 [-6.60235111e-02  1.92084980e-01]
 [-1.28910998e-02 -3.24363868e-01]
 [ 1.77119412e-01  1.43078758e-02]
 [-4.05870927e-02 -1.85073567e-01]
 [-1.20888097e-01  1.39281561e-01]
 [ 1.34493065e-01 -2.18639450e-01]
 [ 1.08694688e-01  2.18110065e-01]
 [ 2.28828881e-02  1.57391242e-01]
 [-2.54777161e-01  2.36811209e-01]
 [ 6.59963314e-01  1.60486513e-02]
 [ 4.50829263e-01 -2.68709119e-02]
 [ 6.90625696e-03 -2.94997206e-01]
 [ 3.63786715e-02  2.83474716e-02]
 [ 3.79790519e-02 -1.97499451e-01]
 [ 5.08116885e-02 -5.84064017e-01]
 [ 1.48914169e-01  1.69119931e-01]
 [ 1.08305611e-01  1.09205008e-01]
 [-3.31581845e-01 -2.22709070e-01]
 [-4.09396620e-01 -1.44663535e-01]
 [ 1.62713058e-01  1.85239681e-01]
 [ 9.94710474e-02  3.22643956e-01]
 [-1.55085014e-02  1.47078060e-01]
 [ 2.32650696e-01  1.96238438e-01]
 [-1.78328785e-01 -3.02940315e-01]
 [ 5.61133401e-02 -3.27244440e-01]
 [-4.03730392e-02  3.07832446e-01]
 [-1.86954485e-01  4.44723382e-03]
 [ 2.16778285e-01 -5.31189284e-02]
 [-1.32786255e-02 -4.12433678e-02]
 [ 1.15818821e-02 -6.73102874e-02]
 [ 1.22054645e-01 -1.76576506e-01]
 [ 1.75466594e-01  7.41628161e-02]
 [ 3.73102837e-01  4.93693943e-02]
 [-1.40257243e-01  1.10131499e-04]
 [-8.86421142e-02 -1.55663042e-01]
 [ 2.03993322e-01 -8.87594103e-02]
 [-1.46684152e-03  5.79284024e-02]
 [-7.47380586e-02  2.89111094e-01]
 [-1.06458200e-01 -1.01372669e-01]
 [ 3.82950346e-03 -4.79296729e-01]
 [-3.12819050e-01 -1.18598383e-01]
 [ 6.24077161e-03  6.27317455e-01]
 [ 6.43899161e-03 -3.59122836e-02]
 [-1.39146150e-01 -2.31980865e-01]
 [ 6.50703149e-02 -1.53578277e-01]
 [-2.18739041e-01  2.15651174e-01]
 [ 1.30098507e-01  1.40928693e-02]
 [ 1.37690923e-01 -2.35887095e-01]
 [ 2.44959027e-02 -3.88851429e-01]
 [-3.50735080e-01  2.09062322e-01]
 [ 6.39572078e-02 -1.82069817e-01]
 [ 1.33709409e-02 -2.57875940e-01]
 [-1.04064186e-02  1.67163388e-01]
 [-1.30988046e-01 -1.32966289e-01]
 [-4.15229855e-01 -8.89120717e-02]
 [-3.83260355e-02 -1.83170051e-02]
 [ 1.07094196e-01 -5.30163773e-01]
 [-6.13718594e-02  1.54093443e-02]
 [ 1.63813995e-01  1.58244825e-01]
 [-2.96979386e-02  1.90324114e-01]
 [ 1.03355923e-01 -3.80982662e-01]
 [-1.86022351e-01  2.66403702e-01]
 [-1.04438152e-01  4.17379469e-02]
 [-1.59247693e-01 -8.51197024e-03]
 [-2.11486734e-01 -2.35187727e-01]
 [ 1.09483401e-01  1.58384391e-01]]
States:
[[0.9993732  0.99770297 0.48412709 0.54608074 0.51310803 0.59714705]
 [0.99939261 0.99760515 0.48452387 0.5470496  0.5184235  0.6100393 ]
 [0.99973627 0.99745932 0.49306249 0.54845761 0.61646697 0.60305574]
 ...
 [0.99263604 0.04860653 0.4226585  0.1766046  0.31792398 0.27781663]
 [0.98590591 0.01707462 0.38973933 0.21459877 0.28090977 0.28191049]
 [0.97499752 0.         0.35084835 0.25861449 0.23121836 0.22652057]]
Logstds:
[[-3. -3.]
 [-3. -3.]
 [-3. -3.]
 [-3. -3.]
 [-3. -3.]
 [-3. -3.]
 [-3. -3.]
 [-3. -3.]
 [-3. -3.]
 [-3. -3.]
 [-3. -3.]
 [-3. -3.]
 [-3. -3.]
 [-3. -3.]
 [-3. -3.]
 [-3. -3.]
 [-3. -3.]
 [-3. -3.]
 [-3. -3.]
 [-3. -3.]
 [-3. -3.]
 [-3. -3.]
 [-3. -3.]
 [-3. -3.]
 [-3. -3.]
 [-3. -3.]
 [-3. -3.]
 [-3. -3.]
 [-3. -3.]
 [-3. -3.]
 [-3. -3.]
 [-3. -3.]
 [-3. -3.]
 [-3. -3.]
 [-3. -3.]
 [-3. -3.]
 [-3. -3.]
 [-3. -3.]
 [-3. -3.]
 [-3. -3.]
 [-3. -3.]
 [-3. -3.]
 [-3. -3.]
 [-3. -3.]
 [-3. -3.]
 [-3. -3.]
 [-3. -3.]
 [-3. -3.]
 [-3. -3.]
 [-3. -3.]
 [-3. -3.]
 [-3. -3.]
 [-3. -3.]
 [-3. -3.]
 [-3. -3.]
 [-3. -3.]
 [-3. -3.]
 [-3. -3.]
 [-3. -3.]
 [-3. -3.]
 [-3. -3.]
 [-3. -3.]
 [-3. -3.]
 [-3. -3.]
 [-3. -3.]
 [-3. -3.]
 [-3. -3.]
 [-3. -3.]
 [-3. -3.]
 [-3. -3.]
 [-3. -3.]
 [-3. -3.]
 [-3. -3.]
 [-3. -3.]
 [-3. -3.]
 [-3. -3.]
 [-3. -3.]
 [-3. -3.]
 [-3. -3.]
 [-3. -3.]
 [-3. -3.]
 [-3. -3.]
 [-3. -3.]
 [-3. -3.]
 [-3. -3.]
 [-3. -3.]
 [-3. -3.]
 [-3. -3.]
 [-3. -3.]
 [-3. -3.]
 [-3. -3.]
 [-3. -3.]
 [-3. -3.]
 [-3. -3.]
 [-3. -3.]
 [-3. -3.]
 [-3. -3.]
 [-3. -3.]
 [-3. -3.]
 [-3. -3.]
 [-3. -3.]
 [-3. -3.]
 [-3. -3.]
 [-3. -3.]
 [-3. -3.]
 [-3. -3.]
 [-3. -3.]
 [-3. -3.]
 [-3. -3.]
 [-3. -3.]
 [-3. -3.]
 [-3. -3.]
 [-3. -3.]
 [-3. -3.]
 [-3. -3.]
 [-3. -3.]
 [-3. -3.]
 [-3. -3.]
 [-3. -3.]
 [-3. -3.]
 [-3. -3.]
 [-3. -3.]
 [-3. -3.]
 [-3. -3.]
 [-3. -3.]
 [-3. -3.]
 [-3. -3.]
 [-3. -3.]
 [-3. -3.]
 [-3. -3.]
 [-3. -3.]
 [-3. -3.]
 [-3. -3.]
 [-3. -3.]
 [-3. -3.]
 [-3. -3.]
 [-3. -3.]
 [-3. -3.]
 [-3. -3.]
 [-3. -3.]
 [-3. -3.]
 [-3. -3.]
 [-3. -3.]
 [-3. -3.]
 [-3. -3.]
 [-3. -3.]
 [-3. -3.]
 [-3. -3.]
 [-3. -3.]
 [-3. -3.]
 [-3. -3.]
 [-3. -3.]
 [-3. -3.]
 [-3. -3.]
 [-3. -3.]
 [-3. -3.]
 [-3. -3.]
 [-3. -3.]
 [-3. -3.]
 [-3. -3.]
 [-3. -3.]
 [-3. -3.]
 [-3. -3.]
 [-3. -3.]
 [-3. -3.]
 [-3. -3.]
 [-3. -3.]
 [-3. -3.]
 [-3. -3.]
 [-3. -3.]
 [-3. -3.]
 [-3. -3.]
 [-3. -3.]
 [-3. -3.]
 [-3. -3.]
 [-3. -3.]
 [-3. -3.]
 [-3. -3.]
 [-3. -3.]
 [-3. -3.]
 [-3. -3.]
 [-3. -3.]
 [-3. -3.]
 [-3. -3.]
 [-3. -3.]
 [-3. -3.]
 [-3. -3.]
 [-3. -3.]
 [-3. -3.]
 [-3. -3.]
 [-3. -3.]
 [-3. -3.]
 [-3. -3.]
 [-3. -3.]
 [-3. -3.]
 [-3. -3.]
 [-3. -3.]
 [-3. -3.]
 [-3. -3.]
 [-3. -3.]]
