Baseline:
[0.48101282 0.45668352 0.45114872 0.45250604 0.4453616  0.44334796
 0.44271803 0.43648443 0.4349913  0.42670825 0.4241056  0.41613132
 0.42368358 0.4100359  0.4020535  0.3878645  0.37614965 0.3600181
 0.35198104 0.34301996 0.34141016 0.34160566 0.34282428 0.35416484
 0.35530686 0.36446294 0.36270377 0.37304005 0.37906584 0.3784542
 0.37425357 0.37309608 0.3737613  0.39210153 0.39294022 0.37811124
 0.39536592 0.40563798 0.41345054 0.42487448 0.43042633 0.42710194
 0.44250998 0.44521683 0.444298   0.44257265 0.4630623  0.46035028
 0.47445494 0.47466764 0.48577672 0.4985636  0.49975187 0.49592185
 0.48816425 0.4680757  0.4595475  0.44238746 0.437179   0.45429438
 0.4427185  0.4223653  0.41221246 0.40024346 0.39627367 0.3932345
 0.38574865 0.3698735  0.36718434 0.36880276 0.3567711  0.3385015
 0.32942444 0.31418324 0.27430272 0.2668288  0.26309428 0.2501994
 0.24590713 0.23881057 0.22575273 0.22147092 0.23527607 0.22662118
 0.22947297 0.225632   0.22448033 0.22910346 0.21254253 0.22665891
 0.23084548 0.23681504 0.24537066 0.2530431  0.26216766 0.26348275
 0.24599406 0.22882068 0.23934521 0.21686444 0.22518103 0.21429518
 0.21869358 0.22510505 0.23520198 0.23106927 0.23850292 0.24937059
 0.2450442  0.25256062 0.26481292 0.27397144 0.2952919  0.29680926
 0.3016795  0.31580198 0.33210248 0.3449437  0.34408063 0.35684156
 0.369559   0.3691588  0.37792557 0.3947343  0.3971583  0.4170697
 0.41606355 0.41654775 0.4270882  0.42419964 0.4428469  0.45049357
 0.4526716  0.4550774  0.44703102 0.43895915 0.43885517 0.43435624
 0.44244525 0.4279834  0.4225858  0.41931877 0.41729283 0.39691204
 0.4142163  0.408157   0.407499   0.40125376 0.38180843 0.38800216
 0.39352006 0.39025995 0.40663135 0.40782228 0.4239034  0.42393786
 0.4276439  0.41639215 0.39994907 0.39822033 0.3871161  0.36692393
 0.37541607 0.37824786 0.39527744 0.3943388  0.40051937 0.39450622
 0.3988278  0.40463156 0.39977512 0.3960531  0.39279807 0.39845562
 0.38648036 0.38780832 0.39165425 0.37520495 0.3757447  0.36779058
 0.36009783 0.34894654 0.35862002 0.3460969  0.33565104 0.33549145
 0.32940096 0.3390373  0.31870922 0.30517125 0.29183915 0.27341062
 0.25295454 0.23370628 0.21998142 0.2154537  0.21878827 0.19576654
 0.1897505  0.19267386 0.19267386]
Returns:
[-0.16384974 -0.51236821 -0.58018051 -0.56937386 -0.53174535 -0.48757418
 -0.42974788 -0.57899745 -0.5130406  -0.72349442 -0.67780596 -0.64476126
 -0.69039082 -0.68802284 -0.66180673 -0.79859944 -0.7440741  -1.06314884
 -1.01616118 -0.96516933 -0.9146198  -0.85925221 -0.80772419 -1.03111713
 -0.95353019 -0.93388956 -0.87615784 -0.89199844 -0.92778009 -0.98965507
 -1.16292833 -1.12975214 -1.15803019 -1.18304663 -1.15231551 -1.27835727
 -1.30215466 -1.34528119 -1.31901284 -1.32584652 -1.2958259  -1.25013847
 -1.23699171 -1.19496754 -1.14281337 -1.07176911 -1.20364157 -1.16054733
 -1.1477948  -1.11097815 -1.07394309 -1.10754186 -1.04685369 -0.98578519
 -0.99069665 -1.01113344 -1.02667486 -1.0664989  -1.03057845 -1.20109905
 -1.1684278  -1.15769894 -1.09245271 -1.03758216 -0.96732133 -0.95851936
 -0.8752173  -0.84050685 -0.92000045 -0.94601005 -0.87261833 -0.7954735
 -0.7814747  -0.67075126 -1.20682483 -1.18935198 -1.23035362 -1.18365297
 -1.08823798 -0.9930985  -1.12092307 -1.04835896 -1.03175611 -0.9793338
 -0.88538852 -0.79217958 -0.79670018 -0.71755479 -0.82185586 -0.77444979
 -0.66517995 -0.54602509 -0.44062488 -0.36555659 -0.28988975 -0.15593911
 -0.19054126 -0.21622722 -0.20823526 -0.39339542 -0.26518633 -0.24831082
 -0.15496538 -0.02914577 -0.02456553  0.01961355  0.07100074  0.16406227
  0.1715454   0.30008317  0.42064668  0.56888111  0.56867805  0.55184116
  0.49696379  0.63312536  0.77785993  0.92073655  0.8648669   0.99522132
  1.00031701  1.01795147  1.12581841  1.15016927  1.22560722  0.92135888
  0.96531934  1.02152523  1.06292565  1.10129982  1.01873046  0.79248133
  0.76754909  0.8161354   0.86267665  0.94240543  0.91487411  0.95551099
  0.88804937  0.89715037  0.95394546  1.02978531  1.13337903  1.00637617
  0.84490276  0.86544628  0.96663557  1.04621986  0.79295438  0.87139989
  0.88132578  0.80349614  0.4569227   0.40524686  0.34762565  0.39964673
  0.21050526  0.22464396  0.14967759  0.19193739  0.18173017 -0.17609306
 -0.18176595 -0.14577738 -0.29437683 -0.33624843 -0.30882023 -0.28873003
 -0.31955974 -0.27516727 -0.22176252 -0.198872   -0.23322253 -0.56605319
 -0.56402091 -0.55580005 -0.5124307  -0.55388773 -0.78722565 -0.71729006
 -0.69035074 -0.6516529  -0.66748571 -0.61641899 -0.55396799 -0.48007304
 -0.37603398 -0.44627116 -0.46052405 -0.34640447 -0.26699484 -0.1547607
 -0.04864647  0.05734743  0.17240513  0.20048436  0.22617742  0.00672136
  0.13049619  0.23304486]
Advants:
[-0.23710409 -0.55652812 -0.61556067 -0.60229772 -0.55200155 -0.49839459
 -0.43007601 -0.56681269 -0.49046243 -0.68922743 -0.6357469  -0.58782773
 -0.63516642 -0.61231453 -0.56963972 -0.68683691 -0.61268097 -0.91640347
 -0.86052266 -0.79778651 -0.74099369 -0.67908705 -0.61991341 -0.85228738
 -0.77091765 -0.75476449 -0.68728216 -0.70559647 -0.74016452 -0.79546652
 -0.96329904 -0.92655773 -0.95378341 -0.99661711 -0.96523267 -1.07826587
 -1.12256312 -1.18113482 -1.16772204 -1.19201695 -1.17334297 -1.12910378
 -1.13661417 -1.10177714 -1.05192464 -0.98039928 -1.13882383 -1.09817981
 -1.10517576 -1.07356432 -1.05225432 -1.10508376 -1.05073639 -0.98942215
 -0.99037759 -0.99486205 -1.00658073 -1.03505201 -0.99895303 -1.1978506
 -1.16445592 -1.14418952 -1.07819551 -1.01949505 -0.95180107 -0.94668716
 -0.86039172 -0.81311674 -0.89588926 -0.93084824 -0.85073835 -0.7581391
 -0.73740451 -0.61008479 -1.12015351 -1.10949288 -1.16341573 -1.12005164
 -1.03487478 -0.94524503 -1.07724141 -1.01671623 -1.03154303 -0.98770275
 -0.9124972  -0.82968714 -0.8486132  -0.78866849 -0.89494161 -0.88073411
 -0.79310859 -0.69536762 -0.61228786 -0.55774499 -0.50309263 -0.37925771
 -0.4064508  -0.42616494 -0.44093162 -0.62191863 -0.51818531 -0.5071011
 -0.43350093 -0.32705399 -0.34680663 -0.31244931 -0.28227961 -0.21250172
 -0.21380061 -0.1032614  -0.00297546  0.13169286  0.10472061  0.0798858
  0.0112577   0.1274342   0.25347848  0.3849422   0.32978441  0.45085069
  0.44676187  0.46918815  0.57611903  0.59239219  0.67713911  0.35568628
  0.40498112  0.46712311  0.50590471  0.55704008  0.46340672  0.23050631
  0.20363774  0.25150876  0.30961924  0.4039583   0.38277809  0.43608917
  0.36707358  0.39845697  0.47105989  0.56391039  0.68771104  0.59752118
  0.43104637  0.47182283  0.59220109  0.70079469  0.4844463   0.57789278
  0.6054373   0.553669    0.20424263  0.16441087  0.10257453  0.16904583
 -0.01404746  0.02271339 -0.02528088  0.0314941   0.04629453 -0.28669092
 -0.29625268 -0.257075   -0.4212928  -0.46196027 -0.43976742 -0.41183097
 -0.44608017 -0.40531907 -0.34289851 -0.31094924 -0.33721508 -0.68093092
 -0.6721631  -0.6707431  -0.63593644 -0.66683613 -0.91434103 -0.84883049
 -0.82656102 -0.78858593 -0.8277666  -0.77704936 -0.71586711 -0.65223478
 -0.55000921 -0.64093035 -0.64665599 -0.52785636 -0.44185884 -0.3144738
 -0.18754578 -0.05804198  0.07934824  0.12230458  0.15658558 -0.03298588
  0.10826665  0.22341117]
Mus:
[[-2.62818839e-02 -1.13091413e-02]
 [-2.77255457e-02 -1.15932003e-02]
 [-2.82415934e-02 -1.14951618e-02]
 [-2.86716595e-02 -1.22680366e-02]
 [-2.84199119e-02 -1.25673432e-02]
 [-2.82737724e-02 -1.26613993e-02]
 [-2.77977400e-02 -1.27503825e-02]
 [-2.67262049e-02 -1.33070154e-02]
 [-2.52653938e-02 -1.29703367e-02]
 [-2.20950656e-02 -1.26912044e-02]
 [-1.89869758e-02 -1.15770455e-02]
 [-1.51365297e-02 -1.03859901e-02]
 [-1.16741117e-02 -9.22945980e-03]
 [-6.42024400e-03 -7.56988674e-03]
 [-2.54995353e-03 -5.71754947e-03]
 [ 4.42584889e-04 -3.83175840e-03]
 [ 3.69548565e-03 -2.51413602e-03]
 [ 5.22056269e-03 -8.64749425e-04]
 [ 6.58189738e-03 -5.29306824e-04]
 [ 7.67710712e-03 -3.62611783e-04]
 [ 6.92872563e-03 -3.43993714e-04]
 [ 6.01467583e-03 -6.06970745e-04]
 [ 5.17573394e-03 -6.81322883e-04]
 [ 5.41861774e-03 -1.34853635e-03]
 [ 5.75908320e-03 -1.26292289e-03]
 [ 5.27587952e-03 -8.79959320e-04]
 [ 5.97992539e-03 -9.44205211e-04]
 [ 5.75561402e-03 -3.42751795e-04]
 [ 6.27491111e-03 -9.83980950e-04]
 [ 6.18082797e-03 -1.38599407e-05]
 [ 6.78989198e-03 -9.19683953e-04]
 [ 6.82140328e-03 -3.58454825e-04]
 [ 6.57923659e-03 -1.16951053e-03]
 [ 5.83793549e-03 -9.64130741e-04]
 [ 5.64244902e-03 -1.40925625e-03]
 [ 5.13721397e-03 -1.28949306e-03]
 [ 3.38985375e-03 -1.35591207e-03]
 [ 2.21160124e-03 -8.99336417e-04]
 [ 1.89123442e-03 -5.57870197e-04]
 [ 1.32543128e-03 -1.15193019e-03]
 [ 1.04236370e-03 -1.64245535e-03]
 [ 6.20092149e-04 -1.89392269e-03]
 [ 4.75956011e-04 -1.61893375e-03]
 [ 9.57748038e-04 -9.60619072e-04]
 [ 1.22430199e-03 -5.74915146e-04]
 [ 8.93763325e-04 -7.08614127e-04]
 [ 9.20248276e-04 -9.50394315e-04]
 [ 8.34636157e-04 -1.28703017e-03]
 [ 1.49585225e-03 -9.01186257e-04]
 [ 1.78900699e-03 -1.14704238e-03]
 [ 2.65125674e-03 -7.75687164e-04]
 [ 4.64392127e-03  4.69173450e-04]
 [ 6.26091426e-03  9.96507588e-04]
 [ 8.57162662e-03  2.30206759e-03]
 [ 9.46226902e-03  1.94231351e-03]
 [ 1.10728424e-02  2.96674273e-03]
 [ 1.15271732e-02  2.44379020e-03]
 [ 1.33963022e-02  3.96739459e-03]
 [ 1.34331053e-02  3.55614186e-03]
 [ 1.52593656e-02  4.45174333e-03]
 [ 1.50641864e-02  3.98614118e-03]
 [ 1.48599586e-02  3.90495011e-03]
 [ 1.43556334e-02  3.51919630e-03]
 [ 1.65619813e-02  4.74589365e-03]
 [ 1.88222453e-02  5.83164161e-03]
 [ 1.79481879e-02  4.77897376e-03]
 [ 2.04545148e-02  5.93834091e-03]
 [ 2.00456046e-02  5.46230003e-03]
 [ 2.49856543e-02  8.22565053e-03]
 [ 2.38962434e-02  7.03552645e-03]
 [ 2.62073409e-02  8.30499455e-03]
 [ 2.63796560e-02  8.29370786e-03]
 [ 2.46087238e-02  6.92629581e-03]
 [ 2.54003406e-02  7.36611662e-03]
 [ 2.45470647e-02  7.52644287e-03]
 [ 2.26414241e-02  6.41989242e-03]
 [ 2.51420308e-02  8.19897465e-03]
 [ 2.40638424e-02  7.80845061e-03]
 [ 2.36078370e-02  7.64093781e-03]
 [ 2.37168465e-02  8.01044423e-03]
 [ 2.54979189e-02  9.72055737e-03]
 [ 2.45403200e-02  9.23298113e-03]
 [ 2.51177866e-02  9.50142089e-03]
 [ 2.47938931e-02  9.62427910e-03]
 [ 2.51325462e-02  1.00686932e-02]
 [ 2.44618487e-02  9.77097452e-03]
 [ 2.43235063e-02  1.04401456e-02]
 [ 2.37742476e-02  9.83612332e-03]
 [ 2.05176398e-02  8.68289173e-03]
 [ 2.03455612e-02  8.22099019e-03]
 [ 1.91466492e-02  7.68270204e-03]
 [ 1.84285082e-02  7.43066845e-03]
 [ 1.86638534e-02  7.75546301e-03]
 [ 1.80824306e-02  7.25562358e-03]
 [ 1.91327222e-02  7.99755193e-03]
 [ 1.95997078e-02  8.29765573e-03]
 [ 1.86340027e-02  8.23282823e-03]
 [ 1.54213253e-02  7.02643255e-03]
 [ 1.40776793e-02  5.94218029e-03]
 [ 1.20036853e-02  5.98719716e-03]
 [ 1.10237123e-02  5.82881318e-03]
 [ 1.00037465e-02  5.78977214e-03]
 [ 7.64687546e-03  4.66662273e-03]
 [ 5.91092743e-03  4.32011578e-03]
 [ 2.33629253e-03  2.41979398e-03]
 [ 1.99447371e-04  1.71869190e-03]
 [-3.35288513e-03 -9.47437875e-05]
 [-7.80883664e-03 -2.18849513e-03]
 [-7.82697741e-03 -1.87042542e-03]
 [-9.29572899e-03 -2.45996611e-03]
 [-1.13001196e-02 -3.16442479e-03]
 [-1.18646407e-02 -3.28682852e-03]
 [-1.54546415e-02 -5.56251081e-03]
 [-1.56627633e-02 -4.87567764e-03]
 [-1.44801121e-02 -3.63861374e-03]
 [-1.53808361e-02 -4.01412323e-03]
 [-1.69314686e-02 -4.88175824e-03]
 [-1.78845972e-02 -5.43820485e-03]
 [-1.55361351e-02 -4.97350050e-03]
 [-1.63538717e-02 -5.77163836e-03]
 [-1.81852020e-02 -6.26973016e-03]
 [-1.66399963e-02 -5.49793663e-03]
 [-1.61768124e-02 -5.49272727e-03]
 [-1.65724885e-02 -6.20790571e-03]
 [-1.55996308e-02 -5.70326298e-03]
 [-1.61566157e-02 -5.83333010e-03]
 [-1.55675160e-02 -5.97800314e-03]
 [-1.47537813e-02 -6.18943479e-03]
 [-1.43309198e-02 -6.55600009e-03]
 [-1.30646704e-02 -6.66029053e-03]
 [-1.29669094e-02 -6.97854813e-03]
 [-1.25347516e-02 -8.28916486e-03]
 [-1.06908949e-02 -7.23944698e-03]
 [-9.83571075e-03 -7.34241772e-03]
 [-7.60758063e-03 -6.05808850e-03]
 [-6.13667537e-03 -5.27508371e-03]
 [-4.82718740e-03 -4.29219753e-03]
 [-4.03158460e-03 -3.49918357e-03]
 [-4.52520000e-03 -4.72563319e-03]
 [-3.34472535e-03 -3.99430003e-03]
 [-2.61330907e-03 -4.11074888e-03]
 [-1.36955187e-03 -3.39954323e-03]
 [-6.03049819e-04 -3.08878976e-03]
 [ 1.91138336e-03 -1.29429379e-03]
 [ 1.26037386e-03 -2.11511296e-03]
 [ 2.73750001e-03 -8.64837435e-04]
 [ 2.81400001e-03 -9.22387757e-04]
 [ 3.65155051e-03 -2.10852333e-04]
 [ 5.66664385e-03  1.54466811e-03]
 [ 5.75543381e-03  1.64347910e-03]
 [ 4.61861631e-03  4.10903420e-04]
 [ 6.33272482e-03  2.03568232e-03]
 [ 6.54155109e-03  3.08267632e-03]
 [ 4.55954950e-03  1.48469594e-03]
 [ 3.13470419e-03  1.14808781e-05]
 [ 2.27975659e-03 -6.43568230e-04]
 [ 1.36568584e-03 -2.20683496e-03]
 [ 2.83213193e-03 -1.41409074e-03]
 [ 4.67873318e-03 -6.70438094e-05]
 [ 5.90647478e-03  2.05957534e-04]
 [ 7.96256121e-03  1.34287972e-03]
 [ 1.03458650e-02  2.91001517e-03]
 [ 1.14544751e-02  3.10356286e-03]
 [ 1.29383784e-02  3.27493460e-03]
 [ 1.31856836e-02  3.01984465e-03]
 [ 1.34889456e-02  3.97320604e-03]
 [ 1.34046022e-02  4.19208314e-03]
 [ 1.35026118e-02  4.37777583e-03]
 [ 1.28473770e-02  4.75246832e-03]
 [ 1.25720175e-02  4.08373820e-03]
 [ 1.23469243e-02  4.14014095e-03]
 [ 1.15649253e-02  4.19185217e-03]
 [ 1.03816092e-02  4.18838440e-03]
 [ 1.03573743e-02  2.56130961e-03]
 [ 1.02423718e-02  2.73167621e-03]
 [ 1.00764502e-02  1.93431182e-03]
 [ 9.18969791e-03  1.88682252e-03]
 [ 8.89490172e-03  2.16063717e-03]
 [ 8.03938136e-03  2.81831459e-03]
 [ 7.18169799e-03  2.36854120e-03]
 [ 6.28359150e-03  1.48280186e-03]
 [ 5.88942971e-03  1.33006496e-03]
 [ 4.55930503e-03  7.56943366e-04]
 [ 4.30538552e-03  3.90146102e-04]
 [ 3.81875620e-03  1.23630263e-04]
 [ 3.03014531e-03  4.91867468e-05]
 [ 2.67000636e-03 -2.60905334e-04]
 [ 2.49870215e-03  2.04250769e-04]
 [ 1.53231260e-03 -4.25180799e-04]
 [ 1.04101235e-03 -6.33814372e-04]
 [ 6.71513728e-04 -6.49566296e-04]
 [-8.09663834e-05 -9.22971172e-04]
 [-8.43205198e-04 -1.25398696e-03]
 [-1.33759237e-03 -1.52954436e-03]
 [-7.64140786e-05 -7.10404711e-04]
 [ 2.29705125e-03  6.78526587e-04]
 [ 4.06679278e-03  1.42661668e-03]
 [ 1.05460698e-03 -4.01138124e-04]
 [-3.51774470e-05 -7.90176215e-04]
 [-8.13440187e-04 -1.29435153e-03]]
Actions:
[[-0.42432419 -0.51940365]
 [ 0.08061905 -0.24711749]
 [-0.10476465  0.19431467]
 [-0.21063501 -0.02700964]
 [-0.00497257 -0.00679671]
 [-0.01402087  0.06738217]
 [-0.45024735  0.23581697]
 [-0.07626857  0.02289112]
 [-0.55021154  0.12711524]
 [-0.04006948 -0.05707863]
 [-0.20665537 -0.06121507]
 [ 0.15601861  0.25042777]
 [-0.28247066 -0.09808876]
 [ 0.12044735 -0.13026603]
 [ 0.10918974 -0.41458215]
 [-0.05459965 -0.10073456]
 [ 0.12172905 -0.57267585]
 [-0.02265285  0.13684589]
 [-0.06121987  0.15758099]
 [ 0.14784305  0.05307383]
 [ 0.1097455   0.12911409]
 [ 0.16010352  0.10539636]
 [ 0.0402844   0.55461978]
 [-0.01105841  0.08159658]
 [ 0.25576735  0.00270516]
 [-0.15460777  0.06966748]
 [ 0.31966318 -0.01230884]
 [-0.16336045  0.31650431]
 [ 0.17303617 -0.32733255]
 [-0.45131896  0.21713898]
 [ 0.06904981 -0.17962892]
 [-0.27028149  0.18946423]
 [ 0.30830181  0.08369092]
 [-0.18863826  0.10765476]
 [-0.32075465 -0.28968231]
 [ 0.29967566 -0.00125125]
 [ 0.2536206  -0.18847524]
 [ 0.17966834 -0.06664693]
 [ 0.03581142  0.28028562]
 [-0.05533036  0.19764562]
 [-0.15559408 -0.00471472]
 [ 0.23094861  0.0691695 ]
 [ 0.08092656 -0.1352531 ]
 [-0.00659076 -0.12559953]
 [-0.0828311  -0.03026612]
 [ 0.26148216  0.37660741]
 [-0.15543638  0.09151023]
 [ 0.20569644  0.13326614]
 [-0.11998824  0.16308147]
 [ 0.13791904  0.15698326]
 [ 0.3278984   0.05597927]
 [ 0.03493558  0.1323195 ]
 [ 0.11220169 -0.06331883]
 [-0.20782592  0.20786256]
 [-0.13124595 -0.26507741]
 [-0.23415145  0.20098108]
 [ 0.01972649 -0.32385397]
 [-0.15777512  0.14063695]
 [ 0.43642744  0.26399348]
 [-0.172568    0.08371517]
 [-0.21245228 -0.09970271]
 [-0.09685843  0.06323693]
 [ 0.08313354 -0.13795574]
 [ 0.14831899 -0.00786291]
 [-0.14303945  0.24420351]
 [ 0.12027724 -0.01660422]
 [-0.22849481  0.00662395]
 [ 0.41349017 -0.13318784]
 [-0.11446932  0.33075428]
 [ 0.16848953 -0.05274442]
 [-0.11910148 -0.05929728]
 [-0.20673049  0.21073784]
 [ 0.04278661 -0.02676145]
 [-0.47927279 -0.59379777]
 [-0.22741675  0.11854398]
 [ 0.36915442 -0.08225291]
 [-0.16735389 -0.08660851]
 [-0.03472086  0.04280793]
 [ 0.02534235 -0.0894092 ]
 [ 0.15351128 -0.436705  ]
 [-0.13489177 -0.02699733]
 [ 0.22996722  0.216205  ]
 [-0.06204668 -0.18590257]
 [ 0.11129596 -0.06550363]
 [-0.09674559 -0.05223995]
 [ 0.10711254 -0.3096929 ]
 [-0.08534769  0.15830981]
 [-0.31691417 -0.30361353]
 [ 0.01423659  0.26220629]
 [-0.03760267  0.07377021]
 [ 0.03478409  0.06903439]
 [ 0.15873094  0.02633142]
 [ 0.00548981  0.24321694]
 [ 0.25754949  0.02508421]
 [ 0.07932365 -0.00182354]
 [-0.17389413 -0.35805734]
 [-0.3175939  -0.21571419]
 [-0.09064005  0.35081307]
 [-0.13628112 -0.53185628]
 [ 0.07114688 -0.00827268]
 [-0.18512044 -0.27496905]
 [-0.1747946   0.1198335 ]
 [ 0.00628505 -0.12243652]
 [-0.18736934  0.32057833]
 [-0.24304739 -0.19279952]
 [-0.25765375  0.1719005 ]
 [-0.08664245  0.22503175]
 [-0.23496868 -0.28866476]
 [-0.15633918 -0.02591458]
 [ 0.16336865  0.05040823]
 [ 0.03410926 -0.07236854]
 [-0.02789728  0.39547869]
 [ 0.27251725 -0.28386857]
 [ 0.19764245 -0.37059079]
 [ 0.01105774 -0.05325807]
 [-0.01873707  0.07459359]
 [-0.01003053  0.01520505]
 [-0.41218965 -0.18845081]
 [-0.04826479  0.07205555]
 [ 0.30975299 -0.05564829]
 [-0.0301301  -0.29100132]
 [ 0.04165121 -0.02115268]
 [ 0.149055    0.25697893]
 [ 0.08999228 -0.14921745]
 [ 0.56142688  0.17899307]
 [-0.25813809 -0.04566857]
 [-0.25246241  0.03241667]
 [ 0.05630212  0.22726025]
 [-0.31276943  0.05159719]
 [ 0.26045927  0.31642648]
 [-0.38171943  0.47419424]
 [ 0.29085351 -0.03045418]
 [-0.03484904  0.2161768 ]
 [ 0.13348654 -0.15186234]
 [-0.01864053 -0.11627042]
 [ 0.31621265 -0.02832504]
 [ 0.15571231 -0.13224068]
 [-0.18811134  0.40122477]
 [-0.18173804 -0.24421539]
 [-0.24598284  0.04341994]
 [ 0.13999105 -0.00528253]
 [ 0.05514013  0.05563072]
 [-0.06949482 -0.46446097]
 [ 0.2160303   0.47178715]
 [ 0.21425191 -0.15775294]
 [-0.01128646  0.044125  ]
 [ 0.05232538 -0.14411398]
 [-0.06268164 -0.57702704]
 [ 0.10962291  0.03569281]
 [-0.28654985  0.17436378]
 [ 0.29006227 -0.27629481]
 [ 0.62689856 -0.0223005 ]
 [-0.37419358  0.08613679]
 [-0.07784442  0.37408772]
 [-0.15477799  0.02889511]
 [-0.45720653  0.30277561]
 [-0.13177111 -0.1962886 ]
 [-0.05151235 -0.35582088]
 [-0.1459859   0.01104455]
 [-0.14710587 -0.2493975 ]
 [-0.32729097 -0.54843892]
 [ 0.107796    0.2143954 ]
 [-0.08729375  0.15978228]
 [ 0.28011261  0.39936708]
 [ 0.20838269 -0.23307889]
 [ 0.1818259   0.01104902]
 [-0.10886173 -0.16846197]
 [ 0.23736455 -0.1626601 ]
 [-0.05431573  0.21772053]
 [-0.06087067 -0.14613471]
 [-0.01338576 -0.21146872]
 [ 0.03714522 -0.30589681]
 [-0.25742388  0.60595284]
 [-0.16584141 -0.21865723]
 [-0.1407017   0.26242478]
 [ 0.20255924  0.04289636]
 [-0.16167566 -0.31690228]
 [ 0.33049926 -0.42248854]
 [-0.07775156 -0.09125447]
 [-0.18407467  0.1792238 ]
 [-0.11441379 -0.19581951]
 [ 0.21945384  0.25842793]
 [-0.21408285 -0.0417903 ]
 [-0.14600893 -0.12273964]
 [ 0.14481485 -0.09487192]
 [-0.03892257  0.10554556]
 [ 0.42236631  0.04537111]
 [-0.30085167 -0.17124123]
 [-0.0374279  -0.010942  ]
 [-0.05480027 -0.17978669]
 [-0.10327039 -0.04208856]
 [-0.16515788 -0.01214438]
 [-0.18182388  0.03673698]
 [ 0.03367298 -0.1668566 ]
 [ 0.34118714  0.06549723]
 [ 0.19797386  0.30041421]
 [-0.56830031  0.19257742]
 [-0.15191352 -0.03336935]
 [-0.10262262  0.19832373]
 [ 0.48093766 -0.37701964]]
States:
[[0.99938414 0.99995558 0.4843498  0.49358591 0.51347556 0.59714085]
 [0.99889665 0.99969773 0.47582182 0.48326971 0.40470346 0.46106979]
 [0.99767498 0.99809653 0.4606107  0.45804606 0.42754871 0.39899582]
 ...
 [0.01910482 0.23584755 0.66606508 0.04526298 0.25358162 0.42197305]
 [0.03400361 0.20980271 0.70683392 0.05708628 0.21973068 0.41670423]
 [0.05424767 0.1880284  0.7499415  0.0682523  0.19919498 0.47225673]]
Logstds:
[[-3. -3.]
 [-3. -3.]
 [-3. -3.]
 [-3. -3.]
 [-3. -3.]
 [-3. -3.]
 [-3. -3.]
 [-3. -3.]
 [-3. -3.]
 [-3. -3.]
 [-3. -3.]
 [-3. -3.]
 [-3. -3.]
 [-3. -3.]
 [-3. -3.]
 [-3. -3.]
 [-3. -3.]
 [-3. -3.]
 [-3. -3.]
 [-3. -3.]
 [-3. -3.]
 [-3. -3.]
 [-3. -3.]
 [-3. -3.]
 [-3. -3.]
 [-3. -3.]
 [-3. -3.]
 [-3. -3.]
 [-3. -3.]
 [-3. -3.]
 [-3. -3.]
 [-3. -3.]
 [-3. -3.]
 [-3. -3.]
 [-3. -3.]
 [-3. -3.]
 [-3. -3.]
 [-3. -3.]
 [-3. -3.]
 [-3. -3.]
 [-3. -3.]
 [-3. -3.]
 [-3. -3.]
 [-3. -3.]
 [-3. -3.]
 [-3. -3.]
 [-3. -3.]
 [-3. -3.]
 [-3. -3.]
 [-3. -3.]
 [-3. -3.]
 [-3. -3.]
 [-3. -3.]
 [-3. -3.]
 [-3. -3.]
 [-3. -3.]
 [-3. -3.]
 [-3. -3.]
 [-3. -3.]
 [-3. -3.]
 [-3. -3.]
 [-3. -3.]
 [-3. -3.]
 [-3. -3.]
 [-3. -3.]
 [-3. -3.]
 [-3. -3.]
 [-3. -3.]
 [-3. -3.]
 [-3. -3.]
 [-3. -3.]
 [-3. -3.]
 [-3. -3.]
 [-3. -3.]
 [-3. -3.]
 [-3. -3.]
 [-3. -3.]
 [-3. -3.]
 [-3. -3.]
 [-3. -3.]
 [-3. -3.]
 [-3. -3.]
 [-3. -3.]
 [-3. -3.]
 [-3. -3.]
 [-3. -3.]
 [-3. -3.]
 [-3. -3.]
 [-3. -3.]
 [-3. -3.]
 [-3. -3.]
 [-3. -3.]
 [-3. -3.]
 [-3. -3.]
 [-3. -3.]
 [-3. -3.]
 [-3. -3.]
 [-3. -3.]
 [-3. -3.]
 [-3. -3.]
 [-3. -3.]
 [-3. -3.]
 [-3. -3.]
 [-3. -3.]
 [-3. -3.]
 [-3. -3.]
 [-3. -3.]
 [-3. -3.]
 [-3. -3.]
 [-3. -3.]
 [-3. -3.]
 [-3. -3.]
 [-3. -3.]
 [-3. -3.]
 [-3. -3.]
 [-3. -3.]
 [-3. -3.]
 [-3. -3.]
 [-3. -3.]
 [-3. -3.]
 [-3. -3.]
 [-3. -3.]
 [-3. -3.]
 [-3. -3.]
 [-3. -3.]
 [-3. -3.]
 [-3. -3.]
 [-3. -3.]
 [-3. -3.]
 [-3. -3.]
 [-3. -3.]
 [-3. -3.]
 [-3. -3.]
 [-3. -3.]
 [-3. -3.]
 [-3. -3.]
 [-3. -3.]
 [-3. -3.]
 [-3. -3.]
 [-3. -3.]
 [-3. -3.]
 [-3. -3.]
 [-3. -3.]
 [-3. -3.]
 [-3. -3.]
 [-3. -3.]
 [-3. -3.]
 [-3. -3.]
 [-3. -3.]
 [-3. -3.]
 [-3. -3.]
 [-3. -3.]
 [-3. -3.]
 [-3. -3.]
 [-3. -3.]
 [-3. -3.]
 [-3. -3.]
 [-3. -3.]
 [-3. -3.]
 [-3. -3.]
 [-3. -3.]
 [-3. -3.]
 [-3. -3.]
 [-3. -3.]
 [-3. -3.]
 [-3. -3.]
 [-3. -3.]
 [-3. -3.]
 [-3. -3.]
 [-3. -3.]
 [-3. -3.]
 [-3. -3.]
 [-3. -3.]
 [-3. -3.]
 [-3. -3.]
 [-3. -3.]
 [-3. -3.]
 [-3. -3.]
 [-3. -3.]
 [-3. -3.]
 [-3. -3.]
 [-3. -3.]
 [-3. -3.]
 [-3. -3.]
 [-3. -3.]
 [-3. -3.]
 [-3. -3.]
 [-3. -3.]
 [-3. -3.]
 [-3. -3.]
 [-3. -3.]
 [-3. -3.]
 [-3. -3.]
 [-3. -3.]
 [-3. -3.]
 [-3. -3.]
 [-3. -3.]
 [-3. -3.]
 [-3. -3.]
 [-3. -3.]]
