Baseline:
[-2.4647841 -2.5444086 -2.637121  -2.7160647 -2.7160647 -2.637121
 -2.7160647 -2.7959692 -2.7160647 -2.637121  -2.7160647 -2.637121
 -2.7160647 -2.7959692 -2.7959692 -2.7959692 -2.7160647 -2.7959692
 -2.7959692 -2.7959692 -2.7959692 -2.7160647 -2.7160647 -2.7959692
 -2.7959692 -2.7959692]
Returns:
[-17.52986977 -17.33213397 -17.02163868 -16.71155082 -16.27903447
 -15.8134356  -15.4397581  -15.00244584 -14.42494031 -13.86175754
 -13.38536014 -12.76746262 -12.23347075 -11.62740653 -10.94557855
 -10.16446914  -9.33233326  -8.57357758  -7.66762602  -6.71399279
  -5.71016834  -4.64359557  -3.57592369  -2.51419909  -1.28933287]
Advants:
[-12.10881873 -12.03697473 -11.8443202  -11.67174638 -11.46075044
 -11.30252793 -11.08380034 -10.80440534 -10.54949601 -10.31364629
 -10.01067865  -9.72892859  -9.37615049  -8.95128558  -8.53171685
  -8.01104979  -7.51818234  -6.93504234  -6.27835906  -5.56573478
  -4.79240403  -4.02534917  -3.16297811  -2.20883047  -1.14953446]
Mus:
[[0.26807493 0.2686845  0.2666398  0.19660072]
 [0.27073106 0.2681101  0.2649357  0.19622315]
 [0.2712291  0.27111375 0.2626056  0.1950515 ]
 [0.27307528 0.27008778 0.26181394 0.19502299]
 [0.27307528 0.27008778 0.26181394 0.19502299]
 [0.2712291  0.27111375 0.2626056  0.1950515 ]
 [0.27307528 0.27008778 0.26181394 0.19502299]
 [0.27479967 0.26894513 0.26138732 0.19486786]
 [0.27307528 0.27008778 0.26181394 0.19502299]
 [0.2712291  0.27111375 0.2626056  0.1950515 ]
 [0.27307528 0.27008778 0.26181394 0.19502299]
 [0.2712291  0.27111375 0.2626056  0.1950515 ]
 [0.27307528 0.27008778 0.26181394 0.19502299]
 [0.27479967 0.26894513 0.26138732 0.19486786]
 [0.27479967 0.26894513 0.26138732 0.19486786]
 [0.27479967 0.26894513 0.26138732 0.19486786]
 [0.27307528 0.27008778 0.26181394 0.19502299]
 [0.27479967 0.26894513 0.26138732 0.19486786]
 [0.27479967 0.26894513 0.26138732 0.19486786]
 [0.27479967 0.26894513 0.26138732 0.19486786]
 [0.27479967 0.26894513 0.26138732 0.19486786]
 [0.27307528 0.27008778 0.26181394 0.19502299]
 [0.27307528 0.27008778 0.26181394 0.19502299]
 [0.27479967 0.26894513 0.26138732 0.19486786]
 [0.27479967 0.26894513 0.26138732 0.19486786]]
Actions:
[[1. 0. 0. 0.]
 [0. 1. 0. 0.]
 [1. 0. 0. 0.]
 [0. 1. 0. 0.]
 [0. 0. 1. 0.]
 [1. 0. 0. 0.]
 [1. 0. 0. 0.]
 [0. 0. 1. 0.]
 [0. 0. 1. 0.]
 [1. 0. 0. 0.]
 [0. 0. 1. 0.]
 [1. 0. 0. 0.]
 [1. 0. 0. 0.]
 [1. 0. 0. 0.]
 [0. 1. 0. 0.]
 [0. 0. 1. 0.]
 [1. 0. 0. 0.]
 [0. 1. 0. 0.]
 [0. 1. 0. 0.]
 [0. 1. 0. 0.]
 [0. 0. 1. 0.]
 [0. 1. 0. 0.]
 [1. 0. 0. 0.]
 [0. 1. 0. 0.]
 [0. 1. 0. 0.]]
States:
[[0.7 0.3]
 [0.8 0.3]
 [0.8 0.4]
 [0.9 0.4]
 [0.9 0.4]
 [0.8 0.4]
 [0.9 0.4]
 [1.  0.4]
 [0.9 0.4]
 [0.8 0.4]
 [0.9 0.4]
 [0.8 0.4]
 [0.9 0.4]
 [1.  0.4]
 [1.  0.4]
 [1.  0.4]
 [0.9 0.4]
 [1.  0.4]
 [1.  0.4]
 [1.  0.4]
 [1.  0.4]
 [0.9 0.4]
 [0.9 0.4]
 [1.  0.4]
 [1.  0.4]]
Logstds:
[[0. 0. 0. 0.]
 [0. 0. 0. 0.]
 [0. 0. 0. 0.]
 [0. 0. 0. 0.]
 [0. 0. 0. 0.]
 [0. 0. 0. 0.]
 [0. 0. 0. 0.]
 [0. 0. 0. 0.]
 [0. 0. 0. 0.]
 [0. 0. 0. 0.]
 [0. 0. 0. 0.]
 [0. 0. 0. 0.]
 [0. 0. 0. 0.]
 [0. 0. 0. 0.]
 [0. 0. 0. 0.]
 [0. 0. 0. 0.]
 [0. 0. 0. 0.]
 [0. 0. 0. 0.]
 [0. 0. 0. 0.]
 [0. 0. 0. 0.]
 [0. 0. 0. 0.]
 [0. 0. 0. 0.]
 [0. 0. 0. 0.]
 [0. 0. 0. 0.]
 [0. 0. 0. 0.]]
