Baseline:
[-1.4582887 -1.4116184 -1.4667125 -1.5122633 -1.5692909 -1.5692909
 -1.5692909 -1.5692909 -1.5692909 -1.5122633 -1.5692909 -1.5246954
 -1.4667125 -1.5122633 -1.5692909 -1.5246954 -1.4785054 -1.5246954
 -1.5692909 -1.5692909 -1.5692909 -1.5246954 -1.5246954 -1.4785054
 -1.4311955 -1.4311955]
Returns:
[-16.07487929 -15.77394498 -15.49948016 -15.22441905 -14.8377079
 -14.44716569 -13.97907253 -13.48634289 -13.0246762  -12.4992535
 -11.96911258 -11.36763969 -10.79853751 -10.27605836  -9.62890718
  -8.90426558  -8.18382281  -7.52557021  -6.79136934  -5.92033953
  -5.00346605  -4.03538018  -3.06165199  -2.03370325  -0.99524415]
Advants:
[-11.52231098 -11.44864984 -11.30488595 -11.17598056 -10.92655556
 -10.73480149 -10.46795357 -10.17837362  -9.92288403  -9.66374308
  -9.28549481  -8.93811202  -8.63852581  -8.28248068  -7.78656654
  -7.31149426  -6.83882326  -6.33134774  -5.742211    -5.0500583
  -4.29894305  -3.5267699   -2.68713395  -1.82052667  -0.92368436]
Mus:
[[0.27411455 0.26293564 0.2663685  0.19658132]
 [0.2727185  0.26373005 0.26669902 0.1968524 ]
 [0.2730036  0.26691929 0.26429424 0.19578291]
 [0.2746262  0.26567322 0.26405904 0.19564156]
 [0.27479967 0.26894513 0.26138732 0.19486786]
 [0.27479967 0.26894513 0.26138732 0.19486786]
 [0.27479967 0.26894513 0.26138732 0.19486786]
 [0.27479967 0.26894513 0.26138732 0.19486786]
 [0.27479967 0.26894513 0.26138732 0.19486786]
 [0.2746262  0.26567322 0.26405904 0.19564156]
 [0.27479967 0.26894513 0.26138732 0.19486786]
 [0.27307528 0.27008778 0.26181394 0.19502299]
 [0.2730036  0.26691929 0.26429424 0.19578291]
 [0.2746262  0.26567322 0.26405904 0.19564156]
 [0.27479967 0.26894513 0.26138732 0.19486786]
 [0.27307528 0.27008778 0.26181394 0.19502299]
 [0.2712291  0.27111375 0.2626056  0.1950515 ]
 [0.27307528 0.27008778 0.26181394 0.19502299]
 [0.27479967 0.26894513 0.26138732 0.19486786]
 [0.27479967 0.26894513 0.26138732 0.19486786]
 [0.27479967 0.26894513 0.26138732 0.19486786]
 [0.27307528 0.27008778 0.26181394 0.19502299]
 [0.27307528 0.27008778 0.26181394 0.19502299]
 [0.2712291  0.27111375 0.2626056  0.1950515 ]
 [0.2684251  0.2713609  0.26501128 0.19520278]]
Actions:
[[0. 0. 1. 0.]
 [0. 1. 0. 0.]
 [1. 0. 0. 0.]
 [0. 1. 0. 0.]
 [1. 0. 0. 0.]
 [0. 1. 0. 0.]
 [0. 1. 0. 0.]
 [1. 0. 0. 0.]
 [0. 0. 0. 1.]
 [0. 1. 0. 0.]
 [0. 0. 1. 0.]
 [0. 0. 0. 1.]
 [1. 0. 0. 0.]
 [0. 1. 0. 0.]
 [0. 0. 1. 0.]
 [0. 0. 1. 0.]
 [1. 0. 0. 0.]
 [1. 0. 0. 0.]
 [0. 1. 0. 0.]
 [0. 1. 0. 0.]
 [0. 0. 1. 0.]
 [0. 1. 0. 0.]
 [0. 0. 1. 0.]
 [0. 0. 1. 0.]
 [1. 0. 0. 0.]]
States:
[[1.  0.2]
 [0.9 0.2]
 [0.9 0.3]
 [1.  0.3]
 [1.  0.4]
 [1.  0.4]
 [1.  0.4]
 [1.  0.4]
 [1.  0.4]
 [1.  0.3]
 [1.  0.4]
 [0.9 0.4]
 [0.9 0.3]
 [1.  0.3]
 [1.  0.4]
 [0.9 0.4]
 [0.8 0.4]
 [0.9 0.4]
 [1.  0.4]
 [1.  0.4]
 [1.  0.4]
 [0.9 0.4]
 [0.9 0.4]
 [0.8 0.4]
 [0.7 0.4]]
Logstds:
[[0. 0. 0. 0.]
 [0. 0. 0. 0.]
 [0. 0. 0. 0.]
 [0. 0. 0. 0.]
 [0. 0. 0. 0.]
 [0. 0. 0. 0.]
 [0. 0. 0. 0.]
 [0. 0. 0. 0.]
 [0. 0. 0. 0.]
 [0. 0. 0. 0.]
 [0. 0. 0. 0.]
 [0. 0. 0. 0.]
 [0. 0. 0. 0.]
 [0. 0. 0. 0.]
 [0. 0. 0. 0.]
 [0. 0. 0. 0.]
 [0. 0. 0. 0.]
 [0. 0. 0. 0.]
 [0. 0. 0. 0.]
 [0. 0. 0. 0.]
 [0. 0. 0. 0.]
 [0. 0. 0. 0.]
 [0. 0. 0. 0.]
 [0. 0. 0. 0.]
 [0. 0. 0. 0.]]
