Baseline:
[-0.19187501 -0.19187501 -0.19187501 -0.19187501 -0.19187501 -0.18465737
 -0.17853892 -0.17853892 -0.17853892 -0.17077938 -0.16442874 -0.16818501
 -0.16442874 -0.16818501 -0.17619944 -0.17077938 -0.16663055 -0.17339274
 -0.16663055 -0.16093695 -0.15457681 -0.14900494 -0.15326387 -0.14900494
 -0.15326387 -0.15326387]
Returns:
[-11.81111146 -11.5893546  -11.33767796 -11.07275518 -10.79388909
 -10.56046892 -10.29035839  -9.91300247  -9.51578571  -9.08691244
  -8.66761225  -8.29147364  -7.95932294  -7.54590594  -7.11819008
  -6.69583713  -6.22755075  -5.64005469  -4.98104496  -4.39695046
  -3.67709603  -2.94981544  -2.2507082   -1.57828266  -0.80698949]
Advants:
[-8.93858258 -8.84096768 -8.71622442 -8.58085464 -8.43395308 -8.34396092
 -8.21961781 -7.9821364  -7.72442462 -7.44167582 -7.16610639 -6.92354532
 -6.73402729 -6.45465861 -6.15499597 -5.87282714 -5.54057906 -5.07106645
 -4.53401875 -4.06274249 -3.44343169 -2.80160868 -2.16317991 -1.54481757
 -0.7993263 ]
Mus:
[[0.2584849  0.29996115 0.22948857 0.21206535]
 [0.2584849  0.29996115 0.22948857 0.21206535]
 [0.2584849  0.29996115 0.22948857 0.21206535]
 [0.2584849  0.29996115 0.22948857 0.21206535]
 [0.2584849  0.29996115 0.22948857 0.21206535]
 [0.25919223 0.30164802 0.2284222  0.21073751]
 [0.25934857 0.30337563 0.22730306 0.20997274]
 [0.25934857 0.30337563 0.22730306 0.20997274]
 [0.25934857 0.30337563 0.22730306 0.20997274]
 [0.25953948 0.30044404 0.22928064 0.21073581]
 [0.25957286 0.2974508  0.23138697 0.21158926]
 [0.25969306 0.2955919  0.23233508 0.21237999]
 [0.25957286 0.2974508  0.23138697 0.21158926]
 [0.25969306 0.2955919  0.23233508 0.21237999]
 [0.25962454 0.2985617  0.2302689  0.21154492]
 [0.25953948 0.30044404 0.22928064 0.21073581]
 [0.25941777 0.30208194 0.22850005 0.21000017]
 [0.25929862 0.30494922 0.22654337 0.20920882]
 [0.25941777 0.30208194 0.22850005 0.21000017]
 [0.2601313  0.3029988  0.22755642 0.2093135 ]
 [0.2606076  0.29963258 0.2295155  0.21024439]
 [0.26140937 0.2962299  0.23143066 0.21093006]
 [0.26043135 0.2953836  0.23232113 0.21186392]
 [0.26140937 0.2962299  0.23143066 0.21093006]
 [0.26043135 0.2953836  0.23232113 0.21186392]]
Actions:
[[0. 0. 1. 0.]
 [0. 1. 0. 0.]
 [0. 1. 0. 0.]
 [0. 1. 0. 0.]
 [1. 0. 0. 0.]
 [1. 0. 0. 0.]
 [0. 1. 0. 0.]
 [0. 1. 0. 0.]
 [0. 0. 0. 1.]
 [0. 0. 0. 1.]
 [0. 0. 1. 0.]
 [1. 0. 0. 0.]
 [0. 0. 1. 0.]
 [0. 1. 0. 0.]
 [1. 0. 0. 0.]
 [1. 0. 0. 0.]
 [0. 1. 0. 0.]
 [0. 0. 0. 1.]
 [1. 0. 0. 0.]
 [0. 0. 0. 1.]
 [0. 0. 0. 1.]
 [0. 0. 1. 0.]
 [1. 0. 0. 0.]
 [0. 0. 1. 0.]
 [0. 1. 0. 0.]]
States:
[[0.6 1. ]
 [0.6 1. ]
 [0.6 1. ]
 [0.6 1. ]
 [0.6 1. ]
 [0.7 1. ]
 [0.8 1. ]
 [0.8 1. ]
 [0.8 1. ]
 [0.8 0.9]
 [0.8 0.8]
 [0.7 0.8]
 [0.8 0.8]
 [0.7 0.8]
 [0.7 0.9]
 [0.8 0.9]
 [0.9 0.9]
 [0.9 1. ]
 [0.9 0.9]
 [1.  0.9]
 [1.  0.8]
 [1.  0.7]
 [0.9 0.7]
 [1.  0.7]
 [0.9 0.7]]
Logstds:
[[0. 0. 0. 0.]
 [0. 0. 0. 0.]
 [0. 0. 0. 0.]
 [0. 0. 0. 0.]
 [0. 0. 0. 0.]
 [0. 0. 0. 0.]
 [0. 0. 0. 0.]
 [0. 0. 0. 0.]
 [0. 0. 0. 0.]
 [0. 0. 0. 0.]
 [0. 0. 0. 0.]
 [0. 0. 0. 0.]
 [0. 0. 0. 0.]
 [0. 0. 0. 0.]
 [0. 0. 0. 0.]
 [0. 0. 0. 0.]
 [0. 0. 0. 0.]
 [0. 0. 0. 0.]
 [0. 0. 0. 0.]
 [0. 0. 0. 0.]
 [0. 0. 0. 0.]
 [0. 0. 0. 0.]
 [0. 0. 0. 0.]
 [0. 0. 0. 0.]
 [0. 0. 0. 0.]]
