Baseline:
[-2.8223279 -2.753558  -2.753558  -2.8223279 -2.724303  -2.7963965
 -2.700041  -2.627066  -2.724303  -2.7963965 -2.700041  -2.627066
 -2.5355408 -2.4708412 -2.5581777 -2.6540625 -2.753558  -2.753558
 -2.6540625 -2.753558  -2.6540625 -2.753558  -2.6540625 -2.753558
 -2.753558  -2.753558 ]
Returns:
[-11.8287565  -11.52948535 -11.25503817 -11.04736669 -10.61769518
 -10.38580967  -9.93458648  -9.58705509  -9.3203357   -9.02016811
  -8.49706905  -8.07387884  -7.58902803  -7.20469823  -6.89226805
  -6.51984753  -6.08388     -5.58104137  -4.90189839  -4.38077563
  -3.63846076  -3.05084129  -2.23852987  -1.57722983  -0.83719909]
Advants:
[-7.51048639 -7.42397063 -7.2972863  -7.17264562 -6.99547413 -6.84972829
 -6.65559778 -6.54698023 -6.35184181 -6.15126674 -5.89763625 -5.72445009
 -5.5110691  -5.37682697 -5.16587728 -4.88798986 -4.54260546 -4.23048588
 -3.83987672 -3.4052065  -2.9442941  -2.43333172 -1.88962803 -1.2888216
 -0.6995213 ]
Mus:
[[0.25709718 0.2749477  0.24724294 0.2207122 ]
 [0.2562672  0.27548006 0.24728444 0.22096835]
 [0.2562672  0.27548006 0.24728444 0.22096835]
 [0.25709718 0.2749477  0.24724294 0.2207122 ]
 [0.2560523  0.27317333 0.25027758 0.22049676]
 [0.25696608 0.27280056 0.2500919  0.2201414 ]
 [0.25605038 0.27073014 0.2528868  0.22033265]
 [0.25527823 0.27115825 0.2531449  0.22041859]
 [0.2560523  0.27317333 0.25027758 0.22049676]
 [0.25696608 0.27280056 0.2500919  0.2201414 ]
 [0.25605038 0.27073014 0.2528868  0.22033265]
 [0.25527823 0.27115825 0.2531449  0.22041859]
 [0.25463745 0.26869732 0.25607818 0.22058704]
 [0.25345308 0.26914    0.257082   0.22032495]
 [0.25413185 0.27175236 0.25380087 0.22031493]
 [0.2551397  0.27375317 0.25066695 0.22044027]
 [0.2562672  0.27548006 0.24728444 0.22096835]
 [0.2562672  0.27548006 0.24728444 0.22096835]
 [0.2551397  0.27375317 0.25066695 0.22044027]
 [0.2562672  0.27548006 0.24728444 0.22096835]
 [0.2551397  0.27375317 0.25066695 0.22044027]
 [0.2562672  0.27548006 0.24728444 0.22096835]
 [0.2551397  0.27375317 0.25066695 0.22044027]
 [0.2562672  0.27548006 0.24728444 0.22096835]
 [0.2562672  0.27548006 0.24728444 0.22096835]]
Actions:
[[0. 0. 1. 0.]
 [0. 0. 1. 0.]
 [1. 0. 0. 0.]
 [0. 0. 0. 1.]
 [1. 0. 0. 0.]
 [0. 0. 0. 1.]
 [0. 0. 1. 0.]
 [0. 1. 0. 0.]
 [1. 0. 0. 0.]
 [0. 0. 0. 1.]
 [0. 0. 1. 0.]
 [0. 0. 0. 1.]
 [0. 0. 1. 0.]
 [0. 1. 0. 0.]
 [0. 1. 0. 0.]
 [0. 1. 0. 0.]
 [0. 1. 0. 0.]
 [0. 0. 0. 1.]
 [0. 1. 0. 0.]
 [0. 0. 0. 1.]
 [0. 1. 0. 0.]
 [0. 0. 0. 1.]
 [0. 1. 0. 0.]
 [0. 1. 0. 0.]
 [0. 0. 1. 0.]]
States:
[[0.1 0.4]
 [0.  0.4]
 [0.  0.4]
 [0.1 0.4]
 [0.1 0.3]
 [0.2 0.3]
 [0.2 0.2]
 [0.1 0.2]
 [0.1 0.3]
 [0.2 0.3]
 [0.2 0.2]
 [0.1 0.2]
 [0.1 0.1]
 [0.  0.1]
 [0.  0.2]
 [0.  0.3]
 [0.  0.4]
 [0.  0.4]
 [0.  0.3]
 [0.  0.4]
 [0.  0.3]
 [0.  0.4]
 [0.  0.3]
 [0.  0.4]
 [0.  0.4]]
Logstds:
[[0. 0. 0. 0.]
 [0. 0. 0. 0.]
 [0. 0. 0. 0.]
 [0. 0. 0. 0.]
 [0. 0. 0. 0.]
 [0. 0. 0. 0.]
 [0. 0. 0. 0.]
 [0. 0. 0. 0.]
 [0. 0. 0. 0.]
 [0. 0. 0. 0.]
 [0. 0. 0. 0.]
 [0. 0. 0. 0.]
 [0. 0. 0. 0.]
 [0. 0. 0. 0.]
 [0. 0. 0. 0.]
 [0. 0. 0. 0.]
 [0. 0. 0. 0.]
 [0. 0. 0. 0.]
 [0. 0. 0. 0.]
 [0. 0. 0. 0.]
 [0. 0. 0. 0.]
 [0. 0. 0. 0.]
 [0. 0. 0. 0.]
 [0. 0. 0. 0.]
 [0. 0. 0. 0.]]
