Baseline:
[0.83230245 0.8753663  0.83230245 0.83230245 0.846671   0.8586681
 0.8124199  0.8586681  0.9052942  0.9505527  0.93475693 0.9747095
 1.0152254  0.99666965 0.97925794 0.96567976 0.97925794 1.0205736
 1.0205736  1.0373617  1.0373617  1.0373617  1.0205736  1.0205736
 1.0205736  1.0205736 ]
Returns:
[-2.88144389 -2.84203012 -2.80772029 -2.81078199 -2.79410014 -2.76614099
 -2.72242351 -2.66699573 -2.59150238 -2.49476754 -2.42090274 -2.31141117
 -2.17969954 -2.06723351 -1.96104258 -1.86158336 -1.76013521 -1.61135627
 -1.44032204 -1.29332015 -1.09141949 -0.87889248 -0.69330109 -0.47394816
 -0.24305034]
Advants:
[-2.56403898 -2.58471967 -2.52343448 -2.54404987 -2.56071406 -2.56485248
 -2.49391713 -2.50510511 -2.49744765 -2.46739586 -2.39821195 -2.34874324
 -2.27650706 -2.16200772 -2.05251227 -1.95128781 -1.87351946 -1.77369475
 -1.60566006 -1.47467413 -1.26569117 -1.03890554 -0.8147936  -0.56507281
 -0.29407901]
Mus:
[[0.25790602 0.27819282 0.24526347 0.21863773]
 [0.2578627  0.28150547 0.24215011 0.21848173]
 [0.25790602 0.27819282 0.24526347 0.21863773]
 [0.25790602 0.27819282 0.24526347 0.21863773]
 [0.25882447 0.2787865  0.24464741 0.21774161]
 [0.25942633 0.28104374 0.242887   0.21664292]
 [0.25890708 0.27817583 0.24605037 0.21686669]
 [0.25942633 0.28104374 0.242887   0.21664292]
 [0.2595157  0.2845408  0.23981252 0.21613093]
 [0.25922516 0.2882292  0.23727782 0.21526782]
 [0.25835806 0.28588936 0.23878953 0.2169631 ]
 [0.25784215 0.28955188 0.2363831  0.2162229 ]
 [0.25704822 0.29309538 0.23421931 0.21563706]
 [0.25637874 0.29151708 0.23519515 0.21690899]
 [0.2558718  0.2898044  0.23592407 0.21839972]
 [0.25544986 0.28817207 0.23637344 0.22000466]
 [0.2558718  0.2898044  0.23592407 0.21839972]
 [0.2554632  0.2928517  0.23413143 0.21755369]
 [0.2554632  0.2928517  0.23413143 0.21755369]
 [0.25585172 0.29473436 0.23327602 0.21613789]
 [0.25585172 0.29473436 0.23327602 0.21613789]
 [0.25585172 0.29473436 0.23327602 0.21613789]
 [0.2554632  0.2928517  0.23413143 0.21755369]
 [0.2554632  0.2928517  0.23413143 0.21755369]
 [0.2554632  0.2928517  0.23413143 0.21755369]]
Actions:
[[0. 1. 0. 0.]
 [0. 0. 0. 1.]
 [0. 0. 1. 0.]
 [1. 0. 0. 0.]
 [1. 0. 0. 0.]
 [0. 0. 0. 1.]
 [0. 1. 0. 0.]
 [0. 1. 0. 0.]
 [0. 1. 0. 0.]
 [0. 0. 1. 0.]
 [0. 1. 0. 0.]
 [0. 1. 0. 0.]
 [0. 0. 1. 0.]
 [0. 0. 1. 0.]
 [0. 0. 1. 0.]
 [1. 0. 0. 0.]
 [0. 1. 0. 0.]
 [0. 1. 0. 0.]
 [1. 0. 0. 0.]
 [0. 1. 0. 0.]
 [0. 1. 0. 0.]
 [0. 0. 1. 0.]
 [0. 1. 0. 0.]
 [0. 1. 0. 0.]
 [0. 1. 0. 0.]]
States:
[[0.3 0.5]
 [0.3 0.6]
 [0.3 0.5]
 [0.3 0.5]
 [0.4 0.5]
 [0.5 0.5]
 [0.5 0.4]
 [0.5 0.5]
 [0.5 0.6]
 [0.5 0.7]
 [0.4 0.7]
 [0.4 0.8]
 [0.4 0.9]
 [0.3 0.9]
 [0.2 0.9]
 [0.1 0.9]
 [0.2 0.9]
 [0.2 1. ]
 [0.2 1. ]
 [0.3 1. ]
 [0.3 1. ]
 [0.3 1. ]
 [0.2 1. ]
 [0.2 1. ]
 [0.2 1. ]]
Logstds:
[[0. 0. 0. 0.]
 [0. 0. 0. 0.]
 [0. 0. 0. 0.]
 [0. 0. 0. 0.]
 [0. 0. 0. 0.]
 [0. 0. 0. 0.]
 [0. 0. 0. 0.]
 [0. 0. 0. 0.]
 [0. 0. 0. 0.]
 [0. 0. 0. 0.]
 [0. 0. 0. 0.]
 [0. 0. 0. 0.]
 [0. 0. 0. 0.]
 [0. 0. 0. 0.]
 [0. 0. 0. 0.]
 [0. 0. 0. 0.]
 [0. 0. 0. 0.]
 [0. 0. 0. 0.]
 [0. 0. 0. 0.]
 [0. 0. 0. 0.]
 [0. 0. 0. 0.]
 [0. 0. 0. 0.]
 [0. 0. 0. 0.]
 [0. 0. 0. 0.]
 [0. 0. 0. 0.]]
