Baseline:
[-0.18465737 -0.18465737 -0.17619944 -0.18465737 -0.18465737 -0.17853892
 -0.17339274 -0.16797912  0.        ]
Returns:
[-5.64689367 -5.05412828 -4.41631404 -3.79167943 -3.10127119 -2.43857131
 -1.71595194 -0.92888314]
Advants:
[-4.97082516 -4.48680003 -3.95598262 -3.41024306 -2.79327632 -2.19608602
 -1.52087343 -0.76090401]
Mus:
[[0.25919223 0.30164802 0.2284222  0.21073751]
 [0.25919223 0.30164802 0.2284222  0.21073751]
 [0.25962454 0.2985617  0.2302689  0.21154492]
 [0.25919223 0.30164802 0.2284222  0.21073751]
 [0.25919223 0.30164802 0.2284222  0.21073751]
 [0.25934857 0.30337563 0.22730306 0.20997274]
 [0.25929862 0.30494922 0.22654337 0.20920882]
 [0.259718   0.30611315 0.22571214 0.20845671]]
Actions:
[[0. 1. 0. 0.]
 [0. 0. 0. 1.]
 [0. 1. 0. 0.]
 [0. 1. 0. 0.]
 [1. 0. 0. 0.]
 [1. 0. 0. 0.]
 [1. 0. 0. 0.]
 [0. 1. 0. 0.]]
States:
[[0.7 1. ]
 [0.7 1. ]
 [0.7 0.9]
 [0.7 1. ]
 [0.7 1. ]
 [0.8 1. ]
 [0.9 1. ]
 [1.  1. ]]
Logstds:
[[0. 0. 0. 0.]
 [0. 0. 0. 0.]
 [0. 0. 0. 0.]
 [0. 0. 0. 0.]
 [0. 0. 0. 0.]
 [0. 0. 0. 0.]
 [0. 0. 0. 0.]
 [0. 0. 0. 0.]]
