Baseline:
[0.7660346  0.81027526 0.860269   0.912444   0.89424205 0.912444
 0.9633682  0.912444   0.89424205 0.8786285  0.89424205 0.8786285
 0.92876697 0.9436947  0.92876697 0.92876697 0.9436947  0.89424205
 0.8786285  0.8786285  0.8269129  0.8786285  0.8786285  0.8786285
 0.8269129  0.8269129 ]
Returns:
[1.23874469 1.23536959 1.24150567 1.25827481 1.22058368 1.19874879
 1.22402878 1.17391029 1.13177892 1.07922463 1.04429588 0.98713721
 0.98371106 0.95279875 0.89893733 0.83475814 0.7960062  0.71973362
 0.64549272 0.55967939 0.45754043 0.41680353 0.31895392 0.21595433
 0.09572458]
Advants:
[0.54046881 0.51177246 0.48708949 0.47139677 0.47269727 0.45398288
 0.45068439 0.4757643  0.47743685 0.46713652 0.44394092 0.43078716
 0.40637582 0.39075485 0.38341035 0.35152642 0.33123298 0.33981389
 0.31778985 0.26904391 0.25728617 0.2039337  0.14548868 0.08206489
 0.05437893]
Mus:
[[0.24808921 0.25947255 0.28498164 0.20745656]
 [0.24854293 0.26212177 0.28331977 0.20601548]
 [0.24881975 0.26536024 0.2818042  0.20401584]
 [0.24827895 0.26860222 0.2809211  0.20219773]
 [0.24530363 0.26698428 0.2842916  0.20342048]
 [0.24827895 0.26860222 0.2809211  0.20219773]
 [0.24885069 0.2715303  0.2792185  0.20040055]
 [0.24827895 0.26860222 0.2809211  0.20219773]
 [0.24530363 0.26698428 0.2842916  0.20342048]
 [0.24178542 0.2653497  0.2881169  0.20474795]
 [0.24530363 0.26698428 0.2842916  0.20342048]
 [0.24178542 0.2653497  0.2881169  0.20474795]
 [0.24300815 0.26813772 0.28632778 0.20252633]
 [0.24587768 0.2701126  0.28248024 0.20152938]
 [0.24300815 0.26813772 0.28632778 0.20252633]
 [0.24300815 0.26813772 0.28632778 0.20252633]
 [0.24587768 0.2701126  0.28248024 0.20152938]
 [0.24530363 0.26698428 0.2842916  0.20342048]
 [0.24178542 0.2653497  0.2881169  0.20474795]
 [0.24178542 0.2653497  0.2881169  0.20474795]
 [0.24081329 0.26245892 0.28949165 0.20723614]
 [0.24178542 0.2653497  0.2881169  0.20474795]
 [0.24178542 0.2653497  0.2881169  0.20474795]
 [0.24178542 0.2653497  0.2881169  0.20474795]
 [0.24081329 0.26245892 0.28949165 0.20723614]]
Actions:
[[0. 1. 0. 0.]
 [0. 1. 0. 0.]
 [0. 1. 0. 0.]
 [0. 0. 1. 0.]
 [1. 0. 0. 0.]
 [0. 1. 0. 0.]
 [0. 0. 0. 1.]
 [0. 0. 1. 0.]
 [0. 0. 1. 0.]
 [1. 0. 0. 0.]
 [0. 0. 1. 0.]
 [0. 1. 0. 0.]
 [1. 0. 0. 0.]
 [0. 0. 1. 0.]
 [0. 0. 1. 0.]
 [1. 0. 0. 0.]
 [0. 0. 0. 1.]
 [0. 0. 1. 0.]
 [0. 0. 1. 0.]
 [0. 0. 0. 1.]
 [0. 1. 0. 0.]
 [0. 0. 1. 0.]
 [0. 0. 1. 0.]
 [0. 0. 0. 1.]
 [1. 0. 0. 0.]]
States:
[[0.2 0. ]
 [0.2 0.1]
 [0.2 0.2]
 [0.2 0.3]
 [0.1 0.3]
 [0.2 0.3]
 [0.2 0.4]
 [0.2 0.3]
 [0.1 0.3]
 [0.  0.3]
 [0.1 0.3]
 [0.  0.3]
 [0.  0.4]
 [0.1 0.4]
 [0.  0.4]
 [0.  0.4]
 [0.1 0.4]
 [0.1 0.3]
 [0.  0.3]
 [0.  0.3]
 [0.  0.2]
 [0.  0.3]
 [0.  0.3]
 [0.  0.3]
 [0.  0.2]]
Logstds:
[[0. 0. 0. 0.]
 [0. 0. 0. 0.]
 [0. 0. 0. 0.]
 [0. 0. 0. 0.]
 [0. 0. 0. 0.]
 [0. 0. 0. 0.]
 [0. 0. 0. 0.]
 [0. 0. 0. 0.]
 [0. 0. 0. 0.]
 [0. 0. 0. 0.]
 [0. 0. 0. 0.]
 [0. 0. 0. 0.]
 [0. 0. 0. 0.]
 [0. 0. 0. 0.]
 [0. 0. 0. 0.]
 [0. 0. 0. 0.]
 [0. 0. 0. 0.]
 [0. 0. 0. 0.]
 [0. 0. 0. 0.]
 [0. 0. 0. 0.]
 [0. 0. 0. 0.]
 [0. 0. 0. 0.]
 [0. 0. 0. 0.]
 [0. 0. 0. 0.]
 [0. 0. 0. 0.]]
