Baseline:
[0.55547625 0.54839545 0.5737838  0.5991718  0.5991718  0.60644484
 0.6318844  0.60644484 0.5991718  0.6240328  0.6240328  0.6318844
 0.6240328  0.6487965  0.6487965  0.6487965  0.6487965  0.6487965
 0.6568344  0.66886705 0.66886705 0.6568344  0.6568344  0.6318844
 0.60644484 0.60644484]
Returns:
[-4.92658744 -4.89528892 -4.81626979 -4.71341726 -4.64417417 -4.56352442
 -4.40840902 -4.29397887 -4.18263774 -4.0273463  -3.8995535  -3.75884491
 -3.59673933 -3.39095038 -3.20681954 -2.95966005 -2.69949216 -2.47896879
 -2.24237755 -1.97441932 -1.62282746 -1.30658581 -0.93993277 -0.62046974
 -0.30667436]
Advants:
[-4.01324628 -4.01810387 -4.00973457 -3.9789914  -3.95830819 -3.93535863
 -3.85639515 -3.76723194 -3.69997537 -3.62124355 -3.5456011  -3.46522805
 -3.34696934 -3.2164479  -3.08142839 -2.87991977 -2.6612452  -2.47892952
 -2.28477003 -2.058253   -1.72770095 -1.41210597 -1.04787254 -0.69543329
 -0.33699661]
Mus:
[[0.24796636 0.27523673 0.2789434  0.19785348]
 [0.24515374 0.27291837 0.2831931  0.19873483]
 [0.24626715 0.27472165 0.2823628  0.19664836]
 [0.24768008 0.27621937 0.2814319  0.19466865]
 [0.24768008 0.27621937 0.2814319  0.19466865]
 [0.25051224 0.2786596  0.2766165  0.19421163]
 [0.2516098  0.28013137 0.27568707 0.19257182]
 [0.25051224 0.2786596  0.2766165  0.19421163]
 [0.24768008 0.27621937 0.2814319  0.19466865]
 [0.24847582 0.2775015  0.280943   0.19307972]
 [0.24847582 0.2775015  0.280943   0.19307972]
 [0.2516098  0.28013137 0.27568707 0.19257182]
 [0.24847582 0.2775015  0.280943   0.19307972]
 [0.24891886 0.2795183  0.28047144 0.19109136]
 [0.24891886 0.2795183  0.28047144 0.19109136]
 [0.24891886 0.2795183  0.28047144 0.19109136]
 [0.24891886 0.2795183  0.28047144 0.19109136]
 [0.24891886 0.2795183  0.28047144 0.19109136]
 [0.25180733 0.2815765  0.27556732 0.19104876]
 [0.2544932  0.28347293 0.2713463  0.19068755]
 [0.2544932  0.28347293 0.2713463  0.19068755]
 [0.25180733 0.2815765  0.27556732 0.19104876]
 [0.25180733 0.2815765  0.27556732 0.19104876]
 [0.2516098  0.28013137 0.27568707 0.19257182]
 [0.25051224 0.2786596  0.2766165  0.19421163]]
Actions:
[[0. 0. 1. 0.]
 [0. 1. 0. 0.]
 [0. 1. 0. 0.]
 [0. 0. 1. 0.]
 [1. 0. 0. 0.]
 [0. 1. 0. 0.]
 [0. 0. 0. 1.]
 [0. 0. 1. 0.]
 [0. 1. 0. 0.]
 [0. 0. 1. 0.]
 [1. 0. 0. 0.]
 [0. 0. 1. 0.]
 [0. 1. 0. 0.]
 [0. 0. 1. 0.]
 [0. 1. 0. 0.]
 [0. 1. 0. 0.]
 [0. 0. 1. 0.]
 [1. 0. 0. 0.]
 [1. 0. 0. 0.]
 [0. 1. 0. 0.]
 [0. 0. 1. 0.]
 [0. 1. 0. 0.]
 [0. 0. 0. 1.]
 [0. 0. 0. 1.]
 [0. 0. 0. 1.]]
States:
[[0.1 0.6]
 [0.  0.6]
 [0.  0.7]
 [0.  0.8]
 [0.  0.8]
 [0.1 0.8]
 [0.1 0.9]
 [0.1 0.8]
 [0.  0.8]
 [0.  0.9]
 [0.  0.9]
 [0.1 0.9]
 [0.  0.9]
 [0.  1. ]
 [0.  1. ]
 [0.  1. ]
 [0.  1. ]
 [0.  1. ]
 [0.1 1. ]
 [0.2 1. ]
 [0.2 1. ]
 [0.1 1. ]
 [0.1 1. ]
 [0.1 0.9]
 [0.1 0.8]]
Logstds:
[[0. 0. 0. 0.]
 [0. 0. 0. 0.]
 [0. 0. 0. 0.]
 [0. 0. 0. 0.]
 [0. 0. 0. 0.]
 [0. 0. 0. 0.]
 [0. 0. 0. 0.]
 [0. 0. 0. 0.]
 [0. 0. 0. 0.]
 [0. 0. 0. 0.]
 [0. 0. 0. 0.]
 [0. 0. 0. 0.]
 [0. 0. 0. 0.]
 [0. 0. 0. 0.]
 [0. 0. 0. 0.]
 [0. 0. 0. 0.]
 [0. 0. 0. 0.]
 [0. 0. 0. 0.]
 [0. 0. 0. 0.]
 [0. 0. 0. 0.]
 [0. 0. 0. 0.]
 [0. 0. 0. 0.]
 [0. 0. 0. 0.]
 [0. 0. 0. 0.]
 [0. 0. 0. 0.]]
