Baseline:
[-0.3690141  -0.40473625 -0.3861811  -0.40473625 -0.4230586  -0.4230586
 -0.4230586  -0.38640288 -0.3690141  -0.38640288 -0.38640288 -0.3690141
 -0.3690141  -0.38640288 -0.4230586  -0.40473625 -0.43521965 -0.45502415
 -0.48432386 -0.46718118 -0.49966472 -0.48050323 -0.49966472 -0.48050323
 -0.4601281  -0.4601281 ]
Returns:
[-9.12391259 -8.94935647 -8.77137878 -8.62905141 -8.4438296  -8.21422935
 -7.97254488 -7.72984213 -7.48587031 -7.27437271 -7.0363316  -6.75585923
 -6.52244728 -6.26024321 -5.90098572 -5.52482468 -5.12687953 -4.72399456
 -4.21641645 -3.67736638 -3.11352705 -2.51806747 -1.94695096 -1.29009264
 -0.63565743]
Advants:
[-6.76256162 -6.64682842 -6.58507434 -6.52520465 -6.42498316 -6.30040631
 -6.16521711 -6.0683648  -5.95327072 -5.83829176 -5.71649939 -5.57143088
 -5.45886849 -5.30177279 -5.02654716 -4.78860996 -4.47704656 -4.16810483
 -3.73806005 -3.31594506 -2.8094727  -2.31285564 -1.79079032 -1.20739457
 -0.61265111]
Mus:
[[0.2528523  0.26022097 0.28171742 0.20520934]
 [0.25334868 0.26303935 0.2801229  0.20348899]
 [0.24854293 0.26212177 0.28331977 0.20601548]
 [0.25334868 0.26303935 0.2801229  0.20348899]
 [0.25705484 0.26384923 0.2774117  0.20168422]
 [0.25705484 0.26384923 0.2774117  0.20168422]
 [0.25705484 0.26384923 0.2774117  0.20168422]
 [0.25659248 0.26101372 0.27890578 0.20348805]
 [0.2528523  0.26022097 0.28171742 0.20520934]
 [0.25659248 0.26101372 0.27890578 0.20348805]
 [0.25659248 0.26101372 0.27890578 0.20348805]
 [0.2528523  0.26022097 0.28171742 0.20520934]
 [0.2528523  0.26022097 0.28171742 0.20520934]
 [0.25659248 0.26101372 0.27890578 0.20348805]
 [0.25705484 0.26384923 0.2774117  0.20168422]
 [0.25334868 0.26303935 0.2801229  0.20348899]
 [0.25309172 0.26599646 0.27871954 0.20219229]
 [0.25700617 0.2663656  0.27639094 0.20023732]
 [0.25725248 0.26884857 0.2747546  0.19914436]
 [0.2526539  0.2689793  0.27774104 0.20062578]
 [0.2523132  0.27232686 0.27621904 0.19914082]
 [0.24885069 0.2715303  0.2792185  0.20040055]
 [0.2523132  0.27232686 0.27621904 0.19914082]
 [0.24885069 0.2715303  0.2792185  0.20040055]
 [0.24587768 0.2701126  0.28248024 0.20152938]]
Actions:
[[0. 1. 0. 0.]
 [0. 0. 1. 0.]
 [1. 0. 0. 0.]
 [1. 0. 0. 0.]
 [1. 0. 0. 0.]
 [1. 0. 0. 0.]
 [0. 0. 0. 1.]
 [0. 0. 1. 0.]
 [1. 0. 0. 0.]
 [0. 0. 0. 1.]
 [0. 0. 1. 0.]
 [0. 0. 0. 1.]
 [1. 0. 0. 0.]
 [0. 1. 0. 0.]
 [0. 0. 1. 0.]
 [0. 1. 0. 0.]
 [1. 0. 0. 0.]
 [0. 1. 0. 0.]
 [0. 0. 1. 0.]
 [0. 1. 0. 0.]
 [0. 0. 1. 0.]
 [1. 0. 0. 0.]
 [0. 0. 1. 0.]
 [0. 0. 1. 0.]
 [1. 0. 0. 0.]]
States:
[[0.3 0. ]
 [0.3 0.1]
 [0.2 0.1]
 [0.3 0.1]
 [0.4 0.1]
 [0.4 0.1]
 [0.4 0.1]
 [0.4 0. ]
 [0.3 0. ]
 [0.4 0. ]
 [0.4 0. ]
 [0.3 0. ]
 [0.3 0. ]
 [0.4 0. ]
 [0.4 0.1]
 [0.3 0.1]
 [0.3 0.2]
 [0.4 0.2]
 [0.4 0.3]
 [0.3 0.3]
 [0.3 0.4]
 [0.2 0.4]
 [0.3 0.4]
 [0.2 0.4]
 [0.1 0.4]]
Logstds:
[[0. 0. 0. 0.]
 [0. 0. 0. 0.]
 [0. 0. 0. 0.]
 [0. 0. 0. 0.]
 [0. 0. 0. 0.]
 [0. 0. 0. 0.]
 [0. 0. 0. 0.]
 [0. 0. 0. 0.]
 [0. 0. 0. 0.]
 [0. 0. 0. 0.]
 [0. 0. 0. 0.]
 [0. 0. 0. 0.]
 [0. 0. 0. 0.]
 [0. 0. 0. 0.]
 [0. 0. 0. 0.]
 [0. 0. 0. 0.]
 [0. 0. 0. 0.]
 [0. 0. 0. 0.]
 [0. 0. 0. 0.]
 [0. 0. 0. 0.]
 [0. 0. 0. 0.]
 [0. 0. 0. 0.]
 [0. 0. 0. 0.]
 [0. 0. 0. 0.]
 [0. 0. 0. 0.]]
