Baseline:
[0.91900635 0.9528819  0.9852002  0.9528819  0.9852002  0.9528819
 0.91900635 0.91900635 0.91900635 0.88508123 0.91900635 0.88508123
 0.88508123 0.91900635 0.88508123 0.91900635 0.95884895 0.9260701
 0.88508123 0.88508123 0.91900635 0.95884895 0.99144447 1.0328202
 1.0006733  1.0006733 ]
Returns:
[1.06894649 1.05044177 1.03829387 1.03131561 1.01816107 1.01012319
 0.99273361 0.91389883 0.83091486 0.79510752 0.75521598 0.71542449
 0.66445998 0.61769226 0.57066268 0.51895826 0.51564485 0.46976384
 0.36736422 0.29808075 0.23202991 0.21361502 0.16046821 0.15366967
 0.10502911]
Advants:
[0.32921989 0.29512929 0.26913544 0.31530529 0.29103017 0.33906518
 0.38183918 0.32909367 0.27185491 0.29785282 0.25200838 0.27631562
 0.25651892 0.20715336 0.22763952 0.17581381 0.16800653 0.19285914
 0.1707371  0.14194645 0.08282079 0.06709169 0.02484882 0.02238967
 0.05499542]
Mus:
[[0.2652432  0.26003522 0.27376205 0.20095958]
 [0.26785615 0.25958893 0.272403   0.20015188]
 [0.27045357 0.25918248 0.27103743 0.19932657]
 [0.26785615 0.25958893 0.272403   0.20015188]
 [0.27045357 0.25918248 0.27103743 0.19932657]
 [0.26785615 0.25958893 0.272403   0.20015188]
 [0.2652432  0.26003522 0.27376205 0.20095958]
 [0.2652432  0.26003522 0.27376205 0.20095958]
 [0.2652432  0.26003522 0.27376205 0.20095958]
 [0.2625047  0.26057243 0.2751999  0.20172296]
 [0.2652432  0.26003522 0.27376205 0.20095958]
 [0.2625047  0.26057243 0.2751999  0.20172296]
 [0.2625047  0.26057243 0.2751999  0.20172296]
 [0.2652432  0.26003522 0.27376205 0.20095958]
 [0.2625047  0.26057243 0.2751999  0.20172296]
 [0.2652432  0.26003522 0.27376205 0.20095958]
 [0.2667143  0.2626433  0.2712128  0.19942966]
 [0.2634895  0.26353425 0.27297568 0.20000052]
 [0.2625047  0.26057243 0.2751999  0.20172296]
 [0.2625047  0.26057243 0.2751999  0.20172296]
 [0.2652432  0.26003522 0.27376205 0.20095958]
 [0.2667143  0.2626433  0.2712128  0.19942966]
 [0.26942575 0.26173177 0.27014214 0.1987003 ]
 [0.27025497 0.26483846 0.26748982 0.19741683]
 [0.2674641  0.2657798  0.26870856 0.19804758]]
Actions:
[[1. 0. 0. 0.]
 [1. 0. 0. 0.]
 [0. 0. 1. 0.]
 [1. 0. 0. 0.]
 [0. 0. 1. 0.]
 [0. 0. 1. 0.]
 [0. 0. 0. 1.]
 [0. 0. 0. 1.]
 [0. 0. 1. 0.]
 [1. 0. 0. 0.]
 [0. 0. 1. 0.]
 [0. 0. 1. 0.]
 [1. 0. 0. 0.]
 [0. 0. 1. 0.]
 [1. 0. 0. 0.]
 [0. 1. 0. 0.]
 [0. 0. 1. 0.]
 [0. 0. 0. 1.]
 [0. 0. 1. 0.]
 [1. 0. 0. 0.]
 [0. 1. 0. 0.]
 [1. 0. 0. 0.]
 [0. 1. 0. 0.]
 [0. 0. 1. 0.]
 [0. 0. 0. 1.]]
States:
[[0.7 0. ]
 [0.8 0. ]
 [0.9 0. ]
 [0.8 0. ]
 [0.9 0. ]
 [0.8 0. ]
 [0.7 0. ]
 [0.7 0. ]
 [0.7 0. ]
 [0.6 0. ]
 [0.7 0. ]
 [0.6 0. ]
 [0.6 0. ]
 [0.7 0. ]
 [0.6 0. ]
 [0.7 0. ]
 [0.7 0.1]
 [0.6 0.1]
 [0.6 0. ]
 [0.6 0. ]
 [0.7 0. ]
 [0.7 0.1]
 [0.8 0.1]
 [0.8 0.2]
 [0.7 0.2]]
Logstds:
[[0. 0. 0. 0.]
 [0. 0. 0. 0.]
 [0. 0. 0. 0.]
 [0. 0. 0. 0.]
 [0. 0. 0. 0.]
 [0. 0. 0. 0.]
 [0. 0. 0. 0.]
 [0. 0. 0. 0.]
 [0. 0. 0. 0.]
 [0. 0. 0. 0.]
 [0. 0. 0. 0.]
 [0. 0. 0. 0.]
 [0. 0. 0. 0.]
 [0. 0. 0. 0.]
 [0. 0. 0. 0.]
 [0. 0. 0. 0.]
 [0. 0. 0. 0.]
 [0. 0. 0. 0.]
 [0. 0. 0. 0.]
 [0. 0. 0. 0.]
 [0. 0. 0. 0.]
 [0. 0. 0. 0.]
 [0. 0. 0. 0.]
 [0. 0. 0. 0.]
 [0. 0. 0. 0.]]
