Baseline:
[0.36128324 0.35737494 0.36128324 0.35737494 0.36128324 0.3718162
 0.38263467 0.4020142  0.4195025  0.4020142  0.41174364 0.43182456
 0.4408527  0.46113667 0.44924018 0.43599802 0.4195025  0.43599802
 0.44924018 0.46791202 0.44924018 0.46791202 0.4546215  0.43599802
 0.4546215  0.4546215 ]
Returns:
[-5.28470161 -5.2598695  -5.23504714 -5.20760163 -5.18002833 -5.13526591
 -5.0718996  -4.96187537 -4.82311317 -4.65761652 -4.53195236 -4.35075255
 -4.17107528 -3.92523997 -3.67941981 -3.4376618  -3.17364345 -2.91743766
 -2.65769392 -2.32938685 -1.96382537 -1.5989989  -1.22344393 -0.81729915
 -0.4128142 ]
Advants:
[-4.10620515 -4.12002442 -4.14464876 -4.16174293 -4.18992115 -4.21089265
 -4.216623   -4.1864176  -4.1269809  -4.00544157 -3.95260126 -3.85496853
 -3.74793597 -3.58444471 -3.38610424 -3.18765176 -2.95982698 -2.76988056
 -2.56975831 -2.30087697 -1.94898573 -1.62722252 -1.25282015 -0.83058822
 -0.43554527]
Mus:
[[0.25709718 0.2749477  0.24724294 0.2207122 ]
 [0.2562672  0.27548006 0.24728444 0.22096835]
 [0.25709718 0.2749477  0.24724294 0.2207122 ]
 [0.2562672  0.27548006 0.24728444 0.22096835]
 [0.25709718 0.2749477  0.24724294 0.2207122 ]
 [0.25748262 0.27501577 0.24782099 0.21968059]
 [0.2577019  0.27532676 0.24815924 0.21881211]
 [0.25790602 0.27819282 0.24526347 0.21863773]
 [0.2578627  0.28150547 0.24215011 0.21848173]
 [0.25790602 0.27819282 0.24526347 0.21863773]
 [0.25882447 0.2787865  0.24464741 0.21774161]
 [0.25861856 0.28220642 0.2415794  0.21759559]
 [0.2595157  0.2845408  0.23981252 0.21613093]
 [0.25922516 0.2882292  0.23727782 0.21526782]
 [0.25835806 0.28588936 0.23878953 0.2169631 ]
 [0.25779495 0.28501284 0.23922966 0.21796256]
 [0.2578627  0.28150547 0.24215011 0.21848173]
 [0.25779495 0.28501284 0.23922966 0.21796256]
 [0.25835806 0.28588936 0.23878953 0.2169631 ]
 [0.25784215 0.28955188 0.2363831  0.2162229 ]
 [0.25835806 0.28588936 0.23878953 0.2169631 ]
 [0.25784215 0.28955188 0.2363831  0.2162229 ]
 [0.25715348 0.28821462 0.23720406 0.21742778]
 [0.25779495 0.28501284 0.23922966 0.21796256]
 [0.25715348 0.28821462 0.23720406 0.21742778]]
Actions:
[[0. 0. 1. 0.]
 [1. 0. 0. 0.]
 [0. 0. 1. 0.]
 [1. 0. 0. 0.]
 [1. 0. 0. 0.]
 [1. 0. 0. 0.]
 [0. 1. 0. 0.]
 [0. 1. 0. 0.]
 [0. 0. 0. 1.]
 [1. 0. 0. 0.]
 [0. 1. 0. 0.]
 [1. 0. 0. 0.]
 [0. 1. 0. 0.]
 [0. 0. 1. 0.]
 [0. 0. 1. 0.]
 [0. 0. 0. 1.]
 [0. 1. 0. 0.]
 [1. 0. 0. 0.]
 [0. 1. 0. 0.]
 [0. 0. 0. 1.]
 [0. 1. 0. 0.]
 [0. 0. 1. 0.]
 [0. 0. 0. 1.]
 [0. 1. 0. 0.]
 [1. 0. 0. 0.]]
States:
[[0.1 0.4]
 [0.  0.4]
 [0.1 0.4]
 [0.  0.4]
 [0.1 0.4]
 [0.2 0.4]
 [0.3 0.4]
 [0.3 0.5]
 [0.3 0.6]
 [0.3 0.5]
 [0.4 0.5]
 [0.4 0.6]
 [0.5 0.6]
 [0.5 0.7]
 [0.4 0.7]
 [0.3 0.7]
 [0.3 0.6]
 [0.3 0.7]
 [0.4 0.7]
 [0.4 0.8]
 [0.4 0.7]
 [0.4 0.8]
 [0.3 0.8]
 [0.3 0.7]
 [0.3 0.8]]
Logstds:
[[0. 0. 0. 0.]
 [0. 0. 0. 0.]
 [0. 0. 0. 0.]
 [0. 0. 0. 0.]
 [0. 0. 0. 0.]
 [0. 0. 0. 0.]
 [0. 0. 0. 0.]
 [0. 0. 0. 0.]
 [0. 0. 0. 0.]
 [0. 0. 0. 0.]
 [0. 0. 0. 0.]
 [0. 0. 0. 0.]
 [0. 0. 0. 0.]
 [0. 0. 0. 0.]
 [0. 0. 0. 0.]
 [0. 0. 0. 0.]
 [0. 0. 0. 0.]
 [0. 0. 0. 0.]
 [0. 0. 0. 0.]
 [0. 0. 0. 0.]
 [0. 0. 0. 0.]
 [0. 0. 0. 0.]
 [0. 0. 0. 0.]
 [0. 0. 0. 0.]
 [0. 0. 0. 0.]]
