Baseline:
[-3.3434327 -3.2681532 -3.3685708 -3.4426048 -3.4426048 -3.5422451
 -3.4426048 -3.5422451 -3.4702687 -3.5422451 -3.642626  -3.642626
 -3.574202  -3.642626  -3.642626  -3.642626  -3.5422451 -3.642626
 -3.574202  -3.642626  -3.642626  -3.642626  -3.574202  -3.5089326
 -3.4037788 -3.4037788]
Returns:
[-16.57349135 -16.25869075 -16.04137813 -15.81777986 -15.54897944
 -15.20768534 -14.64364903 -14.25470596 -13.72237011 -13.33303046
 -12.82448166 -12.2376504  -11.55163087 -11.0027075  -10.31999339
  -9.67223332  -8.76982988  -8.02111263  -7.11317007  -6.33064349
  -5.47291764  -4.57004832  -3.48047079  -2.36850263  -1.15158045]
Advants:
[-10.81748139 -10.77420892 -10.65961876 -10.57322611 -10.52534679
 -10.31051589 -10.07712179  -9.82410786  -9.60514741  -9.39152702
  -9.03256054  -8.69883699  -8.33680969  -7.97770823  -7.55412477
  -7.16753589  -6.624128    -6.02941456  -5.43998665  -4.83411296
  -4.2158139   -3.54484369  -2.74376216  -1.9035108   -0.98139167]
Mus:
[[0.25835806 0.28588936 0.23878953 0.2169631 ]
 [0.25779495 0.28501284 0.23922966 0.21796256]
 [0.25715348 0.28821462 0.23720406 0.21742778]
 [0.25784215 0.28955188 0.2363831  0.2162229 ]
 [0.25784215 0.28955188 0.2363831  0.2162229 ]
 [0.25704822 0.29309538 0.23421931 0.21563706]
 [0.25784215 0.28955188 0.2363831  0.2162229 ]
 [0.25704822 0.29309538 0.23421931 0.21563706]
 [0.25637874 0.29151708 0.23519515 0.21690899]
 [0.25704822 0.29309538 0.23421931 0.21563706]
 [0.256633   0.29624987 0.23218006 0.214937  ]
 [0.256633   0.29624987 0.23218006 0.214937  ]
 [0.25585172 0.29473436 0.23327602 0.21613789]
 [0.256633   0.29624987 0.23218006 0.214937  ]
 [0.256633   0.29624987 0.23218006 0.214937  ]
 [0.256633   0.29624987 0.23218006 0.214937  ]
 [0.25704822 0.29309538 0.23421931 0.21563706]
 [0.256633   0.29624987 0.23218006 0.214937  ]
 [0.25585172 0.29473436 0.23327602 0.21613789]
 [0.256633   0.29624987 0.23218006 0.214937  ]
 [0.256633   0.29624987 0.23218006 0.214937  ]
 [0.256633   0.29624987 0.23218006 0.214937  ]
 [0.25585172 0.29473436 0.23327602 0.21613789]
 [0.2554632  0.2928517  0.23413143 0.21755369]
 [0.2558718  0.2898044  0.23592407 0.21839972]]
Actions:
[[0. 0. 1. 0.]
 [0. 1. 0. 0.]
 [1. 0. 0. 0.]
 [1. 0. 0. 0.]
 [0. 1. 0. 0.]
 [0. 0. 0. 1.]
 [0. 1. 0. 0.]
 [0. 0. 1. 0.]
 [1. 0. 0. 0.]
 [0. 1. 0. 0.]
 [0. 1. 0. 0.]
 [0. 0. 1. 0.]
 [1. 0. 0. 0.]
 [0. 1. 0. 0.]
 [1. 0. 0. 0.]
 [0. 0. 0. 1.]
 [0. 1. 0. 0.]
 [0. 0. 1. 0.]
 [1. 0. 0. 0.]
 [1. 0. 0. 0.]
 [1. 0. 0. 0.]
 [0. 0. 1. 0.]
 [0. 0. 1. 0.]
 [0. 0. 0. 1.]
 [0. 0. 1. 0.]]
States:
[[0.4 0.7]
 [0.3 0.7]
 [0.3 0.8]
 [0.4 0.8]
 [0.4 0.8]
 [0.4 0.9]
 [0.4 0.8]
 [0.4 0.9]
 [0.3 0.9]
 [0.4 0.9]
 [0.4 1. ]
 [0.4 1. ]
 [0.3 1. ]
 [0.4 1. ]
 [0.4 1. ]
 [0.4 1. ]
 [0.4 0.9]
 [0.4 1. ]
 [0.3 1. ]
 [0.4 1. ]
 [0.4 1. ]
 [0.4 1. ]
 [0.3 1. ]
 [0.2 1. ]
 [0.2 0.9]]
Logstds:
[[0. 0. 0. 0.]
 [0. 0. 0. 0.]
 [0. 0. 0. 0.]
 [0. 0. 0. 0.]
 [0. 0. 0. 0.]
 [0. 0. 0. 0.]
 [0. 0. 0. 0.]
 [0. 0. 0. 0.]
 [0. 0. 0. 0.]
 [0. 0. 0. 0.]
 [0. 0. 0. 0.]
 [0. 0. 0. 0.]
 [0. 0. 0. 0.]
 [0. 0. 0. 0.]
 [0. 0. 0. 0.]
 [0. 0. 0. 0.]
 [0. 0. 0. 0.]
 [0. 0. 0. 0.]
 [0. 0. 0. 0.]
 [0. 0. 0. 0.]
 [0. 0. 0. 0.]
 [0. 0. 0. 0.]
 [0. 0. 0. 0.]
 [0. 0. 0. 0.]
 [0. 0. 0. 0.]]
