Baseline:
[-1.5117991 -1.4447699 -1.4108245 -1.4781133 -1.4781133 -1.4781133
 -1.5117991 -1.5786572 -1.5449777 -1.4781133 -1.5449777 -1.5449777
 -1.5449777 -1.4781133 -1.5117991 -1.4781133 -1.4781133 -1.5117991
 -1.4781133 -1.5449777 -1.5449777 -1.4781133 -1.4108245 -1.4447699
 -1.4108245 -1.4108245]
Returns:
[-14.26458731 -13.93516104 -13.64521734 -13.36434105 -13.0404196
 -12.69944965 -12.39647262 -11.97542384 -11.4961125  -11.01417382
 -10.55670382 -10.04270179  -9.50164701  -8.91473647  -8.41256401
  -7.78899189  -7.17163101  -6.57771616  -5.85757311  -5.12870307
  -4.32901679  -3.46986254  -2.60908048  -1.81384022  -0.88593227]
Advants:
[-10.09733693  -9.99503041  -9.90484257  -9.72584489  -9.57548356
  -9.41231337  -9.2581844   -8.95327116  -8.69243895  -8.46506975
  -8.12821391  -7.80176434  -7.44750544  -7.11408385  -6.76417515
  -6.35783513  -5.9205625   -5.46898107  -4.9523071   -4.31620886
  -3.66502527  -3.00938481  -2.33964051  -1.61910085  -0.81539106]
Mus:
[[0.2516098  0.28013137 0.27568707 0.19257182]
 [0.25051224 0.2786596  0.2766165  0.19421163]
 [0.24768008 0.27621937 0.2814319  0.19466865]
 [0.24847582 0.2775015  0.280943   0.19307972]
 [0.24847582 0.2775015  0.280943   0.19307972]
 [0.24847582 0.2775015  0.280943   0.19307972]
 [0.2516098  0.28013137 0.27568707 0.19257182]
 [0.25180733 0.2815765  0.27556732 0.19104876]
 [0.24891886 0.2795183  0.28047144 0.19109136]
 [0.24847582 0.2775015  0.280943   0.19307972]
 [0.24891886 0.2795183  0.28047144 0.19109136]
 [0.24891886 0.2795183  0.28047144 0.19109136]
 [0.24891886 0.2795183  0.28047144 0.19109136]
 [0.24847582 0.2775015  0.280943   0.19307972]
 [0.2516098  0.28013137 0.27568707 0.19257182]
 [0.24847582 0.2775015  0.280943   0.19307972]
 [0.24847582 0.2775015  0.280943   0.19307972]
 [0.2516098  0.28013137 0.27568707 0.19257182]
 [0.24847582 0.2775015  0.280943   0.19307972]
 [0.24891886 0.2795183  0.28047144 0.19109136]
 [0.24891886 0.2795183  0.28047144 0.19109136]
 [0.24847582 0.2775015  0.280943   0.19307972]
 [0.24768008 0.27621937 0.2814319  0.19466865]
 [0.25051224 0.2786596  0.2766165  0.19421163]
 [0.24768008 0.27621937 0.2814319  0.19466865]]
Actions:
[[0. 0. 0. 1.]
 [0. 0. 1. 0.]
 [0. 1. 0. 0.]
 [0. 0. 1. 0.]
 [0. 0. 1. 0.]
 [1. 0. 0. 0.]
 [0. 1. 0. 0.]
 [0. 0. 1. 0.]
 [0. 0. 0. 1.]
 [0. 1. 0. 0.]
 [0. 0. 1. 0.]
 [0. 0. 1. 0.]
 [0. 0. 0. 1.]
 [1. 0. 0. 0.]
 [0. 0. 1. 0.]
 [0. 0. 1. 0.]
 [1. 0. 0. 0.]
 [0. 0. 1. 0.]
 [0. 1. 0. 0.]
 [0. 0. 1. 0.]
 [0. 0. 0. 1.]
 [0. 0. 0. 1.]
 [1. 0. 0. 0.]
 [0. 0. 1. 0.]
 [1. 0. 0. 0.]]
States:
[[0.1 0.9]
 [0.1 0.8]
 [0.  0.8]
 [0.  0.9]
 [0.  0.9]
 [0.  0.9]
 [0.1 0.9]
 [0.1 1. ]
 [0.  1. ]
 [0.  0.9]
 [0.  1. ]
 [0.  1. ]
 [0.  1. ]
 [0.  0.9]
 [0.1 0.9]
 [0.  0.9]
 [0.  0.9]
 [0.1 0.9]
 [0.  0.9]
 [0.  1. ]
 [0.  1. ]
 [0.  0.9]
 [0.  0.8]
 [0.1 0.8]
 [0.  0.8]]
Logstds:
[[0. 0. 0. 0.]
 [0. 0. 0. 0.]
 [0. 0. 0. 0.]
 [0. 0. 0. 0.]
 [0. 0. 0. 0.]
 [0. 0. 0. 0.]
 [0. 0. 0. 0.]
 [0. 0. 0. 0.]
 [0. 0. 0. 0.]
 [0. 0. 0. 0.]
 [0. 0. 0. 0.]
 [0. 0. 0. 0.]
 [0. 0. 0. 0.]
 [0. 0. 0. 0.]
 [0. 0. 0. 0.]
 [0. 0. 0. 0.]
 [0. 0. 0. 0.]
 [0. 0. 0. 0.]
 [0. 0. 0. 0.]
 [0. 0. 0. 0.]
 [0. 0. 0. 0.]
 [0. 0. 0. 0.]
 [0. 0. 0. 0.]
 [0. 0. 0. 0.]
 [0. 0. 0. 0.]]
