Baseline:
[0.41311938 0.3954208  0.3954208  0.40661508 0.40661508 0.40661508
 0.4236672  0.41311938 0.4064096  0.4064096  0.4064096  0.41311938
 0.4064096  0.42454055 0.4064096  0.4064096  0.3891503  0.3954208
 0.3891503  0.3891503  0.4064096  0.4064096  0.42454055 0.4064096
 0.41311938 0.41311938]
Returns:
[-5.22852596 -5.09443405 -4.97815166 -4.88218745 -4.73737625 -4.58494341
 -4.42246399 -4.25799744 -4.10510758 -3.96481624 -3.81714115 -3.65579728
 -3.47121267 -3.26762594 -3.02239356 -2.82511727 -2.58200776 -2.37645976
 -2.15060628 -1.89676423 -1.63162271 -1.36114795 -1.04650518 -0.68437171
 -0.35814524]
Advants:
[-4.25928428 -4.15952365 -4.09610704 -4.06608463 -3.97620604 -3.87867094
 -3.78832019 -3.66766141 -3.56211169 -3.47613571 -3.38283569 -3.28242624
 -3.14405941 -3.01030418 -2.79490037 -2.64356782 -2.4250039  -2.26492933
 -2.06816876 -1.84485186 -1.62242867 -1.37121654 -1.0864378  -0.70714521
 -0.3788012 ]
Mus:
[[0.25595528 0.2827253  0.24014407 0.22117534]
 [0.25631383 0.28038588 0.24212594 0.22117443]
 [0.25631383 0.28038588 0.24212594 0.22117443]
 [0.25720176 0.2809932  0.24223013 0.21957496]
 [0.25720176 0.2809932  0.24223013 0.21957496]
 [0.25720176 0.2809932  0.24223013 0.21957496]
 [0.25680903 0.28386763 0.23996964 0.2193537 ]
 [0.25595528 0.2827253  0.24014407 0.22117534]
 [0.2553593  0.28294805 0.23984177 0.22185096]
 [0.2553593  0.28294805 0.23984177 0.22185096]
 [0.2553593  0.28294805 0.23984177 0.22185096]
 [0.25595528 0.2827253  0.24014407 0.22117534]
 [0.2553593  0.28294805 0.23984177 0.22185096]
 [0.25529966 0.28516638 0.23828538 0.22124866]
 [0.2553593  0.28294805 0.23984177 0.22185096]
 [0.2553593  0.28294805 0.23984177 0.22185096]
 [0.25570232 0.28053162 0.2418136  0.22195251]
 [0.25631383 0.28038588 0.24212594 0.22117443]
 [0.25570232 0.28053162 0.2418136  0.22195251]
 [0.25570232 0.28053162 0.2418136  0.22195251]
 [0.2553593  0.28294805 0.23984177 0.22185096]
 [0.2553593  0.28294805 0.23984177 0.22185096]
 [0.25529966 0.28516638 0.23828538 0.22124866]
 [0.2553593  0.28294805 0.23984177 0.22185096]
 [0.25595528 0.2827253  0.24014407 0.22117534]]
Actions:
[[0. 0. 0. 1.]
 [0. 0. 0. 1.]
 [1. 0. 0. 0.]
 [0. 0. 0. 1.]
 [0. 0. 0. 1.]
 [0. 1. 0. 0.]
 [0. 0. 1. 0.]
 [0. 0. 1. 0.]
 [0. 0. 1. 0.]
 [0. 0. 1. 0.]
 [1. 0. 0. 0.]
 [0. 0. 1. 0.]
 [0. 1. 0. 0.]
 [0. 0. 0. 1.]
 [0. 0. 1. 0.]
 [0. 0. 0. 1.]
 [1. 0. 0. 0.]
 [0. 0. 1. 0.]
 [0. 0. 0. 1.]
 [0. 1. 0. 0.]
 [0. 0. 1. 0.]
 [0. 1. 0. 0.]
 [0. 0. 0. 1.]
 [1. 0. 0. 0.]
 [0. 0. 1. 0.]]
States:
[[0.1 0.7]
 [0.1 0.6]
 [0.1 0.6]
 [0.2 0.6]
 [0.2 0.6]
 [0.2 0.6]
 [0.2 0.7]
 [0.1 0.7]
 [0.  0.7]
 [0.  0.7]
 [0.  0.7]
 [0.1 0.7]
 [0.  0.7]
 [0.  0.8]
 [0.  0.7]
 [0.  0.7]
 [0.  0.6]
 [0.1 0.6]
 [0.  0.6]
 [0.  0.6]
 [0.  0.7]
 [0.  0.7]
 [0.  0.8]
 [0.  0.7]
 [0.1 0.7]]
Logstds:
[[0. 0. 0. 0.]
 [0. 0. 0. 0.]
 [0. 0. 0. 0.]
 [0. 0. 0. 0.]
 [0. 0. 0. 0.]
 [0. 0. 0. 0.]
 [0. 0. 0. 0.]
 [0. 0. 0. 0.]
 [0. 0. 0. 0.]
 [0. 0. 0. 0.]
 [0. 0. 0. 0.]
 [0. 0. 0. 0.]
 [0. 0. 0. 0.]
 [0. 0. 0. 0.]
 [0. 0. 0. 0.]
 [0. 0. 0. 0.]
 [0. 0. 0. 0.]
 [0. 0. 0. 0.]
 [0. 0. 0. 0.]
 [0. 0. 0. 0.]
 [0. 0. 0. 0.]
 [0. 0. 0. 0.]
 [0. 0. 0. 0.]
 [0. 0. 0. 0.]
 [0. 0. 0. 0.]]
