Baseline:
[-0.6507116  -0.6848438  -0.6507116  -0.6507116  -0.6848438  -0.6848438
 -0.6848438  -0.6507116  -0.6848438  -0.6507116  -0.6507116  -0.61657935
 -0.6507116  -0.63117963 -0.6653417  -0.64620405 -0.62313586 -0.59010047
 -0.62313586 -0.59703153 -0.62823576 -0.62823576 -0.6547298  -0.62823576
 -0.62823576 -0.62823576]
Returns:
[-12.74388132 -12.45438649 -12.13484295 -11.86775429 -11.5321475
 -11.20089372 -10.85220552 -10.44833667 -10.03802369  -9.59130317
  -9.19034399  -8.73773012  -8.27213272  -7.760437    -7.24169498
  -6.67625081  -6.11950918  -5.56858561  -4.99826591  -4.38969467
  -3.75702134  -3.08203544  -2.40325327  -1.6217119   -0.83434129]
Advants:
[-9.47407252 -9.29133852 -9.1499952  -9.03098691 -8.81050769 -8.63098365
 -8.43616645 -8.22197342 -7.93257661 -7.67548417 -7.43086642 -7.16910179
 -6.82398386 -6.48438123 -6.0799344  -5.6778356  -5.28414919 -4.90215592
 -4.42761178 -3.96691441 -3.41464738 -2.83990393 -2.22159691 -1.53757541
 -0.80292946]
Mus:
[[0.25764704 0.2824334  0.2675286  0.19239092]
 [0.25808397 0.2841792  0.266332   0.19140477]
 [0.25764704 0.2824334  0.2675286  0.19239092]
 [0.25764704 0.2824334  0.2675286  0.19239092]
 [0.25808397 0.2841792  0.266332   0.19140477]
 [0.25808397 0.2841792  0.266332   0.19140477]
 [0.25808397 0.2841792  0.266332   0.19140477]
 [0.25764704 0.2824334  0.2675286  0.19239092]
 [0.25808397 0.2841792  0.266332   0.19140477]
 [0.25764704 0.2824334  0.2675286  0.19239092]
 [0.25764704 0.2824334  0.2675286  0.19239092]
 [0.2569528  0.28054097 0.26900348 0.19350275]
 [0.25764704 0.2824334  0.2675286  0.19239092]
 [0.25507787 0.28148353 0.27006966 0.1933689 ]
 [0.25586447 0.28340423 0.2688695  0.19186173]
 [0.25390837 0.2820259  0.27197886 0.19208688]
 [0.2516098  0.28013137 0.27568707 0.19257182]
 [0.25051224 0.2786596  0.2766165  0.19421163]
 [0.2516098  0.28013137 0.27568707 0.19257182]
 [0.24847582 0.2775015  0.280943   0.19307972]
 [0.24891886 0.2795183  0.28047144 0.19109136]
 [0.24891886 0.2795183  0.28047144 0.19109136]
 [0.25180733 0.2815765  0.27556732 0.19104876]
 [0.24891886 0.2795183  0.28047144 0.19109136]
 [0.24891886 0.2795183  0.28047144 0.19109136]]
Actions:
[[0. 1. 0. 0.]
 [0. 0. 0. 1.]
 [1. 0. 0. 0.]
 [0. 1. 0. 0.]
 [1. 0. 0. 0.]
 [1. 0. 0. 0.]
 [0. 0. 0. 1.]
 [0. 1. 0. 0.]
 [0. 0. 0. 1.]
 [1. 0. 0. 0.]
 [0. 0. 0. 1.]
 [0. 1. 0. 0.]
 [0. 0. 1. 0.]
 [0. 1. 0. 0.]
 [0. 0. 1. 0.]
 [0. 0. 1. 0.]
 [0. 0. 0. 1.]
 [0. 1. 0. 0.]
 [0. 0. 1. 0.]
 [0. 1. 0. 0.]
 [0. 0. 1. 0.]
 [1. 0. 0. 0.]
 [0. 0. 1. 0.]
 [0. 0. 1. 0.]
 [0. 0. 0. 1.]]
States:
[[0.4 0.8]
 [0.4 0.9]
 [0.4 0.8]
 [0.4 0.8]
 [0.4 0.9]
 [0.4 0.9]
 [0.4 0.9]
 [0.4 0.8]
 [0.4 0.9]
 [0.4 0.8]
 [0.4 0.8]
 [0.4 0.7]
 [0.4 0.8]
 [0.3 0.8]
 [0.3 0.9]
 [0.2 0.9]
 [0.1 0.9]
 [0.1 0.8]
 [0.1 0.9]
 [0.  0.9]
 [0.  1. ]
 [0.  1. ]
 [0.1 1. ]
 [0.  1. ]
 [0.  1. ]]
Logstds:
[[0. 0. 0. 0.]
 [0. 0. 0. 0.]
 [0. 0. 0. 0.]
 [0. 0. 0. 0.]
 [0. 0. 0. 0.]
 [0. 0. 0. 0.]
 [0. 0. 0. 0.]
 [0. 0. 0. 0.]
 [0. 0. 0. 0.]
 [0. 0. 0. 0.]
 [0. 0. 0. 0.]
 [0. 0. 0. 0.]
 [0. 0. 0. 0.]
 [0. 0. 0. 0.]
 [0. 0. 0. 0.]
 [0. 0. 0. 0.]
 [0. 0. 0. 0.]
 [0. 0. 0. 0.]
 [0. 0. 0. 0.]
 [0. 0. 0. 0.]
 [0. 0. 0. 0.]
 [0. 0. 0. 0.]
 [0. 0. 0. 0.]
 [0. 0. 0. 0.]
 [0. 0. 0. 0.]]
