Baseline:
[-1.8587618 -1.8170242 -1.7557738 -1.7981012 -1.739232  -1.6814617
 -1.6814617 -1.739232  -1.6952463 -1.6527859 -1.5923918 -1.549798
 -1.5923918 -1.5923918 -1.6364121 -1.6364121 -1.5923918 -1.549798
 -1.6110396 -1.5694277 -1.6301775 -1.6301775 -1.6301775 -1.6723461
 -1.6301775 -1.6301775]
Returns:
[-17.58879535 -17.07527592 -16.59143802 -16.17718442 -15.64866751
 -15.13399419 -14.68008452 -14.14326272 -13.53218565 -12.93070678
 -12.35528235 -11.77525726 -11.26885831 -10.65066877 -10.04375925
  -9.31887002  -8.53743749  -7.75647319  -6.98181366  -6.11956069
  -5.25980695  -4.3057292   -3.30143682  -2.31204188  -1.16199017]
Advants:
[-12.51128817 -12.23721508 -12.0161091  -11.76405198 -11.50182591
 -11.25588314 -11.01686618 -10.63708369 -10.28556176  -9.94318755
  -9.64732794  -9.33111631  -9.0052093   -8.60999033  -8.18089315
  -7.67431473  -7.15100422  -6.62213777  -5.98773525  -5.36037718
  -4.62115269  -3.83428904  -2.98039468  -2.08013712  -1.08048129]
Mus:
[[0.27305228 0.28239107 0.25450468 0.19005197]
 [0.27166337 0.28295982 0.255776   0.18960084]
 [0.2725661  0.28009844 0.25645533 0.1908801 ]
 [0.27422976 0.27943453 0.254839   0.19149671]
 [0.27471393 0.27707157 0.25590095 0.19231355]
 [0.27496335 0.27492574 0.2571114  0.19299944]
 [0.27496335 0.27492574 0.2571114  0.19299944]
 [0.27471393 0.27707157 0.25590095 0.19231355]
 [0.27310598 0.2775488  0.25723097 0.19211432]
 [0.27150512 0.2785818  0.2586924  0.19122064]
 [0.2718355  0.27606794 0.2596092  0.1924874 ]
 [0.26911014 0.2769358  0.26196045 0.19199364]
 [0.2718355  0.27606794 0.2596092  0.1924874 ]
 [0.2718355  0.27606794 0.2596092  0.1924874 ]
 [0.27345335 0.27544153 0.25820687 0.19289829]
 [0.27345335 0.27544153 0.25820687 0.19289829]
 [0.2718355  0.27606794 0.2596092  0.1924874 ]
 [0.26911014 0.2769358  0.26196045 0.19199364]
 [0.2689665  0.279596   0.2607683  0.19066921]
 [0.26514602 0.28084964 0.26286966 0.19113463]
 [0.26445377 0.28340918 0.26194772 0.19018933]
 [0.26445377 0.28340918 0.26194772 0.19018933]
 [0.26445377 0.28340918 0.26194772 0.19018933]
 [0.26765636 0.28250727 0.25977683 0.19005963]
 [0.26445377 0.28340918 0.26194772 0.19018933]]
Actions:
[[0. 0. 1. 0.]
 [0. 0. 0. 1.]
 [1. 0. 0. 0.]
 [0. 0. 0. 1.]
 [0. 0. 0. 1.]
 [1. 0. 0. 0.]
 [0. 1. 0. 0.]
 [0. 0. 1. 0.]
 [0. 0. 1. 0.]
 [0. 0. 0. 1.]
 [0. 0. 1. 0.]
 [1. 0. 0. 0.]
 [0. 0. 0. 1.]
 [1. 0. 0. 0.]
 [0. 0. 0. 1.]
 [0. 0. 1. 0.]
 [0. 0. 1. 0.]
 [0. 1. 0. 0.]
 [0. 0. 1. 0.]
 [0. 1. 0. 0.]
 [0. 0. 1. 0.]
 [0. 0. 1. 0.]
 [1. 0. 0. 0.]
 [0. 0. 1. 0.]
 [0. 0. 0. 1.]]
States:
[[1.  0.9]
 [0.9 0.9]
 [0.9 0.8]
 [1.  0.8]
 [1.  0.7]
 [1.  0.6]
 [1.  0.6]
 [1.  0.7]
 [0.9 0.7]
 [0.8 0.7]
 [0.8 0.6]
 [0.7 0.6]
 [0.8 0.6]
 [0.8 0.6]
 [0.9 0.6]
 [0.9 0.6]
 [0.8 0.6]
 [0.7 0.6]
 [0.7 0.7]
 [0.6 0.7]
 [0.6 0.8]
 [0.6 0.8]
 [0.6 0.8]
 [0.7 0.8]
 [0.6 0.8]]
Logstds:
[[0. 0. 0. 0.]
 [0. 0. 0. 0.]
 [0. 0. 0. 0.]
 [0. 0. 0. 0.]
 [0. 0. 0. 0.]
 [0. 0. 0. 0.]
 [0. 0. 0. 0.]
 [0. 0. 0. 0.]
 [0. 0. 0. 0.]
 [0. 0. 0. 0.]
 [0. 0. 0. 0.]
 [0. 0. 0. 0.]
 [0. 0. 0. 0.]
 [0. 0. 0. 0.]
 [0. 0. 0. 0.]
 [0. 0. 0. 0.]
 [0. 0. 0. 0.]
 [0. 0. 0. 0.]
 [0. 0. 0. 0.]
 [0. 0. 0. 0.]
 [0. 0. 0. 0.]
 [0. 0. 0. 0.]
 [0. 0. 0. 0.]
 [0. 0. 0. 0.]
 [0. 0. 0. 0.]]
