Baseline:
[-1.1760931 -1.141064  -1.1760931 -1.141064  -1.141064  -1.0747187
 -1.0115836 -1.0115836 -1.0115836 -0.9542389 -0.9542389 -0.9943204
 -0.9542389 -1.0115836 -1.0115836 -1.0115836 -1.0747187 -1.141064
 -1.141064  -1.0747187 -1.141064  -1.1760931 -1.141064  -1.141064
 -1.141064  -1.141064 ]
Returns:
[-10.66452136 -10.37717163 -10.14648041  -9.83186537  -9.50476684
  -9.18063034  -8.88696747  -8.63654744  -8.37294741  -8.08176149
  -7.83327506  -7.58413036  -7.26790831  -6.93058664  -6.5771992
  -6.20521242  -5.77040698  -5.2706122   -4.70344771  -4.1266102
  -3.5402998   -2.94977323  -2.25638412  -1.53057605  -0.80233687]
Advants:
[-7.51038093 -7.3752087  -7.22839825 -7.06920471 -6.86263807 -6.72767368
 -6.62330633 -6.50204896 -6.37046202 -6.2726475  -6.16409037 -6.01776848
 -5.88816541 -5.64031353 -5.43531777 -5.21285899 -4.86178414 -4.43751118
 -4.00675796 -3.62850916 -3.09917697 -2.58810337 -2.03361613 -1.39808183
 -0.74528372]
Mus:
[[0.24587768 0.2701126  0.28248024 0.20152938]
 [0.24300815 0.26813772 0.28632778 0.20252633]
 [0.24587768 0.2701126  0.28248024 0.20152938]
 [0.24300815 0.26813772 0.28632778 0.20252633]
 [0.24300815 0.26813772 0.28632778 0.20252633]
 [0.24178542 0.2653497  0.2881169  0.20474795]
 [0.24081329 0.26245892 0.28949165 0.20723614]
 [0.24081329 0.26245892 0.28949165 0.20723614]
 [0.24081329 0.26245892 0.28949165 0.20723614]
 [0.2399224  0.26025698 0.29062265 0.20919794]
 [0.2399224  0.26025698 0.29062265 0.20919794]
 [0.2438608  0.26109055 0.28721163 0.207837  ]
 [0.2399224  0.26025698 0.29062265 0.20919794]
 [0.24081329 0.26245892 0.28949165 0.20723614]
 [0.24081329 0.26245892 0.28949165 0.20723614]
 [0.24081329 0.26245892 0.28949165 0.20723614]
 [0.24178542 0.2653497  0.2881169  0.20474795]
 [0.24300815 0.26813772 0.28632778 0.20252633]
 [0.24300815 0.26813772 0.28632778 0.20252633]
 [0.24178542 0.2653497  0.2881169  0.20474795]
 [0.24300815 0.26813772 0.28632778 0.20252633]
 [0.24587768 0.2701126  0.28248024 0.20152938]
 [0.24300815 0.26813772 0.28632778 0.20252633]
 [0.24300815 0.26813772 0.28632778 0.20252633]
 [0.24300815 0.26813772 0.28632778 0.20252633]]
Actions:
[[0. 0. 1. 0.]
 [1. 0. 0. 0.]
 [0. 0. 1. 0.]
 [0. 1. 0. 0.]
 [0. 0. 0. 1.]
 [0. 0. 0. 1.]
 [0. 0. 1. 0.]
 [0. 0. 1. 0.]
 [0. 0. 0. 1.]
 [0. 0. 1. 0.]
 [1. 0. 0. 0.]
 [0. 0. 1. 0.]
 [0. 1. 0. 0.]
 [0. 0. 1. 0.]
 [0. 0. 1. 0.]
 [0. 1. 0. 0.]
 [0. 1. 0. 0.]
 [0. 1. 0. 0.]
 [0. 0. 0. 1.]
 [0. 1. 0. 0.]
 [1. 0. 0. 0.]
 [0. 0. 1. 0.]
 [0. 1. 0. 0.]
 [0. 0. 1. 0.]
 [0. 1. 0. 0.]]
States:
[[0.1 0.4]
 [0.  0.4]
 [0.1 0.4]
 [0.  0.4]
 [0.  0.4]
 [0.  0.3]
 [0.  0.2]
 [0.  0.2]
 [0.  0.2]
 [0.  0.1]
 [0.  0.1]
 [0.1 0.1]
 [0.  0.1]
 [0.  0.2]
 [0.  0.2]
 [0.  0.2]
 [0.  0.3]
 [0.  0.4]
 [0.  0.4]
 [0.  0.3]
 [0.  0.4]
 [0.1 0.4]
 [0.  0.4]
 [0.  0.4]
 [0.  0.4]]
Logstds:
[[0. 0. 0. 0.]
 [0. 0. 0. 0.]
 [0. 0. 0. 0.]
 [0. 0. 0. 0.]
 [0. 0. 0. 0.]
 [0. 0. 0. 0.]
 [0. 0. 0. 0.]
 [0. 0. 0. 0.]
 [0. 0. 0. 0.]
 [0. 0. 0. 0.]
 [0. 0. 0. 0.]
 [0. 0. 0. 0.]
 [0. 0. 0. 0.]
 [0. 0. 0. 0.]
 [0. 0. 0. 0.]
 [0. 0. 0. 0.]
 [0. 0. 0. 0.]
 [0. 0. 0. 0.]
 [0. 0. 0. 0.]
 [0. 0. 0. 0.]
 [0. 0. 0. 0.]
 [0. 0. 0. 0.]
 [0. 0. 0. 0.]
 [0. 0. 0. 0.]
 [0. 0. 0. 0.]]
