Baseline:
[1.2839471 1.3351302 1.3351302 1.3351302 1.3126128 1.3690795 1.4291524
 1.4869906 1.4291524 1.4448063 1.4448063 1.3875947 1.4448063 1.4291524
 1.4448063 1.4291524 1.3690795 1.3535504 1.3690795 1.3535504 1.3690795
 1.4291524 1.3690795 1.3535504 1.3690795 1.3690795]
Returns:
[-0.78383673 -0.75598642 -0.76060041 -0.76545724 -0.7691378  -0.73318613
 -0.68291414 -0.61722084 -0.58718439 -0.57006732 -0.54893886 -0.52234586
 -0.45425781 -0.42136615 -0.3955218  -0.35953877 -0.32691589 -0.30178362
 -0.28036123 -0.25277872 -0.22877713 -0.15195729 -0.10840907 -0.07177644
 -0.03824842]
Advants:
[-1.27547011 -1.29598166 -1.29767676 -1.29951627 -1.27682238 -1.2937863
 -1.30003676 -1.2880859  -1.19304873 -1.18376767 -1.1535018  -1.05718944
 -1.03240339 -0.96726189 -0.93874667 -0.86562682 -0.74675119 -0.67642236
 -0.63815184 -0.55857174 -0.51026186 -0.44976607 -0.29546443 -0.18669174
 -0.10670245]
Mus:
[[0.26207826 0.29235667 0.23387787 0.2116872 ]
 [0.26140937 0.2962299  0.23143066 0.21093006]
 [0.26140937 0.2962299  0.23143066 0.21093006]
 [0.26140937 0.2962299  0.23143066 0.21093006]
 [0.26043135 0.2953836  0.23232113 0.21186392]
 [0.25988448 0.29883233 0.23036462 0.21091855]
 [0.25941777 0.30208194 0.22850005 0.21000017]
 [0.25929862 0.30494922 0.22654337 0.20920882]
 [0.25941777 0.30208194 0.22850005 0.21000017]
 [0.2601313  0.3029988  0.22755642 0.2093135 ]
 [0.2601313  0.3029988  0.22755642 0.2093135 ]
 [0.2606076  0.29963258 0.2295155  0.21024439]
 [0.2601313  0.3029988  0.22755642 0.2093135 ]
 [0.25941777 0.30208194 0.22850005 0.21000017]
 [0.2601313  0.3029988  0.22755642 0.2093135 ]
 [0.25941777 0.30208194 0.22850005 0.21000017]
 [0.25988448 0.29883233 0.23036462 0.21091855]
 [0.25957286 0.2974508  0.23138697 0.21158926]
 [0.25988448 0.29883233 0.23036462 0.21091855]
 [0.25957286 0.2974508  0.23138697 0.21158926]
 [0.25988448 0.29883233 0.23036462 0.21091855]
 [0.25941777 0.30208194 0.22850005 0.21000017]
 [0.25988448 0.29883233 0.23036462 0.21091855]
 [0.25957286 0.2974508  0.23138697 0.21158926]
 [0.25988448 0.29883233 0.23036462 0.21091855]]
Actions:
[[0. 1. 0. 0.]
 [1. 0. 0. 0.]
 [1. 0. 0. 0.]
 [0. 0. 1. 0.]
 [0. 1. 0. 0.]
 [0. 1. 0. 0.]
 [0. 1. 0. 0.]
 [0. 0. 0. 1.]
 [1. 0. 0. 0.]
 [1. 0. 0. 0.]
 [0. 0. 0. 1.]
 [0. 1. 0. 0.]
 [0. 0. 1. 0.]
 [1. 0. 0. 0.]
 [0. 0. 1. 0.]
 [0. 0. 0. 1.]
 [0. 0. 1. 0.]
 [1. 0. 0. 0.]
 [0. 0. 1. 0.]
 [1. 0. 0. 0.]
 [0. 1. 0. 0.]
 [0. 0. 0. 1.]
 [0. 0. 1. 0.]
 [1. 0. 0. 0.]
 [1. 0. 0. 0.]]
States:
[[1.  0.6]
 [1.  0.7]
 [1.  0.7]
 [1.  0.7]
 [0.9 0.7]
 [0.9 0.8]
 [0.9 0.9]
 [0.9 1. ]
 [0.9 0.9]
 [1.  0.9]
 [1.  0.9]
 [1.  0.8]
 [1.  0.9]
 [0.9 0.9]
 [1.  0.9]
 [0.9 0.9]
 [0.9 0.8]
 [0.8 0.8]
 [0.9 0.8]
 [0.8 0.8]
 [0.9 0.8]
 [0.9 0.9]
 [0.9 0.8]
 [0.8 0.8]
 [0.9 0.8]]
Logstds:
[[0. 0. 0. 0.]
 [0. 0. 0. 0.]
 [0. 0. 0. 0.]
 [0. 0. 0. 0.]
 [0. 0. 0. 0.]
 [0. 0. 0. 0.]
 [0. 0. 0. 0.]
 [0. 0. 0. 0.]
 [0. 0. 0. 0.]
 [0. 0. 0. 0.]
 [0. 0. 0. 0.]
 [0. 0. 0. 0.]
 [0. 0. 0. 0.]
 [0. 0. 0. 0.]
 [0. 0. 0. 0.]
 [0. 0. 0. 0.]
 [0. 0. 0. 0.]
 [0. 0. 0. 0.]
 [0. 0. 0. 0.]
 [0. 0. 0. 0.]
 [0. 0. 0. 0.]
 [0. 0. 0. 0.]
 [0. 0. 0. 0.]
 [0. 0. 0. 0.]
 [0. 0. 0. 0.]]
