Baseline:
[0.96722865 0.94568706 0.9042325  0.94568706 0.9250162  0.88054574
 0.9250162  0.9007133  0.8740664  0.9007133  0.8582972  0.814179
 0.7748447  0.814179   0.83944046 0.83944046 0.814179   0.8582972
 0.8344677  0.8582972  0.9007133  0.8582972  0.88054574 0.8582972
 0.9007133  0.9007133 ]
Returns:
[-1.50504222 -1.44354158 -1.41910345 -1.31160016 -1.25454998 -1.23237195
 -1.12794841 -1.07567111 -1.03468446 -0.98215434 -0.95756741 -0.94802463
 -0.95450878 -0.87708862 -0.82959773 -0.81882892 -0.77614845 -0.67514183
 -0.6268051  -0.56679578 -0.44009355 -0.3869771  -0.30044797 -0.21754895
 -0.0724653 ]
Advants:
[-1.75251449 -1.68205188 -1.62777256 -1.57228371 -1.50361843 -1.44473581
 -1.39135596 -1.31954047 -1.25498575 -1.23164315 -1.16532489 -1.11074736
 -1.07588663 -1.034441   -1.00787807 -0.99207355 -0.91656564 -0.8497073
 -0.76448988 -0.71302814 -0.60955145 -0.49023894 -0.39816457 -0.25960361
 -0.11750096]
Mus:
[[0.26875302 0.27425835 0.26316124 0.19382745]
 [0.26509738 0.27520102 0.26584896 0.19385265]
 [0.26506147 0.27183095 0.26759323 0.19551438]
 [0.26509738 0.27520102 0.26584896 0.19385265]
 [0.26058388 0.27552563 0.26891318 0.19497737]
 [0.26123327 0.27195993 0.27048087 0.19632599]
 [0.26058388 0.27552563 0.26891318 0.19497737]
 [0.25602612 0.27602908 0.2717875  0.19615735]
 [0.25213057 0.2755329  0.27473772 0.19759884]
 [0.25602612 0.27602908 0.2717875  0.19615735]
 [0.25677955 0.27203348 0.2734272  0.19775978]
 [0.25725248 0.26884857 0.2747546  0.19914436]
 [0.25700617 0.2663656  0.27639094 0.20023732]
 [0.25725248 0.26884857 0.2747546  0.19914436]
 [0.26133934 0.26890627 0.27210242 0.19765206]
 [0.26133934 0.26890627 0.27210242 0.19765206]
 [0.25725248 0.26884857 0.2747546  0.19914436]
 [0.25677955 0.27203348 0.2734272  0.19775978]
 [0.2523132  0.27232686 0.27621904 0.19914082]
 [0.25677955 0.27203348 0.2734272  0.19775978]
 [0.25602612 0.27602908 0.2717875  0.19615735]
 [0.25677955 0.27203348 0.2734272  0.19775978]
 [0.26123327 0.27195993 0.27048087 0.19632599]
 [0.25677955 0.27203348 0.2734272  0.19775978]
 [0.25602612 0.27602908 0.2717875  0.19615735]]
Actions:
[[0. 0. 1. 0.]
 [0. 0. 0. 1.]
 [0. 1. 0. 0.]
 [0. 0. 1. 0.]
 [0. 0. 0. 1.]
 [0. 1. 0. 0.]
 [0. 0. 1. 0.]
 [0. 0. 1. 0.]
 [1. 0. 0. 0.]
 [0. 0. 0. 1.]
 [0. 0. 0. 1.]
 [0. 0. 0. 1.]
 [0. 1. 0. 0.]
 [1. 0. 0. 0.]
 [0. 0. 0. 1.]
 [0. 0. 1. 0.]
 [0. 1. 0. 0.]
 [0. 0. 1. 0.]
 [1. 0. 0. 0.]
 [0. 1. 0. 0.]
 [0. 0. 0. 1.]
 [1. 0. 0. 0.]
 [0. 0. 1. 0.]
 [0. 1. 0. 0.]
 [0. 0. 0. 1.]]
States:
[[0.7 0.5]
 [0.6 0.5]
 [0.6 0.4]
 [0.6 0.5]
 [0.5 0.5]
 [0.5 0.4]
 [0.5 0.5]
 [0.4 0.5]
 [0.3 0.5]
 [0.4 0.5]
 [0.4 0.4]
 [0.4 0.3]
 [0.4 0.2]
 [0.4 0.3]
 [0.5 0.3]
 [0.5 0.3]
 [0.4 0.3]
 [0.4 0.4]
 [0.3 0.4]
 [0.4 0.4]
 [0.4 0.5]
 [0.4 0.4]
 [0.5 0.4]
 [0.4 0.4]
 [0.4 0.5]]
Logstds:
[[0. 0. 0. 0.]
 [0. 0. 0. 0.]
 [0. 0. 0. 0.]
 [0. 0. 0. 0.]
 [0. 0. 0. 0.]
 [0. 0. 0. 0.]
 [0. 0. 0. 0.]
 [0. 0. 0. 0.]
 [0. 0. 0. 0.]
 [0. 0. 0. 0.]
 [0. 0. 0. 0.]
 [0. 0. 0. 0.]
 [0. 0. 0. 0.]
 [0. 0. 0. 0.]
 [0. 0. 0. 0.]
 [0. 0. 0. 0.]
 [0. 0. 0. 0.]
 [0. 0. 0. 0.]
 [0. 0. 0. 0.]
 [0. 0. 0. 0.]
 [0. 0. 0. 0.]
 [0. 0. 0. 0.]
 [0. 0. 0. 0.]
 [0. 0. 0. 0.]
 [0. 0. 0. 0.]]
