Baseline:
[-1.565912  -1.5201442 -1.5201442 -1.565912  -1.6128099 -1.6128099
 -1.6680775 -1.622092  -1.6680775 -1.6680775 -1.6680775 -1.6680775
 -1.622092  -1.6843404 -1.642035  -1.7070464 -1.7483523 -1.8134849
 -1.7483523 -1.8134849 -1.878566  -1.878566  -1.9199309 -1.878566
 -1.9448541 -1.9448541]
Returns:
[-10.90223296 -10.72719431 -10.52997809 -10.42105718 -10.27178252
  -9.97491736  -9.7572099   -9.44248325  -9.20634597  -8.92171827
  -8.62211018  -8.30673323  -7.91566571  -7.58511608  -7.15288802
  -6.77664056  -6.36119393  -5.86987738  -5.19911538  -4.64663679
  -4.02224956  -3.27105257  -2.56218028  -1.69654865  -0.87393856]
Advants:
[-7.45329807 -7.44837206 -7.37999362 -7.36033387 -7.30462594 -7.15100986
 -7.02504425 -6.90752419 -6.78077919 -6.65596247 -6.52051296 -6.37352488
 -6.20050371 -5.9822757  -5.76973463 -5.50732068 -5.23052191 -4.85214667
 -4.42103004 -3.97369645 -3.44768735 -2.85064141 -2.24448381 -1.55107764
 -0.77669585]
Mus:
[[0.25660288 0.26619866 0.25651392 0.22068462]
 [0.25518367 0.26627228 0.257706   0.22083811]
 [0.25518367 0.26627228 0.257706   0.22083811]
 [0.25660288 0.26619866 0.25651392 0.22068462]
 [0.25815555 0.26586536 0.25557297 0.22040607]
 [0.25815555 0.26586536 0.25557297 0.22040607]
 [0.25818747 0.26841703 0.25346765 0.21992788]
 [0.2568896  0.2685498  0.25433213 0.22022846]
 [0.25818747 0.26841703 0.25346765 0.21992788]
 [0.25818747 0.26841703 0.25346765 0.21992788]
 [0.25818747 0.26841703 0.25346765 0.21992788]
 [0.25818747 0.26841703 0.25346765 0.21992788]
 [0.2568896  0.2685498  0.25433213 0.22022846]
 [0.2570938  0.27074558 0.25239378 0.2197668 ]
 [0.25605038 0.27073014 0.2528868  0.22033265]
 [0.25696608 0.27280056 0.2500919  0.2201414 ]
 [0.2574822  0.27274606 0.2502805  0.21949127]
 [0.2577019  0.27532676 0.24815924 0.21881211]
 [0.2574822  0.27274606 0.2502805  0.21949127]
 [0.2577019  0.27532676 0.24815924 0.21881211]
 [0.25790602 0.27819282 0.24526347 0.21863773]
 [0.25790602 0.27819282 0.24526347 0.21863773]
 [0.25882447 0.2787865  0.24464741 0.21774161]
 [0.25790602 0.27819282 0.24526347 0.21863773]
 [0.2578627  0.28150547 0.24215011 0.21848173]]
Actions:
[[0. 0. 1. 0.]
 [0. 0. 0. 1.]
 [1. 0. 0. 0.]
 [1. 0. 0. 0.]
 [0. 0. 0. 1.]
 [0. 1. 0. 0.]
 [0. 0. 1. 0.]
 [1. 0. 0. 0.]
 [1. 0. 0. 0.]
 [1. 0. 0. 0.]
 [1. 0. 0. 0.]
 [0. 0. 1. 0.]
 [0. 1. 0. 0.]
 [0. 0. 1. 0.]
 [0. 1. 0. 0.]
 [1. 0. 0. 0.]
 [0. 1. 0. 0.]
 [0. 0. 0. 1.]
 [0. 1. 0. 0.]
 [0. 1. 0. 0.]
 [0. 0. 1. 0.]
 [1. 0. 0. 0.]
 [0. 0. 1. 0.]
 [0. 1. 0. 0.]
 [1. 0. 0. 0.]]
States:
[[0.3 0. ]
 [0.2 0. ]
 [0.2 0. ]
 [0.3 0. ]
 [0.4 0. ]
 [0.4 0. ]
 [0.4 0.1]
 [0.3 0.1]
 [0.4 0.1]
 [0.4 0.1]
 [0.4 0.1]
 [0.4 0.1]
 [0.3 0.1]
 [0.3 0.2]
 [0.2 0.2]
 [0.2 0.3]
 [0.3 0.3]
 [0.3 0.4]
 [0.3 0.3]
 [0.3 0.4]
 [0.3 0.5]
 [0.3 0.5]
 [0.4 0.5]
 [0.3 0.5]
 [0.3 0.6]]
Logstds:
[[0. 0. 0. 0.]
 [0. 0. 0. 0.]
 [0. 0. 0. 0.]
 [0. 0. 0. 0.]
 [0. 0. 0. 0.]
 [0. 0. 0. 0.]
 [0. 0. 0. 0.]
 [0. 0. 0. 0.]
 [0. 0. 0. 0.]
 [0. 0. 0. 0.]
 [0. 0. 0. 0.]
 [0. 0. 0. 0.]
 [0. 0. 0. 0.]
 [0. 0. 0. 0.]
 [0. 0. 0. 0.]
 [0. 0. 0. 0.]
 [0. 0. 0. 0.]
 [0. 0. 0. 0.]
 [0. 0. 0. 0.]
 [0. 0. 0. 0.]
 [0. 0. 0. 0.]
 [0. 0. 0. 0.]
 [0. 0. 0. 0.]
 [0. 0. 0. 0.]
 [0. 0. 0. 0.]]
