Baseline:
[-2.9963727 -3.0780466 -3.1597908 -3.0780466 -3.1643689 -3.2437544
 -3.3349774 -3.2437544 -3.3244302 -3.4144304 -3.3349774 -3.2555225
 -3.3349774 -3.4144304 -3.4144304 -3.3244302 -3.4144304 -3.4144304
 -3.5070832 -3.5070832 -3.4144304 -3.4144304 -3.5070832 -3.5070832
 -3.4144304 -3.4144304]
Returns:
[-15.22172954 -15.0966696  -14.92929312 -14.61272914 -14.40025104
 -14.15679168 -13.8325287  -13.28445898 -12.94576449 -12.51809441
 -11.9409748  -11.3725933  -10.92972845 -10.42740339  -9.86212297
  -9.06491551  -8.43299022  -7.76274069  -7.01372833  -6.17789602
  -5.14117918  -4.29767644  -3.36629227  -2.33848964  -1.09969878]
Advants:
[-9.99695891 -9.97210422 -9.91265168 -9.87639471 -9.78383092 -9.67480658
 -9.47850589 -9.24538665 -9.05583263 -8.77154553 -8.51175168 -8.26584022
 -7.99108333 -7.6599638  -7.3492119  -6.89634339 -6.42809546 -6.01240416
 -5.42095125 -4.83079573 -4.12413919 -3.51218031 -2.70774035 -1.88645401
 -0.92897725]
Mus:
[[0.26163644 0.27011475 0.25023127 0.21801755]
 [0.26190236 0.27079847 0.2499197  0.21737947]
 [0.26159337 0.27103916 0.25024092 0.2171265 ]
 [0.26190236 0.27079847 0.2499197  0.21737947]
 [0.26139328 0.27560148 0.24711154 0.21589369]
 [0.261404   0.2761095  0.24711935 0.2153671 ]
 [0.26145628 0.28072163 0.24355027 0.2142718 ]
 [0.261404   0.2761095  0.24711935 0.2153671 ]
 [0.26108986 0.27594823 0.24766493 0.21529701]
 [0.2616318  0.28082067 0.24340923 0.21413825]
 [0.26145628 0.28072163 0.24355027 0.2142718 ]
 [0.2609231  0.27987248 0.24427333 0.21493107]
 [0.26145628 0.28072163 0.24355027 0.2142718 ]
 [0.2616318  0.28082067 0.24340923 0.21413825]
 [0.2616318  0.28082067 0.24340923 0.21413825]
 [0.26108986 0.27594823 0.24766493 0.21529701]
 [0.2616318  0.28082067 0.24340923 0.21413825]
 [0.2616318  0.28082067 0.24340923 0.21413825]
 [0.26213208 0.28531942 0.23953825 0.21301027]
 [0.26213208 0.28531942 0.23953825 0.21301027]
 [0.2616318  0.28082067 0.24340923 0.21413825]
 [0.2616318  0.28082067 0.24340923 0.21413825]
 [0.26213208 0.28531942 0.23953825 0.21301027]
 [0.26213208 0.28531942 0.23953825 0.21301027]
 [0.2616318  0.28082067 0.24340923 0.21413825]]
Actions:
[[1. 0. 0. 0.]
 [1. 0. 0. 0.]
 [0. 0. 1. 0.]
 [0. 1. 0. 0.]
 [1. 0. 0. 0.]
 [0. 1. 0. 0.]
 [0. 0. 0. 1.]
 [1. 0. 0. 0.]
 [0. 1. 0. 0.]
 [0. 0. 1. 0.]
 [0. 0. 1. 0.]
 [1. 0. 0. 0.]
 [1. 0. 0. 0.]
 [1. 0. 0. 0.]
 [0. 0. 0. 1.]
 [0. 1. 0. 0.]
 [1. 0. 0. 0.]
 [0. 1. 0. 0.]
 [0. 1. 0. 0.]
 [0. 0. 0. 1.]
 [1. 0. 0. 0.]
 [0. 1. 0. 0.]
 [0. 1. 0. 0.]
 [0. 0. 0. 1.]
 [0. 1. 0. 0.]]
States:
[[0.7 0.1]
 [0.8 0.1]
 [0.9 0.1]
 [0.8 0.1]
 [0.8 0.2]
 [0.9 0.2]
 [0.9 0.3]
 [0.9 0.2]
 [1.  0.2]
 [1.  0.3]
 [0.9 0.3]
 [0.8 0.3]
 [0.9 0.3]
 [1.  0.3]
 [1.  0.3]
 [1.  0.2]
 [1.  0.3]
 [1.  0.3]
 [1.  0.4]
 [1.  0.4]
 [1.  0.3]
 [1.  0.3]
 [1.  0.4]
 [1.  0.4]
 [1.  0.3]]
Logstds:
[[0. 0. 0. 0.]
 [0. 0. 0. 0.]
 [0. 0. 0. 0.]
 [0. 0. 0. 0.]
 [0. 0. 0. 0.]
 [0. 0. 0. 0.]
 [0. 0. 0. 0.]
 [0. 0. 0. 0.]
 [0. 0. 0. 0.]
 [0. 0. 0. 0.]
 [0. 0. 0. 0.]
 [0. 0. 0. 0.]
 [0. 0. 0. 0.]
 [0. 0. 0. 0.]
 [0. 0. 0. 0.]
 [0. 0. 0. 0.]
 [0. 0. 0. 0.]
 [0. 0. 0. 0.]
 [0. 0. 0. 0.]
 [0. 0. 0. 0.]
 [0. 0. 0. 0.]
 [0. 0. 0. 0.]
 [0. 0. 0. 0.]
 [0. 0. 0. 0.]
 [0. 0. 0. 0.]]
