Baseline:
[1.0398109  0.99283564 1.0167302  0.97437036 1.0167302  0.99283564
 1.0398109  0.99283564 0.99283564 0.99283564 1.0398109  1.0158864
 1.0398109  1.089278   1.143049   1.089278   1.1131239  1.063719
 1.0398109  1.0158864  0.99338096 1.0498637  1.0681431  1.0158864
 1.0681431  1.0681431 ]
Returns:
[0.22003837 0.20266579 0.19622337 0.17143688 0.17428684 0.15289118
 0.16209228 0.1416699  0.11308723 0.08300022 0.08852285 0.06734402
 0.05871441 0.07438524 0.10218302 0.10134964 0.10667354 0.09920779
 0.08489236 0.06352246 0.0352212  0.03831384 0.03271101 0.01278875
 0.0205617 ]
Advants:
[-0.39727538 -0.3561196  -0.37485756 -0.34415361 -0.37063626 -0.35392311
 -0.37744038 -0.33459491 -0.34638106 -0.35917124 -0.38313559 -0.36132694
 -0.37420095 -0.38768595 -0.39242087 -0.31479854 -0.30710584 -0.23542178
 -0.19325347 -0.1552693  -0.1227966  -0.13630946 -0.11765609 -0.03816248
 -0.0328455 ]
Mus:
[[0.25950196 0.2771861  0.24672976 0.21658213]
 [0.2602806  0.27327022 0.24897115 0.21747795]
 [0.26097056 0.27460286 0.24770978 0.21671683]
 [0.26163644 0.27011475 0.25023127 0.21801755]
 [0.26097056 0.27460286 0.24770978 0.21671683]
 [0.2602806  0.27327022 0.24897115 0.21747795]
 [0.25950196 0.2771861  0.24672976 0.21658213]
 [0.2602806  0.27327022 0.24897115 0.21747795]
 [0.2602806  0.27327022 0.24897115 0.21747795]
 [0.2602806  0.27327022 0.24897115 0.21747795]
 [0.25950196 0.2771861  0.24672976 0.21658213]
 [0.25866643 0.2754603  0.24826841 0.2176048 ]
 [0.25950196 0.2771861  0.24672976 0.21658213]
 [0.25948626 0.28070253 0.24371035 0.21610075]
 [0.25983584 0.28368637 0.24090892 0.21556887]
 [0.25948626 0.28070253 0.24371035 0.21610075]
 [0.260012   0.28206024 0.24247386 0.21545391]
 [0.26020825 0.27856544 0.24543029 0.21579607]
 [0.25950196 0.2771861  0.24672976 0.21658213]
 [0.25866643 0.2754603  0.24826841 0.2176048 ]
 [0.25798878 0.27386254 0.2495488  0.21859986]
 [0.2583469  0.2762402  0.24751526 0.21789771]
 [0.25890708 0.27817583 0.24605037 0.21686669]
 [0.25866643 0.2754603  0.24826841 0.2176048 ]
 [0.25890708 0.27817583 0.24605037 0.21686669]]
Actions:
[[0. 0. 0. 1.]
 [1. 0. 0. 0.]
 [0. 0. 0. 1.]
 [0. 1. 0. 0.]
 [0. 0. 1. 0.]
 [0. 1. 0. 0.]
 [0. 0. 0. 1.]
 [0. 0. 1. 0.]
 [0. 0. 1. 0.]
 [0. 1. 0. 0.]
 [0. 0. 1. 0.]
 [1. 0. 0. 0.]
 [0. 1. 0. 0.]
 [0. 1. 0. 0.]
 [0. 0. 0. 1.]
 [1. 0. 0. 0.]
 [0. 0. 0. 1.]
 [0. 0. 1. 0.]
 [0. 0. 1. 0.]
 [0. 0. 1. 0.]
 [0. 1. 0. 0.]
 [1. 0. 0. 0.]
 [0. 0. 0. 1.]
 [0. 1. 0. 0.]
 [0. 0. 0. 1.]]
States:
[[0.6 0.3]
 [0.6 0.2]
 [0.7 0.2]
 [0.7 0.1]
 [0.7 0.2]
 [0.6 0.2]
 [0.6 0.3]
 [0.6 0.2]
 [0.6 0.2]
 [0.6 0.2]
 [0.6 0.3]
 [0.5 0.3]
 [0.6 0.3]
 [0.6 0.4]
 [0.6 0.5]
 [0.6 0.4]
 [0.7 0.4]
 [0.7 0.3]
 [0.6 0.3]
 [0.5 0.3]
 [0.4 0.3]
 [0.4 0.4]
 [0.5 0.4]
 [0.5 0.3]
 [0.5 0.4]]
Logstds:
[[0. 0. 0. 0.]
 [0. 0. 0. 0.]
 [0. 0. 0. 0.]
 [0. 0. 0. 0.]
 [0. 0. 0. 0.]
 [0. 0. 0. 0.]
 [0. 0. 0. 0.]
 [0. 0. 0. 0.]
 [0. 0. 0. 0.]
 [0. 0. 0. 0.]
 [0. 0. 0. 0.]
 [0. 0. 0. 0.]
 [0. 0. 0. 0.]
 [0. 0. 0. 0.]
 [0. 0. 0. 0.]
 [0. 0. 0. 0.]
 [0. 0. 0. 0.]
 [0. 0. 0. 0.]
 [0. 0. 0. 0.]
 [0. 0. 0. 0.]
 [0. 0. 0. 0.]
 [0. 0. 0. 0.]
 [0. 0. 0. 0.]
 [0. 0. 0. 0.]
 [0. 0. 0. 0.]]
