Baseline:
[0.77484471 0.77484471 0.73733836 0.71161962 0.75000787 0.72690302
 0.70968807 0.66523665 0.70968807 0.69582927 0.69582927 0.73717809
 0.69582927 0.69582927 0.6520831  0.61457157 0.        ]
Returns:
[-0.35743662 -0.29654512 -0.28530657 -0.25436238 -0.16919215 -0.13557743
 -0.11613381 -0.12406487 -0.06286854 -0.05516762 -0.06252019  0.00304305
  0.00683407  0.00274475 -0.00886106 -0.03671885]
Advants:
[-0.91291611 -0.86647327 -0.83190031 -0.7888641  -0.75542281 -0.71142618
 -0.68744059 -0.66354331 -0.65997891 -0.65205572 -0.67443388 -0.66577613
 -0.63612212 -0.65714294 -0.64238239 -0.65129042]
Mus:
[[0.25700617 0.2663656  0.27639094 0.20023732]
 [0.25700617 0.2663656  0.27639094 0.20023732]
 [0.25705484 0.26384923 0.2774117  0.20168422]
 [0.25334868 0.26303935 0.2801229  0.20348899]
 [0.25309172 0.26599646 0.27871954 0.20219229]
 [0.24881975 0.26536024 0.2818042  0.20401584]
 [0.24464242 0.26394394 0.28564692 0.20576672]
 [0.2438608  0.26109055 0.28721163 0.207837  ]
 [0.24464242 0.26394394 0.28564692 0.20576672]
 [0.24081329 0.26245892 0.28949165 0.20723614]
 [0.24081329 0.26245892 0.28949165 0.20723614]
 [0.24178542 0.2653497  0.2881169  0.20474795]
 [0.24081329 0.26245892 0.28949165 0.20723614]
 [0.24081329 0.26245892 0.28949165 0.20723614]
 [0.2399224  0.26025698 0.29062265 0.20919794]
 [0.23914075 0.25845698 0.2918959  0.21050641]]
Actions:
[[1. 0. 0. 0.]
 [0. 0. 0. 1.]
 [0. 0. 1. 0.]
 [0. 1. 0. 0.]
 [0. 0. 1. 0.]
 [0. 0. 1. 0.]
 [0. 0. 0. 1.]
 [0. 1. 0. 0.]
 [0. 0. 1. 0.]
 [0. 0. 1. 0.]
 [0. 1. 0. 0.]
 [0. 0. 0. 1.]
 [0. 0. 1. 0.]
 [0. 0. 0. 1.]
 [0. 0. 0. 1.]
 [0. 1. 0. 0.]]
States:
[[0.4 0.2]
 [0.4 0.2]
 [0.4 0.1]
 [0.3 0.1]
 [0.3 0.2]
 [0.2 0.2]
 [0.1 0.2]
 [0.1 0.1]
 [0.1 0.2]
 [0.  0.2]
 [0.  0.2]
 [0.  0.3]
 [0.  0.2]
 [0.  0.2]
 [0.  0.1]
 [0.  0. ]]
Logstds:
[[0. 0. 0. 0.]
 [0. 0. 0. 0.]
 [0. 0. 0. 0.]
 [0. 0. 0. 0.]
 [0. 0. 0. 0.]
 [0. 0. 0. 0.]
 [0. 0. 0. 0.]
 [0. 0. 0. 0.]
 [0. 0. 0. 0.]
 [0. 0. 0. 0.]
 [0. 0. 0. 0.]
 [0. 0. 0. 0.]
 [0. 0. 0. 0.]
 [0. 0. 0. 0.]
 [0. 0. 0. 0.]
 [0. 0. 0. 0.]]
