Baseline:
[-0.98546845 -0.9466631  -0.9333329  -0.97188735 -0.95812315 -0.94465536
 -0.94465536 -0.95812315 -0.91964763 -0.8810702  -0.91964763 -0.9333329
 -0.9466631  -0.98546845 -0.9466631  -0.91177374 -0.9311192  -0.91177374
 -0.8947893  -0.8810702  -0.8435664  -0.86052096 -0.83044255 -0.80165476
 -0.78186697 -0.78186697]
Returns:
[-11.54621913 -11.19266964 -10.90012846 -10.64764359 -10.32229012
 -10.01220885  -9.67093596  -9.40623149  -9.00212623  -8.61668356
  -8.31440407  -7.98385532  -7.60630904  -7.1465568   -6.56144613
  -5.98382981  -5.50295524  -4.91438556  -4.32679792  -3.74181567
  -3.1205728   -2.58341243  -1.90936843  -1.23891508  -0.60454017]
Advants:
[-8.34843748 -8.16211943 -8.01363936 -7.85546635 -7.67842517 -7.51864791
 -7.31531312 -7.1782262  -6.95439236 -6.75067432 -6.55461704 -6.35687132
 -6.11287315 -5.75828657 -5.35132083 -4.94301794 -4.57320254 -4.12788684
 -3.67410004 -3.21193661 -2.72853746 -2.2661725  -1.70185637 -1.12678004
 -0.56544679]
Mus:
[[0.2595157  0.2845408  0.23981252 0.21613093]
 [0.25942633 0.28104374 0.242887   0.21664292]
 [0.25882447 0.2787865  0.24464741 0.21774161]
 [0.25861856 0.28220642 0.2415794  0.21759559]
 [0.2578627  0.28150547 0.24215011 0.21848173]
 [0.25720176 0.2809932  0.24223013 0.21957496]
 [0.25720176 0.2809932  0.24223013 0.21957496]
 [0.2578627  0.28150547 0.24215011 0.21848173]
 [0.25790602 0.27819282 0.24526347 0.21863773]
 [0.2577019  0.27532676 0.24815924 0.21881211]
 [0.25790602 0.27819282 0.24526347 0.21863773]
 [0.25882447 0.2787865  0.24464741 0.21774161]
 [0.25942633 0.28104374 0.242887   0.21664292]
 [0.2595157  0.2845408  0.23981252 0.21613093]
 [0.25942633 0.28104374 0.242887   0.21664292]
 [0.25890708 0.27817583 0.24605037 0.21686669]
 [0.25948626 0.28070253 0.24371035 0.21610075]
 [0.25890708 0.27817583 0.24605037 0.21686669]
 [0.2583469  0.2762402  0.24751526 0.21789771]
 [0.2577019  0.27532676 0.24815924 0.21881211]
 [0.2574822  0.27274606 0.2502805  0.21949127]
 [0.25798878 0.27386254 0.2495488  0.21859986]
 [0.25845334 0.27101848 0.25122532 0.21930292]
 [0.25818747 0.26841703 0.25346765 0.21992788]
 [0.2568896  0.2685498  0.25433213 0.22022846]]
Actions:
[[0. 0. 0. 1.]
 [0. 0. 1. 0.]
 [0. 1. 0. 0.]
 [0. 0. 1. 0.]
 [0. 0. 1. 0.]
 [0. 0. 0. 1.]
 [1. 0. 0. 0.]
 [0. 0. 0. 1.]
 [0. 0. 0. 1.]
 [0. 1. 0. 0.]
 [1. 0. 0. 0.]
 [1. 0. 0. 0.]
 [0. 1. 0. 0.]
 [0. 0. 0. 1.]
 [0. 0. 0. 1.]
 [1. 0. 0. 0.]
 [0. 0. 1. 0.]
 [0. 0. 1. 0.]
 [0. 0. 1. 0.]
 [0. 0. 0. 1.]
 [1. 0. 0. 0.]
 [0. 0. 0. 1.]
 [0. 0. 0. 1.]
 [0. 0. 1. 0.]
 [1. 0. 0. 0.]]
States:
[[0.5 0.6]
 [0.5 0.5]
 [0.4 0.5]
 [0.4 0.6]
 [0.3 0.6]
 [0.2 0.6]
 [0.2 0.6]
 [0.3 0.6]
 [0.3 0.5]
 [0.3 0.4]
 [0.3 0.5]
 [0.4 0.5]
 [0.5 0.5]
 [0.5 0.6]
 [0.5 0.5]
 [0.5 0.4]
 [0.6 0.4]
 [0.5 0.4]
 [0.4 0.4]
 [0.3 0.4]
 [0.3 0.3]
 [0.4 0.3]
 [0.4 0.2]
 [0.4 0.1]
 [0.3 0.1]]
Logstds:
[[0. 0. 0. 0.]
 [0. 0. 0. 0.]
 [0. 0. 0. 0.]
 [0. 0. 0. 0.]
 [0. 0. 0. 0.]
 [0. 0. 0. 0.]
 [0. 0. 0. 0.]
 [0. 0. 0. 0.]
 [0. 0. 0. 0.]
 [0. 0. 0. 0.]
 [0. 0. 0. 0.]
 [0. 0. 0. 0.]
 [0. 0. 0. 0.]
 [0. 0. 0. 0.]
 [0. 0. 0. 0.]
 [0. 0. 0. 0.]
 [0. 0. 0. 0.]
 [0. 0. 0. 0.]
 [0. 0. 0. 0.]
 [0. 0. 0. 0.]
 [0. 0. 0. 0.]
 [0. 0. 0. 0.]
 [0. 0. 0. 0.]
 [0. 0. 0. 0.]
 [0. 0. 0. 0.]]
