Baseline:
[-0.13616711 -0.13935325 -0.143289   -0.14530633 -0.14777729 -0.14530633
 -0.14224707 -0.13864255 -0.14224707 -0.14530633 -0.14224707 -0.14224707
 -0.13935325 -0.143289   -0.14530633 -0.14814614 -0.14599317 -0.14503714
 -0.14503714 -0.14291963 -0.13947457 -0.13474128 -0.13689801 -0.13935325
 -0.143289   -0.143289  ]
Returns:
[-8.69783657 -8.55826897 -8.37872588 -8.1691772  -7.97342353 -7.81086287
 -7.57287524 -7.35323038 -7.16844517 -6.94242214 -6.65872711 -6.41523995
 -6.17181209 -5.866666   -5.52490364 -5.18096935 -4.81960421 -4.41457409
 -3.92389436 -3.44659085 -2.86007054 -2.27521151 -1.72294321 -1.16841928
 -0.59993672]
Advants:
[-6.5566704  -6.50349524 -6.41155129 -6.2927745  -6.18911294 -6.12669065
 -5.9904839  -5.87489331 -5.78968388 -5.6654865  -5.48999106 -5.3530703
 -5.22074158 -5.01952345 -4.78216371 -4.54015025 -4.28351334 -3.97825548
 -3.57963424 -3.18965242 -2.68100642 -2.16370829 -1.66031577 -1.14149035
 -0.59277225]
Mus:
[[0.26163644 0.27011475 0.25023127 0.21801755]
 [0.26097056 0.27460286 0.24770978 0.21671683]
 [0.26020825 0.27856544 0.24543029 0.21579607]
 [0.25950196 0.2771861  0.24672976 0.21658213]
 [0.25866643 0.2754603  0.24826841 0.2176048 ]
 [0.25950196 0.2771861  0.24672976 0.21658213]
 [0.2602806  0.27327022 0.24897115 0.21747795]
 [0.26117095 0.26926658 0.25090307 0.21865943]
 [0.2602806  0.27327022 0.24897115 0.21747795]
 [0.25950196 0.2771861  0.24672976 0.21658213]
 [0.2602806  0.27327022 0.24897115 0.21747795]
 [0.2602806  0.27327022 0.24897115 0.21747795]
 [0.26097056 0.27460286 0.24770978 0.21671683]
 [0.26020825 0.27856544 0.24543029 0.21579607]
 [0.25950196 0.2771861  0.24672976 0.21658213]
 [0.25948626 0.28070253 0.24371035 0.21610075]
 [0.260012   0.28206024 0.24247386 0.21545391]
 [0.26083913 0.28319848 0.24141394 0.21454845]
 [0.26083913 0.28319848 0.24141394 0.21454845]
 [0.26168966 0.28449368 0.24018049 0.21363623]
 [0.26145628 0.28072163 0.24355027 0.2142718 ]
 [0.261404   0.2761095  0.24711935 0.2153671 ]
 [0.26139328 0.27560148 0.24711154 0.21589369]
 [0.26097056 0.27460286 0.24770978 0.21671683]
 [0.26020825 0.27856544 0.24543029 0.21579607]]
Actions:
[[0. 1. 0. 0.]
 [0. 1. 0. 0.]
 [0. 0. 1. 0.]
 [0. 0. 1. 0.]
 [1. 0. 0. 0.]
 [0. 0. 0. 1.]
 [0. 0. 0. 1.]
 [0. 1. 0. 0.]
 [0. 1. 0. 0.]
 [0. 0. 0. 1.]
 [0. 0. 1. 0.]
 [1. 0. 0. 0.]
 [0. 1. 0. 0.]
 [0. 0. 1. 0.]
 [0. 1. 0. 0.]
 [1. 0. 0. 0.]
 [1. 0. 0. 0.]
 [0. 1. 0. 0.]
 [1. 0. 0. 0.]
 [0. 0. 0. 1.]
 [0. 0. 0. 1.]
 [0. 0. 1. 0.]
 [0. 0. 1. 0.]
 [0. 1. 0. 0.]
 [1. 0. 0. 0.]]
States:
[[0.7 0.1]
 [0.7 0.2]
 [0.7 0.3]
 [0.6 0.3]
 [0.5 0.3]
 [0.6 0.3]
 [0.6 0.2]
 [0.6 0.1]
 [0.6 0.2]
 [0.6 0.3]
 [0.6 0.2]
 [0.6 0.2]
 [0.7 0.2]
 [0.7 0.3]
 [0.6 0.3]
 [0.6 0.4]
 [0.7 0.4]
 [0.8 0.4]
 [0.8 0.4]
 [0.9 0.4]
 [0.9 0.3]
 [0.9 0.2]
 [0.8 0.2]
 [0.7 0.2]
 [0.7 0.3]]
Logstds:
[[0. 0. 0. 0.]
 [0. 0. 0. 0.]
 [0. 0. 0. 0.]
 [0. 0. 0. 0.]
 [0. 0. 0. 0.]
 [0. 0. 0. 0.]
 [0. 0. 0. 0.]
 [0. 0. 0. 0.]
 [0. 0. 0. 0.]
 [0. 0. 0. 0.]
 [0. 0. 0. 0.]
 [0. 0. 0. 0.]
 [0. 0. 0. 0.]
 [0. 0. 0. 0.]
 [0. 0. 0. 0.]
 [0. 0. 0. 0.]
 [0. 0. 0. 0.]
 [0. 0. 0. 0.]
 [0. 0. 0. 0.]
 [0. 0. 0. 0.]
 [0. 0. 0. 0.]
 [0. 0. 0. 0.]
 [0. 0. 0. 0.]
 [0. 0. 0. 0.]
 [0. 0. 0. 0.]]
