Baseline:
[-2.5600102 -2.637121  -2.5600102 -2.637121  -2.637121  -2.5600102
 -2.637121  -2.7160647 -2.6238635 -2.5326402 -2.453255  -2.5444086
 -2.453255  -2.373668  -2.293688  -2.373668  -2.453255  -2.5444086
 -2.4647841 -2.5444086 -2.4647841 -2.3877456 -2.4828794 -2.5600102
 -2.4828794 -2.4828794]
Returns:
[-16.46761701 -16.1726861  -15.74789223 -15.41508107 -14.95920952
 -14.47054846 -14.07050867 -13.60509817 -13.00376307 -12.41848832
 -11.84550442 -11.2890644  -10.65935159 -10.0406845   -9.43564193
  -8.89516697  -8.28483692  -7.54099335  -6.70963578  -5.94241398
  -5.02692065  -4.11003073  -3.18870339  -2.23636361  -1.12446153]
Advants:
[-11.25259652 -11.0730076  -10.92341875 -10.7157881  -10.46534146
 -10.26398724 -10.00018147  -9.67051064  -9.37860204  -9.10500063
  -8.83536579  -8.41078602  -8.09758224  -7.78638226  -7.49237312
  -7.10346528  -6.64348257  -6.03218242  -5.49995306  -4.86511833
  -4.23347006  -3.58926155  -2.75367251  -1.88864271  -1.00031734]
Mus:
[[0.2684251  0.2713609  0.26501128 0.19520278]
 [0.2712291  0.27111375 0.2626056  0.1950515 ]
 [0.2684251  0.2713609  0.26501128 0.19520278]
 [0.2712291  0.27111375 0.2626056  0.1950515 ]
 [0.2712291  0.27111375 0.2626056  0.1950515 ]
 [0.2684251  0.2713609  0.26501128 0.19520278]
 [0.2712291  0.27111375 0.2626056  0.1950515 ]
 [0.27307528 0.27008778 0.26181394 0.19502299]
 [0.2730036  0.26691929 0.26429424 0.19578291]
 [0.2727185  0.26373005 0.26669902 0.1968524 ]
 [0.27025497 0.26483846 0.26748982 0.19741683]
 [0.27073106 0.2681101  0.2649357  0.19622315]
 [0.27025497 0.26483846 0.26748982 0.19741683]
 [0.2674641  0.2657798  0.26870856 0.19804758]
 [0.26433307 0.26634073 0.27074865 0.19857754]
 [0.2674641  0.2657798  0.26870856 0.19804758]
 [0.27025497 0.26483846 0.26748982 0.19741683]
 [0.27073106 0.2681101  0.2649357  0.19622315]
 [0.26807493 0.2686845  0.2666398  0.19660072]
 [0.27073106 0.2681101  0.2649357  0.19622315]
 [0.26807493 0.2686845  0.2666398  0.19660072]
 [0.2649989  0.26888382 0.26909265 0.19702458]
 [0.26506147 0.27183095 0.26759323 0.19551438]
 [0.2684251  0.2713609  0.26501128 0.19520278]
 [0.26506147 0.27183095 0.26759323 0.19551438]]
Actions:
[[1. 0. 0. 0.]
 [0. 0. 1. 0.]
 [1. 0. 0. 0.]
 [0. 1. 0. 0.]
 [0. 0. 1. 0.]
 [1. 0. 0. 0.]
 [1. 0. 0. 0.]
 [0. 0. 0. 1.]
 [0. 0. 0. 1.]
 [0. 0. 1. 0.]
 [0. 1. 0. 0.]
 [0. 0. 0. 1.]
 [0. 0. 1. 0.]
 [0. 0. 1. 0.]
 [1. 0. 0. 0.]
 [1. 0. 0. 0.]
 [0. 1. 0. 0.]
 [0. 0. 1. 0.]
 [1. 0. 0. 0.]
 [0. 0. 1. 0.]
 [0. 0. 1. 0.]
 [0. 1. 0. 0.]
 [1. 0. 0. 0.]
 [0. 0. 1. 0.]
 [0. 0. 0. 1.]]
States:
[[0.7 0.4]
 [0.8 0.4]
 [0.7 0.4]
 [0.8 0.4]
 [0.8 0.4]
 [0.7 0.4]
 [0.8 0.4]
 [0.9 0.4]
 [0.9 0.3]
 [0.9 0.2]
 [0.8 0.2]
 [0.8 0.3]
 [0.8 0.2]
 [0.7 0.2]
 [0.6 0.2]
 [0.7 0.2]
 [0.8 0.2]
 [0.8 0.3]
 [0.7 0.3]
 [0.8 0.3]
 [0.7 0.3]
 [0.6 0.3]
 [0.6 0.4]
 [0.7 0.4]
 [0.6 0.4]]
Logstds:
[[0. 0. 0. 0.]
 [0. 0. 0. 0.]
 [0. 0. 0. 0.]
 [0. 0. 0. 0.]
 [0. 0. 0. 0.]
 [0. 0. 0. 0.]
 [0. 0. 0. 0.]
 [0. 0. 0. 0.]
 [0. 0. 0. 0.]
 [0. 0. 0. 0.]
 [0. 0. 0. 0.]
 [0. 0. 0. 0.]
 [0. 0. 0. 0.]
 [0. 0. 0. 0.]
 [0. 0. 0. 0.]
 [0. 0. 0. 0.]
 [0. 0. 0. 0.]
 [0. 0. 0. 0.]
 [0. 0. 0. 0.]
 [0. 0. 0. 0.]
 [0. 0. 0. 0.]
 [0. 0. 0. 0.]
 [0. 0. 0. 0.]
 [0. 0. 0. 0.]
 [0. 0. 0. 0.]]
