Baseline:
[1.0561639 1.0241946 1.0664289 1.098475  1.098475  1.1419872 1.1419872
 1.1419872 1.1419872 1.098475  1.0664289 1.098475  1.0664289 1.1107138
 1.155587  1.155587  1.1239678 1.0909452 1.1239678 1.0909452 1.0446572
 1.0128284 1.0446572 1.0128284 1.0582753 1.0582753]
Returns:
[0.40707665 0.38288097 0.39534209 0.37779354 0.36650242 0.39413191
 0.3945682  0.39502746 0.39551089 0.33596613 0.31589498 0.294165
 0.27189379 0.28713759 0.31209577 0.3469722  0.33244382 0.30757927
 0.29342713 0.26650908 0.19248953 0.14328043 0.10024828 0.04618438
 0.03691041]
Advants:
[-0.27046075 -0.25026736 -0.26748362 -0.30498552 -0.30350296 -0.30601515
 -0.2910558  -0.27482211 -0.25720552 -0.25514116 -0.22315736 -0.25688322
 -0.22504782 -0.23104739 -0.22657384 -0.1641527  -0.11664213 -0.07522063
 -0.08775723 -0.0438751  -0.03146853 -0.00582893 -0.03632068 -0.01109441
 -0.01600337]
Mus:
[[0.27337047 0.26058477 0.26844305 0.19760163]
 [0.2716644  0.26121718 0.26908854 0.1980299 ]
 [0.2727185  0.26373005 0.26669902 0.1968524 ]
 [0.27411455 0.26293564 0.2663685  0.19658132]
 [0.27411455 0.26293564 0.2663685  0.19658132]
 [0.2746262  0.26567322 0.26405904 0.19564156]
 [0.2746262  0.26567322 0.26405904 0.19564156]
 [0.2746262  0.26567322 0.26405904 0.19564156]
 [0.2746262  0.26567322 0.26405904 0.19564156]
 [0.27411455 0.26293564 0.2663685  0.19658132]
 [0.2727185  0.26373005 0.26669902 0.1968524 ]
 [0.27411455 0.26293564 0.2663685  0.19658132]
 [0.2727185  0.26373005 0.26669902 0.1968524 ]
 [0.2730036  0.26691929 0.26429424 0.19578291]
 [0.27307528 0.27008778 0.26181394 0.19502299]
 [0.27307528 0.27008778 0.26181394 0.19502299]
 [0.2712291  0.27111375 0.2626056  0.1950515 ]
 [0.2684251  0.2713609  0.26501128 0.19520278]
 [0.2712291  0.27111375 0.2626056  0.1950515 ]
 [0.2684251  0.2713609  0.26501128 0.19520278]
 [0.26807493 0.2686845  0.2666398  0.19660072]
 [0.2649989  0.26888382 0.26909265 0.19702458]
 [0.26807493 0.2686845  0.2666398  0.19660072]
 [0.2649989  0.26888382 0.26909265 0.19702458]
 [0.26506147 0.27183095 0.26759323 0.19551438]]
Actions:
[[0. 0. 1. 0.]
 [0. 1. 0. 0.]
 [1. 0. 0. 0.]
 [1. 0. 0. 0.]
 [0. 1. 0. 0.]
 [1. 0. 0. 0.]
 [1. 0. 0. 0.]
 [1. 0. 0. 0.]
 [0. 0. 0. 1.]
 [0. 0. 1. 0.]
 [1. 0. 0. 0.]
 [0. 0. 1. 0.]
 [0. 1. 0. 0.]
 [0. 1. 0. 0.]
 [0. 1. 0. 0.]
 [0. 0. 1. 0.]
 [0. 0. 1. 0.]
 [1. 0. 0. 0.]
 [0. 0. 1. 0.]
 [0. 0. 0. 1.]
 [0. 0. 1. 0.]
 [1. 0. 0. 0.]
 [0. 0. 1. 0.]
 [0. 1. 0. 0.]
 [1. 0. 0. 0.]]
States:
[[1.  0.1]
 [0.9 0.1]
 [0.9 0.2]
 [1.  0.2]
 [1.  0.2]
 [1.  0.3]
 [1.  0.3]
 [1.  0.3]
 [1.  0.3]
 [1.  0.2]
 [0.9 0.2]
 [1.  0.2]
 [0.9 0.2]
 [0.9 0.3]
 [0.9 0.4]
 [0.9 0.4]
 [0.8 0.4]
 [0.7 0.4]
 [0.8 0.4]
 [0.7 0.4]
 [0.7 0.3]
 [0.6 0.3]
 [0.7 0.3]
 [0.6 0.3]
 [0.6 0.4]]
Logstds:
[[0. 0. 0. 0.]
 [0. 0. 0. 0.]
 [0. 0. 0. 0.]
 [0. 0. 0. 0.]
 [0. 0. 0. 0.]
 [0. 0. 0. 0.]
 [0. 0. 0. 0.]
 [0. 0. 0. 0.]
 [0. 0. 0. 0.]
 [0. 0. 0. 0.]
 [0. 0. 0. 0.]
 [0. 0. 0. 0.]
 [0. 0. 0. 0.]
 [0. 0. 0. 0.]
 [0. 0. 0. 0.]
 [0. 0. 0. 0.]
 [0. 0. 0. 0.]
 [0. 0. 0. 0.]
 [0. 0. 0. 0.]
 [0. 0. 0. 0.]
 [0. 0. 0. 0.]
 [0. 0. 0. 0.]
 [0. 0. 0. 0.]
 [0. 0. 0. 0.]
 [0. 0. 0. 0.]]
