Baseline:
[0.13101786 0.13509105 0.13141873 0.1280359  0.13101786 0.12387071
 0.11726075 0.11431721 0.11726075 0.11431721 0.11431721 0.11431721
 0.11973485 0.11431721 0.11235356 0.11175961 0.11188419 0.11332534
 0.11278646 0.11332534 0.11188419 0.11332534 0.11188419 0.1116826
 0.11278646 0.11278646]
Returns:
[-9.24694997 -9.11877124 -8.96529466 -8.79947618 -8.64438701 -8.40617193
 -8.12702657 -7.83364197 -7.57232053 -7.24974088 -6.91023611 -6.55286267
 -6.24772275 -5.88354275 -5.50525317 -5.10295388 -4.6851981  -4.24072282
 -3.78012988 -3.33729026 -2.85201559 -2.31105701 -1.77177007 -1.21131797
 -0.6097039 ]
Advants:
[-7.15099085 -7.1233773  -7.06608004 -7.00000338 -6.95510136 -6.8184883
 -6.64190837 -6.45489121 -6.30714515 -6.09161045 -5.86096361 -5.61066862
 -5.41787679 -5.15288779 -4.8743942  -4.56946855 -4.24523412 -3.88985085
 -3.50957484 -3.14133834 -2.71994304 -2.23462451 -1.73598881 -1.20367348
 -0.61534321]
Mus:
[[0.2727185  0.26373005 0.26669902 0.1968524 ]
 [0.2716644  0.26121718 0.26908854 0.1980299 ]
 [0.26942575 0.26173177 0.27014214 0.1987003 ]
 [0.27025497 0.26483846 0.26748982 0.19741683]
 [0.2727185  0.26373005 0.26669902 0.1968524 ]
 [0.2730036  0.26691929 0.26429424 0.19578291]
 [0.27307528 0.27008778 0.26181394 0.19502299]
 [0.2712291  0.27111375 0.2626056  0.1950515 ]
 [0.27307528 0.27008778 0.26181394 0.19502299]
 [0.2712291  0.27111375 0.2626056  0.1950515 ]
 [0.2712291  0.27111375 0.2626056  0.1950515 ]
 [0.2712291  0.27111375 0.2626056  0.1950515 ]
 [0.27073106 0.2681101  0.2649357  0.19622315]
 [0.2712291  0.27111375 0.2626056  0.1950515 ]
 [0.2684251  0.2713609  0.26501128 0.19520278]
 [0.26875302 0.27425835 0.26316124 0.19382745]
 [0.26509738 0.27520102 0.26584896 0.19385265]
 [0.26512167 0.27805102 0.26441002 0.19241728]
 [0.26045677 0.2785319  0.2674665  0.19354479]
 [0.26512167 0.27805102 0.26441002 0.19241728]
 [0.26509738 0.27520102 0.26584896 0.19385265]
 [0.26512167 0.27805102 0.26441002 0.19241728]
 [0.26509738 0.27520102 0.26584896 0.19385265]
 [0.26058388 0.27552563 0.26891318 0.19497737]
 [0.26045677 0.2785319  0.2674665  0.19354479]]
Actions:
[[0. 0. 0. 1.]
 [0. 0. 1. 0.]
 [0. 1. 0. 0.]
 [1. 0. 0. 0.]
 [0. 1. 0. 0.]
 [0. 1. 0. 0.]
 [0. 0. 1. 0.]
 [1. 0. 0. 0.]
 [0. 0. 1. 0.]
 [0. 1. 0. 0.]
 [0. 1. 0. 0.]
 [0. 0. 0. 1.]
 [0. 1. 0. 0.]
 [0. 0. 1. 0.]
 [0. 1. 0. 0.]
 [0. 0. 1. 0.]
 [0. 1. 0. 0.]
 [0. 0. 1. 0.]
 [1. 0. 0. 0.]
 [0. 0. 0. 1.]
 [0. 1. 0. 0.]
 [0. 0. 0. 1.]
 [0. 0. 1. 0.]
 [0. 1. 0. 0.]
 [1. 0. 0. 0.]]
States:
[[0.9 0.2]
 [0.9 0.1]
 [0.8 0.1]
 [0.8 0.2]
 [0.9 0.2]
 [0.9 0.3]
 [0.9 0.4]
 [0.8 0.4]
 [0.9 0.4]
 [0.8 0.4]
 [0.8 0.4]
 [0.8 0.4]
 [0.8 0.3]
 [0.8 0.4]
 [0.7 0.4]
 [0.7 0.5]
 [0.6 0.5]
 [0.6 0.6]
 [0.5 0.6]
 [0.6 0.6]
 [0.6 0.5]
 [0.6 0.6]
 [0.6 0.5]
 [0.5 0.5]
 [0.5 0.6]]
Logstds:
[[0. 0. 0. 0.]
 [0. 0. 0. 0.]
 [0. 0. 0. 0.]
 [0. 0. 0. 0.]
 [0. 0. 0. 0.]
 [0. 0. 0. 0.]
 [0. 0. 0. 0.]
 [0. 0. 0. 0.]
 [0. 0. 0. 0.]
 [0. 0. 0. 0.]
 [0. 0. 0. 0.]
 [0. 0. 0. 0.]
 [0. 0. 0. 0.]
 [0. 0. 0. 0.]
 [0. 0. 0. 0.]
 [0. 0. 0. 0.]
 [0. 0. 0. 0.]
 [0. 0. 0. 0.]
 [0. 0. 0. 0.]
 [0. 0. 0. 0.]
 [0. 0. 0. 0.]
 [0. 0. 0. 0.]
 [0. 0. 0. 0.]
 [0. 0. 0. 0.]
 [0. 0. 0. 0.]]
