Baseline:
[0.09876104 0.09976248 0.10518184 0.10983032 0.10518184 0.10518184
 0.10518184 0.09976248 0.09876104 0.09976248 0.09976248 0.10027816
 0.09976248 0.09876104 0.09876104 0.09893679 0.09893679 0.09893679
 0.09876104 0.09876104 0.09893679 0.09876104 0.09893679 0.09893679
 0.09893679 0.09893679]
Returns:
[-6.62356918 -6.52426713 -6.39295408 -6.22746527 -6.01983164 -5.77657058
 -5.5205063  -5.3063228  -5.11126348 -4.93236638 -4.65828508 -4.44040932
 -4.16788875 -3.91291184 -3.61236422 -3.36615016 -3.1294218  -2.88023406
 -2.55377851 -2.18169756 -1.86018525 -1.48004292 -1.12160141 -0.76673892
 -0.39319944]
Advants:
[-5.18040386 -5.15561776 -5.10560747 -5.02214036 -4.88725731 -4.72046513
 -4.5394644  -4.39452771 -4.27342998 -4.17138132 -3.97113144 -3.82716983
 -3.62534023 -3.43871758 -3.20413856 -3.02207908 -2.84745825 -2.65796196
 -2.38600507 -2.06174843 -1.78237194 -1.435826   -1.10312893 -0.76503812
 -0.3981463 ]
Mus:
[[0.24300815 0.26813772 0.28632778 0.20252633]
 [0.24587768 0.2701126  0.28248024 0.20152938]
 [0.24885069 0.2715303  0.2792185  0.20040055]
 [0.2523132  0.27232686 0.27621904 0.19914082]
 [0.24885069 0.2715303  0.2792185  0.20040055]
 [0.24885069 0.2715303  0.2792185  0.20040055]
 [0.24885069 0.2715303  0.2792185  0.20040055]
 [0.24587768 0.2701126  0.28248024 0.20152938]
 [0.24300815 0.26813772 0.28632778 0.20252633]
 [0.24587768 0.2701126  0.28248024 0.20152938]
 [0.24587768 0.2701126  0.28248024 0.20152938]
 [0.24530363 0.26698428 0.2842916  0.20342048]
 [0.24587768 0.2701126  0.28248024 0.20152938]
 [0.24300815 0.26813772 0.28632778 0.20252633]
 [0.24300815 0.26813772 0.28632778 0.20252633]
 [0.24178542 0.2653497  0.2881169  0.20474795]
 [0.24178542 0.2653497  0.2881169  0.20474795]
 [0.24178542 0.2653497  0.2881169  0.20474795]
 [0.24300815 0.26813772 0.28632778 0.20252633]
 [0.24300815 0.26813772 0.28632778 0.20252633]
 [0.24178542 0.2653497  0.2881169  0.20474795]
 [0.24300815 0.26813772 0.28632778 0.20252633]
 [0.24178542 0.2653497  0.2881169  0.20474795]
 [0.24178542 0.2653497  0.2881169  0.20474795]
 [0.24178542 0.2653497  0.2881169  0.20474795]]
Actions:
[[1. 0. 0. 0.]
 [1. 0. 0. 0.]
 [1. 0. 0. 0.]
 [0. 0. 1. 0.]
 [0. 1. 0. 0.]
 [0. 1. 0. 0.]
 [0. 0. 1. 0.]
 [0. 0. 1. 0.]
 [1. 0. 0. 0.]
 [0. 1. 0. 0.]
 [0. 0. 0. 1.]
 [0. 1. 0. 0.]
 [0. 0. 1. 0.]
 [0. 1. 0. 0.]
 [0. 0. 0. 1.]
 [0. 0. 1. 0.]
 [0. 0. 1. 0.]
 [0. 1. 0. 0.]
 [0. 1. 0. 0.]
 [0. 0. 0. 1.]
 [0. 1. 0. 0.]
 [0. 0. 0. 1.]
 [0. 0. 1. 0.]
 [0. 0. 1. 0.]
 [0. 0. 1. 0.]]
States:
[[0.  0.4]
 [0.1 0.4]
 [0.2 0.4]
 [0.3 0.4]
 [0.2 0.4]
 [0.2 0.4]
 [0.2 0.4]
 [0.1 0.4]
 [0.  0.4]
 [0.1 0.4]
 [0.1 0.4]
 [0.1 0.3]
 [0.1 0.4]
 [0.  0.4]
 [0.  0.4]
 [0.  0.3]
 [0.  0.3]
 [0.  0.3]
 [0.  0.4]
 [0.  0.4]
 [0.  0.3]
 [0.  0.4]
 [0.  0.3]
 [0.  0.3]
 [0.  0.3]]
Logstds:
[[0. 0. 0. 0.]
 [0. 0. 0. 0.]
 [0. 0. 0. 0.]
 [0. 0. 0. 0.]
 [0. 0. 0. 0.]
 [0. 0. 0. 0.]
 [0. 0. 0. 0.]
 [0. 0. 0. 0.]
 [0. 0. 0. 0.]
 [0. 0. 0. 0.]
 [0. 0. 0. 0.]
 [0. 0. 0. 0.]
 [0. 0. 0. 0.]
 [0. 0. 0. 0.]
 [0. 0. 0. 0.]
 [0. 0. 0. 0.]
 [0. 0. 0. 0.]
 [0. 0. 0. 0.]
 [0. 0. 0. 0.]
 [0. 0. 0. 0.]
 [0. 0. 0. 0.]
 [0. 0. 0. 0.]
 [0. 0. 0. 0.]
 [0. 0. 0. 0.]
 [0. 0. 0. 0.]]
