Baseline:
[1.4286177 1.4049438 1.3795246 1.3268915 1.3503587 1.3763468 1.4286177
 1.4049438 1.4576406 1.4828112 1.4828112 1.4286177 1.4286177 1.4828112
 1.4828112 1.4286177 1.4286177 1.4286177 1.4286177 1.4828112 1.4576406
 1.4828112 1.4828112 1.4828112 1.4828112 1.4828112]
Returns:
[-0.39210005 -0.40138065 -0.41869162 -0.47301028 -0.48134713 -0.48253466
 -0.44813434 -0.4603641  -0.42189435 -0.40389968 -0.37735865 -0.40745456
 -0.3891002  -0.34075863 -0.31089439 -0.33749218 -0.31545559 -0.29225918
 -0.2678419  -0.21311832 -0.20517299 -0.17577194 -0.10702609 -0.06486013
  0.00972319]
Advants:
[-1.06028716 -1.03698063 -1.01894901 -1.00991805 -1.03107622 -1.04753959
 -1.05433806 -1.03052474 -1.0317689  -1.02507788 -0.98266779 -0.94060397
 -0.90218521 -0.88644456 -0.83222468 -0.77734504 -0.72501871 -0.66823485
 -0.60661374 -0.56569418 -0.48772391 -0.43468722 -0.31085135 -0.2075983
 -0.06441736]
Mus:
[[0.27305228 0.28239107 0.25450468 0.19005197]
 [0.27166337 0.28295982 0.255776   0.18960084]
 [0.2695251  0.2841426  0.25720325 0.189129  ]
 [0.27068874 0.28129444 0.25799772 0.1900191 ]
 [0.2725661  0.28009844 0.25645533 0.1908801 ]
 [0.27422976 0.27943453 0.254839   0.19149671]
 [0.27305228 0.28239107 0.25450468 0.19005197]
 [0.27166337 0.28295982 0.255776   0.18960084]
 [0.2706434  0.28583634 0.2552865  0.18823378]
 [0.27188736 0.28559473 0.2541659  0.18835205]
 [0.27188736 0.28559473 0.2541659  0.18835205]
 [0.27305228 0.28239107 0.25450468 0.19005197]
 [0.27305228 0.28239107 0.25450468 0.19005197]
 [0.27188736 0.28559473 0.2541659  0.18835205]
 [0.27188736 0.28559473 0.2541659  0.18835205]
 [0.27305228 0.28239107 0.25450468 0.19005197]
 [0.27305228 0.28239107 0.25450468 0.19005197]
 [0.27305228 0.28239107 0.25450468 0.19005197]
 [0.27305228 0.28239107 0.25450468 0.19005197]
 [0.27188736 0.28559473 0.2541659  0.18835205]
 [0.2706434  0.28583634 0.2552865  0.18823378]
 [0.27188736 0.28559473 0.2541659  0.18835205]
 [0.27188736 0.28559473 0.2541659  0.18835205]
 [0.27188736 0.28559473 0.2541659  0.18835205]
 [0.27188736 0.28559473 0.2541659  0.18835205]]
Actions:
[[0. 0. 1. 0.]
 [0. 0. 1. 0.]
 [0. 0. 0. 1.]
 [1. 0. 0. 0.]
 [1. 0. 0. 0.]
 [0. 1. 0. 0.]
 [0. 0. 1. 0.]
 [0. 1. 0. 0.]
 [1. 0. 0. 0.]
 [1. 0. 0. 0.]
 [0. 0. 0. 1.]
 [1. 0. 0. 0.]
 [0. 1. 0. 0.]
 [1. 0. 0. 0.]
 [0. 0. 0. 1.]
 [1. 0. 0. 0.]
 [1. 0. 0. 0.]
 [1. 0. 0. 0.]
 [0. 1. 0. 0.]
 [0. 0. 1. 0.]
 [1. 0. 0. 0.]
 [0. 1. 0. 0.]
 [1. 0. 0. 0.]
 [0. 1. 0. 0.]
 [0. 0. 0. 1.]]
States:
[[1.  0.9]
 [0.9 0.9]
 [0.8 0.9]
 [0.8 0.8]
 [0.9 0.8]
 [1.  0.8]
 [1.  0.9]
 [0.9 0.9]
 [0.9 1. ]
 [1.  1. ]
 [1.  1. ]
 [1.  0.9]
 [1.  0.9]
 [1.  1. ]
 [1.  1. ]
 [1.  0.9]
 [1.  0.9]
 [1.  0.9]
 [1.  0.9]
 [1.  1. ]
 [0.9 1. ]
 [1.  1. ]
 [1.  1. ]
 [1.  1. ]
 [1.  1. ]]
Logstds:
[[0. 0. 0. 0.]
 [0. 0. 0. 0.]
 [0. 0. 0. 0.]
 [0. 0. 0. 0.]
 [0. 0. 0. 0.]
 [0. 0. 0. 0.]
 [0. 0. 0. 0.]
 [0. 0. 0. 0.]
 [0. 0. 0. 0.]
 [0. 0. 0. 0.]
 [0. 0. 0. 0.]
 [0. 0. 0. 0.]
 [0. 0. 0. 0.]
 [0. 0. 0. 0.]
 [0. 0. 0. 0.]
 [0. 0. 0. 0.]
 [0. 0. 0. 0.]
 [0. 0. 0. 0.]
 [0. 0. 0. 0.]
 [0. 0. 0. 0.]
 [0. 0. 0. 0.]
 [0. 0. 0. 0.]
 [0. 0. 0. 0.]
 [0. 0. 0. 0.]
 [0. 0. 0. 0.]]
