Baseline:
[-1.8491106 -1.9178884 -1.8272588 -1.8994565 -1.8272588 -1.8994565
 -1.8135848 -1.8994565 -1.973388  -2.0491447 -1.9650507 -1.9650507
 -1.9650507 -1.8868246 -1.9650507 -1.9650507 -1.8868246 -1.9650507
 -1.9650507 -1.8868246 -1.973388  -2.0649838 -1.973388  -1.8994565
 -1.9905243 -1.9905243]
Returns:
[-11.89551977 -11.73235672 -11.4658611  -11.2805319  -11.02016325
 -10.81137627 -10.50710678 -10.20888843  -9.91568542  -9.56519203
  -9.11542872  -8.69201419  -8.24631468  -7.78011897  -7.3596218
  -6.87616039  -6.33785129  -5.8414453   -5.24571585  -4.62159389
  -3.97291189  -3.24785947  -2.4546856   -1.6833807   -0.87816411]
Advants:
[-8.07616395 -7.97992359 -7.94587894 -7.8342901  -7.79866947 -7.67454026
 -7.6196055  -7.40102442 -7.20214335 -6.94529664 -6.75215244 -6.50286454
 -6.23234051 -6.02247006 -5.70159345 -5.39617653 -5.11507561 -4.71690062
 -4.29423533 -3.91926313 -3.34676245 -2.68146546 -2.12243358 -1.55818111
 -0.77863789]
Mus:
[[0.24081329 0.26245892 0.28949165 0.20723614]
 [0.24464242 0.26394394 0.28564692 0.20576672]
 [0.2438608  0.26109055 0.28721163 0.207837  ]
 [0.24854293 0.26212177 0.28331977 0.20601548]
 [0.2438608  0.26109055 0.28721163 0.207837  ]
 [0.24854293 0.26212177 0.28331977 0.20601548]
 [0.24808921 0.25947255 0.28498164 0.20745656]
 [0.24854293 0.26212177 0.28331977 0.20601548]
 [0.25334868 0.26303935 0.2801229  0.20348899]
 [0.25705484 0.26384923 0.2774117  0.20168422]
 [0.25659248 0.26101372 0.27890578 0.20348805]
 [0.25659248 0.26101372 0.27890578 0.20348805]
 [0.25659248 0.26101372 0.27890578 0.20348805]
 [0.2528523  0.26022097 0.28171742 0.20520934]
 [0.25659248 0.26101372 0.27890578 0.20348805]
 [0.25659248 0.26101372 0.27890578 0.20348805]
 [0.2528523  0.26022097 0.28171742 0.20520934]
 [0.25659248 0.26101372 0.27890578 0.20348805]
 [0.25659248 0.26101372 0.27890578 0.20348805]
 [0.2528523  0.26022097 0.28171742 0.20520934]
 [0.25334868 0.26303935 0.2801229  0.20348899]
 [0.25309172 0.26599646 0.27871954 0.20219229]
 [0.25334868 0.26303935 0.2801229  0.20348899]
 [0.24854293 0.26212177 0.28331977 0.20601548]
 [0.24881975 0.26536024 0.2818042  0.20401584]]
Actions:
[[1. 0. 0. 0.]
 [0. 0. 0. 1.]
 [1. 0. 0. 0.]
 [0. 0. 1. 0.]
 [1. 0. 0. 0.]
 [0. 0. 0. 1.]
 [0. 1. 0. 0.]
 [1. 0. 0. 0.]
 [1. 0. 0. 0.]
 [0. 0. 0. 1.]
 [0. 0. 0. 1.]
 [0. 0. 0. 1.]
 [0. 0. 1. 0.]
 [1. 0. 0. 0.]
 [1. 0. 0. 0.]
 [0. 0. 1. 0.]
 [1. 0. 0. 0.]
 [0. 0. 0. 1.]
 [0. 0. 1. 0.]
 [0. 1. 0. 0.]
 [0. 1. 0. 0.]
 [0. 0. 0. 1.]
 [0. 0. 1. 0.]
 [0. 1. 0. 0.]
 [0. 0. 0. 1.]]
States:
[[0.  0.2]
 [0.1 0.2]
 [0.1 0.1]
 [0.2 0.1]
 [0.1 0.1]
 [0.2 0.1]
 [0.2 0. ]
 [0.2 0.1]
 [0.3 0.1]
 [0.4 0.1]
 [0.4 0. ]
 [0.4 0. ]
 [0.4 0. ]
 [0.3 0. ]
 [0.4 0. ]
 [0.4 0. ]
 [0.3 0. ]
 [0.4 0. ]
 [0.4 0. ]
 [0.3 0. ]
 [0.3 0.1]
 [0.3 0.2]
 [0.3 0.1]
 [0.2 0.1]
 [0.2 0.2]]
Logstds:
[[0. 0. 0. 0.]
 [0. 0. 0. 0.]
 [0. 0. 0. 0.]
 [0. 0. 0. 0.]
 [0. 0. 0. 0.]
 [0. 0. 0. 0.]
 [0. 0. 0. 0.]
 [0. 0. 0. 0.]
 [0. 0. 0. 0.]
 [0. 0. 0. 0.]
 [0. 0. 0. 0.]
 [0. 0. 0. 0.]
 [0. 0. 0. 0.]
 [0. 0. 0. 0.]
 [0. 0. 0. 0.]
 [0. 0. 0. 0.]
 [0. 0. 0. 0.]
 [0. 0. 0. 0.]
 [0. 0. 0. 0.]
 [0. 0. 0. 0.]
 [0. 0. 0. 0.]
 [0. 0. 0. 0.]
 [0. 0. 0. 0.]
 [0. 0. 0. 0.]
 [0. 0. 0. 0.]]
