Baseline:
[-2.6827724 -2.7590134 -2.7590134 -2.6827724 -2.7749026 -2.6827724
 -2.7590134 -2.7590134 -2.7590134 -2.7590134 -2.849665  -2.7749026
 -2.849665  -2.7590134 -2.849665  -2.9462686 -2.849665  -2.7590134
 -2.849665  -2.9462686 -2.870662  -2.9462686 -2.849665  -2.849665
 -2.7749026 -2.7749026]
Returns:
[-12.04107295 -11.89257733 -11.69925531 -11.40852629 -11.21078107
 -10.81374737 -10.60065567 -10.33933777 -10.06426629  -9.77471737
  -9.45694853  -9.00083304  -8.65481227  -8.08362527  -7.67685158
  -7.2049946   -6.50907583  -5.82495534  -5.29930428  -4.70231323
  -3.9469368   -3.29682421  -2.39521227  -1.66465813  -0.7984221 ]
Advants:
[-7.71115556 -7.62858461 -7.58355994 -7.52336871 -7.39196882 -7.24961104
 -7.1277224  -7.04003068 -6.94486875 -6.84160024 -6.62269744 -6.43521197
 -6.21179759 -5.9305822  -5.63407232 -5.26606101 -4.86573556 -4.46985292
 -4.04890762 -3.54586057 -3.05184712 -2.50526325 -1.86975319 -1.30054198
 -0.65967703]
Mus:
[[0.2568896  0.2685498  0.25433213 0.22022846]
 [0.25818747 0.26841703 0.25346765 0.21992788]
 [0.25818747 0.26841703 0.25346765 0.21992788]
 [0.2568896  0.2685498  0.25433213 0.22022846]
 [0.2570938  0.27074558 0.25239378 0.2197668 ]
 [0.2568896  0.2685498  0.25433213 0.22022846]
 [0.25818747 0.26841703 0.25346765 0.21992788]
 [0.25818747 0.26841703 0.25346765 0.21992788]
 [0.25818747 0.26841703 0.25346765 0.21992788]
 [0.25818747 0.26841703 0.25346765 0.21992788]
 [0.25845334 0.27101848 0.25122532 0.21930292]
 [0.2570938  0.27074558 0.25239378 0.2197668 ]
 [0.25845334 0.27101848 0.25122532 0.21930292]
 [0.25818747 0.26841703 0.25346765 0.21992788]
 [0.25845334 0.27101848 0.25122532 0.21930292]
 [0.25798878 0.27386254 0.2495488  0.21859986]
 [0.25845334 0.27101848 0.25122532 0.21930292]
 [0.25818747 0.26841703 0.25346765 0.21992788]
 [0.25845334 0.27101848 0.25122532 0.21930292]
 [0.25798878 0.27386254 0.2495488  0.21859986]
 [0.2574822  0.27274606 0.2502805  0.21949127]
 [0.25798878 0.27386254 0.2495488  0.21859986]
 [0.25845334 0.27101848 0.25122532 0.21930292]
 [0.25845334 0.27101848 0.25122532 0.21930292]
 [0.2570938  0.27074558 0.25239378 0.2197668 ]]
Actions:
[[1. 0. 0. 0.]
 [1. 0. 0. 0.]
 [0. 0. 1. 0.]
 [0. 1. 0. 0.]
 [0. 0. 0. 1.]
 [1. 0. 0. 0.]
 [1. 0. 0. 0.]
 [1. 0. 0. 0.]
 [1. 0. 0. 0.]
 [0. 1. 0. 0.]
 [0. 0. 1. 0.]
 [1. 0. 0. 0.]
 [0. 0. 0. 1.]
 [0. 1. 0. 0.]
 [0. 1. 0. 0.]
 [0. 0. 0. 1.]
 [0. 0. 0. 1.]
 [0. 1. 0. 0.]
 [0. 1. 0. 0.]
 [0. 0. 1. 0.]
 [1. 0. 0. 0.]
 [0. 0. 0. 1.]
 [1. 0. 0. 0.]
 [0. 0. 1. 0.]
 [0. 1. 0. 0.]]
States:
[[0.3 0.1]
 [0.4 0.1]
 [0.4 0.1]
 [0.3 0.1]
 [0.3 0.2]
 [0.3 0.1]
 [0.4 0.1]
 [0.4 0.1]
 [0.4 0.1]
 [0.4 0.1]
 [0.4 0.2]
 [0.3 0.2]
 [0.4 0.2]
 [0.4 0.1]
 [0.4 0.2]
 [0.4 0.3]
 [0.4 0.2]
 [0.4 0.1]
 [0.4 0.2]
 [0.4 0.3]
 [0.3 0.3]
 [0.4 0.3]
 [0.4 0.2]
 [0.4 0.2]
 [0.3 0.2]]
Logstds:
[[0. 0. 0. 0.]
 [0. 0. 0. 0.]
 [0. 0. 0. 0.]
 [0. 0. 0. 0.]
 [0. 0. 0. 0.]
 [0. 0. 0. 0.]
 [0. 0. 0. 0.]
 [0. 0. 0. 0.]
 [0. 0. 0. 0.]
 [0. 0. 0. 0.]
 [0. 0. 0. 0.]
 [0. 0. 0. 0.]
 [0. 0. 0. 0.]
 [0. 0. 0. 0.]
 [0. 0. 0. 0.]
 [0. 0. 0. 0.]
 [0. 0. 0. 0.]
 [0. 0. 0. 0.]
 [0. 0. 0. 0.]
 [0. 0. 0. 0.]
 [0. 0. 0. 0.]
 [0. 0. 0. 0.]
 [0. 0. 0. 0.]
 [0. 0. 0. 0.]
 [0. 0. 0. 0.]]
