Baseline:
[0.41794363 0.399146   0.41794363 0.42990586 0.4111452  0.399146
 0.4111452  0.39287192 0.37980133 0.3675295  0.3675295  0.35052133
 0.36344278 0.35052133 0.33371583 0.33371583 0.33371583 0.35052133
 0.3675295  0.37980133 0.399146   0.4111452  0.42284384 0.44197613
 0.42284384 0.42284384]
Returns:
[-5.45335556 -5.29607586 -5.14399645 -4.99833707 -4.79737737 -4.63674165
 -4.48389801 -4.27975438 -4.11380917 -3.95808138 -3.81319361 -3.63683355
 -3.48753114 -3.32172351 -3.14190016 -2.99917683 -2.84894175 -2.65744179
 -2.4340674  -2.20244135 -1.91305395 -1.61685832 -1.28762831 -0.88479131
 -0.44707656]
Advants:
[-4.45862503 -4.33834682 -4.26149544 -4.18490084 -4.02035201 -3.90224925
 -3.81622645 -3.64642236 -3.51896476 -3.40171961 -3.30742885 -3.16298737
 -3.07548314 -2.94426676 -2.7931168  -2.69533244 -2.5892181  -2.45699999
 -2.29034612 -2.10730304 -1.86831285 -1.60902472 -1.30870292 -0.93180666
 -0.46821874]
Mus:
[[0.260012   0.28206024 0.24247386 0.21545391]
 [0.26020825 0.27856544 0.24543029 0.21579607]
 [0.260012   0.28206024 0.24247386 0.21545391]
 [0.26083913 0.28319848 0.24141394 0.21454845]
 [0.2609231  0.27987248 0.24427333 0.21493107]
 [0.26020825 0.27856544 0.24543029 0.21579607]
 [0.2609231  0.27987248 0.24427333 0.21493107]
 [0.26139328 0.27560148 0.24711154 0.21589369]
 [0.26097056 0.27460286 0.24770978 0.21671683]
 [0.2602806  0.27327022 0.24897115 0.21747795]
 [0.2602806  0.27327022 0.24897115 0.21747795]
 [0.26117095 0.26926658 0.25090307 0.21865943]
 [0.26163644 0.27011475 0.25023127 0.21801755]
 [0.26117095 0.26926658 0.25090307 0.21865943]
 [0.26095232 0.2659188  0.25372934 0.2193995 ]
 [0.26095232 0.2659188  0.25372934 0.2193995 ]
 [0.26095232 0.2659188  0.25372934 0.2193995 ]
 [0.26117095 0.26926658 0.25090307 0.21865943]
 [0.2602806  0.27327022 0.24897115 0.21747795]
 [0.26097056 0.27460286 0.24770978 0.21671683]
 [0.26020825 0.27856544 0.24543029 0.21579607]
 [0.2609231  0.27987248 0.24427333 0.21493107]
 [0.26145628 0.28072163 0.24355027 0.2142718 ]
 [0.26168966 0.28449368 0.24018049 0.21363623]
 [0.26145628 0.28072163 0.24355027 0.2142718 ]]
Actions:
[[0. 0. 0. 1.]
 [0. 1. 0. 0.]
 [1. 0. 0. 0.]
 [0. 0. 0. 1.]
 [0. 0. 1. 0.]
 [1. 0. 0. 0.]
 [0. 0. 0. 1.]
 [0. 0. 1. 0.]
 [0. 0. 1. 0.]
 [0. 0. 1. 0.]
 [0. 0. 0. 1.]
 [1. 0. 0. 0.]
 [0. 0. 1. 0.]
 [0. 0. 0. 1.]
 [0. 0. 1. 0.]
 [0. 0. 1. 0.]
 [0. 1. 0. 0.]
 [0. 1. 0. 0.]
 [1. 0. 0. 0.]
 [0. 1. 0. 0.]
 [1. 0. 0. 0.]
 [1. 0. 0. 0.]
 [0. 1. 0. 0.]
 [0. 0. 0. 1.]
 [0. 1. 0. 0.]]
States:
[[0.7 0.4]
 [0.7 0.3]
 [0.7 0.4]
 [0.8 0.4]
 [0.8 0.3]
 [0.7 0.3]
 [0.8 0.3]
 [0.8 0.2]
 [0.7 0.2]
 [0.6 0.2]
 [0.6 0.2]
 [0.6 0.1]
 [0.7 0.1]
 [0.6 0.1]
 [0.6 0. ]
 [0.6 0. ]
 [0.6 0. ]
 [0.6 0.1]
 [0.6 0.2]
 [0.7 0.2]
 [0.7 0.3]
 [0.8 0.3]
 [0.9 0.3]
 [0.9 0.4]
 [0.9 0.3]]
Logstds:
[[0. 0. 0. 0.]
 [0. 0. 0. 0.]
 [0. 0. 0. 0.]
 [0. 0. 0. 0.]
 [0. 0. 0. 0.]
 [0. 0. 0. 0.]
 [0. 0. 0. 0.]
 [0. 0. 0. 0.]
 [0. 0. 0. 0.]
 [0. 0. 0. 0.]
 [0. 0. 0. 0.]
 [0. 0. 0. 0.]
 [0. 0. 0. 0.]
 [0. 0. 0. 0.]
 [0. 0. 0. 0.]
 [0. 0. 0. 0.]
 [0. 0. 0. 0.]
 [0. 0. 0. 0.]
 [0. 0. 0. 0.]
 [0. 0. 0. 0.]
 [0. 0. 0. 0.]
 [0. 0. 0. 0.]
 [0. 0. 0. 0.]
 [0. 0. 0. 0.]
 [0. 0. 0. 0.]]
