Baseline:
[0.9276522  0.8839279  0.8839279  0.8839279  0.86933196 0.8839279
 0.843979   0.86190456 0.8273479  0.81022584 0.7940496  0.76309013
 0.7940496  0.8277658  0.86933196 0.91721404 0.9052942  0.9505527
 0.9505527  0.9505527  0.96391726 0.91721404 0.86933196 0.8277658
 0.8124199  0.8124199 ]
Returns:
[-2.77530603 -2.69149371 -2.63089665 -2.56711027 -2.50832153 -2.44685525
 -2.36271852 -2.29758043 -2.21027131 -2.15193367 -2.10179667 -2.04458844
 -1.97541926 -1.8852974  -1.7731177  -1.63757266 -1.52384107 -1.37091353
 -1.19318575 -1.00610389 -0.84839508 -0.65782381 -0.47427267 -0.29825217
 -0.14740109]
Advants:
[-2.67691927 -2.57255729 -2.53523491 -2.49473315 -2.44434702 -2.42098478
 -2.31857221 -2.2934188  -2.1917222  -2.1358161  -2.08867127 -2.01857795
 -1.99880068 -1.96065315 -1.90766909 -1.83642625 -1.72470757 -1.62882822
 -1.45839771 -1.2734487  -1.12695475 -0.88000907 -0.63092304 -0.38745038
 -0.18802208]
Mus:
[[0.2596395  0.28929067 0.23689438 0.21417549]
 [0.25992283 0.28558153 0.23953931 0.21495633]
 [0.25992283 0.28558153 0.23953931 0.21495633]
 [0.25992283 0.28558153 0.23953931 0.21495633]
 [0.25983584 0.28368637 0.24090892 0.21556887]
 [0.25992283 0.28558153 0.23953931 0.21495633]
 [0.260012   0.28206024 0.24247386 0.21545391]
 [0.26083913 0.28319848 0.24141394 0.21454845]
 [0.2609231  0.27987248 0.24427333 0.21493107]
 [0.26020825 0.27856544 0.24543029 0.21579607]
 [0.25950196 0.2771861  0.24672976 0.21658213]
 [0.2602806  0.27327022 0.24897115 0.21747795]
 [0.25950196 0.2771861  0.24672976 0.21658213]
 [0.25948626 0.28070253 0.24371035 0.21610075]
 [0.25983584 0.28368637 0.24090892 0.21556887]
 [0.25979668 0.28729433 0.238097   0.21481194]
 [0.2595157  0.2845408  0.23981252 0.21613093]
 [0.25922516 0.2882292  0.23727782 0.21526782]
 [0.25922516 0.2882292  0.23727782 0.21526782]
 [0.25922516 0.2882292  0.23727782 0.21526782]
 [0.2597676  0.29067332 0.23568544 0.21387368]
 [0.25979668 0.28729433 0.238097   0.21481194]
 [0.25983584 0.28368637 0.24090892 0.21556887]
 [0.25948626 0.28070253 0.24371035 0.21610075]
 [0.25890708 0.27817583 0.24605037 0.21686669]]
Actions:
[[0. 0. 0. 1.]
 [1. 0. 0. 0.]
 [1. 0. 0. 0.]
 [0. 0. 1. 0.]
 [1. 0. 0. 0.]
 [0. 0. 0. 1.]
 [1. 0. 0. 0.]
 [0. 0. 0. 1.]
 [0. 0. 1. 0.]
 [0. 0. 1. 0.]
 [0. 0. 0. 1.]
 [0. 1. 0. 0.]
 [0. 1. 0. 0.]
 [0. 1. 0. 0.]
 [0. 1. 0. 0.]
 [0. 0. 1. 0.]
 [0. 1. 0. 0.]
 [0. 1. 0. 0.]
 [0. 1. 0. 0.]
 [1. 0. 0. 0.]
 [0. 0. 0. 1.]
 [0. 0. 0. 1.]
 [0. 0. 0. 1.]
 [0. 0. 1. 0.]
 [0. 0. 1. 0.]]
States:
[[0.7 0.6]
 [0.7 0.5]
 [0.7 0.5]
 [0.7 0.5]
 [0.6 0.5]
 [0.7 0.5]
 [0.7 0.4]
 [0.8 0.4]
 [0.8 0.3]
 [0.7 0.3]
 [0.6 0.3]
 [0.6 0.2]
 [0.6 0.3]
 [0.6 0.4]
 [0.6 0.5]
 [0.6 0.6]
 [0.5 0.6]
 [0.5 0.7]
 [0.5 0.7]
 [0.5 0.7]
 [0.6 0.7]
 [0.6 0.6]
 [0.6 0.5]
 [0.6 0.4]
 [0.5 0.4]]
Logstds:
[[0. 0. 0. 0.]
 [0. 0. 0. 0.]
 [0. 0. 0. 0.]
 [0. 0. 0. 0.]
 [0. 0. 0. 0.]
 [0. 0. 0. 0.]
 [0. 0. 0. 0.]
 [0. 0. 0. 0.]
 [0. 0. 0. 0.]
 [0. 0. 0. 0.]
 [0. 0. 0. 0.]
 [0. 0. 0. 0.]
 [0. 0. 0. 0.]
 [0. 0. 0. 0.]
 [0. 0. 0. 0.]
 [0. 0. 0. 0.]
 [0. 0. 0. 0.]
 [0. 0. 0. 0.]
 [0. 0. 0. 0.]
 [0. 0. 0. 0.]
 [0. 0. 0. 0.]
 [0. 0. 0. 0.]
 [0. 0. 0. 0.]
 [0. 0. 0. 0.]
 [0. 0. 0. 0.]]
