Baseline:
[-3.1698763 -3.0947535 -3.1954815 -3.0947535 -3.1954815 -3.128856
 -3.1954815 -3.128856  -3.0669599 -2.9610932 -2.9610932 -3.0669599
 -3.128856  -3.0669599 -3.172671  -3.278365  -3.278365  -3.3840597
 -3.4452052 -3.3840597 -3.4452052 -3.4452052 -3.5089326 -3.5089326
 -3.574202  -3.574202 ]
Returns:
[-14.71314251 -14.38451139 -14.15400571 -13.70276395 -13.43637684
 -13.03005385 -12.75695919 -12.31487738 -11.88817864 -11.38851673
 -10.91233235 -10.57232586 -10.20236295  -9.66447924  -9.21027753
  -8.68248956  -8.00197995  -7.36065438  -6.69098279  -5.81837012
  -5.06752568  -4.18637632  -3.31750003  -2.30858831  -1.30734348]
Advants:
[-9.54377638 -9.46910484 -9.32169823 -9.15983047 -8.98607764 -8.84570868
 -8.71179012 -8.54805537 -8.40172735 -8.23283872 -7.98599276 -7.77520485
 -7.58510089 -7.35674148 -7.04823488 -6.66798338 -6.24122981 -5.74647822
 -5.26681766 -4.70280514 -4.134237   -3.48999388 -2.78563437 -1.99320658
 -1.12863302]
Mus:
[[0.2578627  0.28150547 0.24215011 0.21848173]
 [0.25720176 0.2809932  0.24223013 0.21957496]
 [0.25680903 0.28386763 0.23996964 0.2193537 ]
 [0.25720176 0.2809932  0.24223013 0.21957496]
 [0.25680903 0.28386763 0.23996964 0.2193537 ]
 [0.25595528 0.2827253  0.24014407 0.22117534]
 [0.25680903 0.28386763 0.23996964 0.2193537 ]
 [0.25595528 0.2827253  0.24014407 0.22117534]
 [0.2553593  0.28294805 0.23984177 0.22185096]
 [0.25570232 0.28053162 0.2418136  0.22195251]
 [0.25570232 0.28053162 0.2418136  0.22195251]
 [0.2553593  0.28294805 0.23984177 0.22185096]
 [0.25595528 0.2827253  0.24014407 0.22117534]
 [0.2553593  0.28294805 0.23984177 0.22185096]
 [0.25529966 0.28516638 0.23828538 0.22124866]
 [0.25500414 0.28770223 0.23664138 0.22065221]
 [0.25500414 0.28770223 0.23664138 0.22065221]
 [0.25450787 0.29069108 0.2352045  0.21959655]
 [0.2549495  0.29121298 0.23503207 0.21880545]
 [0.25450787 0.29069108 0.2352045  0.21959655]
 [0.2549495  0.29121298 0.23503207 0.21880545]
 [0.2549495  0.29121298 0.23503207 0.21880545]
 [0.2554632  0.2928517  0.23413143 0.21755369]
 [0.2554632  0.2928517  0.23413143 0.21755369]
 [0.25585172 0.29473436 0.23327602 0.21613789]]
Actions:
[[0. 0. 1. 0.]
 [0. 1. 0. 0.]
 [0. 0. 0. 1.]
 [0. 1. 0. 0.]
 [0. 0. 1. 0.]
 [1. 0. 0. 0.]
 [0. 0. 1. 0.]
 [0. 0. 1. 0.]
 [0. 0. 0. 1.]
 [0. 0. 0. 1.]
 [0. 1. 0. 0.]
 [1. 0. 0. 0.]
 [0. 0. 1. 0.]
 [0. 1. 0. 0.]
 [0. 1. 0. 0.]
 [0. 0. 1. 0.]
 [0. 1. 0. 0.]
 [1. 0. 0. 0.]
 [0. 0. 1. 0.]
 [1. 0. 0. 0.]
 [0. 1. 0. 0.]
 [1. 0. 0. 0.]
 [0. 1. 0. 0.]
 [1. 0. 0. 0.]
 [0. 0. 0. 1.]]
States:
[[0.3 0.6]
 [0.2 0.6]
 [0.2 0.7]
 [0.2 0.6]
 [0.2 0.7]
 [0.1 0.7]
 [0.2 0.7]
 [0.1 0.7]
 [0.  0.7]
 [0.  0.6]
 [0.  0.6]
 [0.  0.7]
 [0.1 0.7]
 [0.  0.7]
 [0.  0.8]
 [0.  0.9]
 [0.  0.9]
 [0.  1. ]
 [0.1 1. ]
 [0.  1. ]
 [0.1 1. ]
 [0.1 1. ]
 [0.2 1. ]
 [0.2 1. ]
 [0.3 1. ]]
Logstds:
[[0. 0. 0. 0.]
 [0. 0. 0. 0.]
 [0. 0. 0. 0.]
 [0. 0. 0. 0.]
 [0. 0. 0. 0.]
 [0. 0. 0. 0.]
 [0. 0. 0. 0.]
 [0. 0. 0. 0.]
 [0. 0. 0. 0.]
 [0. 0. 0. 0.]
 [0. 0. 0. 0.]
 [0. 0. 0. 0.]
 [0. 0. 0. 0.]
 [0. 0. 0. 0.]
 [0. 0. 0. 0.]
 [0. 0. 0. 0.]
 [0. 0. 0. 0.]
 [0. 0. 0. 0.]
 [0. 0. 0. 0.]
 [0. 0. 0. 0.]
 [0. 0. 0. 0.]
 [0. 0. 0. 0.]
 [0. 0. 0. 0.]
 [0. 0. 0. 0.]
 [0. 0. 0. 0.]]
