Baseline:
[-1.878566  -1.9448541 -1.878566  -1.8134849 -1.878566  -1.9199309
 -1.8547349 -1.7901449 -1.7483523 -1.7070464 -1.642035  -1.7070464
 -1.7713864 -1.7315917 -1.6954731 -1.6954731 -1.6262214 -1.6643394
 -1.7315917 -1.7713864 -1.7315917 -1.7713864 -1.7070464 -1.6643394
 -1.6004963 -1.6004963]
Returns:
[-12.23530425 -11.96736551 -11.52615497 -11.10648799 -10.82209293
 -10.51064382 -10.0024262   -9.51312021  -9.09857076  -8.70344017
  -8.26379674  -7.94601816  -7.57167502  -7.09282331  -6.62923222
  -6.21310534  -5.66711127  -5.25580618  -4.7734675   -4.24571046
  -3.59180798  -3.00185833  -2.21573181  -1.49903041  -0.71561807]
Advants:
[-8.42129037 -8.23216272 -8.0031046  -7.79584217 -7.59543094 -7.39346864
 -7.10044761 -6.82537459 -6.60348002 -6.40242594 -6.18199227 -5.95469739
 -5.67118798 -5.38694437 -5.11425273 -4.85322225 -4.53004381 -4.23336673
 -3.83253597 -3.40886381 -2.93189915 -2.43150427 -1.8277629  -1.26102439
 -0.63559318]
Mus:
[[0.25790602 0.27819282 0.24526347 0.21863773]
 [0.2578627  0.28150547 0.24215011 0.21848173]
 [0.25790602 0.27819282 0.24526347 0.21863773]
 [0.2577019  0.27532676 0.24815924 0.21881211]
 [0.25790602 0.27819282 0.24526347 0.21863773]
 [0.25882447 0.2787865  0.24464741 0.21774161]
 [0.2583469  0.2762402  0.24751526 0.21789771]
 [0.25798878 0.27386254 0.2495488  0.21859986]
 [0.2574822  0.27274606 0.2502805  0.21949127]
 [0.25696608 0.27280056 0.2500919  0.2201414 ]
 [0.25605038 0.27073014 0.2528868  0.22033265]
 [0.25696608 0.27280056 0.2500919  0.2201414 ]
 [0.25748262 0.27501577 0.24782099 0.21968059]
 [0.25709718 0.2749477  0.24724294 0.2207122 ]
 [0.2562672  0.27548006 0.24728444 0.22096835]
 [0.2562672  0.27548006 0.24728444 0.22096835]
 [0.2551397  0.27375317 0.25066695 0.22044027]
 [0.2560523  0.27317333 0.25027758 0.22049676]
 [0.25709718 0.2749477  0.24724294 0.2207122 ]
 [0.25748262 0.27501577 0.24782099 0.21968059]
 [0.25709718 0.2749477  0.24724294 0.2207122 ]
 [0.25748262 0.27501577 0.24782099 0.21968059]
 [0.25696608 0.27280056 0.2500919  0.2201414 ]
 [0.2560523  0.27317333 0.25027758 0.22049676]
 [0.25527823 0.27115825 0.2531449  0.22041859]]
Actions:
[[0. 1. 0. 0.]
 [0. 0. 0. 1.]
 [0. 0. 0. 1.]
 [0. 1. 0. 0.]
 [1. 0. 0. 0.]
 [0. 0. 0. 1.]
 [0. 0. 0. 1.]
 [0. 0. 1. 0.]
 [0. 0. 1. 0.]
 [0. 0. 0. 1.]
 [0. 1. 0. 0.]
 [0. 1. 0. 0.]
 [0. 0. 1. 0.]
 [0. 0. 1. 0.]
 [0. 1. 0. 0.]
 [0. 0. 0. 1.]
 [1. 0. 0. 0.]
 [0. 1. 0. 0.]
 [1. 0. 0. 0.]
 [0. 0. 1. 0.]
 [1. 0. 0. 0.]
 [0. 0. 0. 1.]
 [0. 0. 1. 0.]
 [0. 0. 0. 1.]
 [0. 0. 1. 0.]]
States:
[[0.3 0.5]
 [0.3 0.6]
 [0.3 0.5]
 [0.3 0.4]
 [0.3 0.5]
 [0.4 0.5]
 [0.4 0.4]
 [0.4 0.3]
 [0.3 0.3]
 [0.2 0.3]
 [0.2 0.2]
 [0.2 0.3]
 [0.2 0.4]
 [0.1 0.4]
 [0.  0.4]
 [0.  0.4]
 [0.  0.3]
 [0.1 0.3]
 [0.1 0.4]
 [0.2 0.4]
 [0.1 0.4]
 [0.2 0.4]
 [0.2 0.3]
 [0.1 0.3]
 [0.1 0.2]]
Logstds:
[[0. 0. 0. 0.]
 [0. 0. 0. 0.]
 [0. 0. 0. 0.]
 [0. 0. 0. 0.]
 [0. 0. 0. 0.]
 [0. 0. 0. 0.]
 [0. 0. 0. 0.]
 [0. 0. 0. 0.]
 [0. 0. 0. 0.]
 [0. 0. 0. 0.]
 [0. 0. 0. 0.]
 [0. 0. 0. 0.]
 [0. 0. 0. 0.]
 [0. 0. 0. 0.]
 [0. 0. 0. 0.]
 [0. 0. 0. 0.]
 [0. 0. 0. 0.]
 [0. 0. 0. 0.]
 [0. 0. 0. 0.]
 [0. 0. 0. 0.]
 [0. 0. 0. 0.]
 [0. 0. 0. 0.]
 [0. 0. 0. 0.]
 [0. 0. 0. 0.]
 [0. 0. 0. 0.]]
