Baseline:
[-1.3866944 -1.4469179 -1.5080473 -1.4663446 -1.4240105 -1.4859099
 -1.4468899 -1.3824806 -1.3203094 -1.3824806 -1.4468899 -1.4098824
 -1.4777333 -1.5455093 -1.5797862 -1.5125375 -1.5797862 -1.5125375
 -1.4468899 -1.5125375 -1.5496225 -1.5125375 -1.5496225 -1.4859099
 -1.5496225 -1.5496225]
Returns:
[-14.84574346 -14.56535256 -14.2304098  -13.83472022 -13.46242838
 -13.10607451 -12.69214072 -12.29244071 -11.91635477 -11.55356256
 -11.13336598 -10.6582841  -10.18789891  -9.65376783  -9.11796162
  -8.44267667  -7.78005663  -7.03435563  -6.29262823  -5.5574621
  -4.80668583  -3.91021041  -3.07273668  -2.0859537   -1.09198594]
Advants:
[-10.65667212 -10.48305574 -10.255958   -10.07439211  -9.92133837
  -9.68212344  -9.48990473  -9.34250237  -9.22277294  -8.99539391
  -8.71021637  -8.47501008  -8.1402776   -7.7405942   -7.37233046
  -6.96450052  -6.42931995  -5.94115759  -5.45066838  -4.82648781
  -4.20593947  -3.50153602  -2.76811875  -1.9696649   -1.01450491]
Mus:
[[0.26506147 0.27183095 0.26759323 0.19551438]
 [0.26509738 0.27520102 0.26584896 0.19385265]
 [0.26512167 0.27805102 0.26441002 0.19241728]
 [0.26045677 0.2785319  0.2674665  0.19354479]
 [0.25606734 0.27875936 0.27041394 0.19475937]
 [0.2569528  0.28054097 0.26900348 0.19350275]
 [0.2541132  0.27939978 0.27173036 0.19475664]
 [0.2527682  0.27766064 0.27345628 0.19611494]
 [0.25213057 0.2755329  0.27473772 0.19759884]
 [0.2527682  0.27766064 0.27345628 0.19611494]
 [0.2541132  0.27939978 0.27173036 0.19475664]
 [0.25160366 0.27844897 0.27444822 0.19549908]
 [0.2527904  0.28029448 0.273075   0.1938401 ]
 [0.25390837 0.2820259  0.27197886 0.19208688]
 [0.25586447 0.28340423 0.2688695  0.19186173]
 [0.25507787 0.28148353 0.27006966 0.1933689 ]
 [0.25586447 0.28340423 0.2688695  0.19186173]
 [0.25507787 0.28148353 0.27006966 0.1933689 ]
 [0.2541132  0.27939978 0.27173036 0.19475664]
 [0.25507787 0.28148353 0.27006966 0.1933689 ]
 [0.25764704 0.2824334  0.2675286  0.19239092]
 [0.25507787 0.28148353 0.27006966 0.1933689 ]
 [0.25764704 0.2824334  0.2675286  0.19239092]
 [0.2569528  0.28054097 0.26900348 0.19350275]
 [0.25764704 0.2824334  0.2675286  0.19239092]]
Actions:
[[0. 1. 0. 0.]
 [0. 1. 0. 0.]
 [0. 0. 1. 0.]
 [0. 0. 1. 0.]
 [0. 1. 0. 0.]
 [0. 0. 1. 0.]
 [0. 0. 0. 1.]
 [0. 0. 0. 1.]
 [0. 1. 0. 0.]
 [0. 1. 0. 0.]
 [0. 0. 1. 0.]
 [0. 1. 0. 0.]
 [0. 1. 0. 0.]
 [1. 0. 0. 0.]
 [0. 0. 0. 1.]
 [0. 1. 0. 0.]
 [0. 0. 0. 1.]
 [0. 0. 0. 1.]
 [0. 1. 0. 0.]
 [1. 0. 0. 0.]
 [0. 0. 1. 0.]
 [1. 0. 0. 0.]
 [0. 0. 0. 1.]
 [0. 1. 0. 0.]
 [0. 0. 1. 0.]]
States:
[[0.6 0.4]
 [0.6 0.5]
 [0.6 0.6]
 [0.5 0.6]
 [0.4 0.6]
 [0.4 0.7]
 [0.3 0.7]
 [0.3 0.6]
 [0.3 0.5]
 [0.3 0.6]
 [0.3 0.7]
 [0.2 0.7]
 [0.2 0.8]
 [0.2 0.9]
 [0.3 0.9]
 [0.3 0.8]
 [0.3 0.9]
 [0.3 0.8]
 [0.3 0.7]
 [0.3 0.8]
 [0.4 0.8]
 [0.3 0.8]
 [0.4 0.8]
 [0.4 0.7]
 [0.4 0.8]]
Logstds:
[[0. 0. 0. 0.]
 [0. 0. 0. 0.]
 [0. 0. 0. 0.]
 [0. 0. 0. 0.]
 [0. 0. 0. 0.]
 [0. 0. 0. 0.]
 [0. 0. 0. 0.]
 [0. 0. 0. 0.]
 [0. 0. 0. 0.]
 [0. 0. 0. 0.]
 [0. 0. 0. 0.]
 [0. 0. 0. 0.]
 [0. 0. 0. 0.]
 [0. 0. 0. 0.]
 [0. 0. 0. 0.]
 [0. 0. 0. 0.]
 [0. 0. 0. 0.]
 [0. 0. 0. 0.]
 [0. 0. 0. 0.]
 [0. 0. 0. 0.]
 [0. 0. 0. 0.]
 [0. 0. 0. 0.]
 [0. 0. 0. 0.]
 [0. 0. 0. 0.]
 [0. 0. 0. 0.]]
