Baseline:
[-1.6527859 -1.6110396 -1.6723461 -1.6301775 -1.6723461 -1.7140318
 -1.6723461 -1.733332  -1.7752645 -1.7140318 -1.6723461 -1.7140318
 -1.6527859 -1.7140318 -1.7752645 -1.8170242 -1.7557738 -1.7981012
 -1.7981012 -1.7557738 -1.7140318 -1.7752645 -1.836542  -1.8781826
 -1.836542  -1.836542 ]
Returns:
[-17.64023751 -17.29689366 -16.9839684  -16.60612335 -16.31697506
 -15.97148639 -15.49878779 -15.05046157 -14.59820576 -14.02361288
 -13.44839462 -12.95192803 -12.3340322  -11.71791166 -11.02820968
 -10.32266365  -9.4834251   -8.69506555  -7.82317895  -6.83801168
  -5.84225573  -4.8433087   -3.75051023  -2.62113121  -1.31943178]
Advants:
[-12.57062159 -12.46308347 -12.28786817 -12.15778032 -12.03931849
 -11.87115722 -11.66448441 -11.3828713  -11.12049481 -10.84281667
 -10.54854241 -10.2533861   -9.9432164   -9.51237759  -9.0057468
  -8.50044402  -7.96101301  -7.36351362  -6.71771362  -5.99106021
  -5.24214328  -4.3717432   -3.38792076  -2.36544065  -1.22760451]
Mus:
[[0.27150512 0.2785818  0.2586924  0.19122064]
 [0.2689665  0.279596   0.2607683  0.19066921]
 [0.26765636 0.28250727 0.25977683 0.19005963]
 [0.26445377 0.28340918 0.26194772 0.19018933]
 [0.26765636 0.28250727 0.25977683 0.19005963]
 [0.27068874 0.28129444 0.25799772 0.1900191 ]
 [0.26765636 0.28250727 0.25977683 0.19005963]
 [0.26682475 0.28523836 0.25864798 0.18928894]
 [0.2695251  0.2841426  0.25720325 0.189129  ]
 [0.27068874 0.28129444 0.25799772 0.1900191 ]
 [0.26765636 0.28250727 0.25977683 0.19005963]
 [0.27068874 0.28129444 0.25799772 0.1900191 ]
 [0.27150512 0.2785818  0.2586924  0.19122064]
 [0.27068874 0.28129444 0.25799772 0.1900191 ]
 [0.2695251  0.2841426  0.25720325 0.189129  ]
 [0.27166337 0.28295982 0.255776   0.18960084]
 [0.2725661  0.28009844 0.25645533 0.1908801 ]
 [0.27422976 0.27943453 0.254839   0.19149671]
 [0.27422976 0.27943453 0.254839   0.19149671]
 [0.2725661  0.28009844 0.25645533 0.1908801 ]
 [0.27068874 0.28129444 0.25799772 0.1900191 ]
 [0.2695251  0.2841426  0.25720325 0.189129  ]
 [0.26870295 0.2868224  0.25630587 0.18816872]
 [0.2706434  0.28583634 0.2552865  0.18823378]
 [0.26870295 0.2868224  0.25630587 0.18816872]]
Actions:
[[0. 0. 1. 0.]
 [0. 1. 0. 0.]
 [0. 0. 1. 0.]
 [1. 0. 0. 0.]
 [1. 0. 0. 0.]
 [0. 0. 1. 0.]
 [0. 1. 0. 0.]
 [1. 0. 0. 0.]
 [0. 0. 0. 1.]
 [0. 0. 1. 0.]
 [1. 0. 0. 0.]
 [0. 0. 0. 1.]
 [0. 1. 0. 0.]
 [0. 1. 0. 0.]
 [1. 0. 0. 0.]
 [0. 0. 0. 1.]
 [1. 0. 0. 0.]
 [1. 0. 0. 0.]
 [0. 0. 1. 0.]
 [0. 0. 1. 0.]
 [0. 1. 0. 0.]
 [0. 1. 0. 0.]
 [1. 0. 0. 0.]
 [0. 0. 1. 0.]
 [0. 1. 0. 0.]]
States:
[[0.8 0.7]
 [0.7 0.7]
 [0.7 0.8]
 [0.6 0.8]
 [0.7 0.8]
 [0.8 0.8]
 [0.7 0.8]
 [0.7 0.9]
 [0.8 0.9]
 [0.8 0.8]
 [0.7 0.8]
 [0.8 0.8]
 [0.8 0.7]
 [0.8 0.8]
 [0.8 0.9]
 [0.9 0.9]
 [0.9 0.8]
 [1.  0.8]
 [1.  0.8]
 [0.9 0.8]
 [0.8 0.8]
 [0.8 0.9]
 [0.8 1. ]
 [0.9 1. ]
 [0.8 1. ]]
Logstds:
[[0. 0. 0. 0.]
 [0. 0. 0. 0.]
 [0. 0. 0. 0.]
 [0. 0. 0. 0.]
 [0. 0. 0. 0.]
 [0. 0. 0. 0.]
 [0. 0. 0. 0.]
 [0. 0. 0. 0.]
 [0. 0. 0. 0.]
 [0. 0. 0. 0.]
 [0. 0. 0. 0.]
 [0. 0. 0. 0.]
 [0. 0. 0. 0.]
 [0. 0. 0. 0.]
 [0. 0. 0. 0.]
 [0. 0. 0. 0.]
 [0. 0. 0. 0.]
 [0. 0. 0. 0.]
 [0. 0. 0. 0.]
 [0. 0. 0. 0.]
 [0. 0. 0. 0.]
 [0. 0. 0. 0.]
 [0. 0. 0. 0.]
 [0. 0. 0. 0.]
 [0. 0. 0. 0.]]
