Baseline:
[-1.8272588 -1.7629119 -1.8491106 -1.8491106 -1.9437708 -2.0138724
 -1.9178884 -1.8272588 -1.8994565 -1.973388  -2.0491447 -2.0491447
 -2.0491447 -2.0491447 -2.0491447 -2.0491447 -2.0491447 -2.0491447
 -1.973388  -1.8994565 -1.973388  -1.8994565 -1.973388  -1.8868246
 -1.973388  -1.973388 ]
Returns:
[-11.92899403 -11.74791339 -11.55363249 -11.34875341 -11.08825171
 -10.84049162 -10.47559333 -10.14295227  -9.88799629  -9.57790422
  -9.20963287  -8.78115246  -8.33012044  -7.8553499   -7.35559144
  -6.8295299   -6.27578091  -5.69288724  -5.04433995  -4.40933265
  -3.81088986  -3.11096413  -2.44418616  -1.66002783  -0.85547394]
Advants:
[-8.13334321 -8.15774225 -8.0217434  -7.96731644 -7.76443911 -7.60200382
 -7.49343929 -7.41795241 -7.26139098 -7.05061493 -6.78085994 -6.5282466
 -6.25411385 -5.9566285  -5.6338012  -5.28347315 -4.90330164 -4.49074439
 -4.08508544 -3.68802578 -3.17284477 -2.69807388 -2.09856164 -1.53261684
 -0.75680447]
Mus:
[[0.2438608  0.26109055 0.28721163 0.207837  ]
 [0.2399224  0.26025698 0.29062265 0.20919794]
 [0.24081329 0.26245892 0.28949165 0.20723614]
 [0.24081329 0.26245892 0.28949165 0.20723614]
 [0.24178542 0.2653497  0.2881169  0.20474795]
 [0.24530363 0.26698428 0.2842916  0.20342048]
 [0.24464242 0.26394394 0.28564692 0.20576672]
 [0.2438608  0.26109055 0.28721163 0.207837  ]
 [0.24854293 0.26212177 0.28331977 0.20601548]
 [0.25334868 0.26303935 0.2801229  0.20348899]
 [0.25705484 0.26384923 0.2774117  0.20168422]
 [0.25705484 0.26384923 0.2774117  0.20168422]
 [0.25705484 0.26384923 0.2774117  0.20168422]
 [0.25705484 0.26384923 0.2774117  0.20168422]
 [0.25705484 0.26384923 0.2774117  0.20168422]
 [0.25705484 0.26384923 0.2774117  0.20168422]
 [0.25705484 0.26384923 0.2774117  0.20168422]
 [0.25705484 0.26384923 0.2774117  0.20168422]
 [0.25334868 0.26303935 0.2801229  0.20348899]
 [0.24854293 0.26212177 0.28331977 0.20601548]
 [0.25334868 0.26303935 0.2801229  0.20348899]
 [0.24854293 0.26212177 0.28331977 0.20601548]
 [0.25334868 0.26303935 0.2801229  0.20348899]
 [0.2528523  0.26022097 0.28171742 0.20520934]
 [0.25334868 0.26303935 0.2801229  0.20348899]]
Actions:
[[0. 0. 1. 0.]
 [0. 1. 0. 0.]
 [0. 0. 1. 0.]
 [0. 1. 0. 0.]
 [1. 0. 0. 0.]
 [0. 0. 0. 1.]
 [0. 0. 0. 1.]
 [1. 0. 0. 0.]
 [1. 0. 0. 0.]
 [1. 0. 0. 0.]
 [1. 0. 0. 0.]
 [1. 0. 0. 0.]
 [1. 0. 0. 0.]
 [1. 0. 0. 0.]
 [1. 0. 0. 0.]
 [1. 0. 0. 0.]
 [1. 0. 0. 0.]
 [0. 0. 1. 0.]
 [0. 0. 1. 0.]
 [1. 0. 0. 0.]
 [0. 0. 1. 0.]
 [1. 0. 0. 0.]
 [0. 0. 0. 1.]
 [0. 1. 0. 0.]
 [0. 0. 1. 0.]]
States:
[[0.1 0.1]
 [0.  0.1]
 [0.  0.2]
 [0.  0.2]
 [0.  0.3]
 [0.1 0.3]
 [0.1 0.2]
 [0.1 0.1]
 [0.2 0.1]
 [0.3 0.1]
 [0.4 0.1]
 [0.4 0.1]
 [0.4 0.1]
 [0.4 0.1]
 [0.4 0.1]
 [0.4 0.1]
 [0.4 0.1]
 [0.4 0.1]
 [0.3 0.1]
 [0.2 0.1]
 [0.3 0.1]
 [0.2 0.1]
 [0.3 0.1]
 [0.3 0. ]
 [0.3 0.1]]
Logstds:
[[0. 0. 0. 0.]
 [0. 0. 0. 0.]
 [0. 0. 0. 0.]
 [0. 0. 0. 0.]
 [0. 0. 0. 0.]
 [0. 0. 0. 0.]
 [0. 0. 0. 0.]
 [0. 0. 0. 0.]
 [0. 0. 0. 0.]
 [0. 0. 0. 0.]
 [0. 0. 0. 0.]
 [0. 0. 0. 0.]
 [0. 0. 0. 0.]
 [0. 0. 0. 0.]
 [0. 0. 0. 0.]
 [0. 0. 0. 0.]
 [0. 0. 0. 0.]
 [0. 0. 0. 0.]
 [0. 0. 0. 0.]
 [0. 0. 0. 0.]
 [0. 0. 0. 0.]
 [0. 0. 0. 0.]
 [0. 0. 0. 0.]
 [0. 0. 0. 0.]
 [0. 0. 0. 0.]]
