Baseline:
[0.31195873 0.29839113 0.31195873 0.3065111  0.32386303 0.3065111
 0.3065111  0.31195873 0.3188618  0.3353647  0.3295033  0.34537646
 0.36128324 0.36128324 0.35737494 0.35737494 0.35737494 0.34136996
 0.32386303 0.34136996 0.35737494 0.36128324 0.36128324 0.3718162
 0.38263467 0.38263467]
Returns:
[-3.86198984 -3.79905611 -3.74735174 -3.70421168 -3.6426579  -3.56028635
 -3.5250544  -3.46740528 -3.39032282 -3.27601886 -3.16951621 -3.0390619
 -2.88036647 -2.69180369 -2.53050327 -2.37987136 -2.22131144 -2.01762011
 -1.82643679 -1.64340813 -1.42914102 -1.20270137 -0.92584043 -0.65717339
 -0.358118  ]
Advants:
[-3.06683302 -3.02274481 -3.01860283 -3.00540316 -2.99823685 -2.93561965
 -2.93956531 -2.92826437 -2.90029927 -2.84528378 -2.77587492 -2.70436446
 -2.60389942 -2.45543385 -2.32862854 -2.2150128  -2.09171846 -1.90349716
 -1.72250887 -1.58192971 -1.40460312 -1.19790833 -0.92967032 -0.6729102
 -0.37724975]
Mus:
[[0.25463745 0.26869732 0.25607818 0.22058704]
 [0.25402623 0.2659497  0.25912005 0.22090395]
 [0.25463745 0.26869732 0.25607818 0.22058704]
 [0.25345308 0.26914    0.257082   0.22032495]
 [0.25413185 0.27175236 0.25380087 0.22031493]
 [0.25345308 0.26914    0.257082   0.22032495]
 [0.25345308 0.26914    0.257082   0.22032495]
 [0.25463745 0.26869732 0.25607818 0.22058704]
 [0.25560227 0.26847625 0.255111   0.22081047]
 [0.25605038 0.27073014 0.2528868  0.22033265]
 [0.25527823 0.27115825 0.2531449  0.22041859]
 [0.2560523  0.27317333 0.25027758 0.22049676]
 [0.25709718 0.2749477  0.24724294 0.2207122 ]
 [0.25709718 0.2749477  0.24724294 0.2207122 ]
 [0.2562672  0.27548006 0.24728444 0.22096835]
 [0.2562672  0.27548006 0.24728444 0.22096835]
 [0.2562672  0.27548006 0.24728444 0.22096835]
 [0.2551397  0.27375317 0.25066695 0.22044027]
 [0.25413185 0.27175236 0.25380087 0.22031493]
 [0.2551397  0.27375317 0.25066695 0.22044027]
 [0.2562672  0.27548006 0.24728444 0.22096835]
 [0.25709718 0.2749477  0.24724294 0.2207122 ]
 [0.25709718 0.2749477  0.24724294 0.2207122 ]
 [0.25748262 0.27501577 0.24782099 0.21968059]
 [0.2577019  0.27532676 0.24815924 0.21881211]]
Actions:
[[0. 0. 0. 1.]
 [0. 1. 0. 0.]
 [0. 0. 1. 0.]
 [0. 1. 0. 0.]
 [0. 0. 0. 1.]
 [0. 0. 1. 0.]
 [1. 0. 0. 0.]
 [1. 0. 0. 0.]
 [0. 1. 0. 0.]
 [0. 0. 1. 0.]
 [0. 1. 0. 0.]
 [0. 1. 0. 0.]
 [0. 1. 0. 0.]
 [0. 0. 1. 0.]
 [0. 0. 1. 0.]
 [0. 0. 1. 0.]
 [0. 0. 0. 1.]
 [0. 0. 0. 1.]
 [0. 1. 0. 0.]
 [0. 1. 0. 0.]
 [1. 0. 0. 0.]
 [0. 1. 0. 0.]
 [1. 0. 0. 0.]
 [1. 0. 0. 0.]
 [0. 1. 0. 0.]]
States:
[[0.1 0.1]
 [0.1 0. ]
 [0.1 0.1]
 [0.  0.1]
 [0.  0.2]
 [0.  0.1]
 [0.  0.1]
 [0.1 0.1]
 [0.2 0.1]
 [0.2 0.2]
 [0.1 0.2]
 [0.1 0.3]
 [0.1 0.4]
 [0.1 0.4]
 [0.  0.4]
 [0.  0.4]
 [0.  0.4]
 [0.  0.3]
 [0.  0.2]
 [0.  0.3]
 [0.  0.4]
 [0.1 0.4]
 [0.1 0.4]
 [0.2 0.4]
 [0.3 0.4]]
Logstds:
[[0. 0. 0. 0.]
 [0. 0. 0. 0.]
 [0. 0. 0. 0.]
 [0. 0. 0. 0.]
 [0. 0. 0. 0.]
 [0. 0. 0. 0.]
 [0. 0. 0. 0.]
 [0. 0. 0. 0.]
 [0. 0. 0. 0.]
 [0. 0. 0. 0.]
 [0. 0. 0. 0.]
 [0. 0. 0. 0.]
 [0. 0. 0. 0.]
 [0. 0. 0. 0.]
 [0. 0. 0. 0.]
 [0. 0. 0. 0.]
 [0. 0. 0. 0.]
 [0. 0. 0. 0.]
 [0. 0. 0. 0.]
 [0. 0. 0. 0.]
 [0. 0. 0. 0.]
 [0. 0. 0. 0.]
 [0. 0. 0. 0.]
 [0. 0. 0. 0.]
 [0. 0. 0. 0.]]
