Baseline:
[-3.1182952 -3.2165623 -3.3165805 -3.4167864 -3.490128  -3.5903418
 -3.6905472 -3.7907512 -3.6905472 -3.5903418 -3.490128  -3.563638
 -3.4636488 -3.3900983 -3.4636488 -3.563638  -3.490128  -3.4167864
 -3.490128  -3.3900983 -3.3165805 -3.3900983 -3.290389  -3.3658965
 -3.4636488 -3.4636488]
Returns:
[-16.51638549 -16.37962579 -16.18907727 -15.94152678 -15.68744598
 -15.32436921 -14.89211699 -14.38686242 -13.66013541 -12.94303018
 -12.23559888 -11.75138357 -10.99053837 -10.31258936  -9.76965196
  -9.10455184  -8.2816506   -7.45427062  -6.75349212  -5.76703035
  -4.85302836  -4.0578814   -2.97598002  -2.08696903  -1.06531835]
Advants:
[-11.0343191  -11.00503441 -10.92874954 -10.80277374 -10.70589874
 -10.47846626 -10.1854911   -9.82119039  -9.43699213  -9.06398016
  -8.70264689  -8.39450282  -7.98405006  -7.63269309  -7.27173669
  -6.76028373  -6.2629583   -5.75913804  -5.23260987  -4.58744578
  -3.98278849  -3.34317354  -2.57916669  -1.82158966  -0.89213562]
Mus:
[[0.25890708 0.27817583 0.24605037 0.21686669]
 [0.25942633 0.28104374 0.242887   0.21664292]
 [0.2595157  0.2845408  0.23981252 0.21613093]
 [0.25922516 0.2882292  0.23727782 0.21526782]
 [0.2597676  0.29067332 0.23568544 0.21387368]
 [0.25962207 0.2935534  0.23368803 0.21313655]
 [0.2591561  0.2966036  0.23169684 0.2125435 ]
 [0.2584849  0.29996115 0.22948857 0.21206535]
 [0.2591561  0.2966036  0.23169684 0.2125435 ]
 [0.25962207 0.2935534  0.23368803 0.21313655]
 [0.2597676  0.29067332 0.23568544 0.21387368]
 [0.2596946  0.292632   0.2344327  0.21324068]
 [0.2596395  0.28929067 0.23689438 0.21417549]
 [0.25979668 0.28729433 0.238097   0.21481194]
 [0.2596395  0.28929067 0.23689438 0.21417549]
 [0.2596946  0.292632   0.2344327  0.21324068]
 [0.2597676  0.29067332 0.23568544 0.21387368]
 [0.25922516 0.2882292  0.23727782 0.21526782]
 [0.2597676  0.29067332 0.23568544 0.21387368]
 [0.25979668 0.28729433 0.238097   0.21481194]
 [0.2595157  0.2845408  0.23981252 0.21613093]
 [0.25979668 0.28729433 0.238097   0.21481194]
 [0.25983584 0.28368637 0.24090892 0.21556887]
 [0.25992283 0.28558153 0.23953931 0.21495633]
 [0.2596395  0.28929067 0.23689438 0.21417549]]
Actions:
[[0. 1. 0. 0.]
 [0. 1. 0. 0.]
 [0. 1. 0. 0.]
 [1. 0. 0. 0.]
 [0. 1. 0. 0.]
 [0. 1. 0. 0.]
 [0. 1. 0. 0.]
 [0. 0. 0. 1.]
 [0. 0. 0. 1.]
 [0. 0. 0. 1.]
 [1. 0. 0. 0.]
 [0. 0. 0. 1.]
 [0. 0. 1. 0.]
 [1. 0. 0. 0.]
 [0. 1. 0. 0.]
 [0. 0. 1. 0.]
 [0. 0. 1. 0.]
 [1. 0. 0. 0.]
 [0. 0. 0. 1.]
 [0. 0. 1. 0.]
 [1. 0. 0. 0.]
 [0. 0. 0. 1.]
 [1. 0. 0. 0.]
 [0. 1. 0. 0.]
 [1. 0. 0. 0.]]
States:
[[0.5 0.4]
 [0.5 0.5]
 [0.5 0.6]
 [0.5 0.7]
 [0.6 0.7]
 [0.6 0.8]
 [0.6 0.9]
 [0.6 1. ]
 [0.6 0.9]
 [0.6 0.8]
 [0.6 0.7]
 [0.7 0.7]
 [0.7 0.6]
 [0.6 0.6]
 [0.7 0.6]
 [0.7 0.7]
 [0.6 0.7]
 [0.5 0.7]
 [0.6 0.7]
 [0.6 0.6]
 [0.5 0.6]
 [0.6 0.6]
 [0.6 0.5]
 [0.7 0.5]
 [0.7 0.6]]
Logstds:
[[0. 0. 0. 0.]
 [0. 0. 0. 0.]
 [0. 0. 0. 0.]
 [0. 0. 0. 0.]
 [0. 0. 0. 0.]
 [0. 0. 0. 0.]
 [0. 0. 0. 0.]
 [0. 0. 0. 0.]
 [0. 0. 0. 0.]
 [0. 0. 0. 0.]
 [0. 0. 0. 0.]
 [0. 0. 0. 0.]
 [0. 0. 0. 0.]
 [0. 0. 0. 0.]
 [0. 0. 0. 0.]
 [0. 0. 0. 0.]
 [0. 0. 0. 0.]
 [0. 0. 0. 0.]
 [0. 0. 0. 0.]
 [0. 0. 0. 0.]
 [0. 0. 0. 0.]
 [0. 0. 0. 0.]
 [0. 0. 0. 0.]
 [0. 0. 0. 0.]
 [0. 0. 0. 0.]]
