Baseline:
[0.9052942  0.91721404 0.96391726 1.0091031  1.0253432  1.0409396
 1.0253432  1.0091031  1.0253432  1.0409396  1.0549684  1.0409396
 1.0253432  1.071202   1.0887786  1.1347767  1.1347767  1.116952
 1.0975801  1.0975801  1.0975801  1.0975801  1.0975801  1.0975801
 1.0975801  1.0975801 ]
Returns:
[-3.57825138 -3.5689181  -3.51064606 -3.43257767 -3.38051213 -3.31690915
 -3.23738809 -3.16448294 -3.09830715 -3.01985128 -2.9283375  -2.81777273
 -2.71198133 -2.56241614 -2.44193699 -2.24838497 -2.02811155 -1.84854367
 -1.67056801 -1.44689368 -1.21144701 -1.01078988 -0.79957185 -0.57723708
 -0.29601902]
Advants:
[-3.13077285 -3.15686686 -3.17045017 -3.16384542 -3.15542837 -3.1356802
 -3.06828671 -3.00647004 -2.98464662 -2.95035004 -2.90146471 -2.80405373
 -2.7084099  -2.62943312 -2.55018421 -2.42373541 -2.21955243 -2.03351595
 -1.84238845 -1.61854625 -1.37563555 -1.16067266 -0.92739769 -0.67425067
 -0.35089809]
Mus:
[[0.2595157  0.2845408  0.23981252 0.21613093]
 [0.25979668 0.28729433 0.238097   0.21481194]
 [0.2597676  0.29067332 0.23568544 0.21387368]
 [0.25962207 0.2935534  0.23368803 0.21313655]
 [0.25969306 0.2955919  0.23233508 0.21237999]
 [0.25957286 0.2974508  0.23138697 0.21158926]
 [0.25969306 0.2955919  0.23233508 0.21237999]
 [0.25962207 0.2935534  0.23368803 0.21313655]
 [0.25969306 0.2955919  0.23233508 0.21237999]
 [0.25957286 0.2974508  0.23138697 0.21158926]
 [0.25988448 0.29883233 0.23036462 0.21091855]
 [0.25957286 0.2974508  0.23138697 0.21158926]
 [0.25969306 0.2955919  0.23233508 0.21237999]
 [0.25962454 0.2985617  0.2302689  0.21154492]
 [0.25953948 0.30044404 0.22928064 0.21073581]
 [0.25934857 0.30337563 0.22730306 0.20997274]
 [0.25934857 0.30337563 0.22730306 0.20997274]
 [0.25919223 0.30164802 0.2284222  0.21073751]
 [0.2584849  0.29996115 0.22948857 0.21206535]
 [0.2584849  0.29996115 0.22948857 0.21206535]
 [0.2584849  0.29996115 0.22948857 0.21206535]
 [0.2584849  0.29996115 0.22948857 0.21206535]
 [0.2584849  0.29996115 0.22948857 0.21206535]
 [0.2584849  0.29996115 0.22948857 0.21206535]
 [0.2584849  0.29996115 0.22948857 0.21206535]]
Actions:
[[1. 0. 0. 0.]
 [0. 1. 0. 0.]
 [0. 1. 0. 0.]
 [1. 0. 0. 0.]
 [1. 0. 0. 0.]
 [0. 0. 1. 0.]
 [0. 0. 1. 0.]
 [1. 0. 0. 0.]
 [1. 0. 0. 0.]
 [1. 0. 0. 0.]
 [0. 0. 1. 0.]
 [0. 0. 1. 0.]
 [0. 1. 0. 0.]
 [1. 0. 0. 0.]
 [0. 1. 0. 0.]
 [0. 1. 0. 0.]
 [0. 0. 1. 0.]
 [0. 0. 1. 0.]
 [0. 1. 0. 0.]
 [0. 1. 0. 0.]
 [0. 0. 1. 0.]
 [0. 0. 1. 0.]
 [0. 0. 1. 0.]
 [0. 1. 0. 0.]
 [0. 1. 0. 0.]]
States:
[[0.5 0.6]
 [0.6 0.6]
 [0.6 0.7]
 [0.6 0.8]
 [0.7 0.8]
 [0.8 0.8]
 [0.7 0.8]
 [0.6 0.8]
 [0.7 0.8]
 [0.8 0.8]
 [0.9 0.8]
 [0.8 0.8]
 [0.7 0.8]
 [0.7 0.9]
 [0.8 0.9]
 [0.8 1. ]
 [0.8 1. ]
 [0.7 1. ]
 [0.6 1. ]
 [0.6 1. ]
 [0.6 1. ]
 [0.6 1. ]
 [0.6 1. ]
 [0.6 1. ]
 [0.6 1. ]]
Logstds:
[[0. 0. 0. 0.]
 [0. 0. 0. 0.]
 [0. 0. 0. 0.]
 [0. 0. 0. 0.]
 [0. 0. 0. 0.]
 [0. 0. 0. 0.]
 [0. 0. 0. 0.]
 [0. 0. 0. 0.]
 [0. 0. 0. 0.]
 [0. 0. 0. 0.]
 [0. 0. 0. 0.]
 [0. 0. 0. 0.]
 [0. 0. 0. 0.]
 [0. 0. 0. 0.]
 [0. 0. 0. 0.]
 [0. 0. 0. 0.]
 [0. 0. 0. 0.]
 [0. 0. 0. 0.]
 [0. 0. 0. 0.]
 [0. 0. 0. 0.]
 [0. 0. 0. 0.]
 [0. 0. 0. 0.]
 [0. 0. 0. 0.]
 [0. 0. 0. 0.]
 [0. 0. 0. 0.]]
