Baseline:
[0.5687967  0.5530896  0.5677169  0.55025953 0.5660343  0.5660343
 0.55025953 0.55025953 0.5677169  0.58398944 0.6004292  0.6207624
 0.634501   0.634501   0.634501   0.634501   0.6207624  0.634501
 0.6207624  0.634501   0.634501   0.634501   0.6207624  0.6207624
 0.60737324 0.60737324]
Returns:
[-5.40401475 -5.37804596 -5.32268246 -5.2942898  -5.23549127 -5.15265433
 -5.05630284 -5.03726563 -4.91448362 -4.76391637 -4.58426613 -4.37376261
 -4.1758154  -3.94590747 -3.70389913 -3.44915351 -3.18619248 -2.92574157
 -2.63523255 -2.34578375 -1.97258426 -1.5797427  -1.21839163 -0.80816259
 -0.43032479]
Advants:
[-4.33981933 -4.34247064 -4.34857777 -4.35214356 -4.36141458 -4.33276528
 -4.27597493 -4.31639878 -4.272343   -4.20038306 -4.09976969 -3.97164749
 -3.84907545 -3.67894423 -3.49432    -3.29396816 -3.06773828 -2.86816475
 -2.60566187 -2.36672535 -2.02188997 -1.64767902 -1.28120639 -0.86764094
 -0.46069348]
Mus:
[[0.27025497 0.26483846 0.26748982 0.19741683]
 [0.26942575 0.26173177 0.27014214 0.1987003 ]
 [0.2716644  0.26121718 0.26908854 0.1980299 ]
 [0.27045357 0.25918248 0.27103743 0.19932657]
 [0.2724651  0.25857595 0.2704278  0.19853121]
 [0.2724651  0.25857595 0.2704278  0.19853121]
 [0.27045357 0.25918248 0.27103743 0.19932657]
 [0.27045357 0.25918248 0.27103743 0.19932657]
 [0.2716644  0.26121718 0.26908854 0.1980299 ]
 [0.2727185  0.26373005 0.26669902 0.1968524 ]
 [0.2730036  0.26691929 0.26429424 0.19578291]
 [0.27307528 0.27008778 0.26181394 0.19502299]
 [0.27479967 0.26894513 0.26138732 0.19486786]
 [0.27479967 0.26894513 0.26138732 0.19486786]
 [0.27479967 0.26894513 0.26138732 0.19486786]
 [0.27479967 0.26894513 0.26138732 0.19486786]
 [0.27307528 0.27008778 0.26181394 0.19502299]
 [0.27479967 0.26894513 0.26138732 0.19486786]
 [0.27307528 0.27008778 0.26181394 0.19502299]
 [0.27479967 0.26894513 0.26138732 0.19486786]
 [0.27479967 0.26894513 0.26138732 0.19486786]
 [0.27479967 0.26894513 0.26138732 0.19486786]
 [0.27307528 0.27008778 0.26181394 0.19502299]
 [0.27307528 0.27008778 0.26181394 0.19502299]
 [0.2712291  0.27111375 0.2626056  0.1950515 ]]
Actions:
[[0. 0. 0. 1.]
 [1. 0. 0. 0.]
 [0. 0. 0. 1.]
 [1. 0. 0. 0.]
 [1. 0. 0. 0.]
 [0. 0. 1. 0.]
 [0. 0. 0. 1.]
 [0. 1. 0. 0.]
 [0. 1. 0. 0.]
 [0. 1. 0. 0.]
 [0. 1. 0. 0.]
 [1. 0. 0. 0.]
 [1. 0. 0. 0.]
 [1. 0. 0. 0.]
 [1. 0. 0. 0.]
 [0. 0. 1. 0.]
 [1. 0. 0. 0.]
 [0. 0. 1. 0.]
 [1. 0. 0. 0.]
 [0. 1. 0. 0.]
 [0. 1. 0. 0.]
 [0. 0. 1. 0.]
 [0. 1. 0. 0.]
 [0. 0. 1. 0.]
 [0. 1. 0. 0.]]
States:
[[0.8 0.2]
 [0.8 0.1]
 [0.9 0.1]
 [0.9 0. ]
 [1.  0. ]
 [1.  0. ]
 [0.9 0. ]
 [0.9 0. ]
 [0.9 0.1]
 [0.9 0.2]
 [0.9 0.3]
 [0.9 0.4]
 [1.  0.4]
 [1.  0.4]
 [1.  0.4]
 [1.  0.4]
 [0.9 0.4]
 [1.  0.4]
 [0.9 0.4]
 [1.  0.4]
 [1.  0.4]
 [1.  0.4]
 [0.9 0.4]
 [0.9 0.4]
 [0.8 0.4]]
Logstds:
[[0. 0. 0. 0.]
 [0. 0. 0. 0.]
 [0. 0. 0. 0.]
 [0. 0. 0. 0.]
 [0. 0. 0. 0.]
 [0. 0. 0. 0.]
 [0. 0. 0. 0.]
 [0. 0. 0. 0.]
 [0. 0. 0. 0.]
 [0. 0. 0. 0.]
 [0. 0. 0. 0.]
 [0. 0. 0. 0.]
 [0. 0. 0. 0.]
 [0. 0. 0. 0.]
 [0. 0. 0. 0.]
 [0. 0. 0. 0.]
 [0. 0. 0. 0.]
 [0. 0. 0. 0.]
 [0. 0. 0. 0.]
 [0. 0. 0. 0.]
 [0. 0. 0. 0.]
 [0. 0. 0. 0.]
 [0. 0. 0. 0.]
 [0. 0. 0. 0.]
 [0. 0. 0. 0.]]
