Baseline:
[-1.3765543 -1.4220195 -1.3765543 -1.4220195 -1.4667125 -1.4220195
 -1.4667125 -1.4220195 -1.4667125 -1.5246954 -1.4667125 -1.5122633
 -1.4582887 -1.5122633 -1.5692909 -1.5692909 -1.5692909 -1.5692909
 -1.5692909 -1.5122633 -1.5692909 -1.5122633 -1.5122633 -1.5692909
 -1.5122633 -1.5122633]
Returns:
[-15.42650539 -15.22894157 -14.92821707 -14.70442755 -14.4289909
 -14.04186707 -13.73155882 -13.30772803 -12.95878088 -12.49524505
 -11.98549052 -11.52548259 -10.96450397 -10.39446401  -9.7535447
  -9.09541495  -8.3456507   -7.55642518  -6.78265756  -5.92870756
  -5.05274843  -4.10775058  -3.19198199  -2.17198468  -1.07536769]
Advants:
[-11.00825223 -10.93312763 -10.85218163 -10.76376181 -10.62997093
 -10.4791619  -10.32112675 -10.14400814  -9.95742219  -9.64446663
  -9.40505279  -9.11430594  -8.82473289  -8.4173718   -7.93294866
  -7.48617761  -6.94258853  -6.35269263  -5.771304    -5.1585016
  -4.39646444  -3.66654331  -2.89396515  -1.93901849  -0.99975443]
Mus:
[[0.26807493 0.2686845  0.2666398  0.19660072]
 [0.27073106 0.2681101  0.2649357  0.19622315]
 [0.26807493 0.2686845  0.2666398  0.19660072]
 [0.27073106 0.2681101  0.2649357  0.19622315]
 [0.2730036  0.26691929 0.26429424 0.19578291]
 [0.27073106 0.2681101  0.2649357  0.19622315]
 [0.2730036  0.26691929 0.26429424 0.19578291]
 [0.27073106 0.2681101  0.2649357  0.19622315]
 [0.2730036  0.26691929 0.26429424 0.19578291]
 [0.27307528 0.27008778 0.26181394 0.19502299]
 [0.2730036  0.26691929 0.26429424 0.19578291]
 [0.2746262  0.26567322 0.26405904 0.19564156]
 [0.27411455 0.26293564 0.2663685  0.19658132]
 [0.2746262  0.26567322 0.26405904 0.19564156]
 [0.27479967 0.26894513 0.26138732 0.19486786]
 [0.27479967 0.26894513 0.26138732 0.19486786]
 [0.27479967 0.26894513 0.26138732 0.19486786]
 [0.27479967 0.26894513 0.26138732 0.19486786]
 [0.27479967 0.26894513 0.26138732 0.19486786]
 [0.2746262  0.26567322 0.26405904 0.19564156]
 [0.27479967 0.26894513 0.26138732 0.19486786]
 [0.2746262  0.26567322 0.26405904 0.19564156]
 [0.2746262  0.26567322 0.26405904 0.19564156]
 [0.27479967 0.26894513 0.26138732 0.19486786]
 [0.2746262  0.26567322 0.26405904 0.19564156]]
Actions:
[[1. 0. 0. 0.]
 [0. 0. 1. 0.]
 [1. 0. 0. 0.]
 [1. 0. 0. 0.]
 [0. 0. 1. 0.]
 [1. 0. 0. 0.]
 [0. 0. 1. 0.]
 [1. 0. 0. 0.]
 [0. 1. 0. 0.]
 [0. 0. 0. 1.]
 [1. 0. 0. 0.]
 [0. 0. 0. 1.]
 [0. 1. 0. 0.]
 [0. 1. 0. 0.]
 [1. 0. 0. 0.]
 [0. 1. 0. 0.]
 [0. 1. 0. 0.]
 [1. 0. 0. 0.]
 [0. 0. 0. 1.]
 [0. 1. 0. 0.]
 [0. 0. 0. 1.]
 [1. 0. 0. 0.]
 [0. 1. 0. 0.]
 [0. 0. 0. 1.]
 [1. 0. 0. 0.]]
States:
[[0.7 0.3]
 [0.8 0.3]
 [0.7 0.3]
 [0.8 0.3]
 [0.9 0.3]
 [0.8 0.3]
 [0.9 0.3]
 [0.8 0.3]
 [0.9 0.3]
 [0.9 0.4]
 [0.9 0.3]
 [1.  0.3]
 [1.  0.2]
 [1.  0.3]
 [1.  0.4]
 [1.  0.4]
 [1.  0.4]
 [1.  0.4]
 [1.  0.4]
 [1.  0.3]
 [1.  0.4]
 [1.  0.3]
 [1.  0.3]
 [1.  0.4]
 [1.  0.3]]
Logstds:
[[0. 0. 0. 0.]
 [0. 0. 0. 0.]
 [0. 0. 0. 0.]
 [0. 0. 0. 0.]
 [0. 0. 0. 0.]
 [0. 0. 0. 0.]
 [0. 0. 0. 0.]
 [0. 0. 0. 0.]
 [0. 0. 0. 0.]
 [0. 0. 0. 0.]
 [0. 0. 0. 0.]
 [0. 0. 0. 0.]
 [0. 0. 0. 0.]
 [0. 0. 0. 0.]
 [0. 0. 0. 0.]
 [0. 0. 0. 0.]
 [0. 0. 0. 0.]
 [0. 0. 0. 0.]
 [0. 0. 0. 0.]
 [0. 0. 0. 0.]
 [0. 0. 0. 0.]
 [0. 0. 0. 0.]
 [0. 0. 0. 0.]
 [0. 0. 0. 0.]
 [0. 0. 0. 0.]]
