Baseline:
[-0.7462127  -0.7802934  -0.7671198  -0.8029776  -0.81553817 -0.7802934
 -0.81553817 -0.8292202  -0.8674536  -0.8292202  -0.79443717 -0.81081027
 -0.8435664  -0.81081027 -0.79443717 -0.8292202  -0.8674536  -0.8292202
 -0.8674536  -0.8541377  -0.8541377  -0.841      -0.841      -0.8541377
 -0.8674536  -0.8674536 ]
Returns:
[-9.25347095 -9.15295757 -9.00421684 -8.88742414 -8.74237377 -8.48818316
 -8.31255017 -8.10861316 -7.84673117 -7.47345515 -7.12079062 -6.85907812
 -6.53576243 -6.10195725 -5.72283235 -5.37016621 -4.96415542 -4.43916489
 -3.98415404 -3.45423415 -2.9433769  -2.39446276 -1.85907934 -1.31004238
 -0.70263159]
Advants:
[-6.65376415 -6.6202246  -6.59012762 -6.5472109  -6.50380712 -6.40202583
 -6.31177155 -6.21832101 -6.04366989 -5.83441719 -5.64320991 -5.49398912
 -5.26674721 -4.99309911 -4.75738203 -4.49580636 -4.17441905 -3.80593012
 -3.42577419 -3.01591466 -2.60509546 -2.16130868 -1.70919301 -1.21999261
 -0.65925884]
Mus:
[[0.25463745 0.26869732 0.25607818 0.22058704]
 [0.25527823 0.27115825 0.2531449  0.22041859]
 [0.25413185 0.27175236 0.25380087 0.22031493]
 [0.2551397  0.27375317 0.25066695 0.22044027]
 [0.2560523  0.27317333 0.25027758 0.22049676]
 [0.25527823 0.27115825 0.2531449  0.22041859]
 [0.2560523  0.27317333 0.25027758 0.22049676]
 [0.25696608 0.27280056 0.2500919  0.2201414 ]
 [0.25748262 0.27501577 0.24782099 0.21968059]
 [0.25696608 0.27280056 0.2500919  0.2201414 ]
 [0.25605038 0.27073014 0.2528868  0.22033265]
 [0.2570938  0.27074558 0.25239378 0.2197668 ]
 [0.2574822  0.27274606 0.2502805  0.21949127]
 [0.2570938  0.27074558 0.25239378 0.2197668 ]
 [0.25605038 0.27073014 0.2528868  0.22033265]
 [0.25696608 0.27280056 0.2500919  0.2201414 ]
 [0.25748262 0.27501577 0.24782099 0.21968059]
 [0.25696608 0.27280056 0.2500919  0.2201414 ]
 [0.25748262 0.27501577 0.24782099 0.21968059]
 [0.25709718 0.2749477  0.24724294 0.2207122 ]
 [0.25709718 0.2749477  0.24724294 0.2207122 ]
 [0.2562672  0.27548006 0.24728444 0.22096835]
 [0.2562672  0.27548006 0.24728444 0.22096835]
 [0.25709718 0.2749477  0.24724294 0.2207122 ]
 [0.25748262 0.27501577 0.24782099 0.21968059]]
Actions:
[[0. 1. 0. 0.]
 [0. 0. 1. 0.]
 [0. 1. 0. 0.]
 [1. 0. 0. 0.]
 [0. 0. 0. 1.]
 [0. 1. 0. 0.]
 [1. 0. 0. 0.]
 [0. 1. 0. 0.]
 [0. 0. 0. 1.]
 [0. 0. 0. 1.]
 [1. 0. 0. 0.]
 [0. 1. 0. 0.]
 [0. 0. 0. 1.]
 [0. 0. 1. 0.]
 [0. 1. 0. 0.]
 [0. 1. 0. 0.]
 [0. 0. 0. 1.]
 [0. 1. 0. 0.]
 [0. 0. 1. 0.]
 [0. 1. 0. 0.]
 [0. 0. 1. 0.]
 [0. 1. 0. 0.]
 [1. 0. 0. 0.]
 [1. 0. 0. 0.]
 [0. 0. 1. 0.]]
States:
[[0.1 0.1]
 [0.1 0.2]
 [0.  0.2]
 [0.  0.3]
 [0.1 0.3]
 [0.1 0.2]
 [0.1 0.3]
 [0.2 0.3]
 [0.2 0.4]
 [0.2 0.3]
 [0.2 0.2]
 [0.3 0.2]
 [0.3 0.3]
 [0.3 0.2]
 [0.2 0.2]
 [0.2 0.3]
 [0.2 0.4]
 [0.2 0.3]
 [0.2 0.4]
 [0.1 0.4]
 [0.1 0.4]
 [0.  0.4]
 [0.  0.4]
 [0.1 0.4]
 [0.2 0.4]]
Logstds:
[[0. 0. 0. 0.]
 [0. 0. 0. 0.]
 [0. 0. 0. 0.]
 [0. 0. 0. 0.]
 [0. 0. 0. 0.]
 [0. 0. 0. 0.]
 [0. 0. 0. 0.]
 [0. 0. 0. 0.]
 [0. 0. 0. 0.]
 [0. 0. 0. 0.]
 [0. 0. 0. 0.]
 [0. 0. 0. 0.]
 [0. 0. 0. 0.]
 [0. 0. 0. 0.]
 [0. 0. 0. 0.]
 [0. 0. 0. 0.]
 [0. 0. 0. 0.]
 [0. 0. 0. 0.]
 [0. 0. 0. 0.]
 [0. 0. 0. 0.]
 [0. 0. 0. 0.]
 [0. 0. 0. 0.]
 [0. 0. 0. 0.]
 [0. 0. 0. 0.]
 [0. 0. 0. 0.]]
