Baseline:
[1.0406247 1.0877261 1.1117681 1.0650377 1.0406247 1.0877261 1.063719
 1.1131239 1.063719  1.0398109 1.0158864 1.0681431 1.089278  1.1131239
 1.089278  1.1131239 1.1370966 1.161005  1.1370966 1.1131239 1.063719
 1.0877261 1.1370966 1.161005  1.161005  1.161005 ]
Returns:
[ 0.0323441   0.04467713  0.04529375  0.03298226  0.016504    0.02800333
  0.01546835  0.03396422  0.02267166  0.00432801 -0.02128212 -0.01530238
 -0.01979221 -0.0208442  -0.03182158 -0.03350669 -0.03199708 -0.02742943
 -0.02824805 -0.03409195 -0.04896641 -0.05662002 -0.03722607 -0.03293363
  0.00425172]
Advants:
[-0.51647251 -0.54160427 -0.55529679 -0.50925136 -0.48845421 -0.51119917
 -0.48542003 -0.50175913 -0.44665704 -0.42248326 -0.40402654 -0.42987649
 -0.43412665 -0.43659918 -0.39899697 -0.39847689 -0.39336445 -0.38337865
 -0.32775003 -0.27374974 -0.19922418 -0.18846174 -0.17332845 -0.14459841
 -0.05379856]
Mus:
[[0.26139328 0.27560148 0.24711154 0.21589369]
 [0.2609231  0.27987248 0.24427333 0.21493107]
 [0.26145628 0.28072163 0.24355027 0.2142718 ]
 [0.261404   0.2761095  0.24711935 0.2153671 ]
 [0.26139328 0.27560148 0.24711154 0.21589369]
 [0.2609231  0.27987248 0.24427333 0.21493107]
 [0.26020825 0.27856544 0.24543029 0.21579607]
 [0.260012   0.28206024 0.24247386 0.21545391]
 [0.26020825 0.27856544 0.24543029 0.21579607]
 [0.25950196 0.2771861  0.24672976 0.21658213]
 [0.25866643 0.2754603  0.24826841 0.2176048 ]
 [0.25890708 0.27817583 0.24605037 0.21686669]
 [0.25948626 0.28070253 0.24371035 0.21610075]
 [0.260012   0.28206024 0.24247386 0.21545391]
 [0.25948626 0.28070253 0.24371035 0.21610075]
 [0.260012   0.28206024 0.24247386 0.21545391]
 [0.26083913 0.28319848 0.24141394 0.21454845]
 [0.26168966 0.28449368 0.24018049 0.21363623]
 [0.26083913 0.28319848 0.24141394 0.21454845]
 [0.260012   0.28206024 0.24247386 0.21545391]
 [0.26020825 0.27856544 0.24543029 0.21579607]
 [0.2609231  0.27987248 0.24427333 0.21493107]
 [0.26083913 0.28319848 0.24141394 0.21454845]
 [0.26168966 0.28449368 0.24018049 0.21363623]
 [0.26168966 0.28449368 0.24018049 0.21363623]]
Actions:
[[0. 1. 0. 0.]
 [1. 0. 0. 0.]
 [0. 0. 0. 1.]
 [0. 0. 1. 0.]
 [0. 1. 0. 0.]
 [0. 0. 1. 0.]
 [0. 1. 0. 0.]
 [0. 0. 0. 1.]
 [0. 0. 1. 0.]
 [0. 0. 1. 0.]
 [0. 1. 0. 0.]
 [1. 0. 0. 0.]
 [1. 0. 0. 0.]
 [0. 0. 1. 0.]
 [1. 0. 0. 0.]
 [1. 0. 0. 0.]
 [1. 0. 0. 0.]
 [0. 0. 1. 0.]
 [0. 0. 1. 0.]
 [0. 0. 0. 1.]
 [1. 0. 0. 0.]
 [0. 1. 0. 0.]
 [1. 0. 0. 0.]
 [0. 1. 0. 0.]
 [0. 0. 0. 1.]]
States:
[[0.8 0.2]
 [0.8 0.3]
 [0.9 0.3]
 [0.9 0.2]
 [0.8 0.2]
 [0.8 0.3]
 [0.7 0.3]
 [0.7 0.4]
 [0.7 0.3]
 [0.6 0.3]
 [0.5 0.3]
 [0.5 0.4]
 [0.6 0.4]
 [0.7 0.4]
 [0.6 0.4]
 [0.7 0.4]
 [0.8 0.4]
 [0.9 0.4]
 [0.8 0.4]
 [0.7 0.4]
 [0.7 0.3]
 [0.8 0.3]
 [0.8 0.4]
 [0.9 0.4]
 [0.9 0.4]]
Logstds:
[[0. 0. 0. 0.]
 [0. 0. 0. 0.]
 [0. 0. 0. 0.]
 [0. 0. 0. 0.]
 [0. 0. 0. 0.]
 [0. 0. 0. 0.]
 [0. 0. 0. 0.]
 [0. 0. 0. 0.]
 [0. 0. 0. 0.]
 [0. 0. 0. 0.]
 [0. 0. 0. 0.]
 [0. 0. 0. 0.]
 [0. 0. 0. 0.]
 [0. 0. 0. 0.]
 [0. 0. 0. 0.]
 [0. 0. 0. 0.]
 [0. 0. 0. 0.]
 [0. 0. 0. 0.]
 [0. 0. 0. 0.]
 [0. 0. 0. 0.]
 [0. 0. 0. 0.]
 [0. 0. 0. 0.]
 [0. 0. 0. 0.]
 [0. 0. 0. 0.]
 [0. 0. 0. 0.]]
