Baseline:
[-3.0831118 -3.1657264 -3.1657264 -3.1657264 -3.1657264 -3.0831118
 -3.1657264 -3.1657264 -3.1657264 -3.1657264 -3.1657264 -3.1657264
 -3.0831118 -3.0831118 -3.1597908 -3.0780466 -2.9963727 -2.917848
 -3.000497  -3.0780466 -3.000497  -2.917848  -2.9963727 -3.0780466
 -3.1643689 -3.1643689]
Returns:
[-14.15273332 -13.93902816 -13.67880641 -13.22282325 -12.92490651
 -12.50851545 -12.2082725  -11.85695835 -11.48715398 -10.91582069
 -10.49648276 -10.05507441  -9.48763956  -8.85170273  -8.34432235
  -7.68118096  -7.02237155  -6.29209634  -5.73608394  -5.10237451
  -4.2301574   -3.43524057  -2.71791377  -1.93475826  -1.05501854]
Advants:
[-9.18059726 -9.05655179 -8.97523168 -8.69928805 -8.58753364 -8.44545559
 -8.25878547 -8.10950588 -7.94750958 -7.58401719 -7.37725598 -7.15288137
 -6.88858932 -6.47229877 -6.10853254 -5.74821333 -5.3931393  -4.96220957
 -4.54342797 -4.04878191 -3.46460258 -2.95872501 -2.36223166 -1.68699597
 -0.89680028]
Mus:
[[0.2614564  0.26650968 0.25328302 0.21875083]
 [0.26154423 0.2667453  0.25390416 0.21780635]
 [0.26154423 0.2667453  0.25390416 0.21780635]
 [0.26154423 0.2667453  0.25390416 0.21780635]
 [0.26154423 0.2667453  0.25390416 0.21780635]
 [0.2614564  0.26650968 0.25328302 0.21875083]
 [0.26154423 0.2667453  0.25390416 0.21780635]
 [0.26154423 0.2667453  0.25390416 0.21780635]
 [0.26154423 0.2667453  0.25390416 0.21780635]
 [0.26154423 0.2667453  0.25390416 0.21780635]
 [0.26154423 0.2667453  0.25390416 0.21780635]
 [0.26154423 0.2667453  0.25390416 0.21780635]
 [0.2614564  0.26650968 0.25328302 0.21875083]
 [0.2614564  0.26650968 0.25328302 0.21875083]
 [0.26159337 0.27103916 0.25024092 0.2171265 ]
 [0.26190236 0.27079847 0.2499197  0.21737947]
 [0.26163644 0.27011475 0.25023127 0.21801755]
 [0.26121724 0.2664132  0.25312385 0.2192457 ]
 [0.2615571  0.2665519  0.25272617 0.21916476]
 [0.26190236 0.27079847 0.2499197  0.21737947]
 [0.2615571  0.2665519  0.25272617 0.21916476]
 [0.26121724 0.2664132  0.25312385 0.2192457 ]
 [0.26163644 0.27011475 0.25023127 0.21801755]
 [0.26190236 0.27079847 0.2499197  0.21737947]
 [0.26139328 0.27560148 0.24711154 0.21589369]]
Actions:
[[1. 0. 0. 0.]
 [1. 0. 0. 0.]
 [0. 0. 0. 1.]
 [1. 0. 0. 0.]
 [0. 0. 1. 0.]
 [1. 0. 0. 0.]
 [1. 0. 0. 0.]
 [1. 0. 0. 0.]
 [0. 0. 0. 1.]
 [1. 0. 0. 0.]
 [1. 0. 0. 0.]
 [0. 0. 1. 0.]
 [0. 0. 0. 1.]
 [0. 1. 0. 0.]
 [0. 0. 1. 0.]
 [0. 0. 1. 0.]
 [0. 0. 0. 1.]
 [1. 0. 0. 0.]
 [0. 1. 0. 0.]
 [0. 0. 0. 1.]
 [0. 0. 1. 0.]
 [0. 1. 0. 0.]
 [1. 0. 0. 0.]
 [0. 1. 0. 0.]
 [0. 0. 1. 0.]]
States:
[[0.9 0. ]
 [1.  0. ]
 [1.  0. ]
 [1.  0. ]
 [1.  0. ]
 [0.9 0. ]
 [1.  0. ]
 [1.  0. ]
 [1.  0. ]
 [1.  0. ]
 [1.  0. ]
 [1.  0. ]
 [0.9 0. ]
 [0.9 0. ]
 [0.9 0.1]
 [0.8 0.1]
 [0.7 0.1]
 [0.7 0. ]
 [0.8 0. ]
 [0.8 0.1]
 [0.8 0. ]
 [0.7 0. ]
 [0.7 0.1]
 [0.8 0.1]
 [0.8 0.2]]
Logstds:
[[0. 0. 0. 0.]
 [0. 0. 0. 0.]
 [0. 0. 0. 0.]
 [0. 0. 0. 0.]
 [0. 0. 0. 0.]
 [0. 0. 0. 0.]
 [0. 0. 0. 0.]
 [0. 0. 0. 0.]
 [0. 0. 0. 0.]
 [0. 0. 0. 0.]
 [0. 0. 0. 0.]
 [0. 0. 0. 0.]
 [0. 0. 0. 0.]
 [0. 0. 0. 0.]
 [0. 0. 0. 0.]
 [0. 0. 0. 0.]
 [0. 0. 0. 0.]
 [0. 0. 0. 0.]
 [0. 0. 0. 0.]
 [0. 0. 0. 0.]
 [0. 0. 0. 0.]
 [0. 0. 0. 0.]
 [0. 0. 0. 0.]
 [0. 0. 0. 0.]
 [0. 0. 0. 0.]]
