Baseline:
[-0.9105963  -0.88233405 -0.85747516 -0.87970954 -0.9044511  -0.9265679
 -0.9265679  -0.95346886 -0.98436505 -0.96309525 -0.98436505 -1.0149819
 -0.9937186  -0.9937186  -0.96309525 -0.94161433 -0.9105963  -0.88233405
 -0.9044511  -0.9265679  -0.95346886 -0.9265679  -0.9265679  -0.9020222
 -0.9020222  -0.9020222 ]
Returns:
[-12.19798302 -11.93131496 -11.68834023 -11.54082642 -11.34939367
 -11.12188057 -10.85290436 -10.55118233 -10.19314069  -9.75756884
  -9.38209622  -8.92256792  -8.3827652   -7.86485204  -7.25725039
  -6.70111678  -6.10578967  -5.51847986  -5.01464133  -4.45372021
  -3.81519901  -3.0349498   -2.34034565  -1.52138989  -0.78019994]
Advants:
[-8.81662165 -8.70945947 -8.62702155 -8.59925944 -8.5304808  -8.43308222
 -8.32098667 -8.15244497 -7.92519625 -7.67354365 -7.44103598 -7.11395717
 -6.75633791 -6.39703544 -5.97433476 -5.59056651 -5.17254235 -4.75495128
 -4.36623574 -3.9140968  -3.37014451 -2.72531436 -2.12699008 -1.4124923
 -0.73509878]
Mus:
[[0.26139328 0.27560148 0.24711154 0.21589369]
 [0.26190236 0.27079847 0.2499197  0.21737947]
 [0.2615571  0.2665519  0.25272617 0.21916476]
 [0.2614564  0.26650968 0.25328302 0.21875083]
 [0.26159337 0.27103916 0.25024092 0.2171265 ]
 [0.26139447 0.27110624 0.25089577 0.21660353]
 [0.26139447 0.27110624 0.25089577 0.21660353]
 [0.26108986 0.27594823 0.24766493 0.21529701]
 [0.2616318  0.28082067 0.24340923 0.21413825]
 [0.26145628 0.28072163 0.24355027 0.2142718 ]
 [0.2616318  0.28082067 0.24340923 0.21413825]
 [0.26213208 0.28531942 0.23953825 0.21301027]
 [0.26168966 0.28449368 0.24018049 0.21363623]
 [0.26168966 0.28449368 0.24018049 0.21363623]
 [0.26145628 0.28072163 0.24355027 0.2142718 ]
 [0.2609231  0.27987248 0.24427333 0.21493107]
 [0.26139328 0.27560148 0.24711154 0.21589369]
 [0.26190236 0.27079847 0.2499197  0.21737947]
 [0.26159337 0.27103916 0.25024092 0.2171265 ]
 [0.26139447 0.27110624 0.25089577 0.21660353]
 [0.26108986 0.27594823 0.24766493 0.21529701]
 [0.26139447 0.27110624 0.25089577 0.21660353]
 [0.26139447 0.27110624 0.25089577 0.21660353]
 [0.26154423 0.2667453  0.25390416 0.21780635]
 [0.26154423 0.2667453  0.25390416 0.21780635]]
Actions:
[[0. 0. 0. 1.]
 [0. 0. 0. 1.]
 [1. 0. 0. 0.]
 [0. 1. 0. 0.]
 [1. 0. 0. 0.]
 [1. 0. 0. 0.]
 [0. 1. 0. 0.]
 [0. 1. 0. 0.]
 [0. 0. 1. 0.]
 [1. 0. 0. 0.]
 [0. 1. 0. 0.]
 [0. 0. 1. 0.]
 [0. 1. 0. 0.]
 [0. 0. 0. 1.]
 [0. 0. 1. 0.]
 [0. 0. 0. 1.]
 [0. 0. 0. 1.]
 [1. 0. 0. 0.]
 [1. 0. 0. 0.]
 [0. 1. 0. 0.]
 [0. 0. 0. 1.]
 [1. 0. 0. 0.]
 [0. 0. 0. 1.]
 [1. 0. 0. 0.]
 [1. 0. 0. 0.]]
States:
[[0.8 0.2]
 [0.8 0.1]
 [0.8 0. ]
 [0.9 0. ]
 [0.9 0.1]
 [1.  0.1]
 [1.  0.1]
 [1.  0.2]
 [1.  0.3]
 [0.9 0.3]
 [1.  0.3]
 [1.  0.4]
 [0.9 0.4]
 [0.9 0.4]
 [0.9 0.3]
 [0.8 0.3]
 [0.8 0.2]
 [0.8 0.1]
 [0.9 0.1]
 [1.  0.1]
 [1.  0.2]
 [1.  0.1]
 [1.  0.1]
 [1.  0. ]
 [1.  0. ]]
Logstds:
[[0. 0. 0. 0.]
 [0. 0. 0. 0.]
 [0. 0. 0. 0.]
 [0. 0. 0. 0.]
 [0. 0. 0. 0.]
 [0. 0. 0. 0.]
 [0. 0. 0. 0.]
 [0. 0. 0. 0.]
 [0. 0. 0. 0.]
 [0. 0. 0. 0.]
 [0. 0. 0. 0.]
 [0. 0. 0. 0.]
 [0. 0. 0. 0.]
 [0. 0. 0. 0.]
 [0. 0. 0. 0.]
 [0. 0. 0. 0.]
 [0. 0. 0. 0.]
 [0. 0. 0. 0.]
 [0. 0. 0. 0.]
 [0. 0. 0. 0.]
 [0. 0. 0. 0.]
 [0. 0. 0. 0.]
 [0. 0. 0. 0.]
 [0. 0. 0. 0.]
 [0. 0. 0. 0.]]
