Baseline:
[0.32386303 0.3065111  0.3065111  0.32386303 0.3065111  0.31195873
 0.3065111  0.29238322 0.29839113 0.30422762 0.29839113 0.30422762
 0.30422762 0.3188618  0.32498524 0.33125564 0.31762782 0.31762782
 0.31762782 0.3107823  0.32498524 0.3415618  0.32498524 0.3107823
 0.32498524 0.32498524]
Returns:
[-3.62035474 -3.53680934 -3.50034175 -3.42805798 -3.33439169 -3.2667077
 -3.19827059 -3.11533868 -3.05510019 -2.97606555 -2.89600275 -2.80859456
 -2.69770256 -2.57011279 -2.4296528  -2.26632293 -2.06895008 -1.89035644
 -1.69620228 -1.51422237 -1.30612447 -1.06389776 -0.79848794 -0.54242716
 -0.28318214]
Advants:
[-2.92495547 -2.85609564 -2.85326687 -2.8331405  -2.7564592  -2.72955997
 -2.69173755 -2.63081027 -2.614113   -2.57938165 -2.53256937 -2.49089155
 -2.41986224 -2.34667166 -2.25133282 -2.13173567 -1.95486284 -1.80778078
 -1.6418178  -1.47774516 -1.3047148  -1.09472779 -0.82101764 -0.55137652
 -0.29943141]
Mus:
[[0.25413185 0.27175236 0.25380087 0.22031493]
 [0.25345308 0.26914    0.257082   0.22032495]
 [0.25345308 0.26914    0.257082   0.22032495]
 [0.25413185 0.27175236 0.25380087 0.22031493]
 [0.25345308 0.26914    0.257082   0.22032495]
 [0.25463745 0.26869732 0.25607818 0.22058704]
 [0.25345308 0.26914    0.257082   0.22032495]
 [0.25277823 0.26619062 0.2601554  0.22087568]
 [0.25402623 0.2659497  0.25912005 0.22090395]
 [0.25518367 0.26627228 0.257706   0.22083811]
 [0.25402623 0.2659497  0.25912005 0.22090395]
 [0.25518367 0.26627228 0.257706   0.22083811]
 [0.25518367 0.26627228 0.257706   0.22083811]
 [0.25560227 0.26847625 0.255111   0.22081047]
 [0.2568896  0.2685498  0.25433213 0.22022846]
 [0.25818747 0.26841703 0.25346765 0.21992788]
 [0.25815555 0.26586536 0.25557297 0.22040607]
 [0.25815555 0.26586536 0.25557297 0.22040607]
 [0.25815555 0.26586536 0.25557297 0.22040607]
 [0.25660288 0.26619866 0.25651392 0.22068462]
 [0.2568896  0.2685498  0.25433213 0.22022846]
 [0.2570938  0.27074558 0.25239378 0.2197668 ]
 [0.2568896  0.2685498  0.25433213 0.22022846]
 [0.25660288 0.26619866 0.25651392 0.22068462]
 [0.2568896  0.2685498  0.25433213 0.22022846]]
Actions:
[[0. 0. 0. 1.]
 [0. 0. 1. 0.]
 [0. 1. 0. 0.]
 [0. 0. 0. 1.]
 [1. 0. 0. 0.]
 [0. 0. 1. 0.]
 [0. 0. 0. 1.]
 [1. 0. 0. 0.]
 [1. 0. 0. 0.]
 [0. 0. 1. 0.]
 [1. 0. 0. 0.]
 [0. 0. 0. 1.]
 [0. 1. 0. 0.]
 [1. 0. 0. 0.]
 [1. 0. 0. 0.]
 [0. 0. 0. 1.]
 [1. 0. 0. 0.]
 [0. 0. 0. 1.]
 [0. 0. 1. 0.]
 [0. 1. 0. 0.]
 [0. 1. 0. 0.]
 [0. 0. 0. 1.]
 [0. 0. 0. 1.]
 [0. 1. 0. 0.]
 [0. 0. 0. 1.]]
States:
[[0.  0.2]
 [0.  0.1]
 [0.  0.1]
 [0.  0.2]
 [0.  0.1]
 [0.1 0.1]
 [0.  0.1]
 [0.  0. ]
 [0.1 0. ]
 [0.2 0. ]
 [0.1 0. ]
 [0.2 0. ]
 [0.2 0. ]
 [0.2 0.1]
 [0.3 0.1]
 [0.4 0.1]
 [0.4 0. ]
 [0.4 0. ]
 [0.4 0. ]
 [0.3 0. ]
 [0.3 0.1]
 [0.3 0.2]
 [0.3 0.1]
 [0.3 0. ]
 [0.3 0.1]]
Logstds:
[[0. 0. 0. 0.]
 [0. 0. 0. 0.]
 [0. 0. 0. 0.]
 [0. 0. 0. 0.]
 [0. 0. 0. 0.]
 [0. 0. 0. 0.]
 [0. 0. 0. 0.]
 [0. 0. 0. 0.]
 [0. 0. 0. 0.]
 [0. 0. 0. 0.]
 [0. 0. 0. 0.]
 [0. 0. 0. 0.]
 [0. 0. 0. 0.]
 [0. 0. 0. 0.]
 [0. 0. 0. 0.]
 [0. 0. 0. 0.]
 [0. 0. 0. 0.]
 [0. 0. 0. 0.]
 [0. 0. 0. 0.]
 [0. 0. 0. 0.]
 [0. 0. 0. 0.]
 [0. 0. 0. 0.]
 [0. 0. 0. 0.]
 [0. 0. 0. 0.]
 [0. 0. 0. 0.]]
