Baseline:
[-2.569489  -2.6763792 -2.7346008 -2.7346008 -2.7978184 -2.863088
 -2.7978184 -2.6926644 -2.6282227 -2.5228956 -2.5876005 -2.6926644
 -2.7978184 -2.863088  -2.863088  -2.863088  -2.9315124 -2.9315124
 -2.9315124 -2.863088  -2.863088  -2.7978184 -2.7346008 -2.6282227
 -2.569489  -2.569489 ]
Returns:
[-17.01727065 -16.75336658 -16.50573579 -16.12994499 -15.81076567
 -15.43577174 -14.90731782 -14.37744637 -13.88868202 -13.39276227
 -13.01562469 -12.50778768 -11.92791559 -11.34856113 -10.62240271
  -9.85802542  -9.13030962  -8.24689379  -7.39175486  -6.39649591
  -5.40970248  -4.35356071  -3.28720471  -2.185495    -1.09989929]
Advants:
[-11.61165814 -11.43463324 -11.32959757 -11.16010782 -10.98975961
 -10.76599253 -10.52342158 -10.32497575 -10.13307656  -9.98262693
  -9.78771916  -9.42383305  -8.98784814  -8.59354384  -8.11657057
  -7.59896529  -7.04599591  -6.39914402  -5.77427324  -5.06865825
  -4.29140987  -3.49728738  -2.67663457  -1.84855046  -0.97142482]
Mus:
[[0.24847582 0.2775015  0.280943   0.19307972]
 [0.24891886 0.2795183  0.28047144 0.19109136]
 [0.25180733 0.2815765  0.27556732 0.19104876]
 [0.25180733 0.2815765  0.27556732 0.19104876]
 [0.2544932  0.28347293 0.2713463  0.19068755]
 [0.2565149  0.28498226 0.268045   0.19045782]
 [0.2544932  0.28347293 0.2713463  0.19068755]
 [0.25390837 0.2820259  0.27197886 0.19208688]
 [0.2516098  0.28013137 0.27568707 0.19257182]
 [0.25051224 0.2786596  0.2766165  0.19421163]
 [0.2527904  0.28029448 0.273075   0.1938401 ]
 [0.25390837 0.2820259  0.27197886 0.19208688]
 [0.2544932  0.28347293 0.2713463  0.19068755]
 [0.2565149  0.28498226 0.268045   0.19045782]
 [0.2565149  0.28498226 0.268045   0.19045782]
 [0.2565149  0.28498226 0.268045   0.19045782]
 [0.25859162 0.28600055 0.2651427  0.19026516]
 [0.25859162 0.28600055 0.2651427  0.19026516]
 [0.25859162 0.28600055 0.2651427  0.19026516]
 [0.2565149  0.28498226 0.268045   0.19045782]
 [0.2565149  0.28498226 0.268045   0.19045782]
 [0.2544932  0.28347293 0.2713463  0.19068755]
 [0.25180733 0.2815765  0.27556732 0.19104876]
 [0.2516098  0.28013137 0.27568707 0.19257182]
 [0.24847582 0.2775015  0.280943   0.19307972]]
Actions:
[[0. 1. 0. 0.]
 [1. 0. 0. 0.]
 [0. 1. 0. 0.]
 [1. 0. 0. 0.]
 [1. 0. 0. 0.]
 [0. 0. 1. 0.]
 [0. 0. 0. 1.]
 [0. 0. 1. 0.]
 [0. 0. 0. 1.]
 [1. 0. 0. 0.]
 [0. 1. 0. 0.]
 [0. 1. 0. 0.]
 [1. 0. 0. 0.]
 [0. 1. 0. 0.]
 [0. 1. 0. 0.]
 [1. 0. 0. 0.]
 [0. 1. 0. 0.]
 [1. 0. 0. 0.]
 [0. 0. 1. 0.]
 [0. 1. 0. 0.]
 [0. 0. 1. 0.]
 [0. 0. 1. 0.]
 [0. 0. 0. 1.]
 [0. 0. 1. 0.]
 [0. 0. 1. 0.]]
States:
[[0.  0.9]
 [0.  1. ]
 [0.1 1. ]
 [0.1 1. ]
 [0.2 1. ]
 [0.3 1. ]
 [0.2 1. ]
 [0.2 0.9]
 [0.1 0.9]
 [0.1 0.8]
 [0.2 0.8]
 [0.2 0.9]
 [0.2 1. ]
 [0.3 1. ]
 [0.3 1. ]
 [0.3 1. ]
 [0.4 1. ]
 [0.4 1. ]
 [0.4 1. ]
 [0.3 1. ]
 [0.3 1. ]
 [0.2 1. ]
 [0.1 1. ]
 [0.1 0.9]
 [0.  0.9]]
Logstds:
[[0. 0. 0. 0.]
 [0. 0. 0. 0.]
 [0. 0. 0. 0.]
 [0. 0. 0. 0.]
 [0. 0. 0. 0.]
 [0. 0. 0. 0.]
 [0. 0. 0. 0.]
 [0. 0. 0. 0.]
 [0. 0. 0. 0.]
 [0. 0. 0. 0.]
 [0. 0. 0. 0.]
 [0. 0. 0. 0.]
 [0. 0. 0. 0.]
 [0. 0. 0. 0.]
 [0. 0. 0. 0.]
 [0. 0. 0. 0.]
 [0. 0. 0. 0.]
 [0. 0. 0. 0.]
 [0. 0. 0. 0.]
 [0. 0. 0. 0.]
 [0. 0. 0. 0.]
 [0. 0. 0. 0.]
 [0. 0. 0. 0.]
 [0. 0. 0. 0.]
 [0. 0. 0. 0.]]
