Baseline:
[-0.4485694  -0.48050323 -0.48050323 -0.48050323 -0.4601281  -0.48050323
 -0.48050323 -0.4601281  -0.4601281  -0.4601281  -0.4601281  -0.48050323
 -0.4485694  -0.48050323 -0.49966472 -0.5159659  -0.5326561  -0.5025563
 -0.5326561  -0.5655846  -0.5801957  -0.594984   -0.5665347  -0.5490526
 -0.5665347  -0.5665347 ]
Returns:
[-10.40339456 -10.22521882 -10.00289809  -9.76887627  -9.56069283
  -9.39477411  -9.12874576  -8.88687124  -8.62534375  -8.35005165
  -8.06027049  -7.81538217  -7.51050879  -7.18007591  -6.85432826
  -6.47599545  -6.04316758  -5.54709433  -5.01570701  -4.42213271
  -3.81365592  -3.13777422  -2.38222447  -1.59450892  -0.83473969]
Advants:
[-7.67545358 -7.57255366 -7.45969965 -7.33723193 -7.26467212 -7.19768286
 -7.05289466 -6.95611295 -6.82183895 -6.67612652 -6.51800126 -6.38740521
 -6.25216352 -6.02801752 -5.82243642 -5.56679429 -5.25420586 -4.92241512
 -4.48917578 -3.98246941 -3.47011233 -2.87824505 -2.23587636 -1.53377115
 -0.80641299]
Mus:
[[0.24827895 0.26860222 0.2809211  0.20219773]
 [0.24885069 0.2715303  0.2792185  0.20040055]
 [0.24885069 0.2715303  0.2792185  0.20040055]
 [0.24885069 0.2715303  0.2792185  0.20040055]
 [0.24587768 0.2701126  0.28248024 0.20152938]
 [0.24885069 0.2715303  0.2792185  0.20040055]
 [0.24885069 0.2715303  0.2792185  0.20040055]
 [0.24587768 0.2701126  0.28248024 0.20152938]
 [0.24587768 0.2701126  0.28248024 0.20152938]
 [0.24587768 0.2701126  0.28248024 0.20152938]
 [0.24587768 0.2701126  0.28248024 0.20152938]
 [0.24885069 0.2715303  0.2792185  0.20040055]
 [0.24827895 0.26860222 0.2809211  0.20219773]
 [0.24885069 0.2715303  0.2792185  0.20040055]
 [0.2523132  0.27232686 0.27621904 0.19914082]
 [0.25677955 0.27203348 0.2734272  0.19775978]
 [0.26123327 0.27195993 0.27048087 0.19632599]
 [0.26133934 0.26890627 0.27210242 0.19765206]
 [0.26123327 0.27195993 0.27048087 0.19632599]
 [0.26058388 0.27552563 0.26891318 0.19497737]
 [0.26509738 0.27520102 0.26584896 0.19385265]
 [0.26875302 0.27425835 0.26316124 0.19382745]
 [0.2684251  0.2713609  0.26501128 0.19520278]
 [0.26506147 0.27183095 0.26759323 0.19551438]
 [0.2684251  0.2713609  0.26501128 0.19520278]]
Actions:
[[0. 1. 0. 0.]
 [0. 1. 0. 0.]
 [0. 1. 0. 0.]
 [0. 0. 1. 0.]
 [1. 0. 0. 0.]
 [0. 1. 0. 0.]
 [0. 0. 1. 0.]
 [0. 1. 0. 0.]
 [0. 1. 0. 0.]
 [0. 1. 0. 0.]
 [1. 0. 0. 0.]
 [0. 0. 0. 1.]
 [0. 1. 0. 0.]
 [1. 0. 0. 0.]
 [1. 0. 0. 0.]
 [1. 0. 0. 0.]
 [0. 0. 0. 1.]
 [0. 1. 0. 0.]
 [0. 1. 0. 0.]
 [1. 0. 0. 0.]
 [1. 0. 0. 0.]
 [0. 0. 0. 1.]
 [0. 0. 1. 0.]
 [1. 0. 0. 0.]
 [1. 0. 0. 0.]]
States:
[[0.2 0.3]
 [0.2 0.4]
 [0.2 0.4]
 [0.2 0.4]
 [0.1 0.4]
 [0.2 0.4]
 [0.2 0.4]
 [0.1 0.4]
 [0.1 0.4]
 [0.1 0.4]
 [0.1 0.4]
 [0.2 0.4]
 [0.2 0.3]
 [0.2 0.4]
 [0.3 0.4]
 [0.4 0.4]
 [0.5 0.4]
 [0.5 0.3]
 [0.5 0.4]
 [0.5 0.5]
 [0.6 0.5]
 [0.7 0.5]
 [0.7 0.4]
 [0.6 0.4]
 [0.7 0.4]]
Logstds:
[[0. 0. 0. 0.]
 [0. 0. 0. 0.]
 [0. 0. 0. 0.]
 [0. 0. 0. 0.]
 [0. 0. 0. 0.]
 [0. 0. 0. 0.]
 [0. 0. 0. 0.]
 [0. 0. 0. 0.]
 [0. 0. 0. 0.]
 [0. 0. 0. 0.]
 [0. 0. 0. 0.]
 [0. 0. 0. 0.]
 [0. 0. 0. 0.]
 [0. 0. 0. 0.]
 [0. 0. 0. 0.]
 [0. 0. 0. 0.]
 [0. 0. 0. 0.]
 [0. 0. 0. 0.]
 [0. 0. 0. 0.]
 [0. 0. 0. 0.]
 [0. 0. 0. 0.]
 [0. 0. 0. 0.]
 [0. 0. 0. 0.]
 [0. 0. 0. 0.]
 [0. 0. 0. 0.]]
