Baseline:
[-1.4108245 -1.4108245 -1.3436117 -1.3436117 -1.4108245 -1.4447699
 -1.3761554 -1.4098824 -1.3439167 -1.3080667 -1.3080667 -1.3080667
 -1.3761554 -1.3436117 -1.4108245 -1.4108245 -1.4781133 -1.4781133
 -1.4781133 -1.4781133 -1.4108245 -1.3436117 -1.3761554 -1.4098824
 -1.4777333 -1.4777333]
Returns:
[-13.47040545 -13.19461074 -12.8884957  -12.62566819 -12.32935199
 -12.04570497 -11.64234294 -11.32468847 -10.88986877 -10.48605879
 -10.08733845  -9.66763283  -9.21885787  -8.7230728   -8.22135684
  -7.66929642  -7.07389798  -6.41890058  -5.72942963  -5.00367073
  -4.22361541  -3.44534272  -2.73235961  -1.94575864  -1.01681948]
Advants:
[-9.53360747 -9.40707915 -9.32277024 -9.21957673 -9.01803736 -8.86641158
 -8.70141594 -8.52337952 -8.33122957 -8.14364607 -7.92833671 -7.69468574
 -7.36374078 -7.08792884 -6.70480037 -6.33729391 -5.85438676 -5.37422678
 -4.85316331 -4.28771191 -3.72686472 -3.15867427 -2.54513014 -1.842657
 -0.94293296]
Mus:
[[0.24768008 0.27621937 0.2814319  0.19466865]
 [0.24768008 0.27621937 0.2814319  0.19466865]
 [0.24626715 0.27472165 0.2823628  0.19664836]
 [0.24626715 0.27472165 0.2823628  0.19664836]
 [0.24768008 0.27621937 0.2814319  0.19466865]
 [0.25051224 0.2786596  0.2766165  0.19421163]
 [0.24924172 0.27718598 0.2775636  0.19600873]
 [0.25160366 0.27844897 0.27444822 0.19549908]
 [0.25020963 0.27651122 0.2760601  0.19721901]
 [0.24796636 0.27523673 0.2789434  0.19785348]
 [0.24796636 0.27523673 0.2789434  0.19785348]
 [0.24796636 0.27523673 0.2789434  0.19785348]
 [0.24924172 0.27718598 0.2775636  0.19600873]
 [0.24626715 0.27472165 0.2823628  0.19664836]
 [0.24768008 0.27621937 0.2814319  0.19466865]
 [0.24768008 0.27621937 0.2814319  0.19466865]
 [0.24847582 0.2775015  0.280943   0.19307972]
 [0.24847582 0.2775015  0.280943   0.19307972]
 [0.24847582 0.2775015  0.280943   0.19307972]
 [0.24847582 0.2775015  0.280943   0.19307972]
 [0.24768008 0.27621937 0.2814319  0.19466865]
 [0.24626715 0.27472165 0.2823628  0.19664836]
 [0.24924172 0.27718598 0.2775636  0.19600873]
 [0.25160366 0.27844897 0.27444822 0.19549908]
 [0.2527904  0.28029448 0.273075   0.1938401 ]]
Actions:
[[0. 0. 1. 0.]
 [0. 0. 0. 1.]
 [0. 0. 1. 0.]
 [0. 1. 0. 0.]
 [1. 0. 0. 0.]
 [0. 0. 0. 1.]
 [1. 0. 0. 0.]
 [0. 0. 0. 1.]
 [0. 0. 1. 0.]
 [0. 0. 0. 1.]
 [0. 0. 0. 1.]
 [0. 1. 0. 0.]
 [0. 0. 1. 0.]
 [0. 1. 0. 0.]
 [0. 0. 1. 0.]
 [0. 1. 0. 0.]
 [0. 0. 1. 0.]
 [0. 0. 1. 0.]
 [0. 0. 1. 0.]
 [0. 0. 0. 1.]
 [0. 0. 0. 1.]
 [1. 0. 0. 0.]
 [1. 0. 0. 0.]
 [0. 1. 0. 0.]
 [0. 1. 0. 0.]]
States:
[[0.  0.8]
 [0.  0.8]
 [0.  0.7]
 [0.  0.7]
 [0.  0.8]
 [0.1 0.8]
 [0.1 0.7]
 [0.2 0.7]
 [0.2 0.6]
 [0.1 0.6]
 [0.1 0.6]
 [0.1 0.6]
 [0.1 0.7]
 [0.  0.7]
 [0.  0.8]
 [0.  0.8]
 [0.  0.9]
 [0.  0.9]
 [0.  0.9]
 [0.  0.9]
 [0.  0.8]
 [0.  0.7]
 [0.1 0.7]
 [0.2 0.7]
 [0.2 0.8]]
Logstds:
[[0. 0. 0. 0.]
 [0. 0. 0. 0.]
 [0. 0. 0. 0.]
 [0. 0. 0. 0.]
 [0. 0. 0. 0.]
 [0. 0. 0. 0.]
 [0. 0. 0. 0.]
 [0. 0. 0. 0.]
 [0. 0. 0. 0.]
 [0. 0. 0. 0.]
 [0. 0. 0. 0.]
 [0. 0. 0. 0.]
 [0. 0. 0. 0.]
 [0. 0. 0. 0.]
 [0. 0. 0. 0.]
 [0. 0. 0. 0.]
 [0. 0. 0. 0.]
 [0. 0. 0. 0.]
 [0. 0. 0. 0.]
 [0. 0. 0. 0.]
 [0. 0. 0. 0.]
 [0. 0. 0. 0.]
 [0. 0. 0. 0.]
 [0. 0. 0. 0.]
 [0. 0. 0. 0.]]
