Baseline:
[0.55363727 0.5378362  0.5226831  0.5226831  0.53970706 0.53970706
 0.5226831  0.5226831  0.5226831  0.5378362  0.5530896  0.5677169
 0.55025953 0.55025953 0.5677169  0.58398944 0.6004292  0.58398944
 0.6004292  0.614077   0.598612   0.58398944 0.598612   0.58232087
 0.598612   0.598612  ]
Returns:
[-4.60169242 -4.55403201 -4.47806739 -4.42162281 -4.30639185 -4.22066201
 -4.1722609  -4.09972123 -4.0233637  -3.93867918 -3.82893615 -3.69204056
 -3.57782464 -3.48097279 -3.27628062 -3.03949216 -2.76908276 -2.55714966
 -2.2613538  -1.97442941 -1.69721457 -1.38256119 -1.0721694  -0.77271597
 -0.38378143]
Advants:
[-3.75563475 -3.73041762 -3.67798411 -3.66177344 -3.60419047 -3.55989385
 -3.53740809 -3.50922214 -3.47863511 -3.4566228  -3.41077799 -3.33751685
 -3.25495319 -3.20839906 -3.06995589 -2.89556797 -2.68380105 -2.49416305
 -2.24820158 -2.00271261 -1.73113563 -1.4145764  -1.1234597  -0.80299869
 -0.41371202]
Mus:
[[0.2674641  0.2657798  0.26870856 0.19804758]
 [0.2667143  0.2626433  0.2712128  0.19942966]
 [0.2634895  0.26353425 0.27297568 0.20000052]
 [0.2634895  0.26353425 0.27297568 0.20000052]
 [0.26433307 0.26634073 0.27074865 0.19857754]
 [0.26433307 0.26634073 0.27074865 0.19857754]
 [0.2634895  0.26353425 0.27297568 0.20000052]
 [0.2634895  0.26353425 0.27297568 0.20000052]
 [0.2634895  0.26353425 0.27297568 0.20000052]
 [0.2667143  0.2626433  0.2712128  0.19942966]
 [0.26942575 0.26173177 0.27014214 0.1987003 ]
 [0.2716644  0.26121718 0.26908854 0.1980299 ]
 [0.27045357 0.25918248 0.27103743 0.19932657]
 [0.27045357 0.25918248 0.27103743 0.19932657]
 [0.2716644  0.26121718 0.26908854 0.1980299 ]
 [0.2727185  0.26373005 0.26669902 0.1968524 ]
 [0.2730036  0.26691929 0.26429424 0.19578291]
 [0.2727185  0.26373005 0.26669902 0.1968524 ]
 [0.2730036  0.26691929 0.26429424 0.19578291]
 [0.2746262  0.26567322 0.26405904 0.19564156]
 [0.27411455 0.26293564 0.2663685  0.19658132]
 [0.2727185  0.26373005 0.26669902 0.1968524 ]
 [0.27411455 0.26293564 0.2663685  0.19658132]
 [0.27337047 0.26058477 0.26844305 0.19760163]
 [0.27411455 0.26293564 0.2663685  0.19658132]]
Actions:
[[0. 0. 0. 1.]
 [0. 0. 1. 0.]
 [0. 0. 1. 0.]
 [0. 1. 0. 0.]
 [0. 0. 1. 0.]
 [0. 0. 0. 1.]
 [0. 0. 1. 0.]
 [0. 0. 1. 0.]
 [1. 0. 0. 0.]
 [1. 0. 0. 0.]
 [1. 0. 0. 0.]
 [0. 0. 0. 1.]
 [0. 0. 0. 1.]
 [0. 1. 0. 0.]
 [0. 1. 0. 0.]
 [0. 1. 0. 0.]
 [0. 0. 0. 1.]
 [0. 1. 0. 0.]
 [1. 0. 0. 0.]
 [0. 0. 0. 1.]
 [0. 0. 1. 0.]
 [1. 0. 0. 0.]
 [0. 0. 0. 1.]
 [0. 1. 0. 0.]
 [0. 0. 1. 0.]]
States:
[[0.7 0.2]
 [0.7 0.1]
 [0.6 0.1]
 [0.6 0.1]
 [0.6 0.2]
 [0.6 0.2]
 [0.6 0.1]
 [0.6 0.1]
 [0.6 0.1]
 [0.7 0.1]
 [0.8 0.1]
 [0.9 0.1]
 [0.9 0. ]
 [0.9 0. ]
 [0.9 0.1]
 [0.9 0.2]
 [0.9 0.3]
 [0.9 0.2]
 [0.9 0.3]
 [1.  0.3]
 [1.  0.2]
 [0.9 0.2]
 [1.  0.2]
 [1.  0.1]
 [1.  0.2]]
Logstds:
[[0. 0. 0. 0.]
 [0. 0. 0. 0.]
 [0. 0. 0. 0.]
 [0. 0. 0. 0.]
 [0. 0. 0. 0.]
 [0. 0. 0. 0.]
 [0. 0. 0. 0.]
 [0. 0. 0. 0.]
 [0. 0. 0. 0.]
 [0. 0. 0. 0.]
 [0. 0. 0. 0.]
 [0. 0. 0. 0.]
 [0. 0. 0. 0.]
 [0. 0. 0. 0.]
 [0. 0. 0. 0.]
 [0. 0. 0. 0.]
 [0. 0. 0. 0.]
 [0. 0. 0. 0.]
 [0. 0. 0. 0.]
 [0. 0. 0. 0.]
 [0. 0. 0. 0.]
 [0. 0. 0. 0.]
 [0. 0. 0. 0.]
 [0. 0. 0. 0.]
 [0. 0. 0. 0.]]
