Baseline:
[1.0929434 1.1142867 1.0929434 1.1371464 1.158305  1.1779386 1.2246273
 1.2034937 1.158305  1.2034937 1.2246273 1.2429866 1.2429866 1.2429866
 1.1977125 1.1557331 1.1340902 1.1557331 1.1557331 1.1557331 1.1557331
 1.1557331 1.1977125 1.1779386 1.2246273 1.2246273]
Returns:
[-3.38098345 -3.34976457 -3.3293409  -3.25125214 -3.19950589 -3.13103459
 -3.00140027 -2.91932712 -2.86507341 -2.73555953 -2.62828182 -2.5011198
 -2.35404636 -2.19923222 -2.07944506 -1.96898128 -1.8460575  -1.70539231
 -1.54259501 -1.37122943 -1.19084461 -1.00096584 -0.75898134 -0.55844519
 -0.29341143]
Advants:
[-3.12760082 -3.14109884 -3.12340497 -3.11459487 -3.11027327 -3.08842851
 -3.03220996 -2.95481521 -2.88030814 -2.82043434 -2.75816028 -2.67189614
 -2.54473261 -2.40673637 -2.25482075 -2.11192812 -1.9732545  -1.8569462
 -1.69205908 -1.51312569 -1.31894947 -1.10823191 -0.87942719 -0.62105038
 -0.35464281]
Mus:
[[0.26765636 0.28250727 0.25977683 0.19005963]
 [0.27068874 0.28129444 0.25799772 0.1900191 ]
 [0.26765636 0.28250727 0.25977683 0.19005963]
 [0.26682475 0.28523836 0.25864798 0.18928894]
 [0.2695251  0.2841426  0.25720325 0.189129  ]
 [0.27166337 0.28295982 0.255776   0.18960084]
 [0.2706434  0.28583634 0.2552865  0.18823378]
 [0.26870295 0.2868224  0.25630587 0.18816872]
 [0.2695251  0.2841426  0.25720325 0.189129  ]
 [0.26870295 0.2868224  0.25630587 0.18816872]
 [0.2706434  0.28583634 0.2552865  0.18823378]
 [0.27188736 0.28559473 0.2541659  0.18835205]
 [0.27188736 0.28559473 0.2541659  0.18835205]
 [0.27188736 0.28559473 0.2541659  0.18835205]
 [0.27305228 0.28239107 0.25450468 0.19005197]
 [0.27422976 0.27943453 0.254839   0.19149671]
 [0.2725661  0.28009844 0.25645533 0.1908801 ]
 [0.27422976 0.27943453 0.254839   0.19149671]
 [0.27422976 0.27943453 0.254839   0.19149671]
 [0.27422976 0.27943453 0.254839   0.19149671]
 [0.27422976 0.27943453 0.254839   0.19149671]
 [0.27422976 0.27943453 0.254839   0.19149671]
 [0.27305228 0.28239107 0.25450468 0.19005197]
 [0.27166337 0.28295982 0.255776   0.18960084]
 [0.2706434  0.28583634 0.2552865  0.18823378]]
Actions:
[[1. 0. 0. 0.]
 [0. 0. 1. 0.]
 [0. 1. 0. 0.]
 [1. 0. 0. 0.]
 [1. 0. 0. 0.]
 [0. 1. 0. 0.]
 [0. 0. 1. 0.]
 [0. 0. 0. 1.]
 [0. 1. 0. 0.]
 [1. 0. 0. 0.]
 [1. 0. 0. 0.]
 [1. 0. 0. 0.]
 [1. 0. 0. 0.]
 [0. 0. 0. 1.]
 [0. 0. 0. 1.]
 [0. 0. 1. 0.]
 [1. 0. 0. 0.]
 [1. 0. 0. 0.]
 [1. 0. 0. 0.]
 [1. 0. 0. 0.]
 [1. 0. 0. 0.]
 [0. 1. 0. 0.]
 [0. 0. 1. 0.]
 [0. 1. 0. 0.]
 [0. 1. 0. 0.]]
States:
[[0.7 0.8]
 [0.8 0.8]
 [0.7 0.8]
 [0.7 0.9]
 [0.8 0.9]
 [0.9 0.9]
 [0.9 1. ]
 [0.8 1. ]
 [0.8 0.9]
 [0.8 1. ]
 [0.9 1. ]
 [1.  1. ]
 [1.  1. ]
 [1.  1. ]
 [1.  0.9]
 [1.  0.8]
 [0.9 0.8]
 [1.  0.8]
 [1.  0.8]
 [1.  0.8]
 [1.  0.8]
 [1.  0.8]
 [1.  0.9]
 [0.9 0.9]
 [0.9 1. ]]
Logstds:
[[0. 0. 0. 0.]
 [0. 0. 0. 0.]
 [0. 0. 0. 0.]
 [0. 0. 0. 0.]
 [0. 0. 0. 0.]
 [0. 0. 0. 0.]
 [0. 0. 0. 0.]
 [0. 0. 0. 0.]
 [0. 0. 0. 0.]
 [0. 0. 0. 0.]
 [0. 0. 0. 0.]
 [0. 0. 0. 0.]
 [0. 0. 0. 0.]
 [0. 0. 0. 0.]
 [0. 0. 0. 0.]
 [0. 0. 0. 0.]
 [0. 0. 0. 0.]
 [0. 0. 0. 0.]
 [0. 0. 0. 0.]
 [0. 0. 0. 0.]
 [0. 0. 0. 0.]
 [0. 0. 0. 0.]
 [0. 0. 0. 0.]
 [0. 0. 0. 0.]
 [0. 0. 0. 0.]]
