Baseline:
[-3.2340095 -3.2987146 -3.1954815 -3.128856  -3.2340095 -3.172671
 -3.2340095 -3.172671  -3.172671  -3.172671  -3.172671  -3.278365
 -3.3840597 -3.3840597 -3.4452052 -3.3840597 -3.3840597 -3.4452052
 -3.5089326 -3.5089326 -3.4037788 -3.5089326 -3.574202  -3.574202
 -3.4702687 -3.4702687]
Returns:
[-15.23965164 -15.039999   -14.58701359 -14.24125042 -13.99231895
 -13.60315356 -13.34937865 -12.9263743  -12.51963124 -12.09148066
 -11.64079583 -11.24092987 -10.77007535 -10.14900989  -9.62609386
  -8.90796071  -8.26429962  -7.64218832  -6.95519686  -6.13774288
  -5.11920176  -4.25497668  -3.35617334  -2.3105351   -1.05599117]
Advants:
[-9.8713392  -9.78829857 -9.62449254 -9.53850836 -9.38307968 -9.2606929
 -9.15877489 -9.01728022 -8.83688476 -8.64112192 -8.4286826  -8.16602757
 -7.8352441  -7.46167273 -7.12812478 -6.7226718  -6.33206583 -5.90228983
 -5.40342705 -4.83400168 -4.16152284 -3.42359427 -2.68087142 -1.84309999
 -0.88247776]
Mus:
[[0.25568086 0.28524476 0.23822485 0.22084953]
 [0.25630412 0.2866494  0.23789486 0.21915166]
 [0.25680903 0.28386763 0.23996964 0.2193537 ]
 [0.25595528 0.2827253  0.24014407 0.22117534]
 [0.25568086 0.28524476 0.23822485 0.22084953]
 [0.25529966 0.28516638 0.23828538 0.22124866]
 [0.25568086 0.28524476 0.23822485 0.22084953]
 [0.25529966 0.28516638 0.23828538 0.22124866]
 [0.25529966 0.28516638 0.23828538 0.22124866]
 [0.25529966 0.28516638 0.23828538 0.22124866]
 [0.25529966 0.28516638 0.23828538 0.22124866]
 [0.25500414 0.28770223 0.23664138 0.22065221]
 [0.25450787 0.29069108 0.2352045  0.21959655]
 [0.25450787 0.29069108 0.2352045  0.21959655]
 [0.2549495  0.29121298 0.23503207 0.21880545]
 [0.25450787 0.29069108 0.2352045  0.21959655]
 [0.25450787 0.29069108 0.2352045  0.21959655]
 [0.2549495  0.29121298 0.23503207 0.21880545]
 [0.2554632  0.2928517  0.23413143 0.21755369]
 [0.2554632  0.2928517  0.23413143 0.21755369]
 [0.2558718  0.2898044  0.23592407 0.21839972]
 [0.2554632  0.2928517  0.23413143 0.21755369]
 [0.25585172 0.29473436 0.23327602 0.21613789]
 [0.25585172 0.29473436 0.23327602 0.21613789]
 [0.25637874 0.29151708 0.23519515 0.21690899]]
Actions:
[[1. 0. 0. 0.]
 [0. 0. 0. 1.]
 [0. 0. 1. 0.]
 [0. 1. 0. 0.]
 [0. 0. 1. 0.]
 [1. 0. 0. 0.]
 [0. 0. 1. 0.]
 [0. 0. 1. 0.]
 [0. 0. 1. 0.]
 [0. 0. 1. 0.]
 [0. 1. 0. 0.]
 [0. 1. 0. 0.]
 [0. 0. 1. 0.]
 [1. 0. 0. 0.]
 [0. 0. 1. 0.]
 [0. 1. 0. 0.]
 [1. 0. 0. 0.]
 [1. 0. 0. 0.]
 [0. 1. 0. 0.]
 [0. 0. 0. 1.]
 [0. 1. 0. 0.]
 [1. 0. 0. 0.]
 [0. 1. 0. 0.]
 [0. 0. 0. 1.]
 [1. 0. 0. 0.]]
States:
[[0.1 0.8]
 [0.2 0.8]
 [0.2 0.7]
 [0.1 0.7]
 [0.1 0.8]
 [0.  0.8]
 [0.1 0.8]
 [0.  0.8]
 [0.  0.8]
 [0.  0.8]
 [0.  0.8]
 [0.  0.9]
 [0.  1. ]
 [0.  1. ]
 [0.1 1. ]
 [0.  1. ]
 [0.  1. ]
 [0.1 1. ]
 [0.2 1. ]
 [0.2 1. ]
 [0.2 0.9]
 [0.2 1. ]
 [0.3 1. ]
 [0.3 1. ]
 [0.3 0.9]]
Logstds:
[[0. 0. 0. 0.]
 [0. 0. 0. 0.]
 [0. 0. 0. 0.]
 [0. 0. 0. 0.]
 [0. 0. 0. 0.]
 [0. 0. 0. 0.]
 [0. 0. 0. 0.]
 [0. 0. 0. 0.]
 [0. 0. 0. 0.]
 [0. 0. 0. 0.]
 [0. 0. 0. 0.]
 [0. 0. 0. 0.]
 [0. 0. 0. 0.]
 [0. 0. 0. 0.]
 [0. 0. 0. 0.]
 [0. 0. 0. 0.]
 [0. 0. 0. 0.]
 [0. 0. 0. 0.]
 [0. 0. 0. 0.]
 [0. 0. 0. 0.]
 [0. 0. 0. 0.]
 [0. 0. 0. 0.]
 [0. 0. 0. 0.]
 [0. 0. 0. 0.]
 [0. 0. 0. 0.]]
