Baseline:
[-2.4041677 -2.3414867 -2.4041677 -2.4456325 -2.3834934 -2.3217807
 -2.3834934 -2.3217807 -2.2586782 -2.195362  -2.2390447 -2.2390447
 -2.195362  -2.2390447 -2.195362  -2.195362  -2.1522841 -2.1522841
 -2.2157602 -2.1522841 -2.1093333 -2.1740494 -2.1093333 -2.0676112
 -2.026407  -2.026407 ]
Returns:
[-17.51227698 -17.01311623 -16.62893131 -16.25148324 -15.64947434
 -15.05887391 -14.57911681 -13.93218178 -13.29374495 -12.66388357
 -12.20816148 -11.69121128 -11.04085401 -10.49970932  -9.78664142
  -9.01396858  -8.26153742  -7.44627136  -6.69653334  -5.75653868
  -4.87092074  -4.02323656  -2.97968368  -1.98556954  -0.97646344]
Advants:
[-12.17289971 -11.9401393  -11.7005267  -11.49356616 -11.16700737
 -10.85324468 -10.52847948 -10.16032239  -9.80275073  -9.45499666
  -9.17757594  -8.88553172  -8.50415896  -8.14573904  -7.70134542
  -7.14893359  -6.65666607  -6.05176421  -5.44168371  -4.75849429
  -4.09956352  -3.35833297  -2.53497407  -1.72184912  -0.87514305]
Mus:
[[0.25934857 0.30337563 0.22730306 0.20997274]
 [0.25953948 0.30044404 0.22928064 0.21073581]
 [0.25934857 0.30337563 0.22730306 0.20997274]
 [0.25929862 0.30494922 0.22654337 0.20920882]
 [0.25941777 0.30208194 0.22850005 0.21000017]
 [0.25988448 0.29883233 0.23036462 0.21091855]
 [0.25941777 0.30208194 0.22850005 0.21000017]
 [0.25988448 0.29883233 0.23036462 0.21091855]
 [0.26043135 0.2953836  0.23232113 0.21186392]
 [0.26112112 0.29140964 0.2347545  0.2127147 ]
 [0.26207826 0.29235667 0.23387787 0.2116872 ]
 [0.26207826 0.29235667 0.23387787 0.2116872 ]
 [0.26112112 0.29140964 0.2347545  0.2127147 ]
 [0.26207826 0.29235667 0.23387787 0.2116872 ]
 [0.26112112 0.29140964 0.2347545  0.2127147 ]
 [0.26112112 0.29140964 0.2347545  0.2127147 ]
 [0.26016685 0.29051405 0.23579814 0.21352105]
 [0.26016685 0.29051405 0.23579814 0.21352105]
 [0.259691   0.29433227 0.23337223 0.2126045 ]
 [0.26016685 0.29051405 0.23579814 0.21352105]
 [0.2596395  0.28929067 0.23689438 0.21417549]
 [0.2596946  0.292632   0.2344327  0.21324068]
 [0.2596395  0.28929067 0.23689438 0.21417549]
 [0.25979668 0.28729433 0.238097   0.21481194]
 [0.2595157  0.2845408  0.23981252 0.21613093]]
Actions:
[[0. 0. 0. 1.]
 [0. 1. 0. 0.]
 [1. 0. 0. 0.]
 [0. 0. 0. 1.]
 [0. 0. 0. 1.]
 [0. 1. 0. 0.]
 [0. 0. 0. 1.]
 [0. 0. 0. 1.]
 [0. 0. 0. 1.]
 [1. 0. 0. 0.]
 [1. 0. 0. 0.]
 [0. 0. 1. 0.]
 [1. 0. 0. 0.]
 [0. 0. 1. 0.]
 [0. 0. 0. 1.]
 [0. 0. 1. 0.]
 [0. 0. 0. 1.]
 [0. 1. 0. 0.]
 [0. 0. 0. 1.]
 [0. 0. 1. 0.]
 [0. 1. 0. 0.]
 [0. 0. 0. 1.]
 [0. 0. 1. 0.]
 [0. 0. 1. 0.]
 [0. 1. 0. 0.]]
States:
[[0.8 1. ]
 [0.8 0.9]
 [0.8 1. ]
 [0.9 1. ]
 [0.9 0.9]
 [0.9 0.8]
 [0.9 0.9]
 [0.9 0.8]
 [0.9 0.7]
 [0.9 0.6]
 [1.  0.6]
 [1.  0.6]
 [0.9 0.6]
 [1.  0.6]
 [0.9 0.6]
 [0.9 0.6]
 [0.8 0.6]
 [0.8 0.6]
 [0.8 0.7]
 [0.8 0.6]
 [0.7 0.6]
 [0.7 0.7]
 [0.7 0.6]
 [0.6 0.6]
 [0.5 0.6]]
Logstds:
[[0. 0. 0. 0.]
 [0. 0. 0. 0.]
 [0. 0. 0. 0.]
 [0. 0. 0. 0.]
 [0. 0. 0. 0.]
 [0. 0. 0. 0.]
 [0. 0. 0. 0.]
 [0. 0. 0. 0.]
 [0. 0. 0. 0.]
 [0. 0. 0. 0.]
 [0. 0. 0. 0.]
 [0. 0. 0. 0.]
 [0. 0. 0. 0.]
 [0. 0. 0. 0.]
 [0. 0. 0. 0.]
 [0. 0. 0. 0.]
 [0. 0. 0. 0.]
 [0. 0. 0. 0.]
 [0. 0. 0. 0.]
 [0. 0. 0. 0.]
 [0. 0. 0. 0.]
 [0. 0. 0. 0.]
 [0. 0. 0. 0.]
 [0. 0. 0. 0.]
 [0. 0. 0. 0.]]
