Baseline:
[-0.13657726 -0.1340506  -0.13657726 -0.1340506  -0.13064165 -0.1340506
 -0.13064165 -0.128685   -0.13034141 -0.128685   -0.12670933 -0.12670933
 -0.128685   -0.12670933 -0.12670933 -0.12799694 -0.12670933 -0.12670933
 -0.12670933 -0.12670933 -0.128685   -0.12670933 -0.12670933 -0.12799694
 -0.13034141 -0.13034141]
Returns:
[-8.29204613 -8.19857616 -8.07243342 -7.96740489 -7.83204924 -7.65691468
 -7.50521744 -7.32174423 -7.09290557 -6.79367039 -6.54933952 -6.26891599
 -5.95787103 -5.66955072 -5.34282252 -4.98513858 -4.54546117 -4.11422007
 -3.66028208 -3.22780289 -2.75669934 -2.29989631 -1.75046759 -1.20371234
 -0.59730536]
Advants:
[-6.19914763 -6.19096911 -6.14813554 -6.13561145 -6.09722668 -6.01469338
 -5.96600794 -5.88696518 -5.76054464 -5.56670279 -5.42942603 -5.25435942
 -5.0459897  -4.86435486 -4.64115141 -4.38342136 -4.04133909 -3.70127236
 -3.33223631 -2.97851598 -2.57627354 -2.18425051 -1.68598362 -1.17651111
 -0.5907883 ]
Mus:
[[0.26095232 0.2659188  0.25372934 0.2193995 ]
 [0.26121724 0.2664132  0.25312385 0.2192457 ]
 [0.26095232 0.2659188  0.25372934 0.2193995 ]
 [0.26121724 0.2664132  0.25312385 0.2192457 ]
 [0.2615571  0.2665519  0.25272617 0.21916476]
 [0.26121724 0.2664132  0.25312385 0.2192457 ]
 [0.2615571  0.2665519  0.25272617 0.21916476]
 [0.2614564  0.26650968 0.25328302 0.21875083]
 [0.26159337 0.27103916 0.25024092 0.2171265 ]
 [0.2614564  0.26650968 0.25328302 0.21875083]
 [0.26154423 0.2667453  0.25390416 0.21780635]
 [0.26154423 0.2667453  0.25390416 0.21780635]
 [0.2614564  0.26650968 0.25328302 0.21875083]
 [0.26154423 0.2667453  0.25390416 0.21780635]
 [0.26154423 0.2667453  0.25390416 0.21780635]
 [0.26139447 0.27110624 0.25089577 0.21660353]
 [0.26154423 0.2667453  0.25390416 0.21780635]
 [0.26154423 0.2667453  0.25390416 0.21780635]
 [0.26154423 0.2667453  0.25390416 0.21780635]
 [0.26154423 0.2667453  0.25390416 0.21780635]
 [0.2614564  0.26650968 0.25328302 0.21875083]
 [0.26154423 0.2667453  0.25390416 0.21780635]
 [0.26154423 0.2667453  0.25390416 0.21780635]
 [0.26139447 0.27110624 0.25089577 0.21660353]
 [0.26159337 0.27103916 0.25024092 0.2171265 ]]
Actions:
[[1. 0. 0. 0.]
 [0. 0. 1. 0.]
 [1. 0. 0. 0.]
 [1. 0. 0. 0.]
 [0. 0. 1. 0.]
 [1. 0. 0. 0.]
 [1. 0. 0. 0.]
 [0. 1. 0. 0.]
 [0. 0. 0. 1.]
 [1. 0. 0. 0.]
 [1. 0. 0. 0.]
 [0. 0. 1. 0.]
 [1. 0. 0. 0.]
 [1. 0. 0. 0.]
 [0. 1. 0. 0.]
 [0. 0. 0. 1.]
 [0. 0. 0. 1.]
 [0. 0. 0. 1.]
 [1. 0. 0. 0.]
 [0. 0. 1. 0.]
 [1. 0. 0. 0.]
 [0. 0. 0. 1.]
 [0. 1. 0. 0.]
 [0. 0. 1. 0.]
 [1. 0. 0. 0.]]
States:
[[0.6 0. ]
 [0.7 0. ]
 [0.6 0. ]
 [0.7 0. ]
 [0.8 0. ]
 [0.7 0. ]
 [0.8 0. ]
 [0.9 0. ]
 [0.9 0.1]
 [0.9 0. ]
 [1.  0. ]
 [1.  0. ]
 [0.9 0. ]
 [1.  0. ]
 [1.  0. ]
 [1.  0.1]
 [1.  0. ]
 [1.  0. ]
 [1.  0. ]
 [1.  0. ]
 [0.9 0. ]
 [1.  0. ]
 [1.  0. ]
 [1.  0.1]
 [0.9 0.1]]
Logstds:
[[0. 0. 0. 0.]
 [0. 0. 0. 0.]
 [0. 0. 0. 0.]
 [0. 0. 0. 0.]
 [0. 0. 0. 0.]
 [0. 0. 0. 0.]
 [0. 0. 0. 0.]
 [0. 0. 0. 0.]
 [0. 0. 0. 0.]
 [0. 0. 0. 0.]
 [0. 0. 0. 0.]
 [0. 0. 0. 0.]
 [0. 0. 0. 0.]
 [0. 0. 0. 0.]
 [0. 0. 0. 0.]
 [0. 0. 0. 0.]
 [0. 0. 0. 0.]
 [0. 0. 0. 0.]
 [0. 0. 0. 0.]
 [0. 0. 0. 0.]
 [0. 0. 0. 0.]
 [0. 0. 0. 0.]
 [0. 0. 0. 0.]
 [0. 0. 0. 0.]
 [0. 0. 0. 0.]]
