Baseline:
[-0.6848438  -0.6653417  -0.6848438  -0.6507116  -0.6848438  -0.71857035
 -0.69788355 -0.71857035 -0.71857035 -0.71857035 -0.69788355 -0.71857035
 -0.71857035 -0.71857035 -0.71857035 -0.71857035 -0.69788355 -0.6653417
 -0.63117963 -0.61242354 -0.57789093 -0.59702927 -0.63117963 -0.61242354
 -0.63117963 -0.63117963]
Returns:
[-13.2061874  -12.91585994 -12.6920857  -12.38505265 -12.07667209
 -11.71694004 -11.31245801 -10.96995357 -10.57483118 -10.09948661
  -9.60987545  -9.1777614   -8.68831311  -8.17310438  -7.57135313
  -6.93793077  -6.28192193  -5.63272634  -4.98821538  -4.34272156
  -3.70263549  -3.09425338  -2.36398046  -1.58036903  -0.82724631]
Advants:
[-9.7882401  -9.66347126 -9.57116973 -9.45366444 -9.26919193 -9.03506773
 -8.81231012 -8.61264215 -8.38275285 -8.07201566 -7.76721834 -7.47852194
 -7.15202012 -6.79770452 -6.35194152 -5.86820521 -5.37567146 -4.89489799
 -4.41312777 -3.9065384  -3.41264001 -2.88687834 -2.2092404  -1.51490805
 -0.79568738]
Mus:
[[0.25808397 0.2841792  0.266332   0.19140477]
 [0.25586447 0.28340423 0.2688695  0.19186173]
 [0.25808397 0.2841792  0.266332   0.19140477]
 [0.25764704 0.2824334  0.2675286  0.19239092]
 [0.25808397 0.2841792  0.266332   0.19140477]
 [0.25859162 0.28600055 0.2651427  0.19026516]
 [0.2565149  0.28498226 0.268045   0.19045782]
 [0.25859162 0.28600055 0.2651427  0.19026516]
 [0.25859162 0.28600055 0.2651427  0.19026516]
 [0.25859162 0.28600055 0.2651427  0.19026516]
 [0.2565149  0.28498226 0.268045   0.19045782]
 [0.25859162 0.28600055 0.2651427  0.19026516]
 [0.25859162 0.28600055 0.2651427  0.19026516]
 [0.25859162 0.28600055 0.2651427  0.19026516]
 [0.25859162 0.28600055 0.2651427  0.19026516]
 [0.25859162 0.28600055 0.2651427  0.19026516]
 [0.2565149  0.28498226 0.268045   0.19045782]
 [0.25586447 0.28340423 0.2688695  0.19186173]
 [0.25507787 0.28148353 0.27006966 0.1933689 ]
 [0.2527904  0.28029448 0.273075   0.1938401 ]
 [0.25160366 0.27844897 0.27444822 0.19549908]
 [0.2541132  0.27939978 0.27173036 0.19475664]
 [0.25507787 0.28148353 0.27006966 0.1933689 ]
 [0.2527904  0.28029448 0.273075   0.1938401 ]
 [0.25507787 0.28148353 0.27006966 0.1933689 ]]
Actions:
[[0. 0. 1. 0.]
 [1. 0. 0. 0.]
 [0. 0. 0. 1.]
 [0. 1. 0. 0.]
 [0. 1. 0. 0.]
 [0. 0. 1. 0.]
 [1. 0. 0. 0.]
 [1. 0. 0. 0.]
 [0. 1. 0. 0.]
 [0. 0. 1. 0.]
 [1. 0. 0. 0.]
 [1. 0. 0. 0.]
 [1. 0. 0. 0.]
 [0. 1. 0. 0.]
 [0. 1. 0. 0.]
 [0. 0. 1. 0.]
 [0. 0. 0. 1.]
 [0. 0. 0. 1.]
 [0. 0. 1. 0.]
 [0. 0. 0. 1.]
 [1. 0. 0. 0.]
 [0. 1. 0. 0.]
 [0. 0. 1. 0.]
 [1. 0. 0. 0.]
 [1. 0. 0. 0.]]
States:
[[0.4 0.9]
 [0.3 0.9]
 [0.4 0.9]
 [0.4 0.8]
 [0.4 0.9]
 [0.4 1. ]
 [0.3 1. ]
 [0.4 1. ]
 [0.4 1. ]
 [0.4 1. ]
 [0.3 1. ]
 [0.4 1. ]
 [0.4 1. ]
 [0.4 1. ]
 [0.4 1. ]
 [0.4 1. ]
 [0.3 1. ]
 [0.3 0.9]
 [0.3 0.8]
 [0.2 0.8]
 [0.2 0.7]
 [0.3 0.7]
 [0.3 0.8]
 [0.2 0.8]
 [0.3 0.8]]
Logstds:
[[0. 0. 0. 0.]
 [0. 0. 0. 0.]
 [0. 0. 0. 0.]
 [0. 0. 0. 0.]
 [0. 0. 0. 0.]
 [0. 0. 0. 0.]
 [0. 0. 0. 0.]
 [0. 0. 0. 0.]
 [0. 0. 0. 0.]
 [0. 0. 0. 0.]
 [0. 0. 0. 0.]
 [0. 0. 0. 0.]
 [0. 0. 0. 0.]
 [0. 0. 0. 0.]
 [0. 0. 0. 0.]
 [0. 0. 0. 0.]
 [0. 0. 0. 0.]
 [0. 0. 0. 0.]
 [0. 0. 0. 0.]
 [0. 0. 0. 0.]
 [0. 0. 0. 0.]
 [0. 0. 0. 0.]
 [0. 0. 0. 0.]
 [0. 0. 0. 0.]
 [0. 0. 0. 0.]]
