Baseline:
[-0.75245005 -0.78186697 -0.80165476 -0.83044255 -0.83044255 -0.83044255
 -0.86052096 -0.8947893  -0.91177374 -0.9466631  -0.9631637  -0.9986344
 -0.98546845 -0.97188735 -0.9333329  -0.9466631  -0.91177374 -0.9466631
 -0.9333329  -0.8947893  -0.8810702  -0.8435664  -0.81081027 -0.83044255
 -0.83044255 -0.83044255]
Returns:
[-10.62709444 -10.56936759 -10.48929202 -10.36074964 -10.20475599
 -10.04055214  -9.85456906  -9.62222004  -9.36410188  -9.03502451
  -8.68248399  -8.2444508   -7.72839884  -7.21834652  -6.66788614
  -6.22107832  -5.62554791  -5.09970454  -4.48648099  -3.83138961
  -3.22033325  -2.57164393  -1.92920094  -1.3620106   -0.73239911]
Advants:
[-7.65157993 -7.67776583 -7.69779769 -7.66571045 -7.64080434 -7.61377655
 -7.53989428 -7.41932221 -7.29419769 -7.08172864 -6.86567721 -6.54355123
 -6.18938547 -5.83894875 -5.46968549 -5.15011044 -4.72466701 -4.29330684
 -3.81525348 -3.31185655 -2.81883462 -2.30194821 -1.7757372  -1.26135237
 -0.69087696]
Mus:
[[0.25660288 0.26619866 0.25651392 0.22068462]
 [0.2568896  0.2685498  0.25433213 0.22022846]
 [0.25818747 0.26841703 0.25346765 0.21992788]
 [0.25845334 0.27101848 0.25122532 0.21930292]
 [0.25845334 0.27101848 0.25122532 0.21930292]
 [0.25845334 0.27101848 0.25122532 0.21930292]
 [0.25798878 0.27386254 0.2495488  0.21859986]
 [0.2583469  0.2762402  0.24751526 0.21789771]
 [0.25890708 0.27817583 0.24605037 0.21686669]
 [0.25942633 0.28104374 0.242887   0.21664292]
 [0.25983584 0.28368637 0.24090892 0.21556887]
 [0.25979668 0.28729433 0.238097   0.21481194]
 [0.2595157  0.2845408  0.23981252 0.21613093]
 [0.25861856 0.28220642 0.2415794  0.21759559]
 [0.25882447 0.2787865  0.24464741 0.21774161]
 [0.25942633 0.28104374 0.242887   0.21664292]
 [0.25890708 0.27817583 0.24605037 0.21686669]
 [0.25942633 0.28104374 0.242887   0.21664292]
 [0.25882447 0.2787865  0.24464741 0.21774161]
 [0.2583469  0.2762402  0.24751526 0.21789771]
 [0.2577019  0.27532676 0.24815924 0.21881211]
 [0.2574822  0.27274606 0.2502805  0.21949127]
 [0.2570938  0.27074558 0.25239378 0.2197668 ]
 [0.25845334 0.27101848 0.25122532 0.21930292]
 [0.25845334 0.27101848 0.25122532 0.21930292]]
Actions:
[[0. 1. 0. 0.]
 [1. 0. 0. 0.]
 [0. 1. 0. 0.]
 [1. 0. 0. 0.]
 [1. 0. 0. 0.]
 [0. 1. 0. 0.]
 [0. 1. 0. 0.]
 [1. 0. 0. 0.]
 [0. 1. 0. 0.]
 [1. 0. 0. 0.]
 [0. 1. 0. 0.]
 [0. 0. 1. 0.]
 [0. 0. 1. 0.]
 [0. 0. 0. 1.]
 [1. 0. 0. 0.]
 [0. 0. 0. 1.]
 [0. 1. 0. 0.]
 [0. 0. 1. 0.]
 [0. 0. 0. 1.]
 [0. 0. 1. 0.]
 [0. 0. 0. 1.]
 [0. 0. 0. 1.]
 [1. 0. 0. 0.]
 [1. 0. 0. 0.]
 [0. 0. 0. 1.]]
States:
[[0.3 0. ]
 [0.3 0.1]
 [0.4 0.1]
 [0.4 0.2]
 [0.4 0.2]
 [0.4 0.2]
 [0.4 0.3]
 [0.4 0.4]
 [0.5 0.4]
 [0.5 0.5]
 [0.6 0.5]
 [0.6 0.6]
 [0.5 0.6]
 [0.4 0.6]
 [0.4 0.5]
 [0.5 0.5]
 [0.5 0.4]
 [0.5 0.5]
 [0.4 0.5]
 [0.4 0.4]
 [0.3 0.4]
 [0.3 0.3]
 [0.3 0.2]
 [0.4 0.2]
 [0.4 0.2]]
Logstds:
[[0. 0. 0. 0.]
 [0. 0. 0. 0.]
 [0. 0. 0. 0.]
 [0. 0. 0. 0.]
 [0. 0. 0. 0.]
 [0. 0. 0. 0.]
 [0. 0. 0. 0.]
 [0. 0. 0. 0.]
 [0. 0. 0. 0.]
 [0. 0. 0. 0.]
 [0. 0. 0. 0.]
 [0. 0. 0. 0.]
 [0. 0. 0. 0.]
 [0. 0. 0. 0.]
 [0. 0. 0. 0.]
 [0. 0. 0. 0.]
 [0. 0. 0. 0.]
 [0. 0. 0. 0.]
 [0. 0. 0. 0.]
 [0. 0. 0. 0.]
 [0. 0. 0. 0.]
 [0. 0. 0. 0.]
 [0. 0. 0. 0.]
 [0. 0. 0. 0.]
 [0. 0. 0. 0.]]
