Baseline:
[1.0433625  1.0433625  0.99970734 0.9906596  0.9469036  0.9562116
 0.99970734 1.0122963  1.0552553  1.0552553  1.0552553  1.0433625
 1.0433625  1.0344234  0.9906596  0.9469036  0.9562116  0.9469036
 0.9469036  0.9031966  0.9469036  0.9469036  0.9031966  0.91290265
 0.9269764  0.9269764 ]
Returns:
[-1.86748057 -1.76638734 -1.74303845 -1.71833055 -1.71918121 -1.69693912
 -1.61311765 -1.55927252 -1.44247557 -1.30651945 -1.16340776 -1.07919513
 -0.93661319 -0.85332116 -0.79440076 -0.74662354 -0.67319421 -0.6081658
 -0.55420732 -0.50816773 -0.38940918 -0.32393719 -0.26577812 -0.18072248
 -0.07973194]
Advants:
[-2.07666673 -1.99141184 -1.93952308 -1.92112631 -1.8935613  -1.89687432
 -1.87293254 -1.84818006 -1.78996804 -1.6667642  -1.53306497 -1.44420147
 -1.30506864 -1.21372789 -1.10883416 -1.01207226 -0.9402937  -0.85534868
 -0.78820908 -0.68138283 -0.5854755  -0.49534616 -0.36357174 -0.25343562
 -0.12608075]
Mus:
[[0.25180733 0.2815765  0.27556732 0.19104876]
 [0.25180733 0.2815765  0.27556732 0.19104876]
 [0.2516098  0.28013137 0.27568707 0.19257182]
 [0.24847582 0.2775015  0.280943   0.19307972]
 [0.24768008 0.27621937 0.2814319  0.19466865]
 [0.25051224 0.2786596  0.2766165  0.19421163]
 [0.2516098  0.28013137 0.27568707 0.19257182]
 [0.25390837 0.2820259  0.27197886 0.19208688]
 [0.2544932  0.28347293 0.2713463  0.19068755]
 [0.2544932  0.28347293 0.2713463  0.19068755]
 [0.2544932  0.28347293 0.2713463  0.19068755]
 [0.25180733 0.2815765  0.27556732 0.19104876]
 [0.25180733 0.2815765  0.27556732 0.19104876]
 [0.24891886 0.2795183  0.28047144 0.19109136]
 [0.24847582 0.2775015  0.280943   0.19307972]
 [0.24768008 0.27621937 0.2814319  0.19466865]
 [0.25051224 0.2786596  0.2766165  0.19421163]
 [0.24768008 0.27621937 0.2814319  0.19466865]
 [0.24768008 0.27621937 0.2814319  0.19466865]
 [0.24626715 0.27472165 0.2823628  0.19664836]
 [0.24768008 0.27621937 0.2814319  0.19466865]
 [0.24768008 0.27621937 0.2814319  0.19466865]
 [0.24626715 0.27472165 0.2823628  0.19664836]
 [0.24924172 0.27718598 0.2775636  0.19600873]
 [0.25160366 0.27844897 0.27444822 0.19549908]]
Actions:
[[0. 1. 0. 0.]
 [0. 0. 0. 1.]
 [0. 0. 1. 0.]
 [0. 0. 0. 1.]
 [1. 0. 0. 0.]
 [0. 1. 0. 0.]
 [1. 0. 0. 0.]
 [0. 1. 0. 0.]
 [0. 1. 0. 0.]
 [0. 1. 0. 0.]
 [0. 0. 1. 0.]
 [0. 1. 0. 0.]
 [0. 0. 1. 0.]
 [0. 0. 0. 1.]
 [0. 0. 0. 1.]
 [1. 0. 0. 0.]
 [0. 0. 1. 0.]
 [0. 0. 1. 0.]
 [0. 0. 0. 1.]
 [0. 1. 0. 0.]
 [0. 0. 1. 0.]
 [0. 0. 0. 1.]
 [1. 0. 0. 0.]
 [1. 0. 0. 0.]
 [0. 0. 0. 1.]]
States:
[[0.1 1. ]
 [0.1 1. ]
 [0.1 0.9]
 [0.  0.9]
 [0.  0.8]
 [0.1 0.8]
 [0.1 0.9]
 [0.2 0.9]
 [0.2 1. ]
 [0.2 1. ]
 [0.2 1. ]
 [0.1 1. ]
 [0.1 1. ]
 [0.  1. ]
 [0.  0.9]
 [0.  0.8]
 [0.1 0.8]
 [0.  0.8]
 [0.  0.8]
 [0.  0.7]
 [0.  0.8]
 [0.  0.8]
 [0.  0.7]
 [0.1 0.7]
 [0.2 0.7]]
Logstds:
[[0. 0. 0. 0.]
 [0. 0. 0. 0.]
 [0. 0. 0. 0.]
 [0. 0. 0. 0.]
 [0. 0. 0. 0.]
 [0. 0. 0. 0.]
 [0. 0. 0. 0.]
 [0. 0. 0. 0.]
 [0. 0. 0. 0.]
 [0. 0. 0. 0.]
 [0. 0. 0. 0.]
 [0. 0. 0. 0.]
 [0. 0. 0. 0.]
 [0. 0. 0. 0.]
 [0. 0. 0. 0.]
 [0. 0. 0. 0.]
 [0. 0. 0. 0.]
 [0. 0. 0. 0.]
 [0. 0. 0. 0.]
 [0. 0. 0. 0.]
 [0. 0. 0. 0.]
 [0. 0. 0. 0.]
 [0. 0. 0. 0.]
 [0. 0. 0. 0.]
 [0. 0. 0. 0.]]
