Baseline:
[0.84500396 0.8625703  0.8326917  0.8025444  0.7771412  0.75836253
 0.7839201  0.76554066 0.7839201  0.8025444  0.8025444  0.7771412
 0.7771412  0.75836253 0.7771412  0.7771412  0.7771412  0.8025444
 0.7771412  0.8025444  0.7771412  0.75836253 0.75836253 0.75836253
 0.7396612  0.7396612 ]
Returns:
[-2.38994366 -2.32141514 -2.22838936 -2.14659413 -2.0767938  -2.03068496
 -1.96475031 -1.9111375  -1.85208638 -1.78126393 -1.69775321 -1.60432968
 -1.52297846 -1.44772144 -1.36760293 -1.27319322 -1.17441376 -1.05263907
 -0.92526216 -0.79037423 -0.64919391 -0.52794823 -0.40001553 -0.26534952
 -0.13743615]
Advants:
[-2.35574378 -2.32835841 -2.22723819 -2.13547338 -2.05922205 -2.01289433
 -1.99140936 -1.93769202 -1.91559416 -1.88193771 -1.8159654  -1.71249608
 -1.64529451 -1.56370547 -1.51397553 -1.42924484 -1.33791389 -1.24664485
 -1.09467671 -0.98268697 -0.80823301 -0.65533705 -0.50947956 -0.35119688
 -0.17441922]
Mus:
[[0.26145628 0.28072163 0.24355027 0.2142718 ]
 [0.2616318  0.28082067 0.24340923 0.21413825]
 [0.26108986 0.27594823 0.24766493 0.21529701]
 [0.26139447 0.27110624 0.25089577 0.21660353]
 [0.26154423 0.2667453  0.25390416 0.21780635]
 [0.2614564  0.26650968 0.25328302 0.21875083]
 [0.26159337 0.27103916 0.25024092 0.2171265 ]
 [0.26190236 0.27079847 0.2499197  0.21737947]
 [0.26159337 0.27103916 0.25024092 0.2171265 ]
 [0.26139447 0.27110624 0.25089577 0.21660353]
 [0.26139447 0.27110624 0.25089577 0.21660353]
 [0.26154423 0.2667453  0.25390416 0.21780635]
 [0.26154423 0.2667453  0.25390416 0.21780635]
 [0.2614564  0.26650968 0.25328302 0.21875083]
 [0.26154423 0.2667453  0.25390416 0.21780635]
 [0.26154423 0.2667453  0.25390416 0.21780635]
 [0.26154423 0.2667453  0.25390416 0.21780635]
 [0.26139447 0.27110624 0.25089577 0.21660353]
 [0.26154423 0.2667453  0.25390416 0.21780635]
 [0.26139447 0.27110624 0.25089577 0.21660353]
 [0.26154423 0.2667453  0.25390416 0.21780635]
 [0.2614564  0.26650968 0.25328302 0.21875083]
 [0.2614564  0.26650968 0.25328302 0.21875083]
 [0.2614564  0.26650968 0.25328302 0.21875083]
 [0.2615571  0.2665519  0.25272617 0.21916476]]
Actions:
[[1. 0. 0. 0.]
 [0. 0. 0. 1.]
 [0. 0. 0. 1.]
 [0. 0. 0. 1.]
 [0. 0. 1. 0.]
 [0. 1. 0. 0.]
 [0. 0. 1. 0.]
 [1. 0. 0. 0.]
 [1. 0. 0. 0.]
 [1. 0. 0. 0.]
 [0. 0. 0. 1.]
 [1. 0. 0. 0.]
 [0. 0. 1. 0.]
 [1. 0. 0. 0.]
 [0. 0. 0. 1.]
 [1. 0. 0. 0.]
 [0. 1. 0. 0.]
 [0. 0. 0. 1.]
 [0. 1. 0. 0.]
 [0. 0. 0. 1.]
 [0. 0. 1. 0.]
 [0. 0. 0. 1.]
 [0. 0. 0. 1.]
 [0. 0. 1. 0.]
 [0. 0. 0. 1.]]
States:
[[0.9 0.3]
 [1.  0.3]
 [1.  0.2]
 [1.  0.1]
 [1.  0. ]
 [0.9 0. ]
 [0.9 0.1]
 [0.8 0.1]
 [0.9 0.1]
 [1.  0.1]
 [1.  0.1]
 [1.  0. ]
 [1.  0. ]
 [0.9 0. ]
 [1.  0. ]
 [1.  0. ]
 [1.  0. ]
 [1.  0.1]
 [1.  0. ]
 [1.  0.1]
 [1.  0. ]
 [0.9 0. ]
 [0.9 0. ]
 [0.9 0. ]
 [0.8 0. ]]
Logstds:
[[0. 0. 0. 0.]
 [0. 0. 0. 0.]
 [0. 0. 0. 0.]
 [0. 0. 0. 0.]
 [0. 0. 0. 0.]
 [0. 0. 0. 0.]
 [0. 0. 0. 0.]
 [0. 0. 0. 0.]
 [0. 0. 0. 0.]
 [0. 0. 0. 0.]
 [0. 0. 0. 0.]
 [0. 0. 0. 0.]
 [0. 0. 0. 0.]
 [0. 0. 0. 0.]
 [0. 0. 0. 0.]
 [0. 0. 0. 0.]
 [0. 0. 0. 0.]
 [0. 0. 0. 0.]
 [0. 0. 0. 0.]
 [0. 0. 0. 0.]
 [0. 0. 0. 0.]
 [0. 0. 0. 0.]
 [0. 0. 0. 0.]
 [0. 0. 0. 0.]
 [0. 0. 0. 0.]]
