Baseline:
[-0.13250682 -0.13250682 -0.12799694 -0.12799694 -0.12670933 -0.12799694
 -0.13250682 -0.13646212 -0.13947457 -0.13646212 -0.13250682 -0.13474128
 -0.13689801 -0.13935325 -0.14224707 -0.13864255 -0.14224707 -0.14530633
 -0.14224707 -0.14224707 -0.13864255 -0.14224707 -0.13935325 -0.143289
 -0.14599317 -0.14599317]
Returns:
[-9.14678011 -8.94887715 -8.68668097 -8.4919703  -8.23686299 -8.03149697
 -7.77974194 -7.47905047 -7.1424726  -6.83641732 -6.43106216 -6.07018753
 -5.71765482 -5.37337886 -5.03712031 -4.68401467 -4.35874442 -3.9848424
 -3.54548528 -3.13814329 -2.68509148 -2.25461475 -1.79220662 -1.25655498
 -0.66019863]
Advants:
[-7.00474833 -6.90833083 -6.75280552 -6.66293667 -6.51503992 -6.41694117
 -6.27055287 -6.07572078 -5.84479717 -5.65030556 -5.35428963 -5.09431175
 -4.84056911 -4.59266055 -4.35025991 -4.09494325 -3.85810486 -3.56936168
 -3.21530325 -2.88460822 -2.5044368  -2.13210763 -1.72539414 -1.22641716
 -0.65289897]
Mus:
[[0.26108986 0.27594823 0.24766493 0.21529701]
 [0.26108986 0.27594823 0.24766493 0.21529701]
 [0.26139447 0.27110624 0.25089577 0.21660353]
 [0.26139447 0.27110624 0.25089577 0.21660353]
 [0.26154423 0.2667453  0.25390416 0.21780635]
 [0.26139447 0.27110624 0.25089577 0.21660353]
 [0.26108986 0.27594823 0.24766493 0.21529701]
 [0.2616318  0.28082067 0.24340923 0.21413825]
 [0.26145628 0.28072163 0.24355027 0.2142718 ]
 [0.2616318  0.28082067 0.24340923 0.21413825]
 [0.26108986 0.27594823 0.24766493 0.21529701]
 [0.261404   0.2761095  0.24711935 0.2153671 ]
 [0.26139328 0.27560148 0.24711154 0.21589369]
 [0.26097056 0.27460286 0.24770978 0.21671683]
 [0.2602806  0.27327022 0.24897115 0.21747795]
 [0.26117095 0.26926658 0.25090307 0.21865943]
 [0.2602806  0.27327022 0.24897115 0.21747795]
 [0.25950196 0.2771861  0.24672976 0.21658213]
 [0.2602806  0.27327022 0.24897115 0.21747795]
 [0.2602806  0.27327022 0.24897115 0.21747795]
 [0.26117095 0.26926658 0.25090307 0.21865943]
 [0.2602806  0.27327022 0.24897115 0.21747795]
 [0.26097056 0.27460286 0.24770978 0.21671683]
 [0.26020825 0.27856544 0.24543029 0.21579607]
 [0.260012   0.28206024 0.24247386 0.21545391]]
Actions:
[[1. 0. 0. 0.]
 [0. 0. 0. 1.]
 [1. 0. 0. 0.]
 [0. 0. 0. 1.]
 [0. 1. 0. 0.]
 [0. 1. 0. 0.]
 [0. 1. 0. 0.]
 [0. 0. 1. 0.]
 [1. 0. 0. 0.]
 [0. 0. 0. 1.]
 [0. 0. 1. 0.]
 [0. 0. 1. 0.]
 [0. 0. 1. 0.]
 [0. 0. 1. 0.]
 [0. 0. 0. 1.]
 [0. 1. 0. 0.]
 [0. 1. 0. 0.]
 [0. 0. 0. 1.]
 [0. 0. 1. 0.]
 [0. 0. 0. 1.]
 [0. 1. 0. 0.]
 [1. 0. 0. 0.]
 [0. 1. 0. 0.]
 [0. 1. 0. 0.]
 [0. 1. 0. 0.]]
States:
[[1.  0.2]
 [1.  0.2]
 [1.  0.1]
 [1.  0.1]
 [1.  0. ]
 [1.  0.1]
 [1.  0.2]
 [1.  0.3]
 [0.9 0.3]
 [1.  0.3]
 [1.  0.2]
 [0.9 0.2]
 [0.8 0.2]
 [0.7 0.2]
 [0.6 0.2]
 [0.6 0.1]
 [0.6 0.2]
 [0.6 0.3]
 [0.6 0.2]
 [0.6 0.2]
 [0.6 0.1]
 [0.6 0.2]
 [0.7 0.2]
 [0.7 0.3]
 [0.7 0.4]]
Logstds:
[[0. 0. 0. 0.]
 [0. 0. 0. 0.]
 [0. 0. 0. 0.]
 [0. 0. 0. 0.]
 [0. 0. 0. 0.]
 [0. 0. 0. 0.]
 [0. 0. 0. 0.]
 [0. 0. 0. 0.]
 [0. 0. 0. 0.]
 [0. 0. 0. 0.]
 [0. 0. 0. 0.]
 [0. 0. 0. 0.]
 [0. 0. 0. 0.]
 [0. 0. 0. 0.]
 [0. 0. 0. 0.]
 [0. 0. 0. 0.]
 [0. 0. 0. 0.]
 [0. 0. 0. 0.]
 [0. 0. 0. 0.]
 [0. 0. 0. 0.]
 [0. 0. 0. 0.]
 [0. 0. 0. 0.]
 [0. 0. 0. 0.]
 [0. 0. 0. 0.]
 [0. 0. 0. 0.]]
