Baseline:
[-3.175898  -3.2555225 -3.3482354 -3.2555225 -3.3349774 -3.2437544
 -3.1597908 -3.0831118 -3.0831118 -3.0831118 -3.0831118 -3.1597908
 -3.2437544 -3.1643689 -3.0780466 -3.000497  -2.917848  -3.000497
 -2.917848  -3.000497  -3.000497  -3.0831118 -3.000497  -3.0780466
 -3.000497  -3.000497 ]
Returns:
[-15.05145504 -14.83842369 -14.5430449  -14.02644431 -13.72325583
 -13.1694349  -12.63278722 -12.11586726 -11.6182582  -11.09445919
 -10.54309182 -10.12473192  -9.63736211  -8.99508901  -8.27981668
  -7.57483338  -6.95595213  -6.43487951  -5.75600069  -5.17177273
  -4.34969489  -3.65553635  -2.79079455  -2.00206989  -0.96667886]
Advants:
[-9.85322538 -9.74652684 -9.54823059 -9.31719698 -9.13200222 -8.8693653
 -8.61967596 -8.386107   -8.09738578 -7.78406922 -7.4440621  -7.16307765
 -6.80636331 -6.45896884 -6.04441676 -5.63023997 -5.30884697 -4.91959444
 -4.53766355 -4.08271607 -3.46519641 -2.88638307 -2.29488997 -1.60869726
 -0.81665397]
Mus:
[[0.26020825 0.27856544 0.24543029 0.21579607]
 [0.2609231  0.27987248 0.24427333 0.21493107]
 [0.26083913 0.28319848 0.24141394 0.21454845]
 [0.2609231  0.27987248 0.24427333 0.21493107]
 [0.26145628 0.28072163 0.24355027 0.2142718 ]
 [0.261404   0.2761095  0.24711935 0.2153671 ]
 [0.26159337 0.27103916 0.25024092 0.2171265 ]
 [0.2614564  0.26650968 0.25328302 0.21875083]
 [0.2614564  0.26650968 0.25328302 0.21875083]
 [0.2614564  0.26650968 0.25328302 0.21875083]
 [0.2614564  0.26650968 0.25328302 0.21875083]
 [0.26159337 0.27103916 0.25024092 0.2171265 ]
 [0.261404   0.2761095  0.24711935 0.2153671 ]
 [0.26139328 0.27560148 0.24711154 0.21589369]
 [0.26190236 0.27079847 0.2499197  0.21737947]
 [0.2615571  0.2665519  0.25272617 0.21916476]
 [0.26121724 0.2664132  0.25312385 0.2192457 ]
 [0.2615571  0.2665519  0.25272617 0.21916476]
 [0.26121724 0.2664132  0.25312385 0.2192457 ]
 [0.2615571  0.2665519  0.25272617 0.21916476]
 [0.2615571  0.2665519  0.25272617 0.21916476]
 [0.2614564  0.26650968 0.25328302 0.21875083]
 [0.2615571  0.2665519  0.25272617 0.21916476]
 [0.26190236 0.27079847 0.2499197  0.21737947]
 [0.2615571  0.2665519  0.25272617 0.21916476]]
Actions:
[[1. 0. 0. 0.]
 [0. 1. 0. 0.]
 [0. 0. 0. 1.]
 [1. 0. 0. 0.]
 [0. 0. 0. 1.]
 [0. 0. 0. 1.]
 [0. 0. 0. 1.]
 [0. 0. 0. 1.]
 [0. 0. 0. 1.]
 [0. 0. 0. 1.]
 [0. 1. 0. 0.]
 [0. 1. 0. 0.]
 [0. 0. 1. 0.]
 [0. 0. 0. 1.]
 [0. 0. 0. 1.]
 [0. 0. 1. 0.]
 [1. 0. 0. 0.]
 [0. 0. 1. 0.]
 [1. 0. 0. 0.]
 [0. 0. 0. 1.]
 [1. 0. 0. 0.]
 [0. 0. 1. 0.]
 [0. 1. 0. 0.]
 [0. 0. 0. 1.]
 [0. 0. 1. 0.]]
States:
[[0.7 0.3]
 [0.8 0.3]
 [0.8 0.4]
 [0.8 0.3]
 [0.9 0.3]
 [0.9 0.2]
 [0.9 0.1]
 [0.9 0. ]
 [0.9 0. ]
 [0.9 0. ]
 [0.9 0. ]
 [0.9 0.1]
 [0.9 0.2]
 [0.8 0.2]
 [0.8 0.1]
 [0.8 0. ]
 [0.7 0. ]
 [0.8 0. ]
 [0.7 0. ]
 [0.8 0. ]
 [0.8 0. ]
 [0.9 0. ]
 [0.8 0. ]
 [0.8 0.1]
 [0.8 0. ]]
Logstds:
[[0. 0. 0. 0.]
 [0. 0. 0. 0.]
 [0. 0. 0. 0.]
 [0. 0. 0. 0.]
 [0. 0. 0. 0.]
 [0. 0. 0. 0.]
 [0. 0. 0. 0.]
 [0. 0. 0. 0.]
 [0. 0. 0. 0.]
 [0. 0. 0. 0.]
 [0. 0. 0. 0.]
 [0. 0. 0. 0.]
 [0. 0. 0. 0.]
 [0. 0. 0. 0.]
 [0. 0. 0. 0.]
 [0. 0. 0. 0.]
 [0. 0. 0. 0.]
 [0. 0. 0. 0.]
 [0. 0. 0. 0.]
 [0. 0. 0. 0.]
 [0. 0. 0. 0.]
 [0. 0. 0. 0.]
 [0. 0. 0. 0.]
 [0. 0. 0. 0.]
 [0. 0. 0. 0.]]
