Baseline:
[-0.61646    -0.61646    -0.5873058  -0.61646    -0.5873058  -0.5873058
 -0.5572868  -0.5393749  -0.5572868  -0.5572868  -0.5393749  -0.5572868
 -0.5270136  -0.5270136  -0.5270136  -0.50926673 -0.5393749  -0.5703163
 -0.5393749  -0.5572868  -0.5873058  -0.61646    -0.5873058  -0.5873058
 -0.5703163  -0.5703163 ]
Returns:
[-12.99919866 -12.69367204 -12.36754854 -12.01424506 -11.65236225
 -11.31019514 -10.94890135 -10.5693078  -10.24160441  -9.8595952
  -9.42266974  -9.03461699  -8.59148644  -8.15839346  -7.70250611
  -7.19029444  -6.67167801  -6.09245602  -5.49608052  -4.90136517
  -4.19097054  -3.40732085  -2.59244203  -1.77343701  -0.87240249]
Advants:
[-9.65079215 -9.48606075 -9.33269601 -9.09424738 -8.90750516 -8.713178
 -8.5320916  -8.32220663 -8.13062989 -7.90396663 -7.64057346 -7.3909303
 -7.13494228 -6.85868732 -6.55889897 -6.21853802 -5.82007419 -5.35410063
 -4.92765193 -4.4469026  -3.82670192 -3.11921311 -2.42347448 -1.67679093
 -0.84388661]
Mus:
[[0.27479967 0.26894513 0.26138732 0.19486786]
 [0.27479967 0.26894513 0.26138732 0.19486786]
 [0.2746262  0.26567322 0.26405904 0.19564156]
 [0.27479967 0.26894513 0.26138732 0.19486786]
 [0.2746262  0.26567322 0.26405904 0.19564156]
 [0.2746262  0.26567322 0.26405904 0.19564156]
 [0.27411455 0.26293564 0.2663685  0.19658132]
 [0.2727185  0.26373005 0.26669902 0.1968524 ]
 [0.27411455 0.26293564 0.2663685  0.19658132]
 [0.27411455 0.26293564 0.2663685  0.19658132]
 [0.2727185  0.26373005 0.26669902 0.1968524 ]
 [0.27411455 0.26293564 0.2663685  0.19658132]
 [0.27337047 0.26058477 0.26844305 0.19760163]
 [0.27337047 0.26058477 0.26844305 0.19760163]
 [0.27337047 0.26058477 0.26844305 0.19760163]
 [0.2716644  0.26121718 0.26908854 0.1980299 ]
 [0.2727185  0.26373005 0.26669902 0.1968524 ]
 [0.2730036  0.26691929 0.26429424 0.19578291]
 [0.2727185  0.26373005 0.26669902 0.1968524 ]
 [0.27411455 0.26293564 0.2663685  0.19658132]
 [0.2746262  0.26567322 0.26405904 0.19564156]
 [0.27479967 0.26894513 0.26138732 0.19486786]
 [0.2746262  0.26567322 0.26405904 0.19564156]
 [0.2746262  0.26567322 0.26405904 0.19564156]
 [0.2730036  0.26691929 0.26429424 0.19578291]]
Actions:
[[1. 0. 0. 0.]
 [0. 0. 0. 1.]
 [0. 1. 0. 0.]
 [0. 0. 0. 1.]
 [1. 0. 0. 0.]
 [0. 0. 0. 1.]
 [0. 0. 1. 0.]
 [1. 0. 0. 0.]
 [1. 0. 0. 0.]
 [0. 0. 1. 0.]
 [1. 0. 0. 0.]
 [0. 0. 0. 1.]
 [1. 0. 0. 0.]
 [1. 0. 0. 0.]
 [0. 0. 1. 0.]
 [0. 1. 0. 0.]
 [0. 1. 0. 0.]
 [0. 0. 0. 1.]
 [1. 0. 0. 0.]
 [0. 1. 0. 0.]
 [0. 1. 0. 0.]
 [0. 0. 0. 1.]
 [1. 0. 0. 0.]
 [0. 0. 1. 0.]
 [1. 0. 0. 0.]]
States:
[[1.  0.4]
 [1.  0.4]
 [1.  0.3]
 [1.  0.4]
 [1.  0.3]
 [1.  0.3]
 [1.  0.2]
 [0.9 0.2]
 [1.  0.2]
 [1.  0.2]
 [0.9 0.2]
 [1.  0.2]
 [1.  0.1]
 [1.  0.1]
 [1.  0.1]
 [0.9 0.1]
 [0.9 0.2]
 [0.9 0.3]
 [0.9 0.2]
 [1.  0.2]
 [1.  0.3]
 [1.  0.4]
 [1.  0.3]
 [1.  0.3]
 [0.9 0.3]]
Logstds:
[[0. 0. 0. 0.]
 [0. 0. 0. 0.]
 [0. 0. 0. 0.]
 [0. 0. 0. 0.]
 [0. 0. 0. 0.]
 [0. 0. 0. 0.]
 [0. 0. 0. 0.]
 [0. 0. 0. 0.]
 [0. 0. 0. 0.]
 [0. 0. 0. 0.]
 [0. 0. 0. 0.]
 [0. 0. 0. 0.]
 [0. 0. 0. 0.]
 [0. 0. 0. 0.]
 [0. 0. 0. 0.]
 [0. 0. 0. 0.]
 [0. 0. 0. 0.]
 [0. 0. 0. 0.]
 [0. 0. 0. 0.]
 [0. 0. 0. 0.]
 [0. 0. 0. 0.]
 [0. 0. 0. 0.]
 [0. 0. 0. 0.]
 [0. 0. 0. 0.]
 [0. 0. 0. 0.]]
