Baseline:
[0.83944046 0.83944046 0.88054574 0.9250162  0.9007133  0.9400212
 0.96587557 1.0053855  1.0053855  0.97972405 0.9400212  0.96587557
 0.9887719  0.94568706 0.9887719  0.96587557 0.9887719  1.0306814
 1.0506358  1.0704678  1.1142867  1.1340902  1.1557331  1.1557331
 1.1340902  1.1340902 ]
Returns:
[-2.23752536 -2.30085802 -2.26670641 -2.21672153 -2.22174807 -2.1669105
 -2.14596708 -2.05923904 -1.95428974 -1.91682885 -1.91037339 -1.87592802
 -1.82494211 -1.80370406 -1.70110192 -1.65104554 -1.58822371 -1.45942063
 -1.35608404 -1.23166572 -1.04447678 -0.87626398 -0.68455703 -0.46803155
 -0.26611042]
Advants:
[-2.03376246 -2.10535016 -2.12147719 -2.12574704 -2.11649226 -2.11135757
 -2.12770089 -2.0914287  -1.99511189 -1.93940521 -1.89986672 -1.89819373
 -1.87674278 -1.81763461 -1.76193558 -1.69087012 -1.65175785 -1.56305928
 -1.47513962 -1.36239459 -1.20573659 -1.03831751 -0.84236455 -0.59104806
 -0.32281494]
Mus:
[[0.26133934 0.26890627 0.27210242 0.19765206]
 [0.26133934 0.26890627 0.27210242 0.19765206]
 [0.26123327 0.27195993 0.27048087 0.19632599]
 [0.26058388 0.27552563 0.26891318 0.19497737]
 [0.25602612 0.27602908 0.2717875  0.19615735]
 [0.25606734 0.27875936 0.27041394 0.19475937]
 [0.26045677 0.2785319  0.2674665  0.19354479]
 [0.26061618 0.28126755 0.26584566 0.19227064]
 [0.26061618 0.28126755 0.26584566 0.19227064]
 [0.2569528  0.28054097 0.26900348 0.19350275]
 [0.25606734 0.27875936 0.27041394 0.19475937]
 [0.26045677 0.2785319  0.2674665  0.19354479]
 [0.26512167 0.27805102 0.26441002 0.19241728]
 [0.26509738 0.27520102 0.26584896 0.19385265]
 [0.26512167 0.27805102 0.26441002 0.19241728]
 [0.26045677 0.2785319  0.2674665  0.19354479]
 [0.26512167 0.27805102 0.26441002 0.19241728]
 [0.26514602 0.28084964 0.26286966 0.19113463]
 [0.2689665  0.279596   0.2607683  0.19066921]
 [0.27150512 0.2785818  0.2586924  0.19122064]
 [0.27068874 0.28129444 0.25799772 0.1900191 ]
 [0.2725661  0.28009844 0.25645533 0.1908801 ]
 [0.27422976 0.27943453 0.254839   0.19149671]
 [0.27422976 0.27943453 0.254839   0.19149671]
 [0.2725661  0.28009844 0.25645533 0.1908801 ]]
Actions:
[[0. 0. 0. 1.]
 [0. 1. 0. 0.]
 [0. 1. 0. 0.]
 [0. 0. 1. 0.]
 [0. 1. 0. 0.]
 [1. 0. 0. 0.]
 [0. 1. 0. 0.]
 [0. 1. 0. 0.]
 [0. 0. 1. 0.]
 [0. 0. 0. 1.]
 [1. 0. 0. 0.]
 [1. 0. 0. 0.]
 [0. 0. 0. 1.]
 [0. 1. 0. 0.]
 [0. 0. 1. 0.]
 [1. 0. 0. 0.]
 [0. 1. 0. 0.]
 [1. 0. 0. 0.]
 [1. 0. 0. 0.]
 [0. 1. 0. 0.]
 [1. 0. 0. 0.]
 [1. 0. 0. 0.]
 [1. 0. 0. 0.]
 [0. 0. 1. 0.]
 [0. 1. 0. 0.]]
States:
[[0.5 0.3]
 [0.5 0.3]
 [0.5 0.4]
 [0.5 0.5]
 [0.4 0.5]
 [0.4 0.6]
 [0.5 0.6]
 [0.5 0.7]
 [0.5 0.7]
 [0.4 0.7]
 [0.4 0.6]
 [0.5 0.6]
 [0.6 0.6]
 [0.6 0.5]
 [0.6 0.6]
 [0.5 0.6]
 [0.6 0.6]
 [0.6 0.7]
 [0.7 0.7]
 [0.8 0.7]
 [0.8 0.8]
 [0.9 0.8]
 [1.  0.8]
 [1.  0.8]
 [0.9 0.8]]
Logstds:
[[0. 0. 0. 0.]
 [0. 0. 0. 0.]
 [0. 0. 0. 0.]
 [0. 0. 0. 0.]
 [0. 0. 0. 0.]
 [0. 0. 0. 0.]
 [0. 0. 0. 0.]
 [0. 0. 0. 0.]
 [0. 0. 0. 0.]
 [0. 0. 0. 0.]
 [0. 0. 0. 0.]
 [0. 0. 0. 0.]
 [0. 0. 0. 0.]
 [0. 0. 0. 0.]
 [0. 0. 0. 0.]
 [0. 0. 0. 0.]
 [0. 0. 0. 0.]
 [0. 0. 0. 0.]
 [0. 0. 0. 0.]
 [0. 0. 0. 0.]
 [0. 0. 0. 0.]
 [0. 0. 0. 0.]
 [0. 0. 0. 0.]
 [0. 0. 0. 0.]
 [0. 0. 0. 0.]]
