Baseline:
[0.4020142  0.4195025  0.43182456 0.4408527  0.43182456 0.41174364
 0.43182456 0.4195025  0.4020142  0.4195025  0.43599802 0.44924018
 0.46791202 0.48882055 0.48882055 0.47594354 0.49991894 0.5127226
 0.48882055 0.46791202 0.48882055 0.5127226  0.48882055 0.47594354
 0.49991894 0.49991894]
Returns:
[-6.12567784 -6.0481684  -5.97422259 -5.8799911  -5.75992188 -5.62515644
 -5.5014937  -5.37991713 -5.24372594 -5.11979798 -4.96602138 -4.81409784
 -4.59928571 -4.3486585  -4.10515113 -3.83718988 -3.54400895 -3.25304694
 -2.88595847 -2.52448098 -2.16465353 -1.76165291 -1.31607001 -0.90131502
 -0.45361435]
Advants:
[-4.81710454 -4.81139429 -4.80680214 -4.78085362 -4.71206611 -4.61787819
 -4.57691854 -4.50683549 -4.41765491 -4.37791666 -4.30877333 -4.23974503
 -4.11312518 -3.95174449 -3.77486547 -3.55764571 -3.34915223 -3.128275
 -2.78735274 -2.44747376 -2.14420089 -1.79206028 -1.33730963 -0.91244133
 -0.47861031]
Mus:
[[0.25790602 0.27819282 0.24526347 0.21863773]
 [0.2578627  0.28150547 0.24215011 0.21848173]
 [0.25861856 0.28220642 0.2415794  0.21759559]
 [0.2595157  0.2845408  0.23981252 0.21613093]
 [0.25861856 0.28220642 0.2415794  0.21759559]
 [0.25882447 0.2787865  0.24464741 0.21774161]
 [0.25861856 0.28220642 0.2415794  0.21759559]
 [0.2578627  0.28150547 0.24215011 0.21848173]
 [0.25790602 0.27819282 0.24526347 0.21863773]
 [0.2578627  0.28150547 0.24215011 0.21848173]
 [0.25779495 0.28501284 0.23922966 0.21796256]
 [0.25835806 0.28588936 0.23878953 0.2169631 ]
 [0.25784215 0.28955188 0.2363831  0.2162229 ]
 [0.25704822 0.29309538 0.23421931 0.21563706]
 [0.25704822 0.29309538 0.23421931 0.21563706]
 [0.25637874 0.29151708 0.23519515 0.21690899]
 [0.25585172 0.29473436 0.23327602 0.21613789]
 [0.256633   0.29624987 0.23218006 0.214937  ]
 [0.25704822 0.29309538 0.23421931 0.21563706]
 [0.25784215 0.28955188 0.2363831  0.2162229 ]
 [0.25704822 0.29309538 0.23421931 0.21563706]
 [0.256633   0.29624987 0.23218006 0.214937  ]
 [0.25704822 0.29309538 0.23421931 0.21563706]
 [0.25637874 0.29151708 0.23519515 0.21690899]
 [0.25585172 0.29473436 0.23327602 0.21613789]]
Actions:
[[0. 1. 0. 0.]
 [1. 0. 0. 0.]
 [1. 0. 0. 0.]
 [0. 0. 1. 0.]
 [0. 0. 0. 1.]
 [0. 1. 0. 0.]
 [0. 0. 1. 0.]
 [0. 0. 0. 1.]
 [0. 1. 0. 0.]
 [0. 1. 0. 0.]
 [1. 0. 0. 0.]
 [0. 1. 0. 0.]
 [0. 1. 0. 0.]
 [1. 0. 0. 0.]
 [0. 0. 1. 0.]
 [0. 1. 0. 0.]
 [1. 0. 0. 0.]
 [0. 0. 0. 1.]
 [0. 0. 0. 1.]
 [0. 1. 0. 0.]
 [0. 1. 0. 0.]
 [0. 0. 0. 1.]
 [0. 0. 1. 0.]
 [0. 1. 0. 0.]
 [1. 0. 0. 0.]]
States:
[[0.3 0.5]
 [0.3 0.6]
 [0.4 0.6]
 [0.5 0.6]
 [0.4 0.6]
 [0.4 0.5]
 [0.4 0.6]
 [0.3 0.6]
 [0.3 0.5]
 [0.3 0.6]
 [0.3 0.7]
 [0.4 0.7]
 [0.4 0.8]
 [0.4 0.9]
 [0.4 0.9]
 [0.3 0.9]
 [0.3 1. ]
 [0.4 1. ]
 [0.4 0.9]
 [0.4 0.8]
 [0.4 0.9]
 [0.4 1. ]
 [0.4 0.9]
 [0.3 0.9]
 [0.3 1. ]]
Logstds:
[[0. 0. 0. 0.]
 [0. 0. 0. 0.]
 [0. 0. 0. 0.]
 [0. 0. 0. 0.]
 [0. 0. 0. 0.]
 [0. 0. 0. 0.]
 [0. 0. 0. 0.]
 [0. 0. 0. 0.]
 [0. 0. 0. 0.]
 [0. 0. 0. 0.]
 [0. 0. 0. 0.]
 [0. 0. 0. 0.]
 [0. 0. 0. 0.]
 [0. 0. 0. 0.]
 [0. 0. 0. 0.]
 [0. 0. 0. 0.]
 [0. 0. 0. 0.]
 [0. 0. 0. 0.]
 [0. 0. 0. 0.]
 [0. 0. 0. 0.]
 [0. 0. 0. 0.]
 [0. 0. 0. 0.]
 [0. 0. 0. 0.]
 [0. 0. 0. 0.]
 [0. 0. 0. 0.]]
