Baseline:
[-0.16580221 -0.15911388 -0.16372019 -0.17169188 -0.16372019 -0.15770873
 -0.15222944 -0.15719329 -0.15222944 -0.15719329 -0.15171117 -0.14736664
 -0.14303775 -0.14736664 -0.14303775 -0.14303775 -0.14736664 -0.14736664
 -0.14303775 -0.14736664 -0.14736664 -0.14303775 -0.14030474 -0.14030474
 -0.14303775 -0.14303775]
Returns:
[-8.56693486 -8.23803918 -7.95389231 -7.67143345 -7.32157658 -6.98561553
 -6.66558157 -6.3846487  -6.13686187 -5.82810165 -5.5068951  -5.20121064
 -4.91073278 -4.64451266 -4.32473491 -4.04848467 -3.73688308 -3.40287758
 -3.01775061 -2.65189986 -2.26078998 -1.81555314 -1.37670424 -0.94426634
 -0.49844575]
Advants:
[-6.64938097 -6.42781048 -6.23933665 -6.04874556 -5.80463115 -5.57057646
 -5.35035719 -5.15798986 -5.00915384 -4.78772036 -4.56238392 -4.34981201
 -4.15114299 -3.96715861 -3.73589242 -3.54245229 -3.30661526 -3.0491961
 -2.73973126 -2.43551267 -2.10388673 -1.71389363 -1.31954177 -0.91905131
 -0.49129385]
Mus:
[[0.2597676  0.29067332 0.23568544 0.21387368]
 [0.25979668 0.28729433 0.238097   0.21481194]
 [0.2595157  0.2845408  0.23981252 0.21613093]
 [0.25922516 0.2882292  0.23727782 0.21526782]
 [0.2595157  0.2845408  0.23981252 0.21613093]
 [0.25942633 0.28104374 0.242887   0.21664292]
 [0.25890708 0.27817583 0.24605037 0.21686669]
 [0.2583469  0.2762402  0.24751526 0.21789771]
 [0.25890708 0.27817583 0.24605037 0.21686669]
 [0.2583469  0.2762402  0.24751526 0.21789771]
 [0.25798878 0.27386254 0.2495488  0.21859986]
 [0.25845334 0.27101848 0.25122532 0.21930292]
 [0.25818747 0.26841703 0.25346765 0.21992788]
 [0.25845334 0.27101848 0.25122532 0.21930292]
 [0.25818747 0.26841703 0.25346765 0.21992788]
 [0.25818747 0.26841703 0.25346765 0.21992788]
 [0.25845334 0.27101848 0.25122532 0.21930292]
 [0.25845334 0.27101848 0.25122532 0.21930292]
 [0.25818747 0.26841703 0.25346765 0.21992788]
 [0.25845334 0.27101848 0.25122532 0.21930292]
 [0.25845334 0.27101848 0.25122532 0.21930292]
 [0.25818747 0.26841703 0.25346765 0.21992788]
 [0.25815555 0.26586536 0.25557297 0.22040607]
 [0.25815555 0.26586536 0.25557297 0.22040607]
 [0.25818747 0.26841703 0.25346765 0.21992788]]
Actions:
[[0. 0. 0. 1.]
 [0. 0. 1. 0.]
 [0. 1. 0. 0.]
 [0. 0. 0. 1.]
 [0. 0. 0. 1.]
 [0. 0. 0. 1.]
 [0. 0. 1. 0.]
 [1. 0. 0. 0.]
 [0. 0. 1. 0.]
 [0. 0. 0. 1.]
 [0. 0. 0. 1.]
 [0. 0. 0. 1.]
 [0. 1. 0. 0.]
 [0. 0. 0. 1.]
 [1. 0. 0. 0.]
 [0. 1. 0. 0.]
 [1. 0. 0. 0.]
 [0. 0. 0. 1.]
 [0. 1. 0. 0.]
 [1. 0. 0. 0.]
 [0. 0. 0. 1.]
 [0. 0. 0. 1.]
 [0. 0. 0. 1.]
 [0. 1. 0. 0.]
 [0. 1. 0. 0.]]
States:
[[0.6 0.7]
 [0.6 0.6]
 [0.5 0.6]
 [0.5 0.7]
 [0.5 0.6]
 [0.5 0.5]
 [0.5 0.4]
 [0.4 0.4]
 [0.5 0.4]
 [0.4 0.4]
 [0.4 0.3]
 [0.4 0.2]
 [0.4 0.1]
 [0.4 0.2]
 [0.4 0.1]
 [0.4 0.1]
 [0.4 0.2]
 [0.4 0.2]
 [0.4 0.1]
 [0.4 0.2]
 [0.4 0.2]
 [0.4 0.1]
 [0.4 0. ]
 [0.4 0. ]
 [0.4 0.1]]
Logstds:
[[0. 0. 0. 0.]
 [0. 0. 0. 0.]
 [0. 0. 0. 0.]
 [0. 0. 0. 0.]
 [0. 0. 0. 0.]
 [0. 0. 0. 0.]
 [0. 0. 0. 0.]
 [0. 0. 0. 0.]
 [0. 0. 0. 0.]
 [0. 0. 0. 0.]
 [0. 0. 0. 0.]
 [0. 0. 0. 0.]
 [0. 0. 0. 0.]
 [0. 0. 0. 0.]
 [0. 0. 0. 0.]
 [0. 0. 0. 0.]
 [0. 0. 0. 0.]
 [0. 0. 0. 0.]
 [0. 0. 0. 0.]
 [0. 0. 0. 0.]
 [0. 0. 0. 0.]
 [0. 0. 0. 0.]
 [0. 0. 0. 0.]
 [0. 0. 0. 0.]
 [0. 0. 0. 0.]]
