Baseline:
[-2.7978184 -2.6926644 -2.6282227 -2.6926644 -2.6282227 -2.5228956
 -2.4625986 -2.5228956 -2.4177418 -2.5228956 -2.4177418 -2.4843676
 -2.5876005 -2.6926644 -2.6282227 -2.5228956 -2.6282227 -2.7346008
 -2.7978184 -2.7346008 -2.7346008 -2.7346008 -2.7978184 -2.6926644
 -2.6282227 -2.6282227]
Returns:
[-16.3853105  -15.93322813 -15.52634703 -15.21898381 -14.77451091
 -14.32521373 -13.92749667 -13.61782507 -13.15426404 -12.73439427
 -12.22433688 -11.82755278 -11.30061411 -10.70251339 -10.02033151
  -9.32081437  -8.65623373  -7.91341537  -7.16178712  -6.24323252
  -5.32730997  -4.36318097  -3.42469827  -2.29047842  -1.16555786]
Advants:
[-10.93463841 -10.77122298 -10.61733835 -10.43865172 -10.25643627
 -10.11649531  -9.99004913  -9.83758447  -9.70412488  -9.40697406
  -9.23683198  -9.01385004  -8.62509786  -8.1621713   -7.78602887
  -7.43564083  -6.90649208  -6.29230028  -5.70727721  -5.07488722
  -4.37257624  -3.61043736  -2.7969539   -1.94031196  -1.03414679]
Mus:
[[0.2544932  0.28347293 0.2713463  0.19068755]
 [0.25390837 0.2820259  0.27197886 0.19208688]
 [0.2516098  0.28013137 0.27568707 0.19257182]
 [0.25390837 0.2820259  0.27197886 0.19208688]
 [0.2516098  0.28013137 0.27568707 0.19257182]
 [0.25051224 0.2786596  0.2766165  0.19421163]
 [0.24768008 0.27621937 0.2814319  0.19466865]
 [0.25051224 0.2786596  0.2766165  0.19421163]
 [0.24924172 0.27718598 0.2775636  0.19600873]
 [0.25051224 0.2786596  0.2766165  0.19421163]
 [0.24924172 0.27718598 0.2775636  0.19600873]
 [0.25160366 0.27844897 0.27444822 0.19549908]
 [0.2527904  0.28029448 0.273075   0.1938401 ]
 [0.25390837 0.2820259  0.27197886 0.19208688]
 [0.2516098  0.28013137 0.27568707 0.19257182]
 [0.25051224 0.2786596  0.2766165  0.19421163]
 [0.2516098  0.28013137 0.27568707 0.19257182]
 [0.25180733 0.2815765  0.27556732 0.19104876]
 [0.2544932  0.28347293 0.2713463  0.19068755]
 [0.25180733 0.2815765  0.27556732 0.19104876]
 [0.25180733 0.2815765  0.27556732 0.19104876]
 [0.25180733 0.2815765  0.27556732 0.19104876]
 [0.2544932  0.28347293 0.2713463  0.19068755]
 [0.25390837 0.2820259  0.27197886 0.19208688]
 [0.2516098  0.28013137 0.27568707 0.19257182]]
Actions:
[[0. 0. 0. 1.]
 [0. 0. 1. 0.]
 [1. 0. 0. 0.]
 [0. 0. 1. 0.]
 [0. 0. 0. 1.]
 [0. 0. 1. 0.]
 [1. 0. 0. 0.]
 [0. 0. 0. 1.]
 [0. 1. 0. 0.]
 [0. 0. 0. 1.]
 [1. 0. 0. 0.]
 [0. 1. 0. 0.]
 [0. 1. 0. 0.]
 [0. 0. 1. 0.]
 [0. 0. 0. 1.]
 [0. 1. 0. 0.]
 [0. 1. 0. 0.]
 [1. 0. 0. 0.]
 [0. 0. 1. 0.]
 [0. 1. 0. 0.]
 [0. 1. 0. 0.]
 [1. 0. 0. 0.]
 [0. 0. 0. 1.]
 [0. 0. 1. 0.]
 [0. 0. 0. 1.]]
States:
[[0.2 1. ]
 [0.2 0.9]
 [0.1 0.9]
 [0.2 0.9]
 [0.1 0.9]
 [0.1 0.8]
 [0.  0.8]
 [0.1 0.8]
 [0.1 0.7]
 [0.1 0.8]
 [0.1 0.7]
 [0.2 0.7]
 [0.2 0.8]
 [0.2 0.9]
 [0.1 0.9]
 [0.1 0.8]
 [0.1 0.9]
 [0.1 1. ]
 [0.2 1. ]
 [0.1 1. ]
 [0.1 1. ]
 [0.1 1. ]
 [0.2 1. ]
 [0.2 0.9]
 [0.1 0.9]]
Logstds:
[[0. 0. 0. 0.]
 [0. 0. 0. 0.]
 [0. 0. 0. 0.]
 [0. 0. 0. 0.]
 [0. 0. 0. 0.]
 [0. 0. 0. 0.]
 [0. 0. 0. 0.]
 [0. 0. 0. 0.]
 [0. 0. 0. 0.]
 [0. 0. 0. 0.]
 [0. 0. 0. 0.]
 [0. 0. 0. 0.]
 [0. 0. 0. 0.]
 [0. 0. 0. 0.]
 [0. 0. 0. 0.]
 [0. 0. 0. 0.]
 [0. 0. 0. 0.]
 [0. 0. 0. 0.]
 [0. 0. 0. 0.]
 [0. 0. 0. 0.]
 [0. 0. 0. 0.]
 [0. 0. 0. 0.]
 [0. 0. 0. 0.]
 [0. 0. 0. 0.]
 [0. 0. 0. 0.]]
