Baseline:
[-0.87970954 -0.9044511  -0.87970954 -0.9020222  -0.9265679  -0.9020222
 -0.9265679  -0.9044511  -0.9265679  -0.95346886 -0.9265679  -0.95346886
 -0.98436505 -0.98436505 -0.95346886 -0.98436505 -0.98436505 -0.96309525
 -0.98436505 -1.0149819  -1.0149819  -0.98436505 -0.98436505 -0.95346886
 -0.93155974 -0.93155974]
Returns:
[-12.31376134 -12.16300938 -11.89681779 -11.73121268 -11.51776026
 -11.18182632 -10.93945883 -10.618046   -10.35204092 -10.02395765
  -9.57048521  -9.20126743  -8.77217764  -8.31360962  -7.73137898
  -7.22492664  -6.68492435  -6.06470954  -5.4948759   -4.83075706
  -4.13269053  -3.29359404  -2.54667951  -1.66092623  -0.81407762]
Advants:
[-8.89337865 -8.8496552  -8.74373269 -8.69707594 -8.60501154 -8.44235825
 -8.32859517 -8.18623931 -8.05951576 -7.86870008 -7.60708925 -7.37773263
 -7.08448835 -6.79268375 -6.40526736 -6.02918149 -5.64747826 -5.20179325
 -4.7587241  -4.20314666 -3.63450324 -2.94146728 -2.29673035 -1.5263163
 -0.76749963]
Mus:
[[0.2614564  0.26650968 0.25328302 0.21875083]
 [0.26159337 0.27103916 0.25024092 0.2171265 ]
 [0.2614564  0.26650968 0.25328302 0.21875083]
 [0.26154423 0.2667453  0.25390416 0.21780635]
 [0.26139447 0.27110624 0.25089577 0.21660353]
 [0.26154423 0.2667453  0.25390416 0.21780635]
 [0.26139447 0.27110624 0.25089577 0.21660353]
 [0.26159337 0.27103916 0.25024092 0.2171265 ]
 [0.26139447 0.27110624 0.25089577 0.21660353]
 [0.26108986 0.27594823 0.24766493 0.21529701]
 [0.26139447 0.27110624 0.25089577 0.21660353]
 [0.26108986 0.27594823 0.24766493 0.21529701]
 [0.2616318  0.28082067 0.24340923 0.21413825]
 [0.2616318  0.28082067 0.24340923 0.21413825]
 [0.26108986 0.27594823 0.24766493 0.21529701]
 [0.2616318  0.28082067 0.24340923 0.21413825]
 [0.2616318  0.28082067 0.24340923 0.21413825]
 [0.26145628 0.28072163 0.24355027 0.2142718 ]
 [0.2616318  0.28082067 0.24340923 0.21413825]
 [0.26213208 0.28531942 0.23953825 0.21301027]
 [0.26213208 0.28531942 0.23953825 0.21301027]
 [0.2616318  0.28082067 0.24340923 0.21413825]
 [0.2616318  0.28082067 0.24340923 0.21413825]
 [0.26108986 0.27594823 0.24766493 0.21529701]
 [0.261404   0.2761095  0.24711935 0.2153671 ]]
Actions:
[[0. 1. 0. 0.]
 [0. 0. 0. 1.]
 [1. 0. 0. 0.]
 [0. 1. 0. 0.]
 [0. 0. 0. 1.]
 [0. 1. 0. 0.]
 [0. 0. 1. 0.]
 [1. 0. 0. 0.]
 [0. 1. 0. 0.]
 [0. 0. 0. 1.]
 [0. 1. 0. 0.]
 [0. 1. 0. 0.]
 [1. 0. 0. 0.]
 [0. 0. 0. 1.]
 [0. 1. 0. 0.]
 [1. 0. 0. 0.]
 [0. 0. 1. 0.]
 [1. 0. 0. 0.]
 [0. 1. 0. 0.]
 [1. 0. 0. 0.]
 [0. 0. 0. 1.]
 [1. 0. 0. 0.]
 [0. 0. 0. 1.]
 [0. 0. 1. 0.]
 [1. 0. 0. 0.]]
States:
[[0.9 0. ]
 [0.9 0.1]
 [0.9 0. ]
 [1.  0. ]
 [1.  0.1]
 [1.  0. ]
 [1.  0.1]
 [0.9 0.1]
 [1.  0.1]
 [1.  0.2]
 [1.  0.1]
 [1.  0.2]
 [1.  0.3]
 [1.  0.3]
 [1.  0.2]
 [1.  0.3]
 [1.  0.3]
 [0.9 0.3]
 [1.  0.3]
 [1.  0.4]
 [1.  0.4]
 [1.  0.3]
 [1.  0.3]
 [1.  0.2]
 [0.9 0.2]]
Logstds:
[[0. 0. 0. 0.]
 [0. 0. 0. 0.]
 [0. 0. 0. 0.]
 [0. 0. 0. 0.]
 [0. 0. 0. 0.]
 [0. 0. 0. 0.]
 [0. 0. 0. 0.]
 [0. 0. 0. 0.]
 [0. 0. 0. 0.]
 [0. 0. 0. 0.]
 [0. 0. 0. 0.]
 [0. 0. 0. 0.]
 [0. 0. 0. 0.]
 [0. 0. 0. 0.]
 [0. 0. 0. 0.]
 [0. 0. 0. 0.]
 [0. 0. 0. 0.]
 [0. 0. 0. 0.]
 [0. 0. 0. 0.]
 [0. 0. 0. 0.]
 [0. 0. 0. 0.]
 [0. 0. 0. 0.]
 [0. 0. 0. 0.]
 [0. 0. 0. 0.]
 [0. 0. 0. 0.]]
