Baseline:
[0.37354046 0.3888725  0.40160668 0.3888725  0.40599185 0.39287192
 0.40599185 0.39287192 0.37980133 0.39287192 0.40599185 0.41868454
 0.40599185 0.42284384 0.40599185 0.42284384 0.4345893  0.41868454
 0.4345893  0.41868454 0.40599185 0.39287192 0.40599185 0.41868454
 0.41868454 0.41868454]
Returns:
[-5.72347762 -5.63420436 -5.53844161 -5.42198489 -5.2907456  -5.15915254
 -5.03548425 -4.89045639 -4.75665338 -4.62975898 -4.47822787 -4.30239868
 -4.09976501 -3.87159718 -3.61474691 -3.36105182 -3.10653186 -2.78855331
 -2.47361479 -2.12232481 -1.80495041 -1.48989444 -1.1731073  -0.82332439
 -0.43861961]
Advants:
[-4.54818393 -4.52858259 -4.50195508 -4.4299743  -4.37440857 -4.28876217
 -4.23889313 -4.14170255 -4.05643649 -4.00594804 -3.93198686 -3.83374519
 -3.68218231 -3.53352624 -3.31935653 -3.13979236 -2.95166771 -2.66676344
 -2.41163263 -2.08072429 -1.77982647 -1.4731549  -1.18343218 -0.85104885
 -0.45955384]
Mus:
[[0.2614564  0.26650968 0.25328302 0.21875083]
 [0.26159337 0.27103916 0.25024092 0.2171265 ]
 [0.26139447 0.27110624 0.25089577 0.21660353]
 [0.26159337 0.27103916 0.25024092 0.2171265 ]
 [0.261404   0.2761095  0.24711935 0.2153671 ]
 [0.26139328 0.27560148 0.24711154 0.21589369]
 [0.261404   0.2761095  0.24711935 0.2153671 ]
 [0.26139328 0.27560148 0.24711154 0.21589369]
 [0.26097056 0.27460286 0.24770978 0.21671683]
 [0.26139328 0.27560148 0.24711154 0.21589369]
 [0.261404   0.2761095  0.24711935 0.2153671 ]
 [0.26108986 0.27594823 0.24766493 0.21529701]
 [0.261404   0.2761095  0.24711935 0.2153671 ]
 [0.26145628 0.28072163 0.24355027 0.2142718 ]
 [0.261404   0.2761095  0.24711935 0.2153671 ]
 [0.26145628 0.28072163 0.24355027 0.2142718 ]
 [0.2616318  0.28082067 0.24340923 0.21413825]
 [0.26108986 0.27594823 0.24766493 0.21529701]
 [0.2616318  0.28082067 0.24340923 0.21413825]
 [0.26108986 0.27594823 0.24766493 0.21529701]
 [0.261404   0.2761095  0.24711935 0.2153671 ]
 [0.26139328 0.27560148 0.24711154 0.21589369]
 [0.261404   0.2761095  0.24711935 0.2153671 ]
 [0.26108986 0.27594823 0.24766493 0.21529701]
 [0.26108986 0.27594823 0.24766493 0.21529701]]
Actions:
[[0. 1. 0. 0.]
 [1. 0. 0. 0.]
 [0. 0. 1. 0.]
 [0. 1. 0. 0.]
 [0. 0. 1. 0.]
 [1. 0. 0. 0.]
 [0. 0. 1. 0.]
 [0. 0. 1. 0.]
 [1. 0. 0. 0.]
 [1. 0. 0. 0.]
 [1. 0. 0. 0.]
 [0. 0. 1. 0.]
 [0. 1. 0. 0.]
 [0. 0. 0. 1.]
 [0. 1. 0. 0.]
 [1. 0. 0. 0.]
 [0. 0. 0. 1.]
 [0. 1. 0. 0.]
 [0. 0. 0. 1.]
 [0. 0. 1. 0.]
 [0. 0. 1. 0.]
 [1. 0. 0. 0.]
 [1. 0. 0. 0.]
 [1. 0. 0. 0.]
 [0. 1. 0. 0.]]
States:
[[0.9 0. ]
 [0.9 0.1]
 [1.  0.1]
 [0.9 0.1]
 [0.9 0.2]
 [0.8 0.2]
 [0.9 0.2]
 [0.8 0.2]
 [0.7 0.2]
 [0.8 0.2]
 [0.9 0.2]
 [1.  0.2]
 [0.9 0.2]
 [0.9 0.3]
 [0.9 0.2]
 [0.9 0.3]
 [1.  0.3]
 [1.  0.2]
 [1.  0.3]
 [1.  0.2]
 [0.9 0.2]
 [0.8 0.2]
 [0.9 0.2]
 [1.  0.2]
 [1.  0.2]]
Logstds:
[[0. 0. 0. 0.]
 [0. 0. 0. 0.]
 [0. 0. 0. 0.]
 [0. 0. 0. 0.]
 [0. 0. 0. 0.]
 [0. 0. 0. 0.]
 [0. 0. 0. 0.]
 [0. 0. 0. 0.]
 [0. 0. 0. 0.]
 [0. 0. 0. 0.]
 [0. 0. 0. 0.]
 [0. 0. 0. 0.]
 [0. 0. 0. 0.]
 [0. 0. 0. 0.]
 [0. 0. 0. 0.]
 [0. 0. 0. 0.]
 [0. 0. 0. 0.]
 [0. 0. 0. 0.]
 [0. 0. 0. 0.]
 [0. 0. 0. 0.]
 [0. 0. 0. 0.]
 [0. 0. 0. 0.]
 [0. 0. 0. 0.]
 [0. 0. 0. 0.]
 [0. 0. 0. 0.]]
