Baseline:
[-2.5228956 -2.4177418 -2.3558462 -2.2499788 -2.3558462 -2.2499788
 -2.3127773 -2.3127773 -2.2499788 -2.3558462 -2.3558462 -2.3558462
 -2.4177418 -2.3558462 -2.4177418 -2.3558462 -2.4625986 -2.4625986
 -2.569489  -2.4625986 -2.4625986 -2.569489  -2.4625986 -2.5228956
 -2.6282227 -2.6282227]
Returns:
[-14.89294739 -14.49649806 -14.15572437 -13.80664709 -13.50041694
 -13.11684979 -12.84830207 -12.43960801 -12.03994215 -11.64072753
 -11.1923263  -10.72032501 -10.28310069  -9.72056925  -9.2307262
  -8.61280663  -7.99079174  -7.30155462  -6.56858074  -5.72625072
  -4.91782723  -4.05939401  -3.08500153  -2.20467229  -1.16555786]
Advants:
[-9.97274296 -9.85079715 -9.74707023 -9.68641018 -9.45966811 -9.37452507
 -9.24189118 -9.03619717 -8.90920424 -8.61625417 -8.38418773 -8.13235221
 -7.8567166  -7.58311955 -7.26069635 -6.93632602 -6.43640694 -5.97419634
 -5.35472311 -4.83570356 -4.23713354 -3.46968479 -2.79008412 -2.02427464
 -1.03414679]
Mus:
[[0.25051224 0.2786596  0.2766165  0.19421163]
 [0.24924172 0.27718598 0.2775636  0.19600873]
 [0.24626715 0.27472165 0.2823628  0.19664836]
 [0.24515374 0.27291837 0.2831931  0.19873483]
 [0.24626715 0.27472165 0.2823628  0.19664836]
 [0.24515374 0.27291837 0.2831931  0.19873483]
 [0.24796636 0.27523673 0.2789434  0.19785348]
 [0.24796636 0.27523673 0.2789434  0.19785348]
 [0.24515374 0.27291837 0.2831931  0.19873483]
 [0.24626715 0.27472165 0.2823628  0.19664836]
 [0.24626715 0.27472165 0.2823628  0.19664836]
 [0.24626715 0.27472165 0.2823628  0.19664836]
 [0.24924172 0.27718598 0.2775636  0.19600873]
 [0.24626715 0.27472165 0.2823628  0.19664836]
 [0.24924172 0.27718598 0.2775636  0.19600873]
 [0.24626715 0.27472165 0.2823628  0.19664836]
 [0.24768008 0.27621937 0.2814319  0.19466865]
 [0.24768008 0.27621937 0.2814319  0.19466865]
 [0.24847582 0.2775015  0.280943   0.19307972]
 [0.24768008 0.27621937 0.2814319  0.19466865]
 [0.24768008 0.27621937 0.2814319  0.19466865]
 [0.24847582 0.2775015  0.280943   0.19307972]
 [0.24768008 0.27621937 0.2814319  0.19466865]
 [0.25051224 0.2786596  0.2766165  0.19421163]
 [0.2516098  0.28013137 0.27568707 0.19257182]]
Actions:
[[0. 0. 0. 1.]
 [0. 0. 1. 0.]
 [0. 0. 0. 1.]
 [0. 1. 0. 0.]
 [0. 0. 0. 1.]
 [1. 0. 0. 0.]
 [0. 0. 0. 1.]
 [0. 0. 1. 0.]
 [0. 1. 0. 0.]
 [0. 0. 1. 0.]
 [0. 0. 1. 0.]
 [1. 0. 0. 0.]
 [0. 0. 1. 0.]
 [1. 0. 0. 0.]
 [0. 0. 1. 0.]
 [0. 1. 0. 0.]
 [0. 0. 1. 0.]
 [0. 1. 0. 0.]
 [0. 0. 0. 1.]
 [0. 0. 1. 0.]
 [0. 1. 0. 0.]
 [0. 0. 0. 1.]
 [1. 0. 0. 0.]
 [0. 1. 0. 0.]
 [0. 0. 0. 1.]]
States:
[[0.1 0.8]
 [0.1 0.7]
 [0.  0.7]
 [0.  0.6]
 [0.  0.7]
 [0.  0.6]
 [0.1 0.6]
 [0.1 0.6]
 [0.  0.6]
 [0.  0.7]
 [0.  0.7]
 [0.  0.7]
 [0.1 0.7]
 [0.  0.7]
 [0.1 0.7]
 [0.  0.7]
 [0.  0.8]
 [0.  0.8]
 [0.  0.9]
 [0.  0.8]
 [0.  0.8]
 [0.  0.9]
 [0.  0.8]
 [0.1 0.8]
 [0.1 0.9]]
Logstds:
[[0. 0. 0. 0.]
 [0. 0. 0. 0.]
 [0. 0. 0. 0.]
 [0. 0. 0. 0.]
 [0. 0. 0. 0.]
 [0. 0. 0. 0.]
 [0. 0. 0. 0.]
 [0. 0. 0. 0.]
 [0. 0. 0. 0.]
 [0. 0. 0. 0.]
 [0. 0. 0. 0.]
 [0. 0. 0. 0.]
 [0. 0. 0. 0.]
 [0. 0. 0. 0.]
 [0. 0. 0. 0.]
 [0. 0. 0. 0.]
 [0. 0. 0. 0.]
 [0. 0. 0. 0.]
 [0. 0. 0. 0.]
 [0. 0. 0. 0.]
 [0. 0. 0. 0.]
 [0. 0. 0. 0.]
 [0. 0. 0. 0.]
 [0. 0. 0. 0.]
 [0. 0. 0. 0.]]
