Baseline:
[0.9400212  0.97972405 1.0215511  1.063509   1.0369611  1.0787731
 1.0787731  1.0552553  1.0122963  1.0369611  1.0122963  0.9694272
 0.9562116  0.99970734 0.9562116  0.99970734 1.0433625  1.0433625
 1.0552553  1.0433625  0.99970734 1.0433625  1.0552553  1.0433625
 1.0552553  1.0552553 ]
Returns:
[-2.28243999 -2.21615576 -2.13311245 -2.03315003 -1.98410581 -1.87687747
 -1.75102    -1.68515398 -1.64515096 -1.5799193  -1.52005392 -1.48630964
 -1.44991635 -1.35309369 -1.32243076 -1.21889832 -1.09707183 -0.95543077
 -0.85314226 -0.75259987 -0.67589374 -0.52548806 -0.40057099 -0.27620905
 -0.13817203]
Advants:
[-2.26425377 -2.25488702 -2.23107718 -2.19016784 -2.13078933 -2.08094471
 -1.96809291 -1.89005816 -1.81684621 -1.78560531 -1.70858128 -1.63774393
 -1.59286881 -1.54302966 -1.4703623  -1.41008716 -1.32923939 -1.18031325
 -1.07921615 -0.95169054 -0.81123084 -0.67936818 -0.53559697 -0.36176197
 -0.19093478]
Mus:
[[0.25606734 0.27875936 0.27041394 0.19475937]
 [0.2569528  0.28054097 0.26900348 0.19350275]
 [0.25764704 0.2824334  0.2675286  0.19239092]
 [0.25808397 0.2841792  0.266332   0.19140477]
 [0.25586447 0.28340423 0.2688695  0.19186173]
 [0.2565149  0.28498226 0.268045   0.19045782]
 [0.2565149  0.28498226 0.268045   0.19045782]
 [0.2544932  0.28347293 0.2713463  0.19068755]
 [0.25390837 0.2820259  0.27197886 0.19208688]
 [0.25586447 0.28340423 0.2688695  0.19186173]
 [0.25390837 0.2820259  0.27197886 0.19208688]
 [0.2527904  0.28029448 0.273075   0.1938401 ]
 [0.25051224 0.2786596  0.2766165  0.19421163]
 [0.2516098  0.28013137 0.27568707 0.19257182]
 [0.25051224 0.2786596  0.2766165  0.19421163]
 [0.2516098  0.28013137 0.27568707 0.19257182]
 [0.25180733 0.2815765  0.27556732 0.19104876]
 [0.25180733 0.2815765  0.27556732 0.19104876]
 [0.2544932  0.28347293 0.2713463  0.19068755]
 [0.25180733 0.2815765  0.27556732 0.19104876]
 [0.2516098  0.28013137 0.27568707 0.19257182]
 [0.25180733 0.2815765  0.27556732 0.19104876]
 [0.2544932  0.28347293 0.2713463  0.19068755]
 [0.25180733 0.2815765  0.27556732 0.19104876]
 [0.2544932  0.28347293 0.2713463  0.19068755]]
Actions:
[[0. 1. 0. 0.]
 [0. 1. 0. 0.]
 [0. 1. 0. 0.]
 [0. 0. 1. 0.]
 [0. 1. 0. 0.]
 [0. 1. 0. 0.]
 [0. 0. 1. 0.]
 [0. 0. 0. 1.]
 [1. 0. 0. 0.]
 [0. 0. 1. 0.]
 [0. 0. 0. 1.]
 [0. 0. 1. 0.]
 [0. 1. 0. 0.]
 [0. 0. 0. 1.]
 [0. 1. 0. 0.]
 [0. 1. 0. 0.]
 [0. 1. 0. 0.]
 [1. 0. 0. 0.]
 [0. 0. 1. 0.]
 [0. 0. 0. 1.]
 [0. 1. 0. 0.]
 [1. 0. 0. 0.]
 [0. 0. 1. 0.]
 [1. 0. 0. 0.]
 [0. 0. 1. 0.]]
States:
[[0.4 0.6]
 [0.4 0.7]
 [0.4 0.8]
 [0.4 0.9]
 [0.3 0.9]
 [0.3 1. ]
 [0.3 1. ]
 [0.2 1. ]
 [0.2 0.9]
 [0.3 0.9]
 [0.2 0.9]
 [0.2 0.8]
 [0.1 0.8]
 [0.1 0.9]
 [0.1 0.8]
 [0.1 0.9]
 [0.1 1. ]
 [0.1 1. ]
 [0.2 1. ]
 [0.1 1. ]
 [0.1 0.9]
 [0.1 1. ]
 [0.2 1. ]
 [0.1 1. ]
 [0.2 1. ]]
Logstds:
[[0. 0. 0. 0.]
 [0. 0. 0. 0.]
 [0. 0. 0. 0.]
 [0. 0. 0. 0.]
 [0. 0. 0. 0.]
 [0. 0. 0. 0.]
 [0. 0. 0. 0.]
 [0. 0. 0. 0.]
 [0. 0. 0. 0.]
 [0. 0. 0. 0.]
 [0. 0. 0. 0.]
 [0. 0. 0. 0.]
 [0. 0. 0. 0.]
 [0. 0. 0. 0.]
 [0. 0. 0. 0.]
 [0. 0. 0. 0.]
 [0. 0. 0. 0.]
 [0. 0. 0. 0.]
 [0. 0. 0. 0.]
 [0. 0. 0. 0.]
 [0. 0. 0. 0.]
 [0. 0. 0. 0.]
 [0. 0. 0. 0.]
 [0. 0. 0. 0.]
 [0. 0. 0. 0.]]
