Baseline:
[-1.8335123 -1.8965387 -1.9395078 -1.9836909 -2.0458903 -2.0458903
 -2.1093333 -2.0458903 -1.9836909 -2.0298176 -2.0298176 -1.9836909
 -2.0298176 -1.9836909 -2.0458903 -2.002933  -2.0676112 -2.002933
 -2.0676112 -2.026407  -2.0676112 -2.1093333 -2.1522841 -2.1093333
 -2.0676112 -2.0676112]
Returns:
[-14.28987302 -14.14425814 -13.97839721 -13.76913638 -13.47858982
 -13.1712936  -12.80504425 -12.26668354 -11.74262381 -11.37979502
 -10.92508009 -10.39424724  -9.96045126  -9.37884846  -8.85723412
  -8.2137355   -7.62481575  -6.85067169  -6.19001173  -5.40219206
  -4.70061968  -3.92852825  -3.08187353  -2.05548373  -1.0127275 ]
Advants:
[-9.93923791 -9.89496542 -9.85804785 -9.78332258 -9.61361007 -9.49543534
 -9.25768565 -8.97637359 -8.71032736 -8.50121855 -8.24931155 -7.96969906
 -7.6974982  -7.37087828 -6.99565641 -6.60290298 -6.15457922 -5.64593209
 -5.11608665 -4.55852616 -3.99793715 -3.35666187 -2.62677904 -1.78625342
 -0.90934706]
Mus:
[[0.25866643 0.2754603  0.24826841 0.2176048 ]
 [0.25890708 0.27817583 0.24605037 0.21686669]
 [0.25948626 0.28070253 0.24371035 0.21610075]
 [0.260012   0.28206024 0.24247386 0.21545391]
 [0.25992283 0.28558153 0.23953931 0.21495633]
 [0.25992283 0.28558153 0.23953931 0.21495633]
 [0.2596395  0.28929067 0.23689438 0.21417549]
 [0.25992283 0.28558153 0.23953931 0.21495633]
 [0.260012   0.28206024 0.24247386 0.21545391]
 [0.26083913 0.28319848 0.24141394 0.21454845]
 [0.26083913 0.28319848 0.24141394 0.21454845]
 [0.260012   0.28206024 0.24247386 0.21545391]
 [0.26083913 0.28319848 0.24141394 0.21454845]
 [0.260012   0.28206024 0.24247386 0.21545391]
 [0.25992283 0.28558153 0.23953931 0.21495633]
 [0.25983584 0.28368637 0.24090892 0.21556887]
 [0.25979668 0.28729433 0.238097   0.21481194]
 [0.25983584 0.28368637 0.24090892 0.21556887]
 [0.25979668 0.28729433 0.238097   0.21481194]
 [0.2595157  0.2845408  0.23981252 0.21613093]
 [0.25979668 0.28729433 0.238097   0.21481194]
 [0.2596395  0.28929067 0.23689438 0.21417549]
 [0.26016685 0.29051405 0.23579814 0.21352105]
 [0.2596395  0.28929067 0.23689438 0.21417549]
 [0.25979668 0.28729433 0.238097   0.21481194]]
Actions:
[[0. 1. 0. 0.]
 [1. 0. 0. 0.]
 [1. 0. 0. 0.]
 [0. 1. 0. 0.]
 [1. 0. 0. 0.]
 [0. 1. 0. 0.]
 [0. 0. 0. 1.]
 [0. 0. 0. 1.]
 [1. 0. 0. 0.]
 [0. 1. 0. 0.]
 [0. 0. 1. 0.]
 [1. 0. 0. 0.]
 [0. 0. 1. 0.]
 [0. 1. 0. 0.]
 [0. 0. 1. 0.]
 [0. 1. 0. 0.]
 [0. 0. 0. 1.]
 [0. 1. 0. 0.]
 [0. 0. 1. 0.]
 [1. 0. 0. 0.]
 [1. 0. 0. 0.]
 [1. 0. 0. 0.]
 [0. 0. 1. 0.]
 [0. 0. 1. 0.]
 [0. 1. 0. 0.]]
States:
[[0.5 0.3]
 [0.5 0.4]
 [0.6 0.4]
 [0.7 0.4]
 [0.7 0.5]
 [0.7 0.5]
 [0.7 0.6]
 [0.7 0.5]
 [0.7 0.4]
 [0.8 0.4]
 [0.8 0.4]
 [0.7 0.4]
 [0.8 0.4]
 [0.7 0.4]
 [0.7 0.5]
 [0.6 0.5]
 [0.6 0.6]
 [0.6 0.5]
 [0.6 0.6]
 [0.5 0.6]
 [0.6 0.6]
 [0.7 0.6]
 [0.8 0.6]
 [0.7 0.6]
 [0.6 0.6]]
Logstds:
[[0. 0. 0. 0.]
 [0. 0. 0. 0.]
 [0. 0. 0. 0.]
 [0. 0. 0. 0.]
 [0. 0. 0. 0.]
 [0. 0. 0. 0.]
 [0. 0. 0. 0.]
 [0. 0. 0. 0.]
 [0. 0. 0. 0.]
 [0. 0. 0. 0.]
 [0. 0. 0. 0.]
 [0. 0. 0. 0.]
 [0. 0. 0. 0.]
 [0. 0. 0. 0.]
 [0. 0. 0. 0.]
 [0. 0. 0. 0.]
 [0. 0. 0. 0.]
 [0. 0. 0. 0.]
 [0. 0. 0. 0.]
 [0. 0. 0. 0.]
 [0. 0. 0. 0.]
 [0. 0. 0. 0.]
 [0. 0. 0. 0.]
 [0. 0. 0. 0.]
 [0. 0. 0. 0.]]
