Baseline:
[0.10765241 0.10519645 0.10765241 0.10519645 0.09962055 0.09456909
 0.09504874 0.09504874 0.0935441  0.0935441  0.09277831 0.09702227
 0.09411082 0.0911639  0.09411082 0.09146769 0.09612165 0.09146769
 0.08901265 0.09146769 0.09411082 0.0911639  0.09277831 0.0911639
 0.09203947 0.09203947]
Returns:
[-8.16750149 -7.98400946 -7.8256313  -7.6241461  -7.43081023 -7.25572036
 -7.10121002 -6.9671291  -6.77232767 -6.58938045 -6.40266902 -6.18023428
 -5.86406553 -5.54700739 -5.25180962 -4.86052547 -4.47514074 -4.02661617
 -3.54464463 -3.05523237 -2.57172467 -2.08138543 -1.60473416 -1.07405748
 -0.53280556]
Advants:
[-6.292979   -6.18835667 -6.11586576 -5.99615565 -5.88249853 -5.789303
 -5.72486092 -5.6838536  -5.58247851 -5.49689097 -5.40926899 -5.29269164
 -5.07401261 -4.85306455 -4.65927045 -4.36000381 -4.07022239 -3.70172504
 -3.29421117 -2.8756581  -2.45415279 -2.01002621 -1.57364483 -1.06683958
 -0.53740752]
Mus:
[[0.25213057 0.2755329  0.27473772 0.19759884]
 [0.2527682  0.27766064 0.27345628 0.19611494]
 [0.25213057 0.2755329  0.27473772 0.19759884]
 [0.2527682  0.27766064 0.27345628 0.19611494]
 [0.25020963 0.27651122 0.2760601  0.19721901]
 [0.24796636 0.27523673 0.2789434  0.19785348]
 [0.24515374 0.27291837 0.2831931  0.19873483]
 [0.24515374 0.27291837 0.2831931  0.19873483]
 [0.24626715 0.27472165 0.2823628  0.19664836]
 [0.24626715 0.27472165 0.2823628  0.19664836]
 [0.24924172 0.27718598 0.2775636  0.19600873]
 [0.25160366 0.27844897 0.27444822 0.19549908]
 [0.2527904  0.28029448 0.273075   0.1938401 ]
 [0.25051224 0.2786596  0.2766165  0.19421163]
 [0.2527904  0.28029448 0.273075   0.1938401 ]
 [0.25390837 0.2820259  0.27197886 0.19208688]
 [0.25586447 0.28340423 0.2688695  0.19186173]
 [0.25390837 0.2820259  0.27197886 0.19208688]
 [0.2544932  0.28347293 0.2713463  0.19068755]
 [0.25390837 0.2820259  0.27197886 0.19208688]
 [0.2527904  0.28029448 0.273075   0.1938401 ]
 [0.25051224 0.2786596  0.2766165  0.19421163]
 [0.24924172 0.27718598 0.2775636  0.19600873]
 [0.25051224 0.2786596  0.2766165  0.19421163]
 [0.24768008 0.27621937 0.2814319  0.19466865]]
Actions:
[[0. 1. 0. 0.]
 [0. 0. 0. 1.]
 [0. 1. 0. 0.]
 [0. 0. 1. 0.]
 [0. 0. 1. 0.]
 [0. 0. 1. 0.]
 [0. 0. 1. 0.]
 [0. 1. 0. 0.]
 [0. 0. 1. 0.]
 [1. 0. 0. 0.]
 [1. 0. 0. 0.]
 [0. 1. 0. 0.]
 [0. 0. 1. 0.]
 [1. 0. 0. 0.]
 [0. 1. 0. 0.]
 [1. 0. 0. 0.]
 [0. 0. 1. 0.]
 [0. 1. 0. 0.]
 [0. 0. 0. 1.]
 [0. 0. 0. 1.]
 [0. 0. 1. 0.]
 [0. 0. 0. 1.]
 [0. 1. 0. 0.]
 [0. 0. 1. 0.]
 [0. 0. 0. 1.]]
States:
[[0.3 0.5]
 [0.3 0.6]
 [0.3 0.5]
 [0.3 0.6]
 [0.2 0.6]
 [0.1 0.6]
 [0.  0.6]
 [0.  0.6]
 [0.  0.7]
 [0.  0.7]
 [0.1 0.7]
 [0.2 0.7]
 [0.2 0.8]
 [0.1 0.8]
 [0.2 0.8]
 [0.2 0.9]
 [0.3 0.9]
 [0.2 0.9]
 [0.2 1. ]
 [0.2 0.9]
 [0.2 0.8]
 [0.1 0.8]
 [0.1 0.7]
 [0.1 0.8]
 [0.  0.8]]
Logstds:
[[0. 0. 0. 0.]
 [0. 0. 0. 0.]
 [0. 0. 0. 0.]
 [0. 0. 0. 0.]
 [0. 0. 0. 0.]
 [0. 0. 0. 0.]
 [0. 0. 0. 0.]
 [0. 0. 0. 0.]
 [0. 0. 0. 0.]
 [0. 0. 0. 0.]
 [0. 0. 0. 0.]
 [0. 0. 0. 0.]
 [0. 0. 0. 0.]
 [0. 0. 0. 0.]
 [0. 0. 0. 0.]
 [0. 0. 0. 0.]
 [0. 0. 0. 0.]
 [0. 0. 0. 0.]
 [0. 0. 0. 0.]
 [0. 0. 0. 0.]
 [0. 0. 0. 0.]
 [0. 0. 0. 0.]
 [0. 0. 0. 0.]
 [0. 0. 0. 0.]
 [0. 0. 0. 0.]]
