Baseline:
[1.3102751 1.25839   1.25839   1.3102751 1.2828536 1.2310994 1.2109427
 1.1984128 1.2109427 1.2310994 1.2828536 1.3102751 1.25839   1.25839
 1.2310994 1.2109427 1.1984128 1.1462512 1.1984128 1.1462512 1.1984128
 1.1896529 1.1984128 1.1462512 1.1369596 1.1369596]
Returns:
[0.42115944 0.39798428 0.41220767 0.46393276 0.46019869 0.43346096
 0.41257307 0.38232073 0.37179805 0.36887848 0.41078492 0.42666431
 0.40377889 0.41830725 0.40431645 0.38189464 0.35002764 0.29710426
 0.31182793 0.25689405 0.26950139 0.22329789 0.19611904 0.13509521
 0.07290411]
Advants:
[-0.4708646  -0.43313548 -0.40868473 -0.39775114 -0.36129243 -0.32164291
 -0.30651732 -0.30758011 -0.313267   -0.31821171 -0.30868806 -0.29956552
 -0.24724391 -0.20695758 -0.1652942  -0.1368497  -0.12345898 -0.08872858
 -0.08880869 -0.05112653 -0.04800342 -0.04029221 -0.02834097  0.01449227
  0.01605606]
Mus:
[[0.25859162 0.28600055 0.2651427  0.19026516]
 [0.25808397 0.2841792  0.266332   0.19140477]
 [0.25808397 0.2841792  0.266332   0.19140477]
 [0.25859162 0.28600055 0.2651427  0.19026516]
 [0.2565149  0.28498226 0.268045   0.19045782]
 [0.25586447 0.28340423 0.2688695  0.19186173]
 [0.25390837 0.2820259  0.27197886 0.19208688]
 [0.2516098  0.28013137 0.27568707 0.19257182]
 [0.25390837 0.2820259  0.27197886 0.19208688]
 [0.25586447 0.28340423 0.2688695  0.19186173]
 [0.2565149  0.28498226 0.268045   0.19045782]
 [0.25859162 0.28600055 0.2651427  0.19026516]
 [0.25808397 0.2841792  0.266332   0.19140477]
 [0.25808397 0.2841792  0.266332   0.19140477]
 [0.25586447 0.28340423 0.2688695  0.19186173]
 [0.25390837 0.2820259  0.27197886 0.19208688]
 [0.2516098  0.28013137 0.27568707 0.19257182]
 [0.25051224 0.2786596  0.2766165  0.19421163]
 [0.2516098  0.28013137 0.27568707 0.19257182]
 [0.25051224 0.2786596  0.2766165  0.19421163]
 [0.2516098  0.28013137 0.27568707 0.19257182]
 [0.24847582 0.2775015  0.280943   0.19307972]
 [0.2516098  0.28013137 0.27568707 0.19257182]
 [0.25051224 0.2786596  0.2766165  0.19421163]
 [0.24768008 0.27621937 0.2814319  0.19466865]]
Actions:
[[0. 0. 0. 1.]
 [1. 0. 0. 0.]
 [0. 1. 0. 0.]
 [0. 0. 1. 0.]
 [0. 0. 0. 1.]
 [0. 0. 1. 0.]
 [0. 0. 1. 0.]
 [1. 0. 0. 0.]
 [1. 0. 0. 0.]
 [0. 1. 0. 0.]
 [1. 0. 0. 0.]
 [0. 0. 0. 1.]
 [1. 0. 0. 0.]
 [0. 0. 1. 0.]
 [0. 0. 1. 0.]
 [0. 0. 1. 0.]
 [0. 0. 0. 1.]
 [0. 1. 0. 0.]
 [0. 0. 0. 1.]
 [0. 1. 0. 0.]
 [0. 0. 1. 0.]
 [1. 0. 0. 0.]
 [0. 0. 0. 1.]
 [0. 0. 1. 0.]
 [0. 0. 1. 0.]]
States:
[[0.4 1. ]
 [0.4 0.9]
 [0.4 0.9]
 [0.4 1. ]
 [0.3 1. ]
 [0.3 0.9]
 [0.2 0.9]
 [0.1 0.9]
 [0.2 0.9]
 [0.3 0.9]
 [0.3 1. ]
 [0.4 1. ]
 [0.4 0.9]
 [0.4 0.9]
 [0.3 0.9]
 [0.2 0.9]
 [0.1 0.9]
 [0.1 0.8]
 [0.1 0.9]
 [0.1 0.8]
 [0.1 0.9]
 [0.  0.9]
 [0.1 0.9]
 [0.1 0.8]
 [0.  0.8]]
Logstds:
[[0. 0. 0. 0.]
 [0. 0. 0. 0.]
 [0. 0. 0. 0.]
 [0. 0. 0. 0.]
 [0. 0. 0. 0.]
 [0. 0. 0. 0.]
 [0. 0. 0. 0.]
 [0. 0. 0. 0.]
 [0. 0. 0. 0.]
 [0. 0. 0. 0.]
 [0. 0. 0. 0.]
 [0. 0. 0. 0.]
 [0. 0. 0. 0.]
 [0. 0. 0. 0.]
 [0. 0. 0. 0.]
 [0. 0. 0. 0.]
 [0. 0. 0. 0.]
 [0. 0. 0. 0.]
 [0. 0. 0. 0.]
 [0. 0. 0. 0.]
 [0. 0. 0. 0.]
 [0. 0. 0. 0.]
 [0. 0. 0. 0.]
 [0. 0. 0. 0.]
 [0. 0. 0. 0.]]
