Baseline:
[0.40599185 0.39287192 0.37980133 0.36344278 0.37980133 0.39287192
 0.4111452  0.39287192 0.37612987 0.36344278 0.37612987 0.3888725
 0.37354046 0.36054778 0.37612987 0.3888725  0.40599185 0.42284384
 0.4111452  0.42284384 0.4345893  0.45420516 0.45420516 0.44197613
 0.44197613 0.44197613]
Returns:
[-5.59579078 -5.48025273 -5.37749164 -5.26375098 -5.16002995 -5.0543659
 -4.89552161 -4.71304238 -4.5441753  -4.41427197 -4.28819602 -4.1386603
 -3.94137055 -3.78173922 -3.60707275 -3.42168844 -3.18517039 -2.908866
 -2.63032394 -2.35443422 -2.0469344  -1.66505465 -1.28417696 -0.87908709
 -0.42874455]
Advants:
[-4.48310626 -4.40671952 -4.3440295  -4.26757525 -4.23572567 -4.20051037
 -4.11785789 -3.97374893 -3.8438682  -3.75734351 -3.70128959 -3.62248492
 -3.46621549 -3.34940546 -3.24596956 -3.12837746 -2.96193235 -2.75192021
 -2.50635492 -2.28247416 -2.02131698 -1.68539349 -1.32132033 -0.90933073
 -0.45084336]
Mus:
[[0.261404   0.2761095  0.24711935 0.2153671 ]
 [0.26139328 0.27560148 0.24711154 0.21589369]
 [0.26097056 0.27460286 0.24770978 0.21671683]
 [0.26163644 0.27011475 0.25023127 0.21801755]
 [0.26097056 0.27460286 0.24770978 0.21671683]
 [0.26139328 0.27560148 0.24711154 0.21589369]
 [0.2609231  0.27987248 0.24427333 0.21493107]
 [0.26139328 0.27560148 0.24711154 0.21589369]
 [0.26190236 0.27079847 0.2499197  0.21737947]
 [0.26163644 0.27011475 0.25023127 0.21801755]
 [0.26190236 0.27079847 0.2499197  0.21737947]
 [0.26159337 0.27103916 0.25024092 0.2171265 ]
 [0.2614564  0.26650968 0.25328302 0.21875083]
 [0.2615571  0.2665519  0.25272617 0.21916476]
 [0.26190236 0.27079847 0.2499197  0.21737947]
 [0.26159337 0.27103916 0.25024092 0.2171265 ]
 [0.261404   0.2761095  0.24711935 0.2153671 ]
 [0.26145628 0.28072163 0.24355027 0.2142718 ]
 [0.2609231  0.27987248 0.24427333 0.21493107]
 [0.26145628 0.28072163 0.24355027 0.2142718 ]
 [0.2616318  0.28082067 0.24340923 0.21413825]
 [0.26213208 0.28531942 0.23953825 0.21301027]
 [0.26213208 0.28531942 0.23953825 0.21301027]
 [0.26168966 0.28449368 0.24018049 0.21363623]
 [0.26168966 0.28449368 0.24018049 0.21363623]]
Actions:
[[0. 0. 1. 0.]
 [0. 0. 1. 0.]
 [0. 0. 0. 1.]
 [0. 1. 0. 0.]
 [1. 0. 0. 0.]
 [0. 1. 0. 0.]
 [0. 0. 0. 1.]
 [0. 0. 0. 1.]
 [0. 0. 1. 0.]
 [1. 0. 0. 0.]
 [1. 0. 0. 0.]
 [0. 0. 0. 1.]
 [0. 0. 1. 0.]
 [0. 1. 0. 0.]
 [1. 0. 0. 0.]
 [0. 1. 0. 0.]
 [0. 1. 0. 0.]
 [0. 0. 1. 0.]
 [1. 0. 0. 0.]
 [1. 0. 0. 0.]
 [0. 1. 0. 0.]
 [1. 0. 0. 0.]
 [0. 0. 1. 0.]
 [0. 1. 0. 0.]
 [1. 0. 0. 0.]]
States:
[[0.9 0.2]
 [0.8 0.2]
 [0.7 0.2]
 [0.7 0.1]
 [0.7 0.2]
 [0.8 0.2]
 [0.8 0.3]
 [0.8 0.2]
 [0.8 0.1]
 [0.7 0.1]
 [0.8 0.1]
 [0.9 0.1]
 [0.9 0. ]
 [0.8 0. ]
 [0.8 0.1]
 [0.9 0.1]
 [0.9 0.2]
 [0.9 0.3]
 [0.8 0.3]
 [0.9 0.3]
 [1.  0.3]
 [1.  0.4]
 [1.  0.4]
 [0.9 0.4]
 [0.9 0.4]]
Logstds:
[[0. 0. 0. 0.]
 [0. 0. 0. 0.]
 [0. 0. 0. 0.]
 [0. 0. 0. 0.]
 [0. 0. 0. 0.]
 [0. 0. 0. 0.]
 [0. 0. 0. 0.]
 [0. 0. 0. 0.]
 [0. 0. 0. 0.]
 [0. 0. 0. 0.]
 [0. 0. 0. 0.]
 [0. 0. 0. 0.]
 [0. 0. 0. 0.]
 [0. 0. 0. 0.]
 [0. 0. 0. 0.]
 [0. 0. 0. 0.]
 [0. 0. 0. 0.]
 [0. 0. 0. 0.]
 [0. 0. 0. 0.]
 [0. 0. 0. 0.]
 [0. 0. 0. 0.]
 [0. 0. 0. 0.]
 [0. 0. 0. 0.]
 [0. 0. 0. 0.]
 [0. 0. 0. 0.]]
