Baseline:
[-1.9853635 -1.9199309 -1.878566  -1.878566  -1.9199309 -1.8547349
 -1.9199309 -1.878566  -1.9199309 -1.961173  -2.002933  -2.0458903
 -2.002933  -2.0676112 -2.026407  -1.961173  -2.026407  -2.0676112
 -2.1328459 -2.1740494 -2.2157602 -2.2586782 -2.195362  -2.2586782
 -2.3014228 -2.3014228]
Returns:
[-14.0996503  -13.73610789 -13.45857771 -13.20402957 -13.01794555
 -12.64169118 -12.40247034 -12.05474871 -11.80817622 -11.51565991
 -11.17411756 -10.77983642 -10.2375274   -9.75512301  -9.15494077
  -8.49672686  -7.96026223  -7.39332512  -6.71641855  -6.01153328
  -5.2362648   -4.38711691  -3.28848563  -2.28170531  -1.24163771]
Advants:
[-9.63907814 -9.49556104 -9.41985381 -9.33155998 -9.27749365 -9.14496742
 -9.02487657 -8.90907304 -8.81901623 -8.68967289 -8.51634444 -8.2934441
 -8.01124556 -7.68289455 -7.34399322 -6.97149823 -6.59045793 -6.20296348
 -5.67731261 -5.14308149 -4.53074013 -3.83315483 -2.97686764 -2.06795423
 -1.12656665]
Mus:
[[0.25861856 0.28220642 0.2415794  0.21759559]
 [0.25882447 0.2787865  0.24464741 0.21774161]
 [0.25790602 0.27819282 0.24526347 0.21863773]
 [0.25790602 0.27819282 0.24526347 0.21863773]
 [0.25882447 0.2787865  0.24464741 0.21774161]
 [0.2583469  0.2762402  0.24751526 0.21789771]
 [0.25882447 0.2787865  0.24464741 0.21774161]
 [0.25790602 0.27819282 0.24526347 0.21863773]
 [0.25882447 0.2787865  0.24464741 0.21774161]
 [0.25942633 0.28104374 0.242887   0.21664292]
 [0.25983584 0.28368637 0.24090892 0.21556887]
 [0.25992283 0.28558153 0.23953931 0.21495633]
 [0.25983584 0.28368637 0.24090892 0.21556887]
 [0.25979668 0.28729433 0.238097   0.21481194]
 [0.2595157  0.2845408  0.23981252 0.21613093]
 [0.25942633 0.28104374 0.242887   0.21664292]
 [0.2595157  0.2845408  0.23981252 0.21613093]
 [0.25979668 0.28729433 0.238097   0.21481194]
 [0.2597676  0.29067332 0.23568544 0.21387368]
 [0.2596946  0.292632   0.2344327  0.21324068]
 [0.259691   0.29433227 0.23337223 0.2126045 ]
 [0.26043135 0.2953836  0.23232113 0.21186392]
 [0.26112112 0.29140964 0.2347545  0.2127147 ]
 [0.26043135 0.2953836  0.23232113 0.21186392]
 [0.26140937 0.2962299  0.23143066 0.21093006]]
Actions:
[[0. 0. 0. 1.]
 [0. 0. 1. 0.]
 [0. 0. 1. 0.]
 [1. 0. 0. 0.]
 [0. 0. 0. 1.]
 [0. 1. 0. 0.]
 [0. 0. 1. 0.]
 [1. 0. 0. 0.]
 [1. 0. 0. 0.]
 [1. 0. 0. 0.]
 [1. 0. 0. 0.]
 [0. 0. 1. 0.]
 [0. 1. 0. 0.]
 [0. 0. 1. 0.]
 [0. 0. 0. 1.]
 [0. 1. 0. 0.]
 [1. 0. 0. 0.]
 [0. 1. 0. 0.]
 [1. 0. 0. 0.]
 [1. 0. 0. 0.]
 [1. 0. 0. 0.]
 [0. 0. 0. 1.]
 [0. 1. 0. 0.]
 [1. 0. 0. 0.]
 [0. 0. 1. 0.]]
States:
[[0.4 0.6]
 [0.4 0.5]
 [0.3 0.5]
 [0.3 0.5]
 [0.4 0.5]
 [0.4 0.4]
 [0.4 0.5]
 [0.3 0.5]
 [0.4 0.5]
 [0.5 0.5]
 [0.6 0.5]
 [0.7 0.5]
 [0.6 0.5]
 [0.6 0.6]
 [0.5 0.6]
 [0.5 0.5]
 [0.5 0.6]
 [0.6 0.6]
 [0.6 0.7]
 [0.7 0.7]
 [0.8 0.7]
 [0.9 0.7]
 [0.9 0.6]
 [0.9 0.7]
 [1.  0.7]]
Logstds:
[[0. 0. 0. 0.]
 [0. 0. 0. 0.]
 [0. 0. 0. 0.]
 [0. 0. 0. 0.]
 [0. 0. 0. 0.]
 [0. 0. 0. 0.]
 [0. 0. 0. 0.]
 [0. 0. 0. 0.]
 [0. 0. 0. 0.]
 [0. 0. 0. 0.]
 [0. 0. 0. 0.]
 [0. 0. 0. 0.]
 [0. 0. 0. 0.]
 [0. 0. 0. 0.]
 [0. 0. 0. 0.]
 [0. 0. 0. 0.]
 [0. 0. 0. 0.]
 [0. 0. 0. 0.]
 [0. 0. 0. 0.]
 [0. 0. 0. 0.]
 [0. 0. 0. 0.]
 [0. 0. 0. 0.]
 [0. 0. 0. 0.]
 [0. 0. 0. 0.]
 [0. 0. 0. 0.]]
