Baseline:
[0.12978998 0.12978998 0.12978998 0.12686679 0.12395932 0.11828762
 0.11828762 0.12395932 0.12686679 0.12686679 0.12686679 0.12395932
 0.12767908 0.12395932 0.12686679 0.12686679 0.12978998 0.12686679
 0.12686679 0.12978998 0.13417634 0.13417634 0.13141873 0.13509105
 0.13859455 0.13859455]
Returns:
[-7.3213844  -7.21509993 -7.10322154 -6.93320902 -6.74514704 -6.51949323
 -6.29498407 -6.09863742 -5.9245453  -5.72477342 -5.51448723 -5.25175567
 -4.99577794 -4.68780258 -4.43945599 -4.20872488 -3.92627649 -3.58905634
 -3.26636399 -2.93431766 -2.55685262 -2.16990425 -1.67341184 -1.17200857
 -0.61513317]
Advants:
[-5.66464771 -5.63333561 -5.59935611 -5.50560678 -5.39466304 -5.24302605
 -5.09805024 -4.98778666 -4.8985691  -4.78156833 -4.65460058 -4.47116202
 -4.30030514 -4.06730538 -3.8996746  -3.74624407 -3.54195937 -3.27294618
 -3.01746315 -2.75109566 -2.43458009 -2.09704573 -1.6359785  -1.1642893
 -0.62206292]
Mus:
[[0.2652432  0.26003522 0.27376205 0.20095958]
 [0.2652432  0.26003522 0.27376205 0.20095958]
 [0.2652432  0.26003522 0.27376205 0.20095958]
 [0.2625047  0.26057243 0.2751999  0.20172296]
 [0.2634895  0.26353425 0.27297568 0.20000052]
 [0.26433307 0.26634073 0.27074865 0.19857754]
 [0.26433307 0.26634073 0.27074865 0.19857754]
 [0.2634895  0.26353425 0.27297568 0.20000052]
 [0.2625047  0.26057243 0.2751999  0.20172296]
 [0.2625047  0.26057243 0.2751999  0.20172296]
 [0.2625047  0.26057243 0.2751999  0.20172296]
 [0.2634895  0.26353425 0.27297568 0.20000052]
 [0.2667143  0.2626433  0.2712128  0.19942966]
 [0.2634895  0.26353425 0.27297568 0.20000052]
 [0.2625047  0.26057243 0.2751999  0.20172296]
 [0.2625047  0.26057243 0.2751999  0.20172296]
 [0.2652432  0.26003522 0.27376205 0.20095958]
 [0.2625047  0.26057243 0.2751999  0.20172296]
 [0.2625047  0.26057243 0.2751999  0.20172296]
 [0.2652432  0.26003522 0.27376205 0.20095958]
 [0.26785615 0.25958893 0.272403   0.20015188]
 [0.26785615 0.25958893 0.272403   0.20015188]
 [0.26942575 0.26173177 0.27014214 0.1987003 ]
 [0.2716644  0.26121718 0.26908854 0.1980299 ]
 [0.27337047 0.26058477 0.26844305 0.19760163]]
Actions:
[[0. 0. 0. 1.]
 [0. 0. 0. 1.]
 [0. 0. 1. 0.]
 [0. 1. 0. 0.]
 [0. 1. 0. 0.]
 [0. 0. 1. 0.]
 [0. 0. 0. 1.]
 [0. 0. 0. 1.]
 [0. 0. 1. 0.]
 [0. 0. 1. 0.]
 [0. 1. 0. 0.]
 [1. 0. 0. 0.]
 [0. 0. 1. 0.]
 [0. 0. 0. 1.]
 [0. 0. 0. 1.]
 [1. 0. 0. 0.]
 [0. 0. 1. 0.]
 [0. 0. 1. 0.]
 [1. 0. 0. 0.]
 [1. 0. 0. 0.]
 [0. 0. 0. 1.]
 [0. 1. 0. 0.]
 [1. 0. 0. 0.]
 [1. 0. 0. 0.]
 [1. 0. 0. 0.]]
States:
[[0.7 0. ]
 [0.7 0. ]
 [0.7 0. ]
 [0.6 0. ]
 [0.6 0.1]
 [0.6 0.2]
 [0.6 0.2]
 [0.6 0.1]
 [0.6 0. ]
 [0.6 0. ]
 [0.6 0. ]
 [0.6 0.1]
 [0.7 0.1]
 [0.6 0.1]
 [0.6 0. ]
 [0.6 0. ]
 [0.7 0. ]
 [0.6 0. ]
 [0.6 0. ]
 [0.7 0. ]
 [0.8 0. ]
 [0.8 0. ]
 [0.8 0.1]
 [0.9 0.1]
 [1.  0.1]]
Logstds:
[[0. 0. 0. 0.]
 [0. 0. 0. 0.]
 [0. 0. 0. 0.]
 [0. 0. 0. 0.]
 [0. 0. 0. 0.]
 [0. 0. 0. 0.]
 [0. 0. 0. 0.]
 [0. 0. 0. 0.]
 [0. 0. 0. 0.]
 [0. 0. 0. 0.]
 [0. 0. 0. 0.]
 [0. 0. 0. 0.]
 [0. 0. 0. 0.]
 [0. 0. 0. 0.]
 [0. 0. 0. 0.]
 [0. 0. 0. 0.]
 [0. 0. 0. 0.]
 [0. 0. 0. 0.]
 [0. 0. 0. 0.]
 [0. 0. 0. 0.]
 [0. 0. 0. 0.]
 [0. 0. 0. 0.]
 [0. 0. 0. 0.]
 [0. 0. 0. 0.]
 [0. 0. 0. 0.]]
