Baseline:
[-1.8647653 -1.9253174 -1.970489  -2.0298176 -2.0753028 -2.015335
 -1.970489  -2.015335  -1.970489  -1.9253174 -1.9836909 -1.9395078
 -1.9836909 -2.0298176 -1.9836909 -1.9395078 -1.9836909 -1.9395078
 -1.9836909 -1.9253174 -1.9836909 -2.0458903 -2.0458903 -2.0458903
 -2.0458903 -2.0458903]
Returns:
[-14.08834037 -13.9022589  -13.68959762 -13.40063467 -13.09023998
 -12.57573577 -12.13939035 -11.79960659 -11.32241227 -10.85600955
 -10.45617381  -9.93757489  -9.5156392   -9.03560069  -8.40532155
  -7.77878305  -7.24322673  -6.55552534  -5.95558703  -5.14109926
  -4.44047876  -3.65895022  -2.83483086  -1.9673368   -1.05418515]
Advants:
[-9.817097   -9.73588328 -9.64958764 -9.47667411 -9.30010571 -9.0260978
 -8.81839772 -8.62132858 -8.37914734 -8.15125521 -7.88868342 -7.61189824
 -7.34582978 -7.02048324 -6.63619032 -6.25270876 -5.87085477 -5.42217642
 -4.9695717  -4.39790377 -3.8155945  -3.13750798 -2.46765229 -1.74073347
 -0.95189047]
Mus:
[[0.26097056 0.27460286 0.24770978 0.21671683]
 [0.26020825 0.27856544 0.24543029 0.21579607]
 [0.2609231  0.27987248 0.24427333 0.21493107]
 [0.26083913 0.28319848 0.24141394 0.21454845]
 [0.26168966 0.28449368 0.24018049 0.21363623]
 [0.26145628 0.28072163 0.24355027 0.2142718 ]
 [0.2609231  0.27987248 0.24427333 0.21493107]
 [0.26145628 0.28072163 0.24355027 0.2142718 ]
 [0.2609231  0.27987248 0.24427333 0.21493107]
 [0.26020825 0.27856544 0.24543029 0.21579607]
 [0.260012   0.28206024 0.24247386 0.21545391]
 [0.25948626 0.28070253 0.24371035 0.21610075]
 [0.260012   0.28206024 0.24247386 0.21545391]
 [0.26083913 0.28319848 0.24141394 0.21454845]
 [0.260012   0.28206024 0.24247386 0.21545391]
 [0.25948626 0.28070253 0.24371035 0.21610075]
 [0.260012   0.28206024 0.24247386 0.21545391]
 [0.25948626 0.28070253 0.24371035 0.21610075]
 [0.260012   0.28206024 0.24247386 0.21545391]
 [0.26020825 0.27856544 0.24543029 0.21579607]
 [0.260012   0.28206024 0.24247386 0.21545391]
 [0.25992283 0.28558153 0.23953931 0.21495633]
 [0.25992283 0.28558153 0.23953931 0.21495633]
 [0.25992283 0.28558153 0.23953931 0.21495633]
 [0.25992283 0.28558153 0.23953931 0.21495633]]
Actions:
[[0. 1. 0. 0.]
 [1. 0. 0. 0.]
 [0. 1. 0. 0.]
 [1. 0. 0. 0.]
 [0. 0. 0. 1.]
 [0. 0. 1. 0.]
 [1. 0. 0. 0.]
 [0. 0. 1. 0.]
 [0. 0. 1. 0.]
 [0. 1. 0. 0.]
 [0. 0. 1. 0.]
 [1. 0. 0. 0.]
 [1. 0. 0. 0.]
 [0. 0. 1. 0.]
 [0. 0. 1. 0.]
 [1. 0. 0. 0.]
 [0. 0. 1. 0.]
 [1. 0. 0. 0.]
 [0. 0. 0. 1.]
 [0. 1. 0. 0.]
 [0. 1. 0. 0.]
 [1. 0. 0. 0.]
 [1. 0. 0. 0.]
 [1. 0. 0. 0.]
 [0. 0. 1. 0.]]
States:
[[0.7 0.2]
 [0.7 0.3]
 [0.8 0.3]
 [0.8 0.4]
 [0.9 0.4]
 [0.9 0.3]
 [0.8 0.3]
 [0.9 0.3]
 [0.8 0.3]
 [0.7 0.3]
 [0.7 0.4]
 [0.6 0.4]
 [0.7 0.4]
 [0.8 0.4]
 [0.7 0.4]
 [0.6 0.4]
 [0.7 0.4]
 [0.6 0.4]
 [0.7 0.4]
 [0.7 0.3]
 [0.7 0.4]
 [0.7 0.5]
 [0.7 0.5]
 [0.7 0.5]
 [0.7 0.5]]
Logstds:
[[0. 0. 0. 0.]
 [0. 0. 0. 0.]
 [0. 0. 0. 0.]
 [0. 0. 0. 0.]
 [0. 0. 0. 0.]
 [0. 0. 0. 0.]
 [0. 0. 0. 0.]
 [0. 0. 0. 0.]
 [0. 0. 0. 0.]
 [0. 0. 0. 0.]
 [0. 0. 0. 0.]
 [0. 0. 0. 0.]
 [0. 0. 0. 0.]
 [0. 0. 0. 0.]
 [0. 0. 0. 0.]
 [0. 0. 0. 0.]
 [0. 0. 0. 0.]
 [0. 0. 0. 0.]
 [0. 0. 0. 0.]
 [0. 0. 0. 0.]
 [0. 0. 0. 0.]
 [0. 0. 0. 0.]
 [0. 0. 0. 0.]
 [0. 0. 0. 0.]
 [0. 0. 0. 0.]]
