Baseline:
[-2.863088  -2.9315124 -2.863088  -2.7978184 -2.7978184 -2.863088
 -2.9315124 -2.9315124 -2.9315124 -2.863088  -2.7978184 -2.7346008
 -2.7978184 -2.7346008 -2.7346008 -2.7978184 -2.7978184 -2.7978184
 -2.7346008 -2.6282227 -2.6926644 -2.7591548 -2.863088  -2.7978184
 -2.6926644 -2.6926644]
Returns:
[-17.60182926 -17.28168208 -16.80694562 -16.35065875 -15.92710781
 -15.55823716 -15.1305325  -14.56291788 -14.04020127 -13.39486055
 -12.75899026 -12.1350253  -11.60558704 -10.92091665 -10.251188
  -9.62260041  -8.84494113  -8.02635243  -7.15330126  -6.25507031
  -5.45974516  -4.58293048  -3.54646699  -2.39226019  -1.2037015 ]
Advants:
[-11.92501212 -11.74056654 -11.54320334 -11.3668408  -11.16313117
 -10.95413314 -10.6869811  -10.35029452 -10.06201117  -9.72165655
  -9.39012155  -9.07146274  -8.72318872  -8.34771577  -7.92420787
  -7.47820243  -6.94323061  -6.36268604  -5.7861285   -5.22293346
  -4.58471261  -3.85265212  -2.90622525  -1.99410277  -1.06906819]
Mus:
[[0.2565149  0.28498226 0.268045   0.19045782]
 [0.25859162 0.28600055 0.2651427  0.19026516]
 [0.2565149  0.28498226 0.268045   0.19045782]
 [0.2544932  0.28347293 0.2713463  0.19068755]
 [0.2544932  0.28347293 0.2713463  0.19068755]
 [0.2565149  0.28498226 0.268045   0.19045782]
 [0.25859162 0.28600055 0.2651427  0.19026516]
 [0.25859162 0.28600055 0.2651427  0.19026516]
 [0.25859162 0.28600055 0.2651427  0.19026516]
 [0.2565149  0.28498226 0.268045   0.19045782]
 [0.2544932  0.28347293 0.2713463  0.19068755]
 [0.25180733 0.2815765  0.27556732 0.19104876]
 [0.2544932  0.28347293 0.2713463  0.19068755]
 [0.25180733 0.2815765  0.27556732 0.19104876]
 [0.25180733 0.2815765  0.27556732 0.19104876]
 [0.2544932  0.28347293 0.2713463  0.19068755]
 [0.2544932  0.28347293 0.2713463  0.19068755]
 [0.2544932  0.28347293 0.2713463  0.19068755]
 [0.25180733 0.2815765  0.27556732 0.19104876]
 [0.2516098  0.28013137 0.27568707 0.19257182]
 [0.25390837 0.2820259  0.27197886 0.19208688]
 [0.25586447 0.28340423 0.2688695  0.19186173]
 [0.2565149  0.28498226 0.268045   0.19045782]
 [0.2544932  0.28347293 0.2713463  0.19068755]
 [0.25390837 0.2820259  0.27197886 0.19208688]]
Actions:
[[1. 0. 0. 0.]
 [0. 0. 1. 0.]
 [0. 0. 1. 0.]
 [0. 1. 0. 0.]
 [1. 0. 0. 0.]
 [1. 0. 0. 0.]
 [0. 1. 0. 0.]
 [1. 0. 0. 0.]
 [0. 0. 1. 0.]
 [0. 0. 1. 0.]
 [0. 0. 1. 0.]
 [1. 0. 0. 0.]
 [0. 0. 1. 0.]
 [0. 1. 0. 0.]
 [1. 0. 0. 0.]
 [0. 1. 0. 0.]
 [0. 1. 0. 0.]
 [0. 0. 1. 0.]
 [0. 0. 0. 1.]
 [1. 0. 0. 0.]
 [1. 0. 0. 0.]
 [0. 1. 0. 0.]
 [0. 0. 1. 0.]
 [0. 0. 0. 1.]
 [0. 0. 0. 1.]]
States:
[[0.3 1. ]
 [0.4 1. ]
 [0.3 1. ]
 [0.2 1. ]
 [0.2 1. ]
 [0.3 1. ]
 [0.4 1. ]
 [0.4 1. ]
 [0.4 1. ]
 [0.3 1. ]
 [0.2 1. ]
 [0.1 1. ]
 [0.2 1. ]
 [0.1 1. ]
 [0.1 1. ]
 [0.2 1. ]
 [0.2 1. ]
 [0.2 1. ]
 [0.1 1. ]
 [0.1 0.9]
 [0.2 0.9]
 [0.3 0.9]
 [0.3 1. ]
 [0.2 1. ]
 [0.2 0.9]]
Logstds:
[[0. 0. 0. 0.]
 [0. 0. 0. 0.]
 [0. 0. 0. 0.]
 [0. 0. 0. 0.]
 [0. 0. 0. 0.]
 [0. 0. 0. 0.]
 [0. 0. 0. 0.]
 [0. 0. 0. 0.]
 [0. 0. 0. 0.]
 [0. 0. 0. 0.]
 [0. 0. 0. 0.]
 [0. 0. 0. 0.]
 [0. 0. 0. 0.]
 [0. 0. 0. 0.]
 [0. 0. 0. 0.]
 [0. 0. 0. 0.]
 [0. 0. 0. 0.]
 [0. 0. 0. 0.]
 [0. 0. 0. 0.]
 [0. 0. 0. 0.]
 [0. 0. 0. 0.]
 [0. 0. 0. 0.]
 [0. 0. 0. 0.]
 [0. 0. 0. 0.]
 [0. 0. 0. 0.]]
