Baseline:
[-1.4240105 -1.4663446 -1.5270741 -1.5270741 -1.5270741 -1.5270741
 -1.5270741 -1.5270741 -1.4859099 -1.5270741 -1.4663446 -1.4240105
 -1.4859099 -1.5270741 -1.5694277 -1.6301775 -1.6926832 -1.6301775
 -1.6926832 -1.7563529 -1.7563529 -1.7563529 -1.7563529 -1.7563529
 -1.7563529 -1.7563529]
Returns:
[-15.80145838 -15.62715884 -15.34642968 -15.01175589 -14.65946769
 -14.28863801 -13.89829097 -13.48739936 -13.05091709 -12.69386731
 -12.22091334 -11.7636843  -11.31792285 -10.86966284 -10.35877262
  -9.7221353   -9.0113705   -8.21808786  -7.42816267  -6.55540376
  -5.58325082  -4.57163278  -3.49507084  -2.36184776  -1.18068218]
Advants:
[-11.28673556 -11.24477622 -11.08231104 -10.93152795 -10.76790007
 -10.59033319 -10.39763989 -10.18853159  -9.99996001  -9.81378873
  -9.6189212   -9.42706717  -9.14574666  -8.88680734  -8.56657219
  -8.10047446  -7.5542805   -7.04732278  -6.41141378  -5.68099042
  -4.902325    -4.06939024  -3.15343713  -2.15945655  -1.09286451]
Mus:
[[0.25606734 0.27875936 0.27041394 0.19475937]
 [0.26045677 0.2785319  0.2674665  0.19354479]
 [0.26061618 0.28126755 0.26584566 0.19227064]
 [0.26061618 0.28126755 0.26584566 0.19227064]
 [0.26061618 0.28126755 0.26584566 0.19227064]
 [0.26061618 0.28126755 0.26584566 0.19227064]
 [0.26061618 0.28126755 0.26584566 0.19227064]
 [0.26061618 0.28126755 0.26584566 0.19227064]
 [0.2569528  0.28054097 0.26900348 0.19350275]
 [0.26061618 0.28126755 0.26584566 0.19227064]
 [0.26045677 0.2785319  0.2674665  0.19354479]
 [0.25606734 0.27875936 0.27041394 0.19475937]
 [0.2569528  0.28054097 0.26900348 0.19350275]
 [0.26061618 0.28126755 0.26584566 0.19227064]
 [0.26514602 0.28084964 0.26286966 0.19113463]
 [0.26445377 0.28340918 0.26194772 0.19018933]
 [0.26390362 0.28572625 0.26089567 0.18947445]
 [0.26445377 0.28340918 0.26194772 0.19018933]
 [0.26390362 0.28572625 0.26089567 0.18947445]
 [0.26350024 0.28802702 0.25979838 0.18867433]
 [0.26350024 0.28802702 0.25979838 0.18867433]
 [0.26350024 0.28802702 0.25979838 0.18867433]
 [0.26350024 0.28802702 0.25979838 0.18867433]
 [0.26350024 0.28802702 0.25979838 0.18867433]
 [0.26350024 0.28802702 0.25979838 0.18867433]]
Actions:
[[1. 0. 0. 0.]
 [0. 1. 0. 0.]
 [0. 1. 0. 0.]
 [0. 1. 0. 0.]
 [0. 1. 0. 0.]
 [0. 1. 0. 0.]
 [0. 1. 0. 0.]
 [0. 0. 1. 0.]
 [1. 0. 0. 0.]
 [0. 0. 0. 1.]
 [0. 0. 1. 0.]
 [0. 1. 0. 0.]
 [1. 0. 0. 0.]
 [1. 0. 0. 0.]
 [0. 1. 0. 0.]
 [0. 1. 0. 0.]
 [0. 0. 0. 1.]
 [0. 1. 0. 0.]
 [0. 1. 0. 0.]
 [0. 0. 1. 0.]
 [0. 1. 0. 0.]
 [0. 0. 1. 0.]
 [0. 0. 1. 0.]
 [0. 1. 0. 0.]
 [1. 0. 0. 0.]]
States:
[[0.4 0.6]
 [0.5 0.6]
 [0.5 0.7]
 [0.5 0.7]
 [0.5 0.7]
 [0.5 0.7]
 [0.5 0.7]
 [0.5 0.7]
 [0.4 0.7]
 [0.5 0.7]
 [0.5 0.6]
 [0.4 0.6]
 [0.4 0.7]
 [0.5 0.7]
 [0.6 0.7]
 [0.6 0.8]
 [0.6 0.9]
 [0.6 0.8]
 [0.6 0.9]
 [0.6 1. ]
 [0.6 1. ]
 [0.6 1. ]
 [0.6 1. ]
 [0.6 1. ]
 [0.6 1. ]]
Logstds:
[[0. 0. 0. 0.]
 [0. 0. 0. 0.]
 [0. 0. 0. 0.]
 [0. 0. 0. 0.]
 [0. 0. 0. 0.]
 [0. 0. 0. 0.]
 [0. 0. 0. 0.]
 [0. 0. 0. 0.]
 [0. 0. 0. 0.]
 [0. 0. 0. 0.]
 [0. 0. 0. 0.]
 [0. 0. 0. 0.]
 [0. 0. 0. 0.]
 [0. 0. 0. 0.]
 [0. 0. 0. 0.]
 [0. 0. 0. 0.]
 [0. 0. 0. 0.]
 [0. 0. 0. 0.]
 [0. 0. 0. 0.]
 [0. 0. 0. 0.]
 [0. 0. 0. 0.]
 [0. 0. 0. 0.]
 [0. 0. 0. 0.]
 [0. 0. 0. 0.]
 [0. 0. 0. 0.]]
