Baseline:
[0.11777789 0.1207924  0.1207924  0.1207924  0.11777789 0.1207924
 0.1207924  0.11777789 0.11777789 0.1207924  0.11777789 0.11777789
 0.1207924  0.1215285  0.1207924  0.1207924  0.11777789 0.11777789
 0.11550038 0.11676917 0.11711162 0.1215285  0.11711162 0.11777789
 0.11777789 0.11777789]
Returns:
[-12.43566988 -12.21491812 -11.95215694 -11.62068873 -11.30560379
 -11.02537486 -10.70000614 -10.33646422  -9.95186535  -9.60038704
  -9.17897042  -8.73345083  -8.31784543  -7.85232528  -7.33551981
  -6.7610707   -6.19021639  -5.58739395  -4.98612292  -4.40275451
  -3.81764019  -3.17135862  -2.44067741  -1.67121788  -0.83055341]
Advants:
[-9.6203544  -9.53427197 -9.40625429 -9.2107564  -9.03037209 -8.89403072
 -8.71147267 -8.48855579 -8.2479379  -8.04494315 -7.76524648 -7.4630119
 -7.19315151 -6.86888199 -6.48781855 -6.04370731 -5.59353098 -5.10629405
 -4.60951095 -4.1252687  -3.62860465 -3.06250197 -2.38688492 -1.65886259
 -0.83644229]
Mus:
[[0.2706434  0.28583634 0.2552865  0.18823378]
 [0.27188736 0.28559473 0.2541659  0.18835205]
 [0.27188736 0.28559473 0.2541659  0.18835205]
 [0.27188736 0.28559473 0.2541659  0.18835205]
 [0.2706434  0.28583634 0.2552865  0.18823378]
 [0.27188736 0.28559473 0.2541659  0.18835205]
 [0.27188736 0.28559473 0.2541659  0.18835205]
 [0.2706434  0.28583634 0.2552865  0.18823378]
 [0.2706434  0.28583634 0.2552865  0.18823378]
 [0.27188736 0.28559473 0.2541659  0.18835205]
 [0.2706434  0.28583634 0.2552865  0.18823378]
 [0.2706434  0.28583634 0.2552865  0.18823378]
 [0.27188736 0.28559473 0.2541659  0.18835205]
 [0.27305228 0.28239107 0.25450468 0.19005197]
 [0.27188736 0.28559473 0.2541659  0.18835205]
 [0.27188736 0.28559473 0.2541659  0.18835205]
 [0.2706434  0.28583634 0.2552865  0.18823378]
 [0.2706434  0.28583634 0.2552865  0.18823378]
 [0.26870295 0.2868224  0.25630587 0.18816872]
 [0.2695251  0.2841426  0.25720325 0.189129  ]
 [0.27166337 0.28295982 0.255776   0.18960084]
 [0.27305228 0.28239107 0.25450468 0.19005197]
 [0.27166337 0.28295982 0.255776   0.18960084]
 [0.2706434  0.28583634 0.2552865  0.18823378]
 [0.2706434  0.28583634 0.2552865  0.18823378]]
Actions:
[[1. 0. 0. 0.]
 [1. 0. 0. 0.]
 [0. 1. 0. 0.]
 [0. 0. 1. 0.]
 [1. 0. 0. 0.]
 [1. 0. 0. 0.]
 [0. 0. 1. 0.]
 [0. 1. 0. 0.]
 [1. 0. 0. 0.]
 [0. 0. 1. 0.]
 [0. 1. 0. 0.]
 [1. 0. 0. 0.]
 [0. 0. 0. 1.]
 [0. 1. 0. 0.]
 [0. 1. 0. 0.]
 [0. 0. 1. 0.]
 [0. 1. 0. 0.]
 [0. 0. 1. 0.]
 [0. 0. 0. 1.]
 [1. 0. 0. 0.]
 [1. 0. 0. 0.]
 [0. 0. 1. 0.]
 [0. 1. 0. 0.]
 [0. 1. 0. 0.]
 [0. 0. 0. 1.]]
States:
[[0.9 1. ]
 [1.  1. ]
 [1.  1. ]
 [1.  1. ]
 [0.9 1. ]
 [1.  1. ]
 [1.  1. ]
 [0.9 1. ]
 [0.9 1. ]
 [1.  1. ]
 [0.9 1. ]
 [0.9 1. ]
 [1.  1. ]
 [1.  0.9]
 [1.  1. ]
 [1.  1. ]
 [0.9 1. ]
 [0.9 1. ]
 [0.8 1. ]
 [0.8 0.9]
 [0.9 0.9]
 [1.  0.9]
 [0.9 0.9]
 [0.9 1. ]
 [0.9 1. ]]
Logstds:
[[0. 0. 0. 0.]
 [0. 0. 0. 0.]
 [0. 0. 0. 0.]
 [0. 0. 0. 0.]
 [0. 0. 0. 0.]
 [0. 0. 0. 0.]
 [0. 0. 0. 0.]
 [0. 0. 0. 0.]
 [0. 0. 0. 0.]
 [0. 0. 0. 0.]
 [0. 0. 0. 0.]
 [0. 0. 0. 0.]
 [0. 0. 0. 0.]
 [0. 0. 0. 0.]
 [0. 0. 0. 0.]
 [0. 0. 0. 0.]
 [0. 0. 0. 0.]
 [0. 0. 0. 0.]
 [0. 0. 0. 0.]
 [0. 0. 0. 0.]
 [0. 0. 0. 0.]
 [0. 0. 0. 0.]
 [0. 0. 0. 0.]
 [0. 0. 0. 0.]
 [0. 0. 0. 0.]]
