Baseline:
[-2.5581777 -2.4708412 -2.4708412 -2.5581777 -2.5581777 -2.6540625
 -2.6540625 -2.724303  -2.6540625 -2.724303  -2.7963965 -2.870662
 -2.9694686 -2.870662  -2.7963965 -2.870662  -2.7963965 -2.724303
 -2.627066  -2.724303  -2.627066  -2.700041  -2.7749026 -2.6827724
 -2.595685  -2.595685 ]
Returns:
[-11.44504931 -11.17533686 -11.02113532 -10.90957026 -10.69562954
 -10.52338594 -10.24373951 -10.02441045  -9.67730368  -9.42816221
  -9.13366969  -8.79031227  -8.36873755  -7.72265582  -7.16953923
  -6.72280652  -6.11706628  -5.52287555  -4.8533274   -4.33746445
  -3.60552625  -3.04607088  -2.42323217  -1.56369589  -0.70719391]
Advants:
[-7.31043841 -7.2629818  -7.25042377 -7.19908054 -7.13865155 -7.02881923
 -6.91230483 -6.79080842 -6.68776997 -6.54714606 -6.36320842 -6.1308771
 -5.79547736 -5.43201607 -5.13782742 -4.80110934 -4.45317552 -4.11410725
 -3.72271647 -3.28698693 -2.82513608 -2.36072079 -1.82376983 -1.2070728
 -0.57740951]
Mus:
[[0.25413185 0.27175236 0.25380087 0.22031493]
 [0.25345308 0.26914    0.257082   0.22032495]
 [0.25345308 0.26914    0.257082   0.22032495]
 [0.25413185 0.27175236 0.25380087 0.22031493]
 [0.25413185 0.27175236 0.25380087 0.22031493]
 [0.2551397  0.27375317 0.25066695 0.22044027]
 [0.2551397  0.27375317 0.25066695 0.22044027]
 [0.2560523  0.27317333 0.25027758 0.22049676]
 [0.2551397  0.27375317 0.25066695 0.22044027]
 [0.2560523  0.27317333 0.25027758 0.22049676]
 [0.25696608 0.27280056 0.2500919  0.2201414 ]
 [0.2574822  0.27274606 0.2502805  0.21949127]
 [0.2577019  0.27532676 0.24815924 0.21881211]
 [0.2574822  0.27274606 0.2502805  0.21949127]
 [0.25696608 0.27280056 0.2500919  0.2201414 ]
 [0.2574822  0.27274606 0.2502805  0.21949127]
 [0.25696608 0.27280056 0.2500919  0.2201414 ]
 [0.2560523  0.27317333 0.25027758 0.22049676]
 [0.25527823 0.27115825 0.2531449  0.22041859]
 [0.2560523  0.27317333 0.25027758 0.22049676]
 [0.25527823 0.27115825 0.2531449  0.22041859]
 [0.25605038 0.27073014 0.2528868  0.22033265]
 [0.2570938  0.27074558 0.25239378 0.2197668 ]
 [0.2568896  0.2685498  0.25433213 0.22022846]
 [0.25660288 0.26619866 0.25651392 0.22068462]]
Actions:
[[0. 0. 0. 1.]
 [0. 0. 1. 0.]
 [0. 1. 0. 0.]
 [0. 0. 1. 0.]
 [0. 1. 0. 0.]
 [0. 0. 1. 0.]
 [1. 0. 0. 0.]
 [0. 0. 1. 0.]
 [1. 0. 0. 0.]
 [1. 0. 0. 0.]
 [1. 0. 0. 0.]
 [0. 1. 0. 0.]
 [0. 0. 0. 1.]
 [0. 0. 1. 0.]
 [1. 0. 0. 0.]
 [0. 0. 1. 0.]
 [0. 0. 1. 0.]
 [0. 0. 0. 1.]
 [0. 1. 0. 0.]
 [0. 0. 0. 1.]
 [1. 0. 0. 0.]
 [1. 0. 0. 0.]
 [0. 0. 0. 1.]
 [0. 0. 0. 1.]
 [1. 0. 0. 0.]]
States:
[[0.  0.2]
 [0.  0.1]
 [0.  0.1]
 [0.  0.2]
 [0.  0.2]
 [0.  0.3]
 [0.  0.3]
 [0.1 0.3]
 [0.  0.3]
 [0.1 0.3]
 [0.2 0.3]
 [0.3 0.3]
 [0.3 0.4]
 [0.3 0.3]
 [0.2 0.3]
 [0.3 0.3]
 [0.2 0.3]
 [0.1 0.3]
 [0.1 0.2]
 [0.1 0.3]
 [0.1 0.2]
 [0.2 0.2]
 [0.3 0.2]
 [0.3 0.1]
 [0.3 0. ]]
Logstds:
[[0. 0. 0. 0.]
 [0. 0. 0. 0.]
 [0. 0. 0. 0.]
 [0. 0. 0. 0.]
 [0. 0. 0. 0.]
 [0. 0. 0. 0.]
 [0. 0. 0. 0.]
 [0. 0. 0. 0.]
 [0. 0. 0. 0.]
 [0. 0. 0. 0.]
 [0. 0. 0. 0.]
 [0. 0. 0. 0.]
 [0. 0. 0. 0.]
 [0. 0. 0. 0.]
 [0. 0. 0. 0.]
 [0. 0. 0. 0.]
 [0. 0. 0. 0.]
 [0. 0. 0. 0.]
 [0. 0. 0. 0.]
 [0. 0. 0. 0.]
 [0. 0. 0. 0.]
 [0. 0. 0. 0.]
 [0. 0. 0. 0.]
 [0. 0. 0. 0.]
 [0. 0. 0. 0.]]
