Baseline:
[0.87902474 0.91588485 0.87902474 0.91588485 0.89065385 0.85400885
 0.82828426 0.85400885 0.8192808  0.84453964 0.87902474 0.9062312
 0.9333728  0.9333728  0.8984673  0.8984673  0.8713856  0.8984673
 0.8984673  0.8984673  0.8713856  0.84453964 0.81151354 0.84453964
 0.87902474 0.87902474]
Returns:
[-1.75809514 -1.6702559  -1.66728861 -1.57467008 -1.52499338 -1.52693041
 -1.50162567 -1.47426795 -1.49082032 -1.46384205 -1.37560696 -1.31398082
 -1.23528857 -1.13904735 -1.09862662 -1.0113784  -0.92436012 -0.84102463
 -0.74021841 -0.63410659 -0.5272319  -0.42986051 -0.39604868 -0.2665274
 -0.11527574]
Advants:
[-1.83562152 -1.79634872 -1.76799307 -1.7229592  -1.65737288 -1.63170692
 -1.58891167 -1.59616351 -1.58706755 -1.59514818 -1.55037066 -1.52462332
 -1.48088939 -1.39015425 -1.31847351 -1.23248291 -1.1162188  -1.05587678
 -0.9475163  -0.82992489 -0.679368   -0.53329428 -0.4406709  -0.31320931
 -0.15922701]
Mus:
[[0.27025497 0.26483846 0.26748982 0.19741683]
 [0.27073106 0.2681101  0.2649357  0.19622315]
 [0.27025497 0.26483846 0.26748982 0.19741683]
 [0.27073106 0.2681101  0.2649357  0.19622315]
 [0.26807493 0.2686845  0.2666398  0.19660072]
 [0.2674641  0.2657798  0.26870856 0.19804758]
 [0.26433307 0.26634073 0.27074865 0.19857754]
 [0.2674641  0.2657798  0.26870856 0.19804758]
 [0.2667143  0.2626433  0.2712128  0.19942966]
 [0.26942575 0.26173177 0.27014214 0.1987003 ]
 [0.27025497 0.26483846 0.26748982 0.19741683]
 [0.2727185  0.26373005 0.26669902 0.1968524 ]
 [0.27411455 0.26293564 0.2663685  0.19658132]
 [0.27411455 0.26293564 0.2663685  0.19658132]
 [0.27337047 0.26058477 0.26844305 0.19760163]
 [0.27337047 0.26058477 0.26844305 0.19760163]
 [0.2716644  0.26121718 0.26908854 0.1980299 ]
 [0.27337047 0.26058477 0.26844305 0.19760163]
 [0.27337047 0.26058477 0.26844305 0.19760163]
 [0.27337047 0.26058477 0.26844305 0.19760163]
 [0.2716644  0.26121718 0.26908854 0.1980299 ]
 [0.26942575 0.26173177 0.27014214 0.1987003 ]
 [0.26785615 0.25958893 0.272403   0.20015188]
 [0.26942575 0.26173177 0.27014214 0.1987003 ]
 [0.27025497 0.26483846 0.26748982 0.19741683]]
Actions:
[[0. 1. 0. 0.]
 [0. 0. 0. 1.]
 [0. 1. 0. 0.]
 [0. 0. 1. 0.]
 [0. 0. 0. 1.]
 [0. 0. 1. 0.]
 [1. 0. 0. 0.]
 [0. 0. 0. 1.]
 [1. 0. 0. 0.]
 [0. 1. 0. 0.]
 [1. 0. 0. 0.]
 [1. 0. 0. 0.]
 [1. 0. 0. 0.]
 [0. 0. 0. 1.]
 [1. 0. 0. 0.]
 [0. 0. 1. 0.]
 [1. 0. 0. 0.]
 [1. 0. 0. 0.]
 [1. 0. 0. 0.]
 [0. 0. 1. 0.]
 [0. 0. 1. 0.]
 [0. 0. 0. 1.]
 [0. 1. 0. 0.]
 [0. 1. 0. 0.]
 [0. 0. 1. 0.]]
States:
[[0.8 0.2]
 [0.8 0.3]
 [0.8 0.2]
 [0.8 0.3]
 [0.7 0.3]
 [0.7 0.2]
 [0.6 0.2]
 [0.7 0.2]
 [0.7 0.1]
 [0.8 0.1]
 [0.8 0.2]
 [0.9 0.2]
 [1.  0.2]
 [1.  0.2]
 [1.  0.1]
 [1.  0.1]
 [0.9 0.1]
 [1.  0.1]
 [1.  0.1]
 [1.  0.1]
 [0.9 0.1]
 [0.8 0.1]
 [0.8 0. ]
 [0.8 0.1]
 [0.8 0.2]]
Logstds:
[[0. 0. 0. 0.]
 [0. 0. 0. 0.]
 [0. 0. 0. 0.]
 [0. 0. 0. 0.]
 [0. 0. 0. 0.]
 [0. 0. 0. 0.]
 [0. 0. 0. 0.]
 [0. 0. 0. 0.]
 [0. 0. 0. 0.]
 [0. 0. 0. 0.]
 [0. 0. 0. 0.]
 [0. 0. 0. 0.]
 [0. 0. 0. 0.]
 [0. 0. 0. 0.]
 [0. 0. 0. 0.]
 [0. 0. 0. 0.]
 [0. 0. 0. 0.]
 [0. 0. 0. 0.]
 [0. 0. 0. 0.]
 [0. 0. 0. 0.]
 [0. 0. 0. 0.]
 [0. 0. 0. 0.]
 [0. 0. 0. 0.]
 [0. 0. 0. 0.]
 [0. 0. 0. 0.]]
