Baseline:
[-0.15222944 -0.14777729 -0.15222944 -0.15770873 -0.16361272 -0.17196968
 -0.16361272 -0.17196968 -0.1805086  -0.17196968 -0.17196968 -0.1805086
 -0.18294679 -0.18859757 -0.18781936 -0.19425768 -0.20023282 -0.19425768
 -0.18868183 -0.19634119 -0.19634119 -0.19634119 -0.18868183 -0.19634119
 -0.18868183 -0.18868183]
Returns:
[-9.0577288  -8.8803973  -8.7405938  -8.56290561 -8.35146321 -8.15497311
 -7.99587999 -7.78067499 -7.57695455 -7.30624576 -7.08233139 -6.84185602
 -6.56204351 -6.28996381 -5.99989661 -5.63937937 -5.22792689 -4.73324542
 -4.30963452 -3.79915239 -3.27391086 -2.72102505 -2.06974286 -1.4413717
 -0.72273934]
Advants:
[-6.79619017 -6.7137057  -6.66308395 -6.57586174 -6.45591192 -6.35042289
 -6.30284679 -6.18431856 -6.07947573 -5.92576458 -5.81262299 -5.67611646
 -5.50722835 -5.34392792 -5.16986982 -4.91661223 -4.60965805 -4.22572144
 -3.90845226 -3.48363566 -3.04342441 -2.5657128  -1.98376223 -1.39498668
 -0.71330523]
Mus:
[[0.25890708 0.27817583 0.24605037 0.21686669]
 [0.25866643 0.2754603  0.24826841 0.2176048 ]
 [0.25890708 0.27817583 0.24605037 0.21686669]
 [0.25942633 0.28104374 0.242887   0.21664292]
 [0.25882447 0.2787865  0.24464741 0.21774161]
 [0.25790602 0.27819282 0.24526347 0.21863773]
 [0.25882447 0.2787865  0.24464741 0.21774161]
 [0.25790602 0.27819282 0.24526347 0.21863773]
 [0.2578627  0.28150547 0.24215011 0.21848173]
 [0.25790602 0.27819282 0.24526347 0.21863773]
 [0.25790602 0.27819282 0.24526347 0.21863773]
 [0.2578627  0.28150547 0.24215011 0.21848173]
 [0.25720176 0.2809932  0.24223013 0.21957496]
 [0.25680903 0.28386763 0.23996964 0.2193537 ]
 [0.25779495 0.28501284 0.23922966 0.21796256]
 [0.25715348 0.28821462 0.23720406 0.21742778]
 [0.25637874 0.29151708 0.23519515 0.21690899]
 [0.25715348 0.28821462 0.23720406 0.21742778]
 [0.25784215 0.28955188 0.2363831  0.2162229 ]
 [0.25704822 0.29309538 0.23421931 0.21563706]
 [0.25704822 0.29309538 0.23421931 0.21563706]
 [0.25704822 0.29309538 0.23421931 0.21563706]
 [0.25784215 0.28955188 0.2363831  0.2162229 ]
 [0.25704822 0.29309538 0.23421931 0.21563706]
 [0.25784215 0.28955188 0.2363831  0.2162229 ]]
Actions:
[[0. 0. 0. 1.]
 [0. 1. 0. 0.]
 [0. 1. 0. 0.]
 [0. 0. 1. 0.]
 [0. 0. 1. 0.]
 [1. 0. 0. 0.]
 [0. 0. 1. 0.]
 [0. 1. 0. 0.]
 [0. 0. 0. 1.]
 [0. 0. 1. 0.]
 [0. 1. 0. 0.]
 [0. 0. 1. 0.]
 [0. 1. 0. 0.]
 [1. 0. 0. 0.]
 [0. 1. 0. 0.]
 [0. 1. 0. 0.]
 [0. 0. 0. 1.]
 [1. 0. 0. 0.]
 [0. 1. 0. 0.]
 [1. 0. 0. 0.]
 [1. 0. 0. 0.]
 [0. 0. 0. 1.]
 [0. 1. 0. 0.]
 [0. 0. 0. 1.]
 [0. 0. 0. 1.]]
States:
[[0.5 0.4]
 [0.5 0.3]
 [0.5 0.4]
 [0.5 0.5]
 [0.4 0.5]
 [0.3 0.5]
 [0.4 0.5]
 [0.3 0.5]
 [0.3 0.6]
 [0.3 0.5]
 [0.3 0.5]
 [0.3 0.6]
 [0.2 0.6]
 [0.2 0.7]
 [0.3 0.7]
 [0.3 0.8]
 [0.3 0.9]
 [0.3 0.8]
 [0.4 0.8]
 [0.4 0.9]
 [0.4 0.9]
 [0.4 0.9]
 [0.4 0.8]
 [0.4 0.9]
 [0.4 0.8]]
Logstds:
[[0. 0. 0. 0.]
 [0. 0. 0. 0.]
 [0. 0. 0. 0.]
 [0. 0. 0. 0.]
 [0. 0. 0. 0.]
 [0. 0. 0. 0.]
 [0. 0. 0. 0.]
 [0. 0. 0. 0.]
 [0. 0. 0. 0.]
 [0. 0. 0. 0.]
 [0. 0. 0. 0.]
 [0. 0. 0. 0.]
 [0. 0. 0. 0.]
 [0. 0. 0. 0.]
 [0. 0. 0. 0.]
 [0. 0. 0. 0.]
 [0. 0. 0. 0.]
 [0. 0. 0. 0.]
 [0. 0. 0. 0.]
 [0. 0. 0. 0.]
 [0. 0. 0. 0.]
 [0. 0. 0. 0.]
 [0. 0. 0. 0.]
 [0. 0. 0. 0.]
 [0. 0. 0. 0.]]
