Baseline:
[0.36128324 0.3718162  0.38263467 0.4020142  0.4195025  0.43599802
 0.4546215  0.43599802 0.4195025  0.4020142  0.41174364 0.41873997
 0.41174364 0.4020142  0.4195025  0.4020142  0.4195025  0.43599802
 0.4195025  0.40661508 0.3954208  0.41311938 0.4320504  0.45232648
 0.47644562 0.47644562]
Returns:
[-5.51478124 -5.4876374  -5.44281696 -5.3523147  -5.23410194 -5.08634133
 -4.90654281 -4.69424533 -4.49636296 -4.31366893 -4.16990226 -4.00148937
 -3.8059974  -3.61908627 -3.40965096 -3.16976156 -2.93667757 -2.66799989
 -2.36347302 -2.09584709 -1.83414355 -1.54651043 -1.22112158 -0.85662493
 -0.45043164]
Advants:
[-4.36235349 -4.39801402 -4.41968471 -4.40677757 -4.36611272 -4.29596384
 -4.19612651 -4.0246266  -3.86810136 -3.72450881 -3.64773662 -3.54347108
 -3.39673981 -3.25452437 -3.1157023  -2.90801498 -2.73967475 -2.53097418
 -2.24720889 -1.99845082 -1.75157327 -1.50152713 -1.20717387 -0.865443
 -0.47425392]
Mus:
[[0.25709718 0.2749477  0.24724294 0.2207122 ]
 [0.25748262 0.27501577 0.24782099 0.21968059]
 [0.2577019  0.27532676 0.24815924 0.21881211]
 [0.25790602 0.27819282 0.24526347 0.21863773]
 [0.2578627  0.28150547 0.24215011 0.21848173]
 [0.25779495 0.28501284 0.23922966 0.21796256]
 [0.25715348 0.28821462 0.23720406 0.21742778]
 [0.25779495 0.28501284 0.23922966 0.21796256]
 [0.2578627  0.28150547 0.24215011 0.21848173]
 [0.25790602 0.27819282 0.24526347 0.21863773]
 [0.25882447 0.2787865  0.24464741 0.21774161]
 [0.25942633 0.28104374 0.242887   0.21664292]
 [0.25882447 0.2787865  0.24464741 0.21774161]
 [0.25790602 0.27819282 0.24526347 0.21863773]
 [0.2578627  0.28150547 0.24215011 0.21848173]
 [0.25790602 0.27819282 0.24526347 0.21863773]
 [0.2578627  0.28150547 0.24215011 0.21848173]
 [0.25779495 0.28501284 0.23922966 0.21796256]
 [0.2578627  0.28150547 0.24215011 0.21848173]
 [0.25720176 0.2809932  0.24223013 0.21957496]
 [0.25631383 0.28038588 0.24212594 0.22117443]
 [0.25595528 0.2827253  0.24014407 0.22117534]
 [0.25568086 0.28524476 0.23822485 0.22084953]
 [0.25544986 0.28817207 0.23637344 0.22000466]
 [0.2549495  0.29121298 0.23503207 0.21880545]]
Actions:
[[1. 0. 0. 0.]
 [1. 0. 0. 0.]
 [0. 1. 0. 0.]
 [0. 1. 0. 0.]
 [0. 1. 0. 0.]
 [0. 1. 0. 0.]
 [0. 0. 0. 1.]
 [0. 0. 0. 1.]
 [0. 0. 0. 1.]
 [1. 0. 0. 0.]
 [1. 0. 0. 0.]
 [0. 0. 1. 0.]
 [0. 0. 1. 0.]
 [0. 1. 0. 0.]
 [0. 0. 0. 1.]
 [0. 1. 0. 0.]
 [0. 1. 0. 0.]
 [0. 0. 0. 1.]
 [0. 0. 1. 0.]
 [0. 0. 1. 0.]
 [0. 1. 0. 0.]
 [0. 1. 0. 0.]
 [0. 1. 0. 0.]
 [0. 1. 0. 0.]
 [0. 1. 0. 0.]]
States:
[[0.1 0.4]
 [0.2 0.4]
 [0.3 0.4]
 [0.3 0.5]
 [0.3 0.6]
 [0.3 0.7]
 [0.3 0.8]
 [0.3 0.7]
 [0.3 0.6]
 [0.3 0.5]
 [0.4 0.5]
 [0.5 0.5]
 [0.4 0.5]
 [0.3 0.5]
 [0.3 0.6]
 [0.3 0.5]
 [0.3 0.6]
 [0.3 0.7]
 [0.3 0.6]
 [0.2 0.6]
 [0.1 0.6]
 [0.1 0.7]
 [0.1 0.8]
 [0.1 0.9]
 [0.1 1. ]]
Logstds:
[[0. 0. 0. 0.]
 [0. 0. 0. 0.]
 [0. 0. 0. 0.]
 [0. 0. 0. 0.]
 [0. 0. 0. 0.]
 [0. 0. 0. 0.]
 [0. 0. 0. 0.]
 [0. 0. 0. 0.]
 [0. 0. 0. 0.]
 [0. 0. 0. 0.]
 [0. 0. 0. 0.]
 [0. 0. 0. 0.]
 [0. 0. 0. 0.]
 [0. 0. 0. 0.]
 [0. 0. 0. 0.]
 [0. 0. 0. 0.]
 [0. 0. 0. 0.]
 [0. 0. 0. 0.]
 [0. 0. 0. 0.]
 [0. 0. 0. 0.]
 [0. 0. 0. 0.]
 [0. 0. 0. 0.]
 [0. 0. 0. 0.]
 [0. 0. 0. 0.]
 [0. 0. 0. 0.]]
