Baseline:
[-0.99509627 -1.0328077  -1.0703968  -1.0328077  -1.0495075  -1.0102012
 -1.0495075  -1.0102012  -1.0495075  -1.0102012  -1.0223476  -0.98348635
 -0.9708948  -0.95657045 -0.91788214 -0.91788214 -0.91788214 -0.91788214
 -0.93199563 -0.93199563 -0.93199563 -0.94465536 -0.98348635 -1.0223476
 -1.0613952  -1.0613952 ]
Returns:
[-11.79041219 -11.59984545 -11.36053761 -10.99010068 -10.74647835
 -10.35344378 -10.05532199  -9.62591077  -9.28949778  -8.81978002
  -8.46856033  -7.96599763  -7.52631921  -7.09653547  -6.62099653
  -6.16185464  -5.7362706   -5.23056418  -4.78960013  -4.20353725
  -3.58662897  -3.03003248  -2.39031098  -1.67908183  -0.8912164 ]
Advants:
[-8.55290283 -8.46041531 -8.32231299 -8.12978899 -8.01369319 -7.80553745
 -7.61564697 -7.37358279 -7.1468953  -6.86489948 -6.65135414 -6.33589489
 -6.05646969 -5.78840156 -5.49798731 -5.18355597 -4.90184751 -4.5366327
 -4.21994027 -3.76592543 -3.27323434 -2.82117118 -2.24880888 -1.59075614
 -0.83814657]
Mus:
[[0.25529966 0.28516638 0.23828538 0.22124866]
 [0.25500414 0.28770223 0.23664138 0.22065221]
 [0.25450787 0.29069108 0.2352045  0.21959655]
 [0.25500414 0.28770223 0.23664138 0.22065221]
 [0.25544986 0.28817207 0.23637344 0.22000466]
 [0.25568086 0.28524476 0.23822485 0.22084953]
 [0.25544986 0.28817207 0.23637344 0.22000466]
 [0.25568086 0.28524476 0.23822485 0.22084953]
 [0.25544986 0.28817207 0.23637344 0.22000466]
 [0.25568086 0.28524476 0.23822485 0.22084953]
 [0.25630412 0.2866494  0.23789486 0.21915166]
 [0.25680903 0.28386763 0.23996964 0.2193537 ]
 [0.25595528 0.2827253  0.24014407 0.22117534]
 [0.2553593  0.28294805 0.23984177 0.22185096]
 [0.25570232 0.28053162 0.2418136  0.22195251]
 [0.25570232 0.28053162 0.2418136  0.22195251]
 [0.25570232 0.28053162 0.2418136  0.22195251]
 [0.25570232 0.28053162 0.2418136  0.22195251]
 [0.25631383 0.28038588 0.24212594 0.22117443]
 [0.25631383 0.28038588 0.24212594 0.22117443]
 [0.25631383 0.28038588 0.24212594 0.22117443]
 [0.25720176 0.2809932  0.24223013 0.21957496]
 [0.25680903 0.28386763 0.23996964 0.2193537 ]
 [0.25630412 0.2866494  0.23789486 0.21915166]
 [0.2558718  0.2898044  0.23592407 0.21839972]]
Actions:
[[0. 1. 0. 0.]
 [0. 1. 0. 0.]
 [0. 0. 0. 1.]
 [1. 0. 0. 0.]
 [0. 0. 0. 1.]
 [0. 1. 0. 0.]
 [0. 0. 0. 1.]
 [0. 1. 0. 0.]
 [0. 0. 0. 1.]
 [1. 0. 0. 0.]
 [0. 0. 0. 1.]
 [0. 0. 1. 0.]
 [0. 0. 1. 0.]
 [0. 0. 0. 1.]
 [0. 0. 0. 1.]
 [0. 0. 1. 0.]
 [0. 0. 0. 1.]
 [1. 0. 0. 0.]
 [0. 0. 0. 1.]
 [0. 0. 0. 1.]
 [1. 0. 0. 0.]
 [0. 1. 0. 0.]
 [0. 1. 0. 0.]
 [0. 1. 0. 0.]
 [0. 0. 1. 0.]]
States:
[[0.  0.8]
 [0.  0.9]
 [0.  1. ]
 [0.  0.9]
 [0.1 0.9]
 [0.1 0.8]
 [0.1 0.9]
 [0.1 0.8]
 [0.1 0.9]
 [0.1 0.8]
 [0.2 0.8]
 [0.2 0.7]
 [0.1 0.7]
 [0.  0.7]
 [0.  0.6]
 [0.  0.6]
 [0.  0.6]
 [0.  0.6]
 [0.1 0.6]
 [0.1 0.6]
 [0.1 0.6]
 [0.2 0.6]
 [0.2 0.7]
 [0.2 0.8]
 [0.2 0.9]]
Logstds:
[[0. 0. 0. 0.]
 [0. 0. 0. 0.]
 [0. 0. 0. 0.]
 [0. 0. 0. 0.]
 [0. 0. 0. 0.]
 [0. 0. 0. 0.]
 [0. 0. 0. 0.]
 [0. 0. 0. 0.]
 [0. 0. 0. 0.]
 [0. 0. 0. 0.]
 [0. 0. 0. 0.]
 [0. 0. 0. 0.]
 [0. 0. 0. 0.]
 [0. 0. 0. 0.]
 [0. 0. 0. 0.]
 [0. 0. 0. 0.]
 [0. 0. 0. 0.]
 [0. 0. 0. 0.]
 [0. 0. 0. 0.]
 [0. 0. 0. 0.]
 [0. 0. 0. 0.]
 [0. 0. 0. 0.]
 [0. 0. 0. 0.]
 [0. 0. 0. 0.]
 [0. 0. 0. 0.]]
