Baseline:
[-0.94465536 -0.95812315 -0.91964763 -0.91964763 -0.8810702  -0.8435664
 -0.86052096 -0.8804356  -0.86052096 -0.8804356  -0.90061194 -0.9311192
 -0.91177374 -0.8804356  -0.91177374 -0.9311192  -0.91177374 -0.8804356
 -0.90061194 -0.8699215  -0.8699215  -0.8406377  -0.8146623  -0.8146623
 -0.8146623  -0.8146623 ]
Returns:
[-11.05872452 -10.86706155 -10.53984209 -10.27931246  -9.96109012
  -9.66717749  -9.47457526  -9.24087685  -8.9182075   -8.65522658
  -8.3468343   -7.96843893  -7.50963155  -7.02120923  -6.60690181
  -6.1588205   -5.60477005  -5.01609186  -4.51616617  -3.87612659
  -3.27659707  -2.61013946  -1.94630971  -1.32257414  -0.66601038]
Advants:
[-7.93944951 -7.85553101 -7.68939488 -7.55386007 -7.401209   -7.27468222
 -7.19959057 -7.08405376 -6.92177402 -6.78257079 -6.5997733  -6.33641314
 -6.0413004  -5.72672545 -5.42194623 -5.09292939 -4.69188776 -4.26236012
 -3.86487296 -3.36973792 -2.87560994 -2.33311028 -1.77826749 -1.2253242
 -0.62527722]
Mus:
[[0.25720176 0.2809932  0.24223013 0.21957496]
 [0.2578627  0.28150547 0.24215011 0.21848173]
 [0.25790602 0.27819282 0.24526347 0.21863773]
 [0.25790602 0.27819282 0.24526347 0.21863773]
 [0.2577019  0.27532676 0.24815924 0.21881211]
 [0.2574822  0.27274606 0.2502805  0.21949127]
 [0.25798878 0.27386254 0.2495488  0.21859986]
 [0.25866643 0.2754603  0.24826841 0.2176048 ]
 [0.25798878 0.27386254 0.2495488  0.21859986]
 [0.25866643 0.2754603  0.24826841 0.2176048 ]
 [0.25950196 0.2771861  0.24672976 0.21658213]
 [0.25948626 0.28070253 0.24371035 0.21610075]
 [0.25890708 0.27817583 0.24605037 0.21686669]
 [0.25866643 0.2754603  0.24826841 0.2176048 ]
 [0.25890708 0.27817583 0.24605037 0.21686669]
 [0.25948626 0.28070253 0.24371035 0.21610075]
 [0.25890708 0.27817583 0.24605037 0.21686669]
 [0.25866643 0.2754603  0.24826841 0.2176048 ]
 [0.25950196 0.2771861  0.24672976 0.21658213]
 [0.2602806  0.27327022 0.24897115 0.21747795]
 [0.2602806  0.27327022 0.24897115 0.21747795]
 [0.26117095 0.26926658 0.25090307 0.21865943]
 [0.26095232 0.2659188  0.25372934 0.2193995 ]
 [0.26095232 0.2659188  0.25372934 0.2193995 ]
 [0.26095232 0.2659188  0.25372934 0.2193995 ]]
Actions:
[[1. 0. 0. 0.]
 [0. 0. 0. 1.]
 [0. 0. 1. 0.]
 [0. 0. 0. 1.]
 [0. 0. 0. 1.]
 [1. 0. 0. 0.]
 [1. 0. 0. 0.]
 [0. 0. 1. 0.]
 [1. 0. 0. 0.]
 [1. 0. 0. 0.]
 [0. 1. 0. 0.]
 [0. 0. 1. 0.]
 [0. 0. 0. 1.]
 [0. 1. 0. 0.]
 [1. 0. 0. 0.]
 [0. 0. 1. 0.]
 [0. 0. 0. 1.]
 [1. 0. 0. 0.]
 [0. 0. 0. 1.]
 [0. 0. 1. 0.]
 [0. 0. 0. 1.]
 [0. 0. 0. 1.]
 [0. 0. 1. 0.]
 [0. 0. 1. 0.]
 [1. 0. 0. 0.]]
States:
[[0.2 0.6]
 [0.3 0.6]
 [0.3 0.5]
 [0.3 0.5]
 [0.3 0.4]
 [0.3 0.3]
 [0.4 0.3]
 [0.5 0.3]
 [0.4 0.3]
 [0.5 0.3]
 [0.6 0.3]
 [0.6 0.4]
 [0.5 0.4]
 [0.5 0.3]
 [0.5 0.4]
 [0.6 0.4]
 [0.5 0.4]
 [0.5 0.3]
 [0.6 0.3]
 [0.6 0.2]
 [0.6 0.2]
 [0.6 0.1]
 [0.6 0. ]
 [0.6 0. ]
 [0.6 0. ]]
Logstds:
[[0. 0. 0. 0.]
 [0. 0. 0. 0.]
 [0. 0. 0. 0.]
 [0. 0. 0. 0.]
 [0. 0. 0. 0.]
 [0. 0. 0. 0.]
 [0. 0. 0. 0.]
 [0. 0. 0. 0.]
 [0. 0. 0. 0.]
 [0. 0. 0. 0.]
 [0. 0. 0. 0.]
 [0. 0. 0. 0.]
 [0. 0. 0. 0.]
 [0. 0. 0. 0.]
 [0. 0. 0. 0.]
 [0. 0. 0. 0.]
 [0. 0. 0. 0.]
 [0. 0. 0. 0.]
 [0. 0. 0. 0.]
 [0. 0. 0. 0.]
 [0. 0. 0. 0.]
 [0. 0. 0. 0.]
 [0. 0. 0. 0.]
 [0. 0. 0. 0.]
 [0. 0. 0. 0.]]
