Baseline:
[-2.3650723 -2.4259875 -2.3834934 -2.4259875 -2.3834934 -2.3414867
 -2.2997692 -2.3645606 -2.4041677 -2.3645606 -2.2997692 -2.2598763
 -2.3244052 -2.3244052 -2.3645606 -2.4041677 -2.4456325 -2.4041677
 -2.3645606 -2.3244052 -2.3645606 -2.3645606 -2.3244052 -2.3645606
 -2.3244052 -2.3244052]
Returns:
[-17.789082   -17.4126238  -16.93728238 -16.58558939 -16.06671984
 -15.55923595 -15.06272067 -14.61467531 -14.16763446 -13.55552821
 -12.88383288 -12.28383787 -11.72670586 -11.05843589 -10.46004292
  -9.79433721  -9.05717367  -8.13885368  -7.20944318  -6.26769678
  -5.41715965  -4.41466868  -3.32582888  -2.3204566   -1.12139511]
Advants:
[-12.38619342 -12.1535413  -11.92946775 -11.74964799 -11.4911679
 -11.2477517  -11.01986583 -10.7374099  -10.48571775 -10.15048302
  -9.78228546  -9.4639017   -9.08532372  -8.66017614  -8.26571196
  -7.8034628   -7.26452231  -6.62065419  -5.95616553  -5.27119906
  -4.58803744  -3.77975148  -2.90938241  -2.02502425  -1.00517488]
Mus:
[[0.2606076  0.29963258 0.2295155  0.21024439]
 [0.2601313  0.3029988  0.22755642 0.2093135 ]
 [0.25941777 0.30208194 0.22850005 0.21000017]
 [0.2601313  0.3029988  0.22755642 0.2093135 ]
 [0.25941777 0.30208194 0.22850005 0.21000017]
 [0.25953948 0.30044404 0.22928064 0.21073581]
 [0.25962454 0.2985617  0.2302689  0.21154492]
 [0.25919223 0.30164802 0.2284222  0.21073751]
 [0.25934857 0.30337563 0.22730306 0.20997274]
 [0.25919223 0.30164802 0.2284222  0.21073751]
 [0.25962454 0.2985617  0.2302689  0.21154492]
 [0.2591561  0.2966036  0.23169684 0.2125435 ]
 [0.2584849  0.29996115 0.22948857 0.21206535]
 [0.2584849  0.29996115 0.22948857 0.21206535]
 [0.25919223 0.30164802 0.2284222  0.21073751]
 [0.25934857 0.30337563 0.22730306 0.20997274]
 [0.25929862 0.30494922 0.22654337 0.20920882]
 [0.25934857 0.30337563 0.22730306 0.20997274]
 [0.25919223 0.30164802 0.2284222  0.21073751]
 [0.2584849  0.29996115 0.22948857 0.21206535]
 [0.25919223 0.30164802 0.2284222  0.21073751]
 [0.25919223 0.30164802 0.2284222  0.21073751]
 [0.2584849  0.29996115 0.22948857 0.21206535]
 [0.25919223 0.30164802 0.2284222  0.21073751]
 [0.2584849  0.29996115 0.22948857 0.21206535]]
Actions:
[[0. 1. 0. 0.]
 [0. 0. 1. 0.]
 [1. 0. 0. 0.]
 [0. 0. 1. 0.]
 [0. 0. 1. 0.]
 [0. 0. 1. 0.]
 [0. 1. 0. 0.]
 [1. 0. 0. 0.]
 [0. 0. 1. 0.]
 [0. 0. 0. 1.]
 [0. 0. 1. 0.]
 [0. 1. 0. 0.]
 [0. 0. 1. 0.]
 [1. 0. 0. 0.]
 [1. 0. 0. 0.]
 [1. 0. 0. 0.]
 [0. 0. 1. 0.]
 [0. 0. 1. 0.]
 [0. 0. 1. 0.]
 [1. 0. 0. 0.]
 [0. 1. 0. 0.]
 [0. 0. 1. 0.]
 [1. 0. 0. 0.]
 [0. 0. 1. 0.]
 [1. 0. 0. 0.]]
States:
[[1.  0.8]
 [1.  0.9]
 [0.9 0.9]
 [1.  0.9]
 [0.9 0.9]
 [0.8 0.9]
 [0.7 0.9]
 [0.7 1. ]
 [0.8 1. ]
 [0.7 1. ]
 [0.7 0.9]
 [0.6 0.9]
 [0.6 1. ]
 [0.6 1. ]
 [0.7 1. ]
 [0.8 1. ]
 [0.9 1. ]
 [0.8 1. ]
 [0.7 1. ]
 [0.6 1. ]
 [0.7 1. ]
 [0.7 1. ]
 [0.6 1. ]
 [0.7 1. ]
 [0.6 1. ]]
Logstds:
[[0. 0. 0. 0.]
 [0. 0. 0. 0.]
 [0. 0. 0. 0.]
 [0. 0. 0. 0.]
 [0. 0. 0. 0.]
 [0. 0. 0. 0.]
 [0. 0. 0. 0.]
 [0. 0. 0. 0.]
 [0. 0. 0. 0.]
 [0. 0. 0. 0.]
 [0. 0. 0. 0.]
 [0. 0. 0. 0.]
 [0. 0. 0. 0.]
 [0. 0. 0. 0.]
 [0. 0. 0. 0.]
 [0. 0. 0. 0.]
 [0. 0. 0. 0.]
 [0. 0. 0. 0.]
 [0. 0. 0. 0.]
 [0. 0. 0. 0.]
 [0. 0. 0. 0.]
 [0. 0. 0. 0.]
 [0. 0. 0. 0.]
 [0. 0. 0. 0.]
 [0. 0. 0. 0.]]
