Baseline:
[-0.16419898 -0.17139225 -0.17750143 -0.16958104 -0.17475744 -0.17899497
 -0.17475744 -0.16734199 -0.16236551 -0.16958104 -0.16419898 -0.16419898
 -0.16958104 -0.17750143 -0.18512885 -0.18512885 -0.17750143 -0.18202682
 -0.18794747 -0.19740278 -0.20506042 -0.19740278 -0.19740278 -0.18794747
 -0.17899497 -0.17899497]
Returns:
[-11.91076844 -11.62711475 -11.32295154 -10.99394502 -10.71322368
 -10.44369859 -10.22493193  -9.89680144  -9.65311624  -9.31279836
  -8.98588348  -8.61514883  -8.18286273  -7.73203182  -7.22357712
  -6.65446988  -6.04717233  -5.47473809  -4.89731196  -4.29715901
  -3.65094617  -3.03981759  -2.30827095  -1.5233281   -0.73001325]
Advants:
[-9.0604803  -8.89511368 -8.71141493 -8.51775431 -8.36129493 -8.21953026
 -8.14160869 -7.95921937 -7.86323727 -7.65984045 -7.48477852 -7.26152617
 -6.97036787 -6.65641901 -6.28151324 -5.84800758 -5.37694408 -4.92170256
 -4.45240099 -3.94769926 -3.38744925 -2.86690998 -2.20273457 -1.47637326
 -0.72106349]
Mus:
[[0.2606076  0.29963258 0.2295155  0.21024439]
 [0.2601313  0.3029988  0.22755642 0.2093135 ]
 [0.25941777 0.30208194 0.22850005 0.21000017]
 [0.25988448 0.29883233 0.23036462 0.21091855]
 [0.25957286 0.2974508  0.23138697 0.21158926]
 [0.25969306 0.2955919  0.23233508 0.21237999]
 [0.25957286 0.2974508  0.23138697 0.21158926]
 [0.259691   0.29433227 0.23337223 0.2126045 ]
 [0.26043135 0.2953836  0.23232113 0.21186392]
 [0.25988448 0.29883233 0.23036462 0.21091855]
 [0.2606076  0.29963258 0.2295155  0.21024439]
 [0.2606076  0.29963258 0.2295155  0.21024439]
 [0.25988448 0.29883233 0.23036462 0.21091855]
 [0.25941777 0.30208194 0.22850005 0.21000017]
 [0.25929862 0.30494922 0.22654337 0.20920882]
 [0.25929862 0.30494922 0.22654337 0.20920882]
 [0.25941777 0.30208194 0.22850005 0.21000017]
 [0.25953948 0.30044404 0.22928064 0.21073581]
 [0.25962454 0.2985617  0.2302689  0.21154492]
 [0.25919223 0.30164802 0.2284222  0.21073751]
 [0.2584849  0.29996115 0.22948857 0.21206535]
 [0.25919223 0.30164802 0.2284222  0.21073751]
 [0.25919223 0.30164802 0.2284222  0.21073751]
 [0.25962454 0.2985617  0.2302689  0.21154492]
 [0.25969306 0.2955919  0.23233508 0.21237999]]
Actions:
[[0. 1. 0. 0.]
 [0. 0. 1. 0.]
 [0. 0. 0. 1.]
 [0. 0. 1. 0.]
 [0. 0. 1. 0.]
 [1. 0. 0. 0.]
 [0. 0. 0. 1.]
 [1. 0. 0. 0.]
 [0. 1. 0. 0.]
 [1. 0. 0. 0.]
 [1. 0. 0. 0.]
 [0. 0. 1. 0.]
 [0. 1. 0. 0.]
 [0. 1. 0. 0.]
 [0. 1. 0. 0.]
 [0. 0. 0. 1.]
 [0. 0. 1. 0.]
 [0. 0. 1. 0.]
 [0. 1. 0. 0.]
 [0. 0. 1. 0.]
 [1. 0. 0. 0.]
 [0. 1. 0. 0.]
 [0. 0. 0. 1.]
 [0. 0. 0. 1.]
 [1. 0. 0. 0.]]
States:
[[1.  0.8]
 [1.  0.9]
 [0.9 0.9]
 [0.9 0.8]
 [0.8 0.8]
 [0.7 0.8]
 [0.8 0.8]
 [0.8 0.7]
 [0.9 0.7]
 [0.9 0.8]
 [1.  0.8]
 [1.  0.8]
 [0.9 0.8]
 [0.9 0.9]
 [0.9 1. ]
 [0.9 1. ]
 [0.9 0.9]
 [0.8 0.9]
 [0.7 0.9]
 [0.7 1. ]
 [0.6 1. ]
 [0.7 1. ]
 [0.7 1. ]
 [0.7 0.9]
 [0.7 0.8]]
Logstds:
[[0. 0. 0. 0.]
 [0. 0. 0. 0.]
 [0. 0. 0. 0.]
 [0. 0. 0. 0.]
 [0. 0. 0. 0.]
 [0. 0. 0. 0.]
 [0. 0. 0. 0.]
 [0. 0. 0. 0.]
 [0. 0. 0. 0.]
 [0. 0. 0. 0.]
 [0. 0. 0. 0.]
 [0. 0. 0. 0.]
 [0. 0. 0. 0.]
 [0. 0. 0. 0.]
 [0. 0. 0. 0.]
 [0. 0. 0. 0.]
 [0. 0. 0. 0.]
 [0. 0. 0. 0.]
 [0. 0. 0. 0.]
 [0. 0. 0. 0.]
 [0. 0. 0. 0.]
 [0. 0. 0. 0.]
 [0. 0. 0. 0.]
 [0. 0. 0. 0.]
 [0. 0. 0. 0.]]
