Baseline:
[0.99484473 1.0361611  1.0777527  1.1042651  1.0629065  1.0629065
 1.0361611  1.0111456  0.9985086  1.0111456  0.9985086  0.9892436
 0.94571775 0.94571775 0.90223616 0.94571775 0.94571775 0.9552421
 0.91216946 0.9263066  0.96851134 0.9552421  0.96851134 0.9552421
 0.96851134 0.96851134]
Returns:
[-1.96167923 -1.86458676 -1.7492271  -1.65963681 -1.59137884 -1.49535044
 -1.41553072 -1.34432357 -1.28190498 -1.20921692 -1.13968745 -1.07999441
 -1.04511032 -1.01089249 -0.98704161 -0.89155839 -0.84925888 -0.77981959
 -0.7321931  -0.65926902 -0.51937095 -0.42941399 -0.32585252 -0.22571037
 -0.11142766]
Advants:
[-2.11602342 -2.07836125 -2.02196882 -1.97579583 -1.88113406 -1.79836447
 -1.70289171 -1.61573043 -1.54818679 -1.49443037 -1.41655352 -1.35011786
 -1.27202004 -1.23708266 -1.16688689 -1.11016975 -1.0614448  -0.99270405
 -0.88962214 -0.81557943 -0.69830928 -0.57064598 -0.45104241 -0.30231514
 -0.15985322]
Mus:
[[0.25507787 0.28148353 0.27006966 0.1933689 ]
 [0.25586447 0.28340423 0.2688695  0.19186173]
 [0.2565149  0.28498226 0.268045   0.19045782]
 [0.25859162 0.28600055 0.2651427  0.19026516]
 [0.25808397 0.2841792  0.266332   0.19140477]
 [0.25808397 0.2841792  0.266332   0.19140477]
 [0.25586447 0.28340423 0.2688695  0.19186173]
 [0.25390837 0.2820259  0.27197886 0.19208688]
 [0.2516098  0.28013137 0.27568707 0.19257182]
 [0.25390837 0.2820259  0.27197886 0.19208688]
 [0.2516098  0.28013137 0.27568707 0.19257182]
 [0.24847582 0.2775015  0.280943   0.19307972]
 [0.24768008 0.27621937 0.2814319  0.19466865]
 [0.24768008 0.27621937 0.2814319  0.19466865]
 [0.24626715 0.27472165 0.2823628  0.19664836]
 [0.24768008 0.27621937 0.2814319  0.19466865]
 [0.24768008 0.27621937 0.2814319  0.19466865]
 [0.25051224 0.2786596  0.2766165  0.19421163]
 [0.24924172 0.27718598 0.2775636  0.19600873]
 [0.25160366 0.27844897 0.27444822 0.19549908]
 [0.2527904  0.28029448 0.273075   0.1938401 ]
 [0.25051224 0.2786596  0.2766165  0.19421163]
 [0.2527904  0.28029448 0.273075   0.1938401 ]
 [0.25051224 0.2786596  0.2766165  0.19421163]
 [0.2527904  0.28029448 0.273075   0.1938401 ]]
Actions:
[[0. 1. 0. 0.]
 [0. 1. 0. 0.]
 [1. 0. 0. 0.]
 [0. 0. 0. 1.]
 [1. 0. 0. 0.]
 [0. 0. 1. 0.]
 [0. 0. 1. 0.]
 [0. 0. 1. 0.]
 [1. 0. 0. 0.]
 [0. 0. 1. 0.]
 [0. 0. 1. 0.]
 [0. 0. 0. 1.]
 [0. 0. 1. 0.]
 [0. 0. 0. 1.]
 [0. 1. 0. 0.]
 [0. 0. 1. 0.]
 [1. 0. 0. 0.]
 [0. 0. 0. 1.]
 [1. 0. 0. 0.]
 [0. 1. 0. 0.]
 [0. 0. 1. 0.]
 [1. 0. 0. 0.]
 [0. 0. 1. 0.]
 [1. 0. 0. 0.]
 [0. 0. 1. 0.]]
States:
[[0.3 0.8]
 [0.3 0.9]
 [0.3 1. ]
 [0.4 1. ]
 [0.4 0.9]
 [0.4 0.9]
 [0.3 0.9]
 [0.2 0.9]
 [0.1 0.9]
 [0.2 0.9]
 [0.1 0.9]
 [0.  0.9]
 [0.  0.8]
 [0.  0.8]
 [0.  0.7]
 [0.  0.8]
 [0.  0.8]
 [0.1 0.8]
 [0.1 0.7]
 [0.2 0.7]
 [0.2 0.8]
 [0.1 0.8]
 [0.2 0.8]
 [0.1 0.8]
 [0.2 0.8]]
Logstds:
[[0. 0. 0. 0.]
 [0. 0. 0. 0.]
 [0. 0. 0. 0.]
 [0. 0. 0. 0.]
 [0. 0. 0. 0.]
 [0. 0. 0. 0.]
 [0. 0. 0. 0.]
 [0. 0. 0. 0.]
 [0. 0. 0. 0.]
 [0. 0. 0. 0.]
 [0. 0. 0. 0.]
 [0. 0. 0. 0.]
 [0. 0. 0. 0.]
 [0. 0. 0. 0.]
 [0. 0. 0. 0.]
 [0. 0. 0. 0.]
 [0. 0. 0. 0.]
 [0. 0. 0. 0.]
 [0. 0. 0. 0.]
 [0. 0. 0. 0.]
 [0. 0. 0. 0.]
 [0. 0. 0. 0.]
 [0. 0. 0. 0.]
 [0. 0. 0. 0.]
 [0. 0. 0. 0.]]
