Baseline:
[-0.17899497 -0.17475744 -0.17899497 -0.17475744 -0.18202682 -0.19078645
 -0.18512885 -0.18512885 -0.18512885 -0.18512885 -0.17934416  0.        ]
Returns:
[-7.07885437 -6.68299066 -6.20134804 -5.75929978 -5.20910052 -4.59715702
 -3.98735369 -3.2479189  -2.46956649 -1.65024792 -0.85936219]
Advants:
[-6.02520896 -5.76035931 -5.39702823 -5.07866563 -4.63357928 -4.11563497
 -3.60431687 -2.94274832 -2.2248226  -1.44573855 -0.68001802]
Mus:
[[0.25969306 0.2955919  0.23233508 0.21237999]
 [0.25957286 0.2974508  0.23138697 0.21158926]
 [0.25969306 0.2955919  0.23233508 0.21237999]
 [0.25957286 0.2974508  0.23138697 0.21158926]
 [0.25953948 0.30044404 0.22928064 0.21073581]
 [0.25934857 0.30337563 0.22730306 0.20997274]
 [0.25929862 0.30494922 0.22654337 0.20920882]
 [0.25929862 0.30494922 0.22654337 0.20920882]
 [0.25929862 0.30494922 0.22654337 0.20920882]
 [0.25929862 0.30494922 0.22654337 0.20920882]
 [0.259718   0.30611315 0.22571214 0.20845671]]
Actions:
[[1. 0. 0. 0.]
 [0. 0. 1. 0.]
 [1. 0. 0. 0.]
 [0. 1. 0. 0.]
 [0. 1. 0. 0.]
 [1. 0. 0. 0.]
 [0. 1. 0. 0.]
 [0. 1. 0. 0.]
 [0. 1. 0. 0.]
 [1. 0. 0. 0.]
 [1. 0. 0. 0.]]
States:
[[0.7 0.8]
 [0.8 0.8]
 [0.7 0.8]
 [0.8 0.8]
 [0.8 0.9]
 [0.8 1. ]
 [0.9 1. ]
 [0.9 1. ]
 [0.9 1. ]
 [0.9 1. ]
 [1.  1. ]]
Logstds:
[[0. 0. 0. 0.]
 [0. 0. 0. 0.]
 [0. 0. 0. 0.]
 [0. 0. 0. 0.]
 [0. 0. 0. 0.]
 [0. 0. 0. 0.]
 [0. 0. 0. 0.]
 [0. 0. 0. 0.]
 [0. 0. 0. 0.]
 [0. 0. 0. 0.]
 [0. 0. 0. 0.]]
