Baseline:
[0.10867711 0.10659819 0.1023704  0.10582614 0.10867711 0.10659819
 0.10360258 0.10659819 0.10791302 0.10779994 0.10914075 0.10872584
 0.11005235 0.11076454 0.11005235 0.11076454 0.11378787 0.11727612
 0.11727612 0.11704034 0.11351749 0.11704034 0.11727612 0.11378787
 0.11076454 0.11076454]
Returns:
[-9.31772509 -9.19415314 -9.08092613 -9.00895415 -8.95197101 -8.80914884
 -8.63065373 -8.47500725 -8.33360304 -8.10464158 -7.88760852 -7.58146951
 -7.27959881 -6.93173757 -6.51771159 -6.12975103 -5.69109196 -5.19932597
 -4.65129995 -4.08548819 -3.48931801 -2.91094021 -2.22327412 -1.49941113
 -0.76815921]
Advants:
[-7.02527252 -6.98272828 -6.95182708 -6.97511861 -7.01894088 -6.97585726
 -6.89924443 -6.85568452 -6.82964658 -6.71725446 -6.62151355 -6.43564824
 -6.25677858 -6.03093267 -5.73500408 -5.46470966 -5.1425175  -4.76224597
 -4.31447761 -3.83972176 -3.32055014 -2.81529703 -2.18213694 -1.49118362
 -0.77369744]
Mus:
[[0.25677955 0.27203348 0.2734272  0.19775978]
 [0.25602612 0.27602908 0.2717875  0.19615735]
 [0.25213057 0.2755329  0.27473772 0.19759884]
 [0.2523132  0.27232686 0.27621904 0.19914082]
 [0.25677955 0.27203348 0.2734272  0.19775978]
 [0.25602612 0.27602908 0.2717875  0.19615735]
 [0.25606734 0.27875936 0.27041394 0.19475937]
 [0.25602612 0.27602908 0.2717875  0.19615735]
 [0.26058388 0.27552563 0.26891318 0.19497737]
 [0.26045677 0.2785319  0.2674665  0.19354479]
 [0.26512167 0.27805102 0.26441002 0.19241728]
 [0.26514602 0.28084964 0.26286966 0.19113463]
 [0.2689665  0.279596   0.2607683  0.19066921]
 [0.27150512 0.2785818  0.2586924  0.19122064]
 [0.2689665  0.279596   0.2607683  0.19066921]
 [0.27150512 0.2785818  0.2586924  0.19122064]
 [0.27310598 0.2775488  0.25723097 0.19211432]
 [0.27471393 0.27707157 0.25590095 0.19231355]
 [0.27471393 0.27707157 0.25590095 0.19231355]
 [0.27496335 0.27492574 0.2571114  0.19299944]
 [0.27345335 0.27544153 0.25820687 0.19289829]
 [0.27496335 0.27492574 0.2571114  0.19299944]
 [0.27471393 0.27707157 0.25590095 0.19231355]
 [0.27310598 0.2775488  0.25723097 0.19211432]
 [0.27150512 0.2785818  0.2586924  0.19122064]]
Actions:
[[0. 1. 0. 0.]
 [0. 0. 1. 0.]
 [0. 0. 0. 1.]
 [1. 0. 0. 0.]
 [0. 1. 0. 0.]
 [0. 1. 0. 0.]
 [0. 0. 0. 1.]
 [1. 0. 0. 0.]
 [0. 1. 0. 0.]
 [1. 0. 0. 0.]
 [0. 1. 0. 0.]
 [1. 0. 0. 0.]
 [1. 0. 0. 0.]
 [0. 0. 1. 0.]
 [1. 0. 0. 0.]
 [1. 0. 0. 0.]
 [1. 0. 0. 0.]
 [1. 0. 0. 0.]
 [0. 0. 0. 1.]
 [0. 0. 1. 0.]
 [1. 0. 0. 0.]
 [0. 1. 0. 0.]
 [0. 0. 1. 0.]
 [0. 0. 1. 0.]
 [0. 1. 0. 0.]]
States:
[[0.4 0.4]
 [0.4 0.5]
 [0.3 0.5]
 [0.3 0.4]
 [0.4 0.4]
 [0.4 0.5]
 [0.4 0.6]
 [0.4 0.5]
 [0.5 0.5]
 [0.5 0.6]
 [0.6 0.6]
 [0.6 0.7]
 [0.7 0.7]
 [0.8 0.7]
 [0.7 0.7]
 [0.8 0.7]
 [0.9 0.7]
 [1.  0.7]
 [1.  0.7]
 [1.  0.6]
 [0.9 0.6]
 [1.  0.6]
 [1.  0.7]
 [0.9 0.7]
 [0.8 0.7]]
Logstds:
[[0. 0. 0. 0.]
 [0. 0. 0. 0.]
 [0. 0. 0. 0.]
 [0. 0. 0. 0.]
 [0. 0. 0. 0.]
 [0. 0. 0. 0.]
 [0. 0. 0. 0.]
 [0. 0. 0. 0.]
 [0. 0. 0. 0.]
 [0. 0. 0. 0.]
 [0. 0. 0. 0.]
 [0. 0. 0. 0.]
 [0. 0. 0. 0.]
 [0. 0. 0. 0.]
 [0. 0. 0. 0.]
 [0. 0. 0. 0.]
 [0. 0. 0. 0.]
 [0. 0. 0. 0.]
 [0. 0. 0. 0.]
 [0. 0. 0. 0.]
 [0. 0. 0. 0.]
 [0. 0. 0. 0.]
 [0. 0. 0. 0.]
 [0. 0. 0. 0.]
 [0. 0. 0. 0.]]
