Baseline:
[1.004555  1.0178922 1.0178922 1.004555  1.004555  1.004555  0.9937023
 0.9937023 1.004555  1.0178922 1.034922  1.034922  1.034922  1.0550159
 1.0132998 1.0132998 1.0132998 1.0550159 1.0550159 1.0550159 1.0132998
 0.9730785 1.0132998 1.0550159 1.034922  1.034922 ]
Returns:
[-3.29684524 -3.25522502 -3.16901692 -3.11311241 -3.03389834 -2.9505151
 -2.89580139 -2.8190679  -2.76203814 -2.69227019 -2.60931206 -2.47516325
 -2.33395397 -2.22275658 -2.07509652 -1.95519626 -1.82898546 -1.65491356
 -1.45683416 -1.29046041 -1.09373212 -0.90312707 -0.6965144  -0.46283876
 -0.24150395]
Advants:
[-3.05693288 -3.05479549 -2.99429401 -2.95080723 -2.89709222 -2.83880137
 -2.79843709 -2.74667941 -2.72617763 -2.69586414 -2.65623878 -2.54648473
 -2.42738104 -2.35744863 -2.18519003 -2.08015729 -1.9661771  -1.84300032
 -1.64875571 -1.48139784 -1.23451093 -0.98738387 -0.79815713 -0.57548
 -0.29325008]
Mus:
[[0.2549495  0.29121298 0.23503207 0.21880545]
 [0.2554632  0.2928517  0.23413143 0.21755369]
 [0.2554632  0.2928517  0.23413143 0.21755369]
 [0.2549495  0.29121298 0.23503207 0.21880545]
 [0.2549495  0.29121298 0.23503207 0.21880545]
 [0.2549495  0.29121298 0.23503207 0.21880545]
 [0.25450787 0.29069108 0.2352045  0.21959655]
 [0.25450787 0.29069108 0.2352045  0.21959655]
 [0.2549495  0.29121298 0.23503207 0.21880545]
 [0.2554632  0.2928517  0.23413143 0.21755369]
 [0.25585172 0.29473436 0.23327602 0.21613789]
 [0.25585172 0.29473436 0.23327602 0.21613789]
 [0.25585172 0.29473436 0.23327602 0.21613789]
 [0.256633   0.29624987 0.23218006 0.214937  ]
 [0.25704822 0.29309538 0.23421931 0.21563706]
 [0.25704822 0.29309538 0.23421931 0.21563706]
 [0.25704822 0.29309538 0.23421931 0.21563706]
 [0.256633   0.29624987 0.23218006 0.214937  ]
 [0.256633   0.29624987 0.23218006 0.214937  ]
 [0.256633   0.29624987 0.23218006 0.214937  ]
 [0.25704822 0.29309538 0.23421931 0.21563706]
 [0.25784215 0.28955188 0.2363831  0.2162229 ]
 [0.25704822 0.29309538 0.23421931 0.21563706]
 [0.256633   0.29624987 0.23218006 0.214937  ]
 [0.25585172 0.29473436 0.23327602 0.21613789]]
Actions:
[[1. 0. 0. 0.]
 [0. 1. 0. 0.]
 [0. 0. 1. 0.]
 [0. 1. 0. 0.]
 [0. 1. 0. 0.]
 [0. 0. 1. 0.]
 [0. 1. 0. 0.]
 [1. 0. 0. 0.]
 [1. 0. 0. 0.]
 [1. 0. 0. 0.]
 [0. 1. 0. 0.]
 [0. 1. 0. 0.]
 [1. 0. 0. 0.]
 [0. 0. 0. 1.]
 [1. 0. 0. 0.]
 [1. 0. 0. 0.]
 [0. 1. 0. 0.]
 [0. 1. 0. 0.]
 [1. 0. 0. 0.]
 [0. 0. 0. 1.]
 [0. 0. 0. 1.]
 [0. 1. 0. 0.]
 [0. 1. 0. 0.]
 [0. 0. 1. 0.]
 [0. 0. 0. 1.]]
States:
[[0.1 1. ]
 [0.2 1. ]
 [0.2 1. ]
 [0.1 1. ]
 [0.1 1. ]
 [0.1 1. ]
 [0.  1. ]
 [0.  1. ]
 [0.1 1. ]
 [0.2 1. ]
 [0.3 1. ]
 [0.3 1. ]
 [0.3 1. ]
 [0.4 1. ]
 [0.4 0.9]
 [0.4 0.9]
 [0.4 0.9]
 [0.4 1. ]
 [0.4 1. ]
 [0.4 1. ]
 [0.4 0.9]
 [0.4 0.8]
 [0.4 0.9]
 [0.4 1. ]
 [0.3 1. ]]
Logstds:
[[0. 0. 0. 0.]
 [0. 0. 0. 0.]
 [0. 0. 0. 0.]
 [0. 0. 0. 0.]
 [0. 0. 0. 0.]
 [0. 0. 0. 0.]
 [0. 0. 0. 0.]
 [0. 0. 0. 0.]
 [0. 0. 0. 0.]
 [0. 0. 0. 0.]
 [0. 0. 0. 0.]
 [0. 0. 0. 0.]
 [0. 0. 0. 0.]
 [0. 0. 0. 0.]
 [0. 0. 0. 0.]
 [0. 0. 0. 0.]
 [0. 0. 0. 0.]
 [0. 0. 0. 0.]
 [0. 0. 0. 0.]
 [0. 0. 0. 0.]
 [0. 0. 0. 0.]
 [0. 0. 0. 0.]
 [0. 0. 0. 0.]
 [0. 0. 0. 0.]
 [0. 0. 0. 0.]]
