Baseline:
[0.96851134 0.9263066  0.91216946 0.9263066  0.88435864 0.9263066
 0.88435864 0.8690335  0.85991144 0.8690335  0.85991144 0.8690335
 0.91216946 0.9263066  0.91216946 0.90223616 0.85991144 0.85991144
 0.85991144 0.8690335  0.91216946 0.9552421  0.91216946 0.8690335
 0.8690335  0.8690335 ]
Returns:
[-1.34103826 -1.31122153 -1.27854466 -1.23437592 -1.2141447  -1.11702328
 -1.0906156  -1.06185032 -1.04572849 -1.01509501 -0.99651238 -0.96328857
 -0.86570429 -0.79980711 -0.74021369 -0.69167695 -0.66563654 -0.65258227
 -0.62975091 -0.57722387 -0.45932039 -0.3217501  -0.25001469 -0.18957103
 -0.1408695 ]
Advants:
[-1.6081048  -1.54553114 -1.50752189 -1.48611633 -1.4313749  -1.38256643
 -1.31900387 -1.27875125 -1.25689132 -1.23838686 -1.2130884  -1.1908525
 -1.13674496 -1.08375395 -1.00640719 -0.94220454 -0.86550407 -0.84300067
 -0.80920911 -0.75256786 -0.66112408 -0.54560698 -0.40443813 -0.26904863
 -0.18432117]
Mus:
[[0.2527904  0.28029448 0.273075   0.1938401 ]
 [0.25160366 0.27844897 0.27444822 0.19549908]
 [0.24924172 0.27718598 0.2775636  0.19600873]
 [0.25160366 0.27844897 0.27444822 0.19549908]
 [0.25020963 0.27651122 0.2760601  0.19721901]
 [0.25160366 0.27844897 0.27444822 0.19549908]
 [0.25020963 0.27651122 0.2760601  0.19721901]
 [0.24796636 0.27523673 0.2789434  0.19785348]
 [0.24515374 0.27291837 0.2831931  0.19873483]
 [0.24796636 0.27523673 0.2789434  0.19785348]
 [0.24515374 0.27291837 0.2831931  0.19873483]
 [0.24796636 0.27523673 0.2789434  0.19785348]
 [0.24924172 0.27718598 0.2775636  0.19600873]
 [0.25160366 0.27844897 0.27444822 0.19549908]
 [0.24924172 0.27718598 0.2775636  0.19600873]
 [0.24626715 0.27472165 0.2823628  0.19664836]
 [0.24515374 0.27291837 0.2831931  0.19873483]
 [0.24515374 0.27291837 0.2831931  0.19873483]
 [0.24515374 0.27291837 0.2831931  0.19873483]
 [0.24796636 0.27523673 0.2789434  0.19785348]
 [0.24924172 0.27718598 0.2775636  0.19600873]
 [0.25051224 0.2786596  0.2766165  0.19421163]
 [0.24924172 0.27718598 0.2775636  0.19600873]
 [0.24796636 0.27523673 0.2789434  0.19785348]
 [0.24796636 0.27523673 0.2789434  0.19785348]]
Actions:
[[0. 0. 0. 1.]
 [0. 0. 1. 0.]
 [1. 0. 0. 0.]
 [0. 0. 0. 1.]
 [0. 1. 0. 0.]
 [0. 0. 0. 1.]
 [0. 0. 1. 0.]
 [0. 0. 1. 0.]
 [1. 0. 0. 0.]
 [0. 0. 1. 0.]
 [1. 0. 0. 0.]
 [0. 1. 0. 0.]
 [1. 0. 0. 0.]
 [0. 0. 1. 0.]
 [0. 0. 1. 0.]
 [0. 0. 0. 1.]
 [0. 0. 0. 1.]
 [0. 0. 1. 0.]
 [1. 0. 0. 0.]
 [0. 1. 0. 0.]
 [0. 1. 0. 0.]
 [0. 0. 0. 1.]
 [0. 0. 0. 1.]
 [0. 0. 0. 1.]
 [0. 1. 0. 0.]]
States:
[[0.2 0.8]
 [0.2 0.7]
 [0.1 0.7]
 [0.2 0.7]
 [0.2 0.6]
 [0.2 0.7]
 [0.2 0.6]
 [0.1 0.6]
 [0.  0.6]
 [0.1 0.6]
 [0.  0.6]
 [0.1 0.6]
 [0.1 0.7]
 [0.2 0.7]
 [0.1 0.7]
 [0.  0.7]
 [0.  0.6]
 [0.  0.6]
 [0.  0.6]
 [0.1 0.6]
 [0.1 0.7]
 [0.1 0.8]
 [0.1 0.7]
 [0.1 0.6]
 [0.1 0.6]]
Logstds:
[[0. 0. 0. 0.]
 [0. 0. 0. 0.]
 [0. 0. 0. 0.]
 [0. 0. 0. 0.]
 [0. 0. 0. 0.]
 [0. 0. 0. 0.]
 [0. 0. 0. 0.]
 [0. 0. 0. 0.]
 [0. 0. 0. 0.]
 [0. 0. 0. 0.]
 [0. 0. 0. 0.]
 [0. 0. 0. 0.]
 [0. 0. 0. 0.]
 [0. 0. 0. 0.]
 [0. 0. 0. 0.]
 [0. 0. 0. 0.]
 [0. 0. 0. 0.]
 [0. 0. 0. 0.]
 [0. 0. 0. 0.]
 [0. 0. 0. 0.]
 [0. 0. 0. 0.]
 [0. 0. 0. 0.]
 [0. 0. 0. 0.]
 [0. 0. 0. 0.]
 [0. 0. 0. 0.]]
