Baseline:
[0.10895179 0.11000089 0.10895179 0.10852467 0.10914075 0.10948876
 0.11005235 0.10872584 0.10597593 0.10597593 0.10597593 0.10872584
 0.10914075 0.10779994 0.10914075 0.10852467 0.108771   0.10948876
 0.10914075 0.10779994 0.10360258 0.10659819 0.1023704  0.1023704
 0.10582614 0.10582614]
Returns:
[-9.33653155 -9.21167628 -9.038612   -8.84907383 -8.62212846 -8.40339627
 -8.09712876 -7.7749228  -7.43367077 -7.07630749 -6.70013561 -6.32246321
 -5.95725121 -5.58389315 -5.23418912 -4.84525577 -4.45579815 -3.96999736
 -3.4599635  -2.95516924 -2.45482248 -1.97413225 -1.48090413 -0.9891164
 -0.49125969]
Advants:
[-7.25791359 -7.23605375 -7.16718627 -7.0855573  -6.96979332 -6.86463906
 -6.67235598 -6.46190025 -6.22996849 -5.98316987 -5.71534717 -5.44640828
 -5.18534085 -4.91161946 -4.66206157 -4.36768652 -4.06971978 -3.66865158
 -3.2336565  -2.7936766  -2.34531875 -1.9138227  -1.45111565 -0.98182703
 -0.49655101]
Mus:
[[0.26506147 0.27183095 0.26759323 0.19551438]
 [0.2684251  0.2713609  0.26501128 0.19520278]
 [0.26506147 0.27183095 0.26759323 0.19551438]
 [0.26509738 0.27520102 0.26584896 0.19385265]
 [0.26512167 0.27805102 0.26441002 0.19241728]
 [0.26911014 0.2769358  0.26196045 0.19199364]
 [0.2689665  0.279596   0.2607683  0.19066921]
 [0.26514602 0.28084964 0.26286966 0.19113463]
 [0.26445377 0.28340918 0.26194772 0.19018933]
 [0.26445377 0.28340918 0.26194772 0.19018933]
 [0.26445377 0.28340918 0.26194772 0.19018933]
 [0.26514602 0.28084964 0.26286966 0.19113463]
 [0.26512167 0.27805102 0.26441002 0.19241728]
 [0.26045677 0.2785319  0.2674665  0.19354479]
 [0.26512167 0.27805102 0.26441002 0.19241728]
 [0.26509738 0.27520102 0.26584896 0.19385265]
 [0.26875302 0.27425835 0.26316124 0.19382745]
 [0.26911014 0.2769358  0.26196045 0.19199364]
 [0.26512167 0.27805102 0.26441002 0.19241728]
 [0.26045677 0.2785319  0.2674665  0.19354479]
 [0.25606734 0.27875936 0.27041394 0.19475937]
 [0.25602612 0.27602908 0.2717875  0.19615735]
 [0.25213057 0.2755329  0.27473772 0.19759884]
 [0.25213057 0.2755329  0.27473772 0.19759884]
 [0.2523132  0.27232686 0.27621904 0.19914082]]
Actions:
[[1. 0. 0. 0.]
 [0. 0. 1. 0.]
 [0. 1. 0. 0.]
 [0. 1. 0. 0.]
 [1. 0. 0. 0.]
 [0. 1. 0. 0.]
 [0. 0. 1. 0.]
 [0. 1. 0. 0.]
 [0. 0. 1. 0.]
 [0. 0. 1. 0.]
 [0. 0. 0. 1.]
 [0. 0. 0. 1.]
 [0. 0. 1. 0.]
 [1. 0. 0. 0.]
 [0. 0. 0. 1.]
 [1. 0. 0. 0.]
 [0. 1. 0. 0.]
 [0. 0. 1. 0.]
 [0. 0. 1. 0.]
 [0. 0. 1. 0.]
 [0. 0. 0. 1.]
 [0. 0. 1. 0.]
 [0. 0. 1. 0.]
 [0. 0. 0. 1.]
 [0. 0. 0. 1.]]
States:
[[0.6 0.4]
 [0.7 0.4]
 [0.6 0.4]
 [0.6 0.5]
 [0.6 0.6]
 [0.7 0.6]
 [0.7 0.7]
 [0.6 0.7]
 [0.6 0.8]
 [0.6 0.8]
 [0.6 0.8]
 [0.6 0.7]
 [0.6 0.6]
 [0.5 0.6]
 [0.6 0.6]
 [0.6 0.5]
 [0.7 0.5]
 [0.7 0.6]
 [0.6 0.6]
 [0.5 0.6]
 [0.4 0.6]
 [0.4 0.5]
 [0.3 0.5]
 [0.3 0.5]
 [0.3 0.4]]
Logstds:
[[0. 0. 0. 0.]
 [0. 0. 0. 0.]
 [0. 0. 0. 0.]
 [0. 0. 0. 0.]
 [0. 0. 0. 0.]
 [0. 0. 0. 0.]
 [0. 0. 0. 0.]
 [0. 0. 0. 0.]
 [0. 0. 0. 0.]
 [0. 0. 0. 0.]
 [0. 0. 0. 0.]
 [0. 0. 0. 0.]
 [0. 0. 0. 0.]
 [0. 0. 0. 0.]
 [0. 0. 0. 0.]
 [0. 0. 0. 0.]
 [0. 0. 0. 0.]
 [0. 0. 0. 0.]
 [0. 0. 0. 0.]
 [0. 0. 0. 0.]
 [0. 0. 0. 0.]
 [0. 0. 0. 0.]
 [0. 0. 0. 0.]
 [0. 0. 0. 0.]
 [0. 0. 0. 0.]]
