Baseline:
[-0.19339788 -0.18453307 -0.18453307 -0.18453307 -0.18453307 -0.18453307
 -0.19097055 -0.19740811 -0.20449248 -0.20750856 -0.21355504 -0.2194713
 -0.22076865 -0.22076865 -0.22076865 -0.21395938 -0.21038513 -0.20135105
 -0.20698953 -0.19998142 -0.19184552 -0.19998142 -0.19166794 -0.18214093
 -0.18214093 -0.18214093]
Returns:
[-8.96357309 -8.8489038  -8.7157766  -8.57564272 -8.47009679 -8.31703239
 -8.189777   -8.02521754 -7.8422884  -7.62620213 -7.34647892 -7.01962331
 -6.67864451 -6.25405328 -5.80711513 -5.30505688 -4.88022536 -4.3394856
 -3.83615602 -3.29935263 -2.82745348 -2.27628367 -1.69143933 -1.1096709
 -0.55861425]
Advants:
[-6.66607449 -6.64899777 -6.60803947 -6.56359204 -6.55861952 -6.50996215
 -6.48543568 -6.42761607 -6.35454447 -6.2555697  -6.09132265 -5.88013364
 -5.65921181 -5.35318105 -5.02108038 -4.6351346  -4.31946319 -3.88589347
 -3.46768001 -3.01998498 -2.63097271 -2.13548769 -1.61038337 -1.07625119
 -0.5495072 ]
Mus:
[[0.25631383 0.28038588 0.24212594 0.22117443]
 [0.25570232 0.28053162 0.2418136  0.22195251]
 [0.25570232 0.28053162 0.2418136  0.22195251]
 [0.25570232 0.28053162 0.2418136  0.22195251]
 [0.25570232 0.28053162 0.2418136  0.22195251]
 [0.25570232 0.28053162 0.2418136  0.22195251]
 [0.2553593  0.28294805 0.23984177 0.22185096]
 [0.25529966 0.28516638 0.23828538 0.22124866]
 [0.25568086 0.28524476 0.23822485 0.22084953]
 [0.25630412 0.2866494  0.23789486 0.21915166]
 [0.2558718  0.2898044  0.23592407 0.21839972]
 [0.2554632  0.2928517  0.23413143 0.21755369]
 [0.25585172 0.29473436 0.23327602 0.21613789]
 [0.25585172 0.29473436 0.23327602 0.21613789]
 [0.25585172 0.29473436 0.23327602 0.21613789]
 [0.25637874 0.29151708 0.23519515 0.21690899]
 [0.25704822 0.29309538 0.23421931 0.21563706]
 [0.25784215 0.28955188 0.2363831  0.2162229 ]
 [0.25715348 0.28821462 0.23720406 0.21742778]
 [0.25779495 0.28501284 0.23922966 0.21796256]
 [0.25835806 0.28588936 0.23878953 0.2169631 ]
 [0.25779495 0.28501284 0.23922966 0.21796256]
 [0.2578627  0.28150547 0.24215011 0.21848173]
 [0.25790602 0.27819282 0.24526347 0.21863773]
 [0.25790602 0.27819282 0.24526347 0.21863773]]
Actions:
[[0. 0. 1. 0.]
 [0. 0. 0. 1.]
 [0. 0. 0. 1.]
 [0. 0. 1. 0.]
 [0. 0. 0. 1.]
 [0. 1. 0. 0.]
 [0. 1. 0. 0.]
 [1. 0. 0. 0.]
 [1. 0. 0. 0.]
 [0. 1. 0. 0.]
 [0. 1. 0. 0.]
 [1. 0. 0. 0.]
 [0. 1. 0. 0.]
 [0. 1. 0. 0.]
 [0. 0. 0. 1.]
 [1. 0. 0. 0.]
 [0. 0. 0. 1.]
 [0. 0. 1. 0.]
 [0. 0. 0. 1.]
 [1. 0. 0. 0.]
 [0. 0. 1. 0.]
 [0. 0. 0. 1.]
 [0. 0. 0. 1.]
 [0. 0. 1. 0.]
 [1. 0. 0. 0.]]
States:
[[0.1 0.6]
 [0.  0.6]
 [0.  0.6]
 [0.  0.6]
 [0.  0.6]
 [0.  0.6]
 [0.  0.7]
 [0.  0.8]
 [0.1 0.8]
 [0.2 0.8]
 [0.2 0.9]
 [0.2 1. ]
 [0.3 1. ]
 [0.3 1. ]
 [0.3 1. ]
 [0.3 0.9]
 [0.4 0.9]
 [0.4 0.8]
 [0.3 0.8]
 [0.3 0.7]
 [0.4 0.7]
 [0.3 0.7]
 [0.3 0.6]
 [0.3 0.5]
 [0.3 0.5]]
Logstds:
[[0. 0. 0. 0.]
 [0. 0. 0. 0.]
 [0. 0. 0. 0.]
 [0. 0. 0. 0.]
 [0. 0. 0. 0.]
 [0. 0. 0. 0.]
 [0. 0. 0. 0.]
 [0. 0. 0. 0.]
 [0. 0. 0. 0.]
 [0. 0. 0. 0.]
 [0. 0. 0. 0.]
 [0. 0. 0. 0.]
 [0. 0. 0. 0.]
 [0. 0. 0. 0.]
 [0. 0. 0. 0.]
 [0. 0. 0. 0.]
 [0. 0. 0. 0.]
 [0. 0. 0. 0.]
 [0. 0. 0. 0.]
 [0. 0. 0. 0.]
 [0. 0. 0. 0.]
 [0. 0. 0. 0.]
 [0. 0. 0. 0.]
 [0. 0. 0. 0.]
 [0. 0. 0. 0.]]
