Baseline:
[1.0961052  1.0961052  1.0526795  1.0526795  1.0702578  1.0246675
 1.0081455  0.9631548  0.97737503 0.9917046  0.9449816  0.9449816
 0.9449816  0.96523756 1.0086765  1.0547543  1.10349    1.0547543
 1.10349    1.0880584  1.10349    1.1176821  1.1176821  1.10349
 1.1516118  1.1516118 ]
Returns:
[-3.69614917 -3.57827895 -3.48208621 -3.41455563 -3.34742479 -3.24563985
 -3.17183475 -3.08679522 -3.02935162 -2.96067291 -2.85925695 -2.7687853
 -2.67355197 -2.59040612 -2.4434879  -2.27086276 -2.07176265 -1.88276827
 -1.66324214 -1.46896517 -1.28181771 -1.07602386 -0.85004184 -0.60228684
 -0.29811454]
Advants:
[-3.43957822 -3.35104588 -3.23894644 -3.19919054 -3.17824609 -3.05735807
 -2.99298089 -2.88708974 -2.86872493 -2.83967108 -2.71440064 -2.64594752
 -2.57166307 -2.5295616  -2.44544128 -2.33598808 -2.19952372 -1.96952521
 -1.8018429  -1.58902125 -1.40861647 -1.2016597  -0.95202546 -0.65630987
 -0.35569513]
Mus:
[[0.2584849  0.29996115 0.22948857 0.21206535]
 [0.2584849  0.29996115 0.22948857 0.21206535]
 [0.2591561  0.2966036  0.23169684 0.2125435 ]
 [0.2591561  0.2966036  0.23169684 0.2125435 ]
 [0.25962454 0.2985617  0.2302689  0.21154492]
 [0.25969306 0.2955919  0.23233508 0.21237999]
 [0.25962207 0.2935534  0.23368803 0.21313655]
 [0.2597676  0.29067332 0.23568544 0.21387368]
 [0.2596946  0.292632   0.2344327  0.21324068]
 [0.259691   0.29433227 0.23337223 0.2126045 ]
 [0.26016685 0.29051405 0.23579814 0.21352105]
 [0.26016685 0.29051405 0.23579814 0.21352105]
 [0.26016685 0.29051405 0.23579814 0.21352105]
 [0.26112112 0.29140964 0.2347545  0.2127147 ]
 [0.26043135 0.2953836  0.23232113 0.21186392]
 [0.25988448 0.29883233 0.23036462 0.21091855]
 [0.25941777 0.30208194 0.22850005 0.21000017]
 [0.25988448 0.29883233 0.23036462 0.21091855]
 [0.25941777 0.30208194 0.22850005 0.21000017]
 [0.25953948 0.30044404 0.22928064 0.21073581]
 [0.25941777 0.30208194 0.22850005 0.21000017]
 [0.2601313  0.3029988  0.22755642 0.2093135 ]
 [0.2601313  0.3029988  0.22755642 0.2093135 ]
 [0.25941777 0.30208194 0.22850005 0.21000017]
 [0.25929862 0.30494922 0.22654337 0.20920882]]
Actions:
[[0. 1. 0. 0.]
 [0. 0. 0. 1.]
 [0. 0. 1. 0.]
 [1. 0. 0. 0.]
 [0. 0. 0. 1.]
 [0. 0. 1. 0.]
 [0. 0. 0. 1.]
 [1. 0. 0. 0.]
 [1. 0. 0. 0.]
 [0. 0. 0. 1.]
 [0. 0. 0. 1.]
 [0. 0. 0. 1.]
 [1. 0. 0. 0.]
 [0. 1. 0. 0.]
 [0. 1. 0. 0.]
 [0. 1. 0. 0.]
 [0. 0. 0. 1.]
 [0. 1. 0. 0.]
 [0. 0. 1. 0.]
 [1. 0. 0. 0.]
 [1. 0. 0. 0.]
 [1. 0. 0. 0.]
 [0. 0. 1. 0.]
 [0. 1. 0. 0.]
 [0. 0. 0. 1.]]
States:
[[0.6 1. ]
 [0.6 1. ]
 [0.6 0.9]
 [0.6 0.9]
 [0.7 0.9]
 [0.7 0.8]
 [0.6 0.8]
 [0.6 0.7]
 [0.7 0.7]
 [0.8 0.7]
 [0.8 0.6]
 [0.8 0.6]
 [0.8 0.6]
 [0.9 0.6]
 [0.9 0.7]
 [0.9 0.8]
 [0.9 0.9]
 [0.9 0.8]
 [0.9 0.9]
 [0.8 0.9]
 [0.9 0.9]
 [1.  0.9]
 [1.  0.9]
 [0.9 0.9]
 [0.9 1. ]]
Logstds:
[[0. 0. 0. 0.]
 [0. 0. 0. 0.]
 [0. 0. 0. 0.]
 [0. 0. 0. 0.]
 [0. 0. 0. 0.]
 [0. 0. 0. 0.]
 [0. 0. 0. 0.]
 [0. 0. 0. 0.]
 [0. 0. 0. 0.]
 [0. 0. 0. 0.]
 [0. 0. 0. 0.]
 [0. 0. 0. 0.]
 [0. 0. 0. 0.]
 [0. 0. 0. 0.]
 [0. 0. 0. 0.]
 [0. 0. 0. 0.]
 [0. 0. 0. 0.]
 [0. 0. 0. 0.]
 [0. 0. 0. 0.]
 [0. 0. 0. 0.]
 [0. 0. 0. 0.]
 [0. 0. 0. 0.]
 [0. 0. 0. 0.]
 [0. 0. 0. 0.]
 [0. 0. 0. 0.]]
