Baseline:
[0.74940693 0.7324103  0.7324103  0.76358986 0.77955174 0.76358986
 0.76358986 0.79439354 0.827859   0.79439354 0.827859   0.79439354
 0.77819324 0.77819324 0.79439354 0.81074464 0.8442558  0.8840492
 0.8840492  0.9275442  0.9168799  0.9631548  0.94944024 0.94944024
 0.94944024 0.94944024]
Returns:
[-2.40822233 -2.4029496  -2.40914498 -2.37650895 -2.34687278 -2.32241126
 -2.30876692 -2.25439406 -2.17960842 -2.11007916 -2.027698   -1.95017346
 -1.90068379 -1.84468711 -1.7833893  -1.71007455 -1.59496339 -1.45597962
 -1.33065604 -1.15958877 -1.00896367 -0.81596408 -0.64093776 -0.42439807
 -0.19646156]
Advants:
[-2.15726976 -2.14675249 -2.16589271 -2.1784387  -2.17953679 -2.15389398
 -2.15586737 -2.1485174  -2.12352013 -2.03505347 -2.00039052 -1.90143479
 -1.84677261 -1.80101129 -1.76562628 -1.71744076 -1.64284299 -1.54818357
 -1.42390097 -1.29351277 -1.12417925 -0.96418732 -0.75521167 -0.51001636
 -0.24393356]
Mus:
[[0.26163644 0.27011475 0.25023127 0.21801755]
 [0.26117095 0.26926658 0.25090307 0.21865943]
 [0.26117095 0.26926658 0.25090307 0.21865943]
 [0.2602806  0.27327022 0.24897115 0.21747795]
 [0.26097056 0.27460286 0.24770978 0.21671683]
 [0.2602806  0.27327022 0.24897115 0.21747795]
 [0.2602806  0.27327022 0.24897115 0.21747795]
 [0.25950196 0.2771861  0.24672976 0.21658213]
 [0.25948626 0.28070253 0.24371035 0.21610075]
 [0.25950196 0.2771861  0.24672976 0.21658213]
 [0.25948626 0.28070253 0.24371035 0.21610075]
 [0.25950196 0.2771861  0.24672976 0.21658213]
 [0.25866643 0.2754603  0.24826841 0.2176048 ]
 [0.25866643 0.2754603  0.24826841 0.2176048 ]
 [0.25950196 0.2771861  0.24672976 0.21658213]
 [0.26020825 0.27856544 0.24543029 0.21579607]
 [0.260012   0.28206024 0.24247386 0.21545391]
 [0.25992283 0.28558153 0.23953931 0.21495633]
 [0.25992283 0.28558153 0.23953931 0.21495633]
 [0.2596395  0.28929067 0.23689438 0.21417549]
 [0.25979668 0.28729433 0.238097   0.21481194]
 [0.2597676  0.29067332 0.23568544 0.21387368]
 [0.25922516 0.2882292  0.23727782 0.21526782]
 [0.25922516 0.2882292  0.23727782 0.21526782]
 [0.25922516 0.2882292  0.23727782 0.21526782]]
Actions:
[[0. 0. 1. 0.]
 [0. 0. 1. 0.]
 [0. 1. 0. 0.]
 [1. 0. 0. 0.]
 [0. 0. 1. 0.]
 [0. 0. 1. 0.]
 [0. 1. 0. 0.]
 [0. 1. 0. 0.]
 [0. 0. 0. 1.]
 [0. 1. 0. 0.]
 [0. 0. 0. 1.]
 [0. 0. 1. 0.]
 [0. 0. 0. 1.]
 [1. 0. 0. 0.]
 [1. 0. 0. 0.]
 [0. 1. 0. 0.]
 [0. 1. 0. 0.]
 [1. 0. 0. 0.]
 [0. 1. 0. 0.]
 [0. 0. 1. 0.]
 [0. 1. 0. 0.]
 [0. 0. 1. 0.]
 [0. 1. 0. 0.]
 [0. 1. 0. 0.]
 [0. 0. 1. 0.]]
States:
[[0.7 0.1]
 [0.6 0.1]
 [0.6 0.1]
 [0.6 0.2]
 [0.7 0.2]
 [0.6 0.2]
 [0.6 0.2]
 [0.6 0.3]
 [0.6 0.4]
 [0.6 0.3]
 [0.6 0.4]
 [0.6 0.3]
 [0.5 0.3]
 [0.5 0.3]
 [0.6 0.3]
 [0.7 0.3]
 [0.7 0.4]
 [0.7 0.5]
 [0.7 0.5]
 [0.7 0.6]
 [0.6 0.6]
 [0.6 0.7]
 [0.5 0.7]
 [0.5 0.7]
 [0.5 0.7]]
Logstds:
[[0. 0. 0. 0.]
 [0. 0. 0. 0.]
 [0. 0. 0. 0.]
 [0. 0. 0. 0.]
 [0. 0. 0. 0.]
 [0. 0. 0. 0.]
 [0. 0. 0. 0.]
 [0. 0. 0. 0.]
 [0. 0. 0. 0.]
 [0. 0. 0. 0.]
 [0. 0. 0. 0.]
 [0. 0. 0. 0.]
 [0. 0. 0. 0.]
 [0. 0. 0. 0.]
 [0. 0. 0. 0.]
 [0. 0. 0. 0.]
 [0. 0. 0. 0.]
 [0. 0. 0. 0.]
 [0. 0. 0. 0.]
 [0. 0. 0. 0.]
 [0. 0. 0. 0.]
 [0. 0. 0. 0.]
 [0. 0. 0. 0.]
 [0. 0. 0. 0.]
 [0. 0. 0. 0.]]
