Baseline:
[0.10062703 0.10062703 0.0943181  0.09609023 0.0943181  0.09609023
 0.10231572 0.09609023 0.0943181  0.0943181  0.09268322 0.09268322
 0.09268322 0.09419227 0.09609023 0.10231572 0.09609023 0.0943181
 0.0943181  0.10062703 0.10582614 0.10062703 0.10062703 0.10062703
 0.0943181  0.0943181 ]
Returns:
[-6.78365252 -6.57770857 -6.41539294 -6.28573851 -6.10769264 -5.96184345
 -5.82640857 -5.65605428 -5.44486713 -5.19448983 -4.98935397 -4.74180882
 -4.54198956 -4.3400349  -4.14548918 -3.9144567  -3.64347336 -3.3263609
 -2.96448327 -2.64329993 -2.27833446 -1.85952597 -1.39441746 -0.90482956
 -0.44394135]
Advants:
[-5.26616718 -5.12892724 -5.02964421 -4.97305531 -4.86504262 -4.79443178
 -4.74095083 -4.64108931 -4.50479738 -4.32987484 -4.19859169 -4.02530866
 -3.89989771 -3.77399973 -3.6562919  -3.50585601 -3.30078023 -3.05031112
 -2.75148498 -2.49529485 -2.18808514 -1.80799768 -1.37616598 -0.90754776
 -0.44865724]
Mus:
[[0.24885069 0.2715303  0.2792185  0.20040055]
 [0.24885069 0.2715303  0.2792185  0.20040055]
 [0.24587768 0.2701126  0.28248024 0.20152938]
 [0.24530363 0.26698428 0.2842916  0.20342048]
 [0.24587768 0.2701126  0.28248024 0.20152938]
 [0.24530363 0.26698428 0.2842916  0.20342048]
 [0.24827895 0.26860222 0.2809211  0.20219773]
 [0.24530363 0.26698428 0.2842916  0.20342048]
 [0.24587768 0.2701126  0.28248024 0.20152938]
 [0.24587768 0.2701126  0.28248024 0.20152938]
 [0.24300815 0.26813772 0.28632778 0.20252633]
 [0.24300815 0.26813772 0.28632778 0.20252633]
 [0.24300815 0.26813772 0.28632778 0.20252633]
 [0.24178542 0.2653497  0.2881169  0.20474795]
 [0.24530363 0.26698428 0.2842916  0.20342048]
 [0.24827895 0.26860222 0.2809211  0.20219773]
 [0.24530363 0.26698428 0.2842916  0.20342048]
 [0.24587768 0.2701126  0.28248024 0.20152938]
 [0.24587768 0.2701126  0.28248024 0.20152938]
 [0.24885069 0.2715303  0.2792185  0.20040055]
 [0.2523132  0.27232686 0.27621904 0.19914082]
 [0.24885069 0.2715303  0.2792185  0.20040055]
 [0.24885069 0.2715303  0.2792185  0.20040055]
 [0.24885069 0.2715303  0.2792185  0.20040055]
 [0.24587768 0.2701126  0.28248024 0.20152938]]
Actions:
[[0. 1. 0. 0.]
 [0. 0. 1. 0.]
 [0. 0. 0. 1.]
 [0. 1. 0. 0.]
 [0. 0. 0. 1.]
 [1. 0. 0. 0.]
 [0. 0. 1. 0.]
 [0. 1. 0. 0.]
 [0. 1. 0. 0.]
 [0. 0. 1. 0.]
 [0. 1. 0. 0.]
 [0. 0. 1. 0.]
 [0. 0. 0. 1.]
 [1. 0. 0. 0.]
 [1. 0. 0. 0.]
 [0. 0. 1. 0.]
 [0. 1. 0. 0.]
 [0. 1. 0. 0.]
 [1. 0. 0. 0.]
 [1. 0. 0. 0.]
 [0. 0. 1. 0.]
 [0. 1. 0. 0.]
 [0. 1. 0. 0.]
 [0. 0. 1. 0.]
 [0. 0. 0. 1.]]
States:
[[0.2 0.4]
 [0.2 0.4]
 [0.1 0.4]
 [0.1 0.3]
 [0.1 0.4]
 [0.1 0.3]
 [0.2 0.3]
 [0.1 0.3]
 [0.1 0.4]
 [0.1 0.4]
 [0.  0.4]
 [0.  0.4]
 [0.  0.4]
 [0.  0.3]
 [0.1 0.3]
 [0.2 0.3]
 [0.1 0.3]
 [0.1 0.4]
 [0.1 0.4]
 [0.2 0.4]
 [0.3 0.4]
 [0.2 0.4]
 [0.2 0.4]
 [0.2 0.4]
 [0.1 0.4]]
Logstds:
[[0. 0. 0. 0.]
 [0. 0. 0. 0.]
 [0. 0. 0. 0.]
 [0. 0. 0. 0.]
 [0. 0. 0. 0.]
 [0. 0. 0. 0.]
 [0. 0. 0. 0.]
 [0. 0. 0. 0.]
 [0. 0. 0. 0.]
 [0. 0. 0. 0.]
 [0. 0. 0. 0.]
 [0. 0. 0. 0.]
 [0. 0. 0. 0.]
 [0. 0. 0. 0.]
 [0. 0. 0. 0.]
 [0. 0. 0. 0.]
 [0. 0. 0. 0.]
 [0. 0. 0. 0.]
 [0. 0. 0. 0.]
 [0. 0. 0. 0.]
 [0. 0. 0. 0.]
 [0. 0. 0. 0.]
 [0. 0. 0. 0.]
 [0. 0. 0. 0.]
 [0. 0. 0. 0.]]
