Baseline:
[-0.20449248 -0.19740811 -0.20449248 -0.20750856 -0.21355504 -0.21395938
 -0.22076865 -0.22076865 -0.21900181 -0.21900181 -0.22076865 -0.22076865
 -0.21900181 -0.21038513 -0.21038513 -0.21038513 -0.21900181 -0.21900181
 -0.21900181 -0.21038513 -0.20135105 -0.20698953 -0.19998142 -0.20103507
 -0.19905148 -0.19905148]
Returns:
[-9.93673964 -9.80639002 -9.7172068  -9.59980045 -9.42395082 -9.23874081
 -8.98223802 -8.67888855 -8.40185716 -8.03879998 -7.6648301  -7.29214337
 -6.94212539 -6.47553665 -6.08915524 -5.68243797 -5.20959497 -4.72681787
 -4.17033756 -3.55786525 -2.94752759 -2.37093707 -1.75701689 -1.17536601
 -0.58946568]
Advants:
[-7.44364392 -7.42260398 -7.4342926  -7.42729855 -7.36286779 -7.29898469
 -7.15963016 -6.98141583 -6.83343296 -6.59727169 -6.34762011 -6.10023291
 -5.87718455 -5.5409169  -5.27465762 -4.98571645 -4.61717538 -4.24200485
 -3.7850871  -3.27059953 -2.74768007 -2.23250539 -1.6795893  -1.13745872
 -0.57951307]
Mus:
[[0.25568086 0.28524476 0.23822485 0.22084953]
 [0.25529966 0.28516638 0.23828538 0.22124866]
 [0.25568086 0.28524476 0.23822485 0.22084953]
 [0.25630412 0.2866494  0.23789486 0.21915166]
 [0.2558718  0.2898044  0.23592407 0.21839972]
 [0.25637874 0.29151708 0.23519515 0.21690899]
 [0.25585172 0.29473436 0.23327602 0.21613789]
 [0.25585172 0.29473436 0.23327602 0.21613789]
 [0.256633   0.29624987 0.23218006 0.214937  ]
 [0.256633   0.29624987 0.23218006 0.214937  ]
 [0.25585172 0.29473436 0.23327602 0.21613789]
 [0.25585172 0.29473436 0.23327602 0.21613789]
 [0.256633   0.29624987 0.23218006 0.214937  ]
 [0.25704822 0.29309538 0.23421931 0.21563706]
 [0.25704822 0.29309538 0.23421931 0.21563706]
 [0.25704822 0.29309538 0.23421931 0.21563706]
 [0.256633   0.29624987 0.23218006 0.214937  ]
 [0.256633   0.29624987 0.23218006 0.214937  ]
 [0.256633   0.29624987 0.23218006 0.214937  ]
 [0.25704822 0.29309538 0.23421931 0.21563706]
 [0.25784215 0.28955188 0.2363831  0.2162229 ]
 [0.25715348 0.28821462 0.23720406 0.21742778]
 [0.25779495 0.28501284 0.23922966 0.21796256]
 [0.25680903 0.28386763 0.23996964 0.2193537 ]
 [0.25595528 0.2827253  0.24014407 0.22117534]]
Actions:
[[0. 0. 1. 0.]
 [1. 0. 0. 0.]
 [1. 0. 0. 0.]
 [0. 1. 0. 0.]
 [1. 0. 0. 0.]
 [0. 1. 0. 0.]
 [0. 1. 0. 0.]
 [1. 0. 0. 0.]
 [0. 1. 0. 0.]
 [0. 0. 1. 0.]
 [0. 1. 0. 0.]
 [1. 0. 0. 0.]
 [0. 0. 0. 1.]
 [1. 0. 0. 0.]
 [1. 0. 0. 0.]
 [0. 1. 0. 0.]
 [1. 0. 0. 0.]
 [0. 1. 0. 0.]
 [0. 0. 0. 1.]
 [0. 0. 0. 1.]
 [0. 0. 1. 0.]
 [0. 0. 0. 1.]
 [0. 0. 1. 0.]
 [0. 0. 1. 0.]
 [0. 0. 1. 0.]]
States:
[[0.1 0.8]
 [0.  0.8]
 [0.1 0.8]
 [0.2 0.8]
 [0.2 0.9]
 [0.3 0.9]
 [0.3 1. ]
 [0.3 1. ]
 [0.4 1. ]
 [0.4 1. ]
 [0.3 1. ]
 [0.3 1. ]
 [0.4 1. ]
 [0.4 0.9]
 [0.4 0.9]
 [0.4 0.9]
 [0.4 1. ]
 [0.4 1. ]
 [0.4 1. ]
 [0.4 0.9]
 [0.4 0.8]
 [0.3 0.8]
 [0.3 0.7]
 [0.2 0.7]
 [0.1 0.7]]
Logstds:
[[0. 0. 0. 0.]
 [0. 0. 0. 0.]
 [0. 0. 0. 0.]
 [0. 0. 0. 0.]
 [0. 0. 0. 0.]
 [0. 0. 0. 0.]
 [0. 0. 0. 0.]
 [0. 0. 0. 0.]
 [0. 0. 0. 0.]
 [0. 0. 0. 0.]
 [0. 0. 0. 0.]
 [0. 0. 0. 0.]
 [0. 0. 0. 0.]
 [0. 0. 0. 0.]
 [0. 0. 0. 0.]
 [0. 0. 0. 0.]
 [0. 0. 0. 0.]
 [0. 0. 0. 0.]
 [0. 0. 0. 0.]
 [0. 0. 0. 0.]
 [0. 0. 0. 0.]
 [0. 0. 0. 0.]
 [0. 0. 0. 0.]
 [0. 0. 0. 0.]
 [0. 0. 0. 0.]]
