Baseline:
[0.75130284 0.7131157  0.67631817 0.6514219  0.63048387 0.6514219
 0.63048387 0.63048387 0.63048387 0.63048387 0.66646814 0.653024
 0.66646814 0.6876121  0.7131157  0.73901474 0.7763443  0.7763443
 0.75130284 0.7131157  0.67631817 0.67631817 0.70369524 0.67631817
 0.67631817 0.67631817]
Returns:
[-0.2147425  -0.20868925 -0.21811225 -0.21037418 -0.21836275 -0.21572395
 -0.22399409 -0.26911793 -0.31661672 -0.36661544 -0.33274276 -0.35128212
 -0.35391092 -0.34437782 -0.32245844 -0.28662611 -0.18913521 -0.12027692
 -0.06792608 -0.05414564 -0.05543477 -0.07246953 -0.03698004 -0.00393266
 -0.01825678]
Advants:
[-0.59341928 -0.54594532 -0.51421516 -0.47584486 -0.45627029 -0.46794602
 -0.44769857 -0.48599277 -0.52754914 -0.57264559 -0.5695026  -0.56905322
 -0.57960629 -0.58558617 -0.58317052 -0.56641908 -0.4969981  -0.41596173
 -0.32296033 -0.25244674 -0.19571426 -0.19024376 -0.15745805 -0.06838963
 -0.0520727 ]
Mus:
[[0.25309172 0.26599646 0.27871954 0.20219229]
 [0.25334868 0.26303935 0.2801229  0.20348899]
 [0.2528523  0.26022097 0.28171742 0.20520934]
 [0.24808921 0.25947255 0.28498164 0.20745656]
 [0.24324597 0.25935122 0.28816402 0.20923875]
 [0.24808921 0.25947255 0.28498164 0.20745656]
 [0.24324597 0.25935122 0.28816402 0.20923875]
 [0.24324597 0.25935122 0.28816402 0.20923875]
 [0.24324597 0.25935122 0.28816402 0.20923875]
 [0.24324597 0.25935122 0.28816402 0.20923875]
 [0.2438608  0.26109055 0.28721163 0.207837  ]
 [0.2399224  0.26025698 0.29062265 0.20919794]
 [0.2438608  0.26109055 0.28721163 0.207837  ]
 [0.24854293 0.26212177 0.28331977 0.20601548]
 [0.25334868 0.26303935 0.2801229  0.20348899]
 [0.25705484 0.26384923 0.2774117  0.20168422]
 [0.25700617 0.2663656  0.27639094 0.20023732]
 [0.25700617 0.2663656  0.27639094 0.20023732]
 [0.25309172 0.26599646 0.27871954 0.20219229]
 [0.25334868 0.26303935 0.2801229  0.20348899]
 [0.2528523  0.26022097 0.28171742 0.20520934]
 [0.2528523  0.26022097 0.28171742 0.20520934]
 [0.25659248 0.26101372 0.27890578 0.20348805]
 [0.2528523  0.26022097 0.28171742 0.20520934]
 [0.2528523  0.26022097 0.28171742 0.20520934]]
Actions:
[[0. 0. 0. 1.]
 [0. 0. 0. 1.]
 [0. 0. 1. 0.]
 [0. 0. 1. 0.]
 [1. 0. 0. 0.]
 [0. 0. 1. 0.]
 [0. 0. 0. 1.]
 [0. 0. 0. 1.]
 [0. 0. 0. 1.]
 [0. 1. 0. 0.]
 [0. 0. 1. 0.]
 [1. 0. 0. 0.]
 [1. 0. 0. 0.]
 [1. 0. 0. 0.]
 [1. 0. 0. 0.]
 [0. 1. 0. 0.]
 [1. 0. 0. 0.]
 [0. 0. 1. 0.]
 [0. 0. 0. 1.]
 [0. 0. 0. 1.]
 [0. 0. 0. 1.]
 [1. 0. 0. 0.]
 [0. 0. 1. 0.]
 [0. 0. 0. 1.]
 [0. 0. 1. 0.]]
States:
[[0.3 0.2]
 [0.3 0.1]
 [0.3 0. ]
 [0.2 0. ]
 [0.1 0. ]
 [0.2 0. ]
 [0.1 0. ]
 [0.1 0. ]
 [0.1 0. ]
 [0.1 0. ]
 [0.1 0.1]
 [0.  0.1]
 [0.1 0.1]
 [0.2 0.1]
 [0.3 0.1]
 [0.4 0.1]
 [0.4 0.2]
 [0.4 0.2]
 [0.3 0.2]
 [0.3 0.1]
 [0.3 0. ]
 [0.3 0. ]
 [0.4 0. ]
 [0.3 0. ]
 [0.3 0. ]]
Logstds:
[[0. 0. 0. 0.]
 [0. 0. 0. 0.]
 [0. 0. 0. 0.]
 [0. 0. 0. 0.]
 [0. 0. 0. 0.]
 [0. 0. 0. 0.]
 [0. 0. 0. 0.]
 [0. 0. 0. 0.]
 [0. 0. 0. 0.]
 [0. 0. 0. 0.]
 [0. 0. 0. 0.]
 [0. 0. 0. 0.]
 [0. 0. 0. 0.]
 [0. 0. 0. 0.]
 [0. 0. 0. 0.]
 [0. 0. 0. 0.]
 [0. 0. 0. 0.]
 [0. 0. 0. 0.]
 [0. 0. 0. 0.]
 [0. 0. 0. 0.]
 [0. 0. 0. 0.]
 [0. 0. 0. 0.]
 [0. 0. 0. 0.]
 [0. 0. 0. 0.]
 [0. 0. 0. 0.]]
