Baseline:
[0.8743656 0.8424382 0.869907  0.869907  0.9016335 0.9016335 0.9016335
 0.869907  0.869907  0.869907  0.8424382 0.869907  0.869907  0.9016335
 0.869907  0.9016335 0.869907  0.9016335 0.869907  0.869907  0.9016335
 0.8743656 0.847327  0.8743656 0.847327  0.847327 ]
Returns:
[-1.64331387 -1.66167634 -1.63534007 -1.59474495 -1.5013532  -1.43771277
 -1.37072286 -1.36095909 -1.30592288 -1.30930011 -1.25179847 -1.20388968
 -1.20189675 -1.08782877 -1.06317584 -0.94180677 -0.90946847 -0.78000953
 -0.73915559 -0.71270297 -0.57288795 -0.46376598 -0.36381182 -0.26607648
 -0.15571761]
Advants:
[-1.73919145 -1.73675611 -1.75000138 -1.72129535 -1.67062479 -1.61694742
 -1.55869744 -1.52540844 -1.47756997 -1.48886255 -1.40985376 -1.39525115
 -1.39953122 -1.32145047 -1.26795107 -1.17866138 -1.11299818 -1.01050848
 -0.93052081 -0.89521181 -0.77416951 -0.61950416 -0.46875137 -0.37008417
 -0.198084  ]
Mus:
[[0.2716644  0.26121718 0.26908854 0.1980299 ]
 [0.27045357 0.25918248 0.27103743 0.19932657]
 [0.2724651  0.25857595 0.2704278  0.19853121]
 [0.2724651  0.25857595 0.2704278  0.19853121]
 [0.27337047 0.26058477 0.26844305 0.19760163]
 [0.27337047 0.26058477 0.26844305 0.19760163]
 [0.27337047 0.26058477 0.26844305 0.19760163]
 [0.2724651  0.25857595 0.2704278  0.19853121]
 [0.2724651  0.25857595 0.2704278  0.19853121]
 [0.2724651  0.25857595 0.2704278  0.19853121]
 [0.27045357 0.25918248 0.27103743 0.19932657]
 [0.2724651  0.25857595 0.2704278  0.19853121]
 [0.2724651  0.25857595 0.2704278  0.19853121]
 [0.27337047 0.26058477 0.26844305 0.19760163]
 [0.2724651  0.25857595 0.2704278  0.19853121]
 [0.27337047 0.26058477 0.26844305 0.19760163]
 [0.2724651  0.25857595 0.2704278  0.19853121]
 [0.27337047 0.26058477 0.26844305 0.19760163]
 [0.2724651  0.25857595 0.2704278  0.19853121]
 [0.2724651  0.25857595 0.2704278  0.19853121]
 [0.27337047 0.26058477 0.26844305 0.19760163]
 [0.2716644  0.26121718 0.26908854 0.1980299 ]
 [0.26942575 0.26173177 0.27014214 0.1987003 ]
 [0.2716644  0.26121718 0.26908854 0.1980299 ]
 [0.26942575 0.26173177 0.27014214 0.1987003 ]]
Actions:
[[0. 0. 0. 1.]
 [1. 0. 0. 0.]
 [1. 0. 0. 0.]
 [0. 1. 0. 0.]
 [1. 0. 0. 0.]
 [1. 0. 0. 0.]
 [0. 0. 0. 1.]
 [1. 0. 0. 0.]
 [0. 0. 0. 1.]
 [0. 0. 1. 0.]
 [1. 0. 0. 0.]
 [0. 0. 0. 1.]
 [0. 1. 0. 0.]
 [0. 0. 0. 1.]
 [0. 1. 0. 0.]
 [0. 0. 0. 1.]
 [0. 1. 0. 0.]
 [0. 0. 0. 1.]
 [0. 0. 0. 1.]
 [0. 1. 0. 0.]
 [0. 0. 1. 0.]
 [0. 0. 1. 0.]
 [1. 0. 0. 0.]
 [0. 0. 1. 0.]
 [0. 1. 0. 0.]]
States:
[[0.9 0.1]
 [0.9 0. ]
 [1.  0. ]
 [1.  0. ]
 [1.  0.1]
 [1.  0.1]
 [1.  0.1]
 [1.  0. ]
 [1.  0. ]
 [1.  0. ]
 [0.9 0. ]
 [1.  0. ]
 [1.  0. ]
 [1.  0.1]
 [1.  0. ]
 [1.  0.1]
 [1.  0. ]
 [1.  0.1]
 [1.  0. ]
 [1.  0. ]
 [1.  0.1]
 [0.9 0.1]
 [0.8 0.1]
 [0.9 0.1]
 [0.8 0.1]]
Logstds:
[[0. 0. 0. 0.]
 [0. 0. 0. 0.]
 [0. 0. 0. 0.]
 [0. 0. 0. 0.]
 [0. 0. 0. 0.]
 [0. 0. 0. 0.]
 [0. 0. 0. 0.]
 [0. 0. 0. 0.]
 [0. 0. 0. 0.]
 [0. 0. 0. 0.]
 [0. 0. 0. 0.]
 [0. 0. 0. 0.]
 [0. 0. 0. 0.]
 [0. 0. 0. 0.]
 [0. 0. 0. 0.]
 [0. 0. 0. 0.]
 [0. 0. 0. 0.]
 [0. 0. 0. 0.]
 [0. 0. 0. 0.]
 [0. 0. 0. 0.]
 [0. 0. 0. 0.]
 [0. 0. 0. 0.]
 [0. 0. 0. 0.]
 [0. 0. 0. 0.]
 [0. 0. 0. 0.]]
