Baseline:
[0.98996836 0.96652263 0.94044757 0.9113848  0.9532256  0.99484473
 0.96851134 1.0111456  1.0361611  0.99484473 0.96851134 1.0111456
 0.9985086  0.9552421  0.94571775 0.94571775 0.90223616 0.94571775
 0.9892436  0.94571775 0.9552421  0.91216946 0.9263066  0.91216946
 0.8690335  0.8690335 ]
Returns:
[-1.83961642 -1.7956479  -1.76262785 -1.74168964 -1.65947345 -1.5595661
 -1.51072686 -1.40243034 -1.32322002 -1.26548555 -1.20116838 -1.07657931
 -1.00006892 -0.94888212 -0.89537308 -0.85327435 -0.82112777 -0.71691224
 -0.59329795 -0.53279826 -0.44670315 -0.38154422 -0.29016493 -0.20374823
 -0.1408695 ]
Advants:
[-2.01482297 -1.9634294  -1.91989201 -1.8852277  -1.86024669 -1.81686157
 -1.75553667 -1.70287094 -1.66110367 -1.57247571 -1.49033226 -1.4150745
 -1.33043755 -1.23795775 -1.17511645 -1.13192412 -1.05277019 -0.98633177
 -0.89757597 -0.78092737 -0.68829013 -0.55927606 -0.45709209 -0.32636177
 -0.18432117]
Mus:
[[0.26512167 0.27805102 0.26441002 0.19241728]
 [0.26045677 0.2785319  0.2674665  0.19354479]
 [0.25606734 0.27875936 0.27041394 0.19475937]
 [0.2527682  0.27766064 0.27345628 0.19611494]
 [0.2541132  0.27939978 0.27173036 0.19475664]
 [0.25507787 0.28148353 0.27006966 0.1933689 ]
 [0.2527904  0.28029448 0.273075   0.1938401 ]
 [0.25390837 0.2820259  0.27197886 0.19208688]
 [0.25586447 0.28340423 0.2688695  0.19186173]
 [0.25507787 0.28148353 0.27006966 0.1933689 ]
 [0.2527904  0.28029448 0.273075   0.1938401 ]
 [0.25390837 0.2820259  0.27197886 0.19208688]
 [0.2516098  0.28013137 0.27568707 0.19257182]
 [0.25051224 0.2786596  0.2766165  0.19421163]
 [0.24768008 0.27621937 0.2814319  0.19466865]
 [0.24768008 0.27621937 0.2814319  0.19466865]
 [0.24626715 0.27472165 0.2823628  0.19664836]
 [0.24768008 0.27621937 0.2814319  0.19466865]
 [0.24847582 0.2775015  0.280943   0.19307972]
 [0.24768008 0.27621937 0.2814319  0.19466865]
 [0.25051224 0.2786596  0.2766165  0.19421163]
 [0.24924172 0.27718598 0.2775636  0.19600873]
 [0.25160366 0.27844897 0.27444822 0.19549908]
 [0.24924172 0.27718598 0.2775636  0.19600873]
 [0.24796636 0.27523673 0.2789434  0.19785348]]
Actions:
[[0. 0. 1. 0.]
 [0. 0. 1. 0.]
 [0. 0. 1. 0.]
 [0. 1. 0. 0.]
 [0. 1. 0. 0.]
 [0. 0. 1. 0.]
 [0. 1. 0. 0.]
 [1. 0. 0. 0.]
 [0. 0. 0. 1.]
 [0. 0. 1. 0.]
 [0. 1. 0. 0.]
 [0. 0. 1. 0.]
 [0. 0. 0. 1.]
 [0. 0. 1. 0.]
 [0. 0. 1. 0.]
 [0. 0. 0. 1.]
 [0. 1. 0. 0.]
 [0. 1. 0. 0.]
 [0. 0. 0. 1.]
 [1. 0. 0. 0.]
 [0. 0. 0. 1.]
 [1. 0. 0. 0.]
 [0. 0. 1. 0.]
 [0. 0. 0. 1.]
 [0. 1. 0. 0.]]
States:
[[0.6 0.6]
 [0.5 0.6]
 [0.4 0.6]
 [0.3 0.6]
 [0.3 0.7]
 [0.3 0.8]
 [0.2 0.8]
 [0.2 0.9]
 [0.3 0.9]
 [0.3 0.8]
 [0.2 0.8]
 [0.2 0.9]
 [0.1 0.9]
 [0.1 0.8]
 [0.  0.8]
 [0.  0.8]
 [0.  0.7]
 [0.  0.8]
 [0.  0.9]
 [0.  0.8]
 [0.1 0.8]
 [0.1 0.7]
 [0.2 0.7]
 [0.1 0.7]
 [0.1 0.6]]
Logstds:
[[0. 0. 0. 0.]
 [0. 0. 0. 0.]
 [0. 0. 0. 0.]
 [0. 0. 0. 0.]
 [0. 0. 0. 0.]
 [0. 0. 0. 0.]
 [0. 0. 0. 0.]
 [0. 0. 0. 0.]
 [0. 0. 0. 0.]
 [0. 0. 0. 0.]
 [0. 0. 0. 0.]
 [0. 0. 0. 0.]
 [0. 0. 0. 0.]
 [0. 0. 0. 0.]
 [0. 0. 0. 0.]
 [0. 0. 0. 0.]
 [0. 0. 0. 0.]
 [0. 0. 0. 0.]
 [0. 0. 0. 0.]
 [0. 0. 0. 0.]
 [0. 0. 0. 0.]
 [0. 0. 0. 0.]
 [0. 0. 0. 0.]
 [0. 0. 0. 0.]
 [0. 0. 0. 0.]]
