Baseline:
[0.75847024 0.79394317 0.75847024 0.75847024 0.75847024 0.75847024
 0.75847024 0.75847024 0.79394317 0.8217939  0.78764135 0.8217939
 0.847327   0.8743656  0.90906    0.8743656  0.9016335  0.869907
 0.9016335  0.8743656  0.9016335  0.9016335  0.9016335  0.93639195
 0.90906    0.90906   ]
Returns:
[-1.30524089 -1.25073586 -1.28588273 -1.28857715 -1.29141338 -1.34464322
 -1.35043029 -1.40676629 -1.35760469 -1.33895329 -1.36658196 -1.30297113
 -1.26783635 -1.21768125 -1.10460892 -1.07751862 -1.00443379 -0.97539166
 -0.84940236 -0.75483378 -0.66476554 -0.55709419 -0.44375593 -0.27553264
 -0.1385777 ]
Advants:
[-1.31900576 -1.29977178 -1.29921657 -1.30174565 -1.30449018 -1.35926678
 -1.36691137 -1.42700546 -1.41697167 -1.43042175 -1.42830889 -1.40272638
 -1.39703362 -1.37744418 -1.30046964 -1.23829707 -1.19064216 -1.12599958
 -1.02461743 -0.89128704 -0.81407133 -0.68742658 -0.54999332 -0.38625309
 -0.18403071]
Mus:
[[0.2625047  0.26057243 0.2751999  0.20172296]
 [0.2634895  0.26353425 0.27297568 0.20000052]
 [0.2625047  0.26057243 0.2751999  0.20172296]
 [0.2625047  0.26057243 0.2751999  0.20172296]
 [0.2625047  0.26057243 0.2751999  0.20172296]
 [0.2625047  0.26057243 0.2751999  0.20172296]
 [0.2625047  0.26057243 0.2751999  0.20172296]
 [0.2625047  0.26057243 0.2751999  0.20172296]
 [0.2634895  0.26353425 0.27297568 0.20000052]
 [0.2667143  0.2626433  0.2712128  0.19942966]
 [0.2652432  0.26003522 0.27376205 0.20095958]
 [0.2667143  0.2626433  0.2712128  0.19942966]
 [0.26942575 0.26173177 0.27014214 0.1987003 ]
 [0.2716644  0.26121718 0.26908854 0.1980299 ]
 [0.2727185  0.26373005 0.26669902 0.1968524 ]
 [0.2716644  0.26121718 0.26908854 0.1980299 ]
 [0.27337047 0.26058477 0.26844305 0.19760163]
 [0.2724651  0.25857595 0.2704278  0.19853121]
 [0.27337047 0.26058477 0.26844305 0.19760163]
 [0.2716644  0.26121718 0.26908854 0.1980299 ]
 [0.27337047 0.26058477 0.26844305 0.19760163]
 [0.27337047 0.26058477 0.26844305 0.19760163]
 [0.27337047 0.26058477 0.26844305 0.19760163]
 [0.27411455 0.26293564 0.2663685  0.19658132]
 [0.2727185  0.26373005 0.26669902 0.1968524 ]]
Actions:
[[0. 1. 0. 0.]
 [0. 0. 0. 1.]
 [0. 0. 1. 0.]
 [0. 0. 1. 0.]
 [0. 0. 0. 1.]
 [0. 0. 1. 0.]
 [0. 0. 0. 1.]
 [0. 1. 0. 0.]
 [1. 0. 0. 0.]
 [0. 0. 0. 1.]
 [0. 1. 0. 0.]
 [1. 0. 0. 0.]
 [1. 0. 0. 0.]
 [0. 1. 0. 0.]
 [0. 0. 0. 1.]
 [1. 0. 0. 0.]
 [0. 0. 0. 1.]
 [0. 1. 0. 0.]
 [0. 0. 1. 0.]
 [1. 0. 0. 0.]
 [1. 0. 0. 0.]
 [1. 0. 0. 0.]
 [0. 1. 0. 0.]
 [0. 0. 1. 0.]
 [1. 0. 0. 0.]]
States:
[[0.6 0. ]
 [0.6 0.1]
 [0.6 0. ]
 [0.6 0. ]
 [0.6 0. ]
 [0.6 0. ]
 [0.6 0. ]
 [0.6 0. ]
 [0.6 0.1]
 [0.7 0.1]
 [0.7 0. ]
 [0.7 0.1]
 [0.8 0.1]
 [0.9 0.1]
 [0.9 0.2]
 [0.9 0.1]
 [1.  0.1]
 [1.  0. ]
 [1.  0.1]
 [0.9 0.1]
 [1.  0.1]
 [1.  0.1]
 [1.  0.1]
 [1.  0.2]
 [0.9 0.2]]
Logstds:
[[0. 0. 0. 0.]
 [0. 0. 0. 0.]
 [0. 0. 0. 0.]
 [0. 0. 0. 0.]
 [0. 0. 0. 0.]
 [0. 0. 0. 0.]
 [0. 0. 0. 0.]
 [0. 0. 0. 0.]
 [0. 0. 0. 0.]
 [0. 0. 0. 0.]
 [0. 0. 0. 0.]
 [0. 0. 0. 0.]
 [0. 0. 0. 0.]
 [0. 0. 0. 0.]
 [0. 0. 0. 0.]
 [0. 0. 0. 0.]
 [0. 0. 0. 0.]
 [0. 0. 0. 0.]
 [0. 0. 0. 0.]
 [0. 0. 0. 0.]
 [0. 0. 0. 0.]
 [0. 0. 0. 0.]
 [0. 0. 0. 0.]
 [0. 0. 0. 0.]
 [0. 0. 0. 0.]]
