Baseline:
[0.1126823  0.11620976 0.11997391 0.12868652 0.1355306  0.12868652
 0.12868652 0.1245837  0.11620976 0.11620976 0.11997391 0.12868652
 0.1355306  0.12868652 0.12868652 0.1355306  0.12868652 0.1355306
 0.12868652 0.1355306  0.13254797 0.1245837  0.11620976 0.11620976
 0.1126823  0.1126823 ]
Returns:
[-9.69062248 -9.52757337 -9.32591491 -9.10526545 -8.90566858 -8.65367848
 -8.40488064 -8.12442503 -7.8314412  -7.49250642 -7.18373917 -6.85034361
 -6.53206665 -6.15515013 -5.7748508  -5.39996896 -4.96346835 -4.54588216
 -4.06442962 -3.5995256  -3.09711259 -2.56848943 -1.98308794 -1.33634509
 -0.68510741]
Advants:
[-7.48490391 -7.42614551 -7.33147779 -7.22500632 -7.14074185 -6.99163256
 -6.85421201 -6.68171803 -6.49265075 -6.26508968 -6.07151487 -5.85771069
 -5.65697015 -5.38146251 -5.10687608 -4.84217404 -4.49725621 -4.18062236
 -3.77934879 -3.40155842 -2.96763948 -2.49202211 -1.94604639 -1.33117286
 -0.69074148]
Mus:
[[0.2712291  0.27111375 0.2626056  0.1950515 ]
 [0.27307528 0.27008778 0.26181394 0.19502299]
 [0.27479967 0.26894513 0.26138732 0.19486786]
 [0.2746262  0.26567322 0.26405904 0.19564156]
 [0.27411455 0.26293564 0.2663685  0.19658132]
 [0.2746262  0.26567322 0.26405904 0.19564156]
 [0.2746262  0.26567322 0.26405904 0.19564156]
 [0.2730036  0.26691929 0.26429424 0.19578291]
 [0.27307528 0.27008778 0.26181394 0.19502299]
 [0.27307528 0.27008778 0.26181394 0.19502299]
 [0.27479967 0.26894513 0.26138732 0.19486786]
 [0.2746262  0.26567322 0.26405904 0.19564156]
 [0.27411455 0.26293564 0.2663685  0.19658132]
 [0.2746262  0.26567322 0.26405904 0.19564156]
 [0.2746262  0.26567322 0.26405904 0.19564156]
 [0.27411455 0.26293564 0.2663685  0.19658132]
 [0.2746262  0.26567322 0.26405904 0.19564156]
 [0.27411455 0.26293564 0.2663685  0.19658132]
 [0.2746262  0.26567322 0.26405904 0.19564156]
 [0.27411455 0.26293564 0.2663685  0.19658132]
 [0.2727185  0.26373005 0.26669902 0.1968524 ]
 [0.2730036  0.26691929 0.26429424 0.19578291]
 [0.27307528 0.27008778 0.26181394 0.19502299]
 [0.27307528 0.27008778 0.26181394 0.19502299]
 [0.2712291  0.27111375 0.2626056  0.1950515 ]]
Actions:
[[1. 0. 0. 0.]
 [1. 0. 0. 0.]
 [0. 0. 0. 1.]
 [0. 0. 0. 1.]
 [0. 1. 0. 0.]
 [1. 0. 0. 0.]
 [0. 0. 1. 0.]
 [0. 1. 0. 0.]
 [0. 1. 0. 0.]
 [1. 0. 0. 0.]
 [0. 0. 0. 1.]
 [0. 0. 0. 1.]
 [0. 1. 0. 0.]
 [1. 0. 0. 0.]
 [0. 0. 0. 1.]
 [0. 1. 0. 0.]
 [0. 0. 0. 1.]
 [0. 1. 0. 0.]
 [0. 0. 0. 1.]
 [0. 0. 1. 0.]
 [0. 1. 0. 0.]
 [0. 1. 0. 0.]
 [0. 1. 0. 0.]
 [0. 0. 1. 0.]
 [0. 1. 0. 0.]]
States:
[[0.8 0.4]
 [0.9 0.4]
 [1.  0.4]
 [1.  0.3]
 [1.  0.2]
 [1.  0.3]
 [1.  0.3]
 [0.9 0.3]
 [0.9 0.4]
 [0.9 0.4]
 [1.  0.4]
 [1.  0.3]
 [1.  0.2]
 [1.  0.3]
 [1.  0.3]
 [1.  0.2]
 [1.  0.3]
 [1.  0.2]
 [1.  0.3]
 [1.  0.2]
 [0.9 0.2]
 [0.9 0.3]
 [0.9 0.4]
 [0.9 0.4]
 [0.8 0.4]]
Logstds:
[[0. 0. 0. 0.]
 [0. 0. 0. 0.]
 [0. 0. 0. 0.]
 [0. 0. 0. 0.]
 [0. 0. 0. 0.]
 [0. 0. 0. 0.]
 [0. 0. 0. 0.]
 [0. 0. 0. 0.]
 [0. 0. 0. 0.]
 [0. 0. 0. 0.]
 [0. 0. 0. 0.]
 [0. 0. 0. 0.]
 [0. 0. 0. 0.]
 [0. 0. 0. 0.]
 [0. 0. 0. 0.]
 [0. 0. 0. 0.]
 [0. 0. 0. 0.]
 [0. 0. 0. 0.]
 [0. 0. 0. 0.]
 [0. 0. 0. 0.]
 [0. 0. 0. 0.]
 [0. 0. 0. 0.]
 [0. 0. 0. 0.]
 [0. 0. 0. 0.]
 [0. 0. 0. 0.]]
