Baseline:
[0.82757246 0.82757246 0.82757246 0.8690752  0.910558   0.8690752
 0.8690752  0.82757246 0.839206   0.839206   0.839206   0.88044953
 0.89550114 0.93592143 0.9768809  0.99448603 1.034922   1.0178922
 1.0178922  1.034922   1.0550159  1.0550159  1.034922   1.034922
 1.034922   1.034922  ]
Returns:
[-2.62792594 -2.64073655 -2.62291139 -2.58898654 -2.5395979  -2.48385332
 -2.47169492 -2.42867292 -2.40680859 -2.36843068 -2.32803289 -2.26592834
 -2.21227666 -2.11621933 -1.99960255 -1.89397435 -1.73708682 -1.59394809
 -1.42030436 -1.27040067 -1.10322679 -0.91824212 -0.72087592 -0.48733573
 -0.24150395]
Advants:
[-2.35006938 -2.37597889 -2.37181719 -2.39445683 -2.40265129 -2.31988876
 -2.3230514  -2.25253871 -2.25719713 -2.23378991 -2.20838869 -2.20315656
 -2.18032293 -2.14007471 -2.07877726 -2.00361489 -1.89751803 -1.74363267
 -1.57143691 -1.43602475 -1.28164148 -1.08301018 -0.84401534 -0.57988306
 -0.29325008]
Mus:
[[0.25570232 0.28053162 0.2418136  0.22195251]
 [0.25570232 0.28053162 0.2418136  0.22195251]
 [0.25570232 0.28053162 0.2418136  0.22195251]
 [0.2553593  0.28294805 0.23984177 0.22185096]
 [0.25529966 0.28516638 0.23828538 0.22124866]
 [0.2553593  0.28294805 0.23984177 0.22185096]
 [0.2553593  0.28294805 0.23984177 0.22185096]
 [0.25570232 0.28053162 0.2418136  0.22195251]
 [0.25631383 0.28038588 0.24212594 0.22117443]
 [0.25631383 0.28038588 0.24212594 0.22117443]
 [0.25631383 0.28038588 0.24212594 0.22117443]
 [0.25595528 0.2827253  0.24014407 0.22117534]
 [0.25680903 0.28386763 0.23996964 0.2193537 ]
 [0.25630412 0.2866494  0.23789486 0.21915166]
 [0.2558718  0.2898044  0.23592407 0.21839972]
 [0.25637874 0.29151708 0.23519515 0.21690899]
 [0.25585172 0.29473436 0.23327602 0.21613789]
 [0.2554632  0.2928517  0.23413143 0.21755369]
 [0.2554632  0.2928517  0.23413143 0.21755369]
 [0.25585172 0.29473436 0.23327602 0.21613789]
 [0.256633   0.29624987 0.23218006 0.214937  ]
 [0.256633   0.29624987 0.23218006 0.214937  ]
 [0.25585172 0.29473436 0.23327602 0.21613789]
 [0.25585172 0.29473436 0.23327602 0.21613789]
 [0.25585172 0.29473436 0.23327602 0.21613789]]
Actions:
[[0. 0. 1. 0.]
 [0. 0. 0. 1.]
 [0. 1. 0. 0.]
 [0. 1. 0. 0.]
 [0. 0. 0. 1.]
 [0. 0. 1. 0.]
 [0. 0. 0. 1.]
 [1. 0. 0. 0.]
 [0. 0. 0. 1.]
 [0. 0. 0. 1.]
 [0. 1. 0. 0.]
 [1. 0. 0. 0.]
 [0. 1. 0. 0.]
 [0. 1. 0. 0.]
 [1. 0. 0. 0.]
 [0. 1. 0. 0.]
 [0. 0. 1. 0.]
 [0. 1. 0. 0.]
 [1. 0. 0. 0.]
 [1. 0. 0. 0.]
 [1. 0. 0. 0.]
 [0. 0. 1. 0.]
 [0. 1. 0. 0.]
 [0. 1. 0. 0.]
 [0. 0. 0. 1.]]
States:
[[0.  0.6]
 [0.  0.6]
 [0.  0.6]
 [0.  0.7]
 [0.  0.8]
 [0.  0.7]
 [0.  0.7]
 [0.  0.6]
 [0.1 0.6]
 [0.1 0.6]
 [0.1 0.6]
 [0.1 0.7]
 [0.2 0.7]
 [0.2 0.8]
 [0.2 0.9]
 [0.3 0.9]
 [0.3 1. ]
 [0.2 1. ]
 [0.2 1. ]
 [0.3 1. ]
 [0.4 1. ]
 [0.4 1. ]
 [0.3 1. ]
 [0.3 1. ]
 [0.3 1. ]]
Logstds:
[[0. 0. 0. 0.]
 [0. 0. 0. 0.]
 [0. 0. 0. 0.]
 [0. 0. 0. 0.]
 [0. 0. 0. 0.]
 [0. 0. 0. 0.]
 [0. 0. 0. 0.]
 [0. 0. 0. 0.]
 [0. 0. 0. 0.]
 [0. 0. 0. 0.]
 [0. 0. 0. 0.]
 [0. 0. 0. 0.]
 [0. 0. 0. 0.]
 [0. 0. 0. 0.]
 [0. 0. 0. 0.]
 [0. 0. 0. 0.]
 [0. 0. 0. 0.]
 [0. 0. 0. 0.]
 [0. 0. 0. 0.]
 [0. 0. 0. 0.]
 [0. 0. 0. 0.]
 [0. 0. 0. 0.]
 [0. 0. 0. 0.]
 [0. 0. 0. 0.]
 [0. 0. 0. 0.]]
