Baseline:
[-0.16958104 -0.16419898 -0.16419898 -0.16958104 -0.17750143 -0.16958104
 -0.17475744 -0.16958104 -0.17750143 -0.17139225 -0.17750143 -0.18512885
 -0.17750143 -0.18512885 -0.17750143 -0.16958104 -0.16419898 -0.17139225
 -0.17750143 -0.18202682 -0.19078645 -0.18202682 -0.19078645 -0.19740278
 -0.19740278 -0.19740278]
Returns:
[-12.1311296  -11.95254794 -11.73795352 -11.47002557 -11.19220322
 -10.85631521 -10.56835019 -10.33253343  -9.99484308  -9.67496272
  -9.26805466  -8.84044327  -8.34819695  -7.872172    -7.32896403
  -6.78974764  -6.33004062  -5.75266441  -5.13931961  -4.51910365
  -3.87084453  -3.14278288  -2.42208582  -1.65157236  -0.84696019]
Advants:
[-9.17802837 -9.1322966  -9.04939169 -8.91053664 -8.76186532 -8.57250243
 -8.42070689 -8.33632    -8.13873276 -7.97589043 -7.71388562 -7.42906247
 -7.0926846  -6.75494307 -6.36113887 -5.96726482 -5.64801712 -5.19195234
 -4.69279165 -4.1792691  -3.62262332 -2.98999847 -2.33204205 -1.60846858
 -0.83709008]
Mus:
[[0.25988448 0.29883233 0.23036462 0.21091855]
 [0.2606076  0.29963258 0.2295155  0.21024439]
 [0.2606076  0.29963258 0.2295155  0.21024439]
 [0.25988448 0.29883233 0.23036462 0.21091855]
 [0.25941777 0.30208194 0.22850005 0.21000017]
 [0.25988448 0.29883233 0.23036462 0.21091855]
 [0.25957286 0.2974508  0.23138697 0.21158926]
 [0.25988448 0.29883233 0.23036462 0.21091855]
 [0.25941777 0.30208194 0.22850005 0.21000017]
 [0.2601313  0.3029988  0.22755642 0.2093135 ]
 [0.25941777 0.30208194 0.22850005 0.21000017]
 [0.25929862 0.30494922 0.22654337 0.20920882]
 [0.25941777 0.30208194 0.22850005 0.21000017]
 [0.25929862 0.30494922 0.22654337 0.20920882]
 [0.25941777 0.30208194 0.22850005 0.21000017]
 [0.25988448 0.29883233 0.23036462 0.21091855]
 [0.2606076  0.29963258 0.2295155  0.21024439]
 [0.2601313  0.3029988  0.22755642 0.2093135 ]
 [0.25941777 0.30208194 0.22850005 0.21000017]
 [0.25953948 0.30044404 0.22928064 0.21073581]
 [0.25934857 0.30337563 0.22730306 0.20997274]
 [0.25953948 0.30044404 0.22928064 0.21073581]
 [0.25934857 0.30337563 0.22730306 0.20997274]
 [0.25919223 0.30164802 0.2284222  0.21073751]
 [0.25919223 0.30164802 0.2284222  0.21073751]]
Actions:
[[1. 0. 0. 0.]
 [1. 0. 0. 0.]
 [0. 0. 1. 0.]
 [0. 1. 0. 0.]
 [0. 0. 0. 1.]
 [0. 0. 1. 0.]
 [1. 0. 0. 0.]
 [0. 1. 0. 0.]
 [1. 0. 0. 0.]
 [0. 0. 1. 0.]
 [0. 1. 0. 0.]
 [0. 0. 0. 1.]
 [0. 1. 0. 0.]
 [0. 0. 0. 1.]
 [0. 0. 0. 1.]
 [1. 0. 0. 0.]
 [0. 1. 0. 0.]
 [0. 0. 1. 0.]
 [0. 0. 1. 0.]
 [0. 1. 0. 0.]
 [0. 0. 0. 1.]
 [0. 1. 0. 0.]
 [0. 0. 1. 0.]
 [0. 1. 0. 0.]
 [0. 1. 0. 0.]]
States:
[[0.9 0.8]
 [1.  0.8]
 [1.  0.8]
 [0.9 0.8]
 [0.9 0.9]
 [0.9 0.8]
 [0.8 0.8]
 [0.9 0.8]
 [0.9 0.9]
 [1.  0.9]
 [0.9 0.9]
 [0.9 1. ]
 [0.9 0.9]
 [0.9 1. ]
 [0.9 0.9]
 [0.9 0.8]
 [1.  0.8]
 [1.  0.9]
 [0.9 0.9]
 [0.8 0.9]
 [0.8 1. ]
 [0.8 0.9]
 [0.8 1. ]
 [0.7 1. ]
 [0.7 1. ]]
Logstds:
[[0. 0. 0. 0.]
 [0. 0. 0. 0.]
 [0. 0. 0. 0.]
 [0. 0. 0. 0.]
 [0. 0. 0. 0.]
 [0. 0. 0. 0.]
 [0. 0. 0. 0.]
 [0. 0. 0. 0.]
 [0. 0. 0. 0.]
 [0. 0. 0. 0.]
 [0. 0. 0. 0.]
 [0. 0. 0. 0.]
 [0. 0. 0. 0.]
 [0. 0. 0. 0.]
 [0. 0. 0. 0.]
 [0. 0. 0. 0.]
 [0. 0. 0. 0.]
 [0. 0. 0. 0.]
 [0. 0. 0. 0.]
 [0. 0. 0. 0.]
 [0. 0. 0. 0.]
 [0. 0. 0. 0.]
 [0. 0. 0. 0.]
 [0. 0. 0. 0.]
 [0. 0. 0. 0.]]
