Baseline:
[1.0519041 1.0939926 1.0723516 1.1158081 1.137677  1.1824076 1.1824076
 1.2040282 1.2253782 1.1792712 1.1992556 1.1792712 1.1356107 1.0945809
 1.1192626 1.0800408 1.1192626 1.1192626 1.0945809 1.0561147 1.0800408
 1.0800408 1.1192626 1.1574718 1.1356107 1.1356107]
Returns:
[-3.18535972 -3.11310129 -3.09276071 -3.01472366 -2.96378261 -2.85225812
 -2.72138957 -2.62719221 -2.51402084 -2.42372894 -2.30015641 -2.17966086
 -2.08747895 -2.00658718 -1.8882546  -1.80056756 -1.63016212 -1.47775537
 -1.34180364 -1.23811355 -1.09360447 -0.9280402  -0.71171227 -0.46904253
 -0.26645684]
Advants:
[-2.9886401  -2.98221969 -2.96471239 -2.95562158 -2.95331135 -2.91349344
 -2.80785132 -2.7604054  -2.6930157  -2.57891143 -2.49631329 -2.37426673
 -2.25422656 -2.1456826  -2.06365255 -1.94542954 -1.81961432 -1.66831974
 -1.50392516 -1.35329072 -1.21977808 -1.03506214 -0.83169528 -0.59241346
 -0.32323742]
Mus:
[[0.2689665  0.279596   0.2607683  0.19066921]
 [0.26765636 0.28250727 0.25977683 0.19005963]
 [0.26445377 0.28340918 0.26194772 0.19018933]
 [0.26390362 0.28572625 0.26089567 0.18947445]
 [0.26682475 0.28523836 0.25864798 0.18928894]
 [0.26617014 0.28751493 0.25787565 0.18843928]
 [0.26617014 0.28751493 0.25787565 0.18843928]
 [0.26870295 0.2868224  0.25630587 0.18816872]
 [0.2706434  0.28583634 0.2552865  0.18823378]
 [0.27166337 0.28295982 0.255776   0.18960084]
 [0.27305228 0.28239107 0.25450468 0.19005197]
 [0.27166337 0.28295982 0.255776   0.18960084]
 [0.2725661  0.28009844 0.25645533 0.1908801 ]
 [0.27310598 0.2775488  0.25723097 0.19211432]
 [0.27471393 0.27707157 0.25590095 0.19231355]
 [0.27496335 0.27492574 0.2571114  0.19299944]
 [0.27471393 0.27707157 0.25590095 0.19231355]
 [0.27471393 0.27707157 0.25590095 0.19231355]
 [0.27310598 0.2775488  0.25723097 0.19211432]
 [0.27345335 0.27544153 0.25820687 0.19289829]
 [0.27496335 0.27492574 0.2571114  0.19299944]
 [0.27496335 0.27492574 0.2571114  0.19299944]
 [0.27471393 0.27707157 0.25590095 0.19231355]
 [0.27422976 0.27943453 0.254839   0.19149671]
 [0.2725661  0.28009844 0.25645533 0.1908801 ]]
Actions:
[[0. 1. 0. 0.]
 [0. 0. 1. 0.]
 [0. 1. 0. 0.]
 [1. 0. 0. 0.]
 [0. 1. 0. 0.]
 [0. 1. 0. 0.]
 [1. 0. 0. 0.]
 [1. 0. 0. 0.]
 [0. 0. 0. 1.]
 [1. 0. 0. 0.]
 [0. 0. 1. 0.]
 [0. 0. 0. 1.]
 [0. 0. 0. 1.]
 [1. 0. 0. 0.]
 [0. 0. 0. 1.]
 [0. 1. 0. 0.]
 [1. 0. 0. 0.]
 [0. 0. 1. 0.]
 [0. 0. 0. 1.]
 [1. 0. 0. 0.]
 [1. 0. 0. 0.]
 [0. 1. 0. 0.]
 [0. 1. 0. 0.]
 [0. 0. 1. 0.]
 [0. 1. 0. 0.]]
States:
[[0.7 0.7]
 [0.7 0.8]
 [0.6 0.8]
 [0.6 0.9]
 [0.7 0.9]
 [0.7 1. ]
 [0.7 1. ]
 [0.8 1. ]
 [0.9 1. ]
 [0.9 0.9]
 [1.  0.9]
 [0.9 0.9]
 [0.9 0.8]
 [0.9 0.7]
 [1.  0.7]
 [1.  0.6]
 [1.  0.7]
 [1.  0.7]
 [0.9 0.7]
 [0.9 0.6]
 [1.  0.6]
 [1.  0.6]
 [1.  0.7]
 [1.  0.8]
 [0.9 0.8]]
Logstds:
[[0. 0. 0. 0.]
 [0. 0. 0. 0.]
 [0. 0. 0. 0.]
 [0. 0. 0. 0.]
 [0. 0. 0. 0.]
 [0. 0. 0. 0.]
 [0. 0. 0. 0.]
 [0. 0. 0. 0.]
 [0. 0. 0. 0.]
 [0. 0. 0. 0.]
 [0. 0. 0. 0.]
 [0. 0. 0. 0.]
 [0. 0. 0. 0.]
 [0. 0. 0. 0.]
 [0. 0. 0. 0.]
 [0. 0. 0. 0.]
 [0. 0. 0. 0.]
 [0. 0. 0. 0.]
 [0. 0. 0. 0.]
 [0. 0. 0. 0.]
 [0. 0. 0. 0.]
 [0. 0. 0. 0.]
 [0. 0. 0. 0.]
 [0. 0. 0. 0.]
 [0. 0. 0. 0.]]
