Baseline:
[0.09301153 0.08682669 0.08297398 0.07820791 0.08297398 0.08924797
 0.08297398 0.08924797 0.09301153 0.08682669 0.08297398 0.07820791
 0.08297398 0.08682669 0.09104556 0.0954005  0.09982207 0.10360258
 0.10779994 0.10914075 0.10948876 0.108771   0.10948876 0.10914075
 0.10779994 0.10779994]
Returns:
[-9.59935269 -9.38385283 -9.15078024 -8.91126737 -8.70460714 -8.46094158
 -8.15617985 -7.88364969 -7.55815052 -7.23521897 -6.88906039 -6.53050963
 -6.19854637 -5.81255927 -5.43907758 -5.07801322 -4.72763561 -4.33347437
 -3.94550685 -3.50957197 -3.02175785 -2.48835025 -1.89899957 -1.27996582
 -0.66043484]
Advants:
[-7.45347858 -7.3339771  -7.20061217 -7.06116057 -6.96677956 -6.8387179
 -6.63670594 -6.48052623 -6.26829355 -6.04782948 -5.80490124 -5.54655294
 -5.32314676 -5.0418265  -4.7705453  -4.50913206 -4.25589056 -3.95404886
 -3.6544909  -3.29784176 -2.87988425 -2.40466936 -1.86176018 -1.2728411
 -0.66582483]
Mus:
[[0.25808397 0.2841792  0.266332   0.19140477]
 [0.25586447 0.28340423 0.2688695  0.19186173]
 [0.2565149  0.28498226 0.268045   0.19045782]
 [0.2544932  0.28347293 0.2713463  0.19068755]
 [0.2565149  0.28498226 0.268045   0.19045782]
 [0.25859162 0.28600055 0.2651427  0.19026516]
 [0.2565149  0.28498226 0.268045   0.19045782]
 [0.25859162 0.28600055 0.2651427  0.19026516]
 [0.25808397 0.2841792  0.266332   0.19140477]
 [0.25586447 0.28340423 0.2688695  0.19186173]
 [0.2565149  0.28498226 0.268045   0.19045782]
 [0.2544932  0.28347293 0.2713463  0.19068755]
 [0.2565149  0.28498226 0.268045   0.19045782]
 [0.25586447 0.28340423 0.2688695  0.19186173]
 [0.25507787 0.28148353 0.27006966 0.1933689 ]
 [0.2541132  0.27939978 0.27173036 0.19475664]
 [0.2569528  0.28054097 0.26900348 0.19350275]
 [0.25606734 0.27875936 0.27041394 0.19475937]
 [0.26045677 0.2785319  0.2674665  0.19354479]
 [0.26512167 0.27805102 0.26441002 0.19241728]
 [0.26911014 0.2769358  0.26196045 0.19199364]
 [0.26875302 0.27425835 0.26316124 0.19382745]
 [0.26911014 0.2769358  0.26196045 0.19199364]
 [0.26512167 0.27805102 0.26441002 0.19241728]
 [0.26045677 0.2785319  0.2674665  0.19354479]]
Actions:
[[0. 0. 1. 0.]
 [0. 1. 0. 0.]
 [0. 0. 1. 0.]
 [1. 0. 0. 0.]
 [1. 0. 0. 0.]
 [0. 0. 1. 0.]
 [1. 0. 0. 0.]
 [0. 0. 0. 1.]
 [0. 0. 1. 0.]
 [0. 1. 0. 0.]
 [0. 0. 1. 0.]
 [1. 0. 0. 0.]
 [0. 0. 0. 1.]
 [0. 0. 0. 1.]
 [0. 0. 0. 1.]
 [1. 0. 0. 0.]
 [0. 0. 0. 1.]
 [1. 0. 0. 0.]
 [1. 0. 0. 0.]
 [1. 0. 0. 0.]
 [0. 0. 0. 1.]
 [0. 1. 0. 0.]
 [0. 0. 1. 0.]
 [0. 0. 1. 0.]
 [0. 1. 0. 0.]]
States:
[[0.4 0.9]
 [0.3 0.9]
 [0.3 1. ]
 [0.2 1. ]
 [0.3 1. ]
 [0.4 1. ]
 [0.3 1. ]
 [0.4 1. ]
 [0.4 0.9]
 [0.3 0.9]
 [0.3 1. ]
 [0.2 1. ]
 [0.3 1. ]
 [0.3 0.9]
 [0.3 0.8]
 [0.3 0.7]
 [0.4 0.7]
 [0.4 0.6]
 [0.5 0.6]
 [0.6 0.6]
 [0.7 0.6]
 [0.7 0.5]
 [0.7 0.6]
 [0.6 0.6]
 [0.5 0.6]]
Logstds:
[[0. 0. 0. 0.]
 [0. 0. 0. 0.]
 [0. 0. 0. 0.]
 [0. 0. 0. 0.]
 [0. 0. 0. 0.]
 [0. 0. 0. 0.]
 [0. 0. 0. 0.]
 [0. 0. 0. 0.]
 [0. 0. 0. 0.]
 [0. 0. 0. 0.]
 [0. 0. 0. 0.]
 [0. 0. 0. 0.]
 [0. 0. 0. 0.]
 [0. 0. 0. 0.]
 [0. 0. 0. 0.]
 [0. 0. 0. 0.]
 [0. 0. 0. 0.]
 [0. 0. 0. 0.]
 [0. 0. 0. 0.]
 [0. 0. 0. 0.]
 [0. 0. 0. 0.]
 [0. 0. 0. 0.]
 [0. 0. 0. 0.]
 [0. 0. 0. 0.]
 [0. 0. 0. 0.]]
