Baseline:
[0.8840492  0.8840492  0.8840492  0.8840492  0.9275442  0.8840492
 0.8442558  0.8840492  0.8840492  0.8442558  0.827859   0.86924654
 0.8583276  0.812331   0.8583276  0.812331   0.8583276  0.90473455
 0.8911631  0.933398   0.9730785  0.9730785  0.933398   0.9143522
 0.89550114 0.89550114]
Returns:
[-2.84542765 -2.79323291 -2.73829108 -2.68045757 -2.58043249 -2.48631611
 -2.40442781 -2.30804742 -2.22756952 -2.13206297 -2.06567055 -1.96342374
 -1.8831646  -1.79272898 -1.68859741 -1.58792141 -1.47301049 -1.33468849
 -1.21558334 -1.05894103 -0.87718314 -0.70782316 -0.513845   -0.34612659
 -0.18191516]
Advants:
[-2.67991072 -2.65203677 -2.62178833 -2.5889631  -2.55782328 -2.44350911
 -2.34334592 -2.30836038 -2.2488351  -2.13208817 -2.06687187 -2.02320032
 -1.94785416 -1.82438298 -1.77851517 -1.64061847 -1.57909628 -1.49236029
 -1.36120061 -1.24490098 -1.09637596 -0.91478119 -0.66061898 -0.44582834
 -0.22669023]
Mus:
[[0.25992283 0.28558153 0.23953931 0.21495633]
 [0.25992283 0.28558153 0.23953931 0.21495633]
 [0.25992283 0.28558153 0.23953931 0.21495633]
 [0.25992283 0.28558153 0.23953931 0.21495633]
 [0.2596395  0.28929067 0.23689438 0.21417549]
 [0.25992283 0.28558153 0.23953931 0.21495633]
 [0.260012   0.28206024 0.24247386 0.21545391]
 [0.25992283 0.28558153 0.23953931 0.21495633]
 [0.25992283 0.28558153 0.23953931 0.21495633]
 [0.260012   0.28206024 0.24247386 0.21545391]
 [0.25948626 0.28070253 0.24371035 0.21610075]
 [0.25983584 0.28368637 0.24090892 0.21556887]
 [0.25942633 0.28104374 0.242887   0.21664292]
 [0.25890708 0.27817583 0.24605037 0.21686669]
 [0.25942633 0.28104374 0.242887   0.21664292]
 [0.25890708 0.27817583 0.24605037 0.21686669]
 [0.25942633 0.28104374 0.242887   0.21664292]
 [0.2595157  0.2845408  0.23981252 0.21613093]
 [0.25861856 0.28220642 0.2415794  0.21759559]
 [0.25835806 0.28588936 0.23878953 0.2169631 ]
 [0.25784215 0.28955188 0.2363831  0.2162229 ]
 [0.25784215 0.28955188 0.2363831  0.2162229 ]
 [0.25835806 0.28588936 0.23878953 0.2169631 ]
 [0.25779495 0.28501284 0.23922966 0.21796256]
 [0.25680903 0.28386763 0.23996964 0.2193537 ]]
Actions:
[[1. 0. 0. 0.]
 [1. 0. 0. 0.]
 [1. 0. 0. 0.]
 [0. 1. 0. 0.]
 [0. 0. 0. 1.]
 [0. 0. 0. 1.]
 [0. 1. 0. 0.]
 [1. 0. 0. 0.]
 [0. 0. 0. 1.]
 [0. 0. 1. 0.]
 [0. 1. 0. 0.]
 [0. 0. 1. 0.]
 [0. 0. 0. 1.]
 [0. 1. 0. 0.]
 [0. 0. 0. 1.]
 [0. 1. 0. 0.]
 [0. 1. 0. 0.]
 [0. 0. 1. 0.]
 [0. 1. 0. 0.]
 [0. 1. 0. 0.]
 [1. 0. 0. 0.]
 [0. 0. 0. 1.]
 [0. 0. 1. 0.]
 [0. 0. 1. 0.]
 [0. 0. 0. 1.]]
States:
[[0.7 0.5]
 [0.7 0.5]
 [0.7 0.5]
 [0.7 0.5]
 [0.7 0.6]
 [0.7 0.5]
 [0.7 0.4]
 [0.7 0.5]
 [0.7 0.5]
 [0.7 0.4]
 [0.6 0.4]
 [0.6 0.5]
 [0.5 0.5]
 [0.5 0.4]
 [0.5 0.5]
 [0.5 0.4]
 [0.5 0.5]
 [0.5 0.6]
 [0.4 0.6]
 [0.4 0.7]
 [0.4 0.8]
 [0.4 0.8]
 [0.4 0.7]
 [0.3 0.7]
 [0.2 0.7]]
Logstds:
[[0. 0. 0. 0.]
 [0. 0. 0. 0.]
 [0. 0. 0. 0.]
 [0. 0. 0. 0.]
 [0. 0. 0. 0.]
 [0. 0. 0. 0.]
 [0. 0. 0. 0.]
 [0. 0. 0. 0.]
 [0. 0. 0. 0.]
 [0. 0. 0. 0.]
 [0. 0. 0. 0.]
 [0. 0. 0. 0.]
 [0. 0. 0. 0.]
 [0. 0. 0. 0.]
 [0. 0. 0. 0.]
 [0. 0. 0. 0.]
 [0. 0. 0. 0.]
 [0. 0. 0. 0.]
 [0. 0. 0. 0.]
 [0. 0. 0. 0.]
 [0. 0. 0. 0.]
 [0. 0. 0. 0.]
 [0. 0. 0. 0.]
 [0. 0. 0. 0.]
 [0. 0. 0. 0.]]
