Baseline:
[-0.19740278 -0.19740278 -0.18794747 -0.19498661 -0.20506042 -0.20506042
 -0.19740278 -0.19078645 -0.18512885 -0.17750143 -0.17139225 -0.16419898
 -0.15709539 -0.15709539 -0.16419898 -0.16958104 -0.17475744 -0.18202682
 -0.18794747 -0.18202682 -0.19078645 -0.19078645 -0.18202682 -0.17475744
 -0.17899497 -0.17899497]
Returns:
[-11.91256443 -11.64800447 -11.35462654 -11.1117427  -10.86709728
 -10.57549817 -10.3288197  -10.04528216  -9.72222225  -9.27638535
  -8.91869142  -8.43631458  -7.95963613  -7.56399723  -7.08551071
  -6.57271734  -6.0592998   -5.52489002  -4.95010346  -4.41306221
  -3.75922196  -3.03695251  -2.2650018   -1.48522261  -0.73001325]
Advants:
[-9.02448505 -8.88485619 -8.72772608 -8.60766714 -8.48599683 -8.32976216
 -8.23024467 -8.09614616 -7.92391669 -7.62969407 -7.42348816 -7.09137146
 -6.76252804 -6.50737281 -6.15921548 -5.77415443 -5.38397547 -4.9648976
 -4.49927569 -4.07661781 -3.51122744 -2.87211033 -2.17555139 -1.45145781
 -0.72106349]
Mus:
[[0.25919223 0.30164802 0.2284222  0.21073751]
 [0.25919223 0.30164802 0.2284222  0.21073751]
 [0.25962454 0.2985617  0.2302689  0.21154492]
 [0.2591561  0.2966036  0.23169684 0.2125435 ]
 [0.2584849  0.29996115 0.22948857 0.21206535]
 [0.2584849  0.29996115 0.22948857 0.21206535]
 [0.25919223 0.30164802 0.2284222  0.21073751]
 [0.25934857 0.30337563 0.22730306 0.20997274]
 [0.25929862 0.30494922 0.22654337 0.20920882]
 [0.25941777 0.30208194 0.22850005 0.21000017]
 [0.2601313  0.3029988  0.22755642 0.2093135 ]
 [0.2606076  0.29963258 0.2295155  0.21024439]
 [0.26140937 0.2962299  0.23143066 0.21093006]
 [0.26140937 0.2962299  0.23143066 0.21093006]
 [0.2606076  0.29963258 0.2295155  0.21024439]
 [0.25988448 0.29883233 0.23036462 0.21091855]
 [0.25957286 0.2974508  0.23138697 0.21158926]
 [0.25953948 0.30044404 0.22928064 0.21073581]
 [0.25962454 0.2985617  0.2302689  0.21154492]
 [0.25953948 0.30044404 0.22928064 0.21073581]
 [0.25934857 0.30337563 0.22730306 0.20997274]
 [0.25934857 0.30337563 0.22730306 0.20997274]
 [0.25953948 0.30044404 0.22928064 0.21073581]
 [0.25957286 0.2974508  0.23138697 0.21158926]
 [0.25969306 0.2955919  0.23233508 0.21237999]]
Actions:
[[0. 1. 0. 0.]
 [0. 0. 0. 1.]
 [0. 0. 1. 0.]
 [0. 1. 0. 0.]
 [0. 1. 0. 0.]
 [1. 0. 0. 0.]
 [1. 0. 0. 0.]
 [1. 0. 0. 0.]
 [0. 0. 0. 1.]
 [1. 0. 0. 0.]
 [0. 0. 0. 1.]
 [0. 0. 0. 1.]
 [1. 0. 0. 0.]
 [0. 1. 0. 0.]
 [0. 0. 1. 0.]
 [0. 0. 1. 0.]
 [0. 1. 0. 0.]
 [0. 0. 1. 0.]
 [1. 0. 0. 0.]
 [0. 1. 0. 0.]
 [0. 1. 0. 0.]
 [0. 0. 0. 1.]
 [0. 0. 0. 1.]
 [0. 0. 1. 0.]
 [1. 0. 0. 0.]]
States:
[[0.7 1. ]
 [0.7 1. ]
 [0.7 0.9]
 [0.6 0.9]
 [0.6 1. ]
 [0.6 1. ]
 [0.7 1. ]
 [0.8 1. ]
 [0.9 1. ]
 [0.9 0.9]
 [1.  0.9]
 [1.  0.8]
 [1.  0.7]
 [1.  0.7]
 [1.  0.8]
 [0.9 0.8]
 [0.8 0.8]
 [0.8 0.9]
 [0.7 0.9]
 [0.8 0.9]
 [0.8 1. ]
 [0.8 1. ]
 [0.8 0.9]
 [0.8 0.8]
 [0.7 0.8]]
Logstds:
[[0. 0. 0. 0.]
 [0. 0. 0. 0.]
 [0. 0. 0. 0.]
 [0. 0. 0. 0.]
 [0. 0. 0. 0.]
 [0. 0. 0. 0.]
 [0. 0. 0. 0.]
 [0. 0. 0. 0.]
 [0. 0. 0. 0.]
 [0. 0. 0. 0.]
 [0. 0. 0. 0.]
 [0. 0. 0. 0.]
 [0. 0. 0. 0.]
 [0. 0. 0. 0.]
 [0. 0. 0. 0.]
 [0. 0. 0. 0.]
 [0. 0. 0. 0.]
 [0. 0. 0. 0.]
 [0. 0. 0. 0.]
 [0. 0. 0. 0.]
 [0. 0. 0. 0.]
 [0. 0. 0. 0.]
 [0. 0. 0. 0.]
 [0. 0. 0. 0.]
 [0. 0. 0. 0.]]
