Baseline:
[0.9013628  0.94044757 0.9113848  0.88435864 0.9263066  0.9532256
 0.9113848  0.88435864 0.9113848  0.88435864 0.8690335  0.85991144
 0.85991144 0.8690335  0.91216946 0.9552421  0.91216946 0.8690335
 0.88435864 0.9263066  0.91216946 0.9263066  0.91216946 0.90223616
 0.90223616 0.90223616]
Returns:
[-1.52193375 -1.42964935 -1.39118596 -1.36474317 -1.27554799 -1.21888914
 -1.18637929 -1.14915719 -1.1004196  -1.05867331 -1.02822686 -1.01033537
 -1.00633313 -0.9736262  -0.876586   -0.76097706 -0.71235886 -0.67624911
 -0.61461181 -0.48593603 -0.40982308 -0.31993215 -0.23508215 -0.15995954
 -0.09521747]
Advants:
[-1.69081597 -1.64852035 -1.59073866 -1.54619054 -1.5071629  -1.485423
 -1.41745431 -1.35814459 -1.34112095 -1.2753086  -1.2313337  -1.2054344
 -1.20251755 -1.17938115 -1.12429639 -1.04823564 -0.94988431 -0.86095985
 -0.80271204 -0.70034955 -0.59034165 -0.49080407 -0.36294558 -0.24392824
 -0.1403293 ]
Mus:
[[0.25602612 0.27602908 0.2717875  0.19615735]
 [0.25606734 0.27875936 0.27041394 0.19475937]
 [0.2527682  0.27766064 0.27345628 0.19611494]
 [0.25020963 0.27651122 0.2760601  0.19721901]
 [0.25160366 0.27844897 0.27444822 0.19549908]
 [0.2541132  0.27939978 0.27173036 0.19475664]
 [0.2527682  0.27766064 0.27345628 0.19611494]
 [0.25020963 0.27651122 0.2760601  0.19721901]
 [0.2527682  0.27766064 0.27345628 0.19611494]
 [0.25020963 0.27651122 0.2760601  0.19721901]
 [0.24796636 0.27523673 0.2789434  0.19785348]
 [0.24515374 0.27291837 0.2831931  0.19873483]
 [0.24515374 0.27291837 0.2831931  0.19873483]
 [0.24796636 0.27523673 0.2789434  0.19785348]
 [0.24924172 0.27718598 0.2775636  0.19600873]
 [0.25051224 0.2786596  0.2766165  0.19421163]
 [0.24924172 0.27718598 0.2775636  0.19600873]
 [0.24796636 0.27523673 0.2789434  0.19785348]
 [0.25020963 0.27651122 0.2760601  0.19721901]
 [0.25160366 0.27844897 0.27444822 0.19549908]
 [0.24924172 0.27718598 0.2775636  0.19600873]
 [0.25160366 0.27844897 0.27444822 0.19549908]
 [0.24924172 0.27718598 0.2775636  0.19600873]
 [0.24626715 0.27472165 0.2823628  0.19664836]
 [0.24626715 0.27472165 0.2823628  0.19664836]]
Actions:
[[0. 1. 0. 0.]
 [0. 0. 1. 0.]
 [0. 0. 1. 0.]
 [0. 1. 0. 0.]
 [1. 0. 0. 0.]
 [0. 0. 0. 1.]
 [0. 0. 1. 0.]
 [1. 0. 0. 0.]
 [0. 0. 1. 0.]
 [0. 0. 1. 0.]
 [0. 0. 1. 0.]
 [0. 0. 1. 0.]
 [1. 0. 0. 0.]
 [0. 1. 0. 0.]
 [0. 1. 0. 0.]
 [0. 0. 0. 1.]
 [0. 0. 0. 1.]
 [1. 0. 0. 0.]
 [0. 1. 0. 0.]
 [0. 0. 1. 0.]
 [1. 0. 0. 0.]
 [0. 0. 1. 0.]
 [0. 0. 1. 0.]
 [0. 0. 1. 0.]
 [1. 0. 0. 0.]]
States:
[[0.4 0.5]
 [0.4 0.6]
 [0.3 0.6]
 [0.2 0.6]
 [0.2 0.7]
 [0.3 0.7]
 [0.3 0.6]
 [0.2 0.6]
 [0.3 0.6]
 [0.2 0.6]
 [0.1 0.6]
 [0.  0.6]
 [0.  0.6]
 [0.1 0.6]
 [0.1 0.7]
 [0.1 0.8]
 [0.1 0.7]
 [0.1 0.6]
 [0.2 0.6]
 [0.2 0.7]
 [0.1 0.7]
 [0.2 0.7]
 [0.1 0.7]
 [0.  0.7]
 [0.  0.7]]
Logstds:
[[0. 0. 0. 0.]
 [0. 0. 0. 0.]
 [0. 0. 0. 0.]
 [0. 0. 0. 0.]
 [0. 0. 0. 0.]
 [0. 0. 0. 0.]
 [0. 0. 0. 0.]
 [0. 0. 0. 0.]
 [0. 0. 0. 0.]
 [0. 0. 0. 0.]
 [0. 0. 0. 0.]
 [0. 0. 0. 0.]
 [0. 0. 0. 0.]
 [0. 0. 0. 0.]
 [0. 0. 0. 0.]
 [0. 0. 0. 0.]
 [0. 0. 0. 0.]
 [0. 0. 0. 0.]
 [0. 0. 0. 0.]
 [0. 0. 0. 0.]
 [0. 0. 0. 0.]
 [0. 0. 0. 0.]
 [0. 0. 0. 0.]
 [0. 0. 0. 0.]
 [0. 0. 0. 0.]]
