Baseline:
[0.90223616 0.94571775 0.9552421  0.9985086  0.9892436  1.032771
 1.032771   0.9892436  0.94571775 0.9552421  0.96851134 0.9263066
 0.96851134 0.99484473 1.0361611  1.0111456  1.0361611  1.0629065
 1.0212661  1.0629065  1.0629065  1.0629065  1.0629065  1.1042651
 1.1042651  1.1042651 ]
Returns:
[-2.07321675 -2.03490065 -2.02786356 -1.95951631 -1.94297216 -1.86998377
 -1.77936294 -1.76678033 -1.76804287 -1.74696063 -1.71274372 -1.70249044
 -1.61749877 -1.56417936 -1.44616585 -1.37657108 -1.29599975 -1.19786863
 -1.1212165  -0.96659267 -0.83768079 -0.70198408 -0.55914543 -0.36201237
 -0.18564737]
Advants:
[-2.0023965  -2.01685408 -2.02950197 -2.01467165 -1.99918801 -1.98002089
 -1.89776818 -1.84900378 -1.81340465 -1.80872125 -1.79458584 -1.74789798
 -1.71004943 -1.68758787 -1.61342847 -1.51864607 -1.46118521 -1.38552448
 -1.25893415 -1.13345177 -0.98698921 -0.82804993 -0.65557105 -0.46281361
 -0.24086058]
Mus:
[[0.24626715 0.27472165 0.2823628  0.19664836]
 [0.24768008 0.27621937 0.2814319  0.19466865]
 [0.25051224 0.2786596  0.2766165  0.19421163]
 [0.2516098  0.28013137 0.27568707 0.19257182]
 [0.24847582 0.2775015  0.280943   0.19307972]
 [0.24891886 0.2795183  0.28047144 0.19109136]
 [0.24891886 0.2795183  0.28047144 0.19109136]
 [0.24847582 0.2775015  0.280943   0.19307972]
 [0.24768008 0.27621937 0.2814319  0.19466865]
 [0.25051224 0.2786596  0.2766165  0.19421163]
 [0.2527904  0.28029448 0.273075   0.1938401 ]
 [0.25160366 0.27844897 0.27444822 0.19549908]
 [0.2527904  0.28029448 0.273075   0.1938401 ]
 [0.25507787 0.28148353 0.27006966 0.1933689 ]
 [0.25586447 0.28340423 0.2688695  0.19186173]
 [0.25390837 0.2820259  0.27197886 0.19208688]
 [0.25586447 0.28340423 0.2688695  0.19186173]
 [0.25808397 0.2841792  0.266332   0.19140477]
 [0.25764704 0.2824334  0.2675286  0.19239092]
 [0.25808397 0.2841792  0.266332   0.19140477]
 [0.25808397 0.2841792  0.266332   0.19140477]
 [0.25808397 0.2841792  0.266332   0.19140477]
 [0.25808397 0.2841792  0.266332   0.19140477]
 [0.25859162 0.28600055 0.2651427  0.19026516]
 [0.25859162 0.28600055 0.2651427  0.19026516]]
Actions:
[[0. 1. 0. 0.]
 [1. 0. 0. 0.]
 [0. 1. 0. 0.]
 [0. 0. 1. 0.]
 [0. 1. 0. 0.]
 [0. 1. 0. 0.]
 [0. 0. 0. 1.]
 [0. 0. 0. 1.]
 [1. 0. 0. 0.]
 [1. 0. 0. 0.]
 [0. 0. 0. 1.]
 [0. 1. 0. 0.]
 [1. 0. 0. 0.]
 [0. 1. 0. 0.]
 [0. 0. 1. 0.]
 [1. 0. 0. 0.]
 [1. 0. 0. 0.]
 [0. 0. 0. 1.]
 [0. 1. 0. 0.]
 [1. 0. 0. 0.]
 [1. 0. 0. 0.]
 [1. 0. 0. 0.]
 [0. 1. 0. 0.]
 [1. 0. 0. 0.]
 [1. 0. 0. 0.]]
States:
[[0.  0.7]
 [0.  0.8]
 [0.1 0.8]
 [0.1 0.9]
 [0.  0.9]
 [0.  1. ]
 [0.  1. ]
 [0.  0.9]
 [0.  0.8]
 [0.1 0.8]
 [0.2 0.8]
 [0.2 0.7]
 [0.2 0.8]
 [0.3 0.8]
 [0.3 0.9]
 [0.2 0.9]
 [0.3 0.9]
 [0.4 0.9]
 [0.4 0.8]
 [0.4 0.9]
 [0.4 0.9]
 [0.4 0.9]
 [0.4 0.9]
 [0.4 1. ]
 [0.4 1. ]]
Logstds:
[[0. 0. 0. 0.]
 [0. 0. 0. 0.]
 [0. 0. 0. 0.]
 [0. 0. 0. 0.]
 [0. 0. 0. 0.]
 [0. 0. 0. 0.]
 [0. 0. 0. 0.]
 [0. 0. 0. 0.]
 [0. 0. 0. 0.]
 [0. 0. 0. 0.]
 [0. 0. 0. 0.]
 [0. 0. 0. 0.]
 [0. 0. 0. 0.]
 [0. 0. 0. 0.]
 [0. 0. 0. 0.]
 [0. 0. 0. 0.]
 [0. 0. 0. 0.]
 [0. 0. 0. 0.]
 [0. 0. 0. 0.]
 [0. 0. 0. 0.]
 [0. 0. 0. 0.]
 [0. 0. 0. 0.]
 [0. 0. 0. 0.]
 [0. 0. 0. 0.]
 [0. 0. 0. 0.]]
