Baseline:
[0.82905424 0.82905424 0.88092077 0.88092077 0.9312218  0.9312218
 0.9312218  0.9312218  0.94618994 0.96585894 0.96585894 0.9857483
 0.9331161  0.95616263 1.0072352  1.060496   1.0372182  1.0372182
 1.060496   1.0372182  1.0857165  1.1115057  1.1380568  1.1115057
 1.0857165  1.0857165 ]
Returns:
[0.9563179  0.87933904 0.86053327 0.78603171 0.77173659 0.76599117
 0.69479537 0.68500042 0.63774058 0.59315315 0.59726919 0.55738764
 0.47666781 0.42775071 0.42528542 0.43378512 0.38621931 0.32700958
 0.29050829 0.23540161 0.23880329 0.20719254 0.18257869 0.13876175
 0.08442414]
Advants:
[ 0.37823075  0.32418627  0.27621633  0.22404691  0.18168753  0.19989548
  0.15249162  0.16821245  0.13174926  0.09346512  0.12589325  0.09499773
  0.09737662  0.05624916  0.03451852  0.02288977  0.03380542  0.01096705
 -0.01119115 -0.00317876 -0.00643477 -0.02020526 -0.02560626  0.00625608
  0.03013825]
Mus:
[[0.24081329 0.26245892 0.28949165 0.20723614]
 [0.24081329 0.26245892 0.28949165 0.20723614]
 [0.24178542 0.2653497  0.2881169  0.20474795]
 [0.24178542 0.2653497  0.2881169  0.20474795]
 [0.24300815 0.26813772 0.28632778 0.20252633]
 [0.24300815 0.26813772 0.28632778 0.20252633]
 [0.24300815 0.26813772 0.28632778 0.20252633]
 [0.24300815 0.26813772 0.28632778 0.20252633]
 [0.24587768 0.2701126  0.28248024 0.20152938]
 [0.24885069 0.2715303  0.2792185  0.20040055]
 [0.24885069 0.2715303  0.2792185  0.20040055]
 [0.2523132  0.27232686 0.27621904 0.19914082]
 [0.2526539  0.2689793  0.27774104 0.20062578]
 [0.25725248 0.26884857 0.2747546  0.19914436]
 [0.25677955 0.27203348 0.2734272  0.19775978]
 [0.25602612 0.27602908 0.2717875  0.19615735]
 [0.25213057 0.2755329  0.27473772 0.19759884]
 [0.25213057 0.2755329  0.27473772 0.19759884]
 [0.25602612 0.27602908 0.2717875  0.19615735]
 [0.25213057 0.2755329  0.27473772 0.19759884]
 [0.2527682  0.27766064 0.27345628 0.19611494]
 [0.25606734 0.27875936 0.27041394 0.19475937]
 [0.26045677 0.2785319  0.2674665  0.19354479]
 [0.25606734 0.27875936 0.27041394 0.19475937]
 [0.2527682  0.27766064 0.27345628 0.19611494]]
Actions:
[[0. 0. 1. 0.]
 [0. 1. 0. 0.]
 [0. 0. 1. 0.]
 [0. 1. 0. 0.]
 [0. 1. 0. 0.]
 [0. 0. 1. 0.]
 [0. 1. 0. 0.]
 [1. 0. 0. 0.]
 [1. 0. 0. 0.]
 [0. 1. 0. 0.]
 [1. 0. 0. 0.]
 [0. 0. 0. 1.]
 [1. 0. 0. 0.]
 [0. 1. 0. 0.]
 [0. 1. 0. 0.]
 [0. 0. 1. 0.]
 [0. 0. 1. 0.]
 [1. 0. 0. 0.]
 [0. 0. 1. 0.]
 [0. 1. 0. 0.]
 [1. 0. 0. 0.]
 [1. 0. 0. 0.]
 [0. 0. 1. 0.]
 [0. 0. 1. 0.]
 [0. 0. 0. 1.]]
States:
[[0.  0.2]
 [0.  0.2]
 [0.  0.3]
 [0.  0.3]
 [0.  0.4]
 [0.  0.4]
 [0.  0.4]
 [0.  0.4]
 [0.1 0.4]
 [0.2 0.4]
 [0.2 0.4]
 [0.3 0.4]
 [0.3 0.3]
 [0.4 0.3]
 [0.4 0.4]
 [0.4 0.5]
 [0.3 0.5]
 [0.3 0.5]
 [0.4 0.5]
 [0.3 0.5]
 [0.3 0.6]
 [0.4 0.6]
 [0.5 0.6]
 [0.4 0.6]
 [0.3 0.6]]
Logstds:
[[0. 0. 0. 0.]
 [0. 0. 0. 0.]
 [0. 0. 0. 0.]
 [0. 0. 0. 0.]
 [0. 0. 0. 0.]
 [0. 0. 0. 0.]
 [0. 0. 0. 0.]
 [0. 0. 0. 0.]
 [0. 0. 0. 0.]
 [0. 0. 0. 0.]
 [0. 0. 0. 0.]
 [0. 0. 0. 0.]
 [0. 0. 0. 0.]
 [0. 0. 0. 0.]
 [0. 0. 0. 0.]
 [0. 0. 0. 0.]
 [0. 0. 0. 0.]
 [0. 0. 0. 0.]
 [0. 0. 0. 0.]
 [0. 0. 0. 0.]
 [0. 0. 0. 0.]
 [0. 0. 0. 0.]
 [0. 0. 0. 0.]
 [0. 0. 0. 0.]
 [0. 0. 0. 0.]]
