Baseline:
[1.3997452 1.3802522 1.4344997 1.3802522 1.3997452 1.3430231 1.3238121
 1.3430231 1.3238121 1.3430231 1.3997452 1.3430231 1.3997452 1.3802522
 1.4344997 1.4562582 1.4562582 1.4756783 1.4756783 1.4756783 1.4946829
 1.43668   1.3764453 1.43668   1.4946829 1.4946829]
Returns:
[-0.76759702 -0.7674775  -0.72946045 -0.71958702 -0.72068923 -0.71724546
 -0.72484744 -0.73388941 -0.74236739 -0.75233146 -0.71826981 -0.7146987
 -0.67865639 -0.67385578 -0.63091127 -0.6191672  -0.55407598 -0.53507331
 -0.45810614 -0.37708808 -0.34589166 -0.30322772 -0.2692759  -0.19623919
 -0.10663831]
Advants:
[-1.32789439 -1.30319628 -1.31440987 -1.24286158 -1.25603366 -1.18595145
 -1.16322249 -1.18028186 -1.15706992 -1.17360517 -1.18325003 -1.10696759
 -1.11093577 -1.06775557 -1.05891262 -1.04737462 -0.95688192 -0.92974699
 -0.82049989 -0.70194633 -0.64864427 -0.5002518  -0.3513611  -0.27879884
 -0.18137252]
Mus:
[[0.25962454 0.2985617  0.2302689  0.21154492]
 [0.2591561  0.2966036  0.23169684 0.2125435 ]
 [0.2584849  0.29996115 0.22948857 0.21206535]
 [0.2591561  0.2966036  0.23169684 0.2125435 ]
 [0.25962454 0.2985617  0.2302689  0.21154492]
 [0.25969306 0.2955919  0.23233508 0.21237999]
 [0.25962207 0.2935534  0.23368803 0.21313655]
 [0.25969306 0.2955919  0.23233508 0.21237999]
 [0.25962207 0.2935534  0.23368803 0.21313655]
 [0.25969306 0.2955919  0.23233508 0.21237999]
 [0.25962454 0.2985617  0.2302689  0.21154492]
 [0.25969306 0.2955919  0.23233508 0.21237999]
 [0.25962454 0.2985617  0.2302689  0.21154492]
 [0.2591561  0.2966036  0.23169684 0.2125435 ]
 [0.2584849  0.29996115 0.22948857 0.21206535]
 [0.25919223 0.30164802 0.2284222  0.21073751]
 [0.25919223 0.30164802 0.2284222  0.21073751]
 [0.25934857 0.30337563 0.22730306 0.20997274]
 [0.25934857 0.30337563 0.22730306 0.20997274]
 [0.25934857 0.30337563 0.22730306 0.20997274]
 [0.25929862 0.30494922 0.22654337 0.20920882]
 [0.25941777 0.30208194 0.22850005 0.21000017]
 [0.25988448 0.29883233 0.23036462 0.21091855]
 [0.25941777 0.30208194 0.22850005 0.21000017]
 [0.25929862 0.30494922 0.22654337 0.20920882]]
Actions:
[[0. 0. 1. 0.]
 [0. 1. 0. 0.]
 [0. 0. 0. 1.]
 [1. 0. 0. 0.]
 [0. 0. 0. 1.]
 [0. 0. 1. 0.]
 [1. 0. 0. 0.]
 [0. 0. 1. 0.]
 [1. 0. 0. 0.]
 [0. 1. 0. 0.]
 [0. 0. 0. 1.]
 [0. 1. 0. 0.]
 [0. 0. 1. 0.]
 [0. 1. 0. 0.]
 [1. 0. 0. 0.]
 [0. 1. 0. 0.]
 [1. 0. 0. 0.]
 [0. 1. 0. 0.]
 [0. 1. 0. 0.]
 [1. 0. 0. 0.]
 [0. 0. 0. 1.]
 [0. 0. 0. 1.]
 [0. 1. 0. 0.]
 [0. 1. 0. 0.]
 [0. 1. 0. 0.]]
States:
[[0.7 0.9]
 [0.6 0.9]
 [0.6 1. ]
 [0.6 0.9]
 [0.7 0.9]
 [0.7 0.8]
 [0.6 0.8]
 [0.7 0.8]
 [0.6 0.8]
 [0.7 0.8]
 [0.7 0.9]
 [0.7 0.8]
 [0.7 0.9]
 [0.6 0.9]
 [0.6 1. ]
 [0.7 1. ]
 [0.7 1. ]
 [0.8 1. ]
 [0.8 1. ]
 [0.8 1. ]
 [0.9 1. ]
 [0.9 0.9]
 [0.9 0.8]
 [0.9 0.9]
 [0.9 1. ]]
Logstds:
[[0. 0. 0. 0.]
 [0. 0. 0. 0.]
 [0. 0. 0. 0.]
 [0. 0. 0. 0.]
 [0. 0. 0. 0.]
 [0. 0. 0. 0.]
 [0. 0. 0. 0.]
 [0. 0. 0. 0.]
 [0. 0. 0. 0.]
 [0. 0. 0. 0.]
 [0. 0. 0. 0.]
 [0. 0. 0. 0.]
 [0. 0. 0. 0.]
 [0. 0. 0. 0.]
 [0. 0. 0. 0.]
 [0. 0. 0. 0.]
 [0. 0. 0. 0.]
 [0. 0. 0. 0.]
 [0. 0. 0. 0.]
 [0. 0. 0. 0.]
 [0. 0. 0. 0.]
 [0. 0. 0. 0.]
 [0. 0. 0. 0.]
 [0. 0. 0. 0.]
 [0. 0. 0. 0.]]
