Baseline:
[1.0372182 1.0372182 1.0372182 1.0857165 1.0372182 1.0857165 1.0372182
 1.060496  1.0372182 1.060496  1.1115057 1.1606565 1.1905984 1.1905984
 1.1905984 1.1606565 1.1115057 1.1606565 1.1115057 1.1380568 1.0838106
 1.1118709 1.0606415 1.1118709 1.1660125 1.1660125]
Returns:
[0.58878094 0.54023234 0.48912856 0.50588429 0.44364226 0.45800398
 0.39324194 0.36022656 0.30878926 0.27132901 0.28310734 0.30499201
 0.29512222 0.33211628 0.3710574  0.34595942 0.28968811 0.31191913
 0.25385622 0.23169836 0.16442609 0.13635447 0.05952035 0.0598246
 0.07047391]
Advants:
[-6.78326984e-02 -9.93293347e-02 -1.33509081e-01 -1.47867558e-01
 -1.43171454e-01 -1.58353041e-01 -1.54550166e-01 -1.90808311e-01
 -1.98097007e-01 -2.38064785e-01 -2.55969985e-01 -2.60936245e-01
 -2.77779879e-01 -2.14717019e-01 -1.46282011e-01 -1.09281794e-01
 -8.17271377e-02 -7.18501387e-02 -4.11067846e-02 -4.82883264e-02
 -1.66524112e-02 -2.60536720e-02 -1.73892158e-03 -6.68984056e-05
  1.21732950e-02]
Mus:
[[0.25213057 0.2755329  0.27473772 0.19759884]
 [0.25213057 0.2755329  0.27473772 0.19759884]
 [0.25213057 0.2755329  0.27473772 0.19759884]
 [0.2527682  0.27766064 0.27345628 0.19611494]
 [0.25213057 0.2755329  0.27473772 0.19759884]
 [0.2527682  0.27766064 0.27345628 0.19611494]
 [0.25213057 0.2755329  0.27473772 0.19759884]
 [0.25602612 0.27602908 0.2717875  0.19615735]
 [0.25213057 0.2755329  0.27473772 0.19759884]
 [0.25602612 0.27602908 0.2717875  0.19615735]
 [0.25606734 0.27875936 0.27041394 0.19475937]
 [0.2569528  0.28054097 0.26900348 0.19350275]
 [0.26061618 0.28126755 0.26584566 0.19227064]
 [0.26061618 0.28126755 0.26584566 0.19227064]
 [0.26061618 0.28126755 0.26584566 0.19227064]
 [0.2569528  0.28054097 0.26900348 0.19350275]
 [0.25606734 0.27875936 0.27041394 0.19475937]
 [0.2569528  0.28054097 0.26900348 0.19350275]
 [0.25606734 0.27875936 0.27041394 0.19475937]
 [0.26045677 0.2785319  0.2674665  0.19354479]
 [0.26058388 0.27552563 0.26891318 0.19497737]
 [0.26509738 0.27520102 0.26584896 0.19385265]
 [0.26506147 0.27183095 0.26759323 0.19551438]
 [0.26509738 0.27520102 0.26584896 0.19385265]
 [0.26512167 0.27805102 0.26441002 0.19241728]]
Actions:
[[0. 0. 1. 0.]
 [0. 0. 1. 0.]
 [0. 1. 0. 0.]
 [0. 0. 0. 1.]
 [0. 1. 0. 0.]
 [0. 0. 0. 1.]
 [1. 0. 0. 0.]
 [0. 0. 1. 0.]
 [1. 0. 0. 0.]
 [0. 1. 0. 0.]
 [0. 1. 0. 0.]
 [1. 0. 0. 0.]
 [0. 1. 0. 0.]
 [0. 1. 0. 0.]
 [0. 0. 1. 0.]
 [0. 0. 0. 1.]
 [0. 1. 0. 0.]
 [0. 0. 0. 1.]
 [1. 0. 0. 0.]
 [0. 0. 0. 1.]
 [1. 0. 0. 0.]
 [0. 0. 0. 1.]
 [0. 1. 0. 0.]
 [0. 1. 0. 0.]
 [0. 0. 0. 1.]]
States:
[[0.3 0.5]
 [0.3 0.5]
 [0.3 0.5]
 [0.3 0.6]
 [0.3 0.5]
 [0.3 0.6]
 [0.3 0.5]
 [0.4 0.5]
 [0.3 0.5]
 [0.4 0.5]
 [0.4 0.6]
 [0.4 0.7]
 [0.5 0.7]
 [0.5 0.7]
 [0.5 0.7]
 [0.4 0.7]
 [0.4 0.6]
 [0.4 0.7]
 [0.4 0.6]
 [0.5 0.6]
 [0.5 0.5]
 [0.6 0.5]
 [0.6 0.4]
 [0.6 0.5]
 [0.6 0.6]]
Logstds:
[[0. 0. 0. 0.]
 [0. 0. 0. 0.]
 [0. 0. 0. 0.]
 [0. 0. 0. 0.]
 [0. 0. 0. 0.]
 [0. 0. 0. 0.]
 [0. 0. 0. 0.]
 [0. 0. 0. 0.]
 [0. 0. 0. 0.]
 [0. 0. 0. 0.]
 [0. 0. 0. 0.]
 [0. 0. 0. 0.]
 [0. 0. 0. 0.]
 [0. 0. 0. 0.]
 [0. 0. 0. 0.]
 [0. 0. 0. 0.]
 [0. 0. 0. 0.]
 [0. 0. 0. 0.]
 [0. 0. 0. 0.]
 [0. 0. 0. 0.]
 [0. 0. 0. 0.]
 [0. 0. 0. 0.]
 [0. 0. 0. 0.]
 [0. 0. 0. 0.]
 [0. 0. 0. 0.]]
