Baseline:
[1.0351046 0.9937883 1.0351046 1.0688589 1.1132814 1.1446294 1.1009847
 1.0688589 1.1009847 1.0688589 1.1009847 1.1009847 1.0688589 1.1132814
 1.1446294 1.1132814 1.1582747 1.1582747 1.1132814 1.0803523 1.1132814
 1.0803523 1.1132814 1.0803523 1.0351046 1.0351046]
Returns:
[0.51289657 0.43557095 0.44270001 0.41948567 0.44186716 0.43720878
 0.37932861 0.36123276 0.34098161 0.3208675  0.29849186 0.28207129
 0.25885663 0.27278396 0.25922646 0.24225362 0.26419849 0.29588757
 0.2352506  0.20817243 0.184415   0.15466127 0.12808747 0.09536914
 0.00721383]
Advants:
[-0.15074318 -0.17237294 -0.19201298 -0.234957   -0.24246046 -0.2638045
 -0.26256878 -0.23131577 -0.26662239 -0.2357147  -0.27139605 -0.26790112
 -0.23710236 -0.24478858 -0.26633094 -0.22615779 -0.22192334 -0.15964716
 -0.142582   -0.10105487 -0.12077922 -0.07739477 -0.09510358 -0.0495319
 -0.04454142]
Mus:
[[0.27025497 0.26483846 0.26748982 0.19741683]
 [0.26942575 0.26173177 0.27014214 0.1987003 ]
 [0.27025497 0.26483846 0.26748982 0.19741683]
 [0.2727185  0.26373005 0.26669902 0.1968524 ]
 [0.2730036  0.26691929 0.26429424 0.19578291]
 [0.2746262  0.26567322 0.26405904 0.19564156]
 [0.27411455 0.26293564 0.2663685  0.19658132]
 [0.2727185  0.26373005 0.26669902 0.1968524 ]
 [0.27411455 0.26293564 0.2663685  0.19658132]
 [0.2727185  0.26373005 0.26669902 0.1968524 ]
 [0.27411455 0.26293564 0.2663685  0.19658132]
 [0.27411455 0.26293564 0.2663685  0.19658132]
 [0.2727185  0.26373005 0.26669902 0.1968524 ]
 [0.2730036  0.26691929 0.26429424 0.19578291]
 [0.2746262  0.26567322 0.26405904 0.19564156]
 [0.2730036  0.26691929 0.26429424 0.19578291]
 [0.27307528 0.27008778 0.26181394 0.19502299]
 [0.27307528 0.27008778 0.26181394 0.19502299]
 [0.2730036  0.26691929 0.26429424 0.19578291]
 [0.27073106 0.2681101  0.2649357  0.19622315]
 [0.2730036  0.26691929 0.26429424 0.19578291]
 [0.27073106 0.2681101  0.2649357  0.19622315]
 [0.2730036  0.26691929 0.26429424 0.19578291]
 [0.27073106 0.2681101  0.2649357  0.19622315]
 [0.27025497 0.26483846 0.26748982 0.19741683]]
Actions:
[[0. 0. 0. 1.]
 [0. 1. 0. 0.]
 [1. 0. 0. 0.]
 [0. 1. 0. 0.]
 [1. 0. 0. 0.]
 [0. 0. 0. 1.]
 [0. 0. 1. 0.]
 [1. 0. 0. 0.]
 [0. 0. 1. 0.]
 [1. 0. 0. 0.]
 [1. 0. 0. 0.]
 [0. 0. 1. 0.]
 [0. 1. 0. 0.]
 [1. 0. 0. 0.]
 [0. 0. 1. 0.]
 [0. 1. 0. 0.]
 [0. 1. 0. 0.]
 [0. 0. 0. 1.]
 [0. 0. 1. 0.]
 [1. 0. 0. 0.]
 [0. 0. 1. 0.]
 [1. 0. 0. 0.]
 [0. 0. 1. 0.]
 [0. 0. 0. 1.]
 [0. 1. 0. 0.]]
States:
[[0.8 0.2]
 [0.8 0.1]
 [0.8 0.2]
 [0.9 0.2]
 [0.9 0.3]
 [1.  0.3]
 [1.  0.2]
 [0.9 0.2]
 [1.  0.2]
 [0.9 0.2]
 [1.  0.2]
 [1.  0.2]
 [0.9 0.2]
 [0.9 0.3]
 [1.  0.3]
 [0.9 0.3]
 [0.9 0.4]
 [0.9 0.4]
 [0.9 0.3]
 [0.8 0.3]
 [0.9 0.3]
 [0.8 0.3]
 [0.9 0.3]
 [0.8 0.3]
 [0.8 0.2]]
Logstds:
[[0. 0. 0. 0.]
 [0. 0. 0. 0.]
 [0. 0. 0. 0.]
 [0. 0. 0. 0.]
 [0. 0. 0. 0.]
 [0. 0. 0. 0.]
 [0. 0. 0. 0.]
 [0. 0. 0. 0.]
 [0. 0. 0. 0.]
 [0. 0. 0. 0.]
 [0. 0. 0. 0.]
 [0. 0. 0. 0.]
 [0. 0. 0. 0.]
 [0. 0. 0. 0.]
 [0. 0. 0. 0.]
 [0. 0. 0. 0.]
 [0. 0. 0. 0.]
 [0. 0. 0. 0.]
 [0. 0. 0. 0.]
 [0. 0. 0. 0.]
 [0. 0. 0. 0.]
 [0. 0. 0. 0.]
 [0. 0. 0. 0.]
 [0. 0. 0. 0.]
 [0. 0. 0. 0.]]
