Baseline:
[0.96582305 0.94620323 0.9277533  0.9277533  0.94620323 0.96582305
 0.9814898  0.99962574 1.0562543  1.0393516  1.0218896  1.0218896
 0.96582305 0.9814898  0.99962574 0.9508118  0.91002506 0.91002506
 0.9508118  0.99962574 0.9508118  0.99962574 1.0562543  0.99962574
 1.0562543  1.0562543 ]
Returns:
[0.41865796 0.39061051 0.35553737 0.31261138 0.2948543  0.2797969
 0.26770359 0.25914211 0.27270927 0.25868029 0.23793164 0.24877552
 0.22935959 0.21461169 0.2032559  0.17585379 0.13688269 0.10805961
 0.09271204 0.08726333 0.05375635 0.04625734 0.04862003 0.02431397
 0.02552176]
Advants:
[-0.17943805 -0.17372331 -0.17551356 -0.20367059 -0.22497027 -0.24454281
 -0.25676999 -0.26743706 -0.29443428 -0.27403904 -0.25841328 -0.22671048
 -0.16629053 -0.17185162 -0.17528473 -0.12493216 -0.09165421 -0.08722624
 -0.10901307 -0.12768052 -0.07327268 -0.0888955  -0.10068327 -0.02126446
 -0.02729094]
Mus:
[[0.25696608 0.27280056 0.2500919  0.2201414 ]
 [0.2560523  0.27317333 0.25027758 0.22049676]
 [0.2551397  0.27375317 0.25066695 0.22044027]
 [0.2551397  0.27375317 0.25066695 0.22044027]
 [0.2560523  0.27317333 0.25027758 0.22049676]
 [0.25696608 0.27280056 0.2500919  0.2201414 ]
 [0.2574822  0.27274606 0.2502805  0.21949127]
 [0.25798878 0.27386254 0.2495488  0.21859986]
 [0.2583469  0.2762402  0.24751526 0.21789771]
 [0.2577019  0.27532676 0.24815924 0.21881211]
 [0.25748262 0.27501577 0.24782099 0.21968059]
 [0.25748262 0.27501577 0.24782099 0.21968059]
 [0.25696608 0.27280056 0.2500919  0.2201414 ]
 [0.2574822  0.27274606 0.2502805  0.21949127]
 [0.25798878 0.27386254 0.2495488  0.21859986]
 [0.25845334 0.27101848 0.25122532 0.21930292]
 [0.25818747 0.26841703 0.25346765 0.21992788]
 [0.25818747 0.26841703 0.25346765 0.21992788]
 [0.25845334 0.27101848 0.25122532 0.21930292]
 [0.25798878 0.27386254 0.2495488  0.21859986]
 [0.25845334 0.27101848 0.25122532 0.21930292]
 [0.25798878 0.27386254 0.2495488  0.21859986]
 [0.2583469  0.2762402  0.24751526 0.21789771]
 [0.25798878 0.27386254 0.2495488  0.21859986]
 [0.2583469  0.2762402  0.24751526 0.21789771]]
Actions:
[[0. 0. 1. 0.]
 [0. 0. 1. 0.]
 [0. 0. 1. 0.]
 [1. 0. 0. 0.]
 [1. 0. 0. 0.]
 [1. 0. 0. 0.]
 [1. 0. 0. 0.]
 [0. 1. 0. 0.]
 [0. 0. 1. 0.]
 [0. 0. 1. 0.]
 [0. 1. 0. 0.]
 [0. 0. 0. 1.]
 [1. 0. 0. 0.]
 [1. 0. 0. 0.]
 [0. 0. 0. 1.]
 [0. 0. 0. 1.]
 [1. 0. 0. 0.]
 [0. 1. 0. 0.]
 [0. 1. 0. 0.]
 [0. 0. 0. 1.]
 [0. 1. 0. 0.]
 [0. 1. 0. 0.]
 [0. 0. 0. 1.]
 [0. 1. 0. 0.]
 [0. 0. 0. 1.]]
States:
[[0.2 0.3]
 [0.1 0.3]
 [0.  0.3]
 [0.  0.3]
 [0.1 0.3]
 [0.2 0.3]
 [0.3 0.3]
 [0.4 0.3]
 [0.4 0.4]
 [0.3 0.4]
 [0.2 0.4]
 [0.2 0.4]
 [0.2 0.3]
 [0.3 0.3]
 [0.4 0.3]
 [0.4 0.2]
 [0.4 0.1]
 [0.4 0.1]
 [0.4 0.2]
 [0.4 0.3]
 [0.4 0.2]
 [0.4 0.3]
 [0.4 0.4]
 [0.4 0.3]
 [0.4 0.4]]
Logstds:
[[0. 0. 0. 0.]
 [0. 0. 0. 0.]
 [0. 0. 0. 0.]
 [0. 0. 0. 0.]
 [0. 0. 0. 0.]
 [0. 0. 0. 0.]
 [0. 0. 0. 0.]
 [0. 0. 0. 0.]
 [0. 0. 0. 0.]
 [0. 0. 0. 0.]
 [0. 0. 0. 0.]
 [0. 0. 0. 0.]
 [0. 0. 0. 0.]
 [0. 0. 0. 0.]
 [0. 0. 0. 0.]
 [0. 0. 0. 0.]
 [0. 0. 0. 0.]
 [0. 0. 0. 0.]
 [0. 0. 0. 0.]
 [0. 0. 0. 0.]
 [0. 0. 0. 0.]
 [0. 0. 0. 0.]
 [0. 0. 0. 0.]
 [0. 0. 0. 0.]
 [0. 0. 0. 0.]]
