Baseline:
[1.1132814 1.1446294 1.1132814 1.1446294 1.1009847 1.0688589 1.0265421
 1.0585912 1.0196732 1.0585912 1.1009847 1.1446294 1.1132814 1.0803523
 1.0469842 1.0152353 1.0469842 1.0933886 1.0606415 1.1118709 1.0606415
 1.1118709 1.0838106 1.1380568 1.0838106 1.0838106]
Returns:
[0.56843258 0.57043554 0.56984212 0.57191927 0.52112912 0.51049646
 0.43908253 0.41179384 0.33051843 0.33782991 0.35419724 0.38049507
 0.36990479 0.34991368 0.31880476 0.2760344  0.23920992 0.24630387
 0.20697425 0.21503924 0.14234642 0.14700994 0.10077084 0.10863845
 0.03488934]
Advants:
[-0.18636641 -0.20293196 -0.15735803 -0.17145243 -0.1623495  -0.12255909
 -0.1327002  -0.17330249 -0.19663824 -0.2085803  -0.21407161 -0.20967094
 -0.16467108 -0.12502566 -0.09371406 -0.07354916 -0.11040023 -0.11650172
 -0.08725011 -0.09286255 -0.07423906 -0.07874312 -0.05183931 -0.05072916
 -0.01930118]
Mus:
[[0.2730036  0.26691929 0.26429424 0.19578291]
 [0.2746262  0.26567322 0.26405904 0.19564156]
 [0.2730036  0.26691929 0.26429424 0.19578291]
 [0.2746262  0.26567322 0.26405904 0.19564156]
 [0.27411455 0.26293564 0.2663685  0.19658132]
 [0.2727185  0.26373005 0.26669902 0.1968524 ]
 [0.2716644  0.26121718 0.26908854 0.1980299 ]
 [0.27337047 0.26058477 0.26844305 0.19760163]
 [0.2724651  0.25857595 0.2704278  0.19853121]
 [0.27337047 0.26058477 0.26844305 0.19760163]
 [0.27411455 0.26293564 0.2663685  0.19658132]
 [0.2746262  0.26567322 0.26405904 0.19564156]
 [0.2730036  0.26691929 0.26429424 0.19578291]
 [0.27073106 0.2681101  0.2649357  0.19622315]
 [0.26807493 0.2686845  0.2666398  0.19660072]
 [0.2649989  0.26888382 0.26909265 0.19702458]
 [0.26807493 0.2686845  0.2666398  0.19660072]
 [0.2684251  0.2713609  0.26501128 0.19520278]
 [0.26506147 0.27183095 0.26759323 0.19551438]
 [0.26509738 0.27520102 0.26584896 0.19385265]
 [0.26506147 0.27183095 0.26759323 0.19551438]
 [0.26509738 0.27520102 0.26584896 0.19385265]
 [0.26058388 0.27552563 0.26891318 0.19497737]
 [0.26045677 0.2785319  0.2674665  0.19354479]
 [0.26058388 0.27552563 0.26891318 0.19497737]]
Actions:
[[1. 0. 0. 0.]
 [0. 0. 1. 0.]
 [1. 0. 0. 0.]
 [0. 0. 0. 1.]
 [0. 0. 1. 0.]
 [0. 0. 0. 1.]
 [1. 0. 0. 0.]
 [0. 0. 0. 1.]
 [0. 1. 0. 0.]
 [0. 1. 0. 0.]
 [0. 1. 0. 0.]
 [0. 0. 1. 0.]
 [0. 0. 1. 0.]
 [0. 0. 1. 0.]
 [0. 0. 1. 0.]
 [1. 0. 0. 0.]
 [0. 1. 0. 0.]
 [0. 0. 1. 0.]
 [0. 1. 0. 0.]
 [0. 0. 0. 1.]
 [0. 1. 0. 0.]
 [0. 0. 1. 0.]
 [0. 1. 0. 0.]
 [0. 0. 0. 1.]
 [1. 0. 0. 0.]]
States:
[[0.9 0.3]
 [1.  0.3]
 [0.9 0.3]
 [1.  0.3]
 [1.  0.2]
 [0.9 0.2]
 [0.9 0.1]
 [1.  0.1]
 [1.  0. ]
 [1.  0.1]
 [1.  0.2]
 [1.  0.3]
 [0.9 0.3]
 [0.8 0.3]
 [0.7 0.3]
 [0.6 0.3]
 [0.7 0.3]
 [0.7 0.4]
 [0.6 0.4]
 [0.6 0.5]
 [0.6 0.4]
 [0.6 0.5]
 [0.5 0.5]
 [0.5 0.6]
 [0.5 0.5]]
Logstds:
[[0. 0. 0. 0.]
 [0. 0. 0. 0.]
 [0. 0. 0. 0.]
 [0. 0. 0. 0.]
 [0. 0. 0. 0.]
 [0. 0. 0. 0.]
 [0. 0. 0. 0.]
 [0. 0. 0. 0.]
 [0. 0. 0. 0.]
 [0. 0. 0. 0.]
 [0. 0. 0. 0.]
 [0. 0. 0. 0.]
 [0. 0. 0. 0.]
 [0. 0. 0. 0.]
 [0. 0. 0. 0.]
 [0. 0. 0. 0.]
 [0. 0. 0. 0.]
 [0. 0. 0. 0.]
 [0. 0. 0. 0.]
 [0. 0. 0. 0.]
 [0. 0. 0. 0.]
 [0. 0. 0. 0.]
 [0. 0. 0. 0.]
 [0. 0. 0. 0.]
 [0. 0. 0. 0.]]
