Baseline:
[1.0196732  0.9875919  1.0265421  0.9937883  1.0265421  0.9937883
 1.0265421  1.0585912  1.0196732  0.9875919  0.9551132  0.9211961
 0.9211961  0.9211961  0.9611057  0.92824674 0.92824674 0.97117794
 1.0030357  1.0469842  1.0152353  0.97117794 1.0152353  0.97117794
 1.0152353  1.0152353 ]
Returns:
[0.84278866 0.83366541 0.86058771 0.85140856 0.83829875 0.82794649
 0.81360184 0.80602469 0.74549827 0.73125447 0.70787017 0.67436336
 0.57842178 0.47743064 0.47145636 0.42306356 0.36290625 0.35254193
 0.30884505 0.31028861 0.26707003 0.17558598 0.16352088 0.06658686
 0.04878497]
Advants:
[ 0.06074221  0.0991824   0.10358359  0.14571588  0.11857242  0.16198156
  0.13622372  0.11853031  0.12005498  0.16354786  0.20076447  0.23170521
  0.16592764  0.09454667  0.07937631  0.09669196  0.07032196  0.05204367
  0.01215261  0.00703464  0.03578204  0.03053162  0.01844261  0.01171509
 -0.00197685]
Mus:
[[0.2724651  0.25857595 0.2704278  0.19853121]
 [0.27045357 0.25918248 0.27103743 0.19932657]
 [0.2716644  0.26121718 0.26908854 0.1980299 ]
 [0.26942575 0.26173177 0.27014214 0.1987003 ]
 [0.2716644  0.26121718 0.26908854 0.1980299 ]
 [0.26942575 0.26173177 0.27014214 0.1987003 ]
 [0.2716644  0.26121718 0.26908854 0.1980299 ]
 [0.27337047 0.26058477 0.26844305 0.19760163]
 [0.2724651  0.25857595 0.2704278  0.19853121]
 [0.27045357 0.25918248 0.27103743 0.19932657]
 [0.26785615 0.25958893 0.272403   0.20015188]
 [0.2652432  0.26003522 0.27376205 0.20095958]
 [0.2652432  0.26003522 0.27376205 0.20095958]
 [0.2652432  0.26003522 0.27376205 0.20095958]
 [0.2667143  0.2626433  0.2712128  0.19942966]
 [0.2634895  0.26353425 0.27297568 0.20000052]
 [0.2634895  0.26353425 0.27297568 0.20000052]
 [0.26433307 0.26634073 0.27074865 0.19857754]
 [0.2674641  0.2657798  0.26870856 0.19804758]
 [0.26807493 0.2686845  0.2666398  0.19660072]
 [0.2649989  0.26888382 0.26909265 0.19702458]
 [0.26433307 0.26634073 0.27074865 0.19857754]
 [0.2649989  0.26888382 0.26909265 0.19702458]
 [0.26433307 0.26634073 0.27074865 0.19857754]
 [0.2649989  0.26888382 0.26909265 0.19702458]]
Actions:
[[0. 0. 1. 0.]
 [0. 1. 0. 0.]
 [0. 0. 1. 0.]
 [1. 0. 0. 0.]
 [0. 0. 1. 0.]
 [1. 0. 0. 0.]
 [1. 0. 0. 0.]
 [0. 0. 0. 1.]
 [0. 0. 1. 0.]
 [0. 0. 1. 0.]
 [0. 0. 1. 0.]
 [0. 0. 0. 1.]
 [0. 0. 0. 1.]
 [0. 1. 0. 0.]
 [0. 0. 1. 0.]
 [0. 0. 1. 0.]
 [0. 1. 0. 0.]
 [1. 0. 0. 0.]
 [0. 1. 0. 0.]
 [0. 0. 1. 0.]
 [0. 0. 0. 1.]
 [0. 1. 0. 0.]
 [0. 0. 0. 1.]
 [0. 1. 0. 0.]
 [1. 0. 0. 0.]]
States:
[[1.  0. ]
 [0.9 0. ]
 [0.9 0.1]
 [0.8 0.1]
 [0.9 0.1]
 [0.8 0.1]
 [0.9 0.1]
 [1.  0.1]
 [1.  0. ]
 [0.9 0. ]
 [0.8 0. ]
 [0.7 0. ]
 [0.7 0. ]
 [0.7 0. ]
 [0.7 0.1]
 [0.6 0.1]
 [0.6 0.1]
 [0.6 0.2]
 [0.7 0.2]
 [0.7 0.3]
 [0.6 0.3]
 [0.6 0.2]
 [0.6 0.3]
 [0.6 0.2]
 [0.6 0.3]]
Logstds:
[[0. 0. 0. 0.]
 [0. 0. 0. 0.]
 [0. 0. 0. 0.]
 [0. 0. 0. 0.]
 [0. 0. 0. 0.]
 [0. 0. 0. 0.]
 [0. 0. 0. 0.]
 [0. 0. 0. 0.]
 [0. 0. 0. 0.]
 [0. 0. 0. 0.]
 [0. 0. 0. 0.]
 [0. 0. 0. 0.]
 [0. 0. 0. 0.]
 [0. 0. 0. 0.]
 [0. 0. 0. 0.]
 [0. 0. 0. 0.]
 [0. 0. 0. 0.]
 [0. 0. 0. 0.]
 [0. 0. 0. 0.]
 [0. 0. 0. 0.]
 [0. 0. 0. 0.]
 [0. 0. 0. 0.]
 [0. 0. 0. 0.]
 [0. 0. 0. 0.]
 [0. 0. 0. 0.]]
