Baseline:
[0.9211961  0.9551132  0.9875919  0.9551132  0.9875919  0.9551132
 0.9211961  0.9211961  0.9211961  0.8871856  0.9211961  0.8871856
 0.8871856  0.9211961  0.8871856  0.9211961  0.9611057  0.92824674
 0.8871856  0.8871856  0.9211961  0.9611057  0.9937883  1.0351046
 1.0030357  1.0030357 ]
Returns:
[1.07511825 1.05617204 1.04352402 1.03657496 1.02289551 1.01486074
 0.99751132 0.91857753 0.83548932 0.7997497  0.75937017 0.71962428
 0.66873914 0.62146432 0.57446022 0.52222335 0.51860658 0.47269537
 0.37009894 0.30081773 0.23417862 0.2154016  0.16155765 0.15426495
 0.10542345]
Advants:
[0.33288141 0.2983887  0.27180182 0.31824028 0.2933445  0.34161812
 0.38455778 0.3318013  0.27455064 0.30080665 0.25448494 0.27903161
 0.25943438 0.20958828 0.23031033 0.17798323 0.16992059 0.19494946
 0.17283615 0.14419242 0.08452918 0.06850545 0.02559997 0.02282468
 0.05527163]
Mus:
[[0.2652432  0.26003522 0.27376205 0.20095958]
 [0.26785615 0.25958893 0.272403   0.20015188]
 [0.27045357 0.25918248 0.27103743 0.19932657]
 [0.26785615 0.25958893 0.272403   0.20015188]
 [0.27045357 0.25918248 0.27103743 0.19932657]
 [0.26785615 0.25958893 0.272403   0.20015188]
 [0.2652432  0.26003522 0.27376205 0.20095958]
 [0.2652432  0.26003522 0.27376205 0.20095958]
 [0.2652432  0.26003522 0.27376205 0.20095958]
 [0.2625047  0.26057243 0.2751999  0.20172296]
 [0.2652432  0.26003522 0.27376205 0.20095958]
 [0.2625047  0.26057243 0.2751999  0.20172296]
 [0.2625047  0.26057243 0.2751999  0.20172296]
 [0.2652432  0.26003522 0.27376205 0.20095958]
 [0.2625047  0.26057243 0.2751999  0.20172296]
 [0.2652432  0.26003522 0.27376205 0.20095958]
 [0.2667143  0.2626433  0.2712128  0.19942966]
 [0.2634895  0.26353425 0.27297568 0.20000052]
 [0.2625047  0.26057243 0.2751999  0.20172296]
 [0.2625047  0.26057243 0.2751999  0.20172296]
 [0.2652432  0.26003522 0.27376205 0.20095958]
 [0.2667143  0.2626433  0.2712128  0.19942966]
 [0.26942575 0.26173177 0.27014214 0.1987003 ]
 [0.27025497 0.26483846 0.26748982 0.19741683]
 [0.2674641  0.2657798  0.26870856 0.19804758]]
Actions:
[[1. 0. 0. 0.]
 [1. 0. 0. 0.]
 [0. 0. 1. 0.]
 [1. 0. 0. 0.]
 [0. 0. 1. 0.]
 [0. 0. 1. 0.]
 [0. 0. 0. 1.]
 [0. 0. 0. 1.]
 [0. 0. 1. 0.]
 [1. 0. 0. 0.]
 [0. 0. 1. 0.]
 [0. 0. 1. 0.]
 [1. 0. 0. 0.]
 [0. 0. 1. 0.]
 [1. 0. 0. 0.]
 [0. 1. 0. 0.]
 [0. 0. 1. 0.]
 [0. 0. 0. 1.]
 [0. 0. 1. 0.]
 [1. 0. 0. 0.]
 [0. 1. 0. 0.]
 [1. 0. 0. 0.]
 [0. 1. 0. 0.]
 [0. 0. 1. 0.]
 [0. 0. 0. 1.]]
States:
[[0.7 0. ]
 [0.8 0. ]
 [0.9 0. ]
 [0.8 0. ]
 [0.9 0. ]
 [0.8 0. ]
 [0.7 0. ]
 [0.7 0. ]
 [0.7 0. ]
 [0.6 0. ]
 [0.7 0. ]
 [0.6 0. ]
 [0.6 0. ]
 [0.7 0. ]
 [0.6 0. ]
 [0.7 0. ]
 [0.7 0.1]
 [0.6 0.1]
 [0.6 0. ]
 [0.6 0. ]
 [0.7 0. ]
 [0.7 0.1]
 [0.8 0.1]
 [0.8 0.2]
 [0.7 0.2]]
Logstds:
[[0. 0. 0. 0.]
 [0. 0. 0. 0.]
 [0. 0. 0. 0.]
 [0. 0. 0. 0.]
 [0. 0. 0. 0.]
 [0. 0. 0. 0.]
 [0. 0. 0. 0.]
 [0. 0. 0. 0.]
 [0. 0. 0. 0.]
 [0. 0. 0. 0.]
 [0. 0. 0. 0.]
 [0. 0. 0. 0.]
 [0. 0. 0. 0.]
 [0. 0. 0. 0.]
 [0. 0. 0. 0.]
 [0. 0. 0. 0.]
 [0. 0. 0. 0.]
 [0. 0. 0. 0.]
 [0. 0. 0. 0.]
 [0. 0. 0. 0.]
 [0. 0. 0. 0.]
 [0. 0. 0. 0.]
 [0. 0. 0. 0.]
 [0. 0. 0. 0.]
 [0. 0. 0. 0.]]
