Baseline:
[1.1115057 1.0857165 1.0372182 1.0857165 1.1321603 1.1107721 1.0970643
 1.0872062 1.0343727 1.0343727 1.0872062 1.1400813 1.1493963 1.0970643
 1.044732  1.0970643 1.1107721 1.1622729 1.1823431 1.2342516 1.2861603
 1.2667916 1.2542211 1.2017285 1.1929554 1.1929554]
Returns:
[0.65539793 0.62825169 0.57245006 0.59359113 0.62435656 0.59605842
 0.55767265 0.50881339 0.44044408 0.36938313 0.36122187 0.36126911
 0.33079071 0.268161   0.19293728 0.18517736 0.14456526 0.1511258
 0.12645057 0.14766295 0.17741374 0.1510229  0.11549999 0.05844896
 0.00100994]
Advants:
[-0.08354141 -0.06730883 -0.05575015 -0.06348457 -0.05835345 -0.04289493
 -0.04406213 -0.05875614 -0.04839434 -0.09354937 -0.12831796 -0.15431918
 -0.16623145 -0.1465914  -0.13770268 -0.16516609 -0.18575764 -0.19548617
 -0.20340414 -0.19508495 -0.17558929 -0.1376266  -0.11247194 -0.06496616
 -0.05863786]
Mus:
[[0.25606734 0.27875936 0.27041394 0.19475937]
 [0.2527682  0.27766064 0.27345628 0.19611494]
 [0.25213057 0.2755329  0.27473772 0.19759884]
 [0.2527682  0.27766064 0.27345628 0.19611494]
 [0.2541132  0.27939978 0.27173036 0.19475664]
 [0.25160366 0.27844897 0.27444822 0.19549908]
 [0.24924172 0.27718598 0.2775636  0.19600873]
 [0.24626715 0.27472165 0.2823628  0.19664836]
 [0.24515374 0.27291837 0.2831931  0.19873483]
 [0.24515374 0.27291837 0.2831931  0.19873483]
 [0.24626715 0.27472165 0.2823628  0.19664836]
 [0.24768008 0.27621937 0.2814319  0.19466865]
 [0.25051224 0.2786596  0.2766165  0.19421163]
 [0.24924172 0.27718598 0.2775636  0.19600873]
 [0.24796636 0.27523673 0.2789434  0.19785348]
 [0.24924172 0.27718598 0.2775636  0.19600873]
 [0.25160366 0.27844897 0.27444822 0.19549908]
 [0.2527904  0.28029448 0.273075   0.1938401 ]
 [0.25507787 0.28148353 0.27006966 0.1933689 ]
 [0.25586447 0.28340423 0.2688695  0.19186173]
 [0.2565149  0.28498226 0.268045   0.19045782]
 [0.2544932  0.28347293 0.2713463  0.19068755]
 [0.25180733 0.2815765  0.27556732 0.19104876]
 [0.2516098  0.28013137 0.27568707 0.19257182]
 [0.24847582 0.2775015  0.280943   0.19307972]]
Actions:
[[0. 0. 1. 0.]
 [0. 0. 0. 1.]
 [0. 1. 0. 0.]
 [0. 1. 0. 0.]
 [0. 0. 1. 0.]
 [0. 0. 1. 0.]
 [0. 0. 1. 0.]
 [0. 0. 0. 1.]
 [0. 0. 1. 0.]
 [0. 1. 0. 0.]
 [0. 1. 0. 0.]
 [1. 0. 0. 0.]
 [0. 0. 0. 1.]
 [0. 0. 0. 1.]
 [0. 1. 0. 0.]
 [1. 0. 0. 0.]
 [0. 1. 0. 0.]
 [1. 0. 0. 0.]
 [0. 1. 0. 0.]
 [0. 1. 0. 0.]
 [0. 0. 1. 0.]
 [0. 0. 1. 0.]
 [0. 0. 0. 1.]
 [0. 0. 1. 0.]
 [0. 1. 0. 0.]]
States:
[[0.4 0.6]
 [0.3 0.6]
 [0.3 0.5]
 [0.3 0.6]
 [0.3 0.7]
 [0.2 0.7]
 [0.1 0.7]
 [0.  0.7]
 [0.  0.6]
 [0.  0.6]
 [0.  0.7]
 [0.  0.8]
 [0.1 0.8]
 [0.1 0.7]
 [0.1 0.6]
 [0.1 0.7]
 [0.2 0.7]
 [0.2 0.8]
 [0.3 0.8]
 [0.3 0.9]
 [0.3 1. ]
 [0.2 1. ]
 [0.1 1. ]
 [0.1 0.9]
 [0.  0.9]]
Logstds:
[[0. 0. 0. 0.]
 [0. 0. 0. 0.]
 [0. 0. 0. 0.]
 [0. 0. 0. 0.]
 [0. 0. 0. 0.]
 [0. 0. 0. 0.]
 [0. 0. 0. 0.]
 [0. 0. 0. 0.]
 [0. 0. 0. 0.]
 [0. 0. 0. 0.]
 [0. 0. 0. 0.]
 [0. 0. 0. 0.]
 [0. 0. 0. 0.]
 [0. 0. 0. 0.]
 [0. 0. 0. 0.]
 [0. 0. 0. 0.]
 [0. 0. 0. 0.]
 [0. 0. 0. 0.]
 [0. 0. 0. 0.]
 [0. 0. 0. 0.]
 [0. 0. 0. 0.]
 [0. 0. 0. 0.]
 [0. 0. 0. 0.]
 [0. 0. 0. 0.]
 [0. 0. 0. 0.]]
