Baseline:
[1.0958025 1.1497364 1.0958025 1.0746136 1.0958025 1.1497364 1.1702403
 1.1497364 1.0958025 1.0746136 1.1323744 1.0746136 1.1323744 1.0746136
 1.1323744 1.1151484 1.0960373 1.0960373 1.1151484 1.1323744 1.1497364
 1.0958025 1.1497364 1.0958025 1.0746136 1.0746136]
Returns:
[ 0.00955635  0.03255374  0.02657031  0.01145939  0.0065036   0.02934031
  0.03690072  0.03720656  0.03146802  0.01661487  0.03341219  0.02361119
  0.04077673  0.03136334  0.04893689  0.03965043  0.02347908  0.0001099
 -0.00577602 -0.0073922  -0.00526407 -0.0132379   0.00855978  0.00131352
 -0.01512671]
Advants:
[-0.60194268 -0.62617467 -0.56946566 -0.5536949  -0.57012991 -0.59165185
 -0.59460486 -0.56230991 -0.50016045 -0.47848577 -0.50407076 -0.43793897
 -0.4600699  -0.3901898  -0.4082531  -0.37605935 -0.34670828 -0.34213906
 -0.3375908  -0.32495351 -0.30649732 -0.2225559  -0.21446899 -0.12268793
 -0.06885743]
Mus:
[[0.25948626 0.28070253 0.24371035 0.21610075]
 [0.25983584 0.28368637 0.24090892 0.21556887]
 [0.25948626 0.28070253 0.24371035 0.21610075]
 [0.25890708 0.27817583 0.24605037 0.21686669]
 [0.25948626 0.28070253 0.24371035 0.21610075]
 [0.25983584 0.28368637 0.24090892 0.21556887]
 [0.25992283 0.28558153 0.23953931 0.21495633]
 [0.25983584 0.28368637 0.24090892 0.21556887]
 [0.25948626 0.28070253 0.24371035 0.21610075]
 [0.25890708 0.27817583 0.24605037 0.21686669]
 [0.25942633 0.28104374 0.242887   0.21664292]
 [0.25890708 0.27817583 0.24605037 0.21686669]
 [0.25942633 0.28104374 0.242887   0.21664292]
 [0.25890708 0.27817583 0.24605037 0.21686669]
 [0.25942633 0.28104374 0.242887   0.21664292]
 [0.25882447 0.2787865  0.24464741 0.21774161]
 [0.25790602 0.27819282 0.24526347 0.21863773]
 [0.25790602 0.27819282 0.24526347 0.21863773]
 [0.25882447 0.2787865  0.24464741 0.21774161]
 [0.25942633 0.28104374 0.242887   0.21664292]
 [0.25983584 0.28368637 0.24090892 0.21556887]
 [0.25948626 0.28070253 0.24371035 0.21610075]
 [0.25983584 0.28368637 0.24090892 0.21556887]
 [0.25948626 0.28070253 0.24371035 0.21610075]
 [0.25890708 0.27817583 0.24605037 0.21686669]]
Actions:
[[0. 1. 0. 0.]
 [0. 0. 0. 1.]
 [0. 0. 1. 0.]
 [1. 0. 0. 0.]
 [0. 1. 0. 0.]
 [1. 0. 0. 0.]
 [0. 0. 1. 0.]
 [0. 0. 0. 1.]
 [0. 0. 1. 0.]
 [0. 1. 0. 0.]
 [0. 0. 0. 1.]
 [0. 1. 0. 0.]
 [0. 0. 0. 1.]
 [0. 1. 0. 0.]
 [0. 0. 1. 0.]
 [0. 0. 1. 0.]
 [0. 0. 1. 0.]
 [1. 0. 0. 0.]
 [1. 0. 0. 0.]
 [1. 0. 0. 0.]
 [0. 0. 0. 1.]
 [0. 1. 0. 0.]
 [0. 0. 0. 1.]
 [0. 0. 1. 0.]
 [0. 1. 0. 0.]]
States:
[[0.6 0.4]
 [0.6 0.5]
 [0.6 0.4]
 [0.5 0.4]
 [0.6 0.4]
 [0.6 0.5]
 [0.7 0.5]
 [0.6 0.5]
 [0.6 0.4]
 [0.5 0.4]
 [0.5 0.5]
 [0.5 0.4]
 [0.5 0.5]
 [0.5 0.4]
 [0.5 0.5]
 [0.4 0.5]
 [0.3 0.5]
 [0.3 0.5]
 [0.4 0.5]
 [0.5 0.5]
 [0.6 0.5]
 [0.6 0.4]
 [0.6 0.5]
 [0.6 0.4]
 [0.5 0.4]]
Logstds:
[[0. 0. 0. 0.]
 [0. 0. 0. 0.]
 [0. 0. 0. 0.]
 [0. 0. 0. 0.]
 [0. 0. 0. 0.]
 [0. 0. 0. 0.]
 [0. 0. 0. 0.]
 [0. 0. 0. 0.]
 [0. 0. 0. 0.]
 [0. 0. 0. 0.]
 [0. 0. 0. 0.]
 [0. 0. 0. 0.]
 [0. 0. 0. 0.]
 [0. 0. 0. 0.]
 [0. 0. 0. 0.]
 [0. 0. 0. 0.]
 [0. 0. 0. 0.]
 [0. 0. 0. 0.]
 [0. 0. 0. 0.]
 [0. 0. 0. 0.]
 [0. 0. 0. 0.]
 [0. 0. 0. 0.]
 [0. 0. 0. 0.]
 [0. 0. 0. 0.]
 [0. 0. 0. 0.]]
