Baseline:
[-0.1906782  -0.19898295 -0.20595716 -0.20646128 -0.20345561 -0.20886153
 -0.21426752 -0.20750569 -0.20750569 -0.20218088 -0.20886153 -0.20218088
 -0.20886153 -0.2124742  -0.20646128 -0.20004834 -0.19327317 -0.1906782
 -0.19898295 -0.1906782  -0.19898295 -0.20004834 -0.20646128 -0.20004834
 -0.20646128 -0.20646128]
Returns:
[-9.30741582 -9.15271556 -8.95757995 -8.7230615  -8.50206005 -8.29662849
 -8.04876869 -7.75221504 -7.47058907 -7.13094325 -6.87225268 -6.54754674
 -6.25815108 -5.93001344 -5.49347817 -5.0677226  -4.65379493 -4.30522748
 -3.88725415 -3.38745258 -2.92117531 -2.40112726 -1.87812772 -1.26209054
 -0.6791417 ]
Advants:
[-7.0437264  -6.98104691 -6.8815583  -6.75063022 -6.6388543  -6.53676452
 -6.39367733 -6.21448735 -6.04417499 -5.82031027 -5.66659739 -5.4599065
 -5.27549183 -5.05465498 -4.73117935 -4.41503317 -4.10727574 -3.85846533
 -3.5244424  -3.11785877 -2.72074564 -2.26758353 -1.79553742 -1.22931214
 -0.66881859]
Mus:
[[0.2578627  0.28150547 0.24215011 0.21848173]
 [0.25779495 0.28501284 0.23922966 0.21796256]
 [0.25715348 0.28821462 0.23720406 0.21742778]
 [0.25630412 0.2866494  0.23789486 0.21915166]
 [0.25568086 0.28524476 0.23822485 0.22084953]
 [0.25544986 0.28817207 0.23637344 0.22000466]
 [0.2549495  0.29121298 0.23503207 0.21880545]
 [0.25450787 0.29069108 0.2352045  0.21959655]
 [0.25450787 0.29069108 0.2352045  0.21959655]
 [0.25500414 0.28770223 0.23664138 0.22065221]
 [0.25544986 0.28817207 0.23637344 0.22000466]
 [0.25500414 0.28770223 0.23664138 0.22065221]
 [0.25544986 0.28817207 0.23637344 0.22000466]
 [0.2558718  0.2898044  0.23592407 0.21839972]
 [0.25630412 0.2866494  0.23789486 0.21915166]
 [0.25680903 0.28386763 0.23996964 0.2193537 ]
 [0.25720176 0.2809932  0.24223013 0.21957496]
 [0.2578627  0.28150547 0.24215011 0.21848173]
 [0.25779495 0.28501284 0.23922966 0.21796256]
 [0.2578627  0.28150547 0.24215011 0.21848173]
 [0.25779495 0.28501284 0.23922966 0.21796256]
 [0.25680903 0.28386763 0.23996964 0.2193537 ]
 [0.25630412 0.2866494  0.23789486 0.21915166]
 [0.25680903 0.28386763 0.23996964 0.2193537 ]
 [0.25630412 0.2866494  0.23789486 0.21915166]]
Actions:
[[0. 1. 0. 0.]
 [0. 1. 0. 0.]
 [0. 0. 1. 0.]
 [0. 0. 1. 0.]
 [0. 1. 0. 0.]
 [0. 1. 0. 0.]
 [0. 0. 1. 0.]
 [0. 1. 0. 0.]
 [0. 0. 0. 1.]
 [1. 0. 0. 0.]
 [0. 0. 1. 0.]
 [1. 0. 0. 0.]
 [1. 0. 0. 0.]
 [0. 0. 0. 1.]
 [0. 0. 0. 1.]
 [0. 0. 0. 1.]
 [1. 0. 0. 0.]
 [0. 1. 0. 0.]
 [0. 0. 0. 1.]
 [0. 1. 0. 0.]
 [0. 0. 1. 0.]
 [0. 1. 0. 0.]
 [0. 0. 0. 1.]
 [0. 1. 0. 0.]
 [0. 0. 0. 1.]]
States:
[[0.3 0.6]
 [0.3 0.7]
 [0.3 0.8]
 [0.2 0.8]
 [0.1 0.8]
 [0.1 0.9]
 [0.1 1. ]
 [0.  1. ]
 [0.  1. ]
 [0.  0.9]
 [0.1 0.9]
 [0.  0.9]
 [0.1 0.9]
 [0.2 0.9]
 [0.2 0.8]
 [0.2 0.7]
 [0.2 0.6]
 [0.3 0.6]
 [0.3 0.7]
 [0.3 0.6]
 [0.3 0.7]
 [0.2 0.7]
 [0.2 0.8]
 [0.2 0.7]
 [0.2 0.8]]
Logstds:
[[0. 0. 0. 0.]
 [0. 0. 0. 0.]
 [0. 0. 0. 0.]
 [0. 0. 0. 0.]
 [0. 0. 0. 0.]
 [0. 0. 0. 0.]
 [0. 0. 0. 0.]
 [0. 0. 0. 0.]
 [0. 0. 0. 0.]
 [0. 0. 0. 0.]
 [0. 0. 0. 0.]
 [0. 0. 0. 0.]
 [0. 0. 0. 0.]
 [0. 0. 0. 0.]
 [0. 0. 0. 0.]
 [0. 0. 0. 0.]
 [0. 0. 0. 0.]
 [0. 0. 0. 0.]
 [0. 0. 0. 0.]
 [0. 0. 0. 0.]
 [0. 0. 0. 0.]
 [0. 0. 0. 0.]
 [0. 0. 0. 0.]
 [0. 0. 0. 0.]
 [0. 0. 0. 0.]]
