Baseline:
[-1.8521174 -1.9068191 -1.8599995 -1.9160942 -1.9627392 -1.9068191
 -1.9533113 -1.9533113 -1.9533113 -1.9533113 -1.9068191 -1.8599995
 -1.8053625 -1.8053625 -1.8521174 -1.8521174 -1.9000413 -1.9000413
 -1.9000413 -1.9533113 -1.9068191 -1.9627392 -1.9160942 -1.9755038
 -2.019901  -2.019901 ]
Returns:
[-13.33013103 -13.1244759  -12.80946048 -12.56799386 -12.29534461
 -11.83046293 -11.52276791 -11.16572582 -10.78989204 -10.39427753
  -9.89924634  -9.41448199  -8.87995726  -8.36085489  -7.94053312
  -7.33403597  -6.82730842  -6.26142659  -5.66576151  -5.02163326
  -4.24383131  -3.5150384   -2.65068221  -1.82955327  -0.95460361]
Advants:
[-9.23041456 -9.12552899 -9.01775385 -8.88507612 -8.73483626 -8.49668206
 -8.31689865 -8.13807467 -7.94401719 -7.73342849 -7.47180478 -7.22315351
 -6.93384284 -6.60549754 -6.33098215 -5.91469257 -5.54929766 -5.17129312
 -4.76108744 -4.2433783  -3.684447   -3.0625276  -2.3961879  -1.6526824
 -0.85360861]
Mus:
[[0.2614564  0.26650968 0.25328302 0.21875083]
 [0.26159337 0.27103916 0.25024092 0.2171265 ]
 [0.26190236 0.27079847 0.2499197  0.21737947]
 [0.26139328 0.27560148 0.24711154 0.21589369]
 [0.261404   0.2761095  0.24711935 0.2153671 ]
 [0.26159337 0.27103916 0.25024092 0.2171265 ]
 [0.26139447 0.27110624 0.25089577 0.21660353]
 [0.26139447 0.27110624 0.25089577 0.21660353]
 [0.26139447 0.27110624 0.25089577 0.21660353]
 [0.26139447 0.27110624 0.25089577 0.21660353]
 [0.26159337 0.27103916 0.25024092 0.2171265 ]
 [0.26190236 0.27079847 0.2499197  0.21737947]
 [0.2615571  0.2665519  0.25272617 0.21916476]
 [0.2615571  0.2665519  0.25272617 0.21916476]
 [0.2614564  0.26650968 0.25328302 0.21875083]
 [0.2614564  0.26650968 0.25328302 0.21875083]
 [0.26154423 0.2667453  0.25390416 0.21780635]
 [0.26154423 0.2667453  0.25390416 0.21780635]
 [0.26154423 0.2667453  0.25390416 0.21780635]
 [0.26139447 0.27110624 0.25089577 0.21660353]
 [0.26159337 0.27103916 0.25024092 0.2171265 ]
 [0.261404   0.2761095  0.24711935 0.2153671 ]
 [0.26139328 0.27560148 0.24711154 0.21589369]
 [0.2609231  0.27987248 0.24427333 0.21493107]
 [0.26145628 0.28072163 0.24355027 0.2142718 ]]
Actions:
[[0. 1. 0. 0.]
 [0. 0. 1. 0.]
 [0. 1. 0. 0.]
 [1. 0. 0. 0.]
 [0. 0. 0. 1.]
 [1. 0. 0. 0.]
 [1. 0. 0. 0.]
 [1. 0. 0. 0.]
 [1. 0. 0. 0.]
 [0. 0. 1. 0.]
 [0. 0. 1. 0.]
 [0. 0. 0. 1.]
 [0. 0. 0. 1.]
 [1. 0. 0. 0.]
 [0. 0. 0. 1.]
 [1. 0. 0. 0.]
 [1. 0. 0. 0.]
 [1. 0. 0. 0.]
 [0. 1. 0. 0.]
 [0. 0. 1. 0.]
 [0. 1. 0. 0.]
 [0. 0. 1. 0.]
 [0. 1. 0. 0.]
 [1. 0. 0. 0.]
 [1. 0. 0. 0.]]
States:
[[0.9 0. ]
 [0.9 0.1]
 [0.8 0.1]
 [0.8 0.2]
 [0.9 0.2]
 [0.9 0.1]
 [1.  0.1]
 [1.  0.1]
 [1.  0.1]
 [1.  0.1]
 [0.9 0.1]
 [0.8 0.1]
 [0.8 0. ]
 [0.8 0. ]
 [0.9 0. ]
 [0.9 0. ]
 [1.  0. ]
 [1.  0. ]
 [1.  0. ]
 [1.  0.1]
 [0.9 0.1]
 [0.9 0.2]
 [0.8 0.2]
 [0.8 0.3]
 [0.9 0.3]]
Logstds:
[[0. 0. 0. 0.]
 [0. 0. 0. 0.]
 [0. 0. 0. 0.]
 [0. 0. 0. 0.]
 [0. 0. 0. 0.]
 [0. 0. 0. 0.]
 [0. 0. 0. 0.]
 [0. 0. 0. 0.]
 [0. 0. 0. 0.]
 [0. 0. 0. 0.]
 [0. 0. 0. 0.]
 [0. 0. 0. 0.]
 [0. 0. 0. 0.]
 [0. 0. 0. 0.]
 [0. 0. 0. 0.]
 [0. 0. 0. 0.]
 [0. 0. 0. 0.]
 [0. 0. 0. 0.]
 [0. 0. 0. 0.]
 [0. 0. 0. 0.]
 [0. 0. 0. 0.]
 [0. 0. 0. 0.]
 [0. 0. 0. 0.]
 [0. 0. 0. 0.]
 [0. 0. 0. 0.]]
