Baseline:
[-10.566745 -10.285152 -10.566745 -10.249914 -10.53142  -10.53142
 -10.249914 -10.53142  -10.81633  -10.53142  -10.81633  -10.53142
 -10.53142  -10.81633  -10.503156 -10.19199  -10.19199   -9.885166
  -9.885166 -10.169842 -10.478963 -10.169842 -10.478963 -10.19199
 -10.503156 -10.503156]
Returns:
[-15.45920848 -15.01955596 -14.9276895  -14.28274702 -14.16966293
 -13.51220906 -13.0016593  -12.82114953 -12.60556799 -12.01385793
 -11.75578735 -11.11935199 -10.30135545  -9.95315316  -9.04044631
  -8.14179599  -7.44245579  -6.52130857  -5.61182389  -5.11357505
  -4.5146424   -3.40641202  -2.71762868  -1.69890149  -0.89760745]
Advants:
[-5.99489208 -6.07716975 -5.95297205 -5.88520712 -5.76093899 -5.37650155
 -5.43664682 -5.27416709 -5.08324869 -5.1029054  -4.8973977  -4.90122228
 -4.443548   -4.18187148 -3.96687437 -3.77851276 -3.49066719 -3.30389299
 -2.83025068 -2.49608282 -2.04692923 -1.72109792 -1.20592554 -0.97539468
 -0.37244987]
Mus:
[[0.2583469  0.2762402  0.24751526 0.21789771]
 [0.2577019  0.27532676 0.24815924 0.21881211]
 [0.2583469  0.2762402  0.24751526 0.21789771]
 [0.25798878 0.27386254 0.2495488  0.21859986]
 [0.25866643 0.2754603  0.24826841 0.2176048 ]
 [0.25866643 0.2754603  0.24826841 0.2176048 ]
 [0.25798878 0.27386254 0.2495488  0.21859986]
 [0.25866643 0.2754603  0.24826841 0.2176048 ]
 [0.25950196 0.2771861  0.24672976 0.21658213]
 [0.25866643 0.2754603  0.24826841 0.2176048 ]
 [0.25950196 0.2771861  0.24672976 0.21658213]
 [0.25866643 0.2754603  0.24826841 0.2176048 ]
 [0.25866643 0.2754603  0.24826841 0.2176048 ]
 [0.25950196 0.2771861  0.24672976 0.21658213]
 [0.2602806  0.27327022 0.24897115 0.21747795]
 [0.26117095 0.26926658 0.25090307 0.21865943]
 [0.26117095 0.26926658 0.25090307 0.21865943]
 [0.26095232 0.2659188  0.25372934 0.2193995 ]
 [0.26095232 0.2659188  0.25372934 0.2193995 ]
 [0.26121724 0.2664132  0.25312385 0.2192457 ]
 [0.26163644 0.27011475 0.25023127 0.21801755]
 [0.26121724 0.2664132  0.25312385 0.2192457 ]
 [0.26163644 0.27011475 0.25023127 0.21801755]
 [0.26117095 0.26926658 0.25090307 0.21865943]
 [0.2602806  0.27327022 0.24897115 0.21747795]]
Actions:
[[0. 0. 1. 0.]
 [1. 0. 0. 0.]
 [0. 0. 0. 1.]
 [1. 0. 0. 0.]
 [0. 0. 0. 1.]
 [0. 0. 1. 0.]
 [1. 0. 0. 0.]
 [1. 0. 0. 0.]
 [0. 0. 1. 0.]
 [1. 0. 0. 0.]
 [0. 0. 1. 0.]
 [0. 0. 0. 1.]
 [1. 0. 0. 0.]
 [0. 0. 0. 1.]
 [0. 0. 0. 1.]
 [0. 0. 1. 0.]
 [0. 0. 0. 1.]
 [0. 0. 0. 1.]
 [1. 0. 0. 0.]
 [0. 1. 0. 0.]
 [0. 0. 0. 1.]
 [0. 1. 0. 0.]
 [0. 0. 1. 0.]
 [0. 1. 0. 0.]
 [0. 1. 0. 0.]]
States:
[[0.4 0.4]
 [0.3 0.4]
 [0.4 0.4]
 [0.4 0.3]
 [0.5 0.3]
 [0.5 0.3]
 [0.4 0.3]
 [0.5 0.3]
 [0.6 0.3]
 [0.5 0.3]
 [0.6 0.3]
 [0.5 0.3]
 [0.5 0.3]
 [0.6 0.3]
 [0.6 0.2]
 [0.6 0.1]
 [0.6 0.1]
 [0.6 0. ]
 [0.6 0. ]
 [0.7 0. ]
 [0.7 0.1]
 [0.7 0. ]
 [0.7 0.1]
 [0.6 0.1]
 [0.6 0.2]]
Logstds:
[[0. 0. 0. 0.]
 [0. 0. 0. 0.]
 [0. 0. 0. 0.]
 [0. 0. 0. 0.]
 [0. 0. 0. 0.]
 [0. 0. 0. 0.]
 [0. 0. 0. 0.]
 [0. 0. 0. 0.]
 [0. 0. 0. 0.]
 [0. 0. 0. 0.]
 [0. 0. 0. 0.]
 [0. 0. 0. 0.]
 [0. 0. 0. 0.]
 [0. 0. 0. 0.]
 [0. 0. 0. 0.]
 [0. 0. 0. 0.]
 [0. 0. 0. 0.]
 [0. 0. 0. 0.]
 [0. 0. 0. 0.]
 [0. 0. 0. 0.]
 [0. 0. 0. 0.]
 [0. 0. 0. 0.]
 [0. 0. 0. 0.]
 [0. 0. 0. 0.]
 [0. 0. 0. 0.]]
