Baseline:
[-1.7588933 -1.8131918 -1.8599995 -1.8053625 -1.8599995 -1.9068191
 -1.8521174 -1.8521174 -1.8053625 -1.8521174 -1.9068191 -1.9627392
 -1.9160942 -1.9627392 -1.9068191 -1.9533113 -1.9000413 -1.8521174
 -1.9068191 -1.9533113 -2.0095594 -1.9627392 -2.019901  -2.0802488
 -2.0802488 -2.0802488]
Returns:
[-13.25558288 -13.11529011 -12.94138413 -12.59248582 -12.38328831
 -12.13772672 -11.70858075 -11.30040189 -10.93087224 -10.64581455
 -10.2988796   -9.88877344  -9.35987698  -8.91837947  -8.27576278
  -7.78097829  -7.08474796  -6.45689975  -5.8894956   -5.2691181
  -4.55683736  -3.71002277  -2.90710822  -2.01607808  -1.03388619]
Advants:
[-9.18263719 -9.14046765 -9.0783341  -8.94706107 -8.85193929 -8.73360033
 -8.5364438  -8.30803132 -8.17035387 -8.0291442  -7.82192578 -7.55246659
 -7.2686122  -6.98067031 -6.59308364 -6.25113802 -5.80460385 -5.41990297
 -4.99041061 -4.51193777 -3.92408576 -3.29541762 -2.59466174 -1.78675232
 -0.9298737 ]
Mus:
[[0.26121724 0.2664132  0.25312385 0.2192457 ]
 [0.26163644 0.27011475 0.25023127 0.21801755]
 [0.26190236 0.27079847 0.2499197  0.21737947]
 [0.2615571  0.2665519  0.25272617 0.21916476]
 [0.26190236 0.27079847 0.2499197  0.21737947]
 [0.26159337 0.27103916 0.25024092 0.2171265 ]
 [0.2614564  0.26650968 0.25328302 0.21875083]
 [0.2614564  0.26650968 0.25328302 0.21875083]
 [0.2615571  0.2665519  0.25272617 0.21916476]
 [0.2614564  0.26650968 0.25328302 0.21875083]
 [0.26159337 0.27103916 0.25024092 0.2171265 ]
 [0.261404   0.2761095  0.24711935 0.2153671 ]
 [0.26139328 0.27560148 0.24711154 0.21589369]
 [0.261404   0.2761095  0.24711935 0.2153671 ]
 [0.26159337 0.27103916 0.25024092 0.2171265 ]
 [0.26139447 0.27110624 0.25089577 0.21660353]
 [0.26154423 0.2667453  0.25390416 0.21780635]
 [0.2614564  0.26650968 0.25328302 0.21875083]
 [0.26159337 0.27103916 0.25024092 0.2171265 ]
 [0.26139447 0.27110624 0.25089577 0.21660353]
 [0.26108986 0.27594823 0.24766493 0.21529701]
 [0.261404   0.2761095  0.24711935 0.2153671 ]
 [0.26145628 0.28072163 0.24355027 0.2142718 ]
 [0.26168966 0.28449368 0.24018049 0.21363623]
 [0.26168966 0.28449368 0.24018049 0.21363623]]
Actions:
[[0. 1. 0. 0.]
 [1. 0. 0. 0.]
 [0. 0. 0. 1.]
 [0. 1. 0. 0.]
 [1. 0. 0. 0.]
 [0. 0. 0. 1.]
 [0. 0. 0. 1.]
 [0. 0. 1. 0.]
 [1. 0. 0. 0.]
 [0. 1. 0. 0.]
 [0. 1. 0. 0.]
 [0. 0. 1. 0.]
 [1. 0. 0. 0.]
 [0. 0. 0. 1.]
 [1. 0. 0. 0.]
 [0. 0. 0. 1.]
 [0. 0. 1. 0.]
 [0. 1. 0. 0.]
 [1. 0. 0. 0.]
 [0. 1. 0. 0.]
 [0. 0. 1. 0.]
 [0. 1. 0. 0.]
 [0. 1. 0. 0.]
 [0. 1. 0. 0.]
 [0. 1. 0. 0.]]
States:
[[0.7 0. ]
 [0.7 0.1]
 [0.8 0.1]
 [0.8 0. ]
 [0.8 0.1]
 [0.9 0.1]
 [0.9 0. ]
 [0.9 0. ]
 [0.8 0. ]
 [0.9 0. ]
 [0.9 0.1]
 [0.9 0.2]
 [0.8 0.2]
 [0.9 0.2]
 [0.9 0.1]
 [1.  0.1]
 [1.  0. ]
 [0.9 0. ]
 [0.9 0.1]
 [1.  0.1]
 [1.  0.2]
 [0.9 0.2]
 [0.9 0.3]
 [0.9 0.4]
 [0.9 0.4]]
Logstds:
[[0. 0. 0. 0.]
 [0. 0. 0. 0.]
 [0. 0. 0. 0.]
 [0. 0. 0. 0.]
 [0. 0. 0. 0.]
 [0. 0. 0. 0.]
 [0. 0. 0. 0.]
 [0. 0. 0. 0.]
 [0. 0. 0. 0.]
 [0. 0. 0. 0.]
 [0. 0. 0. 0.]
 [0. 0. 0. 0.]
 [0. 0. 0. 0.]
 [0. 0. 0. 0.]
 [0. 0. 0. 0.]
 [0. 0. 0. 0.]
 [0. 0. 0. 0.]
 [0. 0. 0. 0.]
 [0. 0. 0. 0.]
 [0. 0. 0. 0.]
 [0. 0. 0. 0.]
 [0. 0. 0. 0.]
 [0. 0. 0. 0.]
 [0. 0. 0. 0.]
 [0. 0. 0. 0.]]
