Baseline:
[-9.158545 -9.423506 -9.158545 -9.158545 -8.856117 -8.554127 -8.554127
 -8.25289  -8.25289  -8.25289  -8.554127 -8.25289  -8.25289  -8.554127
 -8.554127 -8.856117 -9.120696 -8.817823 -9.120696 -8.856117 -8.554127
 -8.554127 -8.817823 -8.554127 -8.856117 -8.856117]
Returns:
[-12.97962749 -12.88868503 -12.49354317 -12.11452938 -11.51843749
 -10.95474581 -10.61901642 -10.07009194  -9.74990629  -9.21721407
  -9.01572895  -8.38242091  -7.97341047  -7.70646201  -7.19977032
  -6.839737    -6.47239867  -5.60950797  -5.14061525  -4.40041871
  -3.46209446  -2.73201501  -2.19196582  -1.35843052  -0.69095826]
Advants:
[-4.83464711 -4.67225686 -4.74804834 -4.58083103 -4.50792222 -4.4776888
 -4.38276221 -4.38872979 -4.33390461 -4.07270302 -3.84905194 -3.80955424
 -3.70539071 -3.45044933 -3.26801508 -2.93739574 -2.64557087 -2.43729673
 -2.02336971 -1.92136441 -1.67078939 -1.33675091 -0.93792489 -0.78987677
 -0.24815178]
Mus:
[[0.2551397  0.27375317 0.25066695 0.22044027]
 [0.2560523  0.27317333 0.25027758 0.22049676]
 [0.2551397  0.27375317 0.25066695 0.22044027]
 [0.2551397  0.27375317 0.25066695 0.22044027]
 [0.25413185 0.27175236 0.25380087 0.22031493]
 [0.25345308 0.26914    0.257082   0.22032495]
 [0.25345308 0.26914    0.257082   0.22032495]
 [0.25277823 0.26619062 0.2601554  0.22087568]
 [0.25277823 0.26619062 0.2601554  0.22087568]
 [0.25277823 0.26619062 0.2601554  0.22087568]
 [0.25345308 0.26914    0.257082   0.22032495]
 [0.25277823 0.26619062 0.2601554  0.22087568]
 [0.25277823 0.26619062 0.2601554  0.22087568]
 [0.25345308 0.26914    0.257082   0.22032495]
 [0.25345308 0.26914    0.257082   0.22032495]
 [0.25413185 0.27175236 0.25380087 0.22031493]
 [0.25527823 0.27115825 0.2531449  0.22041859]
 [0.25463745 0.26869732 0.25607818 0.22058704]
 [0.25527823 0.27115825 0.2531449  0.22041859]
 [0.25413185 0.27175236 0.25380087 0.22031493]
 [0.25345308 0.26914    0.257082   0.22032495]
 [0.25345308 0.26914    0.257082   0.22032495]
 [0.25463745 0.26869732 0.25607818 0.22058704]
 [0.25345308 0.26914    0.257082   0.22032495]
 [0.25413185 0.27175236 0.25380087 0.22031493]]
Actions:
[[1. 0. 0. 0.]
 [0. 0. 1. 0.]
 [0. 0. 1. 0.]
 [0. 0. 0. 1.]
 [0. 0. 0. 1.]
 [0. 0. 1. 0.]
 [0. 0. 0. 1.]
 [0. 0. 1. 0.]
 [0. 0. 0. 1.]
 [0. 1. 0. 0.]
 [0. 0. 0. 1.]
 [0. 0. 1. 0.]
 [0. 1. 0. 0.]
 [0. 0. 1. 0.]
 [0. 1. 0. 0.]
 [1. 0. 0. 0.]
 [0. 0. 0. 1.]
 [0. 1. 0. 0.]
 [0. 0. 1. 0.]
 [0. 0. 0. 1.]
 [0. 0. 1. 0.]
 [1. 0. 0. 0.]
 [0. 0. 1. 0.]
 [0. 1. 0. 0.]
 [1. 0. 0. 0.]]
States:
[[0.  0.3]
 [0.1 0.3]
 [0.  0.3]
 [0.  0.3]
 [0.  0.2]
 [0.  0.1]
 [0.  0.1]
 [0.  0. ]
 [0.  0. ]
 [0.  0. ]
 [0.  0.1]
 [0.  0. ]
 [0.  0. ]
 [0.  0.1]
 [0.  0.1]
 [0.  0.2]
 [0.1 0.2]
 [0.1 0.1]
 [0.1 0.2]
 [0.  0.2]
 [0.  0.1]
 [0.  0.1]
 [0.1 0.1]
 [0.  0.1]
 [0.  0.2]]
Logstds:
[[0. 0. 0. 0.]
 [0. 0. 0. 0.]
 [0. 0. 0. 0.]
 [0. 0. 0. 0.]
 [0. 0. 0. 0.]
 [0. 0. 0. 0.]
 [0. 0. 0. 0.]
 [0. 0. 0. 0.]
 [0. 0. 0. 0.]
 [0. 0. 0. 0.]
 [0. 0. 0. 0.]
 [0. 0. 0. 0.]
 [0. 0. 0. 0.]
 [0. 0. 0. 0.]
 [0. 0. 0. 0.]
 [0. 0. 0. 0.]
 [0. 0. 0. 0.]
 [0. 0. 0. 0.]
 [0. 0. 0. 0.]
 [0. 0. 0. 0.]
 [0. 0. 0. 0.]
 [0. 0. 0. 0.]
 [0. 0. 0. 0.]
 [0. 0. 0. 0.]
 [0. 0. 0. 0.]]
