Baseline:
[0.66636044 0.6512483  0.68892115 0.6512483  0.68892115 0.7239025
 0.7585138  0.7239025  0.7585138  0.74790686 0.74790686 0.712061
 0.74790686 0.74790686 0.74790686 0.7585138  0.7585138  0.74790686
 0.7585138  0.7585138  0.7744847  0.73884434 0.7744847  0.7744847
 0.7889628  0.7889628 ]
Returns:
[-1.69232988 -1.70613226 -1.68900135 -1.67710508 -1.65844642 -1.62323035
 -1.57007168 -1.52040053 -1.46182977 -1.43252899 -1.36490046 -1.31329786
 -1.25415989 -1.22528763 -1.14675165 -1.08497031 -0.98835828 -0.93413794
 -0.8611664  -0.75277521 -0.66062641 -0.55439321 -0.43480952 -0.29305027
 -0.16683614]
Advants:
[-1.60128986 -1.6083679  -1.63864758 -1.59811258 -1.62751863 -1.63855372
 -1.63166254 -1.5574226  -1.54362009 -1.51350033 -1.45440197 -1.37350576
 -1.35660371 -1.33377287 -1.25936403 -1.21108562 -1.11462827 -1.0479639
 -0.9816769  -0.86567687 -0.77888593 -0.6211074  -0.51730804 -0.34961696
 -0.20628428]
Mus:
[[0.25560227 0.26847625 0.255111   0.22081047]
 [0.25463745 0.26869732 0.25607818 0.22058704]
 [0.25527823 0.27115825 0.2531449  0.22041859]
 [0.25463745 0.26869732 0.25607818 0.22058704]
 [0.25527823 0.27115825 0.2531449  0.22041859]
 [0.2560523  0.27317333 0.25027758 0.22049676]
 [0.25709718 0.2749477  0.24724294 0.2207122 ]
 [0.2560523  0.27317333 0.25027758 0.22049676]
 [0.25709718 0.2749477  0.24724294 0.2207122 ]
 [0.2562672  0.27548006 0.24728444 0.22096835]
 [0.2562672  0.27548006 0.24728444 0.22096835]
 [0.2551397  0.27375317 0.25066695 0.22044027]
 [0.2562672  0.27548006 0.24728444 0.22096835]
 [0.2562672  0.27548006 0.24728444 0.22096835]
 [0.2562672  0.27548006 0.24728444 0.22096835]
 [0.25709718 0.2749477  0.24724294 0.2207122 ]
 [0.25709718 0.2749477  0.24724294 0.2207122 ]
 [0.2562672  0.27548006 0.24728444 0.22096835]
 [0.25709718 0.2749477  0.24724294 0.2207122 ]
 [0.25709718 0.2749477  0.24724294 0.2207122 ]
 [0.25748262 0.27501577 0.24782099 0.21968059]
 [0.25696608 0.27280056 0.2500919  0.2201414 ]
 [0.25748262 0.27501577 0.24782099 0.21968059]
 [0.25748262 0.27501577 0.24782099 0.21968059]
 [0.2577019  0.27532676 0.24815924 0.21881211]]
Actions:
[[0. 0. 1. 0.]
 [0. 1. 0. 0.]
 [0. 0. 0. 1.]
 [0. 1. 0. 0.]
 [0. 1. 0. 0.]
 [0. 1. 0. 0.]
 [0. 0. 0. 1.]
 [0. 1. 0. 0.]
 [0. 0. 1. 0.]
 [0. 1. 0. 0.]
 [0. 0. 0. 1.]
 [0. 1. 0. 0.]
 [0. 0. 1. 0.]
 [0. 1. 0. 0.]
 [1. 0. 0. 0.]
 [0. 1. 0. 0.]
 [0. 0. 1. 0.]
 [1. 0. 0. 0.]
 [0. 1. 0. 0.]
 [1. 0. 0. 0.]
 [0. 0. 0. 1.]
 [0. 1. 0. 0.]
 [0. 1. 0. 0.]
 [1. 0. 0. 0.]
 [0. 1. 0. 0.]]
States:
[[0.2 0.1]
 [0.1 0.1]
 [0.1 0.2]
 [0.1 0.1]
 [0.1 0.2]
 [0.1 0.3]
 [0.1 0.4]
 [0.1 0.3]
 [0.1 0.4]
 [0.  0.4]
 [0.  0.4]
 [0.  0.3]
 [0.  0.4]
 [0.  0.4]
 [0.  0.4]
 [0.1 0.4]
 [0.1 0.4]
 [0.  0.4]
 [0.1 0.4]
 [0.1 0.4]
 [0.2 0.4]
 [0.2 0.3]
 [0.2 0.4]
 [0.2 0.4]
 [0.3 0.4]]
Logstds:
[[0. 0. 0. 0.]
 [0. 0. 0. 0.]
 [0. 0. 0. 0.]
 [0. 0. 0. 0.]
 [0. 0. 0. 0.]
 [0. 0. 0. 0.]
 [0. 0. 0. 0.]
 [0. 0. 0. 0.]
 [0. 0. 0. 0.]
 [0. 0. 0. 0.]
 [0. 0. 0. 0.]
 [0. 0. 0. 0.]
 [0. 0. 0. 0.]
 [0. 0. 0. 0.]
 [0. 0. 0. 0.]
 [0. 0. 0. 0.]
 [0. 0. 0. 0.]
 [0. 0. 0. 0.]
 [0. 0. 0. 0.]
 [0. 0. 0. 0.]
 [0. 0. 0. 0.]
 [0. 0. 0. 0.]
 [0. 0. 0. 0.]
 [0. 0. 0. 0.]
 [0. 0. 0. 0.]]
