Baseline:
[0.08223218 0.08483176 0.08502553 0.08502553 0.08253584 0.08253584
 0.08502553 0.08483176 0.08223218 0.07972945 0.08228418 0.08582671
 0.08965943 0.0959682  0.08965943 0.0959682  0.09941952 0.09323703
 0.08765394 0.08483176 0.08765394 0.08483176 0.08965943 0.08582671
 0.09164333 0.09164333]
Returns:
[-8.1854926  -8.02295198 -7.87165035 -7.73982897 -7.55317552 -7.37335081
 -7.19304067 -7.03332104 -6.78305164 -6.49274013 -6.21369234 -5.88897565
 -5.57939632 -5.28254793 -4.93122952 -4.60026708 -4.2263586  -3.84957076
 -3.48086715 -3.07116189 -2.67032569 -2.21796036 -1.77102151 -1.21787639
 -0.66406101]
Advants:
[-6.29539548 -6.21819346 -6.15219944 -6.10866555 -6.00948113 -5.92171686
 -5.83829959 -5.77588557 -5.62100097 -5.42546201 -5.2459795  -5.02014673
 -4.80840734 -4.61089731 -4.34316408 -4.10602129 -3.81907237 -3.5148797
 -3.21450565 -2.8694287  -2.53230137 -2.12910935 -1.72974946 -1.20193865
 -0.66864318]
Mus:
[[0.25051224 0.2786596  0.2766165  0.19421163]
 [0.24924172 0.27718598 0.2775636  0.19600873]
 [0.24626715 0.27472165 0.2823628  0.19664836]
 [0.24626715 0.27472165 0.2823628  0.19664836]
 [0.24768008 0.27621937 0.2814319  0.19466865]
 [0.24768008 0.27621937 0.2814319  0.19466865]
 [0.24626715 0.27472165 0.2823628  0.19664836]
 [0.24924172 0.27718598 0.2775636  0.19600873]
 [0.25051224 0.2786596  0.2766165  0.19421163]
 [0.2516098  0.28013137 0.27568707 0.19257182]
 [0.25390837 0.2820259  0.27197886 0.19208688]
 [0.2527904  0.28029448 0.273075   0.1938401 ]
 [0.25160366 0.27844897 0.27444822 0.19549908]
 [0.2541132  0.27939978 0.27173036 0.19475664]
 [0.25160366 0.27844897 0.27444822 0.19549908]
 [0.2541132  0.27939978 0.27173036 0.19475664]
 [0.2527682  0.27766064 0.27345628 0.19611494]
 [0.25020963 0.27651122 0.2760601  0.19721901]
 [0.24796636 0.27523673 0.2789434  0.19785348]
 [0.24924172 0.27718598 0.2775636  0.19600873]
 [0.24796636 0.27523673 0.2789434  0.19785348]
 [0.24924172 0.27718598 0.2775636  0.19600873]
 [0.25160366 0.27844897 0.27444822 0.19549908]
 [0.2527904  0.28029448 0.273075   0.1938401 ]
 [0.25507787 0.28148353 0.27006966 0.1933689 ]]
Actions:
[[0. 0. 0. 1.]
 [0. 0. 1. 0.]
 [0. 0. 1. 0.]
 [0. 1. 0. 0.]
 [0. 0. 1. 0.]
 [0. 0. 0. 1.]
 [1. 0. 0. 0.]
 [0. 1. 0. 0.]
 [0. 1. 0. 0.]
 [1. 0. 0. 0.]
 [0. 0. 0. 1.]
 [0. 0. 0. 1.]
 [1. 0. 0. 0.]
 [0. 0. 1. 0.]
 [1. 0. 0. 0.]
 [0. 0. 0. 1.]
 [0. 0. 1. 0.]
 [0. 0. 1. 0.]
 [0. 1. 0. 0.]
 [0. 0. 0. 1.]
 [0. 1. 0. 0.]
 [1. 0. 0. 0.]
 [0. 1. 0. 0.]
 [1. 0. 0. 0.]
 [0. 1. 0. 0.]]
States:
[[0.1 0.8]
 [0.1 0.7]
 [0.  0.7]
 [0.  0.7]
 [0.  0.8]
 [0.  0.8]
 [0.  0.7]
 [0.1 0.7]
 [0.1 0.8]
 [0.1 0.9]
 [0.2 0.9]
 [0.2 0.8]
 [0.2 0.7]
 [0.3 0.7]
 [0.2 0.7]
 [0.3 0.7]
 [0.3 0.6]
 [0.2 0.6]
 [0.1 0.6]
 [0.1 0.7]
 [0.1 0.6]
 [0.1 0.7]
 [0.2 0.7]
 [0.2 0.8]
 [0.3 0.8]]
Logstds:
[[0. 0. 0. 0.]
 [0. 0. 0. 0.]
 [0. 0. 0. 0.]
 [0. 0. 0. 0.]
 [0. 0. 0. 0.]
 [0. 0. 0. 0.]
 [0. 0. 0. 0.]
 [0. 0. 0. 0.]
 [0. 0. 0. 0.]
 [0. 0. 0. 0.]
 [0. 0. 0. 0.]
 [0. 0. 0. 0.]
 [0. 0. 0. 0.]
 [0. 0. 0. 0.]
 [0. 0. 0. 0.]
 [0. 0. 0. 0.]
 [0. 0. 0. 0.]
 [0. 0. 0. 0.]
 [0. 0. 0. 0.]
 [0. 0. 0. 0.]
 [0. 0. 0. 0.]
 [0. 0. 0. 0.]
 [0. 0. 0. 0.]
 [0. 0. 0. 0.]
 [0. 0. 0. 0.]]
