Baseline:
[-5.0820994 -4.982261  -4.8340535 -4.937566  -5.0820994 -4.937566
 -5.0820994 -5.1888275 -5.1888275 -5.298326  -5.1888275 -5.1888275
 -5.1888275 -5.0453897 -4.903259  -4.793059  -4.6874337 -4.5908275
 -4.7397685 -4.889049  -4.7397685 -4.889049  -4.7397685 -4.5908275
 -4.4426427 -4.4426427]
Returns:
[-17.40967138 -16.98947337 -16.47940915 -16.26680643 -15.94107258
 -15.34267388 -14.96830148 -14.59696613 -14.09377372 -13.64386684
 -12.95694433 -12.36743499 -11.74689884 -10.89359102 -10.04564822
  -9.30560677  -8.5614077   -7.81479134  -7.16563841  -6.42889371
  -5.39647469  -4.5666161   -3.43618247  -2.29844968  -1.15321302]
Advants:
[-10.44291583 -10.33336435 -10.18908264 -10.0993003   -9.86010231
  -9.64295355  -9.36488066  -9.13338043  -8.88219298  -8.57895908
  -8.26167036  -7.93622437  -7.58305456  -7.14137254  -6.70476547
  -6.3475819   -5.98514311  -5.61468786  -5.09528     -4.48427839
  -3.87227859  -3.15709292  -2.43203392  -1.69057106  -0.93108082]
Mus:
[[0.2554632  0.2928517  0.23413143 0.21755369]
 [0.2549495  0.29121298 0.23503207 0.21880545]
 [0.25544986 0.28817207 0.23637344 0.22000466]
 [0.2558718  0.2898044  0.23592407 0.21839972]
 [0.2554632  0.2928517  0.23413143 0.21755369]
 [0.2558718  0.2898044  0.23592407 0.21839972]
 [0.2554632  0.2928517  0.23413143 0.21755369]
 [0.25585172 0.29473436 0.23327602 0.21613789]
 [0.25585172 0.29473436 0.23327602 0.21613789]
 [0.256633   0.29624987 0.23218006 0.214937  ]
 [0.25585172 0.29473436 0.23327602 0.21613789]
 [0.25585172 0.29473436 0.23327602 0.21613789]
 [0.25585172 0.29473436 0.23327602 0.21613789]
 [0.25637874 0.29151708 0.23519515 0.21690899]
 [0.25715348 0.28821462 0.23720406 0.21742778]
 [0.25630412 0.2866494  0.23789486 0.21915166]
 [0.25568086 0.28524476 0.23822485 0.22084953]
 [0.25529966 0.28516638 0.23828538 0.22124866]
 [0.25500414 0.28770223 0.23664138 0.22065221]
 [0.25450787 0.29069108 0.2352045  0.21959655]
 [0.25500414 0.28770223 0.23664138 0.22065221]
 [0.25450787 0.29069108 0.2352045  0.21959655]
 [0.25500414 0.28770223 0.23664138 0.22065221]
 [0.25529966 0.28516638 0.23828538 0.22124866]
 [0.2553593  0.28294805 0.23984177 0.22185096]]
Actions:
[[0. 0. 1. 0.]
 [0. 0. 0. 1.]
 [1. 0. 0. 0.]
 [0. 1. 0. 0.]
 [0. 0. 0. 1.]
 [0. 1. 0. 0.]
 [1. 0. 0. 0.]
 [0. 1. 0. 0.]
 [1. 0. 0. 0.]
 [0. 0. 1. 0.]
 [0. 1. 0. 0.]
 [0. 1. 0. 0.]
 [0. 0. 0. 1.]
 [0. 0. 0. 1.]
 [0. 0. 1. 0.]
 [0. 0. 1. 0.]
 [0. 0. 1. 0.]
 [0. 1. 0. 0.]
 [0. 1. 0. 0.]
 [0. 0. 0. 1.]
 [0. 1. 0. 0.]
 [0. 0. 0. 1.]
 [0. 0. 0. 1.]
 [0. 0. 0. 1.]
 [0. 0. 0. 1.]]
States:
[[0.2 1. ]
 [0.1 1. ]
 [0.1 0.9]
 [0.2 0.9]
 [0.2 1. ]
 [0.2 0.9]
 [0.2 1. ]
 [0.3 1. ]
 [0.3 1. ]
 [0.4 1. ]
 [0.3 1. ]
 [0.3 1. ]
 [0.3 1. ]
 [0.3 0.9]
 [0.3 0.8]
 [0.2 0.8]
 [0.1 0.8]
 [0.  0.8]
 [0.  0.9]
 [0.  1. ]
 [0.  0.9]
 [0.  1. ]
 [0.  0.9]
 [0.  0.8]
 [0.  0.7]]
Logstds:
[[0. 0. 0. 0.]
 [0. 0. 0. 0.]
 [0. 0. 0. 0.]
 [0. 0. 0. 0.]
 [0. 0. 0. 0.]
 [0. 0. 0. 0.]
 [0. 0. 0. 0.]
 [0. 0. 0. 0.]
 [0. 0. 0. 0.]
 [0. 0. 0. 0.]
 [0. 0. 0. 0.]
 [0. 0. 0. 0.]
 [0. 0. 0. 0.]
 [0. 0. 0. 0.]
 [0. 0. 0. 0.]
 [0. 0. 0. 0.]
 [0. 0. 0. 0.]
 [0. 0. 0. 0.]
 [0. 0. 0. 0.]
 [0. 0. 0. 0.]
 [0. 0. 0. 0.]
 [0. 0. 0. 0.]
 [0. 0. 0. 0.]
 [0. 0. 0. 0.]
 [0. 0. 0. 0.]]
