Baseline:
[-0.14495999 -0.14495999 -0.14495999 -0.14495999 -0.14495999 -0.14495999
 -0.14495999 -0.13940986 -0.13940986 -0.14278834 -0.14690758 -0.14690758
 -0.14951397 -0.14951397 -0.1509745  -0.14734517 -0.1500021  -0.14734517
 -0.1500021  -0.1550876  -0.16049846 -0.16747467 -0.17510599 -0.18406643
 -0.19390927 -0.19390927]
Returns:
[-10.03115454  -9.78417262  -9.52419164  -9.29600405  -9.01032999
  -8.75509704  -8.44095419  -8.09152815  -7.81577854  -7.50082046
  -7.18211168  -6.81214771  -6.43901333  -6.05789583  -5.67068984
  -5.26072767  -4.88971556  -4.54357613  -4.1348192   -3.72095402
  -3.25261751  -2.72731427  -2.14124721  -1.49109175  -0.77354622]
Advants:
[-7.67307839 -7.53568727 -7.38659218 -7.27167918 -7.10009399 -6.96077501
 -6.76270476 -6.53415401 -6.37502544 -6.1733991  -5.96723917 -5.71243971
 -5.45005312 -5.18015898 -4.90017004 -4.59920572 -4.32832448 -4.0857628
 -3.7711428  -3.44427438 -3.0558015  -2.59959851 -2.07009556 -1.46025871
 -0.76385075]
Mus:
[[0.26213208 0.28531942 0.23953825 0.21301027]
 [0.26213208 0.28531942 0.23953825 0.21301027]
 [0.26213208 0.28531942 0.23953825 0.21301027]
 [0.26213208 0.28531942 0.23953825 0.21301027]
 [0.26213208 0.28531942 0.23953825 0.21301027]
 [0.26213208 0.28531942 0.23953825 0.21301027]
 [0.26213208 0.28531942 0.23953825 0.21301027]
 [0.2616318  0.28082067 0.24340923 0.21413825]
 [0.2616318  0.28082067 0.24340923 0.21413825]
 [0.26145628 0.28072163 0.24355027 0.2142718 ]
 [0.26168966 0.28449368 0.24018049 0.21363623]
 [0.26168966 0.28449368 0.24018049 0.21363623]
 [0.26083913 0.28319848 0.24141394 0.21454845]
 [0.26083913 0.28319848 0.24141394 0.21454845]
 [0.260012   0.28206024 0.24247386 0.21545391]
 [0.26020825 0.27856544 0.24543029 0.21579607]
 [0.25950196 0.2771861  0.24672976 0.21658213]
 [0.26020825 0.27856544 0.24543029 0.21579607]
 [0.25950196 0.2771861  0.24672976 0.21658213]
 [0.25948626 0.28070253 0.24371035 0.21610075]
 [0.25983584 0.28368637 0.24090892 0.21556887]
 [0.25979668 0.28729433 0.238097   0.21481194]
 [0.2597676  0.29067332 0.23568544 0.21387368]
 [0.25962207 0.2935534  0.23368803 0.21313655]
 [0.2591561  0.2966036  0.23169684 0.2125435 ]]
Actions:
[[0. 1. 0. 0.]
 [0. 1. 0. 0.]
 [1. 0. 0. 0.]
 [0. 1. 0. 0.]
 [1. 0. 0. 0.]
 [0. 1. 0. 0.]
 [0. 0. 0. 1.]
 [1. 0. 0. 0.]
 [0. 0. 1. 0.]
 [0. 1. 0. 0.]
 [0. 1. 0. 0.]
 [0. 0. 1. 0.]
 [0. 1. 0. 0.]
 [0. 0. 1. 0.]
 [0. 0. 0. 1.]
 [0. 0. 1. 0.]
 [1. 0. 0. 0.]
 [0. 0. 1. 0.]
 [0. 1. 0. 0.]
 [0. 1. 0. 0.]
 [0. 1. 0. 0.]
 [0. 1. 0. 0.]
 [0. 1. 0. 0.]
 [0. 1. 0. 0.]
 [0. 0. 1. 0.]]
States:
[[1.  0.4]
 [1.  0.4]
 [1.  0.4]
 [1.  0.4]
 [1.  0.4]
 [1.  0.4]
 [1.  0.4]
 [1.  0.3]
 [1.  0.3]
 [0.9 0.3]
 [0.9 0.4]
 [0.9 0.4]
 [0.8 0.4]
 [0.8 0.4]
 [0.7 0.4]
 [0.7 0.3]
 [0.6 0.3]
 [0.7 0.3]
 [0.6 0.3]
 [0.6 0.4]
 [0.6 0.5]
 [0.6 0.6]
 [0.6 0.7]
 [0.6 0.8]
 [0.6 0.9]]
Logstds:
[[0. 0. 0. 0.]
 [0. 0. 0. 0.]
 [0. 0. 0. 0.]
 [0. 0. 0. 0.]
 [0. 0. 0. 0.]
 [0. 0. 0. 0.]
 [0. 0. 0. 0.]
 [0. 0. 0. 0.]
 [0. 0. 0. 0.]
 [0. 0. 0. 0.]
 [0. 0. 0. 0.]
 [0. 0. 0. 0.]
 [0. 0. 0. 0.]
 [0. 0. 0. 0.]
 [0. 0. 0. 0.]
 [0. 0. 0. 0.]
 [0. 0. 0. 0.]
 [0. 0. 0. 0.]
 [0. 0. 0. 0.]
 [0. 0. 0. 0.]
 [0. 0. 0. 0.]
 [0. 0. 0. 0.]
 [0. 0. 0. 0.]
 [0. 0. 0. 0.]
 [0. 0. 0. 0.]]
