Baseline:
[-1.5537659 -1.5124139 -1.5741695 -1.5124139 -1.4710743 -1.429043
 -1.4710743 -1.4093645 -1.3479694 -1.4093645 -1.3479694 -1.3903868
 -1.3335499 -1.3903868 -1.4343995 -1.481263  -1.5269449 -1.481263
 -1.4343995 -1.4931592 -1.4931592 -1.5537659 -1.5959417 -1.639573
 -1.5959417 -1.5959417]
Returns:
[-15.10822404 -14.71482942 -14.34544887 -13.91902436 -13.50627123
 -13.11501037 -12.8002784  -12.37397894 -11.97039751 -11.57383754
 -11.12814341 -10.7468069  -10.26677801  -9.78283175  -9.29250826
  -8.73835584  -8.11462135  -7.35534211  -6.59877221  -5.8438378
  -5.06861392  -4.19260066  -3.29065668  -2.30083603  -1.15177274]
Advants:
[-10.72043208 -10.53528899 -10.27193583 -10.0780646   -9.88051123
  -9.7091517   -9.53437678  -9.35600265  -9.20531167  -8.94100151
  -8.75495775  -8.53324229  -8.31621165  -7.98242668  -7.65619654
  -7.26242637  -6.79720695  -6.28313144  -5.76799402  -5.14027763
  -4.54289837  -3.7703057   -2.97498671  -2.07104897  -1.07197559]
Mus:
[[0.26911014 0.2769358  0.26196045 0.19199364]
 [0.26512167 0.27805102 0.26441002 0.19241728]
 [0.26514602 0.28084964 0.26286966 0.19113463]
 [0.26512167 0.27805102 0.26441002 0.19241728]
 [0.26045677 0.2785319  0.2674665  0.19354479]
 [0.25606734 0.27875936 0.27041394 0.19475937]
 [0.26045677 0.2785319  0.2674665  0.19354479]
 [0.26058388 0.27552563 0.26891318 0.19497737]
 [0.26123327 0.27195993 0.27048087 0.19632599]
 [0.26058388 0.27552563 0.26891318 0.19497737]
 [0.26123327 0.27195993 0.27048087 0.19632599]
 [0.26506147 0.27183095 0.26759323 0.19551438]
 [0.2649989  0.26888382 0.26909265 0.19702458]
 [0.26506147 0.27183095 0.26759323 0.19551438]
 [0.2684251  0.2713609  0.26501128 0.19520278]
 [0.2712291  0.27111375 0.2626056  0.1950515 ]
 [0.27307528 0.27008778 0.26181394 0.19502299]
 [0.2712291  0.27111375 0.2626056  0.1950515 ]
 [0.2684251  0.2713609  0.26501128 0.19520278]
 [0.26875302 0.27425835 0.26316124 0.19382745]
 [0.26875302 0.27425835 0.26316124 0.19382745]
 [0.26911014 0.2769358  0.26196045 0.19199364]
 [0.2718355  0.27606794 0.2596092  0.1924874 ]
 [0.27345335 0.27544153 0.25820687 0.19289829]
 [0.2718355  0.27606794 0.2596092  0.1924874 ]]
Actions:
[[0. 0. 1. 0.]
 [0. 1. 0. 0.]
 [0. 0. 0. 1.]
 [0. 0. 1. 0.]
 [0. 0. 1. 0.]
 [1. 0. 0. 0.]
 [0. 0. 0. 1.]
 [0. 0. 0. 1.]
 [0. 1. 0. 0.]
 [0. 0. 0. 1.]
 [1. 0. 0. 0.]
 [0. 0. 0. 1.]
 [0. 1. 0. 0.]
 [1. 0. 0. 0.]
 [1. 0. 0. 0.]
 [1. 0. 0. 0.]
 [0. 0. 1. 0.]
 [0. 0. 1. 0.]
 [0. 1. 0. 0.]
 [1. 0. 0. 0.]
 [0. 1. 0. 0.]
 [1. 0. 0. 0.]
 [1. 0. 0. 0.]
 [0. 0. 1. 0.]
 [0. 0. 0. 1.]]
States:
[[0.7 0.6]
 [0.6 0.6]
 [0.6 0.7]
 [0.6 0.6]
 [0.5 0.6]
 [0.4 0.6]
 [0.5 0.6]
 [0.5 0.5]
 [0.5 0.4]
 [0.5 0.5]
 [0.5 0.4]
 [0.6 0.4]
 [0.6 0.3]
 [0.6 0.4]
 [0.7 0.4]
 [0.8 0.4]
 [0.9 0.4]
 [0.8 0.4]
 [0.7 0.4]
 [0.7 0.5]
 [0.7 0.5]
 [0.7 0.6]
 [0.8 0.6]
 [0.9 0.6]
 [0.8 0.6]]
Logstds:
[[0. 0. 0. 0.]
 [0. 0. 0. 0.]
 [0. 0. 0. 0.]
 [0. 0. 0. 0.]
 [0. 0. 0. 0.]
 [0. 0. 0. 0.]
 [0. 0. 0. 0.]
 [0. 0. 0. 0.]
 [0. 0. 0. 0.]
 [0. 0. 0. 0.]
 [0. 0. 0. 0.]
 [0. 0. 0. 0.]
 [0. 0. 0. 0.]
 [0. 0. 0. 0.]
 [0. 0. 0. 0.]
 [0. 0. 0. 0.]
 [0. 0. 0. 0.]
 [0. 0. 0. 0.]
 [0. 0. 0. 0.]
 [0. 0. 0. 0.]
 [0. 0. 0. 0.]
 [0. 0. 0. 0.]
 [0. 0. 0. 0.]
 [0. 0. 0. 0.]
 [0. 0. 0. 0.]]
