Baseline:
[-4.5209484 -4.5209484 -4.5209484 -4.6295123 -4.738076  -4.6295123
 -4.738076  -4.84734   -4.990831  -5.100011  -4.990831  -5.100011
 -5.100011  -4.958113  -4.818785  -4.7065835 -4.594671  -4.738076
 -4.6295123 -4.738076  -4.6295123 -4.738076  -4.594671  -4.7065835
 -4.84734   -4.84734  ]
Returns:
[-21.47449631 -21.09004278 -20.68535486 -20.365993   -19.98655857
 -19.437712   -19.00942067 -18.51557861 -17.86048649 -17.21618425
 -16.38331425 -15.6612661  -14.76235893 -13.78109708 -12.79716783
 -11.83441068 -10.86464293  -9.90010369  -8.82039108  -7.83329339
  -6.64480129  -5.54319887  -4.21183164  -2.98571895  -1.56222844]
Advants:
[-14.01112763 -13.88846377 -13.75535052 -13.60889982 -13.41126136
 -13.27245652 -13.0461574  -12.7614105  -12.28360802 -11.85492937
 -11.46132978 -10.96260356 -10.39672143  -9.89279234  -9.3860793
  -8.8758898   -8.3608638   -7.59068624  -6.95604293  -6.19166626
  -5.43784437  -4.54413661  -3.66285047  -2.61624336  -1.31986094]
Mus:
[[0.26390362 0.28572625 0.26089567 0.18947445]
 [0.26390362 0.28572625 0.26089567 0.18947445]
 [0.26390362 0.28572625 0.26089567 0.18947445]
 [0.26682475 0.28523836 0.25864798 0.18928894]
 [0.2695251  0.2841426  0.25720325 0.189129  ]
 [0.26682475 0.28523836 0.25864798 0.18928894]
 [0.2695251  0.2841426  0.25720325 0.189129  ]
 [0.27166337 0.28295982 0.255776   0.18960084]
 [0.2706434  0.28583634 0.2552865  0.18823378]
 [0.27188736 0.28559473 0.2541659  0.18835205]
 [0.2706434  0.28583634 0.2552865  0.18823378]
 [0.27188736 0.28559473 0.2541659  0.18835205]
 [0.27188736 0.28559473 0.2541659  0.18835205]
 [0.27305228 0.28239107 0.25450468 0.19005197]
 [0.27422976 0.27943453 0.254839   0.19149671]
 [0.2725661  0.28009844 0.25645533 0.1908801 ]
 [0.27068874 0.28129444 0.25799772 0.1900191 ]
 [0.2695251  0.2841426  0.25720325 0.189129  ]
 [0.26682475 0.28523836 0.25864798 0.18928894]
 [0.2695251  0.2841426  0.25720325 0.189129  ]
 [0.26682475 0.28523836 0.25864798 0.18928894]
 [0.2695251  0.2841426  0.25720325 0.189129  ]
 [0.27068874 0.28129444 0.25799772 0.1900191 ]
 [0.2725661  0.28009844 0.25645533 0.1908801 ]
 [0.27166337 0.28295982 0.255776   0.18960084]]
Actions:
[[0. 0. 1. 0.]
 [0. 0. 1. 0.]
 [1. 0. 0. 0.]
 [1. 0. 0. 0.]
 [0. 0. 1. 0.]
 [1. 0. 0. 0.]
 [1. 0. 0. 0.]
 [0. 1. 0. 0.]
 [1. 0. 0. 0.]
 [0. 0. 1. 0.]
 [1. 0. 0. 0.]
 [0. 1. 0. 0.]
 [0. 0. 0. 1.]
 [0. 0. 0. 1.]
 [0. 0. 1. 0.]
 [0. 0. 1. 0.]
 [0. 1. 0. 0.]
 [0. 0. 1. 0.]
 [1. 0. 0. 0.]
 [0. 0. 1. 0.]
 [1. 0. 0. 0.]
 [0. 0. 0. 1.]
 [1. 0. 0. 0.]
 [0. 1. 0. 0.]
 [0. 0. 1. 0.]]
States:
[[0.6 0.9]
 [0.6 0.9]
 [0.6 0.9]
 [0.7 0.9]
 [0.8 0.9]
 [0.7 0.9]
 [0.8 0.9]
 [0.9 0.9]
 [0.9 1. ]
 [1.  1. ]
 [0.9 1. ]
 [1.  1. ]
 [1.  1. ]
 [1.  0.9]
 [1.  0.8]
 [0.9 0.8]
 [0.8 0.8]
 [0.8 0.9]
 [0.7 0.9]
 [0.8 0.9]
 [0.7 0.9]
 [0.8 0.9]
 [0.8 0.8]
 [0.9 0.8]
 [0.9 0.9]]
Logstds:
[[0. 0. 0. 0.]
 [0. 0. 0. 0.]
 [0. 0. 0. 0.]
 [0. 0. 0. 0.]
 [0. 0. 0. 0.]
 [0. 0. 0. 0.]
 [0. 0. 0. 0.]
 [0. 0. 0. 0.]
 [0. 0. 0. 0.]
 [0. 0. 0. 0.]
 [0. 0. 0. 0.]
 [0. 0. 0. 0.]
 [0. 0. 0. 0.]
 [0. 0. 0. 0.]
 [0. 0. 0. 0.]
 [0. 0. 0. 0.]
 [0. 0. 0. 0.]
 [0. 0. 0. 0.]
 [0. 0. 0. 0.]
 [0. 0. 0. 0.]
 [0. 0. 0. 0.]
 [0. 0. 0. 0.]
 [0. 0. 0. 0.]
 [0. 0. 0. 0.]
 [0. 0. 0. 0.]]
