Baseline:
[-13.63496971 -13.92250443 -13.60044289 -13.88797951 -13.56448746
 -13.56448746 -13.56448746 -13.88797951 -13.88797951 -13.88797951
 -14.21003914   0.        ]
Returns:
[-12.20397228 -11.5433489  -10.22412098  -9.48582048  -8.08636145
  -7.25329115  -6.37637505  -5.29299068  -4.26062734  -3.17392908
  -1.85794616]
Advants:
[ 0.14774267  1.06016602  2.04939371  3.09834279  4.2326679   5.15483275
  6.15555425  7.74029433  8.9976018  10.36201577 12.35209298]
Mus:
[[0.25934857 0.30337563 0.22730306 0.20997274]
 [0.25929862 0.30494922 0.22654337 0.20920882]
 [0.25941777 0.30208194 0.22850005 0.21000017]
 [0.2601313  0.3029988  0.22755642 0.2093135 ]
 [0.2606076  0.29963258 0.2295155  0.21024439]
 [0.2606076  0.29963258 0.2295155  0.21024439]
 [0.2606076  0.29963258 0.2295155  0.21024439]
 [0.2601313  0.3029988  0.22755642 0.2093135 ]
 [0.2601313  0.3029988  0.22755642 0.2093135 ]
 [0.2601313  0.3029988  0.22755642 0.2093135 ]
 [0.259718   0.30611315 0.22571214 0.20845671]]
Actions:
[[1. 0. 0. 0.]
 [0. 0. 0. 1.]
 [1. 0. 0. 0.]
 [0. 0. 0. 1.]
 [1. 0. 0. 0.]
 [1. 0. 0. 0.]
 [0. 1. 0. 0.]
 [1. 0. 0. 0.]
 [1. 0. 0. 0.]
 [0. 1. 0. 0.]
 [0. 0. 0. 1.]]
States:
[[0.8 1. ]
 [0.9 1. ]
 [0.9 0.9]
 [1.  0.9]
 [1.  0.8]
 [1.  0.8]
 [1.  0.8]
 [1.  0.9]
 [1.  0.9]
 [1.  0.9]
 [1.  1. ]]
Logstds:
[[0. 0. 0. 0.]
 [0. 0. 0. 0.]
 [0. 0. 0. 0.]
 [0. 0. 0. 0.]
 [0. 0. 0. 0.]
 [0. 0. 0. 0.]
 [0. 0. 0. 0.]
 [0. 0. 0. 0.]
 [0. 0. 0. 0.]
 [0. 0. 0. 0.]
 [0. 0. 0. 0.]]
