Baseline:
[-6.0377455 -6.2374735 -6.4122086 -6.613481  -6.4382567 -6.63941
 -6.85384   -7.0365276 -7.226885  -7.226885  -7.226885  -7.421213
 -7.226885  -7.226885  -7.226885  -7.0365276 -7.226885  -7.009399
 -7.226885  -7.009399  -7.2027264 -7.398282  -7.616313  -7.398282
 -7.596684  -7.596684 ]
Returns:
[-12.36152112 -12.32532601 -12.27569083 -12.15410199 -11.85810944
 -11.69804896 -11.48009465 -11.2529595  -10.98516365 -10.61778811
 -10.23107702  -9.88200477  -9.27090623  -8.81330661  -8.33162281
  -7.68136297  -7.22558836  -6.38298289  -5.82337999  -4.90697409
  -4.32181755  -3.67495941  -2.90532701  -1.76189792  -0.94833386]
Advants:
[-6.39680616 -6.35538854 -6.33515384 -6.22383256 -6.32888956 -6.2015668
 -6.00962513 -5.84805322 -5.64512919 -5.54336261 -5.43292682 -5.17253045
 -5.04998264 -4.8975172  -4.73206364 -4.60110639 -4.29195846 -4.01319569
 -3.58793512 -3.24919857 -2.83750413 -2.36707164 -1.75253103 -1.20342105
 -0.56850004]
Mus:
[[0.25277823 0.26619062 0.2601554  0.22087568]
 [0.25345308 0.26914    0.257082   0.22032495]
 [0.25463745 0.26869732 0.25607818 0.22058704]
 [0.25527823 0.27115825 0.2531449  0.22041859]
 [0.25413185 0.27175236 0.25380087 0.22031493]
 [0.2551397  0.27375317 0.25066695 0.22044027]
 [0.2562672  0.27548006 0.24728444 0.22096835]
 [0.25709718 0.2749477  0.24724294 0.2207122 ]
 [0.25748262 0.27501577 0.24782099 0.21968059]
 [0.25748262 0.27501577 0.24782099 0.21968059]
 [0.25748262 0.27501577 0.24782099 0.21968059]
 [0.2577019  0.27532676 0.24815924 0.21881211]
 [0.25748262 0.27501577 0.24782099 0.21968059]
 [0.25748262 0.27501577 0.24782099 0.21968059]
 [0.25748262 0.27501577 0.24782099 0.21968059]
 [0.25709718 0.2749477  0.24724294 0.2207122 ]
 [0.25748262 0.27501577 0.24782099 0.21968059]
 [0.25696608 0.27280056 0.2500919  0.2201414 ]
 [0.25748262 0.27501577 0.24782099 0.21968059]
 [0.25696608 0.27280056 0.2500919  0.2201414 ]
 [0.2574822  0.27274606 0.2502805  0.21949127]
 [0.25798878 0.27386254 0.2495488  0.21859986]
 [0.2583469  0.2762402  0.24751526 0.21789771]
 [0.25798878 0.27386254 0.2495488  0.21859986]
 [0.25866643 0.2754603  0.24826841 0.2176048 ]]
Actions:
[[0. 1. 0. 0.]
 [1. 0. 0. 0.]
 [0. 1. 0. 0.]
 [0. 0. 1. 0.]
 [0. 1. 0. 0.]
 [0. 1. 0. 0.]
 [1. 0. 0. 0.]
 [1. 0. 0. 0.]
 [0. 1. 0. 0.]
 [0. 1. 0. 0.]
 [1. 0. 0. 0.]
 [0. 0. 1. 0.]
 [0. 1. 0. 0.]
 [0. 1. 0. 0.]
 [0. 0. 1. 0.]
 [1. 0. 0. 0.]
 [0. 0. 0. 1.]
 [0. 1. 0. 0.]
 [0. 0. 0. 1.]
 [1. 0. 0. 0.]
 [1. 0. 0. 0.]
 [0. 1. 0. 0.]
 [0. 0. 0. 1.]
 [1. 0. 0. 0.]
 [0. 1. 0. 0.]]
States:
[[0.  0. ]
 [0.  0.1]
 [0.1 0.1]
 [0.1 0.2]
 [0.  0.2]
 [0.  0.3]
 [0.  0.4]
 [0.1 0.4]
 [0.2 0.4]
 [0.2 0.4]
 [0.2 0.4]
 [0.3 0.4]
 [0.2 0.4]
 [0.2 0.4]
 [0.2 0.4]
 [0.1 0.4]
 [0.2 0.4]
 [0.2 0.3]
 [0.2 0.4]
 [0.2 0.3]
 [0.3 0.3]
 [0.4 0.3]
 [0.4 0.4]
 [0.4 0.3]
 [0.5 0.3]]
Logstds:
[[0. 0. 0. 0.]
 [0. 0. 0. 0.]
 [0. 0. 0. 0.]
 [0. 0. 0. 0.]
 [0. 0. 0. 0.]
 [0. 0. 0. 0.]
 [0. 0. 0. 0.]
 [0. 0. 0. 0.]
 [0. 0. 0. 0.]
 [0. 0. 0. 0.]
 [0. 0. 0. 0.]
 [0. 0. 0. 0.]
 [0. 0. 0. 0.]
 [0. 0. 0. 0.]
 [0. 0. 0. 0.]
 [0. 0. 0. 0.]
 [0. 0. 0. 0.]
 [0. 0. 0. 0.]
 [0. 0. 0. 0.]
 [0. 0. 0. 0.]
 [0. 0. 0. 0.]
 [0. 0. 0. 0.]
 [0. 0. 0. 0.]
 [0. 0. 0. 0.]
 [0. 0. 0. 0.]]
