Baseline:
[-11.712433  -11.398499  -11.712433  -12.004084  -12.297595  -12.297595
 -11.982042  -11.6908245 -11.982042  -11.6908245 -11.982042  -11.982042
 -11.6908245 -11.982042  -11.665495  -11.374519  -11.6908245 -11.398499
 -11.106521  -11.422447  -11.134724  -11.422447  -11.106521  -10.81633
 -11.134724  -11.134724 ]
Returns:
[-16.78358035 -16.109571   -15.89570964 -15.7135262  -15.49038023
 -15.22542295 -14.41118287 -13.79734703 -13.51668392 -12.85576919
 -12.52554935 -12.14895762 -11.4160573  -11.01006314 -10.03081168
  -9.24779065  -8.69523659  -7.80995836  -6.90640565  -6.24022505
  -5.22281644  -4.53906087  -3.25102911  -2.13641503  -1.24997807]
Advants:
[-6.3219974  -6.21418195 -5.94381171 -5.73467839 -5.48929051 -5.51051678
 -5.306969   -5.29465526 -5.04182559 -5.00692502 -4.72958442 -4.71475544
 -4.65199268 -4.34441639 -4.08404404 -4.01338603 -3.57493875 -3.43072613
 -3.28720316 -2.782644   -2.5486211  -2.08498242 -1.63391424 -1.34941579
 -0.69324207]
Mus:
[[0.26083913 0.28319848 0.24141394 0.21454845]
 [0.2609231  0.27987248 0.24427333 0.21493107]
 [0.26083913 0.28319848 0.24141394 0.21454845]
 [0.26168966 0.28449368 0.24018049 0.21363623]
 [0.26213208 0.28531942 0.23953825 0.21301027]
 [0.26213208 0.28531942 0.23953825 0.21301027]
 [0.2616318  0.28082067 0.24340923 0.21413825]
 [0.26145628 0.28072163 0.24355027 0.2142718 ]
 [0.2616318  0.28082067 0.24340923 0.21413825]
 [0.26145628 0.28072163 0.24355027 0.2142718 ]
 [0.2616318  0.28082067 0.24340923 0.21413825]
 [0.2616318  0.28082067 0.24340923 0.21413825]
 [0.26145628 0.28072163 0.24355027 0.2142718 ]
 [0.2616318  0.28082067 0.24340923 0.21413825]
 [0.26108986 0.27594823 0.24766493 0.21529701]
 [0.261404   0.2761095  0.24711935 0.2153671 ]
 [0.26145628 0.28072163 0.24355027 0.2142718 ]
 [0.2609231  0.27987248 0.24427333 0.21493107]
 [0.26020825 0.27856544 0.24543029 0.21579607]
 [0.260012   0.28206024 0.24247386 0.21545391]
 [0.25948626 0.28070253 0.24371035 0.21610075]
 [0.260012   0.28206024 0.24247386 0.21545391]
 [0.26020825 0.27856544 0.24543029 0.21579607]
 [0.25950196 0.2771861  0.24672976 0.21658213]
 [0.25948626 0.28070253 0.24371035 0.21610075]]
Actions:
[[0. 0. 0. 1.]
 [0. 1. 0. 0.]
 [1. 0. 0. 0.]
 [1. 0. 0. 0.]
 [1. 0. 0. 0.]
 [0. 0. 0. 1.]
 [0. 0. 1. 0.]
 [1. 0. 0. 0.]
 [0. 0. 1. 0.]
 [1. 0. 0. 0.]
 [1. 0. 0. 0.]
 [0. 0. 1. 0.]
 [1. 0. 0. 0.]
 [0. 0. 0. 1.]
 [0. 0. 1. 0.]
 [0. 1. 0. 0.]
 [0. 0. 1. 0.]
 [0. 0. 1. 0.]
 [0. 1. 0. 0.]
 [0. 0. 1. 0.]
 [1. 0. 0. 0.]
 [0. 0. 0. 1.]
 [0. 0. 1. 0.]
 [0. 1. 0. 0.]
 [0. 0. 1. 0.]]
States:
[[0.8 0.4]
 [0.8 0.3]
 [0.8 0.4]
 [0.9 0.4]
 [1.  0.4]
 [1.  0.4]
 [1.  0.3]
 [0.9 0.3]
 [1.  0.3]
 [0.9 0.3]
 [1.  0.3]
 [1.  0.3]
 [0.9 0.3]
 [1.  0.3]
 [1.  0.2]
 [0.9 0.2]
 [0.9 0.3]
 [0.8 0.3]
 [0.7 0.3]
 [0.7 0.4]
 [0.6 0.4]
 [0.7 0.4]
 [0.7 0.3]
 [0.6 0.3]
 [0.6 0.4]]
Logstds:
[[0. 0. 0. 0.]
 [0. 0. 0. 0.]
 [0. 0. 0. 0.]
 [0. 0. 0. 0.]
 [0. 0. 0. 0.]
 [0. 0. 0. 0.]
 [0. 0. 0. 0.]
 [0. 0. 0. 0.]
 [0. 0. 0. 0.]
 [0. 0. 0. 0.]
 [0. 0. 0. 0.]
 [0. 0. 0. 0.]
 [0. 0. 0. 0.]
 [0. 0. 0. 0.]
 [0. 0. 0. 0.]
 [0. 0. 0. 0.]
 [0. 0. 0. 0.]
 [0. 0. 0. 0.]
 [0. 0. 0. 0.]
 [0. 0. 0. 0.]
 [0. 0. 0. 0.]
 [0. 0. 0. 0.]
 [0. 0. 0. 0.]
 [0. 0. 0. 0.]
 [0. 0. 0. 0.]]
