Baseline:
[0.09456655 0.09647559 0.09474399 0.09647559 0.09474399 0.09474399
 0.10105438 0.09474399 0.09310429 0.09474399 0.09647559 0.10271537
 0.10562779 0.10957888 0.10562779 0.10877243 0.11331819 0.10877243
 0.10719615 0.10626587 0.10287051 0.10709561 0.10287051 0.10287051
 0.10287051 0.10287051]
Returns:
[-6.78166344 -6.71575116 -6.56020596 -6.43803587 -6.26787408 -6.0606813
 -5.90257213 -5.70462663 -5.52624585 -5.36637082 -5.1813673  -5.00498134
 -4.80817424 -4.63386635 -4.40208709 -4.18572476 -3.95220144 -3.65880108
 -3.3203595  -2.9350645  -2.50056587 -2.07241195 -1.58425732 -1.09781185
 -0.58576399]
Advants:
[-5.20112573 -5.20511246 -5.1167533  -5.06737842 -4.96728608 -4.83160286
 -4.75271052 -4.62125461 -4.51466803 -4.43122842 -4.32345559 -4.22997782
 -4.11328598 -4.02143996 -3.86361786 -3.72835082 -3.57688257 -3.35383373
 -3.08457742 -2.76319654 -2.38212781 -2.00675377 -1.55183687 -1.09100086
 -0.59090751]
Mus:
[[0.24178542 0.2653497  0.2881169  0.20474795]
 [0.24530363 0.26698428 0.2842916  0.20342048]
 [0.24587768 0.2701126  0.28248024 0.20152938]
 [0.24530363 0.26698428 0.2842916  0.20342048]
 [0.24587768 0.2701126  0.28248024 0.20152938]
 [0.24587768 0.2701126  0.28248024 0.20152938]
 [0.24885069 0.2715303  0.2792185  0.20040055]
 [0.24587768 0.2701126  0.28248024 0.20152938]
 [0.24300815 0.26813772 0.28632778 0.20252633]
 [0.24587768 0.2701126  0.28248024 0.20152938]
 [0.24530363 0.26698428 0.2842916  0.20342048]
 [0.24827895 0.26860222 0.2809211  0.20219773]
 [0.24881975 0.26536024 0.2818042  0.20401584]
 [0.24854293 0.26212177 0.28331977 0.20601548]
 [0.24881975 0.26536024 0.2818042  0.20401584]
 [0.25309172 0.26599646 0.27871954 0.20219229]
 [0.25334868 0.26303935 0.2801229  0.20348899]
 [0.25309172 0.26599646 0.27871954 0.20219229]
 [0.2526539  0.2689793  0.27774104 0.20062578]
 [0.2523132  0.27232686 0.27621904 0.19914082]
 [0.25213057 0.2755329  0.27473772 0.19759884]
 [0.25602612 0.27602908 0.2717875  0.19615735]
 [0.25213057 0.2755329  0.27473772 0.19759884]
 [0.25213057 0.2755329  0.27473772 0.19759884]
 [0.25213057 0.2755329  0.27473772 0.19759884]]
Actions:
[[1. 0. 0. 0.]
 [0. 1. 0. 0.]
 [0. 0. 0. 1.]
 [0. 1. 0. 0.]
 [0. 1. 0. 0.]
 [1. 0. 0. 0.]
 [0. 0. 1. 0.]
 [0. 0. 1. 0.]
 [1. 0. 0. 0.]
 [0. 0. 0. 1.]
 [1. 0. 0. 0.]
 [0. 0. 0. 1.]
 [0. 0. 0. 1.]
 [0. 1. 0. 0.]
 [1. 0. 0. 0.]
 [0. 0. 0. 1.]
 [0. 1. 0. 0.]
 [0. 1. 0. 0.]
 [0. 1. 0. 0.]
 [0. 1. 0. 0.]
 [1. 0. 0. 0.]
 [0. 0. 1. 0.]
 [0. 0. 1. 0.]
 [0. 0. 1. 0.]
 [0. 1. 0. 0.]]
States:
[[0.  0.3]
 [0.1 0.3]
 [0.1 0.4]
 [0.1 0.3]
 [0.1 0.4]
 [0.1 0.4]
 [0.2 0.4]
 [0.1 0.4]
 [0.  0.4]
 [0.1 0.4]
 [0.1 0.3]
 [0.2 0.3]
 [0.2 0.2]
 [0.2 0.1]
 [0.2 0.2]
 [0.3 0.2]
 [0.3 0.1]
 [0.3 0.2]
 [0.3 0.3]
 [0.3 0.4]
 [0.3 0.5]
 [0.4 0.5]
 [0.3 0.5]
 [0.3 0.5]
 [0.3 0.5]]
Logstds:
[[0. 0. 0. 0.]
 [0. 0. 0. 0.]
 [0. 0. 0. 0.]
 [0. 0. 0. 0.]
 [0. 0. 0. 0.]
 [0. 0. 0. 0.]
 [0. 0. 0. 0.]
 [0. 0. 0. 0.]
 [0. 0. 0. 0.]
 [0. 0. 0. 0.]
 [0. 0. 0. 0.]
 [0. 0. 0. 0.]
 [0. 0. 0. 0.]
 [0. 0. 0. 0.]
 [0. 0. 0. 0.]
 [0. 0. 0. 0.]
 [0. 0. 0. 0.]
 [0. 0. 0. 0.]
 [0. 0. 0. 0.]
 [0. 0. 0. 0.]
 [0. 0. 0. 0.]
 [0. 0. 0. 0.]
 [0. 0. 0. 0.]
 [0. 0. 0. 0.]
 [0. 0. 0. 0.]]
