Baseline:
[-1.714763  -1.7556803 -1.7969979 -1.7345815 -1.7345815 -1.7345815
 -1.691198  -1.6285263 -1.5719085 -1.6183778 -1.6739897 -1.6739897
 -1.7345815 -1.7345815 -1.6739897 -1.7345815 -1.7969979 -1.8398677
 -1.8398677 -1.8398677 -1.8398677 -1.885656  -1.9458722 -1.885656
 -1.9307702 -1.9307702]
Returns:
[-11.63236424 -11.47481564 -11.27676252 -10.90192773 -10.67600968
 -10.4382012  -10.11778306  -9.76341698  -9.43530519  -9.23880924
  -8.98516637  -8.69401625  -8.37442765  -8.01548327  -7.51378255
  -7.13207639  -6.68968221  -6.20679977  -5.52797596  -4.81342458
  -4.06126524  -3.40603378  -2.65375792  -1.70490427  -0.89083171]
Advants:
[-7.92938653 -7.86214207 -7.75776798 -7.58218371 -7.49776922 -7.40616371
 -7.27921858 -7.14137773 -7.02844716 -6.95003846 -6.80979363 -6.69304629
 -6.49036751 -6.31294427 -6.05517717 -5.79816011 -5.47880129 -5.13803853
 -4.6389684  -4.09738388 -3.50966329 -2.96540948 -2.29790888 -1.53913097
 -0.79429317]
Mus:
[[0.25696608 0.27280056 0.2500919  0.2201414 ]
 [0.2574822  0.27274606 0.2502805  0.21949127]
 [0.25798878 0.27386254 0.2495488  0.21859986]
 [0.25845334 0.27101848 0.25122532 0.21930292]
 [0.25845334 0.27101848 0.25122532 0.21930292]
 [0.25845334 0.27101848 0.25122532 0.21930292]
 [0.2570938  0.27074558 0.25239378 0.2197668 ]
 [0.2568896  0.2685498  0.25433213 0.22022846]
 [0.25660288 0.26619866 0.25651392 0.22068462]
 [0.25815555 0.26586536 0.25557297 0.22040607]
 [0.25818747 0.26841703 0.25346765 0.21992788]
 [0.25818747 0.26841703 0.25346765 0.21992788]
 [0.25845334 0.27101848 0.25122532 0.21930292]
 [0.25845334 0.27101848 0.25122532 0.21930292]
 [0.25818747 0.26841703 0.25346765 0.21992788]
 [0.25845334 0.27101848 0.25122532 0.21930292]
 [0.25798878 0.27386254 0.2495488  0.21859986]
 [0.25866643 0.2754603  0.24826841 0.2176048 ]
 [0.25866643 0.2754603  0.24826841 0.2176048 ]
 [0.25866643 0.2754603  0.24826841 0.2176048 ]
 [0.25866643 0.2754603  0.24826841 0.2176048 ]
 [0.25950196 0.2771861  0.24672976 0.21658213]
 [0.25948626 0.28070253 0.24371035 0.21610075]
 [0.25950196 0.2771861  0.24672976 0.21658213]
 [0.26020825 0.27856544 0.24543029 0.21579607]]
Actions:
[[1. 0. 0. 0.]
 [1. 0. 0. 0.]
 [0. 0. 0. 1.]
 [1. 0. 0. 0.]
 [1. 0. 0. 0.]
 [0. 0. 1. 0.]
 [0. 0. 0. 1.]
 [0. 0. 0. 1.]
 [1. 0. 0. 0.]
 [0. 1. 0. 0.]
 [1. 0. 0. 0.]
 [0. 1. 0. 0.]
 [1. 0. 0. 0.]
 [0. 0. 0. 1.]
 [0. 1. 0. 0.]
 [0. 1. 0. 0.]
 [1. 0. 0. 0.]
 [0. 0. 0. 1.]
 [0. 0. 0. 1.]
 [0. 0. 0. 1.]
 [1. 0. 0. 0.]
 [0. 1. 0. 0.]
 [0. 0. 0. 1.]
 [1. 0. 0. 0.]
 [1. 0. 0. 0.]]
States:
[[0.2 0.3]
 [0.3 0.3]
 [0.4 0.3]
 [0.4 0.2]
 [0.4 0.2]
 [0.4 0.2]
 [0.3 0.2]
 [0.3 0.1]
 [0.3 0. ]
 [0.4 0. ]
 [0.4 0.1]
 [0.4 0.1]
 [0.4 0.2]
 [0.4 0.2]
 [0.4 0.1]
 [0.4 0.2]
 [0.4 0.3]
 [0.5 0.3]
 [0.5 0.3]
 [0.5 0.3]
 [0.5 0.3]
 [0.6 0.3]
 [0.6 0.4]
 [0.6 0.3]
 [0.7 0.3]]
Logstds:
[[0. 0. 0. 0.]
 [0. 0. 0. 0.]
 [0. 0. 0. 0.]
 [0. 0. 0. 0.]
 [0. 0. 0. 0.]
 [0. 0. 0. 0.]
 [0. 0. 0. 0.]
 [0. 0. 0. 0.]
 [0. 0. 0. 0.]
 [0. 0. 0. 0.]
 [0. 0. 0. 0.]
 [0. 0. 0. 0.]
 [0. 0. 0. 0.]
 [0. 0. 0. 0.]
 [0. 0. 0. 0.]
 [0. 0. 0. 0.]
 [0. 0. 0. 0.]
 [0. 0. 0. 0.]
 [0. 0. 0. 0.]
 [0. 0. 0. 0.]
 [0. 0. 0. 0.]
 [0. 0. 0. 0.]
 [0. 0. 0. 0.]
 [0. 0. 0. 0.]
 [0. 0. 0. 0.]]
