Baseline:
[-4.0911927 -3.9804513 -3.8722222 -3.72898   -3.8402824 -3.7024589
 -3.589662  -3.72898   -3.8402824 -3.952664  -3.8402824 -3.952664
 -4.0911927 -4.203524  -4.0911927 -4.232569  -4.1243296 -3.9804513
 -3.8402824 -3.952664  -4.0911927 -4.203524  -4.0911927 -3.9804513
 -3.8722222 -3.8722222]
Returns:
[-17.55942643 -17.1259968  -16.71573272 -16.28903805 -16.0027406
 -15.55208129 -15.16368031 -14.78228795 -14.41668786 -13.99094646
 -13.4209105  -12.94275977 -12.31951364 -11.69748653 -10.9081335
 -10.13077459  -9.25342544  -8.34215098  -7.43517442  -6.64198494
  -5.68711908  -4.71601858  -3.55921986  -2.38893725  -1.20303845]
Advants:
[-11.07341913 -10.95328643 -10.86172126 -10.7979011  -10.6263468
 -10.54913725 -10.52070804 -10.25212407 -10.03407656  -9.76021639
  -9.57518215  -9.26223006  -8.77812204  -8.32237175  -7.92675338
  -7.28497875  -6.79263652  -6.30185053  -5.81150134  -5.17793184
  -4.34589392  -3.51257455  -2.70722303  -1.87439756  -1.00942731]
Mus:
[[0.26512167 0.27805102 0.26441002 0.19241728]
 [0.26045677 0.2785319  0.2674665  0.19354479]
 [0.25606734 0.27875936 0.27041394 0.19475937]
 [0.25602612 0.27602908 0.2717875  0.19615735]
 [0.26058388 0.27552563 0.26891318 0.19497737]
 [0.26123327 0.27195993 0.27048087 0.19632599]
 [0.25677955 0.27203348 0.2734272  0.19775978]
 [0.25602612 0.27602908 0.2717875  0.19615735]
 [0.26058388 0.27552563 0.26891318 0.19497737]
 [0.26509738 0.27520102 0.26584896 0.19385265]
 [0.26058388 0.27552563 0.26891318 0.19497737]
 [0.26509738 0.27520102 0.26584896 0.19385265]
 [0.26512167 0.27805102 0.26441002 0.19241728]
 [0.26911014 0.2769358  0.26196045 0.19199364]
 [0.26512167 0.27805102 0.26441002 0.19241728]
 [0.26514602 0.28084964 0.26286966 0.19113463]
 [0.26061618 0.28126755 0.26584566 0.19227064]
 [0.26045677 0.2785319  0.2674665  0.19354479]
 [0.26058388 0.27552563 0.26891318 0.19497737]
 [0.26509738 0.27520102 0.26584896 0.19385265]
 [0.26512167 0.27805102 0.26441002 0.19241728]
 [0.26911014 0.2769358  0.26196045 0.19199364]
 [0.26512167 0.27805102 0.26441002 0.19241728]
 [0.26045677 0.2785319  0.2674665  0.19354479]
 [0.25606734 0.27875936 0.27041394 0.19475937]]
Actions:
[[0. 0. 1. 0.]
 [0. 0. 1. 0.]
 [0. 0. 0. 1.]
 [1. 0. 0. 0.]
 [0. 0. 0. 1.]
 [0. 0. 1. 0.]
 [0. 1. 0. 0.]
 [1. 0. 0. 0.]
 [1. 0. 0. 0.]
 [0. 0. 1. 0.]
 [1. 0. 0. 0.]
 [0. 1. 0. 0.]
 [1. 0. 0. 0.]
 [0. 0. 1. 0.]
 [0. 1. 0. 0.]
 [0. 0. 1. 0.]
 [0. 0. 0. 1.]
 [0. 0. 0. 1.]
 [1. 0. 0. 0.]
 [0. 1. 0. 0.]
 [1. 0. 0. 0.]
 [0. 0. 1. 0.]
 [0. 0. 1. 0.]
 [0. 0. 1. 0.]
 [0. 0. 1. 0.]]
States:
[[0.6 0.6]
 [0.5 0.6]
 [0.4 0.6]
 [0.4 0.5]
 [0.5 0.5]
 [0.5 0.4]
 [0.4 0.4]
 [0.4 0.5]
 [0.5 0.5]
 [0.6 0.5]
 [0.5 0.5]
 [0.6 0.5]
 [0.6 0.6]
 [0.7 0.6]
 [0.6 0.6]
 [0.6 0.7]
 [0.5 0.7]
 [0.5 0.6]
 [0.5 0.5]
 [0.6 0.5]
 [0.6 0.6]
 [0.7 0.6]
 [0.6 0.6]
 [0.5 0.6]
 [0.4 0.6]]
Logstds:
[[0. 0. 0. 0.]
 [0. 0. 0. 0.]
 [0. 0. 0. 0.]
 [0. 0. 0. 0.]
 [0. 0. 0. 0.]
 [0. 0. 0. 0.]
 [0. 0. 0. 0.]
 [0. 0. 0. 0.]
 [0. 0. 0. 0.]
 [0. 0. 0. 0.]
 [0. 0. 0. 0.]
 [0. 0. 0. 0.]
 [0. 0. 0. 0.]
 [0. 0. 0. 0.]
 [0. 0. 0. 0.]
 [0. 0. 0. 0.]
 [0. 0. 0. 0.]
 [0. 0. 0. 0.]
 [0. 0. 0. 0.]
 [0. 0. 0. 0.]
 [0. 0. 0. 0.]
 [0. 0. 0. 0.]
 [0. 0. 0. 0.]
 [0. 0. 0. 0.]
 [0. 0. 0. 0.]]
