Baseline:
[ -9.078191  -8.831571  -9.105657  -8.831571  -8.592601  -8.860496
  -8.860496  -8.592601  -8.831571  -9.078191  -8.801076  -8.561226
  -8.801076  -9.078191  -9.358151  -9.105657  -9.105657  -9.358151
  -9.613296  -9.898606 -10.188751  -9.898606  -9.898606 -10.188751
  -9.933135  -9.933135]
Returns:
[-13.97475962 -13.63687608 -13.48545059 -12.93426108 -12.58284569
 -12.40368303 -12.00307403 -11.40891237 -11.23239982 -11.02165636
 -10.36793881  -9.90153626  -9.66474656  -9.32837458  -8.92331947
  -8.25831101  -7.77287575  -7.3333445   -6.84658701  -6.22895994
  -5.52364904  -4.36765188  -3.36086442  -2.50460113  -1.34289968]
Advants:
[-5.73124732 -5.85970554 -5.65947347 -5.61826984 -5.75834235 -5.57148706
 -5.44085594 -5.39747577 -5.27612843 -5.12381076 -5.06659272 -5.17962568
 -5.05675812 -4.80820671 -4.49802811 -4.47952502 -4.40665159 -4.14092953
 -3.83870142 -3.38496549 -2.84619114 -2.44914402 -1.91996077 -1.25638678
 -0.8462429 ]
Mus:
[[0.25696608 0.27280056 0.2500919  0.2201414 ]
 [0.2560523  0.27317333 0.25027758 0.22049676]
 [0.25709718 0.2749477  0.24724294 0.2207122 ]
 [0.2560523  0.27317333 0.25027758 0.22049676]
 [0.2551397  0.27375317 0.25066695 0.22044027]
 [0.2562672  0.27548006 0.24728444 0.22096835]
 [0.2562672  0.27548006 0.24728444 0.22096835]
 [0.2551397  0.27375317 0.25066695 0.22044027]
 [0.2560523  0.27317333 0.25027758 0.22049676]
 [0.25696608 0.27280056 0.2500919  0.2201414 ]
 [0.25605038 0.27073014 0.2528868  0.22033265]
 [0.25527823 0.27115825 0.2531449  0.22041859]
 [0.25605038 0.27073014 0.2528868  0.22033265]
 [0.25696608 0.27280056 0.2500919  0.2201414 ]
 [0.25748262 0.27501577 0.24782099 0.21968059]
 [0.25709718 0.2749477  0.24724294 0.2207122 ]
 [0.25709718 0.2749477  0.24724294 0.2207122 ]
 [0.25748262 0.27501577 0.24782099 0.21968059]
 [0.2577019  0.27532676 0.24815924 0.21881211]
 [0.25790602 0.27819282 0.24526347 0.21863773]
 [0.2578627  0.28150547 0.24215011 0.21848173]
 [0.25790602 0.27819282 0.24526347 0.21863773]
 [0.25790602 0.27819282 0.24526347 0.21863773]
 [0.2578627  0.28150547 0.24215011 0.21848173]
 [0.25720176 0.2809932  0.24223013 0.21957496]]
Actions:
[[0. 0. 1. 0.]
 [0. 1. 0. 0.]
 [0. 0. 0. 1.]
 [0. 0. 1. 0.]
 [0. 1. 0. 0.]
 [0. 0. 1. 0.]
 [0. 0. 0. 1.]
 [1. 0. 0. 0.]
 [1. 0. 0. 0.]
 [0. 0. 0. 1.]
 [0. 0. 1. 0.]
 [1. 0. 0. 0.]
 [0. 1. 0. 0.]
 [0. 1. 0. 0.]
 [0. 0. 1. 0.]
 [0. 1. 0. 0.]
 [1. 0. 0. 0.]
 [1. 0. 0. 0.]
 [0. 1. 0. 0.]
 [0. 1. 0. 0.]
 [0. 0. 0. 1.]
 [0. 0. 1. 0.]
 [0. 1. 0. 0.]
 [0. 0. 1. 0.]
 [0. 0. 0. 1.]]
States:
[[0.2 0.3]
 [0.1 0.3]
 [0.1 0.4]
 [0.1 0.3]
 [0.  0.3]
 [0.  0.4]
 [0.  0.4]
 [0.  0.3]
 [0.1 0.3]
 [0.2 0.3]
 [0.2 0.2]
 [0.1 0.2]
 [0.2 0.2]
 [0.2 0.3]
 [0.2 0.4]
 [0.1 0.4]
 [0.1 0.4]
 [0.2 0.4]
 [0.3 0.4]
 [0.3 0.5]
 [0.3 0.6]
 [0.3 0.5]
 [0.3 0.5]
 [0.3 0.6]
 [0.2 0.6]]
Logstds:
[[0. 0. 0. 0.]
 [0. 0. 0. 0.]
 [0. 0. 0. 0.]
 [0. 0. 0. 0.]
 [0. 0. 0. 0.]
 [0. 0. 0. 0.]
 [0. 0. 0. 0.]
 [0. 0. 0. 0.]
 [0. 0. 0. 0.]
 [0. 0. 0. 0.]
 [0. 0. 0. 0.]
 [0. 0. 0. 0.]
 [0. 0. 0. 0.]
 [0. 0. 0. 0.]
 [0. 0. 0. 0.]
 [0. 0. 0. 0.]
 [0. 0. 0. 0.]
 [0. 0. 0. 0.]
 [0. 0. 0. 0.]
 [0. 0. 0. 0.]
 [0. 0. 0. 0.]
 [0. 0. 0. 0.]
 [0. 0. 0. 0.]
 [0. 0. 0. 0.]
 [0. 0. 0. 0.]]
