Baseline:
[1.07149971 1.02929032 1.07149971 1.11797392 1.16694272 0.        ]
Returns:
[-1.41259436 -1.19398385 -0.94358344 -0.66170185 -0.34754407]
Advants:
[-2.2909639  -2.08245284 -1.9245878  -1.7365129  -1.51448679]
Mus:
[[0.2606076  0.29963258 0.2295155  0.21024439]
 [0.26140937 0.2962299  0.23143066 0.21093006]
 [0.2606076  0.29963258 0.2295155  0.21024439]
 [0.2601313  0.3029988  0.22755642 0.2093135 ]
 [0.259718   0.30611315 0.22571214 0.20845671]]
Actions:
[[0. 0. 0. 1.]
 [0. 1. 0. 0.]
 [0. 1. 0. 0.]
 [0. 1. 0. 0.]
 [0. 1. 0. 0.]]
States:
[[1.  0.8]
 [1.  0.7]
 [1.  0.8]
 [1.  0.9]
 [1.  1. ]]
Logstds:
[[0. 0. 0. 0.]
 [0. 0. 0. 0.]
 [0. 0. 0. 0.]
 [0. 0. 0. 0.]
 [0. 0. 0. 0.]]
