Baseline:
[-10.066007   -9.784199   -9.521538   -9.784199  -10.066007   -9.803048
  -9.521538   -9.264302   -9.540875   -9.803048   -9.540875   -9.803048
 -10.087249  -10.351056  -10.61482   -10.351056  -10.635418  -10.899745
 -11.163661  -11.447506  -11.447506  -11.447506  -11.1824465 -10.899745
 -10.61482   -10.61482  ]
Returns:
[-14.94291743 -14.39749927 -14.03970261 -13.92718731 -13.73388621
 -13.28357518 -12.68709923 -12.27429166 -12.06007031 -11.83136981
 -11.31253211 -11.04448749 -10.67993134 -10.30617846  -9.88084474
  -9.13801623  -8.58643463  -8.02723819  -7.4066755   -6.63743638
  -5.7732055   -4.86348878  -3.7084302   -2.36960715  -1.01517081]
Advants:
[-5.86811399 -5.83162116 -5.98000781 -5.85749525 -5.64188027 -5.73033272
 -5.70492567 -5.85876662 -5.68856542 -5.53041395 -5.62687648 -5.4634699
 -5.19270585 -4.94562122 -4.65894971 -4.601777   -4.19781035 -3.81759418
 -3.38683088 -2.79354294 -2.40154865 -1.97616146 -1.58422482 -1.03593157
 -0.48443031]
Mus:
[[0.26190236 0.27079847 0.2499197  0.21737947]
 [0.2615571  0.2665519  0.25272617 0.21916476]
 [0.26121724 0.2664132  0.25312385 0.2192457 ]
 [0.2615571  0.2665519  0.25272617 0.21916476]
 [0.26190236 0.27079847 0.2499197  0.21737947]
 [0.26163644 0.27011475 0.25023127 0.21801755]
 [0.26121724 0.2664132  0.25312385 0.2192457 ]
 [0.26095232 0.2659188  0.25372934 0.2193995 ]
 [0.26117095 0.26926658 0.25090307 0.21865943]
 [0.26163644 0.27011475 0.25023127 0.21801755]
 [0.26117095 0.26926658 0.25090307 0.21865943]
 [0.26163644 0.27011475 0.25023127 0.21801755]
 [0.26097056 0.27460286 0.24770978 0.21671683]
 [0.26139328 0.27560148 0.24711154 0.21589369]
 [0.261404   0.2761095  0.24711935 0.2153671 ]
 [0.26139328 0.27560148 0.24711154 0.21589369]
 [0.2609231  0.27987248 0.24427333 0.21493107]
 [0.26145628 0.28072163 0.24355027 0.2142718 ]
 [0.2616318  0.28082067 0.24340923 0.21413825]
 [0.26213208 0.28531942 0.23953825 0.21301027]
 [0.26213208 0.28531942 0.23953825 0.21301027]
 [0.26213208 0.28531942 0.23953825 0.21301027]
 [0.26168966 0.28449368 0.24018049 0.21363623]
 [0.26145628 0.28072163 0.24355027 0.2142718 ]
 [0.261404   0.2761095  0.24711935 0.2153671 ]]
Actions:
[[0. 0. 0. 1.]
 [0. 0. 1. 0.]
 [1. 0. 0. 0.]
 [0. 1. 0. 0.]
 [0. 0. 1. 0.]
 [0. 0. 0. 1.]
 [0. 0. 1. 0.]
 [0. 1. 0. 0.]
 [1. 0. 0. 0.]
 [0. 0. 1. 0.]
 [1. 0. 0. 0.]
 [0. 1. 0. 0.]
 [1. 0. 0. 0.]
 [1. 0. 0. 0.]
 [0. 0. 1. 0.]
 [0. 1. 0. 0.]
 [1. 0. 0. 0.]
 [1. 0. 0. 0.]
 [0. 1. 0. 0.]
 [0. 1. 0. 0.]
 [0. 1. 0. 0.]
 [0. 0. 1. 0.]
 [0. 0. 0. 1.]
 [0. 0. 0. 1.]
 [0. 1. 0. 0.]]
States:
[[0.8 0.1]
 [0.8 0. ]
 [0.7 0. ]
 [0.8 0. ]
 [0.8 0.1]
 [0.7 0.1]
 [0.7 0. ]
 [0.6 0. ]
 [0.6 0.1]
 [0.7 0.1]
 [0.6 0.1]
 [0.7 0.1]
 [0.7 0.2]
 [0.8 0.2]
 [0.9 0.2]
 [0.8 0.2]
 [0.8 0.3]
 [0.9 0.3]
 [1.  0.3]
 [1.  0.4]
 [1.  0.4]
 [1.  0.4]
 [0.9 0.4]
 [0.9 0.3]
 [0.9 0.2]]
Logstds:
[[0. 0. 0. 0.]
 [0. 0. 0. 0.]
 [0. 0. 0. 0.]
 [0. 0. 0. 0.]
 [0. 0. 0. 0.]
 [0. 0. 0. 0.]
 [0. 0. 0. 0.]
 [0. 0. 0. 0.]
 [0. 0. 0. 0.]
 [0. 0. 0. 0.]
 [0. 0. 0. 0.]
 [0. 0. 0. 0.]
 [0. 0. 0. 0.]
 [0. 0. 0. 0.]
 [0. 0. 0. 0.]
 [0. 0. 0. 0.]
 [0. 0. 0. 0.]
 [0. 0. 0. 0.]
 [0. 0. 0. 0.]
 [0. 0. 0. 0.]
 [0. 0. 0. 0.]
 [0. 0. 0. 0.]
 [0. 0. 0. 0.]
 [0. 0. 0. 0.]
 [0. 0. 0. 0.]]
