Baseline:
[ -7.6107545  -7.3667893  -7.6357512  -7.9067454  -7.6357512  -7.9067454
  -7.6357512  -7.880239   -8.156413   -7.9067454  -8.156413   -8.4063425
  -8.4063425  -8.68966    -8.947287   -9.209798   -9.474555   -9.209798
  -9.495035   -9.7567215 -10.043246  -10.330863  -10.591681  -10.330863
 -10.070764  -10.070764 ]
Returns:
[-16.05643279 -15.95368957 -15.75909495 -15.49856888 -15.16342651
 -14.87154948 -14.50340609 -14.29043793 -13.91361863 -13.57541618
 -13.26211004 -12.88881771 -12.45574115 -11.88928464 -11.35345914
 -10.74850875 -10.0694391   -9.26005331  -8.39375486  -7.53933671
  -6.48711784  -5.32573947  -4.16598027  -2.81500207  -1.44098544]
Advants:
[-8.34638281 -8.74472021 -8.54584527 -8.28511548 -8.51284235 -8.24930113
 -8.47397708 -8.35161265 -8.04206083 -8.32348623 -8.14457674 -7.91886206
 -7.90376059 -7.48128644 -7.12699539 -6.70927663 -6.2243145  -6.1607959
 -5.49573968 -4.87303744 -4.02832353 -3.07062884 -2.13926972 -1.54628628
 -0.93744755]
Mus:
[[0.2528523  0.26022097 0.28171742 0.20520934]
 [0.24808921 0.25947255 0.28498164 0.20745656]
 [0.24854293 0.26212177 0.28331977 0.20601548]
 [0.24881975 0.26536024 0.2818042  0.20401584]
 [0.24854293 0.26212177 0.28331977 0.20601548]
 [0.24881975 0.26536024 0.2818042  0.20401584]
 [0.24854293 0.26212177 0.28331977 0.20601548]
 [0.25334868 0.26303935 0.2801229  0.20348899]
 [0.25309172 0.26599646 0.27871954 0.20219229]
 [0.24881975 0.26536024 0.2818042  0.20401584]
 [0.25309172 0.26599646 0.27871954 0.20219229]
 [0.25700617 0.2663656  0.27639094 0.20023732]
 [0.25700617 0.2663656  0.27639094 0.20023732]
 [0.25725248 0.26884857 0.2747546  0.19914436]
 [0.26133934 0.26890627 0.27210242 0.19765206]
 [0.2649989  0.26888382 0.26909265 0.19702458]
 [0.26807493 0.2686845  0.2666398  0.19660072]
 [0.2649989  0.26888382 0.26909265 0.19702458]
 [0.26506147 0.27183095 0.26759323 0.19551438]
 [0.2684251  0.2713609  0.26501128 0.19520278]
 [0.26875302 0.27425835 0.26316124 0.19382745]
 [0.26911014 0.2769358  0.26196045 0.19199364]
 [0.2718355  0.27606794 0.2596092  0.1924874 ]
 [0.26911014 0.2769358  0.26196045 0.19199364]
 [0.26512167 0.27805102 0.26441002 0.19241728]]
Actions:
[[0. 0. 1. 0.]
 [0. 1. 0. 0.]
 [0. 1. 0. 0.]
 [0. 0. 0. 1.]
 [0. 1. 0. 0.]
 [0. 0. 0. 1.]
 [1. 0. 0. 0.]
 [0. 1. 0. 0.]
 [0. 0. 1. 0.]
 [1. 0. 0. 0.]
 [1. 0. 0. 0.]
 [1. 0. 0. 0.]
 [0. 1. 0. 0.]
 [1. 0. 0. 0.]
 [1. 0. 0. 0.]
 [1. 0. 0. 0.]
 [0. 0. 1. 0.]
 [0. 1. 0. 0.]
 [1. 0. 0. 0.]
 [0. 1. 0. 0.]
 [0. 1. 0. 0.]
 [1. 0. 0. 0.]
 [0. 0. 1. 0.]
 [0. 0. 1. 0.]
 [0. 1. 0. 0.]]
States:
[[0.3 0. ]
 [0.2 0. ]
 [0.2 0.1]
 [0.2 0.2]
 [0.2 0.1]
 [0.2 0.2]
 [0.2 0.1]
 [0.3 0.1]
 [0.3 0.2]
 [0.2 0.2]
 [0.3 0.2]
 [0.4 0.2]
 [0.4 0.2]
 [0.4 0.3]
 [0.5 0.3]
 [0.6 0.3]
 [0.7 0.3]
 [0.6 0.3]
 [0.6 0.4]
 [0.7 0.4]
 [0.7 0.5]
 [0.7 0.6]
 [0.8 0.6]
 [0.7 0.6]
 [0.6 0.6]]
Logstds:
[[0. 0. 0. 0.]
 [0. 0. 0. 0.]
 [0. 0. 0. 0.]
 [0. 0. 0. 0.]
 [0. 0. 0. 0.]
 [0. 0. 0. 0.]
 [0. 0. 0. 0.]
 [0. 0. 0. 0.]
 [0. 0. 0. 0.]
 [0. 0. 0. 0.]
 [0. 0. 0. 0.]
 [0. 0. 0. 0.]
 [0. 0. 0. 0.]
 [0. 0. 0. 0.]
 [0. 0. 0. 0.]
 [0. 0. 0. 0.]
 [0. 0. 0. 0.]
 [0. 0. 0. 0.]
 [0. 0. 0. 0.]
 [0. 0. 0. 0.]
 [0. 0. 0. 0.]
 [0. 0. 0. 0.]
 [0. 0. 0. 0.]
 [0. 0. 0. 0.]
 [0. 0. 0. 0.]]
