Baseline:
[-2.307228  -2.307228  -2.2444677 -2.2444677 -2.2444677 -2.307228
 -2.2648258 -2.2223227 -2.2862515 -2.244766  -2.2031338 -2.2031338
 -2.244766  -2.3074822 -2.244766  -2.3074822 -2.244766  -2.3074822
 -2.244766  -2.2031338 -2.2676601 -2.3074822 -2.2676601 -2.3322737
 -2.3722477 -2.3722477]
Returns:
[-16.89413664 -16.59311643 -16.10339218 -15.79910422 -15.47880111
 -15.07677917 -14.56703152 -14.06765074 -13.6233909  -13.06845575
 -12.52081626 -11.98065876 -11.51670505 -10.92851227 -10.16207224
  -9.50258298  -8.66109404  -7.92260594  -6.99796031  -6.13082106
  -5.2957587   -4.44025112  -3.3957425   -2.37022509  -1.31661141]
Advants:
[-11.66995233 -11.56227646 -11.3319221  -11.23158133 -11.12269282
 -10.87296041 -10.62453041 -10.39108669 -10.10964851  -9.82638569
  -9.55452451  -9.2517535   -8.98813974  -8.57968454  -8.11730403
  -7.63466478  -7.09178069  -6.52177998  -5.88409236  -5.27639827
  -4.58535495  -3.88864548  -3.06842649  -2.14476166  -1.197999  ]
Mus:
[[0.26140937 0.2962299  0.23143066 0.21093006]
 [0.26140937 0.2962299  0.23143066 0.21093006]
 [0.26207826 0.29235667 0.23387787 0.2116872 ]
 [0.26207826 0.29235667 0.23387787 0.2116872 ]
 [0.26207826 0.29235667 0.23387787 0.2116872 ]
 [0.26140937 0.2962299  0.23143066 0.21093006]
 [0.26043135 0.2953836  0.23232113 0.21186392]
 [0.259691   0.29433227 0.23337223 0.2126045 ]
 [0.25957286 0.2974508  0.23138697 0.21158926]
 [0.25969306 0.2955919  0.23233508 0.21237999]
 [0.25962207 0.2935534  0.23368803 0.21313655]
 [0.25962207 0.2935534  0.23368803 0.21313655]
 [0.25969306 0.2955919  0.23233508 0.21237999]
 [0.25962454 0.2985617  0.2302689  0.21154492]
 [0.25969306 0.2955919  0.23233508 0.21237999]
 [0.25962454 0.2985617  0.2302689  0.21154492]
 [0.25969306 0.2955919  0.23233508 0.21237999]
 [0.25962454 0.2985617  0.2302689  0.21154492]
 [0.25969306 0.2955919  0.23233508 0.21237999]
 [0.25962207 0.2935534  0.23368803 0.21313655]
 [0.2591561  0.2966036  0.23169684 0.2125435 ]
 [0.25962454 0.2985617  0.2302689  0.21154492]
 [0.2591561  0.2966036  0.23169684 0.2125435 ]
 [0.2584849  0.29996115 0.22948857 0.21206535]
 [0.25919223 0.30164802 0.2284222  0.21073751]]
Actions:
[[1. 0. 0. 0.]
 [0. 0. 0. 1.]
 [1. 0. 0. 0.]
 [1. 0. 0. 0.]
 [0. 1. 0. 0.]
 [0. 0. 1. 0.]
 [0. 0. 1. 0.]
 [0. 1. 0. 0.]
 [0. 0. 1. 0.]
 [0. 0. 1. 0.]
 [0. 0. 1. 0.]
 [1. 0. 0. 0.]
 [0. 1. 0. 0.]
 [0. 0. 0. 1.]
 [0. 1. 0. 0.]
 [0. 0. 0. 1.]
 [0. 1. 0. 0.]
 [0. 0. 0. 1.]
 [0. 0. 1. 0.]
 [0. 1. 0. 0.]
 [1. 0. 0. 0.]
 [0. 0. 1. 0.]
 [0. 1. 0. 0.]
 [1. 0. 0. 0.]
 [0. 0. 0. 1.]]
States:
[[1.  0.7]
 [1.  0.7]
 [1.  0.6]
 [1.  0.6]
 [1.  0.6]
 [1.  0.7]
 [0.9 0.7]
 [0.8 0.7]
 [0.8 0.8]
 [0.7 0.8]
 [0.6 0.8]
 [0.6 0.8]
 [0.7 0.8]
 [0.7 0.9]
 [0.7 0.8]
 [0.7 0.9]
 [0.7 0.8]
 [0.7 0.9]
 [0.7 0.8]
 [0.6 0.8]
 [0.6 0.9]
 [0.7 0.9]
 [0.6 0.9]
 [0.6 1. ]
 [0.7 1. ]]
Logstds:
[[0. 0. 0. 0.]
 [0. 0. 0. 0.]
 [0. 0. 0. 0.]
 [0. 0. 0. 0.]
 [0. 0. 0. 0.]
 [0. 0. 0. 0.]
 [0. 0. 0. 0.]
 [0. 0. 0. 0.]
 [0. 0. 0. 0.]
 [0. 0. 0. 0.]
 [0. 0. 0. 0.]
 [0. 0. 0. 0.]
 [0. 0. 0. 0.]
 [0. 0. 0. 0.]
 [0. 0. 0. 0.]
 [0. 0. 0. 0.]
 [0. 0. 0. 0.]
 [0. 0. 0. 0.]
 [0. 0. 0. 0.]
 [0. 0. 0. 0.]
 [0. 0. 0. 0.]
 [0. 0. 0. 0.]
 [0. 0. 0. 0.]
 [0. 0. 0. 0.]
 [0. 0. 0. 0.]]
