Baseline:
[-8.786717 -9.038804 -8.786717 -8.786717 -8.541213 -8.786717 -8.541213
 -8.786717 -8.541213 -8.541213 -8.84051  -8.84051  -9.141805 -9.389821
 -9.086182 -8.786717 -8.786717 -8.786717 -9.086182 -9.333215 -9.086182
 -9.333215 -9.086182 -9.389821 -9.63247  -9.63247 ]
Returns:
[-17.6872134  -17.43049218 -17.06023557 -16.59078254 -16.2228715
 -15.93126844 -15.52864613 -15.2005049  -14.75942135 -14.21074817
 -13.67552027 -13.13177846 -12.48761777 -11.89464185 -11.03100886
 -10.18325244  -9.35185293  -8.47669555  -7.60183072  -6.76333603
  -5.76272911  -4.82743959  -3.72494339  -2.54804422  -1.39166331]
Advants:
[-8.74333719 -8.48067904 -8.62597178 -8.42790607 -8.59622058 -8.35798784
 -8.52034621 -8.27564994 -8.43099418 -8.24616894 -7.7806762  -7.6205867
 -7.06222617 -6.61529346 -6.46560962 -6.34562168 -5.95329935 -5.52755617
 -4.8046068  -4.17533661 -3.89358239 -3.18670459 -2.82073158 -1.82559079
 -0.9100399 ]
Mus:
[[0.24796636 0.27523673 0.2789434  0.19785348]
 [0.25020963 0.27651122 0.2760601  0.19721901]
 [0.24796636 0.27523673 0.2789434  0.19785348]
 [0.24796636 0.27523673 0.2789434  0.19785348]
 [0.24515374 0.27291837 0.2831931  0.19873483]
 [0.24796636 0.27523673 0.2789434  0.19785348]
 [0.24515374 0.27291837 0.2831931  0.19873483]
 [0.24796636 0.27523673 0.2789434  0.19785348]
 [0.24515374 0.27291837 0.2831931  0.19873483]
 [0.24515374 0.27291837 0.2831931  0.19873483]
 [0.24626715 0.27472165 0.2823628  0.19664836]
 [0.24626715 0.27472165 0.2823628  0.19664836]
 [0.24768008 0.27621937 0.2814319  0.19466865]
 [0.25051224 0.2786596  0.2766165  0.19421163]
 [0.24924172 0.27718598 0.2775636  0.19600873]
 [0.24796636 0.27523673 0.2789434  0.19785348]
 [0.24796636 0.27523673 0.2789434  0.19785348]
 [0.24796636 0.27523673 0.2789434  0.19785348]
 [0.24924172 0.27718598 0.2775636  0.19600873]
 [0.25160366 0.27844897 0.27444822 0.19549908]
 [0.24924172 0.27718598 0.2775636  0.19600873]
 [0.25160366 0.27844897 0.27444822 0.19549908]
 [0.24924172 0.27718598 0.2775636  0.19600873]
 [0.25051224 0.2786596  0.2766165  0.19421163]
 [0.2527904  0.28029448 0.273075   0.1938401 ]]
Actions:
[[1. 0. 0. 0.]
 [0. 0. 1. 0.]
 [0. 0. 0. 1.]
 [0. 0. 1. 0.]
 [1. 0. 0. 0.]
 [0. 0. 1. 0.]
 [1. 0. 0. 0.]
 [0. 0. 1. 0.]
 [0. 0. 0. 1.]
 [0. 1. 0. 0.]
 [0. 0. 1. 0.]
 [0. 1. 0. 0.]
 [1. 0. 0. 0.]
 [0. 0. 0. 1.]
 [0. 0. 0. 1.]
 [0. 0. 0. 1.]
 [0. 0. 0. 1.]
 [0. 1. 0. 0.]
 [1. 0. 0. 0.]
 [0. 0. 1. 0.]
 [1. 0. 0. 0.]
 [0. 0. 1. 0.]
 [0. 1. 0. 0.]
 [1. 0. 0. 0.]
 [0. 1. 0. 0.]]
States:
[[0.1 0.6]
 [0.2 0.6]
 [0.1 0.6]
 [0.1 0.6]
 [0.  0.6]
 [0.1 0.6]
 [0.  0.6]
 [0.1 0.6]
 [0.  0.6]
 [0.  0.6]
 [0.  0.7]
 [0.  0.7]
 [0.  0.8]
 [0.1 0.8]
 [0.1 0.7]
 [0.1 0.6]
 [0.1 0.6]
 [0.1 0.6]
 [0.1 0.7]
 [0.2 0.7]
 [0.1 0.7]
 [0.2 0.7]
 [0.1 0.7]
 [0.1 0.8]
 [0.2 0.8]]
Logstds:
[[0. 0. 0. 0.]
 [0. 0. 0. 0.]
 [0. 0. 0. 0.]
 [0. 0. 0. 0.]
 [0. 0. 0. 0.]
 [0. 0. 0. 0.]
 [0. 0. 0. 0.]
 [0. 0. 0. 0.]
 [0. 0. 0. 0.]
 [0. 0. 0. 0.]
 [0. 0. 0. 0.]
 [0. 0. 0. 0.]
 [0. 0. 0. 0.]
 [0. 0. 0. 0.]
 [0. 0. 0. 0.]
 [0. 0. 0. 0.]
 [0. 0. 0. 0.]
 [0. 0. 0. 0.]
 [0. 0. 0. 0.]
 [0. 0. 0. 0.]
 [0. 0. 0. 0.]
 [0. 0. 0. 0.]
 [0. 0. 0. 0.]
 [0. 0. 0. 0.]
 [0. 0. 0. 0.]]
