Baseline:
[-1.9627392 -1.9068191 -1.8521174 -1.9068191 -1.9533113 -1.9068191
 -1.8599995 -1.9160942 -1.9755038 -2.035223  -1.9755038 -1.9160942
 -1.9627392 -1.9160942 -1.9755038 -1.9307702 -1.8697389 -1.8256124
 -1.885656  -1.8256124 -1.885656  -1.8398677 -1.885656  -1.9307702
 -1.885656  -1.885656 ]
Returns:
[-13.74981174 -13.36148096 -12.99674311 -12.77354124 -12.51548193
 -12.13209307 -11.76484698 -11.4684007  -11.11136222 -10.69037469
 -10.09146686  -9.50333452  -9.06938741  -8.49736537  -7.98395661
  -7.34578186  -6.65059861  -6.02209282  -5.4509247   -4.69416964
  -4.05311082  -3.27794732  -2.5814886   -1.81355206  -0.88496375]
Advants:
[-9.47819143 -9.30336158 -9.15474141 -9.04340946 -8.91020022 -8.74882239
 -8.60895666 -8.44145465 -8.21292846 -7.92128516 -7.57058962 -7.23006498
 -6.93883936 -6.60271178 -6.21754825 -5.80939403 -5.35670006 -4.95116321
 -4.49450694 -3.965673   -3.42506558 -2.84729939 -2.24662066 -1.56205191
 -0.79068077]
Mus:
[[0.261404   0.2761095  0.24711935 0.2153671 ]
 [0.26159337 0.27103916 0.25024092 0.2171265 ]
 [0.2614564  0.26650968 0.25328302 0.21875083]
 [0.26159337 0.27103916 0.25024092 0.2171265 ]
 [0.26139447 0.27110624 0.25089577 0.21660353]
 [0.26159337 0.27103916 0.25024092 0.2171265 ]
 [0.26190236 0.27079847 0.2499197  0.21737947]
 [0.26139328 0.27560148 0.24711154 0.21589369]
 [0.2609231  0.27987248 0.24427333 0.21493107]
 [0.26083913 0.28319848 0.24141394 0.21454845]
 [0.2609231  0.27987248 0.24427333 0.21493107]
 [0.26139328 0.27560148 0.24711154 0.21589369]
 [0.261404   0.2761095  0.24711935 0.2153671 ]
 [0.26139328 0.27560148 0.24711154 0.21589369]
 [0.2609231  0.27987248 0.24427333 0.21493107]
 [0.26020825 0.27856544 0.24543029 0.21579607]
 [0.26097056 0.27460286 0.24770978 0.21671683]
 [0.2602806  0.27327022 0.24897115 0.21747795]
 [0.25950196 0.2771861  0.24672976 0.21658213]
 [0.2602806  0.27327022 0.24897115 0.21747795]
 [0.25950196 0.2771861  0.24672976 0.21658213]
 [0.25866643 0.2754603  0.24826841 0.2176048 ]
 [0.25950196 0.2771861  0.24672976 0.21658213]
 [0.26020825 0.27856544 0.24543029 0.21579607]
 [0.25950196 0.2771861  0.24672976 0.21658213]]
Actions:
[[0. 0. 0. 1.]
 [0. 0. 0. 1.]
 [0. 1. 0. 0.]
 [1. 0. 0. 0.]
 [0. 0. 1. 0.]
 [0. 0. 1. 0.]
 [0. 1. 0. 0.]
 [0. 1. 0. 0.]
 [0. 1. 0. 0.]
 [0. 0. 0. 1.]
 [0. 0. 0. 1.]
 [1. 0. 0. 0.]
 [0. 0. 1. 0.]
 [0. 1. 0. 0.]
 [0. 0. 1. 0.]
 [0. 0. 0. 1.]
 [0. 0. 1. 0.]
 [0. 1. 0. 0.]
 [0. 0. 0. 1.]
 [0. 1. 0. 0.]
 [0. 0. 1. 0.]
 [1. 0. 0. 0.]
 [1. 0. 0. 0.]
 [0. 0. 1. 0.]
 [0. 1. 0. 0.]]
States:
[[0.9 0.2]
 [0.9 0.1]
 [0.9 0. ]
 [0.9 0.1]
 [1.  0.1]
 [0.9 0.1]
 [0.8 0.1]
 [0.8 0.2]
 [0.8 0.3]
 [0.8 0.4]
 [0.8 0.3]
 [0.8 0.2]
 [0.9 0.2]
 [0.8 0.2]
 [0.8 0.3]
 [0.7 0.3]
 [0.7 0.2]
 [0.6 0.2]
 [0.6 0.3]
 [0.6 0.2]
 [0.6 0.3]
 [0.5 0.3]
 [0.6 0.3]
 [0.7 0.3]
 [0.6 0.3]]
Logstds:
[[0. 0. 0. 0.]
 [0. 0. 0. 0.]
 [0. 0. 0. 0.]
 [0. 0. 0. 0.]
 [0. 0. 0. 0.]
 [0. 0. 0. 0.]
 [0. 0. 0. 0.]
 [0. 0. 0. 0.]
 [0. 0. 0. 0.]
 [0. 0. 0. 0.]
 [0. 0. 0. 0.]
 [0. 0. 0. 0.]
 [0. 0. 0. 0.]
 [0. 0. 0. 0.]
 [0. 0. 0. 0.]
 [0. 0. 0. 0.]
 [0. 0. 0. 0.]
 [0. 0. 0. 0.]
 [0. 0. 0. 0.]
 [0. 0. 0. 0.]
 [0. 0. 0. 0.]
 [0. 0. 0. 0.]
 [0. 0. 0. 0.]
 [0. 0. 0. 0.]
 [0. 0. 0. 0.]]
