Baseline:
[-1.3903868 -1.3479694 -1.4093645 -1.4710743 -1.4093645 -1.4509357
 -1.3903868 -1.4343995 -1.481263  -1.5269449 -1.5269449 -1.5269449
 -1.481263  -1.5269449 -1.4683782 -1.5269449 -1.481263  -1.481263
 -1.481263  -1.481263  -1.5269449 -1.4683782 -1.4244555 -1.3793732
 -1.3206309 -1.3206309]
Returns:
[-15.04577376 -14.77958254 -14.5308744  -14.22944963 -13.87836971
 -13.60375319 -13.22830311 -12.91932022 -12.55605264 -12.13324956
 -11.58690557 -11.01180663 -10.40501083  -9.86899502  -9.22193635
  -8.56347913  -7.82782398  -7.09628957  -6.32625335  -5.5156889
  -4.72234036  -3.80440513  -2.86119427  -1.91185175  -0.97336555]
Advants:
[-10.72062083 -10.6622532  -10.52205581 -10.33206971 -10.2216488
 -10.08987542  -9.96535905  -9.80804936  -9.59758949  -9.33129608
  -8.9874706   -8.6143556   -8.25507788  -7.87441967  -7.4858924
  -6.96369155  -6.46379839  -5.91591162  -5.32135192  -4.67614335
  -3.99060574  -3.27122725  -2.4960415   -1.69848888  -0.90733397]
Mus:
[[0.26506147 0.27183095 0.26759323 0.19551438]
 [0.26123327 0.27195993 0.27048087 0.19632599]
 [0.26058388 0.27552563 0.26891318 0.19497737]
 [0.26045677 0.2785319  0.2674665  0.19354479]
 [0.26058388 0.27552563 0.26891318 0.19497737]
 [0.26509738 0.27520102 0.26584896 0.19385265]
 [0.26506147 0.27183095 0.26759323 0.19551438]
 [0.2684251  0.2713609  0.26501128 0.19520278]
 [0.2712291  0.27111375 0.2626056  0.1950515 ]
 [0.27307528 0.27008778 0.26181394 0.19502299]
 [0.27307528 0.27008778 0.26181394 0.19502299]
 [0.27307528 0.27008778 0.26181394 0.19502299]
 [0.2712291  0.27111375 0.2626056  0.1950515 ]
 [0.27307528 0.27008778 0.26181394 0.19502299]
 [0.2730036  0.26691929 0.26429424 0.19578291]
 [0.27307528 0.27008778 0.26181394 0.19502299]
 [0.2712291  0.27111375 0.2626056  0.1950515 ]
 [0.2712291  0.27111375 0.2626056  0.1950515 ]
 [0.2712291  0.27111375 0.2626056  0.1950515 ]
 [0.2712291  0.27111375 0.2626056  0.1950515 ]
 [0.27307528 0.27008778 0.26181394 0.19502299]
 [0.2730036  0.26691929 0.26429424 0.19578291]
 [0.27073106 0.2681101  0.2649357  0.19622315]
 [0.26807493 0.2686845  0.2666398  0.19660072]
 [0.2674641  0.2657798  0.26870856 0.19804758]]
Actions:
[[0. 0. 1. 0.]
 [0. 1. 0. 0.]
 [0. 1. 0. 0.]
 [0. 0. 0. 1.]
 [1. 0. 0. 0.]
 [0. 0. 0. 1.]
 [1. 0. 0. 0.]
 [1. 0. 0. 0.]
 [1. 0. 0. 0.]
 [0. 1. 0. 0.]
 [0. 1. 0. 0.]
 [0. 0. 1. 0.]
 [1. 0. 0. 0.]
 [0. 0. 0. 1.]
 [0. 1. 0. 0.]
 [0. 0. 1. 0.]
 [0. 1. 0. 0.]
 [0. 1. 0. 0.]
 [0. 1. 0. 0.]
 [1. 0. 0. 0.]
 [0. 0. 0. 1.]
 [0. 0. 1. 0.]
 [0. 0. 1. 0.]
 [0. 0. 0. 1.]
 [0. 1. 0. 0.]]
States:
[[0.6 0.4]
 [0.5 0.4]
 [0.5 0.5]
 [0.5 0.6]
 [0.5 0.5]
 [0.6 0.5]
 [0.6 0.4]
 [0.7 0.4]
 [0.8 0.4]
 [0.9 0.4]
 [0.9 0.4]
 [0.9 0.4]
 [0.8 0.4]
 [0.9 0.4]
 [0.9 0.3]
 [0.9 0.4]
 [0.8 0.4]
 [0.8 0.4]
 [0.8 0.4]
 [0.8 0.4]
 [0.9 0.4]
 [0.9 0.3]
 [0.8 0.3]
 [0.7 0.3]
 [0.7 0.2]]
Logstds:
[[0. 0. 0. 0.]
 [0. 0. 0. 0.]
 [0. 0. 0. 0.]
 [0. 0. 0. 0.]
 [0. 0. 0. 0.]
 [0. 0. 0. 0.]
 [0. 0. 0. 0.]
 [0. 0. 0. 0.]
 [0. 0. 0. 0.]
 [0. 0. 0. 0.]
 [0. 0. 0. 0.]
 [0. 0. 0. 0.]
 [0. 0. 0. 0.]
 [0. 0. 0. 0.]
 [0. 0. 0. 0.]
 [0. 0. 0. 0.]
 [0. 0. 0. 0.]
 [0. 0. 0. 0.]
 [0. 0. 0. 0.]
 [0. 0. 0. 0.]
 [0. 0. 0. 0.]
 [0. 0. 0. 0.]
 [0. 0. 0. 0.]
 [0. 0. 0. 0.]
 [0. 0. 0. 0.]]
