Baseline:
[-7.121312  -7.121312  -7.121312  -6.9170732 -7.121312  -6.9170732
 -6.7115297 -6.9170732 -6.7143764 -6.9313936 -7.1306267 -6.9313936
 -7.1306267 -7.3483    -7.5490055 -7.330104  -7.5490055 -7.767148
 -7.767148  -7.767148  -7.5490055 -7.5490055 -7.767148  -7.5490055
 -7.767148  -7.767148 ]
Returns:
[-18.66714839 -18.36781418 -18.05272554 -17.64932605 -17.34008886
 -16.89918219 -16.42639962 -16.00991968 -15.54941294 -15.08011878
 -14.62875517 -14.03869938 -13.53252423 -12.86456773 -12.20338379
 -11.32257686 -10.49277542  -9.56846637  -8.5446051   -7.56293355
  -6.38092316  -5.33429121  -4.13848299  -2.77623836  -1.44579577]
Advants:
[-10.31539134 -10.25906922 -10.19794918 -10.26823234 -10.03127219
 -10.08735659 -10.12954311  -9.82406645  -9.90179582  -9.55838113
  -9.25977042  -9.23883045  -8.91299812  -8.41188758  -7.94061777
  -7.68213611  -7.03878972  -6.30089254  -5.68438295  -5.11440327
  -4.56748784  -3.94095705  -2.9391642   -2.20694626  -1.0574379 ]
Mus:
[[0.27337047 0.26058477 0.26844305 0.19760163]
 [0.27337047 0.26058477 0.26844305 0.19760163]
 [0.27337047 0.26058477 0.26844305 0.19760163]
 [0.2716644  0.26121718 0.26908854 0.1980299 ]
 [0.27337047 0.26058477 0.26844305 0.19760163]
 [0.2716644  0.26121718 0.26908854 0.1980299 ]
 [0.27045357 0.25918248 0.27103743 0.19932657]
 [0.2716644  0.26121718 0.26908854 0.1980299 ]
 [0.26942575 0.26173177 0.27014214 0.1987003 ]
 [0.27025497 0.26483846 0.26748982 0.19741683]
 [0.2727185  0.26373005 0.26669902 0.1968524 ]
 [0.27025497 0.26483846 0.26748982 0.19741683]
 [0.2727185  0.26373005 0.26669902 0.1968524 ]
 [0.2730036  0.26691929 0.26429424 0.19578291]
 [0.2746262  0.26567322 0.26405904 0.19564156]
 [0.27411455 0.26293564 0.2663685  0.19658132]
 [0.2746262  0.26567322 0.26405904 0.19564156]
 [0.27479967 0.26894513 0.26138732 0.19486786]
 [0.27479967 0.26894513 0.26138732 0.19486786]
 [0.27479967 0.26894513 0.26138732 0.19486786]
 [0.2746262  0.26567322 0.26405904 0.19564156]
 [0.2746262  0.26567322 0.26405904 0.19564156]
 [0.27479967 0.26894513 0.26138732 0.19486786]
 [0.2746262  0.26567322 0.26405904 0.19564156]
 [0.27479967 0.26894513 0.26138732 0.19486786]]
Actions:
[[1. 0. 0. 0.]
 [1. 0. 0. 0.]
 [0. 0. 1. 0.]
 [1. 0. 0. 0.]
 [0. 0. 1. 0.]
 [0. 0. 0. 1.]
 [0. 1. 0. 0.]
 [0. 0. 1. 0.]
 [0. 1. 0. 0.]
 [1. 0. 0. 0.]
 [0. 0. 1. 0.]
 [1. 0. 0. 0.]
 [0. 1. 0. 0.]
 [1. 0. 0. 0.]
 [0. 0. 0. 1.]
 [0. 1. 0. 0.]
 [0. 1. 0. 0.]
 [0. 1. 0. 0.]
 [1. 0. 0. 0.]
 [0. 0. 0. 1.]
 [1. 0. 0. 0.]
 [0. 1. 0. 0.]
 [0. 0. 0. 1.]
 [0. 1. 0. 0.]
 [0. 0. 1. 0.]]
States:
[[1.  0.1]
 [1.  0.1]
 [1.  0.1]
 [0.9 0.1]
 [1.  0.1]
 [0.9 0.1]
 [0.9 0. ]
 [0.9 0.1]
 [0.8 0.1]
 [0.8 0.2]
 [0.9 0.2]
 [0.8 0.2]
 [0.9 0.2]
 [0.9 0.3]
 [1.  0.3]
 [1.  0.2]
 [1.  0.3]
 [1.  0.4]
 [1.  0.4]
 [1.  0.4]
 [1.  0.3]
 [1.  0.3]
 [1.  0.4]
 [1.  0.3]
 [1.  0.4]]
Logstds:
[[0. 0. 0. 0.]
 [0. 0. 0. 0.]
 [0. 0. 0. 0.]
 [0. 0. 0. 0.]
 [0. 0. 0. 0.]
 [0. 0. 0. 0.]
 [0. 0. 0. 0.]
 [0. 0. 0. 0.]
 [0. 0. 0. 0.]
 [0. 0. 0. 0.]
 [0. 0. 0. 0.]
 [0. 0. 0. 0.]
 [0. 0. 0. 0.]
 [0. 0. 0. 0.]
 [0. 0. 0. 0.]
 [0. 0. 0. 0.]
 [0. 0. 0. 0.]
 [0. 0. 0. 0.]
 [0. 0. 0. 0.]
 [0. 0. 0. 0.]
 [0. 0. 0. 0.]
 [0. 0. 0. 0.]
 [0. 0. 0. 0.]
 [0. 0. 0. 0.]
 [0. 0. 0. 0.]]
