Baseline:
[-5.33684206 -5.4461894  -5.58959532 -5.4461894  -5.33684206 -5.4461894
 -5.58959532 -5.73378515 -5.73378515 -5.84234953 -5.84234953 -5.84234953
 -5.69885969 -5.84234953 -5.69885969 -5.55810213 -5.41875887 -5.28032684
 -5.41875887 -5.53116131 -5.67030334 -5.80963182 -5.9515295   0.        ]
Returns:
[-19.00131076 -18.77221853 -18.40462491 -17.77552301 -17.25958491
 -16.93882291 -16.47473478 -15.93136963 -15.30450165 -14.74367204
 -14.01268723 -13.24322954 -12.25574936 -11.44842815 -10.36648473
  -9.27740006  -8.18004713  -7.07296746  -6.15422216  -5.2231085
  -4.11211964  -2.88847343  -1.5459578 ]
Advants:
[-11.06548974 -10.91779567 -10.5979866  -10.30474653 -10.09443152
  -9.86401573  -9.4544381   -8.96039489  -8.52413574  -8.04088511
  -7.48929291  -6.89071212  -6.20605241  -5.39873839  -4.58698162
  -3.74681456  -2.87654962  -1.97316325  -0.95411044   0.08030713
   1.35922826   2.7955996    4.4055717 ]
Mus:
[[0.25969306 0.2955919  0.23233508 0.21237999]
 [0.25957286 0.2974508  0.23138697 0.21158926]
 [0.25953948 0.30044404 0.22928064 0.21073581]
 [0.25957286 0.2974508  0.23138697 0.21158926]
 [0.25969306 0.2955919  0.23233508 0.21237999]
 [0.25957286 0.2974508  0.23138697 0.21158926]
 [0.25953948 0.30044404 0.22928064 0.21073581]
 [0.25934857 0.30337563 0.22730306 0.20997274]
 [0.25934857 0.30337563 0.22730306 0.20997274]
 [0.25929862 0.30494922 0.22654337 0.20920882]
 [0.25929862 0.30494922 0.22654337 0.20920882]
 [0.25929862 0.30494922 0.22654337 0.20920882]
 [0.25941777 0.30208194 0.22850005 0.21000017]
 [0.25929862 0.30494922 0.22654337 0.20920882]
 [0.25941777 0.30208194 0.22850005 0.21000017]
 [0.25988448 0.29883233 0.23036462 0.21091855]
 [0.26043135 0.2953836  0.23232113 0.21186392]
 [0.26112112 0.29140964 0.2347545  0.2127147 ]
 [0.26043135 0.2953836  0.23232113 0.21186392]
 [0.26140937 0.2962299  0.23143066 0.21093006]
 [0.2606076  0.29963258 0.2295155  0.21024439]
 [0.2601313  0.3029988  0.22755642 0.2093135 ]
 [0.259718   0.30611315 0.22571214 0.20845671]]
Actions:
[[1. 0. 0. 0.]
 [0. 1. 0. 0.]
 [0. 0. 0. 1.]
 [0. 0. 1. 0.]
 [1. 0. 0. 0.]
 [0. 1. 0. 0.]
 [0. 1. 0. 0.]
 [0. 1. 0. 0.]
 [1. 0. 0. 0.]
 [0. 1. 0. 0.]
 [0. 1. 0. 0.]
 [0. 0. 0. 1.]
 [0. 1. 0. 0.]
 [0. 0. 0. 1.]
 [0. 0. 0. 1.]
 [0. 0. 0. 1.]
 [0. 0. 0. 1.]
 [0. 1. 0. 0.]
 [1. 0. 0. 0.]
 [0. 1. 0. 0.]
 [0. 1. 0. 0.]
 [0. 1. 0. 0.]
 [0. 0. 1. 0.]]
States:
[[0.7 0.8]
 [0.8 0.8]
 [0.8 0.9]
 [0.8 0.8]
 [0.7 0.8]
 [0.8 0.8]
 [0.8 0.9]
 [0.8 1. ]
 [0.8 1. ]
 [0.9 1. ]
 [0.9 1. ]
 [0.9 1. ]
 [0.9 0.9]
 [0.9 1. ]
 [0.9 0.9]
 [0.9 0.8]
 [0.9 0.7]
 [0.9 0.6]
 [0.9 0.7]
 [1.  0.7]
 [1.  0.8]
 [1.  0.9]
 [1.  1. ]]
Logstds:
[[0. 0. 0. 0.]
 [0. 0. 0. 0.]
 [0. 0. 0. 0.]
 [0. 0. 0. 0.]
 [0. 0. 0. 0.]
 [0. 0. 0. 0.]
 [0. 0. 0. 0.]
 [0. 0. 0. 0.]
 [0. 0. 0. 0.]
 [0. 0. 0. 0.]
 [0. 0. 0. 0.]
 [0. 0. 0. 0.]
 [0. 0. 0. 0.]
 [0. 0. 0. 0.]
 [0. 0. 0. 0.]
 [0. 0. 0. 0.]
 [0. 0. 0. 0.]
 [0. 0. 0. 0.]
 [0. 0. 0. 0.]
 [0. 0. 0. 0.]
 [0. 0. 0. 0.]
 [0. 0. 0. 0.]
 [0. 0. 0. 0.]]
