Baseline:
[-8.01388   -8.251417  -8.432287  -8.1968355 -8.01388   -8.251417
 -8.01388   -8.1968355 -8.01388   -8.01388   -8.1968355 -7.9622126
 -7.777056  -8.01388   -8.01388   -8.251417  -8.251417  -8.01388
 -8.01388   -8.251417  -8.251417  -8.251417  -8.251417  -8.01388
 -8.251417  -8.251417 ]
Returns:
[-17.36407569 -17.1193408  -16.9047317  -16.27049315 -15.789265
 -15.46164534 -14.78305011 -14.49513817 -13.92047029 -13.35168167
 -12.98843455 -12.20333237 -11.56549297 -11.07331814 -10.3546794
  -9.74102892  -9.03717619  -8.02045101  -7.14113505  -6.35835066
  -5.47646224  -4.40464057  -3.4199253   -2.10755533  -1.05984569]
Advants:
[-8.94963937 -8.7075102  -8.56040029 -8.41880742 -8.3904136  -8.10064556
 -7.94479582 -7.76886924 -7.68510901 -7.43291368 -7.2133813  -7.0003757
 -6.89991486 -6.53059575 -6.18005067 -5.70198801 -5.38127813 -4.99377309
 -4.51231041 -3.89217763 -3.41729508 -2.75400196 -2.18216141 -1.5221326
 -0.64727497]
Mus:
[[0.25500414 0.28770223 0.23664138 0.22065221]
 [0.25450787 0.29069108 0.2352045  0.21959655]
 [0.2549495  0.29121298 0.23503207 0.21880545]
 [0.25544986 0.28817207 0.23637344 0.22000466]
 [0.25500414 0.28770223 0.23664138 0.22065221]
 [0.25450787 0.29069108 0.2352045  0.21959655]
 [0.25500414 0.28770223 0.23664138 0.22065221]
 [0.25544986 0.28817207 0.23637344 0.22000466]
 [0.25500414 0.28770223 0.23664138 0.22065221]
 [0.25500414 0.28770223 0.23664138 0.22065221]
 [0.25544986 0.28817207 0.23637344 0.22000466]
 [0.25568086 0.28524476 0.23822485 0.22084953]
 [0.25529966 0.28516638 0.23828538 0.22124866]
 [0.25500414 0.28770223 0.23664138 0.22065221]
 [0.25500414 0.28770223 0.23664138 0.22065221]
 [0.25450787 0.29069108 0.2352045  0.21959655]
 [0.25450787 0.29069108 0.2352045  0.21959655]
 [0.25500414 0.28770223 0.23664138 0.22065221]
 [0.25500414 0.28770223 0.23664138 0.22065221]
 [0.25450787 0.29069108 0.2352045  0.21959655]
 [0.25450787 0.29069108 0.2352045  0.21959655]
 [0.25450787 0.29069108 0.2352045  0.21959655]
 [0.25450787 0.29069108 0.2352045  0.21959655]
 [0.25500414 0.28770223 0.23664138 0.22065221]
 [0.25450787 0.29069108 0.2352045  0.21959655]]
Actions:
[[0. 1. 0. 0.]
 [1. 0. 0. 0.]
 [0. 0. 0. 1.]
 [0. 0. 1. 0.]
 [0. 1. 0. 0.]
 [0. 0. 0. 1.]
 [1. 0. 0. 0.]
 [0. 0. 1. 0.]
 [0. 0. 1. 0.]
 [1. 0. 0. 0.]
 [0. 0. 0. 1.]
 [0. 0. 1. 0.]
 [0. 1. 0. 0.]
 [0. 0. 1. 0.]
 [0. 1. 0. 0.]
 [0. 1. 0. 0.]
 [0. 0. 0. 1.]
 [0. 0. 1. 0.]
 [0. 1. 0. 0.]
 [0. 1. 0. 0.]
 [0. 0. 1. 0.]
 [0. 1. 0. 0.]
 [0. 0. 0. 1.]
 [0. 1. 0. 0.]
 [1. 0. 0. 0.]]
States:
[[0.  0.9]
 [0.  1. ]
 [0.1 1. ]
 [0.1 0.9]
 [0.  0.9]
 [0.  1. ]
 [0.  0.9]
 [0.1 0.9]
 [0.  0.9]
 [0.  0.9]
 [0.1 0.9]
 [0.1 0.8]
 [0.  0.8]
 [0.  0.9]
 [0.  0.9]
 [0.  1. ]
 [0.  1. ]
 [0.  0.9]
 [0.  0.9]
 [0.  1. ]
 [0.  1. ]
 [0.  1. ]
 [0.  1. ]
 [0.  0.9]
 [0.  1. ]]
Logstds:
[[0. 0. 0. 0.]
 [0. 0. 0. 0.]
 [0. 0. 0. 0.]
 [0. 0. 0. 0.]
 [0. 0. 0. 0.]
 [0. 0. 0. 0.]
 [0. 0. 0. 0.]
 [0. 0. 0. 0.]
 [0. 0. 0. 0.]
 [0. 0. 0. 0.]
 [0. 0. 0. 0.]
 [0. 0. 0. 0.]
 [0. 0. 0. 0.]
 [0. 0. 0. 0.]
 [0. 0. 0. 0.]
 [0. 0. 0. 0.]
 [0. 0. 0. 0.]
 [0. 0. 0. 0.]
 [0. 0. 0. 0.]
 [0. 0. 0. 0.]
 [0. 0. 0. 0.]
 [0. 0. 0. 0.]
 [0. 0. 0. 0.]
 [0. 0. 0. 0.]
 [0. 0. 0. 0.]]
