Baseline:
[-5.418759  -5.558102  -5.6988597 -5.809632  -5.6703033 -5.558102
 -5.6988597 -5.8423495 -5.733785  -5.5895953 -5.481031  -5.336842
 -5.481031  -5.336842  -5.4461894 -5.5895953 -5.4461894 -5.5895953
 -5.481031  -5.5895953 -5.733785  -5.5895953 -5.4461894 -5.558102
 -5.418759  -5.418759 ]
Returns:
[-20.08480744 -19.79839355 -19.44268157 -19.11539168 -18.44899473
 -17.88990922 -17.4337507  -16.89895588 -16.20058442 -15.40582105
 -14.71596075 -13.92924385 -13.34607405 -12.48725785 -11.91532073
 -11.18683775 -10.17785231  -9.35792362  -8.34975292  -7.51217405
  -6.49709518  -5.19162185  -3.86709873  -2.80707603  -1.36917973]
Advants:
[-12.45190678 -12.2779541  -12.03938534 -11.86764533 -11.61328549
 -11.44851963 -11.13929368 -10.75222877 -10.46020783 -10.11266763
  -9.8422414   -9.51719322  -9.11186382  -8.72459682  -8.37748848
  -7.84127774  -7.31320119  -6.68632681  -6.12402021  -5.51464799
  -4.68498539  -3.8454702   -2.97700202  -2.10810393  -1.09824181]
Mus:
[[0.26043135 0.2953836  0.23232113 0.21186392]
 [0.25988448 0.29883233 0.23036462 0.21091855]
 [0.25941777 0.30208194 0.22850005 0.21000017]
 [0.2601313  0.3029988  0.22755642 0.2093135 ]
 [0.2606076  0.29963258 0.2295155  0.21024439]
 [0.25988448 0.29883233 0.23036462 0.21091855]
 [0.25941777 0.30208194 0.22850005 0.21000017]
 [0.25929862 0.30494922 0.22654337 0.20920882]
 [0.25934857 0.30337563 0.22730306 0.20997274]
 [0.25953948 0.30044404 0.22928064 0.21073581]
 [0.25962454 0.2985617  0.2302689  0.21154492]
 [0.25969306 0.2955919  0.23233508 0.21237999]
 [0.25962454 0.2985617  0.2302689  0.21154492]
 [0.25969306 0.2955919  0.23233508 0.21237999]
 [0.25957286 0.2974508  0.23138697 0.21158926]
 [0.25953948 0.30044404 0.22928064 0.21073581]
 [0.25957286 0.2974508  0.23138697 0.21158926]
 [0.25953948 0.30044404 0.22928064 0.21073581]
 [0.25962454 0.2985617  0.2302689  0.21154492]
 [0.25953948 0.30044404 0.22928064 0.21073581]
 [0.25934857 0.30337563 0.22730306 0.20997274]
 [0.25953948 0.30044404 0.22928064 0.21073581]
 [0.25957286 0.2974508  0.23138697 0.21158926]
 [0.25988448 0.29883233 0.23036462 0.21091855]
 [0.26043135 0.2953836  0.23232113 0.21186392]]
Actions:
[[0. 1. 0. 0.]
 [0. 1. 0. 0.]
 [1. 0. 0. 0.]
 [0. 0. 0. 1.]
 [0. 0. 1. 0.]
 [0. 1. 0. 0.]
 [0. 1. 0. 0.]
 [0. 0. 1. 0.]
 [0. 0. 0. 1.]
 [0. 0. 1. 0.]
 [0. 0. 0. 1.]
 [0. 1. 0. 0.]
 [0. 0. 0. 1.]
 [1. 0. 0. 0.]
 [0. 1. 0. 0.]
 [0. 0. 0. 1.]
 [0. 1. 0. 0.]
 [0. 0. 1. 0.]
 [1. 0. 0. 0.]
 [0. 1. 0. 0.]
 [0. 0. 0. 1.]
 [0. 0. 0. 1.]
 [1. 0. 0. 0.]
 [0. 0. 0. 1.]
 [0. 0. 1. 0.]]
States:
[[0.9 0.7]
 [0.9 0.8]
 [0.9 0.9]
 [1.  0.9]
 [1.  0.8]
 [0.9 0.8]
 [0.9 0.9]
 [0.9 1. ]
 [0.8 1. ]
 [0.8 0.9]
 [0.7 0.9]
 [0.7 0.8]
 [0.7 0.9]
 [0.7 0.8]
 [0.8 0.8]
 [0.8 0.9]
 [0.8 0.8]
 [0.8 0.9]
 [0.7 0.9]
 [0.8 0.9]
 [0.8 1. ]
 [0.8 0.9]
 [0.8 0.8]
 [0.9 0.8]
 [0.9 0.7]]
Logstds:
[[0. 0. 0. 0.]
 [0. 0. 0. 0.]
 [0. 0. 0. 0.]
 [0. 0. 0. 0.]
 [0. 0. 0. 0.]
 [0. 0. 0. 0.]
 [0. 0. 0. 0.]
 [0. 0. 0. 0.]
 [0. 0. 0. 0.]
 [0. 0. 0. 0.]
 [0. 0. 0. 0.]
 [0. 0. 0. 0.]
 [0. 0. 0. 0.]
 [0. 0. 0. 0.]
 [0. 0. 0. 0.]
 [0. 0. 0. 0.]
 [0. 0. 0. 0.]
 [0. 0. 0. 0.]
 [0. 0. 0. 0.]
 [0. 0. 0. 0.]
 [0. 0. 0. 0.]
 [0. 0. 0. 0.]
 [0. 0. 0. 0.]
 [0. 0. 0. 0.]
 [0. 0. 0. 0.]]
