Baseline:
[-8.443928  -8.245693  -8.472614  -8.70182   -8.70182   -8.70182
 -8.508692  -8.508692  -8.316183  -8.082693  -8.082693  -8.082693
 -8.2769165 -8.082693  -7.8532553 -8.082693  -8.082693  -8.2769165
 -8.508692  -8.316183  -8.082693  -7.8532553 -8.04891   -8.2769165
 -8.508692  -8.508692 ]
Returns:
[-22.89466717 -22.40536165 -21.93748374 -21.39205425 -20.76518102
 -20.10531446 -19.3990367  -18.71203152 -17.97552828 -17.18295779
 -16.46626575 -15.71185308 -15.03932155 -14.16776645 -13.2314608
 -12.36868882 -11.39861421 -10.49907011  -9.39614879  -8.16933594
  -6.86065006  -5.53975933  -4.38185158  -3.00981399  -1.5127213 ]
Advants:
[-12.94315062 -12.96158075 -12.5811598  -12.12372495 -11.82168578
 -11.49391674 -11.32528586 -10.99089928 -10.81273685 -10.6333624
 -10.30655612  -9.95191013  -9.49217052  -9.23557788  -8.96342947
  -8.30919099  -7.78439507  -7.14001094  -6.25170006  -5.66981854
  -5.05233331  -4.42382602  -3.5307836   -2.38100337  -1.087286  ]
Mus:
[[0.2725661  0.28009844 0.25645533 0.1908801 ]
 [0.27068874 0.28129444 0.25799772 0.1900191 ]
 [0.2695251  0.2841426  0.25720325 0.189129  ]
 [0.26870295 0.2868224  0.25630587 0.18816872]
 [0.26870295 0.2868224  0.25630587 0.18816872]
 [0.26870295 0.2868224  0.25630587 0.18816872]
 [0.26617014 0.28751493 0.25787565 0.18843928]
 [0.26617014 0.28751493 0.25787565 0.18843928]
 [0.26350024 0.28802702 0.25979838 0.18867433]
 [0.26390362 0.28572625 0.26089567 0.18947445]
 [0.26390362 0.28572625 0.26089567 0.18947445]
 [0.26390362 0.28572625 0.26089567 0.18947445]
 [0.26682475 0.28523836 0.25864798 0.18928894]
 [0.26390362 0.28572625 0.26089567 0.18947445]
 [0.26445377 0.28340918 0.26194772 0.19018933]
 [0.26390362 0.28572625 0.26089567 0.18947445]
 [0.26390362 0.28572625 0.26089567 0.18947445]
 [0.26682475 0.28523836 0.25864798 0.18928894]
 [0.26617014 0.28751493 0.25787565 0.18843928]
 [0.26350024 0.28802702 0.25979838 0.18867433]
 [0.26390362 0.28572625 0.26089567 0.18947445]
 [0.26445377 0.28340918 0.26194772 0.19018933]
 [0.26765636 0.28250727 0.25977683 0.19005963]
 [0.26682475 0.28523836 0.25864798 0.18928894]
 [0.26617014 0.28751493 0.25787565 0.18843928]]
Actions:
[[0. 0. 1. 0.]
 [0. 1. 0. 0.]
 [0. 1. 0. 0.]
 [0. 1. 0. 0.]
 [0. 1. 0. 0.]
 [0. 0. 1. 0.]
 [0. 1. 0. 0.]
 [0. 0. 1. 0.]
 [0. 0. 0. 1.]
 [0. 0. 1. 0.]
 [0. 0. 1. 0.]
 [1. 0. 0. 0.]
 [0. 0. 1. 0.]
 [0. 0. 0. 1.]
 [0. 1. 0. 0.]
 [0. 0. 1. 0.]
 [1. 0. 0. 0.]
 [0. 1. 0. 0.]
 [0. 0. 1. 0.]
 [0. 0. 0. 1.]
 [0. 0. 0. 1.]
 [1. 0. 0. 0.]
 [0. 1. 0. 0.]
 [0. 1. 0. 0.]
 [1. 0. 0. 0.]]
States:
[[0.9 0.8]
 [0.8 0.8]
 [0.8 0.9]
 [0.8 1. ]
 [0.8 1. ]
 [0.8 1. ]
 [0.7 1. ]
 [0.7 1. ]
 [0.6 1. ]
 [0.6 0.9]
 [0.6 0.9]
 [0.6 0.9]
 [0.7 0.9]
 [0.6 0.9]
 [0.6 0.8]
 [0.6 0.9]
 [0.6 0.9]
 [0.7 0.9]
 [0.7 1. ]
 [0.6 1. ]
 [0.6 0.9]
 [0.6 0.8]
 [0.7 0.8]
 [0.7 0.9]
 [0.7 1. ]]
Logstds:
[[0. 0. 0. 0.]
 [0. 0. 0. 0.]
 [0. 0. 0. 0.]
 [0. 0. 0. 0.]
 [0. 0. 0. 0.]
 [0. 0. 0. 0.]
 [0. 0. 0. 0.]
 [0. 0. 0. 0.]
 [0. 0. 0. 0.]
 [0. 0. 0. 0.]
 [0. 0. 0. 0.]
 [0. 0. 0. 0.]
 [0. 0. 0. 0.]
 [0. 0. 0. 0.]
 [0. 0. 0. 0.]
 [0. 0. 0. 0.]
 [0. 0. 0. 0.]
 [0. 0. 0. 0.]
 [0. 0. 0. 0.]
 [0. 0. 0. 0.]
 [0. 0. 0. 0.]
 [0. 0. 0. 0.]
 [0. 0. 0. 0.]
 [0. 0. 0. 0.]
 [0. 0. 0. 0.]]
