Baseline:
[-2.307228  -2.3711472 -2.3283691 -2.2862515 -2.244766  -2.2031338
 -2.244766  -2.2031338 -2.1403115 -2.2031338 -2.244766  -2.2031338
 -2.2031338 -2.2676601 -2.3322737 -2.3322737 -2.3322737 -2.3722477
 -2.3722477 -2.3322737 -2.3322737 -2.3722477 -2.4118302 -2.3488605
 -2.3904128 -2.3904128]
Returns:
[-16.97705201 -16.60770495 -16.13533228 -15.6756876  -15.22876807
 -14.79482923 -14.47898975 -14.00558889 -13.47996399 -13.07848952
 -12.67231638 -12.10382744 -11.54172317 -10.99144513 -10.36570154
  -9.62419232  -8.87970707  -8.16869771  -7.31060943  -6.37345876
  -5.45788227  -4.56677686  -3.59387723  -2.36219171  -1.2837975 ]
Advants:
[-11.76016599 -11.51934029 -11.28529313 -11.06705827 -10.8653545
 -10.68200016 -10.5402251  -10.32917389 -10.09157758  -9.85731207
  -9.64528414  -9.35799543  -9.03848266  -8.66792075  -8.22126113
  -7.72127623  -7.21586463  -6.70109501  -6.07280389  -5.39725218
  -4.69386349  -3.96425167  -3.13908567  -2.13749683  -1.16427684]
Mus:
[[0.26140937 0.2962299  0.23143066 0.21093006]
 [0.2606076  0.29963258 0.2295155  0.21024439]
 [0.25988448 0.29883233 0.23036462 0.21091855]
 [0.25957286 0.2974508  0.23138697 0.21158926]
 [0.25969306 0.2955919  0.23233508 0.21237999]
 [0.25962207 0.2935534  0.23368803 0.21313655]
 [0.25969306 0.2955919  0.23233508 0.21237999]
 [0.25962207 0.2935534  0.23368803 0.21313655]
 [0.2597676  0.29067332 0.23568544 0.21387368]
 [0.25962207 0.2935534  0.23368803 0.21313655]
 [0.25969306 0.2955919  0.23233508 0.21237999]
 [0.25962207 0.2935534  0.23368803 0.21313655]
 [0.25962207 0.2935534  0.23368803 0.21313655]
 [0.2591561  0.2966036  0.23169684 0.2125435 ]
 [0.2584849  0.29996115 0.22948857 0.21206535]
 [0.2584849  0.29996115 0.22948857 0.21206535]
 [0.2584849  0.29996115 0.22948857 0.21206535]
 [0.25919223 0.30164802 0.2284222  0.21073751]
 [0.25919223 0.30164802 0.2284222  0.21073751]
 [0.2584849  0.29996115 0.22948857 0.21206535]
 [0.2584849  0.29996115 0.22948857 0.21206535]
 [0.25919223 0.30164802 0.2284222  0.21073751]
 [0.25934857 0.30337563 0.22730306 0.20997274]
 [0.25953948 0.30044404 0.22928064 0.21073581]
 [0.25941777 0.30208194 0.22850005 0.21000017]]
Actions:
[[0. 1. 0. 0.]
 [0. 0. 1. 0.]
 [0. 0. 1. 0.]
 [0. 0. 1. 0.]
 [0. 0. 1. 0.]
 [1. 0. 0. 0.]
 [0. 0. 1. 0.]
 [0. 0. 0. 1.]
 [0. 1. 0. 0.]
 [1. 0. 0. 0.]
 [0. 0. 1. 0.]
 [0. 0. 1. 0.]
 [0. 1. 0. 0.]
 [0. 1. 0. 0.]
 [0. 0. 1. 0.]
 [0. 1. 0. 0.]
 [1. 0. 0. 0.]
 [0. 1. 0. 0.]
 [0. 0. 1. 0.]
 [0. 1. 0. 0.]
 [1. 0. 0. 0.]
 [1. 0. 0. 0.]
 [0. 0. 0. 1.]
 [1. 0. 0. 0.]
 [0. 0. 1. 0.]]
States:
[[1.  0.7]
 [1.  0.8]
 [0.9 0.8]
 [0.8 0.8]
 [0.7 0.8]
 [0.6 0.8]
 [0.7 0.8]
 [0.6 0.8]
 [0.6 0.7]
 [0.6 0.8]
 [0.7 0.8]
 [0.6 0.8]
 [0.6 0.8]
 [0.6 0.9]
 [0.6 1. ]
 [0.6 1. ]
 [0.6 1. ]
 [0.7 1. ]
 [0.7 1. ]
 [0.6 1. ]
 [0.6 1. ]
 [0.7 1. ]
 [0.8 1. ]
 [0.8 0.9]
 [0.9 0.9]]
Logstds:
[[0. 0. 0. 0.]
 [0. 0. 0. 0.]
 [0. 0. 0. 0.]
 [0. 0. 0. 0.]
 [0. 0. 0. 0.]
 [0. 0. 0. 0.]
 [0. 0. 0. 0.]
 [0. 0. 0. 0.]
 [0. 0. 0. 0.]
 [0. 0. 0. 0.]
 [0. 0. 0. 0.]
 [0. 0. 0. 0.]
 [0. 0. 0. 0.]
 [0. 0. 0. 0.]
 [0. 0. 0. 0.]
 [0. 0. 0. 0.]
 [0. 0. 0. 0.]
 [0. 0. 0. 0.]
 [0. 0. 0. 0.]
 [0. 0. 0. 0.]
 [0. 0. 0. 0.]
 [0. 0. 0. 0.]
 [0. 0. 0. 0.]
 [0. 0. 0. 0.]
 [0. 0. 0. 0.]]
