Baseline:
[0.9016047  0.9016047  0.9016047  0.9016047  0.9016047  0.9016047
 0.8639743  0.8639743  0.9016047  0.9016047  0.9016047  0.8814401
 0.8814401  0.9016047  0.9016047  0.8814401  0.8627162  0.84449506
 0.8627162  0.8627162  0.8627162  0.8814401  0.8627162  0.8627162
 0.84449506 0.84449506]
Returns:
[-3.10591263 -3.053864   -2.99907596 -2.90094948 -2.79765844 -2.68893104
 -2.60064933 -2.53621237 -2.43338539 -2.30548572 -2.17085449 -2.07268456
 -1.93591372 -1.8317144  -1.7126027  -1.59031425 -1.47308724 -1.3610691
 -1.24403729 -1.07495034 -0.89696408 -0.74651066 -0.58487294 -0.38109313
 -0.21160161]
Advants:
[-2.91429826 -2.89145543 -2.86666669 -2.79806022 -2.72360935 -2.64281622
 -2.54332383 -2.50556434 -2.46730145 -2.36467417 -2.25330436 -2.15655297
 -2.03897386 -1.97316677 -1.87015159 -1.74076049 -1.61477959 -1.49133163
 -1.39683481 -1.22719969 -1.04311384 -0.90069101 -0.70314694 -0.47441851
 -0.25382638]
Mus:
[[0.26213208 0.28531942 0.23953825 0.21301027]
 [0.26213208 0.28531942 0.23953825 0.21301027]
 [0.26213208 0.28531942 0.23953825 0.21301027]
 [0.26213208 0.28531942 0.23953825 0.21301027]
 [0.26213208 0.28531942 0.23953825 0.21301027]
 [0.26213208 0.28531942 0.23953825 0.21301027]
 [0.2616318  0.28082067 0.24340923 0.21413825]
 [0.2616318  0.28082067 0.24340923 0.21413825]
 [0.26213208 0.28531942 0.23953825 0.21301027]
 [0.26213208 0.28531942 0.23953825 0.21301027]
 [0.26213208 0.28531942 0.23953825 0.21301027]
 [0.26168966 0.28449368 0.24018049 0.21363623]
 [0.26168966 0.28449368 0.24018049 0.21363623]
 [0.26213208 0.28531942 0.23953825 0.21301027]
 [0.26213208 0.28531942 0.23953825 0.21301027]
 [0.26168966 0.28449368 0.24018049 0.21363623]
 [0.26083913 0.28319848 0.24141394 0.21454845]
 [0.260012   0.28206024 0.24247386 0.21545391]
 [0.26083913 0.28319848 0.24141394 0.21454845]
 [0.26083913 0.28319848 0.24141394 0.21454845]
 [0.26083913 0.28319848 0.24141394 0.21454845]
 [0.26168966 0.28449368 0.24018049 0.21363623]
 [0.26083913 0.28319848 0.24141394 0.21454845]
 [0.26083913 0.28319848 0.24141394 0.21454845]
 [0.260012   0.28206024 0.24247386 0.21545391]]
Actions:
[[1. 0. 0. 0.]
 [1. 0. 0. 0.]
 [0. 1. 0. 0.]
 [0. 1. 0. 0.]
 [0. 1. 0. 0.]
 [0. 0. 0. 1.]
 [1. 0. 0. 0.]
 [0. 1. 0. 0.]
 [0. 1. 0. 0.]
 [0. 1. 0. 0.]
 [0. 0. 1. 0.]
 [0. 1. 0. 0.]
 [1. 0. 0. 0.]
 [1. 0. 0. 0.]
 [0. 0. 1. 0.]
 [0. 0. 1. 0.]
 [0. 0. 1. 0.]
 [1. 0. 0. 0.]
 [0. 1. 0. 0.]
 [0. 1. 0. 0.]
 [1. 0. 0. 0.]
 [0. 0. 1. 0.]
 [0. 1. 0. 0.]
 [0. 0. 1. 0.]
 [0. 1. 0. 0.]]
States:
[[1.  0.4]
 [1.  0.4]
 [1.  0.4]
 [1.  0.4]
 [1.  0.4]
 [1.  0.4]
 [1.  0.3]
 [1.  0.3]
 [1.  0.4]
 [1.  0.4]
 [1.  0.4]
 [0.9 0.4]
 [0.9 0.4]
 [1.  0.4]
 [1.  0.4]
 [0.9 0.4]
 [0.8 0.4]
 [0.7 0.4]
 [0.8 0.4]
 [0.8 0.4]
 [0.8 0.4]
 [0.9 0.4]
 [0.8 0.4]
 [0.8 0.4]
 [0.7 0.4]]
Logstds:
[[0. 0. 0. 0.]
 [0. 0. 0. 0.]
 [0. 0. 0. 0.]
 [0. 0. 0. 0.]
 [0. 0. 0. 0.]
 [0. 0. 0. 0.]
 [0. 0. 0. 0.]
 [0. 0. 0. 0.]
 [0. 0. 0. 0.]
 [0. 0. 0. 0.]
 [0. 0. 0. 0.]
 [0. 0. 0. 0.]
 [0. 0. 0. 0.]
 [0. 0. 0. 0.]
 [0. 0. 0. 0.]
 [0. 0. 0. 0.]
 [0. 0. 0. 0.]
 [0. 0. 0. 0.]
 [0. 0. 0. 0.]
 [0. 0. 0. 0.]
 [0. 0. 0. 0.]
 [0. 0. 0. 0.]
 [0. 0. 0. 0.]
 [0. 0. 0. 0.]
 [0. 0. 0. 0.]]
