Baseline:
[0.9146493  0.8957989  0.9146493  0.9336933  0.9146493  0.9336933
 0.8914326  0.9336933  0.9497344  0.9050028  0.9497344  0.9497344
 0.9050028  0.9497344  0.9050028  0.8914326  0.9336933  0.9497344
 0.9634485  0.97763425 0.9278111  0.97763425 1.0249532  1.0705549
 1.0249532  1.0249532 ]
Returns:
[-2.96878096 -2.94282446 -2.91532514 -2.8763782  -2.83322739 -2.78995952
 -2.72324634 -2.64613215 -2.58359725 -2.4949397  -2.39310975 -2.26896695
 -2.16374991 -2.04448892 -1.92745724 -1.83977205 -1.71615922 -1.60467837
 -1.47826883 -1.33651918 -1.16044791 -0.96296594 -0.73796144 -0.4844706
 -0.23218167]
Advants:
[-2.72021667 -2.69503916 -2.70742427 -2.70973167 -2.66971568 -2.66881078
 -2.58177205 -2.56964436 -2.54637436 -2.43406188 -2.39806982 -2.29299181
 -2.15909439 -2.09967862 -1.94931339 -1.85729547 -1.78345165 -1.69320809
 -1.58266612 -1.45349379 -1.21886747 -1.0571662  -0.85874658 -0.6219274
 -0.28342932]
Mus:
[[0.25779495 0.28501284 0.23922966 0.21796256]
 [0.25680903 0.28386763 0.23996964 0.2193537 ]
 [0.25779495 0.28501284 0.23922966 0.21796256]
 [0.25835806 0.28588936 0.23878953 0.2169631 ]
 [0.25779495 0.28501284 0.23922966 0.21796256]
 [0.25835806 0.28588936 0.23878953 0.2169631 ]
 [0.25861856 0.28220642 0.2415794  0.21759559]
 [0.25835806 0.28588936 0.23878953 0.2169631 ]
 [0.25922516 0.2882292  0.23727782 0.21526782]
 [0.2595157  0.2845408  0.23981252 0.21613093]
 [0.25922516 0.2882292  0.23727782 0.21526782]
 [0.25922516 0.2882292  0.23727782 0.21526782]
 [0.2595157  0.2845408  0.23981252 0.21613093]
 [0.25922516 0.2882292  0.23727782 0.21526782]
 [0.2595157  0.2845408  0.23981252 0.21613093]
 [0.25861856 0.28220642 0.2415794  0.21759559]
 [0.25835806 0.28588936 0.23878953 0.2169631 ]
 [0.25922516 0.2882292  0.23727782 0.21526782]
 [0.2597676  0.29067332 0.23568544 0.21387368]
 [0.2596946  0.292632   0.2344327  0.21324068]
 [0.2596395  0.28929067 0.23689438 0.21417549]
 [0.2596946  0.292632   0.2344327  0.21324068]
 [0.25969306 0.2955919  0.23233508 0.21237999]
 [0.25962454 0.2985617  0.2302689  0.21154492]
 [0.25969306 0.2955919  0.23233508 0.21237999]]
Actions:
[[0. 0. 1. 0.]
 [1. 0. 0. 0.]
 [1. 0. 0. 0.]
 [0. 0. 1. 0.]
 [1. 0. 0. 0.]
 [0. 0. 0. 1.]
 [0. 1. 0. 0.]
 [1. 0. 0. 0.]
 [0. 0. 0. 1.]
 [0. 1. 0. 0.]
 [0. 1. 0. 0.]
 [0. 0. 0. 1.]
 [0. 1. 0. 0.]
 [0. 0. 0. 1.]
 [0. 0. 1. 0.]
 [0. 1. 0. 0.]
 [1. 0. 0. 0.]
 [1. 0. 0. 0.]
 [1. 0. 0. 0.]
 [0. 0. 0. 1.]
 [0. 1. 0. 0.]
 [0. 1. 0. 0.]
 [0. 1. 0. 0.]
 [0. 0. 0. 1.]
 [0. 0. 1. 0.]]
States:
[[0.3 0.7]
 [0.2 0.7]
 [0.3 0.7]
 [0.4 0.7]
 [0.3 0.7]
 [0.4 0.7]
 [0.4 0.6]
 [0.4 0.7]
 [0.5 0.7]
 [0.5 0.6]
 [0.5 0.7]
 [0.5 0.7]
 [0.5 0.6]
 [0.5 0.7]
 [0.5 0.6]
 [0.4 0.6]
 [0.4 0.7]
 [0.5 0.7]
 [0.6 0.7]
 [0.7 0.7]
 [0.7 0.6]
 [0.7 0.7]
 [0.7 0.8]
 [0.7 0.9]
 [0.7 0.8]]
Logstds:
[[0. 0. 0. 0.]
 [0. 0. 0. 0.]
 [0. 0. 0. 0.]
 [0. 0. 0. 0.]
 [0. 0. 0. 0.]
 [0. 0. 0. 0.]
 [0. 0. 0. 0.]
 [0. 0. 0. 0.]
 [0. 0. 0. 0.]
 [0. 0. 0. 0.]
 [0. 0. 0. 0.]
 [0. 0. 0. 0.]
 [0. 0. 0. 0.]
 [0. 0. 0. 0.]
 [0. 0. 0. 0.]
 [0. 0. 0. 0.]
 [0. 0. 0. 0.]
 [0. 0. 0. 0.]
 [0. 0. 0. 0.]
 [0. 0. 0. 0.]
 [0. 0. 0. 0.]
 [0. 0. 0. 0.]
 [0. 0. 0. 0.]
 [0. 0. 0. 0.]
 [0. 0. 0. 0.]]
