Baseline:
[-1.5741695 -1.5320648 -1.5320648 -1.5741695 -1.5124139 -1.4509357
 -1.4931592 -1.4343995 -1.4931592 -1.4931592 -1.4509357 -1.4093645
 -1.4509357 -1.4093645 -1.4509357 -1.4093645 -1.4509357 -1.5124139
 -1.5537659 -1.5959417 -1.5537659 -1.5959417 -1.6566807 -1.6153327
 -1.5537659 -1.5537659]
Returns:
[-15.35834863 -14.97738978 -14.61987317 -14.3077297  -13.87931997
 -13.47340402 -13.13890523 -12.70172916 -12.26800302 -11.8308931
 -11.3082988  -10.80161368 -10.36506263  -9.8087335   -9.3199256
  -8.70858926  -8.16187903  -7.48824605  -6.80031849  -6.03562281
  -5.12387925  -4.27094993  -3.27065903  -2.17129865  -1.06647682]
Advants:
[-10.88686528 -10.71703184 -10.53187722 -10.35371793 -10.16681349
 -10.00678507  -9.81853016  -9.63293253  -9.33445941  -9.09437073
  -8.81294809  -8.54934534  -8.27511312  -7.96569372  -7.64174186
  -7.27836733  -6.89586406  -6.36132534  -5.82714924  -5.20704699
  -4.51326487  -3.78123649  -2.86435999  -1.93005909  -0.98878849]
Mus:
[[0.26514602 0.28084964 0.26286966 0.19113463]
 [0.26061618 0.28126755 0.26584566 0.19227064]
 [0.26061618 0.28126755 0.26584566 0.19227064]
 [0.26514602 0.28084964 0.26286966 0.19113463]
 [0.26512167 0.27805102 0.26441002 0.19241728]
 [0.26509738 0.27520102 0.26584896 0.19385265]
 [0.26875302 0.27425835 0.26316124 0.19382745]
 [0.2684251  0.2713609  0.26501128 0.19520278]
 [0.26875302 0.27425835 0.26316124 0.19382745]
 [0.26875302 0.27425835 0.26316124 0.19382745]
 [0.26509738 0.27520102 0.26584896 0.19385265]
 [0.26058388 0.27552563 0.26891318 0.19497737]
 [0.26509738 0.27520102 0.26584896 0.19385265]
 [0.26058388 0.27552563 0.26891318 0.19497737]
 [0.26509738 0.27520102 0.26584896 0.19385265]
 [0.26058388 0.27552563 0.26891318 0.19497737]
 [0.26509738 0.27520102 0.26584896 0.19385265]
 [0.26512167 0.27805102 0.26441002 0.19241728]
 [0.26911014 0.2769358  0.26196045 0.19199364]
 [0.2718355  0.27606794 0.2596092  0.1924874 ]
 [0.26911014 0.2769358  0.26196045 0.19199364]
 [0.2718355  0.27606794 0.2596092  0.1924874 ]
 [0.27150512 0.2785818  0.2586924  0.19122064]
 [0.2689665  0.279596   0.2607683  0.19066921]
 [0.26911014 0.2769358  0.26196045 0.19199364]]
Actions:
[[0. 0. 1. 0.]
 [0. 1. 0. 0.]
 [1. 0. 0. 0.]
 [0. 0. 0. 1.]
 [0. 0. 0. 1.]
 [1. 0. 0. 0.]
 [0. 0. 0. 1.]
 [0. 1. 0. 0.]
 [1. 0. 0. 0.]
 [0. 0. 1. 0.]
 [0. 0. 1. 0.]
 [1. 0. 0. 0.]
 [0. 0. 1. 0.]
 [1. 0. 0. 0.]
 [0. 0. 1. 0.]
 [1. 0. 0. 0.]
 [0. 1. 0. 0.]
 [1. 0. 0. 0.]
 [1. 0. 0. 0.]
 [0. 0. 1. 0.]
 [1. 0. 0. 0.]
 [0. 1. 0. 0.]
 [0. 0. 1. 0.]
 [0. 0. 0. 1.]
 [1. 0. 0. 0.]]
States:
[[0.6 0.7]
 [0.5 0.7]
 [0.5 0.7]
 [0.6 0.7]
 [0.6 0.6]
 [0.6 0.5]
 [0.7 0.5]
 [0.7 0.4]
 [0.7 0.5]
 [0.7 0.5]
 [0.6 0.5]
 [0.5 0.5]
 [0.6 0.5]
 [0.5 0.5]
 [0.6 0.5]
 [0.5 0.5]
 [0.6 0.5]
 [0.6 0.6]
 [0.7 0.6]
 [0.8 0.6]
 [0.7 0.6]
 [0.8 0.6]
 [0.8 0.7]
 [0.7 0.7]
 [0.7 0.6]]
Logstds:
[[0. 0. 0. 0.]
 [0. 0. 0. 0.]
 [0. 0. 0. 0.]
 [0. 0. 0. 0.]
 [0. 0. 0. 0.]
 [0. 0. 0. 0.]
 [0. 0. 0. 0.]
 [0. 0. 0. 0.]
 [0. 0. 0. 0.]
 [0. 0. 0. 0.]
 [0. 0. 0. 0.]
 [0. 0. 0. 0.]
 [0. 0. 0. 0.]
 [0. 0. 0. 0.]
 [0. 0. 0. 0.]
 [0. 0. 0. 0.]
 [0. 0. 0. 0.]
 [0. 0. 0. 0.]
 [0. 0. 0. 0.]
 [0. 0. 0. 0.]
 [0. 0. 0. 0.]
 [0. 0. 0. 0.]
 [0. 0. 0. 0.]
 [0. 0. 0. 0.]
 [0. 0. 0. 0.]]
