Baseline:
[1.1160637 1.1341375 1.088355  1.0705549 1.1160637 1.1341375 1.088355
 1.1037834 1.088355  1.1341375 1.1160637 1.1341375 1.088355  1.040805
 1.0550382 1.008935  1.0292903 0.9851892 0.9851892 0.9851892 0.9654874
 0.9851892 0.9851892 1.0292903 1.008935  1.008935 ]
Returns:
[-3.81634987 -3.74792633 -3.64156595 -3.56210248 -3.44058141 -3.35238058
 -3.22520201 -3.13083641 -3.01403075 -2.8505521  -2.71294445 -2.58644694
 -2.41895607 -2.25861376 -2.12738972 -1.95665289 -1.81331893 -1.63114067
 -1.45464693 -1.28825261 -1.11255673 -0.93788916 -0.72490849 -0.46855972
 -0.23399991]
Advants:
[-3.59394498 -3.58056649 -3.46383886 -3.40199942 -3.36207809 -3.32894751
 -3.19078517 -3.14716988 -3.04917691 -2.96499872 -2.84087561 -2.76334525
 -2.57700084 -2.39190191 -2.2960279  -2.09539711 -1.98620509 -1.76788844
 -1.59457717 -1.42649022 -1.2232125  -1.05490263 -0.8208541  -0.5791795
 -0.28444666]
Mus:
[[0.25919223 0.30164802 0.2284222  0.21073751]
 [0.25934857 0.30337563 0.22730306 0.20997274]
 [0.25953948 0.30044404 0.22928064 0.21073581]
 [0.25962454 0.2985617  0.2302689  0.21154492]
 [0.25919223 0.30164802 0.2284222  0.21073751]
 [0.25934857 0.30337563 0.22730306 0.20997274]
 [0.25953948 0.30044404 0.22928064 0.21073581]
 [0.25941777 0.30208194 0.22850005 0.21000017]
 [0.25953948 0.30044404 0.22928064 0.21073581]
 [0.25934857 0.30337563 0.22730306 0.20997274]
 [0.25919223 0.30164802 0.2284222  0.21073751]
 [0.25934857 0.30337563 0.22730306 0.20997274]
 [0.25953948 0.30044404 0.22928064 0.21073581]
 [0.25957286 0.2974508  0.23138697 0.21158926]
 [0.25988448 0.29883233 0.23036462 0.21091855]
 [0.26043135 0.2953836  0.23232113 0.21186392]
 [0.26140937 0.2962299  0.23143066 0.21093006]
 [0.26207826 0.29235667 0.23387787 0.2116872 ]
 [0.26207826 0.29235667 0.23387787 0.2116872 ]
 [0.26207826 0.29235667 0.23387787 0.2116872 ]
 [0.26112112 0.29140964 0.2347545  0.2127147 ]
 [0.26207826 0.29235667 0.23387787 0.2116872 ]
 [0.26207826 0.29235667 0.23387787 0.2116872 ]
 [0.26140937 0.2962299  0.23143066 0.21093006]
 [0.26043135 0.2953836  0.23232113 0.21186392]]
Actions:
[[1. 0. 0. 0.]
 [0. 0. 0. 1.]
 [0. 0. 1. 0.]
 [0. 1. 0. 0.]
 [1. 0. 0. 0.]
 [0. 0. 0. 1.]
 [1. 0. 0. 0.]
 [0. 0. 1. 0.]
 [0. 1. 0. 0.]
 [0. 0. 1. 0.]
 [1. 0. 0. 0.]
 [0. 0. 0. 1.]
 [0. 0. 0. 1.]
 [1. 0. 0. 0.]
 [0. 0. 0. 1.]
 [1. 0. 0. 0.]
 [0. 0. 0. 1.]
 [0. 0. 0. 1.]
 [1. 0. 0. 0.]
 [0. 0. 1. 0.]
 [1. 0. 0. 0.]
 [0. 0. 0. 1.]
 [0. 1. 0. 0.]
 [0. 0. 1. 0.]
 [1. 0. 0. 0.]]
States:
[[0.7 1. ]
 [0.8 1. ]
 [0.8 0.9]
 [0.7 0.9]
 [0.7 1. ]
 [0.8 1. ]
 [0.8 0.9]
 [0.9 0.9]
 [0.8 0.9]
 [0.8 1. ]
 [0.7 1. ]
 [0.8 1. ]
 [0.8 0.9]
 [0.8 0.8]
 [0.9 0.8]
 [0.9 0.7]
 [1.  0.7]
 [1.  0.6]
 [1.  0.6]
 [1.  0.6]
 [0.9 0.6]
 [1.  0.6]
 [1.  0.6]
 [1.  0.7]
 [0.9 0.7]]
Logstds:
[[0. 0. 0. 0.]
 [0. 0. 0. 0.]
 [0. 0. 0. 0.]
 [0. 0. 0. 0.]
 [0. 0. 0. 0.]
 [0. 0. 0. 0.]
 [0. 0. 0. 0.]
 [0. 0. 0. 0.]
 [0. 0. 0. 0.]
 [0. 0. 0. 0.]
 [0. 0. 0. 0.]
 [0. 0. 0. 0.]
 [0. 0. 0. 0.]
 [0. 0. 0. 0.]
 [0. 0. 0. 0.]
 [0. 0. 0. 0.]
 [0. 0. 0. 0.]
 [0. 0. 0. 0.]
 [0. 0. 0. 0.]
 [0. 0. 0. 0.]
 [0. 0. 0. 0.]
 [0. 0. 0. 0.]
 [0. 0. 0. 0.]
 [0. 0. 0. 0.]
 [0. 0. 0. 0.]]
