Baseline:
[-5.0060983 -4.8920016 -4.7605224 -4.6462083 -4.779653  -4.8920016
 -4.7605224 -4.634049  -4.511504  -4.634049  -4.7605224 -4.634049
 -4.5168777 -4.3936048 -4.276384  -4.402369  -4.5168777 -4.6462083
 -4.532995  -4.4197826 -4.553978  -4.691801  -4.8319697 -4.723741
 -4.6159554 -4.6159554]
Returns:
[-16.00056832 -15.54729329 -15.01084414 -14.59148159 -14.29661414
 -13.98890028 -13.37043045 -12.76811924 -12.18361242 -11.82261456
 -11.39304281 -10.68665857 -10.09154941  -9.40658722  -8.83087268
  -8.36793206  -7.86437936  -7.26472762  -6.47457301  -5.68020733
  -4.99129209  -4.21734932  -3.35366001  -2.28841822  -1.20442533]
Advants:
[-9.46116043 -9.32090877 -9.1192871  -9.02547447 -8.81314644 -8.61447577
 -8.35267505 -8.10649362 -7.87946434 -7.63591264 -7.32310542 -6.98921784
 -6.76347956 -6.45810223 -6.26357457 -5.94288745 -5.5968001  -5.14041402
 -4.73835415 -4.33443315 -3.78671376 -3.14559995 -2.40440349 -1.70282849
 -0.97362757]
Mus:
[[0.26168966 0.28449368 0.24018049 0.21363623]
 [0.26083913 0.28319848 0.24141394 0.21454845]
 [0.2609231  0.27987248 0.24427333 0.21493107]
 [0.26020825 0.27856544 0.24543029 0.21579607]
 [0.260012   0.28206024 0.24247386 0.21545391]
 [0.26083913 0.28319848 0.24141394 0.21454845]
 [0.2609231  0.27987248 0.24427333 0.21493107]
 [0.26139328 0.27560148 0.24711154 0.21589369]
 [0.26190236 0.27079847 0.2499197  0.21737947]
 [0.26139328 0.27560148 0.24711154 0.21589369]
 [0.2609231  0.27987248 0.24427333 0.21493107]
 [0.26139328 0.27560148 0.24711154 0.21589369]
 [0.26097056 0.27460286 0.24770978 0.21671683]
 [0.26163644 0.27011475 0.25023127 0.21801755]
 [0.26117095 0.26926658 0.25090307 0.21865943]
 [0.2602806  0.27327022 0.24897115 0.21747795]
 [0.26097056 0.27460286 0.24770978 0.21671683]
 [0.26020825 0.27856544 0.24543029 0.21579607]
 [0.25950196 0.2771861  0.24672976 0.21658213]
 [0.25866643 0.2754603  0.24826841 0.2176048 ]
 [0.25890708 0.27817583 0.24605037 0.21686669]
 [0.25942633 0.28104374 0.242887   0.21664292]
 [0.2595157  0.2845408  0.23981252 0.21613093]
 [0.25861856 0.28220642 0.2415794  0.21759559]
 [0.2578627  0.28150547 0.24215011 0.21848173]]
Actions:
[[0. 0. 1. 0.]
 [0. 0. 0. 1.]
 [0. 0. 1. 0.]
 [0. 1. 0. 0.]
 [1. 0. 0. 0.]
 [0. 0. 0. 1.]
 [0. 0. 0. 1.]
 [0. 0. 0. 1.]
 [0. 1. 0. 0.]
 [0. 1. 0. 0.]
 [0. 0. 0. 1.]
 [0. 0. 1. 0.]
 [0. 0. 0. 1.]
 [0. 0. 1. 0.]
 [0. 1. 0. 0.]
 [1. 0. 0. 0.]
 [0. 1. 0. 0.]
 [0. 0. 1. 0.]
 [0. 0. 1. 0.]
 [0. 1. 0. 0.]
 [0. 1. 0. 0.]
 [0. 1. 0. 0.]
 [0. 0. 1. 0.]
 [0. 0. 1. 0.]
 [0. 0. 0. 1.]]
States:
[[0.9 0.4]
 [0.8 0.4]
 [0.8 0.3]
 [0.7 0.3]
 [0.7 0.4]
 [0.8 0.4]
 [0.8 0.3]
 [0.8 0.2]
 [0.8 0.1]
 [0.8 0.2]
 [0.8 0.3]
 [0.8 0.2]
 [0.7 0.2]
 [0.7 0.1]
 [0.6 0.1]
 [0.6 0.2]
 [0.7 0.2]
 [0.7 0.3]
 [0.6 0.3]
 [0.5 0.3]
 [0.5 0.4]
 [0.5 0.5]
 [0.5 0.6]
 [0.4 0.6]
 [0.3 0.6]]
Logstds:
[[0. 0. 0. 0.]
 [0. 0. 0. 0.]
 [0. 0. 0. 0.]
 [0. 0. 0. 0.]
 [0. 0. 0. 0.]
 [0. 0. 0. 0.]
 [0. 0. 0. 0.]
 [0. 0. 0. 0.]
 [0. 0. 0. 0.]
 [0. 0. 0. 0.]
 [0. 0. 0. 0.]
 [0. 0. 0. 0.]
 [0. 0. 0. 0.]
 [0. 0. 0. 0.]
 [0. 0. 0. 0.]
 [0. 0. 0. 0.]
 [0. 0. 0. 0.]
 [0. 0. 0. 0.]
 [0. 0. 0. 0.]
 [0. 0. 0. 0.]
 [0. 0. 0. 0.]
 [0. 0. 0. 0.]
 [0. 0. 0. 0.]
 [0. 0. 0. 0.]
 [0. 0. 0. 0.]]
