Baseline:
[-0.16389634 -0.17127185 -0.1628577  -0.17127185 -0.16389634 -0.15767145
 -0.1628577  -0.15767145 -0.1628577  -0.15528016 -0.15464473 -0.15528016
 -0.1628577  -0.15767145 -0.1628577  -0.15767145 -0.15240395 -0.15240395
 -0.15240395 -0.15852737 -0.15382156 -0.1500021  -0.1550876  -0.1500021
 -0.1550876  -0.1550876 ]
Returns:
[-7.17642973 -7.01244974 -6.83640932 -6.69771281 -6.5441157  -6.31902937
 -6.14055098 -5.98607416 -5.79007181 -5.58224436 -5.42041812 -5.27812529
 -5.08661496 -4.87666782 -4.62227567 -4.38788961 -4.11677109 -3.80636126
 -3.47961407 -3.11497003 -2.72496105 -2.28944302 -1.77845278 -1.19193255
 -0.6231786 ]
Advants:
[-5.37722751 -5.27814772 -5.1837698  -5.11159748 -5.04217572 -4.89988751
 -4.79363885 -4.72374187 -4.60248786 -4.48278868 -4.40402523 -4.34612559
 -4.23315232 -4.11550906 -3.9424414  -3.80003329 -3.62014534 -3.39342123
 -3.14738312 -2.85273305 -2.53811497 -2.16977136 -1.7064866  -1.16435738
 -0.61542422]
Mus:
[[0.2574822  0.27274606 0.2502805  0.21949127]
 [0.25696608 0.27280056 0.2500919  0.2201414 ]
 [0.25605038 0.27073014 0.2528868  0.22033265]
 [0.25696608 0.27280056 0.2500919  0.2201414 ]
 [0.2574822  0.27274606 0.2502805  0.21949127]
 [0.2570938  0.27074558 0.25239378 0.2197668 ]
 [0.25605038 0.27073014 0.2528868  0.22033265]
 [0.2570938  0.27074558 0.25239378 0.2197668 ]
 [0.25605038 0.27073014 0.2528868  0.22033265]
 [0.25560227 0.26847625 0.255111   0.22081047]
 [0.25463745 0.26869732 0.25607818 0.22058704]
 [0.25560227 0.26847625 0.255111   0.22081047]
 [0.25605038 0.27073014 0.2528868  0.22033265]
 [0.2570938  0.27074558 0.25239378 0.2197668 ]
 [0.25605038 0.27073014 0.2528868  0.22033265]
 [0.2570938  0.27074558 0.25239378 0.2197668 ]
 [0.25845334 0.27101848 0.25122532 0.21930292]
 [0.25845334 0.27101848 0.25122532 0.21930292]
 [0.25845334 0.27101848 0.25122532 0.21930292]
 [0.25798878 0.27386254 0.2495488  0.21859986]
 [0.25866643 0.2754603  0.24826841 0.2176048 ]
 [0.25950196 0.2771861  0.24672976 0.21658213]
 [0.25948626 0.28070253 0.24371035 0.21610075]
 [0.25950196 0.2771861  0.24672976 0.21658213]
 [0.25948626 0.28070253 0.24371035 0.21610075]]
Actions:
[[0. 0. 1. 0.]
 [0. 0. 0. 1.]
 [0. 1. 0. 0.]
 [1. 0. 0. 0.]
 [0. 0. 0. 1.]
 [0. 0. 1. 0.]
 [1. 0. 0. 0.]
 [0. 0. 1. 0.]
 [0. 0. 0. 1.]
 [0. 0. 1. 0.]
 [1. 0. 0. 0.]
 [0. 1. 0. 0.]
 [1. 0. 0. 0.]
 [0. 0. 1. 0.]
 [1. 0. 0. 0.]
 [1. 0. 0. 0.]
 [1. 0. 0. 0.]
 [1. 0. 0. 0.]
 [0. 1. 0. 0.]
 [1. 0. 0. 0.]
 [1. 0. 0. 0.]
 [0. 1. 0. 0.]
 [0. 0. 0. 1.]
 [0. 1. 0. 0.]
 [0. 0. 1. 0.]]
States:
[[0.3 0.3]
 [0.2 0.3]
 [0.2 0.2]
 [0.2 0.3]
 [0.3 0.3]
 [0.3 0.2]
 [0.2 0.2]
 [0.3 0.2]
 [0.2 0.2]
 [0.2 0.1]
 [0.1 0.1]
 [0.2 0.1]
 [0.2 0.2]
 [0.3 0.2]
 [0.2 0.2]
 [0.3 0.2]
 [0.4 0.2]
 [0.4 0.2]
 [0.4 0.2]
 [0.4 0.3]
 [0.5 0.3]
 [0.6 0.3]
 [0.6 0.4]
 [0.6 0.3]
 [0.6 0.4]]
Logstds:
[[0. 0. 0. 0.]
 [0. 0. 0. 0.]
 [0. 0. 0. 0.]
 [0. 0. 0. 0.]
 [0. 0. 0. 0.]
 [0. 0. 0. 0.]
 [0. 0. 0. 0.]
 [0. 0. 0. 0.]
 [0. 0. 0. 0.]
 [0. 0. 0. 0.]
 [0. 0. 0. 0.]
 [0. 0. 0. 0.]
 [0. 0. 0. 0.]
 [0. 0. 0. 0.]
 [0. 0. 0. 0.]
 [0. 0. 0. 0.]
 [0. 0. 0. 0.]
 [0. 0. 0. 0.]
 [0. 0. 0. 0.]
 [0. 0. 0. 0.]
 [0. 0. 0. 0.]
 [0. 0. 0. 0.]
 [0. 0. 0. 0.]
 [0. 0. 0. 0.]
 [0. 0. 0. 0.]]
