Baseline:
[0.10271537 0.10562779 0.10957888 0.10601377 0.11219664 0.11219664
 0.10742631 0.        ]
Returns:
[-2.23774298 -1.89529176 -1.56767426 -1.23441544 -0.92856686 -0.63974586
 -0.3188771 ]
Advants:
[-2.16020651 -1.86719668 -1.58401261 -1.28070235 -1.00813724 -0.73979285
 -0.42630341]
Mus:
[[0.24827895 0.26860222 0.2809211  0.20219773]
 [0.24881975 0.26536024 0.2818042  0.20401584]
 [0.24854293 0.26212177 0.28331977 0.20601548]
 [0.2438608  0.26109055 0.28721163 0.207837  ]
 [0.24324597 0.25935122 0.28816402 0.20923875]
 [0.24324597 0.25935122 0.28816402 0.20923875]
 [0.23914075 0.25845698 0.2918959  0.21050641]]
Actions:
[[0. 0. 0. 1.]
 [0. 0. 0. 1.]
 [0. 0. 1. 0.]
 [0. 0. 0. 1.]
 [0. 0. 0. 1.]
 [0. 0. 1. 0.]
 [1. 0. 0. 0.]]
States:
[[0.2 0.3]
 [0.2 0.2]
 [0.2 0.1]
 [0.1 0.1]
 [0.1 0. ]
 [0.1 0. ]
 [0.  0. ]]
Logstds:
[[0. 0. 0. 0.]
 [0. 0. 0. 0.]
 [0. 0. 0. 0.]
 [0. 0. 0. 0.]
 [0. 0. 0. 0.]
 [0. 0. 0. 0.]
 [0. 0. 0. 0.]]
