Baseline:
[1.0529696  1.0084231  1.0529696  1.0705549  1.1160637  1.1160637
 1.1160637  1.0964038  1.0964038  1.0529696  1.0529696  1.0705549
 1.0249532  0.97763425 1.0249532  1.0705549  1.088355   1.0705549
 1.0529696  1.0964038  1.1160637  1.1160637  1.1160637  1.1160637
 1.0964038  1.0964038 ]
Returns:
[-3.88823861 -3.82490052 -3.74695998 -3.69767019 -3.58328427 -3.44662461
 -3.30277233 -3.1998035  -3.05597936 -2.93247084 -2.83622821 -2.73900517
 -2.60537595 -2.48056983 -2.33543922 -2.16602616 -2.02460595 -1.86003932
 -1.69726217 -1.49068174 -1.30851592 -1.05213161 -0.78225338 -0.49817104
 -0.24759161]
Advants:
[-3.55508021 -3.47859949 -3.47825165 -3.48142802 -3.448273   -3.34615184
 -3.23533127 -3.14475552 -3.03126666 -2.89208007 -2.82298154 -2.77033729
 -2.61485622 -2.46318059 -2.38453538 -2.27769387 -2.16866601 -1.99649442
 -1.8216173  -1.65937804 -1.4928303  -1.22413047 -0.93254085 -0.61611153
 -0.30241179]
Mus:
[[0.2591561  0.2966036  0.23169684 0.2125435 ]
 [0.25962207 0.2935534  0.23368803 0.21313655]
 [0.2591561  0.2966036  0.23169684 0.2125435 ]
 [0.25962454 0.2985617  0.2302689  0.21154492]
 [0.25919223 0.30164802 0.2284222  0.21073751]
 [0.25919223 0.30164802 0.2284222  0.21073751]
 [0.25919223 0.30164802 0.2284222  0.21073751]
 [0.2584849  0.29996115 0.22948857 0.21206535]
 [0.2584849  0.29996115 0.22948857 0.21206535]
 [0.2591561  0.2966036  0.23169684 0.2125435 ]
 [0.2591561  0.2966036  0.23169684 0.2125435 ]
 [0.25962454 0.2985617  0.2302689  0.21154492]
 [0.25969306 0.2955919  0.23233508 0.21237999]
 [0.2596946  0.292632   0.2344327  0.21324068]
 [0.25969306 0.2955919  0.23233508 0.21237999]
 [0.25962454 0.2985617  0.2302689  0.21154492]
 [0.25953948 0.30044404 0.22928064 0.21073581]
 [0.25962454 0.2985617  0.2302689  0.21154492]
 [0.2591561  0.2966036  0.23169684 0.2125435 ]
 [0.2584849  0.29996115 0.22948857 0.21206535]
 [0.25919223 0.30164802 0.2284222  0.21073751]
 [0.25919223 0.30164802 0.2284222  0.21073751]
 [0.25919223 0.30164802 0.2284222  0.21073751]
 [0.25919223 0.30164802 0.2284222  0.21073751]
 [0.2584849  0.29996115 0.22948857 0.21206535]]
Actions:
[[0. 0. 0. 1.]
 [0. 1. 0. 0.]
 [1. 0. 0. 0.]
 [0. 1. 0. 0.]
 [0. 1. 0. 0.]
 [0. 1. 0. 0.]
 [0. 0. 1. 0.]
 [0. 1. 0. 0.]
 [0. 0. 0. 1.]
 [0. 0. 1. 0.]
 [1. 0. 0. 0.]
 [0. 0. 0. 1.]
 [0. 0. 0. 1.]
 [0. 1. 0. 0.]
 [0. 1. 0. 0.]
 [1. 0. 0. 0.]
 [0. 0. 1. 0.]
 [0. 0. 1. 0.]
 [0. 1. 0. 0.]
 [1. 0. 0. 0.]
 [0. 1. 0. 0.]
 [0. 1. 0. 0.]
 [0. 1. 0. 0.]
 [0. 0. 1. 0.]
 [1. 0. 0. 0.]]
States:
[[0.6 0.9]
 [0.6 0.8]
 [0.6 0.9]
 [0.7 0.9]
 [0.7 1. ]
 [0.7 1. ]
 [0.7 1. ]
 [0.6 1. ]
 [0.6 1. ]
 [0.6 0.9]
 [0.6 0.9]
 [0.7 0.9]
 [0.7 0.8]
 [0.7 0.7]
 [0.7 0.8]
 [0.7 0.9]
 [0.8 0.9]
 [0.7 0.9]
 [0.6 0.9]
 [0.6 1. ]
 [0.7 1. ]
 [0.7 1. ]
 [0.7 1. ]
 [0.7 1. ]
 [0.6 1. ]]
Logstds:
[[0. 0. 0. 0.]
 [0. 0. 0. 0.]
 [0. 0. 0. 0.]
 [0. 0. 0. 0.]
 [0. 0. 0. 0.]
 [0. 0. 0. 0.]
 [0. 0. 0. 0.]
 [0. 0. 0. 0.]
 [0. 0. 0. 0.]
 [0. 0. 0. 0.]
 [0. 0. 0. 0.]
 [0. 0. 0. 0.]
 [0. 0. 0. 0.]
 [0. 0. 0. 0.]
 [0. 0. 0. 0.]
 [0. 0. 0. 0.]
 [0. 0. 0. 0.]
 [0. 0. 0. 0.]
 [0. 0. 0. 0.]
 [0. 0. 0. 0.]
 [0. 0. 0. 0.]
 [0. 0. 0. 0.]
 [0. 0. 0. 0.]
 [0. 0. 0. 0.]
 [0. 0. 0. 0.]]
