Baseline:
[0.09310429 0.09474399 0.09474399 0.09310429 0.09310429 0.09310429
 0.09474399 0.09310429 0.09310429 0.09456655 0.09647559 0.09802906
 0.10601377 0.09896947 0.10601377 0.11219664 0.11503747 0.10957888
 0.11331819 0.10877243 0.10562779 0.10271537 0.09647559 0.10271537
 0.09647559 0.09647559]
Returns:
[-6.2983104  -6.17907035 -5.96720369 -5.80264275 -5.59776988 -5.38211424
 -5.21465334 -5.01048448 -4.76391908 -4.57350802 -4.39137703 -4.18822144
 -4.00587583 -3.83139115 -3.66822323 -3.4904698  -3.31108826 -3.04071897
 -2.78187764 -2.42688129 -2.07842347 -1.68218447 -1.29362371 -0.91261967
 -0.4835555 ]
Advants:
[-4.91919042 -4.87021093 -4.72625816 -4.62861654 -4.49180677 -4.34334256
 -4.24530821 -4.10669582 -3.92542509 -3.80148946 -3.68624511 -3.54892073
 -3.43892058 -3.3216208  -3.23036933 -3.12389088 -3.01252729 -2.798898
 -2.60340335 -2.29742654 -1.99307815 -1.63286136 -1.26810183 -0.91434704
 -0.4883793 ]
Mus:
[[0.24300815 0.26813772 0.28632778 0.20252633]
 [0.24587768 0.2701126  0.28248024 0.20152938]
 [0.24587768 0.2701126  0.28248024 0.20152938]
 [0.24300815 0.26813772 0.28632778 0.20252633]
 [0.24300815 0.26813772 0.28632778 0.20252633]
 [0.24300815 0.26813772 0.28632778 0.20252633]
 [0.24587768 0.2701126  0.28248024 0.20152938]
 [0.24300815 0.26813772 0.28632778 0.20252633]
 [0.24300815 0.26813772 0.28632778 0.20252633]
 [0.24178542 0.2653497  0.2881169  0.20474795]
 [0.24530363 0.26698428 0.2842916  0.20342048]
 [0.24464242 0.26394394 0.28564692 0.20576672]
 [0.2438608  0.26109055 0.28721163 0.207837  ]
 [0.2399224  0.26025698 0.29062265 0.20919794]
 [0.2438608  0.26109055 0.28721163 0.207837  ]
 [0.24324597 0.25935122 0.28816402 0.20923875]
 [0.24808921 0.25947255 0.28498164 0.20745656]
 [0.24854293 0.26212177 0.28331977 0.20601548]
 [0.25334868 0.26303935 0.2801229  0.20348899]
 [0.25309172 0.26599646 0.27871954 0.20219229]
 [0.24881975 0.26536024 0.2818042  0.20401584]
 [0.24827895 0.26860222 0.2809211  0.20219773]
 [0.24530363 0.26698428 0.2842916  0.20342048]
 [0.24827895 0.26860222 0.2809211  0.20219773]
 [0.24530363 0.26698428 0.2842916  0.20342048]]
Actions:
[[1. 0. 0. 0.]
 [0. 1. 0. 0.]
 [0. 0. 1. 0.]
 [0. 1. 0. 0.]
 [0. 1. 0. 0.]
 [1. 0. 0. 0.]
 [0. 0. 1. 0.]
 [0. 1. 0. 0.]
 [0. 0. 0. 1.]
 [1. 0. 0. 0.]
 [0. 0. 0. 1.]
 [0. 0. 0. 1.]
 [0. 0. 1. 0.]
 [1. 0. 0. 0.]
 [0. 0. 0. 1.]
 [1. 0. 0. 0.]
 [0. 1. 0. 0.]
 [1. 0. 0. 0.]
 [0. 1. 0. 0.]
 [0. 0. 1. 0.]
 [0. 1. 0. 0.]
 [0. 0. 1. 0.]
 [1. 0. 0. 0.]
 [0. 0. 1. 0.]
 [0. 1. 0. 0.]]
States:
[[0.  0.4]
 [0.1 0.4]
 [0.1 0.4]
 [0.  0.4]
 [0.  0.4]
 [0.  0.4]
 [0.1 0.4]
 [0.  0.4]
 [0.  0.4]
 [0.  0.3]
 [0.1 0.3]
 [0.1 0.2]
 [0.1 0.1]
 [0.  0.1]
 [0.1 0.1]
 [0.1 0. ]
 [0.2 0. ]
 [0.2 0.1]
 [0.3 0.1]
 [0.3 0.2]
 [0.2 0.2]
 [0.2 0.3]
 [0.1 0.3]
 [0.2 0.3]
 [0.1 0.3]]
Logstds:
[[0. 0. 0. 0.]
 [0. 0. 0. 0.]
 [0. 0. 0. 0.]
 [0. 0. 0. 0.]
 [0. 0. 0. 0.]
 [0. 0. 0. 0.]
 [0. 0. 0. 0.]
 [0. 0. 0. 0.]
 [0. 0. 0. 0.]
 [0. 0. 0. 0.]
 [0. 0. 0. 0.]
 [0. 0. 0. 0.]
 [0. 0. 0. 0.]
 [0. 0. 0. 0.]
 [0. 0. 0. 0.]
 [0. 0. 0. 0.]
 [0. 0. 0. 0.]
 [0. 0. 0. 0.]
 [0. 0. 0. 0.]
 [0. 0. 0. 0.]
 [0. 0. 0. 0.]
 [0. 0. 0. 0.]
 [0. 0. 0. 0.]
 [0. 0. 0. 0.]
 [0. 0. 0. 0.]]
