Baseline:
[-1.2026864  -1.1606302  -1.2215716  -1.1606302  -1.0997249  -1.0576421
 -0.99893546 -0.94434875 -0.94434875 -0.99893546 -1.0400863  -1.0829962
 -1.0276614  -1.0829962  -1.1420262  -1.0997249  -1.1606302  -1.2026864
 -1.244738   -1.2026864  -1.2641343  -1.2215716  -1.1816727  -1.1471599
 -1.1471599  -1.1471599 ]
Returns:
[-11.24773662 -10.95043225 -10.64830542 -10.30567873  -9.99146336
  -9.71499142  -9.45412758  -9.22536062  -9.0303953   -8.78586546
  -8.54888129  -8.26108694  -7.89791847  -7.5175106   -7.0780758
  -6.60610472  -6.11580973  -5.62284983  -5.06533416  -4.40025583
  -3.71740583  -2.98071388  -2.24478769  -1.51004998  -0.73948896]
Advants:
[-7.92089846 -7.7874772  -7.54538497 -7.38626938 -7.25813611 -7.15233793
 -7.08347383 -7.04855451 -6.9986835  -6.84777045 -6.72186191 -6.54612381
 -6.39693679 -6.11987894 -5.77820045 -5.50538441 -5.10735231 -4.72200537
 -4.26631394 -3.78015053 -3.16135559 -2.58195235 -1.98889777 -1.37876116
 -0.68213093]
Mus:
[[0.2526539  0.2689793  0.27774104 0.20062578]
 [0.24827895 0.26860222 0.2809211  0.20219773]
 [0.24885069 0.2715303  0.2792185  0.20040055]
 [0.24827895 0.26860222 0.2809211  0.20219773]
 [0.24881975 0.26536024 0.2818042  0.20401584]
 [0.24464242 0.26394394 0.28564692 0.20576672]
 [0.2438608  0.26109055 0.28721163 0.207837  ]
 [0.24324597 0.25935122 0.28816402 0.20923875]
 [0.24324597 0.25935122 0.28816402 0.20923875]
 [0.2438608  0.26109055 0.28721163 0.207837  ]
 [0.24854293 0.26212177 0.28331977 0.20601548]
 [0.25334868 0.26303935 0.2801229  0.20348899]
 [0.2528523  0.26022097 0.28171742 0.20520934]
 [0.25334868 0.26303935 0.2801229  0.20348899]
 [0.25309172 0.26599646 0.27871954 0.20219229]
 [0.24881975 0.26536024 0.2818042  0.20401584]
 [0.24827895 0.26860222 0.2809211  0.20219773]
 [0.2526539  0.2689793  0.27774104 0.20062578]
 [0.25725248 0.26884857 0.2747546  0.19914436]
 [0.2526539  0.2689793  0.27774104 0.20062578]
 [0.2523132  0.27232686 0.27621904 0.19914082]
 [0.24885069 0.2715303  0.2792185  0.20040055]
 [0.24587768 0.2701126  0.28248024 0.20152938]
 [0.24300815 0.26813772 0.28632778 0.20252633]
 [0.24300815 0.26813772 0.28632778 0.20252633]]
Actions:
[[0. 0. 1. 0.]
 [0. 1. 0. 0.]
 [0. 0. 0. 1.]
 [0. 0. 0. 1.]
 [0. 0. 1. 0.]
 [0. 0. 0. 1.]
 [0. 0. 0. 1.]
 [0. 0. 0. 1.]
 [0. 1. 0. 0.]
 [1. 0. 0. 0.]
 [1. 0. 0. 0.]
 [0. 0. 0. 1.]
 [0. 1. 0. 0.]
 [0. 1. 0. 0.]
 [0. 0. 1. 0.]
 [0. 1. 0. 0.]
 [1. 0. 0. 0.]
 [1. 0. 0. 0.]
 [0. 0. 1. 0.]
 [0. 1. 0. 0.]
 [0. 0. 1. 0.]
 [0. 0. 1. 0.]
 [0. 0. 1. 0.]
 [0. 1. 0. 0.]
 [1. 0. 0. 0.]]
States:
[[0.3 0.3]
 [0.2 0.3]
 [0.2 0.4]
 [0.2 0.3]
 [0.2 0.2]
 [0.1 0.2]
 [0.1 0.1]
 [0.1 0. ]
 [0.1 0. ]
 [0.1 0.1]
 [0.2 0.1]
 [0.3 0.1]
 [0.3 0. ]
 [0.3 0.1]
 [0.3 0.2]
 [0.2 0.2]
 [0.2 0.3]
 [0.3 0.3]
 [0.4 0.3]
 [0.3 0.3]
 [0.3 0.4]
 [0.2 0.4]
 [0.1 0.4]
 [0.  0.4]
 [0.  0.4]]
Logstds:
[[0. 0. 0. 0.]
 [0. 0. 0. 0.]
 [0. 0. 0. 0.]
 [0. 0. 0. 0.]
 [0. 0. 0. 0.]
 [0. 0. 0. 0.]
 [0. 0. 0. 0.]
 [0. 0. 0. 0.]
 [0. 0. 0. 0.]
 [0. 0. 0. 0.]
 [0. 0. 0. 0.]
 [0. 0. 0. 0.]
 [0. 0. 0. 0.]
 [0. 0. 0. 0.]
 [0. 0. 0. 0.]
 [0. 0. 0. 0.]
 [0. 0. 0. 0.]
 [0. 0. 0. 0.]
 [0. 0. 0. 0.]
 [0. 0. 0. 0.]
 [0. 0. 0. 0.]
 [0. 0. 0. 0.]
 [0. 0. 0. 0.]
 [0. 0. 0. 0.]
 [0. 0. 0. 0.]]
