Baseline:
[-12.297595  -11.982042  -11.6908245 -12.004084  -12.297595  -12.004084
 -12.004084  -11.6908245 -12.004084  -12.297595  -12.297595  -12.297595
 -12.297595  -11.982042  -11.982042  -11.665495  -11.34902   -11.038261
 -11.34902   -11.038261  -11.038261  -11.34902   -11.34902   -11.665495
 -11.34902   -11.34902  ]
Returns:
[-17.37731282 -16.67633011 -16.18171255 -15.93803648 -15.72670684
 -15.12263559 -14.76765129 -13.95810526 -13.59739723 -13.26287605
 -12.77583061 -12.36800229 -11.83385824 -10.84111476 -10.37586858
  -9.36323846  -8.35374017  -7.34947263  -6.77240113  -5.68490521
  -4.59927601  -3.87745732  -3.13460074  -2.28179258  -0.89958662]
Advants:
[-6.35587297 -6.22433872 -6.29017312 -6.00818294 -5.78609414 -5.77276963
 -5.72936242 -5.5558457  -5.21130022 -4.92132722 -4.7860765  -4.74739794
 -4.59733069 -4.31599115 -4.26592931 -3.99887086 -3.74998611 -3.51700126
 -3.10146801 -2.81323773 -2.22415434 -1.69848709 -1.48274757 -0.84932125
 -0.3321352 ]
Mus:
[[0.26213208 0.28531942 0.23953825 0.21301027]
 [0.2616318  0.28082067 0.24340923 0.21413825]
 [0.26145628 0.28072163 0.24355027 0.2142718 ]
 [0.26168966 0.28449368 0.24018049 0.21363623]
 [0.26213208 0.28531942 0.23953825 0.21301027]
 [0.26168966 0.28449368 0.24018049 0.21363623]
 [0.26168966 0.28449368 0.24018049 0.21363623]
 [0.26145628 0.28072163 0.24355027 0.2142718 ]
 [0.26168966 0.28449368 0.24018049 0.21363623]
 [0.26213208 0.28531942 0.23953825 0.21301027]
 [0.26213208 0.28531942 0.23953825 0.21301027]
 [0.26213208 0.28531942 0.23953825 0.21301027]
 [0.26213208 0.28531942 0.23953825 0.21301027]
 [0.2616318  0.28082067 0.24340923 0.21413825]
 [0.2616318  0.28082067 0.24340923 0.21413825]
 [0.26108986 0.27594823 0.24766493 0.21529701]
 [0.26139447 0.27110624 0.25089577 0.21660353]
 [0.26154423 0.2667453  0.25390416 0.21780635]
 [0.26139447 0.27110624 0.25089577 0.21660353]
 [0.26154423 0.2667453  0.25390416 0.21780635]
 [0.26154423 0.2667453  0.25390416 0.21780635]
 [0.26139447 0.27110624 0.25089577 0.21660353]
 [0.26139447 0.27110624 0.25089577 0.21660353]
 [0.26108986 0.27594823 0.24766493 0.21529701]
 [0.26139447 0.27110624 0.25089577 0.21660353]]
Actions:
[[0. 0. 0. 1.]
 [0. 0. 1. 0.]
 [0. 1. 0. 0.]
 [1. 0. 0. 0.]
 [0. 0. 1. 0.]
 [0. 1. 0. 0.]
 [0. 0. 0. 1.]
 [0. 1. 0. 0.]
 [1. 0. 0. 0.]
 [0. 1. 0. 0.]
 [1. 0. 0. 0.]
 [0. 1. 0. 0.]
 [0. 0. 0. 1.]
 [1. 0. 0. 0.]
 [0. 0. 0. 1.]
 [0. 0. 0. 1.]
 [0. 0. 0. 1.]
 [0. 1. 0. 0.]
 [0. 0. 0. 1.]
 [0. 0. 0. 1.]
 [0. 1. 0. 0.]
 [1. 0. 0. 0.]
 [0. 1. 0. 0.]
 [0. 0. 0. 1.]
 [1. 0. 0. 0.]]
States:
[[1.  0.4]
 [1.  0.3]
 [0.9 0.3]
 [0.9 0.4]
 [1.  0.4]
 [0.9 0.4]
 [0.9 0.4]
 [0.9 0.3]
 [0.9 0.4]
 [1.  0.4]
 [1.  0.4]
 [1.  0.4]
 [1.  0.4]
 [1.  0.3]
 [1.  0.3]
 [1.  0.2]
 [1.  0.1]
 [1.  0. ]
 [1.  0.1]
 [1.  0. ]
 [1.  0. ]
 [1.  0.1]
 [1.  0.1]
 [1.  0.2]
 [1.  0.1]]
Logstds:
[[0. 0. 0. 0.]
 [0. 0. 0. 0.]
 [0. 0. 0. 0.]
 [0. 0. 0. 0.]
 [0. 0. 0. 0.]
 [0. 0. 0. 0.]
 [0. 0. 0. 0.]
 [0. 0. 0. 0.]
 [0. 0. 0. 0.]
 [0. 0. 0. 0.]
 [0. 0. 0. 0.]
 [0. 0. 0. 0.]
 [0. 0. 0. 0.]
 [0. 0. 0. 0.]
 [0. 0. 0. 0.]
 [0. 0. 0. 0.]
 [0. 0. 0. 0.]
 [0. 0. 0. 0.]
 [0. 0. 0. 0.]
 [0. 0. 0. 0.]
 [0. 0. 0. 0.]
 [0. 0. 0. 0.]
 [0. 0. 0. 0.]
 [0. 0. 0. 0.]
 [0. 0. 0. 0.]]
