Baseline:
[-1.127685  -1.0829962 -1.0276614 -1.0276614 -1.0728495 -1.0728495
 -1.127685  -1.1854571 -1.1420262 -1.1854571 -1.1420262 -1.1854571
 -1.1420262 -1.1854571 -1.244738  -1.3059992 -1.244738  -1.2877795
 -1.244738  -1.2026864 -1.1606302 -1.1179241 -1.1606302 -1.0997249
 -1.1420262 -1.1420262]
Returns:
[-11.59133013 -11.35701282 -11.15678782 -10.99363459 -10.83521744
 -10.63114363 -10.35736793 -10.02977377  -9.66904233  -9.36308871
  -8.96726857  -8.6243795   -8.18967993  -7.80586513  -7.30556955
  -6.73965889  -6.12124763  -5.55229342  -4.87127831  -4.19598651
  -3.52753739  -2.86566758  -2.23924493  -1.50048041  -0.80281734]
Advants:
[-8.20376862 -8.13938055 -8.1259186  -8.10034364 -8.03973961 -7.98453731
 -7.80731631 -7.57431817 -7.41255225 -7.22114613 -7.02929448 -6.8052397
 -6.57795814 -6.31545529 -5.91734911 -5.44600571 -5.04072736 -4.57461307
 -4.07521708 -3.57277467 -3.06894894 -2.56364417 -1.99737887 -1.41018114
 -0.74571598]
Mus:
[[0.25705484 0.26384923 0.2774117  0.20168422]
 [0.25334868 0.26303935 0.2801229  0.20348899]
 [0.2528523  0.26022097 0.28171742 0.20520934]
 [0.2528523  0.26022097 0.28171742 0.20520934]
 [0.25659248 0.26101372 0.27890578 0.20348805]
 [0.25659248 0.26101372 0.27890578 0.20348805]
 [0.25705484 0.26384923 0.2774117  0.20168422]
 [0.25700617 0.2663656  0.27639094 0.20023732]
 [0.25309172 0.26599646 0.27871954 0.20219229]
 [0.25700617 0.2663656  0.27639094 0.20023732]
 [0.25309172 0.26599646 0.27871954 0.20219229]
 [0.25700617 0.2663656  0.27639094 0.20023732]
 [0.25309172 0.26599646 0.27871954 0.20219229]
 [0.25700617 0.2663656  0.27639094 0.20023732]
 [0.25725248 0.26884857 0.2747546  0.19914436]
 [0.25677955 0.27203348 0.2734272  0.19775978]
 [0.25725248 0.26884857 0.2747546  0.19914436]
 [0.26133934 0.26890627 0.27210242 0.19765206]
 [0.25725248 0.26884857 0.2747546  0.19914436]
 [0.2526539  0.2689793  0.27774104 0.20062578]
 [0.24827895 0.26860222 0.2809211  0.20219773]
 [0.24530363 0.26698428 0.2842916  0.20342048]
 [0.24827895 0.26860222 0.2809211  0.20219773]
 [0.24881975 0.26536024 0.2818042  0.20401584]
 [0.25309172 0.26599646 0.27871954 0.20219229]]
Actions:
[[0. 0. 1. 0.]
 [0. 0. 0. 1.]
 [0. 0. 0. 1.]
 [1. 0. 0. 0.]
 [1. 0. 0. 0.]
 [0. 1. 0. 0.]
 [0. 1. 0. 0.]
 [0. 0. 1. 0.]
 [1. 0. 0. 0.]
 [0. 0. 1. 0.]
 [1. 0. 0. 0.]
 [0. 0. 1. 0.]
 [1. 0. 0. 0.]
 [0. 1. 0. 0.]
 [0. 1. 0. 0.]
 [0. 0. 0. 1.]
 [1. 0. 0. 0.]
 [0. 0. 1. 0.]
 [0. 0. 1. 0.]
 [0. 0. 1. 0.]
 [0. 0. 1. 0.]
 [1. 0. 0. 0.]
 [0. 0. 0. 1.]
 [1. 0. 0. 0.]
 [0. 0. 0. 1.]]
States:
[[0.4 0.1]
 [0.3 0.1]
 [0.3 0. ]
 [0.3 0. ]
 [0.4 0. ]
 [0.4 0. ]
 [0.4 0.1]
 [0.4 0.2]
 [0.3 0.2]
 [0.4 0.2]
 [0.3 0.2]
 [0.4 0.2]
 [0.3 0.2]
 [0.4 0.2]
 [0.4 0.3]
 [0.4 0.4]
 [0.4 0.3]
 [0.5 0.3]
 [0.4 0.3]
 [0.3 0.3]
 [0.2 0.3]
 [0.1 0.3]
 [0.2 0.3]
 [0.2 0.2]
 [0.3 0.2]]
Logstds:
[[0. 0. 0. 0.]
 [0. 0. 0. 0.]
 [0. 0. 0. 0.]
 [0. 0. 0. 0.]
 [0. 0. 0. 0.]
 [0. 0. 0. 0.]
 [0. 0. 0. 0.]
 [0. 0. 0. 0.]
 [0. 0. 0. 0.]
 [0. 0. 0. 0.]
 [0. 0. 0. 0.]
 [0. 0. 0. 0.]
 [0. 0. 0. 0.]
 [0. 0. 0. 0.]
 [0. 0. 0. 0.]
 [0. 0. 0. 0.]
 [0. 0. 0. 0.]
 [0. 0. 0. 0.]
 [0. 0. 0. 0.]
 [0. 0. 0. 0.]
 [0. 0. 0. 0.]
 [0. 0. 0. 0.]
 [0. 0. 0. 0.]
 [0. 0. 0. 0.]
 [0. 0. 0. 0.]]
