Baseline:
[-2.2223227  -2.26482582 -2.20120859 -2.20120859 -2.24446774 -2.30722809
 -2.24446774 -2.24446774 -2.20120859 -2.24446774 -2.30722809 -2.37114716
 -2.32836914 -2.37114716 -2.30722809 -2.30722809 -2.37114716 -2.37114716
 -2.43252158 -2.49457383  0.        ]
Returns:
[-15.18894621 -14.86894479 -14.32494191 -13.79464404 -13.4051942
 -12.89403506 -12.20962231 -11.7003991  -11.05477351 -10.52111996
  -9.85816743  -9.11414224  -8.24737154  -7.48727082  -6.47588
  -5.6265305   -4.65978757  -3.67437781  -2.55755814  -1.33459163]
Advants:
[-10.51830975 -10.33705834 -10.03850898  -9.68913656  -9.4393828
  -9.04625388  -8.60156675  -8.2686348   -7.8389475   -7.43158133
  -6.86741343  -6.20978776  -5.52343456  -4.84508914  -4.0034561
  -3.24269286  -2.27628741  -1.33013143  -0.15809605   1.1599822 ]
Mus:
[[0.259691   0.29433227 0.23337223 0.2126045 ]
 [0.26043135 0.2953836  0.23232113 0.21186392]
 [0.26112112 0.29140964 0.2347545  0.2127147 ]
 [0.26112112 0.29140964 0.2347545  0.2127147 ]
 [0.26207826 0.29235667 0.23387787 0.2116872 ]
 [0.26140937 0.2962299  0.23143066 0.21093006]
 [0.26207826 0.29235667 0.23387787 0.2116872 ]
 [0.26207826 0.29235667 0.23387787 0.2116872 ]
 [0.26112112 0.29140964 0.2347545  0.2127147 ]
 [0.26207826 0.29235667 0.23387787 0.2116872 ]
 [0.26140937 0.2962299  0.23143066 0.21093006]
 [0.2606076  0.29963258 0.2295155  0.21024439]
 [0.25988448 0.29883233 0.23036462 0.21091855]
 [0.2606076  0.29963258 0.2295155  0.21024439]
 [0.26140937 0.2962299  0.23143066 0.21093006]
 [0.26140937 0.2962299  0.23143066 0.21093006]
 [0.2606076  0.29963258 0.2295155  0.21024439]
 [0.2606076  0.29963258 0.2295155  0.21024439]
 [0.2601313  0.3029988  0.22755642 0.2093135 ]
 [0.259718   0.30611315 0.22571214 0.20845671]]
Actions:
[[1. 0. 0. 0.]
 [0. 0. 0. 1.]
 [0. 0. 0. 1.]
 [1. 0. 0. 0.]
 [0. 1. 0. 0.]
 [0. 0. 0. 1.]
 [1. 0. 0. 0.]
 [0. 0. 1. 0.]
 [1. 0. 0. 0.]
 [0. 1. 0. 0.]
 [0. 1. 0. 0.]
 [0. 0. 1. 0.]
 [1. 0. 0. 0.]
 [0. 0. 0. 1.]
 [1. 0. 0. 0.]
 [0. 1. 0. 0.]
 [1. 0. 0. 0.]
 [0. 1. 0. 0.]
 [0. 1. 0. 0.]
 [0. 1. 0. 0.]]
States:
[[0.8 0.7]
 [0.9 0.7]
 [0.9 0.6]
 [0.9 0.6]
 [1.  0.6]
 [1.  0.7]
 [1.  0.6]
 [1.  0.6]
 [0.9 0.6]
 [1.  0.6]
 [1.  0.7]
 [1.  0.8]
 [0.9 0.8]
 [1.  0.8]
 [1.  0.7]
 [1.  0.7]
 [1.  0.8]
 [1.  0.8]
 [1.  0.9]
 [1.  1. ]]
Logstds:
[[0. 0. 0. 0.]
 [0. 0. 0. 0.]
 [0. 0. 0. 0.]
 [0. 0. 0. 0.]
 [0. 0. 0. 0.]
 [0. 0. 0. 0.]
 [0. 0. 0. 0.]
 [0. 0. 0. 0.]
 [0. 0. 0. 0.]
 [0. 0. 0. 0.]
 [0. 0. 0. 0.]
 [0. 0. 0. 0.]
 [0. 0. 0. 0.]
 [0. 0. 0. 0.]
 [0. 0. 0. 0.]
 [0. 0. 0. 0.]
 [0. 0. 0. 0.]
 [0. 0. 0. 0.]
 [0. 0. 0. 0.]
 [0. 0. 0. 0.]]
