Baseline:
[-12.990848 -13.278056 -12.990848 -13.31291  -13.025377 -12.738499
 -13.062814 -12.738499 -12.738499 -13.062814 -12.738499 -13.062814
 -13.062814 -13.062814 -12.738499 -13.025377 -13.31291  -13.025377
 -13.31291  -13.025377 -13.347437 -13.347437 -13.347437 -13.63497
 -13.347437 -13.347437]
Returns:
[-20.60851397 -20.50200527 -19.94715896 -19.64901664 -19.01815617
 -18.38196591 -17.99121873 -17.09338858 -16.38403795 -15.88813666
 -14.87961798 -14.3045367  -13.38933719 -12.66944095 -11.49151723
 -10.90487447 -10.26146377  -9.13652158  -8.40003967  -7.17712779
  -6.1699863   -5.04356038  -3.85784889  -2.78672395  -1.21046114]
Advants:
[-8.6963589  -8.61795401 -8.68421187 -8.40716447 -8.42560847 -8.458083
 -8.13521536 -7.96956657 -7.68088801 -7.29181331 -7.05431746 -6.61186697
 -6.16423412 -5.92947079 -5.57592081 -5.21804091 -4.81787309 -4.53055542
 -4.07182264 -3.72095103 -2.98494053 -2.46739918 -1.90576993 -1.18233738
 -0.54308891]
Mus:
[[0.25957286 0.2974508  0.23138697 0.21158926]
 [0.25988448 0.29883233 0.23036462 0.21091855]
 [0.25957286 0.2974508  0.23138697 0.21158926]
 [0.25953948 0.30044404 0.22928064 0.21073581]
 [0.25962454 0.2985617  0.2302689  0.21154492]
 [0.2591561  0.2966036  0.23169684 0.2125435 ]
 [0.2584849  0.29996115 0.22948857 0.21206535]
 [0.2591561  0.2966036  0.23169684 0.2125435 ]
 [0.2591561  0.2966036  0.23169684 0.2125435 ]
 [0.2584849  0.29996115 0.22948857 0.21206535]
 [0.2591561  0.2966036  0.23169684 0.2125435 ]
 [0.2584849  0.29996115 0.22948857 0.21206535]
 [0.2584849  0.29996115 0.22948857 0.21206535]
 [0.2584849  0.29996115 0.22948857 0.21206535]
 [0.2591561  0.2966036  0.23169684 0.2125435 ]
 [0.25962454 0.2985617  0.2302689  0.21154492]
 [0.25953948 0.30044404 0.22928064 0.21073581]
 [0.25962454 0.2985617  0.2302689  0.21154492]
 [0.25953948 0.30044404 0.22928064 0.21073581]
 [0.25962454 0.2985617  0.2302689  0.21154492]
 [0.25919223 0.30164802 0.2284222  0.21073751]
 [0.25919223 0.30164802 0.2284222  0.21073751]
 [0.25919223 0.30164802 0.2284222  0.21073751]
 [0.25934857 0.30337563 0.22730306 0.20997274]
 [0.25919223 0.30164802 0.2284222  0.21073751]]
Actions:
[[1. 0. 0. 0.]
 [0. 0. 1. 0.]
 [0. 1. 0. 0.]
 [0. 0. 1. 0.]
 [0. 0. 1. 0.]
 [0. 1. 0. 0.]
 [0. 0. 0. 1.]
 [0. 0. 1. 0.]
 [0. 1. 0. 0.]
 [0. 0. 0. 1.]
 [0. 1. 0. 0.]
 [0. 0. 1. 0.]
 [0. 1. 0. 0.]
 [0. 0. 0. 1.]
 [1. 0. 0. 0.]
 [1. 0. 0. 0.]
 [0. 0. 1. 0.]
 [1. 0. 0. 0.]
 [0. 0. 1. 0.]
 [0. 1. 0. 0.]
 [0. 1. 0. 0.]
 [0. 1. 0. 0.]
 [1. 0. 0. 0.]
 [0. 0. 1. 0.]
 [1. 0. 0. 0.]]
States:
[[0.8 0.8]
 [0.9 0.8]
 [0.8 0.8]
 [0.8 0.9]
 [0.7 0.9]
 [0.6 0.9]
 [0.6 1. ]
 [0.6 0.9]
 [0.6 0.9]
 [0.6 1. ]
 [0.6 0.9]
 [0.6 1. ]
 [0.6 1. ]
 [0.6 1. ]
 [0.6 0.9]
 [0.7 0.9]
 [0.8 0.9]
 [0.7 0.9]
 [0.8 0.9]
 [0.7 0.9]
 [0.7 1. ]
 [0.7 1. ]
 [0.7 1. ]
 [0.8 1. ]
 [0.7 1. ]]
Logstds:
[[0. 0. 0. 0.]
 [0. 0. 0. 0.]
 [0. 0. 0. 0.]
 [0. 0. 0. 0.]
 [0. 0. 0. 0.]
 [0. 0. 0. 0.]
 [0. 0. 0. 0.]
 [0. 0. 0. 0.]
 [0. 0. 0. 0.]
 [0. 0. 0. 0.]
 [0. 0. 0. 0.]
 [0. 0. 0. 0.]
 [0. 0. 0. 0.]
 [0. 0. 0. 0.]
 [0. 0. 0. 0.]
 [0. 0. 0. 0.]
 [0. 0. 0. 0.]
 [0. 0. 0. 0.]
 [0. 0. 0. 0.]
 [0. 0. 0. 0.]
 [0. 0. 0. 0.]
 [0. 0. 0. 0.]
 [0. 0. 0. 0.]
 [0. 0. 0. 0.]
 [0. 0. 0. 0.]]
