Baseline:
[-1.7044038 -1.7044038 -1.7044038 -1.7044038 -1.7044038 -1.6347562
 -1.6347562 -1.6347562 -1.7044038 -1.7044038 -1.7044038 -1.7044038
 -1.7044038 -1.6347562 -1.7044038 -1.7044038 -1.7399706 -1.7399706
 -1.7044038 -1.7044038 -1.7044038 -1.7399706 -1.7793177 -1.7399706
 -1.7044038 -1.7044038]
Returns:
[-10.85805911 -10.62674039 -10.38324701 -10.16293844  -9.89503443
  -9.54066414  -9.28441124  -9.01467134  -8.76327051  -8.45770003
  -8.13604689  -7.76146438  -7.36716699  -6.87975105  -6.515986
  -6.09213739  -5.6646463   -5.16251863  -4.59495991  -4.03400439
  -3.4435249   -2.87663316  -2.24989169  -1.48933943  -0.72845548]
Advants:
[-7.38028735 -7.27384898 -7.15834342 -7.07011188 -6.93725053 -6.79026854
 -6.67556472 -6.5510896  -6.37775153 -6.22302356 -6.05511474 -5.83578863
 -5.59777874 -5.33669091 -5.05990163 -4.79290972 -4.48574942 -4.13727003
 -3.75556189 -3.34034332 -2.88975345 -2.42046861 -1.8782977  -1.2692611
 -0.64323533]
Mus:
[[0.2562672  0.27548006 0.24728444 0.22096835]
 [0.2562672  0.27548006 0.24728444 0.22096835]
 [0.2562672  0.27548006 0.24728444 0.22096835]
 [0.2562672  0.27548006 0.24728444 0.22096835]
 [0.2562672  0.27548006 0.24728444 0.22096835]
 [0.2551397  0.27375317 0.25066695 0.22044027]
 [0.2551397  0.27375317 0.25066695 0.22044027]
 [0.2551397  0.27375317 0.25066695 0.22044027]
 [0.2562672  0.27548006 0.24728444 0.22096835]
 [0.2562672  0.27548006 0.24728444 0.22096835]
 [0.2562672  0.27548006 0.24728444 0.22096835]
 [0.2562672  0.27548006 0.24728444 0.22096835]
 [0.2562672  0.27548006 0.24728444 0.22096835]
 [0.2551397  0.27375317 0.25066695 0.22044027]
 [0.2562672  0.27548006 0.24728444 0.22096835]
 [0.2562672  0.27548006 0.24728444 0.22096835]
 [0.25709718 0.2749477  0.24724294 0.2207122 ]
 [0.25709718 0.2749477  0.24724294 0.2207122 ]
 [0.2562672  0.27548006 0.24728444 0.22096835]
 [0.2562672  0.27548006 0.24728444 0.22096835]
 [0.2562672  0.27548006 0.24728444 0.22096835]
 [0.25709718 0.2749477  0.24724294 0.2207122 ]
 [0.25748262 0.27501577 0.24782099 0.21968059]
 [0.25709718 0.2749477  0.24724294 0.2207122 ]
 [0.2562672  0.27548006 0.24728444 0.22096835]]
Actions:
[[0. 0. 1. 0.]
 [0. 0. 1. 0.]
 [0. 1. 0. 0.]
 [0. 0. 1. 0.]
 [0. 0. 0. 1.]
 [0. 0. 1. 0.]
 [0. 0. 1. 0.]
 [0. 1. 0. 0.]
 [0. 1. 0. 0.]
 [0. 1. 0. 0.]
 [0. 0. 1. 0.]
 [0. 0. 1. 0.]
 [0. 0. 0. 1.]
 [0. 1. 0. 0.]
 [0. 1. 0. 0.]
 [1. 0. 0. 0.]
 [0. 1. 0. 0.]
 [0. 0. 1. 0.]
 [0. 0. 1. 0.]
 [0. 0. 1. 0.]
 [1. 0. 0. 0.]
 [1. 0. 0. 0.]
 [0. 0. 1. 0.]
 [0. 0. 1. 0.]
 [0. 1. 0. 0.]]
States:
[[0.  0.4]
 [0.  0.4]
 [0.  0.4]
 [0.  0.4]
 [0.  0.4]
 [0.  0.3]
 [0.  0.3]
 [0.  0.3]
 [0.  0.4]
 [0.  0.4]
 [0.  0.4]
 [0.  0.4]
 [0.  0.4]
 [0.  0.3]
 [0.  0.4]
 [0.  0.4]
 [0.1 0.4]
 [0.1 0.4]
 [0.  0.4]
 [0.  0.4]
 [0.  0.4]
 [0.1 0.4]
 [0.2 0.4]
 [0.1 0.4]
 [0.  0.4]]
Logstds:
[[0. 0. 0. 0.]
 [0. 0. 0. 0.]
 [0. 0. 0. 0.]
 [0. 0. 0. 0.]
 [0. 0. 0. 0.]
 [0. 0. 0. 0.]
 [0. 0. 0. 0.]
 [0. 0. 0. 0.]
 [0. 0. 0. 0.]
 [0. 0. 0. 0.]
 [0. 0. 0. 0.]
 [0. 0. 0. 0.]
 [0. 0. 0. 0.]
 [0. 0. 0. 0.]
 [0. 0. 0. 0.]
 [0. 0. 0. 0.]
 [0. 0. 0. 0.]
 [0. 0. 0. 0.]
 [0. 0. 0. 0.]
 [0. 0. 0. 0.]
 [0. 0. 0. 0.]
 [0. 0. 0. 0.]
 [0. 0. 0. 0.]
 [0. 0. 0. 0.]
 [0. 0. 0. 0.]]
