Baseline:
[-0.20395054 -0.19627959 -0.18965293 -0.18398407 -0.18965293 -0.19627959
 -0.18965293 -0.19627959 -0.19627959 -0.18965293 -0.18092765 -0.17636211
 -0.16847478 -0.17636211 -0.18398407 -0.17636211 -0.1702445  -0.16307724
 -0.1702445  -0.1702445  -0.17636211 -0.1702445  -0.16307724 -0.1702445
 -0.16307724 -0.16307724]
Returns:
[-12.09529189 -11.92912005 -11.7303451  -11.49650319 -11.1786985
 -10.86938803 -10.61483771 -10.27585037  -9.92536125  -9.62112531
  -9.19595929  -8.85964878  -8.40125381  -7.9621532   -7.4660428
  -6.90171233  -6.41957105  -5.80592125  -5.20118894  -4.60307356
  -3.92957395  -3.29100432  -2.51269312  -1.73463302  -0.87440753]
Advants:
[-9.10124231 -9.06793204 -9.00569628 -8.91144572 -8.7232988  -8.54444518
 -8.43761504 -8.23442482 -8.02765232 -7.87679805 -7.60673443 -7.42357582
 -7.12037902 -6.81942651 -6.45859053 -6.03973356 -5.69858228 -5.21970434
 -4.72735486 -4.24047538 -3.66055081 -3.11672362 -2.41790439 -1.68687743
 -0.86625361]
Mus:
[[0.2584849  0.29996115 0.22948857 0.21206535]
 [0.25919223 0.30164802 0.2284222  0.21073751]
 [0.25934857 0.30337563 0.22730306 0.20997274]
 [0.25929862 0.30494922 0.22654337 0.20920882]
 [0.25934857 0.30337563 0.22730306 0.20997274]
 [0.25919223 0.30164802 0.2284222  0.21073751]
 [0.25934857 0.30337563 0.22730306 0.20997274]
 [0.25919223 0.30164802 0.2284222  0.21073751]
 [0.25919223 0.30164802 0.2284222  0.21073751]
 [0.25934857 0.30337563 0.22730306 0.20997274]
 [0.25953948 0.30044404 0.22928064 0.21073581]
 [0.25941777 0.30208194 0.22850005 0.21000017]
 [0.25988448 0.29883233 0.23036462 0.21091855]
 [0.25941777 0.30208194 0.22850005 0.21000017]
 [0.25929862 0.30494922 0.22654337 0.20920882]
 [0.25941777 0.30208194 0.22850005 0.21000017]
 [0.2601313  0.3029988  0.22755642 0.2093135 ]
 [0.2606076  0.29963258 0.2295155  0.21024439]
 [0.2601313  0.3029988  0.22755642 0.2093135 ]
 [0.2601313  0.3029988  0.22755642 0.2093135 ]
 [0.25941777 0.30208194 0.22850005 0.21000017]
 [0.2601313  0.3029988  0.22755642 0.2093135 ]
 [0.2606076  0.29963258 0.2295155  0.21024439]
 [0.2601313  0.3029988  0.22755642 0.2093135 ]
 [0.2606076  0.29963258 0.2295155  0.21024439]]
Actions:
[[1. 0. 0. 0.]
 [1. 0. 0. 0.]
 [1. 0. 0. 0.]
 [0. 0. 1. 0.]
 [0. 0. 1. 0.]
 [1. 0. 0. 0.]
 [0. 0. 1. 0.]
 [0. 1. 0. 0.]
 [1. 0. 0. 0.]
 [0. 0. 0. 1.]
 [1. 0. 0. 0.]
 [0. 0. 0. 1.]
 [0. 1. 0. 0.]
 [0. 1. 0. 0.]
 [0. 0. 0. 1.]
 [1. 0. 0. 0.]
 [0. 0. 0. 1.]
 [0. 1. 0. 0.]
 [1. 0. 0. 0.]
 [0. 0. 1. 0.]
 [1. 0. 0. 0.]
 [0. 0. 0. 1.]
 [0. 1. 0. 0.]
 [0. 0. 0. 1.]
 [0. 0. 0. 1.]]
States:
[[0.6 1. ]
 [0.7 1. ]
 [0.8 1. ]
 [0.9 1. ]
 [0.8 1. ]
 [0.7 1. ]
 [0.8 1. ]
 [0.7 1. ]
 [0.7 1. ]
 [0.8 1. ]
 [0.8 0.9]
 [0.9 0.9]
 [0.9 0.8]
 [0.9 0.9]
 [0.9 1. ]
 [0.9 0.9]
 [1.  0.9]
 [1.  0.8]
 [1.  0.9]
 [1.  0.9]
 [0.9 0.9]
 [1.  0.9]
 [1.  0.8]
 [1.  0.9]
 [1.  0.8]]
Logstds:
[[0. 0. 0. 0.]
 [0. 0. 0. 0.]
 [0. 0. 0. 0.]
 [0. 0. 0. 0.]
 [0. 0. 0. 0.]
 [0. 0. 0. 0.]
 [0. 0. 0. 0.]
 [0. 0. 0. 0.]
 [0. 0. 0. 0.]
 [0. 0. 0. 0.]
 [0. 0. 0. 0.]
 [0. 0. 0. 0.]
 [0. 0. 0. 0.]
 [0. 0. 0. 0.]
 [0. 0. 0. 0.]
 [0. 0. 0. 0.]
 [0. 0. 0. 0.]
 [0. 0. 0. 0.]
 [0. 0. 0. 0.]
 [0. 0. 0. 0.]
 [0. 0. 0. 0.]
 [0. 0. 0. 0.]
 [0. 0. 0. 0.]
 [0. 0. 0. 0.]
 [0. 0. 0. 0.]]
