Baseline:
[0.8317426  0.8745688  0.8914326  0.9336933  0.8914326  0.8463641
 0.8914326  0.8463641  0.8317426  0.8317426  0.7889628  0.8317426
 0.7889628  0.8011844  0.76298803 0.8011844  0.8125703  0.8585868
 0.8463641  0.8317426  0.8745688  0.8914326  0.8463641  0.8585868
 0.9050028  0.9050028 ]
Returns:
[-2.5143982  -2.4554676  -2.40630089 -2.31250535 -2.22066301 -2.14178694
 -2.05116724 -1.96337034 -1.90681911 -1.86104386 -1.79194167 -1.7106374
 -1.63361908 -1.56787158 -1.48920223 -1.39715555 -1.30878414 -1.17936914
 -1.06898576 -0.96536166 -0.82490281 -0.6899169  -0.53047525 -0.38328897
 -0.18780005]
Advants:
[-2.38744767 -2.39266571 -2.38250252 -2.35339962 -2.23949189 -2.13362968
 -2.10629244 -1.98908333 -1.93269945 -1.90155712 -1.80209431 -1.77585551
 -1.66568453 -1.62095049 -1.5100111  -1.46092655 -1.38673168 -1.30378229
 -1.17787161 -1.05238287 -0.94387049 -0.8102885  -0.58267646 -0.4184689
 -0.23305023]
Mus:
[[0.25790602 0.27819282 0.24526347 0.21863773]
 [0.2578627  0.28150547 0.24215011 0.21848173]
 [0.25861856 0.28220642 0.2415794  0.21759559]
 [0.25835806 0.28588936 0.23878953 0.2169631 ]
 [0.25861856 0.28220642 0.2415794  0.21759559]
 [0.25882447 0.2787865  0.24464741 0.21774161]
 [0.25861856 0.28220642 0.2415794  0.21759559]
 [0.25882447 0.2787865  0.24464741 0.21774161]
 [0.25790602 0.27819282 0.24526347 0.21863773]
 [0.25790602 0.27819282 0.24526347 0.21863773]
 [0.2577019  0.27532676 0.24815924 0.21881211]
 [0.25790602 0.27819282 0.24526347 0.21863773]
 [0.2577019  0.27532676 0.24815924 0.21881211]
 [0.2583469  0.2762402  0.24751526 0.21789771]
 [0.25798878 0.27386254 0.2495488  0.21859986]
 [0.2583469  0.2762402  0.24751526 0.21789771]
 [0.25890708 0.27817583 0.24605037 0.21686669]
 [0.25942633 0.28104374 0.242887   0.21664292]
 [0.25882447 0.2787865  0.24464741 0.21774161]
 [0.25790602 0.27819282 0.24526347 0.21863773]
 [0.2578627  0.28150547 0.24215011 0.21848173]
 [0.25861856 0.28220642 0.2415794  0.21759559]
 [0.25882447 0.2787865  0.24464741 0.21774161]
 [0.25942633 0.28104374 0.242887   0.21664292]
 [0.2595157  0.2845408  0.23981252 0.21613093]]
Actions:
[[0. 1. 0. 0.]
 [1. 0. 0. 0.]
 [0. 1. 0. 0.]
 [0. 0. 0. 1.]
 [0. 0. 0. 1.]
 [0. 1. 0. 0.]
 [0. 0. 0. 1.]
 [0. 0. 1. 0.]
 [0. 0. 1. 0.]
 [0. 0. 0. 1.]
 [0. 1. 0. 0.]
 [0. 0. 0. 1.]
 [1. 0. 0. 0.]
 [0. 0. 0. 1.]
 [0. 1. 0. 0.]
 [1. 0. 0. 0.]
 [0. 1. 0. 0.]
 [0. 0. 1. 0.]
 [0. 0. 1. 0.]
 [0. 1. 0. 0.]
 [1. 0. 0. 0.]
 [0. 0. 0. 1.]
 [1. 0. 0. 0.]
 [0. 1. 0. 0.]
 [1. 0. 0. 0.]]
States:
[[0.3 0.5]
 [0.3 0.6]
 [0.4 0.6]
 [0.4 0.7]
 [0.4 0.6]
 [0.4 0.5]
 [0.4 0.6]
 [0.4 0.5]
 [0.3 0.5]
 [0.3 0.5]
 [0.3 0.4]
 [0.3 0.5]
 [0.3 0.4]
 [0.4 0.4]
 [0.4 0.3]
 [0.4 0.4]
 [0.5 0.4]
 [0.5 0.5]
 [0.4 0.5]
 [0.3 0.5]
 [0.3 0.6]
 [0.4 0.6]
 [0.4 0.5]
 [0.5 0.5]
 [0.5 0.6]]
Logstds:
[[0. 0. 0. 0.]
 [0. 0. 0. 0.]
 [0. 0. 0. 0.]
 [0. 0. 0. 0.]
 [0. 0. 0. 0.]
 [0. 0. 0. 0.]
 [0. 0. 0. 0.]
 [0. 0. 0. 0.]
 [0. 0. 0. 0.]
 [0. 0. 0. 0.]
 [0. 0. 0. 0.]
 [0. 0. 0. 0.]
 [0. 0. 0. 0.]
 [0. 0. 0. 0.]
 [0. 0. 0. 0.]
 [0. 0. 0. 0.]
 [0. 0. 0. 0.]
 [0. 0. 0. 0.]
 [0. 0. 0. 0.]
 [0. 0. 0. 0.]
 [0. 0. 0. 0.]
 [0. 0. 0. 0.]
 [0. 0. 0. 0.]
 [0. 0. 0. 0.]
 [0. 0. 0. 0.]]
