Baseline:
[ -9.980513 -10.227546  -9.980513  -9.73484   -9.980513  -9.73484
  -9.980513 -10.284152 -10.036136 -10.338138 -10.338138 -10.5862
 -10.338138 -10.036136 -10.284152 -10.526801 -10.284152 -10.5862
 -10.284152 -10.526801 -10.83145  -11.135789 -11.377776 -11.074196
 -10.83145  -10.83145 ]
Returns:
[-16.73326712 -16.62443669 -16.18222495 -15.75234208 -15.61372805
 -15.15392429 -14.98381458 -14.68153889 -14.11050402 -13.72896746
 -13.08154636 -12.70173054 -11.96510157 -11.06907628 -10.63461044
 -10.15563673  -9.31276215  -8.65099494  -7.54998324  -6.90866073
  -6.09221868  -5.17153092  -4.27853906  -2.82764134  -1.5085417 ]
Advants:
[-7.33366328 -7.22512802 -7.29231007 -7.38711295 -7.29372327 -7.38864654
 -7.29538749 -7.02073012 -7.04719899 -6.72177883 -6.44295947 -6.19566516
 -6.10499224 -5.92438665 -5.66943253 -5.38943957 -5.24990103 -4.75620846
 -4.44270555 -4.05821117 -3.44447275 -2.73213199 -2.1184103  -1.5012709
 -0.96696949]
Mus:
[[0.25595528 0.2827253  0.24014407 0.22117534]
 [0.25680903 0.28386763 0.23996964 0.2193537 ]
 [0.25595528 0.2827253  0.24014407 0.22117534]
 [0.2553593  0.28294805 0.23984177 0.22185096]
 [0.25595528 0.2827253  0.24014407 0.22117534]
 [0.2553593  0.28294805 0.23984177 0.22185096]
 [0.25595528 0.2827253  0.24014407 0.22117534]
 [0.25568086 0.28524476 0.23822485 0.22084953]
 [0.25529966 0.28516638 0.23828538 0.22124866]
 [0.25500414 0.28770223 0.23664138 0.22065221]
 [0.25500414 0.28770223 0.23664138 0.22065221]
 [0.25544986 0.28817207 0.23637344 0.22000466]
 [0.25500414 0.28770223 0.23664138 0.22065221]
 [0.25529966 0.28516638 0.23828538 0.22124866]
 [0.25568086 0.28524476 0.23822485 0.22084953]
 [0.25630412 0.2866494  0.23789486 0.21915166]
 [0.25568086 0.28524476 0.23822485 0.22084953]
 [0.25544986 0.28817207 0.23637344 0.22000466]
 [0.25568086 0.28524476 0.23822485 0.22084953]
 [0.25630412 0.2866494  0.23789486 0.21915166]
 [0.2558718  0.2898044  0.23592407 0.21839972]
 [0.2554632  0.2928517  0.23413143 0.21755369]
 [0.25585172 0.29473436 0.23327602 0.21613789]
 [0.25637874 0.29151708 0.23519515 0.21690899]
 [0.2558718  0.2898044  0.23592407 0.21839972]]
Actions:
[[1. 0. 0. 0.]
 [0. 0. 1. 0.]
 [0. 0. 1. 0.]
 [1. 0. 0. 0.]
 [0. 0. 1. 0.]
 [1. 0. 0. 0.]
 [0. 1. 0. 0.]
 [0. 0. 1. 0.]
 [0. 1. 0. 0.]
 [0. 0. 1. 0.]
 [1. 0. 0. 0.]
 [0. 0. 1. 0.]
 [0. 0. 0. 1.]
 [1. 0. 0. 0.]
 [1. 0. 0. 0.]
 [0. 0. 1. 0.]
 [0. 1. 0. 0.]
 [0. 0. 0. 1.]
 [1. 0. 0. 0.]
 [0. 1. 0. 0.]
 [0. 1. 0. 0.]
 [1. 0. 0. 0.]
 [0. 0. 0. 1.]
 [0. 0. 1. 0.]
 [0. 0. 0. 1.]]
States:
[[0.1 0.7]
 [0.2 0.7]
 [0.1 0.7]
 [0.  0.7]
 [0.1 0.7]
 [0.  0.7]
 [0.1 0.7]
 [0.1 0.8]
 [0.  0.8]
 [0.  0.9]
 [0.  0.9]
 [0.1 0.9]
 [0.  0.9]
 [0.  0.8]
 [0.1 0.8]
 [0.2 0.8]
 [0.1 0.8]
 [0.1 0.9]
 [0.1 0.8]
 [0.2 0.8]
 [0.2 0.9]
 [0.2 1. ]
 [0.3 1. ]
 [0.3 0.9]
 [0.2 0.9]]
Logstds:
[[0. 0. 0. 0.]
 [0. 0. 0. 0.]
 [0. 0. 0. 0.]
 [0. 0. 0. 0.]
 [0. 0. 0. 0.]
 [0. 0. 0. 0.]
 [0. 0. 0. 0.]
 [0. 0. 0. 0.]
 [0. 0. 0. 0.]
 [0. 0. 0. 0.]
 [0. 0. 0. 0.]
 [0. 0. 0. 0.]
 [0. 0. 0. 0.]
 [0. 0. 0. 0.]
 [0. 0. 0. 0.]
 [0. 0. 0. 0.]
 [0. 0. 0. 0.]
 [0. 0. 0. 0.]
 [0. 0. 0. 0.]
 [0. 0. 0. 0.]
 [0. 0. 0. 0.]
 [0. 0. 0. 0.]
 [0. 0. 0. 0.]
 [0. 0. 0. 0.]
 [0. 0. 0. 0.]]
