Baseline:
[-7.596684  -7.811695  -7.616313  -7.398282  -7.596684  -7.811695
 -7.616313  -7.421213  -7.616313  -7.421213  -7.642614  -7.642614
 -7.869922  -7.679885  -7.9133105 -8.149249  -7.9622126 -8.1968355
 -8.383741  -8.149249  -7.9622126 -8.1968355 -8.432287  -8.1968355
 -7.9622126 -7.9622126]
Returns:
[-15.70329502 -15.53153807 -15.14031667 -14.6408344  -14.50510911
 -14.27028974 -13.81268685 -13.3676473  -13.15530313 -12.67566444
 -12.36316965 -11.82584484 -11.41641198 -10.77643744 -10.29223516
  -9.72732195  -8.92335223  -8.26099645  -7.60334303  -6.50181948
  -5.52808647  -4.6870325   -3.74382211  -2.41690412  -1.0754056 ]
Advants:
[-7.79626714 -7.62182011 -7.65033153 -7.60363863 -7.5139342  -7.31543602
 -7.31784744 -7.34735344 -7.23055839 -7.25262849 -7.03494876 -6.82415906
 -6.52207662 -6.42139035 -6.06057162 -5.62215531 -5.37945186 -4.86084137
 -4.40076206 -3.92414831 -3.53679641 -2.86121527 -2.08027846 -1.38666219
 -0.67729473]
Mus:
[[0.25866643 0.2754603  0.24826841 0.2176048 ]
 [0.25890708 0.27817583 0.24605037 0.21686669]
 [0.2583469  0.2762402  0.24751526 0.21789771]
 [0.25798878 0.27386254 0.2495488  0.21859986]
 [0.25866643 0.2754603  0.24826841 0.2176048 ]
 [0.25890708 0.27817583 0.24605037 0.21686669]
 [0.2583469  0.2762402  0.24751526 0.21789771]
 [0.2577019  0.27532676 0.24815924 0.21881211]
 [0.2583469  0.2762402  0.24751526 0.21789771]
 [0.2577019  0.27532676 0.24815924 0.21881211]
 [0.25790602 0.27819282 0.24526347 0.21863773]
 [0.25790602 0.27819282 0.24526347 0.21863773]
 [0.2578627  0.28150547 0.24215011 0.21848173]
 [0.25720176 0.2809932  0.24223013 0.21957496]
 [0.25680903 0.28386763 0.23996964 0.2193537 ]
 [0.25630412 0.2866494  0.23789486 0.21915166]
 [0.25568086 0.28524476 0.23822485 0.22084953]
 [0.25544986 0.28817207 0.23637344 0.22000466]
 [0.2558718  0.2898044  0.23592407 0.21839972]
 [0.25630412 0.2866494  0.23789486 0.21915166]
 [0.25568086 0.28524476 0.23822485 0.22084953]
 [0.25544986 0.28817207 0.23637344 0.22000466]
 [0.2549495  0.29121298 0.23503207 0.21880545]
 [0.25544986 0.28817207 0.23637344 0.22000466]
 [0.25568086 0.28524476 0.23822485 0.22084953]]
Actions:
[[0. 1. 0. 0.]
 [0. 0. 1. 0.]
 [0. 0. 0. 1.]
 [1. 0. 0. 0.]
 [0. 1. 0. 0.]
 [0. 0. 1. 0.]
 [0. 0. 1. 0.]
 [1. 0. 0. 0.]
 [0. 0. 1. 0.]
 [0. 1. 0. 0.]
 [0. 0. 1. 0.]
 [0. 1. 0. 0.]
 [0. 0. 1. 0.]
 [0. 1. 0. 0.]
 [0. 1. 0. 0.]
 [0. 0. 1. 0.]
 [0. 1. 0. 0.]
 [1. 0. 0. 0.]
 [0. 0. 0. 1.]
 [0. 0. 1. 0.]
 [0. 1. 0. 0.]
 [0. 1. 0. 0.]
 [0. 0. 0. 1.]
 [0. 0. 0. 1.]
 [0. 1. 0. 0.]]
States:
[[0.5 0.3]
 [0.5 0.4]
 [0.4 0.4]
 [0.4 0.3]
 [0.5 0.3]
 [0.5 0.4]
 [0.4 0.4]
 [0.3 0.4]
 [0.4 0.4]
 [0.3 0.4]
 [0.3 0.5]
 [0.3 0.5]
 [0.3 0.6]
 [0.2 0.6]
 [0.2 0.7]
 [0.2 0.8]
 [0.1 0.8]
 [0.1 0.9]
 [0.2 0.9]
 [0.2 0.8]
 [0.1 0.8]
 [0.1 0.9]
 [0.1 1. ]
 [0.1 0.9]
 [0.1 0.8]]
Logstds:
[[0. 0. 0. 0.]
 [0. 0. 0. 0.]
 [0. 0. 0. 0.]
 [0. 0. 0. 0.]
 [0. 0. 0. 0.]
 [0. 0. 0. 0.]
 [0. 0. 0. 0.]
 [0. 0. 0. 0.]
 [0. 0. 0. 0.]
 [0. 0. 0. 0.]
 [0. 0. 0. 0.]
 [0. 0. 0. 0.]
 [0. 0. 0. 0.]
 [0. 0. 0. 0.]
 [0. 0. 0. 0.]
 [0. 0. 0. 0.]
 [0. 0. 0. 0.]
 [0. 0. 0. 0.]
 [0. 0. 0. 0.]
 [0. 0. 0. 0.]
 [0. 0. 0. 0.]
 [0. 0. 0. 0.]
 [0. 0. 0. 0.]
 [0. 0. 0. 0.]
 [0. 0. 0. 0.]]
