Baseline:
[0.7797677  0.79680556 0.7797677  0.7496155  0.723818   0.7065688
 0.7065688  0.723818   0.723818   0.723818   0.7411695  0.7411695
 0.723818   0.7496155  0.7797677  0.79680556 0.76690966 0.7496155
 0.7326187  0.76380545 0.7797677  0.81096756 0.794616   0.8280977
 0.8695032  0.8695032 ]
Returns:
[-2.0642318  -2.01005589 -1.95653701 -1.89739918 -1.85106804 -1.83245686
 -1.81020702 -1.77797394 -1.74085585 -1.70178417 -1.6552588  -1.59937673
 -1.55580087 -1.48612105 -1.39558214 -1.30621414 -1.20143444 -1.12076202
 -1.047965   -0.94388756 -0.83920915 -0.69645199 -0.56968246 -0.40641896
 -0.21703053]
Advants:
[-1.99211229 -1.96921452 -1.91192893 -1.83427907 -1.7725514  -1.74686891
 -1.73497589 -1.73076767 -1.70419518 -1.67535905 -1.65639042 -1.60985463
 -1.55718534 -1.52090742 -1.46690525 -1.39926656 -1.26551678 -1.16552503
 -1.07075642 -0.99021275 -0.89044787 -0.76345046 -0.59914753 -0.44236559
 -0.26050568]
Mus:
[[0.26097056 0.27460286 0.24770978 0.21671683]
 [0.26139328 0.27560148 0.24711154 0.21589369]
 [0.26097056 0.27460286 0.24770978 0.21671683]
 [0.26163644 0.27011475 0.25023127 0.21801755]
 [0.26121724 0.2664132  0.25312385 0.2192457 ]
 [0.26095232 0.2659188  0.25372934 0.2193995 ]
 [0.26095232 0.2659188  0.25372934 0.2193995 ]
 [0.26121724 0.2664132  0.25312385 0.2192457 ]
 [0.26121724 0.2664132  0.25312385 0.2192457 ]
 [0.26121724 0.2664132  0.25312385 0.2192457 ]
 [0.2615571  0.2665519  0.25272617 0.21916476]
 [0.2615571  0.2665519  0.25272617 0.21916476]
 [0.26121724 0.2664132  0.25312385 0.2192457 ]
 [0.26163644 0.27011475 0.25023127 0.21801755]
 [0.26097056 0.27460286 0.24770978 0.21671683]
 [0.26139328 0.27560148 0.24711154 0.21589369]
 [0.26190236 0.27079847 0.2499197  0.21737947]
 [0.26163644 0.27011475 0.25023127 0.21801755]
 [0.26117095 0.26926658 0.25090307 0.21865943]
 [0.2602806  0.27327022 0.24897115 0.21747795]
 [0.26097056 0.27460286 0.24770978 0.21671683]
 [0.26020825 0.27856544 0.24543029 0.21579607]
 [0.25950196 0.2771861  0.24672976 0.21658213]
 [0.25948626 0.28070253 0.24371035 0.21610075]
 [0.25983584 0.28368637 0.24090892 0.21556887]]
Actions:
[[1. 0. 0. 0.]
 [0. 0. 1. 0.]
 [0. 0. 0. 1.]
 [0. 0. 0. 1.]
 [0. 0. 1. 0.]
 [0. 0. 0. 1.]
 [1. 0. 0. 0.]
 [0. 0. 0. 1.]
 [0. 0. 0. 1.]
 [1. 0. 0. 0.]
 [0. 0. 0. 1.]
 [0. 0. 1. 0.]
 [0. 1. 0. 0.]
 [0. 1. 0. 0.]
 [1. 0. 0. 0.]
 [0. 0. 0. 1.]
 [0. 0. 1. 0.]
 [0. 0. 1. 0.]
 [0. 1. 0. 0.]
 [1. 0. 0. 0.]
 [0. 1. 0. 0.]
 [0. 0. 1. 0.]
 [0. 1. 0. 0.]
 [0. 1. 0. 0.]
 [0. 1. 0. 0.]]
States:
[[0.7 0.2]
 [0.8 0.2]
 [0.7 0.2]
 [0.7 0.1]
 [0.7 0. ]
 [0.6 0. ]
 [0.6 0. ]
 [0.7 0. ]
 [0.7 0. ]
 [0.7 0. ]
 [0.8 0. ]
 [0.8 0. ]
 [0.7 0. ]
 [0.7 0.1]
 [0.7 0.2]
 [0.8 0.2]
 [0.8 0.1]
 [0.7 0.1]
 [0.6 0.1]
 [0.6 0.2]
 [0.7 0.2]
 [0.7 0.3]
 [0.6 0.3]
 [0.6 0.4]
 [0.6 0.5]]
Logstds:
[[0. 0. 0. 0.]
 [0. 0. 0. 0.]
 [0. 0. 0. 0.]
 [0. 0. 0. 0.]
 [0. 0. 0. 0.]
 [0. 0. 0. 0.]
 [0. 0. 0. 0.]
 [0. 0. 0. 0.]
 [0. 0. 0. 0.]
 [0. 0. 0. 0.]
 [0. 0. 0. 0.]
 [0. 0. 0. 0.]
 [0. 0. 0. 0.]
 [0. 0. 0. 0.]
 [0. 0. 0. 0.]
 [0. 0. 0. 0.]
 [0. 0. 0. 0.]
 [0. 0. 0. 0.]
 [0. 0. 0. 0.]
 [0. 0. 0. 0.]
 [0. 0. 0. 0.]
 [0. 0. 0. 0.]
 [0. 0. 0. 0.]
 [0. 0. 0. 0.]
 [0. 0. 0. 0.]]
