Baseline:
[-8.2769165 -8.472614  -8.2769165 -8.082693  -8.2769165 -8.508692
 -8.2769165 -8.082693  -8.082693  -8.082693  -7.8532553 -7.8532553
 -8.082693  -7.8532553 -8.04891   -8.245693  -8.472614  -8.245693
 -8.020575  -7.799655  -8.020575  -7.8217845 -7.62574   -7.8217845
 -7.599304  -7.599304 ]
Returns:
[-22.17816748 -21.80264989 -21.24284045 -20.69778635 -20.28767236
 -19.69994064 -18.95785139 -18.29253471 -17.63424146 -16.94130119
 -16.15097105 -15.43871916 -14.69211868 -13.78341051 -13.05937914
 -12.25356909 -11.2513863  -10.07808035  -8.89847146  -7.71206289
  -6.57676402  -5.32989317  -4.06114785  -2.87422097  -1.41693354]
Advants:
[-12.34071926 -12.04883623 -11.97659135 -11.93163955 -11.64054754
 -11.13562475 -10.95091111 -10.81858449 -10.50755677 -10.17003346
  -9.97748869  -9.64293393  -9.04658053  -8.75833196  -8.23453395
  -7.63054501  -6.79598809  -6.24849068  -5.69734699  -5.13970465
  -4.18413087  -3.53841032  -2.86916943  -1.88125449  -1.03696823]
Mus:
[[0.26682475 0.28523836 0.25864798 0.18928894]
 [0.2695251  0.2841426  0.25720325 0.189129  ]
 [0.26682475 0.28523836 0.25864798 0.18928894]
 [0.26390362 0.28572625 0.26089567 0.18947445]
 [0.26682475 0.28523836 0.25864798 0.18928894]
 [0.26617014 0.28751493 0.25787565 0.18843928]
 [0.26682475 0.28523836 0.25864798 0.18928894]
 [0.26390362 0.28572625 0.26089567 0.18947445]
 [0.26390362 0.28572625 0.26089567 0.18947445]
 [0.26390362 0.28572625 0.26089567 0.18947445]
 [0.26445377 0.28340918 0.26194772 0.19018933]
 [0.26445377 0.28340918 0.26194772 0.19018933]
 [0.26390362 0.28572625 0.26089567 0.18947445]
 [0.26445377 0.28340918 0.26194772 0.19018933]
 [0.26765636 0.28250727 0.25977683 0.19005963]
 [0.27068874 0.28129444 0.25799772 0.1900191 ]
 [0.2695251  0.2841426  0.25720325 0.189129  ]
 [0.27068874 0.28129444 0.25799772 0.1900191 ]
 [0.27150512 0.2785818  0.2586924  0.19122064]
 [0.2718355  0.27606794 0.2596092  0.1924874 ]
 [0.27150512 0.2785818  0.2586924  0.19122064]
 [0.2689665  0.279596   0.2607683  0.19066921]
 [0.26514602 0.28084964 0.26286966 0.19113463]
 [0.2689665  0.279596   0.2607683  0.19066921]
 [0.26911014 0.2769358  0.26196045 0.19199364]]
Actions:
[[1. 0. 0. 0.]
 [0. 0. 1. 0.]
 [0. 0. 1. 0.]
 [1. 0. 0. 0.]
 [0. 1. 0. 0.]
 [0. 0. 0. 1.]
 [0. 0. 1. 0.]
 [0. 0. 1. 0.]
 [0. 0. 1. 0.]
 [0. 0. 0. 1.]
 [0. 0. 1. 0.]
 [0. 1. 0. 0.]
 [0. 0. 0. 1.]
 [1. 0. 0. 0.]
 [1. 0. 0. 0.]
 [0. 1. 0. 0.]
 [0. 0. 0. 1.]
 [0. 0. 0. 1.]
 [0. 0. 0. 1.]
 [0. 1. 0. 0.]
 [0. 0. 1. 0.]
 [0. 0. 1. 0.]
 [1. 0. 0. 0.]
 [0. 0. 0. 1.]
 [0. 0. 1. 0.]]
States:
[[0.7 0.9]
 [0.8 0.9]
 [0.7 0.9]
 [0.6 0.9]
 [0.7 0.9]
 [0.7 1. ]
 [0.7 0.9]
 [0.6 0.9]
 [0.6 0.9]
 [0.6 0.9]
 [0.6 0.8]
 [0.6 0.8]
 [0.6 0.9]
 [0.6 0.8]
 [0.7 0.8]
 [0.8 0.8]
 [0.8 0.9]
 [0.8 0.8]
 [0.8 0.7]
 [0.8 0.6]
 [0.8 0.7]
 [0.7 0.7]
 [0.6 0.7]
 [0.7 0.7]
 [0.7 0.6]]
Logstds:
[[0. 0. 0. 0.]
 [0. 0. 0. 0.]
 [0. 0. 0. 0.]
 [0. 0. 0. 0.]
 [0. 0. 0. 0.]
 [0. 0. 0. 0.]
 [0. 0. 0. 0.]
 [0. 0. 0. 0.]
 [0. 0. 0. 0.]
 [0. 0. 0. 0.]
 [0. 0. 0. 0.]
 [0. 0. 0. 0.]
 [0. 0. 0. 0.]
 [0. 0. 0. 0.]
 [0. 0. 0. 0.]
 [0. 0. 0. 0.]
 [0. 0. 0. 0.]
 [0. 0. 0. 0.]
 [0. 0. 0. 0.]
 [0. 0. 0. 0.]
 [0. 0. 0. 0.]
 [0. 0. 0. 0.]
 [0. 0. 0. 0.]
 [0. 0. 0. 0.]
 [0. 0. 0. 0.]]
