Baseline:
[1.0112144 1.0541152 1.0778197 1.0362208 1.0778197 1.0778197 1.1043319
 1.1043319 1.0778197 1.0778197 1.0362208 1.0778197 1.0541152 1.0420067
 1.0420067 1.0541152 1.0420067 1.0328507 1.0328507 1.0328507 1.0328507
 1.0328507 1.0328507 1.0420067 1.0541152 1.0541152]
Returns:
[-2.47602931 -2.40540746 -2.3642204  -2.34548308 -2.25535118 -2.14725406
 -2.07866161 -1.94749248 -1.87567573 -1.74759569 -1.69640443 -1.5721105
 -1.49380793 -1.42374542 -1.2967696  -1.2108268  -1.12587056 -1.04901737
 -0.98191557 -0.84447325 -0.69979712 -0.6143153  -0.45752559 -0.33979377
 -0.20348382]
Advants:
[-2.46202982 -2.45396922 -2.45728131 -2.417645   -2.39007436 -2.30138208
 -2.27905822 -2.16527175 -2.08276518 -1.9678941  -1.88656828 -1.81375669
 -1.71932006 -1.64282309 -1.51807751 -1.44437988 -1.34446153 -1.25269555
 -1.17727122 -1.02654661 -0.86298219 -0.75435927 -0.56760798 -0.42316016
 -0.25618958]
Mus:
[[0.25390837 0.2820259  0.27197886 0.19208688]
 [0.2544932  0.28347293 0.2713463  0.19068755]
 [0.2565149  0.28498226 0.268045   0.19045782]
 [0.25586447 0.28340423 0.2688695  0.19186173]
 [0.2565149  0.28498226 0.268045   0.19045782]
 [0.2565149  0.28498226 0.268045   0.19045782]
 [0.25859162 0.28600055 0.2651427  0.19026516]
 [0.25859162 0.28600055 0.2651427  0.19026516]
 [0.2565149  0.28498226 0.268045   0.19045782]
 [0.2565149  0.28498226 0.268045   0.19045782]
 [0.25586447 0.28340423 0.2688695  0.19186173]
 [0.2565149  0.28498226 0.268045   0.19045782]
 [0.2544932  0.28347293 0.2713463  0.19068755]
 [0.25180733 0.2815765  0.27556732 0.19104876]
 [0.25180733 0.2815765  0.27556732 0.19104876]
 [0.2544932  0.28347293 0.2713463  0.19068755]
 [0.25180733 0.2815765  0.27556732 0.19104876]
 [0.24891886 0.2795183  0.28047144 0.19109136]
 [0.24891886 0.2795183  0.28047144 0.19109136]
 [0.24891886 0.2795183  0.28047144 0.19109136]
 [0.24891886 0.2795183  0.28047144 0.19109136]
 [0.24891886 0.2795183  0.28047144 0.19109136]
 [0.24891886 0.2795183  0.28047144 0.19109136]
 [0.25180733 0.2815765  0.27556732 0.19104876]
 [0.2544932  0.28347293 0.2713463  0.19068755]]
Actions:
[[0. 1. 0. 0.]
 [1. 0. 0. 0.]
 [0. 0. 0. 1.]
 [0. 1. 0. 0.]
 [0. 1. 0. 0.]
 [1. 0. 0. 0.]
 [0. 1. 0. 0.]
 [0. 0. 1. 0.]
 [0. 1. 0. 0.]
 [0. 0. 0. 1.]
 [0. 1. 0. 0.]
 [0. 0. 1. 0.]
 [0. 0. 1. 0.]
 [0. 1. 0. 0.]
 [1. 0. 0. 0.]
 [0. 0. 1. 0.]
 [0. 0. 1. 0.]
 [0. 0. 1. 0.]
 [0. 1. 0. 0.]
 [0. 1. 0. 0.]
 [0. 0. 1. 0.]
 [0. 1. 0. 0.]
 [1. 0. 0. 0.]
 [1. 0. 0. 0.]
 [0. 1. 0. 0.]]
States:
[[0.2 0.9]
 [0.2 1. ]
 [0.3 1. ]
 [0.3 0.9]
 [0.3 1. ]
 [0.3 1. ]
 [0.4 1. ]
 [0.4 1. ]
 [0.3 1. ]
 [0.3 1. ]
 [0.3 0.9]
 [0.3 1. ]
 [0.2 1. ]
 [0.1 1. ]
 [0.1 1. ]
 [0.2 1. ]
 [0.1 1. ]
 [0.  1. ]
 [0.  1. ]
 [0.  1. ]
 [0.  1. ]
 [0.  1. ]
 [0.  1. ]
 [0.1 1. ]
 [0.2 1. ]]
Logstds:
[[0. 0. 0. 0.]
 [0. 0. 0. 0.]
 [0. 0. 0. 0.]
 [0. 0. 0. 0.]
 [0. 0. 0. 0.]
 [0. 0. 0. 0.]
 [0. 0. 0. 0.]
 [0. 0. 0. 0.]
 [0. 0. 0. 0.]
 [0. 0. 0. 0.]
 [0. 0. 0. 0.]
 [0. 0. 0. 0.]
 [0. 0. 0. 0.]
 [0. 0. 0. 0.]
 [0. 0. 0. 0.]
 [0. 0. 0. 0.]
 [0. 0. 0. 0.]
 [0. 0. 0. 0.]
 [0. 0. 0. 0.]
 [0. 0. 0. 0.]
 [0. 0. 0. 0.]
 [0. 0. 0. 0.]
 [0. 0. 0. 0.]
 [0. 0. 0. 0.]
 [0. 0. 0. 0.]]
