Baseline:
[-3.8425748 -3.9772425 -4.1174245 -4.22137   -4.1174245 -4.0124497
 -4.0124497 -4.0124497 -4.1174245 -4.22137   -4.0839715 -4.22137
 -4.1174245 -4.1174245 -3.9772425 -4.1174245 -4.22137   -4.22137
 -4.0839715 -3.9515877 -3.8425748 -3.9515877 -3.825521  -3.9360795
 -3.8102396 -3.8102396]
Returns:
[-12.68664374 -12.55320382 -12.36675576 -12.15911072 -11.77524755
 -11.41360901 -11.07339619 -10.71527743 -10.45191601 -10.14348994
  -9.55007852  -9.17266087  -8.63161613  -8.19368012  -7.53415379
  -7.0835452   -6.59783645  -6.01813688  -5.20760162  -4.40854558
  -3.71803763  -3.14266609  -2.28768341  -1.64387971  -0.72243458]
Advants:
[-7.63442487 -7.52850681 -7.36778097 -7.22659086 -7.12293265 -7.04960477
 -6.89782374 -6.73311291 -6.56326903 -6.3535448  -6.10333875 -5.79593939
 -5.570408   -5.34851773 -5.0475615  -4.6754909  -4.30495214 -3.94510485
 -3.48973056 -3.03875225 -2.67334128 -2.20228212 -1.68231997 -1.1313815
 -0.53192258]
Mus:
[[0.25527823 0.27115825 0.2531449  0.22041859]
 [0.2560523  0.27317333 0.25027758 0.22049676]
 [0.25709718 0.2749477  0.24724294 0.2207122 ]
 [0.25748262 0.27501577 0.24782099 0.21968059]
 [0.25709718 0.2749477  0.24724294 0.2207122 ]
 [0.2562672  0.27548006 0.24728444 0.22096835]
 [0.2562672  0.27548006 0.24728444 0.22096835]
 [0.2562672  0.27548006 0.24728444 0.22096835]
 [0.25709718 0.2749477  0.24724294 0.2207122 ]
 [0.25748262 0.27501577 0.24782099 0.21968059]
 [0.25696608 0.27280056 0.2500919  0.2201414 ]
 [0.25748262 0.27501577 0.24782099 0.21968059]
 [0.25709718 0.2749477  0.24724294 0.2207122 ]
 [0.25709718 0.2749477  0.24724294 0.2207122 ]
 [0.2560523  0.27317333 0.25027758 0.22049676]
 [0.25709718 0.2749477  0.24724294 0.2207122 ]
 [0.25748262 0.27501577 0.24782099 0.21968059]
 [0.25748262 0.27501577 0.24782099 0.21968059]
 [0.25696608 0.27280056 0.2500919  0.2201414 ]
 [0.25605038 0.27073014 0.2528868  0.22033265]
 [0.25527823 0.27115825 0.2531449  0.22041859]
 [0.25605038 0.27073014 0.2528868  0.22033265]
 [0.25560227 0.26847625 0.255111   0.22081047]
 [0.2568896  0.2685498  0.25433213 0.22022846]
 [0.25660288 0.26619866 0.25651392 0.22068462]]
Actions:
[[0. 1. 0. 0.]
 [0. 1. 0. 0.]
 [1. 0. 0. 0.]
 [0. 0. 1. 0.]
 [0. 0. 1. 0.]
 [0. 0. 1. 0.]
 [0. 0. 1. 0.]
 [1. 0. 0. 0.]
 [1. 0. 0. 0.]
 [0. 0. 0. 1.]
 [0. 1. 0. 0.]
 [0. 0. 1. 0.]
 [0. 1. 0. 0.]
 [0. 0. 0. 1.]
 [0. 1. 0. 0.]
 [1. 0. 0. 0.]
 [0. 1. 0. 0.]
 [0. 0. 0. 1.]
 [0. 0. 0. 1.]
 [0. 0. 1. 0.]
 [1. 0. 0. 0.]
 [0. 0. 0. 1.]
 [1. 0. 0. 0.]
 [0. 0. 0. 1.]
 [1. 0. 0. 0.]]
States:
[[0.1 0.2]
 [0.1 0.3]
 [0.1 0.4]
 [0.2 0.4]
 [0.1 0.4]
 [0.  0.4]
 [0.  0.4]
 [0.  0.4]
 [0.1 0.4]
 [0.2 0.4]
 [0.2 0.3]
 [0.2 0.4]
 [0.1 0.4]
 [0.1 0.4]
 [0.1 0.3]
 [0.1 0.4]
 [0.2 0.4]
 [0.2 0.4]
 [0.2 0.3]
 [0.2 0.2]
 [0.1 0.2]
 [0.2 0.2]
 [0.2 0.1]
 [0.3 0.1]
 [0.3 0. ]]
Logstds:
[[0. 0. 0. 0.]
 [0. 0. 0. 0.]
 [0. 0. 0. 0.]
 [0. 0. 0. 0.]
 [0. 0. 0. 0.]
 [0. 0. 0. 0.]
 [0. 0. 0. 0.]
 [0. 0. 0. 0.]
 [0. 0. 0. 0.]
 [0. 0. 0. 0.]
 [0. 0. 0. 0.]
 [0. 0. 0. 0.]
 [0. 0. 0. 0.]
 [0. 0. 0. 0.]
 [0. 0. 0. 0.]
 [0. 0. 0. 0.]
 [0. 0. 0. 0.]
 [0. 0. 0. 0.]
 [0. 0. 0. 0.]
 [0. 0. 0. 0.]
 [0. 0. 0. 0.]
 [0. 0. 0. 0.]
 [0. 0. 0. 0.]
 [0. 0. 0. 0.]
 [0. 0. 0. 0.]]
