Baseline:
[0.77841526 0.77841526 0.8125703  0.8280977  0.84449506 0.8843058
 0.84449506 0.8843058  0.9278111  0.91714746 0.9278111  0.91714746
 0.9634485  0.97763425 0.9634485  1.0084231  1.0249532  1.0705549
 1.1160637  1.0705549  1.0249532  1.0084231  1.0249532  1.0705549
 1.1160637  1.1160637 ]
Returns:
[-3.0759572  -3.08201139 -3.06271759 -3.05283538 -3.03376954 -2.97070308
 -2.9144894  -2.84514503 -2.75397418 -2.68749562 -2.62261005 -2.54921758
 -2.43746933 -2.34620392 -2.2413063  -2.09641287 -1.97388351 -1.7854412
 -1.57041164 -1.35927749 -1.15303102 -0.96931473 -0.78746442 -0.536579
 -0.25581986]
Advants:
[-2.62923123 -2.65031372 -2.68194303 -2.70595938 -2.7231445  -2.72071436
 -2.64431983 -2.63517484 -2.60816061 -2.55104315 -2.51687478 -2.45198094
 -2.40530426 -2.34621016 -2.24296157 -2.15713606 -2.0631525  -1.92893329
 -1.7635256  -1.50340856 -1.24000139 -1.02101794 -0.83025166 -0.59100508
 -0.31162304]
Mus:
[[0.25866643 0.2754603  0.24826841 0.2176048 ]
 [0.25866643 0.2754603  0.24826841 0.2176048 ]
 [0.25890708 0.27817583 0.24605037 0.21686669]
 [0.25948626 0.28070253 0.24371035 0.21610075]
 [0.260012   0.28206024 0.24247386 0.21545391]
 [0.25992283 0.28558153 0.23953931 0.21495633]
 [0.260012   0.28206024 0.24247386 0.21545391]
 [0.25992283 0.28558153 0.23953931 0.21495633]
 [0.2596395  0.28929067 0.23689438 0.21417549]
 [0.25979668 0.28729433 0.238097   0.21481194]
 [0.2596395  0.28929067 0.23689438 0.21417549]
 [0.25979668 0.28729433 0.238097   0.21481194]
 [0.2597676  0.29067332 0.23568544 0.21387368]
 [0.2596946  0.292632   0.2344327  0.21324068]
 [0.2597676  0.29067332 0.23568544 0.21387368]
 [0.25962207 0.2935534  0.23368803 0.21313655]
 [0.25969306 0.2955919  0.23233508 0.21237999]
 [0.25962454 0.2985617  0.2302689  0.21154492]
 [0.25919223 0.30164802 0.2284222  0.21073751]
 [0.25962454 0.2985617  0.2302689  0.21154492]
 [0.25969306 0.2955919  0.23233508 0.21237999]
 [0.25962207 0.2935534  0.23368803 0.21313655]
 [0.25969306 0.2955919  0.23233508 0.21237999]
 [0.25962454 0.2985617  0.2302689  0.21154492]
 [0.25919223 0.30164802 0.2284222  0.21073751]]
Actions:
[[0. 0. 0. 1.]
 [0. 1. 0. 0.]
 [1. 0. 0. 0.]
 [1. 0. 0. 0.]
 [0. 1. 0. 0.]
 [0. 0. 0. 1.]
 [0. 1. 0. 0.]
 [0. 1. 0. 0.]
 [0. 0. 1. 0.]
 [1. 0. 0. 0.]
 [0. 0. 1. 0.]
 [0. 1. 0. 0.]
 [1. 0. 0. 0.]
 [0. 0. 1. 0.]
 [0. 1. 0. 0.]
 [1. 0. 0. 0.]
 [0. 1. 0. 0.]
 [0. 1. 0. 0.]
 [0. 0. 0. 1.]
 [0. 0. 0. 1.]
 [0. 0. 1. 0.]
 [1. 0. 0. 0.]
 [0. 1. 0. 0.]
 [0. 1. 0. 0.]
 [1. 0. 0. 0.]]
States:
[[0.5 0.3]
 [0.5 0.3]
 [0.5 0.4]
 [0.6 0.4]
 [0.7 0.4]
 [0.7 0.5]
 [0.7 0.4]
 [0.7 0.5]
 [0.7 0.6]
 [0.6 0.6]
 [0.7 0.6]
 [0.6 0.6]
 [0.6 0.7]
 [0.7 0.7]
 [0.6 0.7]
 [0.6 0.8]
 [0.7 0.8]
 [0.7 0.9]
 [0.7 1. ]
 [0.7 0.9]
 [0.7 0.8]
 [0.6 0.8]
 [0.7 0.8]
 [0.7 0.9]
 [0.7 1. ]]
Logstds:
[[0. 0. 0. 0.]
 [0. 0. 0. 0.]
 [0. 0. 0. 0.]
 [0. 0. 0. 0.]
 [0. 0. 0. 0.]
 [0. 0. 0. 0.]
 [0. 0. 0. 0.]
 [0. 0. 0. 0.]
 [0. 0. 0. 0.]
 [0. 0. 0. 0.]
 [0. 0. 0. 0.]
 [0. 0. 0. 0.]
 [0. 0. 0. 0.]
 [0. 0. 0. 0.]
 [0. 0. 0. 0.]
 [0. 0. 0. 0.]
 [0. 0. 0. 0.]
 [0. 0. 0. 0.]
 [0. 0. 0. 0.]
 [0. 0. 0. 0.]
 [0. 0. 0. 0.]
 [0. 0. 0. 0.]
 [0. 0. 0. 0.]
 [0. 0. 0. 0.]
 [0. 0. 0. 0.]]
