Baseline:
[-6.5068216 -6.5068216 -6.5068216 -6.7143764 -6.5068216 -6.5068216
 -6.302702  -6.100994  -6.302702  -6.51493   -6.7143764 -6.5068216
 -6.7115297 -6.9170732 -7.1306267 -7.330104  -7.1306267 -6.9313936
 -6.7143764 -6.9313936 -6.7143764 -6.51493   -6.3167315 -6.3167315
 -6.51493   -6.51493  ]
Returns:
[-17.08522071 -16.72627614 -16.34843975 -15.96983815 -15.49555654
 -15.05294543 -14.64786297 -14.26857428 -13.95636776 -13.4937899
 -13.05070751 -12.42278744 -11.9315795  -11.27853008 -10.54281657
  -9.80915476  -8.91659424  -8.02589841  -7.07583309  -6.16056105
  -5.11232008  -4.12726831  -3.13847039  -2.14469857  -1.14572144]
Advants:
[-9.5086737  -9.37466824 -9.22924723 -8.87717636 -8.8562265  -8.6666409
 -8.73404242 -8.84219532 -8.62246062 -8.2460252  -7.90741167 -7.80385028
 -7.43020246 -6.89477654 -6.26684822 -5.65356105 -5.28614215 -4.92669993
 -4.53128526 -3.73037183 -3.23304532 -2.78548369 -2.33727293 -1.68432162
 -0.8199749 ]
Mus:
[[0.26785615 0.25958893 0.272403   0.20015188]
 [0.26785615 0.25958893 0.272403   0.20015188]
 [0.26785615 0.25958893 0.272403   0.20015188]
 [0.26942575 0.26173177 0.27014214 0.1987003 ]
 [0.26785615 0.25958893 0.272403   0.20015188]
 [0.26785615 0.25958893 0.272403   0.20015188]
 [0.2652432  0.26003522 0.27376205 0.20095958]
 [0.2625047  0.26057243 0.2751999  0.20172296]
 [0.2652432  0.26003522 0.27376205 0.20095958]
 [0.2667143  0.2626433  0.2712128  0.19942966]
 [0.26942575 0.26173177 0.27014214 0.1987003 ]
 [0.26785615 0.25958893 0.272403   0.20015188]
 [0.27045357 0.25918248 0.27103743 0.19932657]
 [0.2716644  0.26121718 0.26908854 0.1980299 ]
 [0.2727185  0.26373005 0.26669902 0.1968524 ]
 [0.27411455 0.26293564 0.2663685  0.19658132]
 [0.2727185  0.26373005 0.26669902 0.1968524 ]
 [0.27025497 0.26483846 0.26748982 0.19741683]
 [0.26942575 0.26173177 0.27014214 0.1987003 ]
 [0.27025497 0.26483846 0.26748982 0.19741683]
 [0.26942575 0.26173177 0.27014214 0.1987003 ]
 [0.2667143  0.2626433  0.2712128  0.19942966]
 [0.2634895  0.26353425 0.27297568 0.20000052]
 [0.2634895  0.26353425 0.27297568 0.20000052]
 [0.2667143  0.2626433  0.2712128  0.19942966]]
Actions:
[[0. 0. 0. 1.]
 [0. 0. 0. 1.]
 [0. 1. 0. 0.]
 [0. 0. 0. 1.]
 [0. 0. 0. 1.]
 [0. 0. 1. 0.]
 [0. 0. 1. 0.]
 [1. 0. 0. 0.]
 [0. 1. 0. 0.]
 [1. 0. 0. 0.]
 [0. 0. 0. 1.]
 [1. 0. 0. 0.]
 [0. 1. 0. 0.]
 [0. 1. 0. 0.]
 [1. 0. 0. 0.]
 [0. 0. 1. 0.]
 [0. 0. 1. 0.]
 [0. 0. 0. 1.]
 [0. 1. 0. 0.]
 [0. 0. 0. 1.]
 [0. 0. 1. 0.]
 [0. 0. 1. 0.]
 [0. 0. 1. 0.]
 [1. 0. 0. 0.]
 [0. 0. 1. 0.]]
States:
[[0.8 0. ]
 [0.8 0. ]
 [0.8 0. ]
 [0.8 0.1]
 [0.8 0. ]
 [0.8 0. ]
 [0.7 0. ]
 [0.6 0. ]
 [0.7 0. ]
 [0.7 0.1]
 [0.8 0.1]
 [0.8 0. ]
 [0.9 0. ]
 [0.9 0.1]
 [0.9 0.2]
 [1.  0.2]
 [0.9 0.2]
 [0.8 0.2]
 [0.8 0.1]
 [0.8 0.2]
 [0.8 0.1]
 [0.7 0.1]
 [0.6 0.1]
 [0.6 0.1]
 [0.7 0.1]]
Logstds:
[[0. 0. 0. 0.]
 [0. 0. 0. 0.]
 [0. 0. 0. 0.]
 [0. 0. 0. 0.]
 [0. 0. 0. 0.]
 [0. 0. 0. 0.]
 [0. 0. 0. 0.]
 [0. 0. 0. 0.]
 [0. 0. 0. 0.]
 [0. 0. 0. 0.]
 [0. 0. 0. 0.]
 [0. 0. 0. 0.]
 [0. 0. 0. 0.]
 [0. 0. 0. 0.]
 [0. 0. 0. 0.]
 [0. 0. 0. 0.]
 [0. 0. 0. 0.]
 [0. 0. 0. 0.]
 [0. 0. 0. 0.]
 [0. 0. 0. 0.]
 [0. 0. 0. 0.]
 [0. 0. 0. 0.]
 [0. 0. 0. 0.]
 [0. 0. 0. 0.]
 [0. 0. 0. 0.]]
