Baseline:
[-12.266865 -12.554552 -12.266865 -12.554552 -12.876525 -13.162956
 -12.876525 -12.554552 -12.234656 -12.234656 -12.522503 -12.522503
 -12.522503 -12.842241 -12.522503 -12.522503 -12.522503 -12.522503
 -12.842241 -12.842241 -12.842241 -12.842241 -12.842241 -12.554552
 -12.842241 -12.842241]
Returns:
[-23.61895947 -23.29491043 -22.82496741 -22.45912931 -21.89503667
 -21.38959481 -20.71061788 -19.91225655 -19.13475245 -18.37955468
 -17.79126486 -16.91836316 -15.99951927 -15.1111292  -14.03294065
 -12.96223242 -11.83517112 -10.6487908   -9.47878344  -8.33175291
  -7.12435234  -5.85340437  -4.51556441  -3.01137745  -1.56361818]
Advants:
[-11.46787732 -11.19818035 -11.38146407 -11.10440581 -10.59947418
 -10.19671087 -10.21428173 -10.16821287 -10.16342981  -9.87627562
  -9.48095666  -9.10283492  -8.69250205  -7.99883754  -7.77522036
  -7.25179173  -6.68377368  -6.06736777  -5.15007543  -4.58878844
  -3.97968699  -3.31869789  -2.60140099  -2.02068596  -0.92150688]
Mus:
[[0.27150512 0.2785818  0.2586924  0.19122064]
 [0.27310598 0.2775488  0.25723097 0.19211432]
 [0.27150512 0.2785818  0.2586924  0.19122064]
 [0.27310598 0.2775488  0.25723097 0.19211432]
 [0.2725661  0.28009844 0.25645533 0.1908801 ]
 [0.27422976 0.27943453 0.254839   0.19149671]
 [0.2725661  0.28009844 0.25645533 0.1908801 ]
 [0.27310598 0.2775488  0.25723097 0.19211432]
 [0.27345335 0.27544153 0.25820687 0.19289829]
 [0.27345335 0.27544153 0.25820687 0.19289829]
 [0.27496335 0.27492574 0.2571114  0.19299944]
 [0.27496335 0.27492574 0.2571114  0.19299944]
 [0.27496335 0.27492574 0.2571114  0.19299944]
 [0.27471393 0.27707157 0.25590095 0.19231355]
 [0.27496335 0.27492574 0.2571114  0.19299944]
 [0.27496335 0.27492574 0.2571114  0.19299944]
 [0.27496335 0.27492574 0.2571114  0.19299944]
 [0.27496335 0.27492574 0.2571114  0.19299944]
 [0.27471393 0.27707157 0.25590095 0.19231355]
 [0.27471393 0.27707157 0.25590095 0.19231355]
 [0.27471393 0.27707157 0.25590095 0.19231355]
 [0.27471393 0.27707157 0.25590095 0.19231355]
 [0.27471393 0.27707157 0.25590095 0.19231355]
 [0.27310598 0.2775488  0.25723097 0.19211432]
 [0.27471393 0.27707157 0.25590095 0.19231355]]
Actions:
[[1. 0. 0. 0.]
 [0. 0. 1. 0.]
 [1. 0. 0. 0.]
 [0. 1. 0. 0.]
 [1. 0. 0. 0.]
 [0. 0. 1. 0.]
 [0. 0. 0. 1.]
 [0. 0. 0. 1.]
 [0. 0. 0. 1.]
 [1. 0. 0. 0.]
 [0. 0. 0. 1.]
 [0. 0. 0. 1.]
 [0. 1. 0. 0.]
 [0. 0. 0. 1.]
 [0. 0. 0. 1.]
 [0. 0. 0. 1.]
 [0. 0. 0. 1.]
 [0. 1. 0. 0.]
 [1. 0. 0. 0.]
 [1. 0. 0. 0.]
 [1. 0. 0. 0.]
 [1. 0. 0. 0.]
 [0. 0. 1. 0.]
 [1. 0. 0. 0.]
 [1. 0. 0. 0.]]
States:
[[0.8 0.7]
 [0.9 0.7]
 [0.8 0.7]
 [0.9 0.7]
 [0.9 0.8]
 [1.  0.8]
 [0.9 0.8]
 [0.9 0.7]
 [0.9 0.6]
 [0.9 0.6]
 [1.  0.6]
 [1.  0.6]
 [1.  0.6]
 [1.  0.7]
 [1.  0.6]
 [1.  0.6]
 [1.  0.6]
 [1.  0.6]
 [1.  0.7]
 [1.  0.7]
 [1.  0.7]
 [1.  0.7]
 [1.  0.7]
 [0.9 0.7]
 [1.  0.7]]
Logstds:
[[0. 0. 0. 0.]
 [0. 0. 0. 0.]
 [0. 0. 0. 0.]
 [0. 0. 0. 0.]
 [0. 0. 0. 0.]
 [0. 0. 0. 0.]
 [0. 0. 0. 0.]
 [0. 0. 0. 0.]
 [0. 0. 0. 0.]
 [0. 0. 0. 0.]
 [0. 0. 0. 0.]
 [0. 0. 0. 0.]
 [0. 0. 0. 0.]
 [0. 0. 0. 0.]
 [0. 0. 0. 0.]
 [0. 0. 0. 0.]
 [0. 0. 0. 0.]
 [0. 0. 0. 0.]
 [0. 0. 0. 0.]
 [0. 0. 0. 0.]
 [0. 0. 0. 0.]
 [0. 0. 0. 0.]
 [0. 0. 0. 0.]
 [0. 0. 0. 0.]
 [0. 0. 0. 0.]]
