Baseline:
[-1.4588703 -1.5133961 -1.5133961 -1.4683782 -1.4126353 -1.4683782
 -1.5269449 -1.570908  -1.570908  -1.5133961 -1.5133961 -1.4588703
 -1.5133961 -1.4588703 -1.4588703 -1.4588703 -1.5133961 -1.4683782
 -1.5269449 -1.481263  -1.4244555 -1.4683782 -1.4126353 -1.36664
 -1.3115247 -1.3115247]
Returns:
[-15.61891042 -15.29682711 -14.97728564 -14.5791192  -14.22437191
 -13.87061821 -13.45682846 -13.04096433 -12.50084259 -11.94959655
 -11.45388505 -10.89147942 -10.32058394  -9.69853088  -9.12434248
  -8.51993364  -7.82421996  -7.04957638  -6.27678442  -5.42077692
  -4.58176144  -3.77924878  -2.85608725  -1.90752812  -0.97285241]
Advants:
[-11.19460354 -10.99166878 -10.85071383 -10.68044315 -10.5706477
 -10.35381358 -10.07592289  -9.81290605  -9.46965546  -9.17429344
  -8.87852139  -8.57190581  -8.14555078  -7.77649549  -7.39992788
  -6.99128152  -6.43027755  -5.8834423   -5.22473323  -4.57670309
  -3.94642426  -3.238682    -2.4949438   -1.698682    -0.90727627]
Mus:
[[0.27411455 0.26293564 0.2663685  0.19658132]
 [0.2746262  0.26567322 0.26405904 0.19564156]
 [0.2746262  0.26567322 0.26405904 0.19564156]
 [0.2730036  0.26691929 0.26429424 0.19578291]
 [0.2727185  0.26373005 0.26669902 0.1968524 ]
 [0.2730036  0.26691929 0.26429424 0.19578291]
 [0.27307528 0.27008778 0.26181394 0.19502299]
 [0.27479967 0.26894513 0.26138732 0.19486786]
 [0.27479967 0.26894513 0.26138732 0.19486786]
 [0.2746262  0.26567322 0.26405904 0.19564156]
 [0.2746262  0.26567322 0.26405904 0.19564156]
 [0.27411455 0.26293564 0.2663685  0.19658132]
 [0.2746262  0.26567322 0.26405904 0.19564156]
 [0.27411455 0.26293564 0.2663685  0.19658132]
 [0.27411455 0.26293564 0.2663685  0.19658132]
 [0.27411455 0.26293564 0.2663685  0.19658132]
 [0.2746262  0.26567322 0.26405904 0.19564156]
 [0.2730036  0.26691929 0.26429424 0.19578291]
 [0.27307528 0.27008778 0.26181394 0.19502299]
 [0.2712291  0.27111375 0.2626056  0.1950515 ]
 [0.27073106 0.2681101  0.2649357  0.19622315]
 [0.2730036  0.26691929 0.26429424 0.19578291]
 [0.2727185  0.26373005 0.26669902 0.1968524 ]
 [0.27025497 0.26483846 0.26748982 0.19741683]
 [0.26942575 0.26173177 0.27014214 0.1987003 ]]
Actions:
[[0. 1. 0. 0.]
 [1. 0. 0. 0.]
 [0. 0. 1. 0.]
 [0. 0. 0. 1.]
 [0. 1. 0. 0.]
 [0. 1. 0. 0.]
 [1. 0. 0. 0.]
 [0. 1. 0. 0.]
 [0. 0. 0. 1.]
 [1. 0. 0. 0.]
 [0. 0. 0. 1.]
 [0. 1. 0. 0.]
 [0. 0. 0. 1.]
 [1. 0. 0. 0.]
 [1. 0. 0. 0.]
 [0. 1. 0. 0.]
 [0. 0. 1. 0.]
 [0. 1. 0. 0.]
 [0. 0. 1. 0.]
 [0. 0. 0. 1.]
 [1. 0. 0. 0.]
 [0. 0. 0. 1.]
 [0. 0. 1. 0.]
 [0. 0. 0. 1.]
 [0. 1. 0. 0.]]
States:
[[1.  0.2]
 [1.  0.3]
 [1.  0.3]
 [0.9 0.3]
 [0.9 0.2]
 [0.9 0.3]
 [0.9 0.4]
 [1.  0.4]
 [1.  0.4]
 [1.  0.3]
 [1.  0.3]
 [1.  0.2]
 [1.  0.3]
 [1.  0.2]
 [1.  0.2]
 [1.  0.2]
 [1.  0.3]
 [0.9 0.3]
 [0.9 0.4]
 [0.8 0.4]
 [0.8 0.3]
 [0.9 0.3]
 [0.9 0.2]
 [0.8 0.2]
 [0.8 0.1]]
Logstds:
[[0. 0. 0. 0.]
 [0. 0. 0. 0.]
 [0. 0. 0. 0.]
 [0. 0. 0. 0.]
 [0. 0. 0. 0.]
 [0. 0. 0. 0.]
 [0. 0. 0. 0.]
 [0. 0. 0. 0.]
 [0. 0. 0. 0.]
 [0. 0. 0. 0.]
 [0. 0. 0. 0.]
 [0. 0. 0. 0.]
 [0. 0. 0. 0.]
 [0. 0. 0. 0.]
 [0. 0. 0. 0.]
 [0. 0. 0. 0.]
 [0. 0. 0. 0.]
 [0. 0. 0. 0.]
 [0. 0. 0. 0.]
 [0. 0. 0. 0.]
 [0. 0. 0. 0.]
 [0. 0. 0. 0.]
 [0. 0. 0. 0.]
 [0. 0. 0. 0.]
 [0. 0. 0. 0.]]
