Baseline:
[-3.7644365 -3.6569028 -3.547379  -3.547379  -3.6912766 -3.7990246
 -3.9415402 -4.0860476 -4.193871  -4.337309  -4.193871  -4.3044567
 -4.193871  -4.3044567 -4.1601834 -4.01606   -4.1601834 -4.3044567
 -4.4468074 -4.4468074 -4.4468074 -4.337309  -4.337309  -4.337309
 -4.337309  -4.337309 ]
Returns:
[-17.90325033 -17.62406122 -17.37389075 -17.09954888 -16.84521004
 -16.62024871 -16.25830541 -15.8307704  -15.42327294 -14.86352842
 -14.17317007 -13.63891398 -12.92655016 -12.3266825  -11.51336813
 -10.70863159  -9.95562624  -9.11673119  -8.18574217  -7.15589025
  -6.16480127  -5.00636907  -3.84936629  -2.63146863  -1.34947109]
Advants:
[-11.60306431 -11.64736933 -11.73673004 -11.7035046  -11.55460835
 -11.48218962 -11.24459272 -10.94445396 -10.70826169 -10.28623825
 -10.02751293  -9.67547292  -9.37282781  -8.96501701  -8.60370783
  -8.25661007  -7.67195766  -6.99747759  -6.22592648  -5.49172097
  -4.79081093  -4.02433471  -3.13806745  -2.17630157  -1.13260555]
Mus:
[[0.2527682  0.27766064 0.27345628 0.19611494]
 [0.25020963 0.27651122 0.2760601  0.19721901]
 [0.24796636 0.27523673 0.2789434  0.19785348]
 [0.24796636 0.27523673 0.2789434  0.19785348]
 [0.24924172 0.27718598 0.2775636  0.19600873]
 [0.25160366 0.27844897 0.27444822 0.19549908]
 [0.2527904  0.28029448 0.273075   0.1938401 ]
 [0.25390837 0.2820259  0.27197886 0.19208688]
 [0.25586447 0.28340423 0.2688695  0.19186173]
 [0.2565149  0.28498226 0.268045   0.19045782]
 [0.25586447 0.28340423 0.2688695  0.19186173]
 [0.25808397 0.2841792  0.266332   0.19140477]
 [0.25586447 0.28340423 0.2688695  0.19186173]
 [0.25808397 0.2841792  0.266332   0.19140477]
 [0.25764704 0.2824334  0.2675286  0.19239092]
 [0.2569528  0.28054097 0.26900348 0.19350275]
 [0.25764704 0.2824334  0.2675286  0.19239092]
 [0.25808397 0.2841792  0.266332   0.19140477]
 [0.25859162 0.28600055 0.2651427  0.19026516]
 [0.25859162 0.28600055 0.2651427  0.19026516]
 [0.25859162 0.28600055 0.2651427  0.19026516]
 [0.2565149  0.28498226 0.268045   0.19045782]
 [0.2565149  0.28498226 0.268045   0.19045782]
 [0.2565149  0.28498226 0.268045   0.19045782]
 [0.2565149  0.28498226 0.268045   0.19045782]]
Actions:
[[0. 0. 1. 0.]
 [0. 0. 1. 0.]
 [0. 0. 0. 1.]
 [0. 1. 0. 0.]
 [1. 0. 0. 0.]
 [0. 1. 0. 0.]
 [0. 1. 0. 0.]
 [1. 0. 0. 0.]
 [0. 1. 0. 0.]
 [0. 0. 0. 1.]
 [1. 0. 0. 0.]
 [0. 0. 1. 0.]
 [1. 0. 0. 0.]
 [0. 0. 0. 1.]
 [0. 0. 0. 1.]
 [0. 1. 0. 0.]
 [0. 1. 0. 0.]
 [0. 1. 0. 0.]
 [0. 1. 0. 0.]
 [1. 0. 0. 0.]
 [0. 0. 1. 0.]
 [0. 1. 0. 0.]
 [0. 1. 0. 0.]
 [0. 1. 0. 0.]
 [0. 1. 0. 0.]]
States:
[[0.3 0.6]
 [0.2 0.6]
 [0.1 0.6]
 [0.1 0.6]
 [0.1 0.7]
 [0.2 0.7]
 [0.2 0.8]
 [0.2 0.9]
 [0.3 0.9]
 [0.3 1. ]
 [0.3 0.9]
 [0.4 0.9]
 [0.3 0.9]
 [0.4 0.9]
 [0.4 0.8]
 [0.4 0.7]
 [0.4 0.8]
 [0.4 0.9]
 [0.4 1. ]
 [0.4 1. ]
 [0.4 1. ]
 [0.3 1. ]
 [0.3 1. ]
 [0.3 1. ]
 [0.3 1. ]]
Logstds:
[[0. 0. 0. 0.]
 [0. 0. 0. 0.]
 [0. 0. 0. 0.]
 [0. 0. 0. 0.]
 [0. 0. 0. 0.]
 [0. 0. 0. 0.]
 [0. 0. 0. 0.]
 [0. 0. 0. 0.]
 [0. 0. 0. 0.]
 [0. 0. 0. 0.]
 [0. 0. 0. 0.]
 [0. 0. 0. 0.]
 [0. 0. 0. 0.]
 [0. 0. 0. 0.]
 [0. 0. 0. 0.]
 [0. 0. 0. 0.]
 [0. 0. 0. 0.]
 [0. 0. 0. 0.]
 [0. 0. 0. 0.]
 [0. 0. 0. 0.]
 [0. 0. 0. 0.]
 [0. 0. 0. 0.]
 [0. 0. 0. 0.]
 [0. 0. 0. 0.]
 [0. 0. 0. 0.]]
