Baseline:
[1.0964038  1.0964038  1.0529696  1.0529696  1.0705549  1.0249532
 1.0084231  0.9634485  0.97763425 0.99196243 0.9452313  0.9452313
 0.9452313  0.9654874  1.008935   1.0550382  1.1037834  1.0550382
 1.1037834  1.088355   1.1037834  1.1179739  1.1179739  1.1037834
 1.1519161  1.1519161 ]
Returns:
[-3.69296899 -3.57510092 -3.47891459 -3.41143216 -3.34448301 -3.24272105
 -3.16898845 -3.08397554 -3.02673678 -2.95827368 -2.85690976 -2.76649915
 -2.67133009 -2.58842336 -2.44158706 -2.26904633 -2.07002919 -1.88112013
 -1.66168582 -1.46755644 -1.28068318 -1.07517979 -0.8495062  -0.60195916
 -0.29794705]
Advants:
[-3.43733122 -3.34876606 -3.23662636 -3.19687876 -3.17608576 -3.05516927
 -2.99081488 -2.88492265 -2.8666859  -2.83780699 -2.7125392  -2.64410422
 -2.56983945 -2.52793626 -2.4438648  -2.33447976 -2.1980653  -1.96809895
 -1.80047354 -1.58775929 -1.40758672 -1.20088576 -0.95153358 -0.65600532
 -0.3555429 ]
Mus:
[[0.2584849  0.29996115 0.22948857 0.21206535]
 [0.2584849  0.29996115 0.22948857 0.21206535]
 [0.2591561  0.2966036  0.23169684 0.2125435 ]
 [0.2591561  0.2966036  0.23169684 0.2125435 ]
 [0.25962454 0.2985617  0.2302689  0.21154492]
 [0.25969306 0.2955919  0.23233508 0.21237999]
 [0.25962207 0.2935534  0.23368803 0.21313655]
 [0.2597676  0.29067332 0.23568544 0.21387368]
 [0.2596946  0.292632   0.2344327  0.21324068]
 [0.259691   0.29433227 0.23337223 0.2126045 ]
 [0.26016685 0.29051405 0.23579814 0.21352105]
 [0.26016685 0.29051405 0.23579814 0.21352105]
 [0.26016685 0.29051405 0.23579814 0.21352105]
 [0.26112112 0.29140964 0.2347545  0.2127147 ]
 [0.26043135 0.2953836  0.23232113 0.21186392]
 [0.25988448 0.29883233 0.23036462 0.21091855]
 [0.25941777 0.30208194 0.22850005 0.21000017]
 [0.25988448 0.29883233 0.23036462 0.21091855]
 [0.25941777 0.30208194 0.22850005 0.21000017]
 [0.25953948 0.30044404 0.22928064 0.21073581]
 [0.25941777 0.30208194 0.22850005 0.21000017]
 [0.2601313  0.3029988  0.22755642 0.2093135 ]
 [0.2601313  0.3029988  0.22755642 0.2093135 ]
 [0.25941777 0.30208194 0.22850005 0.21000017]
 [0.25929862 0.30494922 0.22654337 0.20920882]]
Actions:
[[0. 1. 0. 0.]
 [0. 0. 0. 1.]
 [0. 0. 1. 0.]
 [1. 0. 0. 0.]
 [0. 0. 0. 1.]
 [0. 0. 1. 0.]
 [0. 0. 0. 1.]
 [1. 0. 0. 0.]
 [1. 0. 0. 0.]
 [0. 0. 0. 1.]
 [0. 0. 0. 1.]
 [0. 0. 0. 1.]
 [1. 0. 0. 0.]
 [0. 1. 0. 0.]
 [0. 1. 0. 0.]
 [0. 1. 0. 0.]
 [0. 0. 0. 1.]
 [0. 1. 0. 0.]
 [0. 0. 1. 0.]
 [1. 0. 0. 0.]
 [1. 0. 0. 0.]
 [1. 0. 0. 0.]
 [0. 0. 1. 0.]
 [0. 1. 0. 0.]
 [0. 0. 0. 1.]]
States:
[[0.6 1. ]
 [0.6 1. ]
 [0.6 0.9]
 [0.6 0.9]
 [0.7 0.9]
 [0.7 0.8]
 [0.6 0.8]
 [0.6 0.7]
 [0.7 0.7]
 [0.8 0.7]
 [0.8 0.6]
 [0.8 0.6]
 [0.8 0.6]
 [0.9 0.6]
 [0.9 0.7]
 [0.9 0.8]
 [0.9 0.9]
 [0.9 0.8]
 [0.9 0.9]
 [0.8 0.9]
 [0.9 0.9]
 [1.  0.9]
 [1.  0.9]
 [0.9 0.9]
 [0.9 1. ]]
Logstds:
[[0. 0. 0. 0.]
 [0. 0. 0. 0.]
 [0. 0. 0. 0.]
 [0. 0. 0. 0.]
 [0. 0. 0. 0.]
 [0. 0. 0. 0.]
 [0. 0. 0. 0.]
 [0. 0. 0. 0.]
 [0. 0. 0. 0.]
 [0. 0. 0. 0.]
 [0. 0. 0. 0.]
 [0. 0. 0. 0.]
 [0. 0. 0. 0.]
 [0. 0. 0. 0.]
 [0. 0. 0. 0.]
 [0. 0. 0. 0.]
 [0. 0. 0. 0.]
 [0. 0. 0. 0.]
 [0. 0. 0. 0.]
 [0. 0. 0. 0.]
 [0. 0. 0. 0.]
 [0. 0. 0. 0.]
 [0. 0. 0. 0.]
 [0. 0. 0. 0.]
 [0. 0. 0. 0.]]
