Baseline:
[-3.663547  -3.5429773 -3.663547  -3.663547  -3.663547  -3.785245
 -3.785245  -3.663547  -3.5429773 -3.6599853 -3.542086  -3.6599853
 -3.777884  -3.663547  -3.777884  -3.896994  -4.0178885 -4.1420345
 -4.0178885 -3.8999648 -4.024392  -3.9090037 -4.040483  -3.928134
 -3.8154993 -3.8154993]
Returns:
[-16.68913611 -16.3790543  -16.15490511 -15.79802893 -15.42236979
 -15.10634116 -14.64744145 -14.18149051 -13.73942736 -13.3004219
 -12.80740281 -12.39070072 -11.91037406 -11.27789713 -10.66793606
 -10.05556204  -9.29265024  -8.44194276  -7.47633189  -6.53048923
  -5.57956334  -4.52927359  -3.4708822   -2.30453657  -1.12330461]
Advants:
[-10.71127437 -10.72160431 -10.58308996 -10.43894715 -10.28252522
 -10.06917406  -9.839571    -9.73350071  -9.66053686  -9.35702818
  -9.24432161  -8.97795369  -8.65231038  -8.41394768  -7.97085972
  -7.52191776  -6.91738836  -6.21545248  -5.64412952  -5.08375965
  -4.26548857  -3.58065529  -2.62535486  -1.79331351  -0.93252945]
Mus:
[[0.27045357 0.25918248 0.27103743 0.19932657]
 [0.26785615 0.25958893 0.272403   0.20015188]
 [0.27045357 0.25918248 0.27103743 0.19932657]
 [0.27045357 0.25918248 0.27103743 0.19932657]
 [0.27045357 0.25918248 0.27103743 0.19932657]
 [0.2724651  0.25857595 0.2704278  0.19853121]
 [0.2724651  0.25857595 0.2704278  0.19853121]
 [0.27045357 0.25918248 0.27103743 0.19932657]
 [0.26785615 0.25958893 0.272403   0.20015188]
 [0.26942575 0.26173177 0.27014214 0.1987003 ]
 [0.2667143  0.2626433  0.2712128  0.19942966]
 [0.26942575 0.26173177 0.27014214 0.1987003 ]
 [0.2716644  0.26121718 0.26908854 0.1980299 ]
 [0.27045357 0.25918248 0.27103743 0.19932657]
 [0.2716644  0.26121718 0.26908854 0.1980299 ]
 [0.27337047 0.26058477 0.26844305 0.19760163]
 [0.27411455 0.26293564 0.2663685  0.19658132]
 [0.2746262  0.26567322 0.26405904 0.19564156]
 [0.27411455 0.26293564 0.2663685  0.19658132]
 [0.2727185  0.26373005 0.26669902 0.1968524 ]
 [0.2730036  0.26691929 0.26429424 0.19578291]
 [0.27073106 0.2681101  0.2649357  0.19622315]
 [0.2712291  0.27111375 0.2626056  0.1950515 ]
 [0.2684251  0.2713609  0.26501128 0.19520278]
 [0.26506147 0.27183095 0.26759323 0.19551438]]
Actions:
[[0. 0. 1. 0.]
 [1. 0. 0. 0.]
 [0. 0. 0. 1.]
 [0. 0. 0. 1.]
 [1. 0. 0. 0.]
 [0. 0. 0. 1.]
 [0. 0. 1. 0.]
 [0. 0. 1. 0.]
 [0. 1. 0. 0.]
 [0. 0. 1. 0.]
 [1. 0. 0. 0.]
 [1. 0. 0. 0.]
 [0. 0. 0. 1.]
 [0. 1. 0. 0.]
 [1. 0. 0. 0.]
 [0. 1. 0. 0.]
 [0. 1. 0. 0.]
 [0. 0. 0. 1.]
 [0. 0. 1. 0.]
 [0. 1. 0. 0.]
 [0. 0. 1. 0.]
 [0. 1. 0. 0.]
 [0. 0. 1. 0.]
 [0. 0. 1. 0.]
 [1. 0. 0. 0.]]
States:
[[0.9 0. ]
 [0.8 0. ]
 [0.9 0. ]
 [0.9 0. ]
 [0.9 0. ]
 [1.  0. ]
 [1.  0. ]
 [0.9 0. ]
 [0.8 0. ]
 [0.8 0.1]
 [0.7 0.1]
 [0.8 0.1]
 [0.9 0.1]
 [0.9 0. ]
 [0.9 0.1]
 [1.  0.1]
 [1.  0.2]
 [1.  0.3]
 [1.  0.2]
 [0.9 0.2]
 [0.9 0.3]
 [0.8 0.3]
 [0.8 0.4]
 [0.7 0.4]
 [0.6 0.4]]
Logstds:
[[0. 0. 0. 0.]
 [0. 0. 0. 0.]
 [0. 0. 0. 0.]
 [0. 0. 0. 0.]
 [0. 0. 0. 0.]
 [0. 0. 0. 0.]
 [0. 0. 0. 0.]
 [0. 0. 0. 0.]
 [0. 0. 0. 0.]
 [0. 0. 0. 0.]
 [0. 0. 0. 0.]
 [0. 0. 0. 0.]
 [0. 0. 0. 0.]
 [0. 0. 0. 0.]
 [0. 0. 0. 0.]
 [0. 0. 0. 0.]
 [0. 0. 0. 0.]
 [0. 0. 0. 0.]
 [0. 0. 0. 0.]
 [0. 0. 0. 0.]
 [0. 0. 0. 0.]
 [0. 0. 0. 0.]
 [0. 0. 0. 0.]
 [0. 0. 0. 0.]
 [0. 0. 0. 0.]]
