Baseline:
[-2.0095594 -2.0661001 -2.1252975 -2.1252975 -2.0661001 -2.1252975
 -2.1252975 -2.1252975 -2.1252975 -2.0661001 -2.019901  -2.0802488
 -2.0802488 -2.1252975 -2.0802488 -2.019901  -2.0802488 -2.019901
 -2.0661001 -2.019901  -2.0661001 -2.0661001 -2.019901  -2.0661001
 -2.1252975 -2.1252975]
Returns:
[-15.21044336 -14.97594813 -14.68370842 -14.33086934 -13.84839123
 -13.49680643 -13.08149882 -12.64433292 -12.23438079 -11.64156117
 -11.12411414 -10.66555799 -10.13860189  -9.63003403  -8.96332747
  -8.23611491  -7.62555881  -6.82793738  -6.1824566   -5.37768827
  -4.65587859  -3.86273903  -2.9358803   -2.08555441  -1.11487293]
Advants:
[-10.60884195 -10.49627076 -10.32763217 -10.1622513   -9.92930647
  -9.71236978  -9.49457643  -9.25822988  -9.0535254   -8.72613132
  -8.46410496  -8.15619696  -7.84191346  -7.50196413  -7.09294889
  -6.63621644  -6.17259574  -5.63746099  -5.14374751  -4.57654793
  -3.99245824  -3.37437517  -2.65644772  -1.90879009  -1.0086081 ]
Mus:
[[0.26108986 0.27594823 0.24766493 0.21529701]
 [0.2616318  0.28082067 0.24340923 0.21413825]
 [0.26213208 0.28531942 0.23953825 0.21301027]
 [0.26213208 0.28531942 0.23953825 0.21301027]
 [0.2616318  0.28082067 0.24340923 0.21413825]
 [0.26213208 0.28531942 0.23953825 0.21301027]
 [0.26213208 0.28531942 0.23953825 0.21301027]
 [0.26213208 0.28531942 0.23953825 0.21301027]
 [0.26213208 0.28531942 0.23953825 0.21301027]
 [0.2616318  0.28082067 0.24340923 0.21413825]
 [0.26145628 0.28072163 0.24355027 0.2142718 ]
 [0.26168966 0.28449368 0.24018049 0.21363623]
 [0.26168966 0.28449368 0.24018049 0.21363623]
 [0.26213208 0.28531942 0.23953825 0.21301027]
 [0.26168966 0.28449368 0.24018049 0.21363623]
 [0.26145628 0.28072163 0.24355027 0.2142718 ]
 [0.26168966 0.28449368 0.24018049 0.21363623]
 [0.26145628 0.28072163 0.24355027 0.2142718 ]
 [0.2616318  0.28082067 0.24340923 0.21413825]
 [0.26145628 0.28072163 0.24355027 0.2142718 ]
 [0.2616318  0.28082067 0.24340923 0.21413825]
 [0.2616318  0.28082067 0.24340923 0.21413825]
 [0.26145628 0.28072163 0.24355027 0.2142718 ]
 [0.2616318  0.28082067 0.24340923 0.21413825]
 [0.26213208 0.28531942 0.23953825 0.21301027]]
Actions:
[[0. 1. 0. 0.]
 [0. 1. 0. 0.]
 [0. 1. 0. 0.]
 [0. 0. 0. 1.]
 [0. 1. 0. 0.]
 [0. 1. 0. 0.]
 [0. 1. 0. 0.]
 [1. 0. 0. 0.]
 [0. 0. 0. 1.]
 [0. 0. 1. 0.]
 [0. 1. 0. 0.]
 [0. 1. 0. 0.]
 [1. 0. 0. 0.]
 [0. 0. 1. 0.]
 [0. 0. 0. 1.]
 [0. 1. 0. 0.]
 [0. 0. 0. 1.]
 [1. 0. 0. 0.]
 [0. 0. 1. 0.]
 [1. 0. 0. 0.]
 [1. 0. 0. 0.]
 [0. 0. 1. 0.]
 [1. 0. 0. 0.]
 [0. 1. 0. 0.]
 [0. 0. 1. 0.]]
States:
[[1.  0.2]
 [1.  0.3]
 [1.  0.4]
 [1.  0.4]
 [1.  0.3]
 [1.  0.4]
 [1.  0.4]
 [1.  0.4]
 [1.  0.4]
 [1.  0.3]
 [0.9 0.3]
 [0.9 0.4]
 [0.9 0.4]
 [1.  0.4]
 [0.9 0.4]
 [0.9 0.3]
 [0.9 0.4]
 [0.9 0.3]
 [1.  0.3]
 [0.9 0.3]
 [1.  0.3]
 [1.  0.3]
 [0.9 0.3]
 [1.  0.3]
 [1.  0.4]]
Logstds:
[[0. 0. 0. 0.]
 [0. 0. 0. 0.]
 [0. 0. 0. 0.]
 [0. 0. 0. 0.]
 [0. 0. 0. 0.]
 [0. 0. 0. 0.]
 [0. 0. 0. 0.]
 [0. 0. 0. 0.]
 [0. 0. 0. 0.]
 [0. 0. 0. 0.]
 [0. 0. 0. 0.]
 [0. 0. 0. 0.]
 [0. 0. 0. 0.]
 [0. 0. 0. 0.]
 [0. 0. 0. 0.]
 [0. 0. 0. 0.]
 [0. 0. 0. 0.]
 [0. 0. 0. 0.]
 [0. 0. 0. 0.]
 [0. 0. 0. 0.]
 [0. 0. 0. 0.]
 [0. 0. 0. 0.]
 [0. 0. 0. 0.]
 [0. 0. 0. 0.]
 [0. 0. 0. 0.]]
