Baseline:
[-5.342011  -5.5250435 -5.5250435 -5.7289224 -5.5419955 -5.7289224
 -5.5419955 -5.748546  -5.9372134 -5.7289224 -5.5419955 -5.748546
 -5.9372134 -6.154583  -5.961255  -6.154583  -5.961255  -6.154583
 -6.37307   -6.5681686 -6.37307   -6.154583  -5.9372134 -6.154583
 -5.961255  -5.961255 ]
Returns:
[-14.496217   -14.36153411 -14.08540649 -13.79330222 -13.51123256
 -13.27613046 -12.96684124 -12.60527192 -12.27401562 -11.76982963
 -11.38126141 -10.93624053 -10.51714047  -9.93558491  -9.33484994
  -8.78364988  -8.12228676  -7.50726758  -6.71655014  -5.93919205
  -5.02109326  -4.01538034  -3.01509966  -2.03869984  -1.02233934]
Advants:
[-8.24741263 -8.12574341 -8.05382309 -7.76410282 -7.8898515  -7.69447871
 -7.81429632 -7.49141661 -7.22154396 -7.18784971 -7.26450901 -6.89479447
 -6.57409725 -6.0619882  -5.95322973 -5.50976495 -5.35396414 -4.8594496
 -4.15960005 -3.4927753  -3.07908201 -2.60316452 -2.13386759 -1.24350783
 -0.72427654]
Mus:
[[0.24808921 0.25947255 0.28498164 0.20745656]
 [0.2528523  0.26022097 0.28171742 0.20520934]
 [0.2528523  0.26022097 0.28171742 0.20520934]
 [0.25334868 0.26303935 0.2801229  0.20348899]
 [0.24854293 0.26212177 0.28331977 0.20601548]
 [0.25334868 0.26303935 0.2801229  0.20348899]
 [0.24854293 0.26212177 0.28331977 0.20601548]
 [0.24881975 0.26536024 0.2818042  0.20401584]
 [0.25309172 0.26599646 0.27871954 0.20219229]
 [0.25334868 0.26303935 0.2801229  0.20348899]
 [0.24854293 0.26212177 0.28331977 0.20601548]
 [0.24881975 0.26536024 0.2818042  0.20401584]
 [0.25309172 0.26599646 0.27871954 0.20219229]
 [0.2526539  0.2689793  0.27774104 0.20062578]
 [0.24827895 0.26860222 0.2809211  0.20219773]
 [0.2526539  0.2689793  0.27774104 0.20062578]
 [0.24827895 0.26860222 0.2809211  0.20219773]
 [0.2526539  0.2689793  0.27774104 0.20062578]
 [0.2523132  0.27232686 0.27621904 0.19914082]
 [0.25677955 0.27203348 0.2734272  0.19775978]
 [0.2523132  0.27232686 0.27621904 0.19914082]
 [0.2526539  0.2689793  0.27774104 0.20062578]
 [0.25309172 0.26599646 0.27871954 0.20219229]
 [0.2526539  0.2689793  0.27774104 0.20062578]
 [0.24827895 0.26860222 0.2809211  0.20219773]]
Actions:
[[1. 0. 0. 0.]
 [0. 0. 0. 1.]
 [0. 1. 0. 0.]
 [0. 0. 1. 0.]
 [1. 0. 0. 0.]
 [0. 0. 1. 0.]
 [0. 1. 0. 0.]
 [1. 0. 0. 0.]
 [0. 0. 0. 1.]
 [0. 0. 1. 0.]
 [0. 1. 0. 0.]
 [1. 0. 0. 0.]
 [0. 1. 0. 0.]
 [0. 0. 1. 0.]
 [1. 0. 0. 0.]
 [0. 0. 1. 0.]
 [1. 0. 0. 0.]
 [0. 1. 0. 0.]
 [1. 0. 0. 0.]
 [0. 0. 1. 0.]
 [0. 0. 0. 1.]
 [0. 0. 0. 1.]
 [0. 1. 0. 0.]
 [0. 0. 1. 0.]
 [0. 0. 1. 0.]]
States:
[[0.2 0. ]
 [0.3 0. ]
 [0.3 0. ]
 [0.3 0.1]
 [0.2 0.1]
 [0.3 0.1]
 [0.2 0.1]
 [0.2 0.2]
 [0.3 0.2]
 [0.3 0.1]
 [0.2 0.1]
 [0.2 0.2]
 [0.3 0.2]
 [0.3 0.3]
 [0.2 0.3]
 [0.3 0.3]
 [0.2 0.3]
 [0.3 0.3]
 [0.3 0.4]
 [0.4 0.4]
 [0.3 0.4]
 [0.3 0.3]
 [0.3 0.2]
 [0.3 0.3]
 [0.2 0.3]]
Logstds:
[[0. 0. 0. 0.]
 [0. 0. 0. 0.]
 [0. 0. 0. 0.]
 [0. 0. 0. 0.]
 [0. 0. 0. 0.]
 [0. 0. 0. 0.]
 [0. 0. 0. 0.]
 [0. 0. 0. 0.]
 [0. 0. 0. 0.]
 [0. 0. 0. 0.]
 [0. 0. 0. 0.]
 [0. 0. 0. 0.]
 [0. 0. 0. 0.]
 [0. 0. 0. 0.]
 [0. 0. 0. 0.]
 [0. 0. 0. 0.]
 [0. 0. 0. 0.]
 [0. 0. 0. 0.]
 [0. 0. 0. 0.]
 [0. 0. 0. 0.]
 [0. 0. 0. 0.]
 [0. 0. 0. 0.]
 [0. 0. 0. 0.]
 [0. 0. 0. 0.]
 [0. 0. 0. 0.]]
