Baseline:
[-10.61482   -10.878596  -10.878596  -10.61482   -10.878596  -10.593651
 -10.593651  -10.317433  -10.049146  -10.3296175 -10.593651  -10.878596
 -10.593651  -10.3296175 -10.066007   -9.803048  -10.066007   -9.784199
 -10.049146  -10.317433  -10.049146  -10.3296175 -10.066007   -9.803048
  -9.521538   -9.521538 ]
Returns:
[-15.57721861 -15.39763961 -15.17712848 -14.67910232 -14.45225403
 -13.75547683 -13.49236795 -12.80082034 -12.29074151 -11.97668541
 -11.65146841 -11.21591613 -10.34880535  -9.65408894  -8.95629578
  -8.25453262  -7.79565972  -6.87407011  -6.35480191  -5.77813119
  -4.89843713  -4.19531238  -3.21021519  -2.20602673  -1.02652192]
Advants:
[-5.87718687 -5.65152377 -5.66043035 -5.66789647 -5.42440451 -5.26802177
 -5.2739858  -5.13780414 -5.19146364 -4.89916745 -4.61967126 -4.21303032
 -3.95345401 -3.85952047 -3.77734566 -3.70696364 -3.36261539 -3.11268616
 -2.72727983 -2.28897067 -2.09994605 -1.54429214 -1.26488953 -0.98047842
 -0.5504446 ]
Mus:
[[0.261404   0.2761095  0.24711935 0.2153671 ]
 [0.26108986 0.27594823 0.24766493 0.21529701]
 [0.26108986 0.27594823 0.24766493 0.21529701]
 [0.261404   0.2761095  0.24711935 0.2153671 ]
 [0.26108986 0.27594823 0.24766493 0.21529701]
 [0.26139447 0.27110624 0.25089577 0.21660353]
 [0.26139447 0.27110624 0.25089577 0.21660353]
 [0.26154423 0.2667453  0.25390416 0.21780635]
 [0.2614564  0.26650968 0.25328302 0.21875083]
 [0.26159337 0.27103916 0.25024092 0.2171265 ]
 [0.26139447 0.27110624 0.25089577 0.21660353]
 [0.26108986 0.27594823 0.24766493 0.21529701]
 [0.26139447 0.27110624 0.25089577 0.21660353]
 [0.26159337 0.27103916 0.25024092 0.2171265 ]
 [0.26190236 0.27079847 0.2499197  0.21737947]
 [0.26163644 0.27011475 0.25023127 0.21801755]
 [0.26190236 0.27079847 0.2499197  0.21737947]
 [0.2615571  0.2665519  0.25272617 0.21916476]
 [0.2614564  0.26650968 0.25328302 0.21875083]
 [0.26154423 0.2667453  0.25390416 0.21780635]
 [0.2614564  0.26650968 0.25328302 0.21875083]
 [0.26159337 0.27103916 0.25024092 0.2171265 ]
 [0.26190236 0.27079847 0.2499197  0.21737947]
 [0.26163644 0.27011475 0.25023127 0.21801755]
 [0.26121724 0.2664132  0.25312385 0.2192457 ]]
Actions:
[[1. 0. 0. 0.]
 [1. 0. 0. 0.]
 [0. 0. 1. 0.]
 [1. 0. 0. 0.]
 [0. 0. 0. 1.]
 [1. 0. 0. 0.]
 [0. 0. 0. 1.]
 [0. 0. 1. 0.]
 [0. 1. 0. 0.]
 [1. 0. 0. 0.]
 [0. 1. 0. 0.]
 [0. 0. 0. 1.]
 [0. 0. 1. 0.]
 [0. 0. 1. 0.]
 [0. 0. 1. 0.]
 [1. 0. 0. 0.]
 [0. 0. 0. 1.]
 [1. 0. 0. 0.]
 [1. 0. 0. 0.]
 [0. 0. 1. 0.]
 [0. 1. 0. 0.]
 [0. 0. 1. 0.]
 [0. 0. 1. 0.]
 [0. 0. 0. 1.]
 [0. 0. 1. 0.]]
States:
[[0.9 0.2]
 [1.  0.2]
 [1.  0.2]
 [0.9 0.2]
 [1.  0.2]
 [1.  0.1]
 [1.  0.1]
 [1.  0. ]
 [0.9 0. ]
 [0.9 0.1]
 [1.  0.1]
 [1.  0.2]
 [1.  0.1]
 [0.9 0.1]
 [0.8 0.1]
 [0.7 0.1]
 [0.8 0.1]
 [0.8 0. ]
 [0.9 0. ]
 [1.  0. ]
 [0.9 0. ]
 [0.9 0.1]
 [0.8 0.1]
 [0.7 0.1]
 [0.7 0. ]]
Logstds:
[[0. 0. 0. 0.]
 [0. 0. 0. 0.]
 [0. 0. 0. 0.]
 [0. 0. 0. 0.]
 [0. 0. 0. 0.]
 [0. 0. 0. 0.]
 [0. 0. 0. 0.]
 [0. 0. 0. 0.]
 [0. 0. 0. 0.]
 [0. 0. 0. 0.]
 [0. 0. 0. 0.]
 [0. 0. 0. 0.]
 [0. 0. 0. 0.]
 [0. 0. 0. 0.]
 [0. 0. 0. 0.]
 [0. 0. 0. 0.]
 [0. 0. 0. 0.]
 [0. 0. 0. 0.]
 [0. 0. 0. 0.]
 [0. 0. 0. 0.]
 [0. 0. 0. 0.]
 [0. 0. 0. 0.]
 [0. 0. 0. 0.]
 [0. 0. 0. 0.]
 [0. 0. 0. 0.]]
