Baseline:
[-11.891506  -11.616289  -11.891506  -12.171455  -12.171455  -11.846371
 -11.5245075 -11.808257  -12.093933  -11.808257  -11.486799  -11.773124
 -12.093933  -11.773124  -11.453534  -11.16736   -10.848703  -11.16736
 -11.486799  -11.16736   -10.848703  -11.134724  -11.453534  -11.16736
 -10.848703  -10.848703 ]
Returns:
[-18.36610746 -17.80464373 -17.63366132 -17.43615846 -17.20936152
 -16.38647026 -15.57954883 -15.35767586 -15.1011814  -14.40395294
 -13.52303076 -13.21689418 -12.74272081 -11.74377438 -10.74984509
  -9.94021373  -8.94007863  -8.3840802   -7.74156774  -6.56788915
  -5.39026329  -4.74149111  -3.93659219  -2.76836856  -1.39076793]
Advants:
[-7.28416904 -7.25827896 -7.08081614 -6.88022655 -6.94686326 -6.75209084
 -6.58087894 -6.4002017  -6.19388949 -6.13407756 -5.93901433 -5.7236737
 -5.31335053 -5.03166729 -4.76669767 -4.67129424 -4.43325884 -4.01276949
 -3.51392275 -3.13581783 -2.7669795  -2.33515803 -1.72251347 -1.36778453
 -0.84833241]
Mus:
[[0.25637874 0.29151708 0.23519515 0.21690899]
 [0.2558718  0.2898044  0.23592407 0.21839972]
 [0.25637874 0.29151708 0.23519515 0.21690899]
 [0.25704822 0.29309538 0.23421931 0.21563706]
 [0.25704822 0.29309538 0.23421931 0.21563706]
 [0.25784215 0.28955188 0.2363831  0.2162229 ]
 [0.25835806 0.28588936 0.23878953 0.2169631 ]
 [0.25922516 0.2882292  0.23727782 0.21526782]
 [0.2597676  0.29067332 0.23568544 0.21387368]
 [0.25922516 0.2882292  0.23727782 0.21526782]
 [0.2595157  0.2845408  0.23981252 0.21613093]
 [0.25979668 0.28729433 0.238097   0.21481194]
 [0.2597676  0.29067332 0.23568544 0.21387368]
 [0.25979668 0.28729433 0.238097   0.21481194]
 [0.25983584 0.28368637 0.24090892 0.21556887]
 [0.25942633 0.28104374 0.242887   0.21664292]
 [0.25890708 0.27817583 0.24605037 0.21686669]
 [0.25942633 0.28104374 0.242887   0.21664292]
 [0.2595157  0.2845408  0.23981252 0.21613093]
 [0.25942633 0.28104374 0.242887   0.21664292]
 [0.25890708 0.27817583 0.24605037 0.21686669]
 [0.25948626 0.28070253 0.24371035 0.21610075]
 [0.25983584 0.28368637 0.24090892 0.21556887]
 [0.25942633 0.28104374 0.242887   0.21664292]
 [0.25890708 0.27817583 0.24605037 0.21686669]]
Actions:
[[0. 0. 1. 0.]
 [1. 0. 0. 0.]
 [1. 0. 0. 0.]
 [1. 0. 0. 0.]
 [0. 0. 0. 1.]
 [0. 0. 0. 1.]
 [1. 0. 0. 0.]
 [1. 0. 0. 0.]
 [0. 0. 1. 0.]
 [0. 0. 0. 1.]
 [1. 0. 0. 0.]
 [0. 1. 0. 0.]
 [0. 0. 0. 1.]
 [0. 0. 0. 1.]
 [0. 0. 1. 0.]
 [0. 0. 0. 1.]
 [0. 1. 0. 0.]
 [0. 1. 0. 0.]
 [0. 0. 0. 1.]
 [0. 0. 0. 1.]
 [1. 0. 0. 0.]
 [0. 1. 0. 0.]
 [0. 0. 1. 0.]
 [0. 0. 0. 1.]
 [0. 0. 0. 1.]]
States:
[[0.3 0.9]
 [0.2 0.9]
 [0.3 0.9]
 [0.4 0.9]
 [0.4 0.9]
 [0.4 0.8]
 [0.4 0.7]
 [0.5 0.7]
 [0.6 0.7]
 [0.5 0.7]
 [0.5 0.6]
 [0.6 0.6]
 [0.6 0.7]
 [0.6 0.6]
 [0.6 0.5]
 [0.5 0.5]
 [0.5 0.4]
 [0.5 0.5]
 [0.5 0.6]
 [0.5 0.5]
 [0.5 0.4]
 [0.6 0.4]
 [0.6 0.5]
 [0.5 0.5]
 [0.5 0.4]]
Logstds:
[[0. 0. 0. 0.]
 [0. 0. 0. 0.]
 [0. 0. 0. 0.]
 [0. 0. 0. 0.]
 [0. 0. 0. 0.]
 [0. 0. 0. 0.]
 [0. 0. 0. 0.]
 [0. 0. 0. 0.]
 [0. 0. 0. 0.]
 [0. 0. 0. 0.]
 [0. 0. 0. 0.]
 [0. 0. 0. 0.]
 [0. 0. 0. 0.]
 [0. 0. 0. 0.]
 [0. 0. 0. 0.]
 [0. 0. 0. 0.]
 [0. 0. 0. 0.]
 [0. 0. 0. 0.]
 [0. 0. 0. 0.]
 [0. 0. 0. 0.]
 [0. 0. 0. 0.]
 [0. 0. 0. 0.]
 [0. 0. 0. 0.]
 [0. 0. 0. 0.]
 [0. 0. 0. 0.]]
