Baseline:
[1.0705549 1.0529696 1.0529696 1.0705549 1.1160637 1.1341375 1.1160637
 1.0705549 1.0529696 1.0705549 1.1160637 1.1160637 1.0964038 1.0529696
 1.0084231 1.0249532 1.0084231 0.9634485 1.0084231 1.0249532 1.0084231
 1.0084231 1.0084231 0.9634485 0.9497344 0.9497344]
Returns:
[-3.6408395  -3.57178868 -3.50919437 -3.4473906  -3.31983207 -3.22527601
 -3.10739067 -2.97715015 -2.87316831 -2.77788949 -2.61509406 -2.42747701
 -2.27844001 -2.11400836 -1.95728973 -1.8274381  -1.67921692 -1.51579499
 -1.33271675 -1.16999286 -0.9871693  -0.80480441 -0.61284137 -0.39329441
 -0.19624794]
Advants:
[-3.42636493 -3.37329447 -3.34518925 -3.3370304  -3.29157455 -3.25243797
 -3.152801   -3.01103244 -2.92258097 -2.87842131 -2.79389784 -2.6360323
 -2.49440394 -2.30948353 -2.12689392 -2.03033411 -1.87867689 -1.67804474
 -1.54409556 -1.39788879 -1.19235533 -0.9976441  -0.78634597 -0.49266122
 -0.24373466]
Mus:
[[0.25962454 0.2985617  0.2302689  0.21154492]
 [0.2591561  0.2966036  0.23169684 0.2125435 ]
 [0.2591561  0.2966036  0.23169684 0.2125435 ]
 [0.25962454 0.2985617  0.2302689  0.21154492]
 [0.25919223 0.30164802 0.2284222  0.21073751]
 [0.25934857 0.30337563 0.22730306 0.20997274]
 [0.25919223 0.30164802 0.2284222  0.21073751]
 [0.25962454 0.2985617  0.2302689  0.21154492]
 [0.2591561  0.2966036  0.23169684 0.2125435 ]
 [0.25962454 0.2985617  0.2302689  0.21154492]
 [0.25919223 0.30164802 0.2284222  0.21073751]
 [0.25919223 0.30164802 0.2284222  0.21073751]
 [0.2584849  0.29996115 0.22948857 0.21206535]
 [0.2591561  0.2966036  0.23169684 0.2125435 ]
 [0.25962207 0.2935534  0.23368803 0.21313655]
 [0.25969306 0.2955919  0.23233508 0.21237999]
 [0.25962207 0.2935534  0.23368803 0.21313655]
 [0.2597676  0.29067332 0.23568544 0.21387368]
 [0.25962207 0.2935534  0.23368803 0.21313655]
 [0.25969306 0.2955919  0.23233508 0.21237999]
 [0.25962207 0.2935534  0.23368803 0.21313655]
 [0.25962207 0.2935534  0.23368803 0.21313655]
 [0.25962207 0.2935534  0.23368803 0.21313655]
 [0.2597676  0.29067332 0.23568544 0.21387368]
 [0.25922516 0.2882292  0.23727782 0.21526782]]
Actions:
[[0. 0. 1. 0.]
 [0. 0. 1. 0.]
 [1. 0. 0. 0.]
 [0. 1. 0. 0.]
 [1. 0. 0. 0.]
 [0. 0. 1. 0.]
 [0. 0. 0. 1.]
 [0. 0. 1. 0.]
 [1. 0. 0. 0.]
 [0. 1. 0. 0.]
 [0. 1. 0. 0.]
 [0. 0. 1. 0.]
 [0. 0. 0. 1.]
 [0. 0. 0. 1.]
 [1. 0. 0. 0.]
 [0. 0. 1. 0.]
 [0. 0. 0. 1.]
 [0. 1. 0. 0.]
 [1. 0. 0. 0.]
 [0. 0. 1. 0.]
 [0. 0. 1. 0.]
 [0. 0. 1. 0.]
 [0. 0. 0. 1.]
 [0. 0. 1. 0.]
 [0. 0. 1. 0.]]
States:
[[0.7 0.9]
 [0.6 0.9]
 [0.6 0.9]
 [0.7 0.9]
 [0.7 1. ]
 [0.8 1. ]
 [0.7 1. ]
 [0.7 0.9]
 [0.6 0.9]
 [0.7 0.9]
 [0.7 1. ]
 [0.7 1. ]
 [0.6 1. ]
 [0.6 0.9]
 [0.6 0.8]
 [0.7 0.8]
 [0.6 0.8]
 [0.6 0.7]
 [0.6 0.8]
 [0.7 0.8]
 [0.6 0.8]
 [0.6 0.8]
 [0.6 0.8]
 [0.6 0.7]
 [0.5 0.7]]
Logstds:
[[0. 0. 0. 0.]
 [0. 0. 0. 0.]
 [0. 0. 0. 0.]
 [0. 0. 0. 0.]
 [0. 0. 0. 0.]
 [0. 0. 0. 0.]
 [0. 0. 0. 0.]
 [0. 0. 0. 0.]
 [0. 0. 0. 0.]
 [0. 0. 0. 0.]
 [0. 0. 0. 0.]
 [0. 0. 0. 0.]
 [0. 0. 0. 0.]
 [0. 0. 0. 0.]
 [0. 0. 0. 0.]
 [0. 0. 0. 0.]
 [0. 0. 0. 0.]
 [0. 0. 0. 0.]
 [0. 0. 0. 0.]
 [0. 0. 0. 0.]
 [0. 0. 0. 0.]
 [0. 0. 0. 0.]
 [0. 0. 0. 0.]
 [0. 0. 0. 0.]
 [0. 0. 0. 0.]]
