Baseline:
[-5.69885969 -5.58959532 -5.69885969 -5.55810213 -5.41875887 -5.55810213
 -5.67030334 -5.80963182 -5.9515295   0.        ]
Returns:
[-10.24087627  -9.24092325  -8.41313283  -7.22124017  -6.0156683
  -4.9887734   -3.95108994  -2.71896847  -1.36753154]
Advants:
[-4.48501526 -3.7023985  -2.85364086 -1.86581536 -0.83531338  0.32822393
  1.51074111  2.96001941  4.58399796]
Mus:
[[0.25941777 0.30208194 0.22850005 0.21000017]
 [0.25953948 0.30044404 0.22928064 0.21073581]
 [0.25941777 0.30208194 0.22850005 0.21000017]
 [0.25988448 0.29883233 0.23036462 0.21091855]
 [0.26043135 0.2953836  0.23232113 0.21186392]
 [0.25988448 0.29883233 0.23036462 0.21091855]
 [0.2606076  0.29963258 0.2295155  0.21024439]
 [0.2601313  0.3029988  0.22755642 0.2093135 ]
 [0.259718   0.30611315 0.22571214 0.20845671]]
Actions:
[[0. 0. 1. 0.]
 [1. 0. 0. 0.]
 [0. 0. 0. 1.]
 [0. 0. 0. 1.]
 [0. 1. 0. 0.]
 [1. 0. 0. 0.]
 [0. 1. 0. 0.]
 [0. 1. 0. 0.]
 [1. 0. 0. 0.]]
States:
[[0.9 0.9]
 [0.8 0.9]
 [0.9 0.9]
 [0.9 0.8]
 [0.9 0.7]
 [0.9 0.8]
 [1.  0.8]
 [1.  0.9]
 [1.  1. ]]
Logstds:
[[0. 0. 0. 0.]
 [0. 0. 0. 0.]
 [0. 0. 0. 0.]
 [0. 0. 0. 0.]
 [0. 0. 0. 0.]
 [0. 0. 0. 0.]
 [0. 0. 0. 0.]
 [0. 0. 0. 0.]
 [0. 0. 0. 0.]]
