Baseline:
[1.1341375 1.1160637 1.0705549 1.0529696 1.0529696 1.0529696 1.0529696
 1.0529696 1.0964038 1.0964038 1.0964038 1.0964038 1.0964038 1.0964038
 1.1160637 1.0964038 1.0964038 1.1160637 1.1160637 1.1160637 1.0964038
 1.0964038 1.1160637 1.0964038 1.0529696 1.0529696]
Returns:
[-3.82020581 -3.73363257 -3.63635214 -3.56706514 -3.50422222 -3.43807177
 -3.36843972 -3.29514282 -3.17266137 -3.02740869 -2.87451114 -2.75964199
 -2.59265145 -2.46294759 -2.33195365 -2.17788911 -1.98028    -1.82388251
 -1.59462275 -1.35329669 -1.14772388 -0.94197119 -0.73092587 -0.4925967
 -0.2341733 ]
Advants:
[-3.57839271 -3.50652291 -3.39488692 -3.33913494 -3.30811976 -3.27446249
 -3.23793804 -3.19830218 -3.15333885 -3.04058118 -2.918218   -2.83293171
 -2.69287946 -2.58839721 -2.50099001 -2.34785779 -2.16648345 -2.04313459
 -1.82131364 -1.58059638 -1.3490584  -1.13009981 -0.91846435 -0.6305212
 -0.28682184]
Mus:
[[0.25934857 0.30337563 0.22730306 0.20997274]
 [0.25919223 0.30164802 0.2284222  0.21073751]
 [0.25962454 0.2985617  0.2302689  0.21154492]
 [0.2591561  0.2966036  0.23169684 0.2125435 ]
 [0.2591561  0.2966036  0.23169684 0.2125435 ]
 [0.2591561  0.2966036  0.23169684 0.2125435 ]
 [0.2591561  0.2966036  0.23169684 0.2125435 ]
 [0.2591561  0.2966036  0.23169684 0.2125435 ]
 [0.2584849  0.29996115 0.22948857 0.21206535]
 [0.2584849  0.29996115 0.22948857 0.21206535]
 [0.2584849  0.29996115 0.22948857 0.21206535]
 [0.2584849  0.29996115 0.22948857 0.21206535]
 [0.2584849  0.29996115 0.22948857 0.21206535]
 [0.2584849  0.29996115 0.22948857 0.21206535]
 [0.25919223 0.30164802 0.2284222  0.21073751]
 [0.2584849  0.29996115 0.22948857 0.21206535]
 [0.2584849  0.29996115 0.22948857 0.21206535]
 [0.25919223 0.30164802 0.2284222  0.21073751]
 [0.25919223 0.30164802 0.2284222  0.21073751]
 [0.25919223 0.30164802 0.2284222  0.21073751]
 [0.2584849  0.29996115 0.22948857 0.21206535]
 [0.2584849  0.29996115 0.22948857 0.21206535]
 [0.25919223 0.30164802 0.2284222  0.21073751]
 [0.2584849  0.29996115 0.22948857 0.21206535]
 [0.2591561  0.2966036  0.23169684 0.2125435 ]]
Actions:
[[0. 0. 1. 0.]
 [0. 0. 0. 1.]
 [0. 0. 1. 0.]
 [0. 0. 1. 0.]
 [0. 0. 1. 0.]
 [0. 0. 1. 0.]
 [0. 0. 1. 0.]
 [0. 1. 0. 0.]
 [0. 1. 0. 0.]
 [0. 1. 0. 0.]
 [0. 0. 1. 0.]
 [0. 1. 0. 0.]
 [0. 0. 1. 0.]
 [1. 0. 0. 0.]
 [0. 0. 1. 0.]
 [0. 1. 0. 0.]
 [1. 0. 0. 0.]
 [0. 1. 0. 0.]
 [0. 1. 0. 0.]
 [0. 0. 1. 0.]
 [0. 0. 1. 0.]
 [1. 0. 0. 0.]
 [0. 0. 1. 0.]
 [0. 0. 0. 1.]
 [1. 0. 0. 0.]]
States:
[[0.8 1. ]
 [0.7 1. ]
 [0.7 0.9]
 [0.6 0.9]
 [0.6 0.9]
 [0.6 0.9]
 [0.6 0.9]
 [0.6 0.9]
 [0.6 1. ]
 [0.6 1. ]
 [0.6 1. ]
 [0.6 1. ]
 [0.6 1. ]
 [0.6 1. ]
 [0.7 1. ]
 [0.6 1. ]
 [0.6 1. ]
 [0.7 1. ]
 [0.7 1. ]
 [0.7 1. ]
 [0.6 1. ]
 [0.6 1. ]
 [0.7 1. ]
 [0.6 1. ]
 [0.6 0.9]]
Logstds:
[[0. 0. 0. 0.]
 [0. 0. 0. 0.]
 [0. 0. 0. 0.]
 [0. 0. 0. 0.]
 [0. 0. 0. 0.]
 [0. 0. 0. 0.]
 [0. 0. 0. 0.]
 [0. 0. 0. 0.]
 [0. 0. 0. 0.]
 [0. 0. 0. 0.]
 [0. 0. 0. 0.]
 [0. 0. 0. 0.]
 [0. 0. 0. 0.]
 [0. 0. 0. 0.]
 [0. 0. 0. 0.]
 [0. 0. 0. 0.]
 [0. 0. 0. 0.]
 [0. 0. 0. 0.]
 [0. 0. 0. 0.]
 [0. 0. 0. 0.]
 [0. 0. 0. 0.]
 [0. 0. 0. 0.]
 [0. 0. 0. 0.]
 [0. 0. 0. 0.]
 [0. 0. 0. 0.]]
