Baseline:
[0.07720295 0.07720295 0.07972945 0.08089833 0.08089833 0.07982834
 0.07982834 0.07720295 0.07720295 0.07972945 0.08228418 0.07886419
 0.08364348 0.08992802 0.09366009 0.09366009 0.08992802 0.08364348
 0.08746101 0.08228418 0.08746101 0.09164333 0.08746101 0.09164333
 0.09693801 0.09693801]
Returns:
[-9.22555977 -9.01024047 -8.82758069 -8.65792123 -8.50568286 -8.30547594
 -8.10525316 -7.90785068 -7.62317826 -7.36751521 -7.13450821 -6.80990779
 -6.49273772 -6.13273904 -5.71492104 -5.3149055  -4.84064388 -4.34523495
 -3.86153662 -3.37426405 -2.90558218 -2.3789348  -1.8051303  -1.2205644
 -0.63923526]
Advants:
[-7.0819448  -6.95849517 -6.87248653 -6.80092781 -6.7491702  -6.65070873
 -6.55586746 -6.46401185 -6.28792225 -6.14478938 -6.02658435 -5.81022826
 -5.6093526  -5.36571363 -5.05827308 -4.76161618 -4.38100265 -3.96946856
 -3.57258588 -3.15497462 -2.75834776 -2.29229931 -1.7576592  -1.20636489
 -0.64408219]
Mus:
[[0.25180733 0.2815765  0.27556732 0.19104876]
 [0.25180733 0.2815765  0.27556732 0.19104876]
 [0.2516098  0.28013137 0.27568707 0.19257182]
 [0.24847582 0.2775015  0.280943   0.19307972]
 [0.24847582 0.2775015  0.280943   0.19307972]
 [0.24891886 0.2795183  0.28047144 0.19109136]
 [0.24891886 0.2795183  0.28047144 0.19109136]
 [0.25180733 0.2815765  0.27556732 0.19104876]
 [0.25180733 0.2815765  0.27556732 0.19104876]
 [0.2516098  0.28013137 0.27568707 0.19257182]
 [0.25390837 0.2820259  0.27197886 0.19208688]
 [0.2544932  0.28347293 0.2713463  0.19068755]
 [0.2565149  0.28498226 0.268045   0.19045782]
 [0.25859162 0.28600055 0.2651427  0.19026516]
 [0.25808397 0.2841792  0.266332   0.19140477]
 [0.25808397 0.2841792  0.266332   0.19140477]
 [0.25859162 0.28600055 0.2651427  0.19026516]
 [0.2565149  0.28498226 0.268045   0.19045782]
 [0.25586447 0.28340423 0.2688695  0.19186173]
 [0.25390837 0.2820259  0.27197886 0.19208688]
 [0.25586447 0.28340423 0.2688695  0.19186173]
 [0.25507787 0.28148353 0.27006966 0.1933689 ]
 [0.25586447 0.28340423 0.2688695  0.19186173]
 [0.25507787 0.28148353 0.27006966 0.1933689 ]
 [0.25764704 0.2824334  0.2675286  0.19239092]]
Actions:
[[0. 1. 0. 0.]
 [0. 0. 0. 1.]
 [0. 0. 1. 0.]
 [0. 0. 1. 0.]
 [0. 1. 0. 0.]
 [0. 0. 1. 0.]
 [1. 0. 0. 0.]
 [0. 1. 0. 0.]
 [0. 0. 0. 1.]
 [1. 0. 0. 0.]
 [0. 1. 0. 0.]
 [1. 0. 0. 0.]
 [1. 0. 0. 0.]
 [0. 0. 0. 1.]
 [1. 0. 0. 0.]
 [0. 1. 0. 0.]
 [0. 0. 1. 0.]
 [0. 0. 0. 1.]
 [0. 0. 1. 0.]
 [1. 0. 0. 0.]
 [0. 0. 0. 1.]
 [0. 1. 0. 0.]
 [0. 0. 0. 1.]
 [1. 0. 0. 0.]
 [1. 0. 0. 0.]]
States:
[[0.1 1. ]
 [0.1 1. ]
 [0.1 0.9]
 [0.  0.9]
 [0.  0.9]
 [0.  1. ]
 [0.  1. ]
 [0.1 1. ]
 [0.1 1. ]
 [0.1 0.9]
 [0.2 0.9]
 [0.2 1. ]
 [0.3 1. ]
 [0.4 1. ]
 [0.4 0.9]
 [0.4 0.9]
 [0.4 1. ]
 [0.3 1. ]
 [0.3 0.9]
 [0.2 0.9]
 [0.3 0.9]
 [0.3 0.8]
 [0.3 0.9]
 [0.3 0.8]
 [0.4 0.8]]
Logstds:
[[0. 0. 0. 0.]
 [0. 0. 0. 0.]
 [0. 0. 0. 0.]
 [0. 0. 0. 0.]
 [0. 0. 0. 0.]
 [0. 0. 0. 0.]
 [0. 0. 0. 0.]
 [0. 0. 0. 0.]
 [0. 0. 0. 0.]
 [0. 0. 0. 0.]
 [0. 0. 0. 0.]
 [0. 0. 0. 0.]
 [0. 0. 0. 0.]
 [0. 0. 0. 0.]
 [0. 0. 0. 0.]
 [0. 0. 0. 0.]
 [0. 0. 0. 0.]
 [0. 0. 0. 0.]
 [0. 0. 0. 0.]
 [0. 0. 0. 0.]
 [0. 0. 0. 0.]
 [0. 0. 0. 0.]
 [0. 0. 0. 0.]
 [0. 0. 0. 0.]
 [0. 0. 0. 0.]]
