Baseline:
[1.1160637 1.0964038 1.0964038 1.1160637 1.0964038 1.0964038 1.0964038
 1.0964038 1.1160637 1.1160637 1.0705549 1.0249532 1.0705549 1.1160637
 1.1160637 1.0705549 1.1160637 1.1160637 1.1160637 1.0964038 1.0964038
 1.0964038 1.0964038 1.0964038 1.1160637 1.1160637]
Returns:
[-4.01363389 -3.94807883 -3.8436376  -3.78531156 -3.70773953 -3.59064886
 -3.51347117 -3.38615586 -3.30375183 -3.15237993 -3.02450726 -2.90590447
 -2.7665159  -2.60312185 -2.41487469 -2.24818596 -2.05751139 -1.84054789
 -1.61216526 -1.42021711 -1.22880617 -1.02732097 -0.76915565 -0.49740267
 -0.262959  ]
Advants:
[-3.69668671 -3.64541254 -3.57457325 -3.57117561 -3.5092095  -3.42676745
 -3.38480307 -3.29176319 -3.26427376 -3.14647822 -3.00417104 -2.86860962
 -2.80300504 -2.71205706 -2.54721974 -2.35386341 -2.22465432 -2.01829652
 -1.79435968 -1.5810316  -1.38183415 -1.16566763 -0.88358583 -0.57747427
 -0.31876218]
Mus:
[[0.25919223 0.30164802 0.2284222  0.21073751]
 [0.2584849  0.29996115 0.22948857 0.21206535]
 [0.2584849  0.29996115 0.22948857 0.21206535]
 [0.25919223 0.30164802 0.2284222  0.21073751]
 [0.2584849  0.29996115 0.22948857 0.21206535]
 [0.2584849  0.29996115 0.22948857 0.21206535]
 [0.2584849  0.29996115 0.22948857 0.21206535]
 [0.2584849  0.29996115 0.22948857 0.21206535]
 [0.25919223 0.30164802 0.2284222  0.21073751]
 [0.25919223 0.30164802 0.2284222  0.21073751]
 [0.25962454 0.2985617  0.2302689  0.21154492]
 [0.25969306 0.2955919  0.23233508 0.21237999]
 [0.25962454 0.2985617  0.2302689  0.21154492]
 [0.25919223 0.30164802 0.2284222  0.21073751]
 [0.25919223 0.30164802 0.2284222  0.21073751]
 [0.25962454 0.2985617  0.2302689  0.21154492]
 [0.25919223 0.30164802 0.2284222  0.21073751]
 [0.25919223 0.30164802 0.2284222  0.21073751]
 [0.25919223 0.30164802 0.2284222  0.21073751]
 [0.2584849  0.29996115 0.22948857 0.21206535]
 [0.2584849  0.29996115 0.22948857 0.21206535]
 [0.2584849  0.29996115 0.22948857 0.21206535]
 [0.2584849  0.29996115 0.22948857 0.21206535]
 [0.2584849  0.29996115 0.22948857 0.21206535]
 [0.25919223 0.30164802 0.2284222  0.21073751]]
Actions:
[[0. 0. 1. 0.]
 [0. 1. 0. 0.]
 [1. 0. 0. 0.]
 [0. 0. 1. 0.]
 [0. 1. 0. 0.]
 [0. 0. 1. 0.]
 [0. 1. 0. 0.]
 [1. 0. 0. 0.]
 [0. 1. 0. 0.]
 [0. 0. 0. 1.]
 [0. 0. 0. 1.]
 [0. 1. 0. 0.]
 [0. 1. 0. 0.]
 [0. 1. 0. 0.]
 [0. 0. 0. 1.]
 [0. 1. 0. 0.]
 [0. 1. 0. 0.]
 [0. 1. 0. 0.]
 [0. 0. 1. 0.]
 [0. 0. 1. 0.]
 [0. 0. 1. 0.]
 [0. 1. 0. 0.]
 [0. 1. 0. 0.]
 [1. 0. 0. 0.]
 [0. 0. 1. 0.]]
States:
[[0.7 1. ]
 [0.6 1. ]
 [0.6 1. ]
 [0.7 1. ]
 [0.6 1. ]
 [0.6 1. ]
 [0.6 1. ]
 [0.6 1. ]
 [0.7 1. ]
 [0.7 1. ]
 [0.7 0.9]
 [0.7 0.8]
 [0.7 0.9]
 [0.7 1. ]
 [0.7 1. ]
 [0.7 0.9]
 [0.7 1. ]
 [0.7 1. ]
 [0.7 1. ]
 [0.6 1. ]
 [0.6 1. ]
 [0.6 1. ]
 [0.6 1. ]
 [0.6 1. ]
 [0.7 1. ]]
Logstds:
[[0. 0. 0. 0.]
 [0. 0. 0. 0.]
 [0. 0. 0. 0.]
 [0. 0. 0. 0.]
 [0. 0. 0. 0.]
 [0. 0. 0. 0.]
 [0. 0. 0. 0.]
 [0. 0. 0. 0.]
 [0. 0. 0. 0.]
 [0. 0. 0. 0.]
 [0. 0. 0. 0.]
 [0. 0. 0. 0.]
 [0. 0. 0. 0.]
 [0. 0. 0. 0.]
 [0. 0. 0. 0.]
 [0. 0. 0. 0.]
 [0. 0. 0. 0.]
 [0. 0. 0. 0.]
 [0. 0. 0. 0.]
 [0. 0. 0. 0.]
 [0. 0. 0. 0.]
 [0. 0. 0. 0.]
 [0. 0. 0. 0.]
 [0. 0. 0. 0.]
 [0. 0. 0. 0.]]
