Baseline:
[1.2254418 1.2440515 1.2440515 1.2440515 1.2440515 1.2440515 1.2254418
 1.2040927 1.1591047 1.2040927 1.2040927 1.2254418 1.2254418 1.2440515
 1.2254418 1.2254418 1.2254418 1.2254418 1.1793219 1.2254418 1.2040927
 1.1591047 1.137734  1.115863  1.1583683 1.1583683]
Returns:
[-3.76547916 -3.69826977 -3.61453538 -3.47950037 -3.33735825 -3.18773497
 -3.09928192 -3.02073355 -2.97091981 -2.84604426 -2.70057135 -2.59132792
 -2.4178879  -2.27975265 -2.14351106 -1.94650174 -1.7391235  -1.52083062
 -1.37816428 -1.15555643 -0.97470671 -0.81720735 -0.64761766 -0.48313187
 -0.25433451]
Advants:
[-3.60832754 -3.59480383 -3.54654379 -3.44582874 -3.33653407 -3.21792888
 -3.14121536 -3.07116289 -3.00581646 -2.9554228  -2.83745707 -2.7766947
 -2.62733386 -2.53024205 -2.39494641 -2.2130655  -2.01569066 -1.80150201
 -1.61133084 -1.42788166 -1.2118751  -0.98814115 -0.7682184  -0.54466822
 -0.31225294]
Mus:
[[0.2706434  0.28583634 0.2552865  0.18823378]
 [0.27188736 0.28559473 0.2541659  0.18835205]
 [0.27188736 0.28559473 0.2541659  0.18835205]
 [0.27188736 0.28559473 0.2541659  0.18835205]
 [0.27188736 0.28559473 0.2541659  0.18835205]
 [0.27188736 0.28559473 0.2541659  0.18835205]
 [0.2706434  0.28583634 0.2552865  0.18823378]
 [0.26870295 0.2868224  0.25630587 0.18816872]
 [0.2695251  0.2841426  0.25720325 0.189129  ]
 [0.26870295 0.2868224  0.25630587 0.18816872]
 [0.26870295 0.2868224  0.25630587 0.18816872]
 [0.2706434  0.28583634 0.2552865  0.18823378]
 [0.2706434  0.28583634 0.2552865  0.18823378]
 [0.27188736 0.28559473 0.2541659  0.18835205]
 [0.2706434  0.28583634 0.2552865  0.18823378]
 [0.2706434  0.28583634 0.2552865  0.18823378]
 [0.2706434  0.28583634 0.2552865  0.18823378]
 [0.2706434  0.28583634 0.2552865  0.18823378]
 [0.27166337 0.28295982 0.255776   0.18960084]
 [0.2706434  0.28583634 0.2552865  0.18823378]
 [0.26870295 0.2868224  0.25630587 0.18816872]
 [0.2695251  0.2841426  0.25720325 0.189129  ]
 [0.26682475 0.28523836 0.25864798 0.18928894]
 [0.26390362 0.28572625 0.26089567 0.18947445]
 [0.26350024 0.28802702 0.25979838 0.18867433]]
Actions:
[[1. 0. 0. 0.]
 [1. 0. 0. 0.]
 [0. 1. 0. 0.]
 [0. 1. 0. 0.]
 [0. 1. 0. 0.]
 [0. 0. 1. 0.]
 [0. 0. 1. 0.]
 [0. 0. 0. 1.]
 [0. 1. 0. 0.]
 [0. 1. 0. 0.]
 [1. 0. 0. 0.]
 [0. 1. 0. 0.]
 [1. 0. 0. 0.]
 [0. 0. 1. 0.]
 [0. 1. 0. 0.]
 [0. 1. 0. 0.]
 [0. 1. 0. 0.]
 [0. 0. 0. 1.]
 [0. 1. 0. 0.]
 [0. 0. 1. 0.]
 [0. 0. 0. 1.]
 [0. 0. 1. 0.]
 [0. 0. 1. 0.]
 [0. 1. 0. 0.]
 [0. 1. 0. 0.]]
States:
[[0.9 1. ]
 [1.  1. ]
 [1.  1. ]
 [1.  1. ]
 [1.  1. ]
 [1.  1. ]
 [0.9 1. ]
 [0.8 1. ]
 [0.8 0.9]
 [0.8 1. ]
 [0.8 1. ]
 [0.9 1. ]
 [0.9 1. ]
 [1.  1. ]
 [0.9 1. ]
 [0.9 1. ]
 [0.9 1. ]
 [0.9 1. ]
 [0.9 0.9]
 [0.9 1. ]
 [0.8 1. ]
 [0.8 0.9]
 [0.7 0.9]
 [0.6 0.9]
 [0.6 1. ]]
Logstds:
[[0. 0. 0. 0.]
 [0. 0. 0. 0.]
 [0. 0. 0. 0.]
 [0. 0. 0. 0.]
 [0. 0. 0. 0.]
 [0. 0. 0. 0.]
 [0. 0. 0. 0.]
 [0. 0. 0. 0.]
 [0. 0. 0. 0.]
 [0. 0. 0. 0.]
 [0. 0. 0. 0.]
 [0. 0. 0. 0.]
 [0. 0. 0. 0.]
 [0. 0. 0. 0.]
 [0. 0. 0. 0.]
 [0. 0. 0. 0.]
 [0. 0. 0. 0.]
 [0. 0. 0. 0.]
 [0. 0. 0. 0.]
 [0. 0. 0. 0.]
 [0. 0. 0. 0.]
 [0. 0. 0. 0.]
 [0. 0. 0. 0.]
 [0. 0. 0. 0.]
 [0. 0. 0. 0.]]
