Baseline:
[-0.14659245 -0.14659245 -0.14533165 -0.14533165 -0.14343487 -0.1468645
 -0.14979024 -0.15767145 -0.16389634 -0.15852737 -0.15240395 -0.15767145
 -0.14979024 -0.14533165 -0.14979024 -0.14533165 -0.14659245 -0.14434926
 -0.15464473 -0.15528016 -0.1628577  -0.1632073  -0.1628577  -0.17127185
 -0.1628577  -0.1628577 ]
Returns:
[-6.6599428  -6.56022605 -6.48173147 -6.34825775 -6.23565702 -6.07331393
 -5.88587796 -5.70053401 -5.47671609 -5.23493685 -4.91650771 -4.63727649
 -4.34455541 -4.06806735 -3.81683128 -3.51256828 -3.24626111 -2.99100549
 -2.73509472 -2.45146908 -2.11118737 -1.73775231 -1.37508692 -0.94895239
 -0.45378053]
Advants:
[-5.02063629 -4.99211924 -4.98976178 -4.93341479 -4.90298397 -4.81919569
 -4.71191492 -4.60287205 -4.45706811 -4.30476106 -4.07406421 -3.86932742
 -3.66223472 -3.46616216 -3.28498692 -3.05677767 -2.85862866 -2.67312359
 -2.47194239 -2.24945402 -1.95787119 -1.63359662 -1.31380288 -0.91195894
 -0.44563764]
Mus:
[[0.25518367 0.26627228 0.257706   0.22083811]
 [0.25518367 0.26627228 0.257706   0.22083811]
 [0.25660288 0.26619866 0.25651392 0.22068462]
 [0.25660288 0.26619866 0.25651392 0.22068462]
 [0.25815555 0.26586536 0.25557297 0.22040607]
 [0.25818747 0.26841703 0.25346765 0.21992788]
 [0.2568896  0.2685498  0.25433213 0.22022846]
 [0.2570938  0.27074558 0.25239378 0.2197668 ]
 [0.2574822  0.27274606 0.2502805  0.21949127]
 [0.25798878 0.27386254 0.2495488  0.21859986]
 [0.25845334 0.27101848 0.25122532 0.21930292]
 [0.2570938  0.27074558 0.25239378 0.2197668 ]
 [0.2568896  0.2685498  0.25433213 0.22022846]
 [0.25660288 0.26619866 0.25651392 0.22068462]
 [0.2568896  0.2685498  0.25433213 0.22022846]
 [0.25660288 0.26619866 0.25651392 0.22068462]
 [0.25518367 0.26627228 0.257706   0.22083811]
 [0.25402623 0.2659497  0.25912005 0.22090395]
 [0.25463745 0.26869732 0.25607818 0.22058704]
 [0.25560227 0.26847625 0.255111   0.22081047]
 [0.25605038 0.27073014 0.2528868  0.22033265]
 [0.25527823 0.27115825 0.2531449  0.22041859]
 [0.25605038 0.27073014 0.2528868  0.22033265]
 [0.25696608 0.27280056 0.2500919  0.2201414 ]
 [0.25605038 0.27073014 0.2528868  0.22033265]]
Actions:
[[0. 0. 0. 1.]
 [1. 0. 0. 0.]
 [0. 0. 0. 1.]
 [1. 0. 0. 0.]
 [0. 1. 0. 0.]
 [0. 0. 1. 0.]
 [0. 1. 0. 0.]
 [0. 1. 0. 0.]
 [1. 0. 0. 0.]
 [0. 0. 0. 1.]
 [0. 0. 1. 0.]
 [0. 0. 0. 1.]
 [0. 0. 0. 1.]
 [0. 1. 0. 0.]
 [0. 0. 0. 1.]
 [0. 0. 1. 0.]
 [0. 0. 1. 0.]
 [0. 1. 0. 0.]
 [1. 0. 0. 0.]
 [0. 1. 0. 0.]
 [0. 0. 1. 0.]
 [1. 0. 0. 0.]
 [0. 1. 0. 0.]
 [0. 0. 0. 1.]
 [1. 0. 0. 0.]]
States:
[[0.2 0. ]
 [0.2 0. ]
 [0.3 0. ]
 [0.3 0. ]
 [0.4 0. ]
 [0.4 0.1]
 [0.3 0.1]
 [0.3 0.2]
 [0.3 0.3]
 [0.4 0.3]
 [0.4 0.2]
 [0.3 0.2]
 [0.3 0.1]
 [0.3 0. ]
 [0.3 0.1]
 [0.3 0. ]
 [0.2 0. ]
 [0.1 0. ]
 [0.1 0.1]
 [0.2 0.1]
 [0.2 0.2]
 [0.1 0.2]
 [0.2 0.2]
 [0.2 0.3]
 [0.2 0.2]]
Logstds:
[[0. 0. 0. 0.]
 [0. 0. 0. 0.]
 [0. 0. 0. 0.]
 [0. 0. 0. 0.]
 [0. 0. 0. 0.]
 [0. 0. 0. 0.]
 [0. 0. 0. 0.]
 [0. 0. 0. 0.]
 [0. 0. 0. 0.]
 [0. 0. 0. 0.]
 [0. 0. 0. 0.]
 [0. 0. 0. 0.]
 [0. 0. 0. 0.]
 [0. 0. 0. 0.]
 [0. 0. 0. 0.]
 [0. 0. 0. 0.]
 [0. 0. 0. 0.]
 [0. 0. 0. 0.]
 [0. 0. 0. 0.]
 [0. 0. 0. 0.]
 [0. 0. 0. 0.]
 [0. 0. 0. 0.]
 [0. 0. 0. 0.]
 [0. 0. 0. 0.]
 [0. 0. 0. 0.]]
