Baseline:
[0.09647559 0.09474399 0.09310429 0.09456655 0.09647559 0.09802906
 0.0945031  0.09802906 0.09647559 0.09456655 0.0945031  0.0945031
 0.0945031  0.09456655 0.0945031  0.09456655 0.09647559 0.09802906
 0.09647559 0.09802906 0.10562779 0.09802906 0.09647559 0.10271537
 0.09647559 0.09647559]
Returns:
[-6.06699192 -5.8773015  -5.70800886 -5.56728675 -5.4374599  -5.2893613
 -5.15170048 -5.02884285 -4.81459083 -4.62057417 -4.45394534 -4.30244565
 -4.14297229 -3.90966052 -3.70561518 -3.44928461 -3.20798397 -2.94254453
 -2.61848734 -2.32202176 -2.02355458 -1.68392409 -1.29362371 -0.91261967
 -0.4835555 ]
Advants:
[-4.71694202 -4.58699699 -4.4774921  -4.40058551 -4.33637647 -4.25443496
 -4.17898858 -4.12730691 -3.9782399  -3.84867838 -3.74884827 -3.66522099
 -3.57446973 -3.40858387 -3.27126334 -3.07954817 -2.90280366 -2.6987401
 -2.42797749 -2.18346482 -1.93829324 -1.62991468 -1.26810183 -0.91434704
 -0.4883793 ]
Mus:
[[0.24530363 0.26698428 0.2842916  0.20342048]
 [0.24587768 0.2701126  0.28248024 0.20152938]
 [0.24300815 0.26813772 0.28632778 0.20252633]
 [0.24178542 0.2653497  0.2881169  0.20474795]
 [0.24530363 0.26698428 0.2842916  0.20342048]
 [0.24464242 0.26394394 0.28564692 0.20576672]
 [0.24081329 0.26245892 0.28949165 0.20723614]
 [0.24464242 0.26394394 0.28564692 0.20576672]
 [0.24530363 0.26698428 0.2842916  0.20342048]
 [0.24178542 0.2653497  0.2881169  0.20474795]
 [0.24081329 0.26245892 0.28949165 0.20723614]
 [0.24081329 0.26245892 0.28949165 0.20723614]
 [0.24081329 0.26245892 0.28949165 0.20723614]
 [0.24178542 0.2653497  0.2881169  0.20474795]
 [0.24081329 0.26245892 0.28949165 0.20723614]
 [0.24178542 0.2653497  0.2881169  0.20474795]
 [0.24530363 0.26698428 0.2842916  0.20342048]
 [0.24464242 0.26394394 0.28564692 0.20576672]
 [0.24530363 0.26698428 0.2842916  0.20342048]
 [0.24464242 0.26394394 0.28564692 0.20576672]
 [0.24881975 0.26536024 0.2818042  0.20401584]
 [0.24464242 0.26394394 0.28564692 0.20576672]
 [0.24530363 0.26698428 0.2842916  0.20342048]
 [0.24827895 0.26860222 0.2809211  0.20219773]
 [0.24530363 0.26698428 0.2842916  0.20342048]]
Actions:
[[0. 1. 0. 0.]
 [0. 0. 1. 0.]
 [0. 0. 0. 1.]
 [1. 0. 0. 0.]
 [0. 0. 0. 1.]
 [0. 0. 1. 0.]
 [1. 0. 0. 0.]
 [0. 1. 0. 0.]
 [0. 0. 1. 0.]
 [0. 0. 0. 1.]
 [0. 0. 1. 0.]
 [0. 0. 1. 0.]
 [0. 1. 0. 0.]
 [0. 0. 0. 1.]
 [0. 1. 0. 0.]
 [1. 0. 0. 0.]
 [0. 0. 0. 1.]
 [0. 1. 0. 0.]
 [0. 0. 0. 1.]
 [1. 0. 0. 0.]
 [0. 0. 1. 0.]
 [0. 1. 0. 0.]
 [1. 0. 0. 0.]
 [0. 0. 1. 0.]
 [0. 1. 0. 0.]]
States:
[[0.1 0.3]
 [0.1 0.4]
 [0.  0.4]
 [0.  0.3]
 [0.1 0.3]
 [0.1 0.2]
 [0.  0.2]
 [0.1 0.2]
 [0.1 0.3]
 [0.  0.3]
 [0.  0.2]
 [0.  0.2]
 [0.  0.2]
 [0.  0.3]
 [0.  0.2]
 [0.  0.3]
 [0.1 0.3]
 [0.1 0.2]
 [0.1 0.3]
 [0.1 0.2]
 [0.2 0.2]
 [0.1 0.2]
 [0.1 0.3]
 [0.2 0.3]
 [0.1 0.3]]
Logstds:
[[0. 0. 0. 0.]
 [0. 0. 0. 0.]
 [0. 0. 0. 0.]
 [0. 0. 0. 0.]
 [0. 0. 0. 0.]
 [0. 0. 0. 0.]
 [0. 0. 0. 0.]
 [0. 0. 0. 0.]
 [0. 0. 0. 0.]
 [0. 0. 0. 0.]
 [0. 0. 0. 0.]
 [0. 0. 0. 0.]
 [0. 0. 0. 0.]
 [0. 0. 0. 0.]
 [0. 0. 0. 0.]
 [0. 0. 0. 0.]
 [0. 0. 0. 0.]
 [0. 0. 0. 0.]
 [0. 0. 0. 0.]
 [0. 0. 0. 0.]
 [0. 0. 0. 0.]
 [0. 0. 0. 0.]
 [0. 0. 0. 0.]
 [0. 0. 0. 0.]
 [0. 0. 0. 0.]]
