Baseline:
[ -9.741088 -10.005415  -9.741088 -10.005415  -9.720489  -9.984266
  -9.720489 -10.005415 -10.26933  -10.005415 -10.26933  -10.005415
 -10.288117 -10.553175 -10.553175 -10.553175 -10.553175 -10.26933
 -10.553175 -10.288117 -10.021325 -10.288117 -10.021325 -10.288117
 -10.288117 -10.288117]
Returns:
[-19.87945983 -19.59715213 -19.19124969 -18.8727204  -18.33185112
 -17.97698736 -17.4973159  -16.99308674 -16.51526091 -15.89846634
 -15.36302892 -14.68559055 -13.978912   -13.29070456 -12.52336309
 -11.60437707 -10.63702336  -9.55552581  -8.53553022  -7.43794179
  -6.33141731  -5.28398387  -4.06409319  -2.8973269   -1.51510811]
Advants:
[-9.92470852 -9.65652441 -9.81274132 -9.53501904 -9.60228861 -9.31525929
 -9.45255005 -9.02225799 -8.64701128 -8.68093198 -8.27660866 -8.2789758
 -7.71031489 -7.18412657 -6.85651131 -6.38628881 -5.87600937 -5.54969879
 -4.71702732 -4.37005514 -4.03127286 -3.22002567 -2.78327561 -1.86571503
 -1.0007019 ]
Mus:
[[0.27073106 0.2681101  0.2649357  0.19622315]
 [0.2730036  0.26691929 0.26429424 0.19578291]
 [0.27073106 0.2681101  0.2649357  0.19622315]
 [0.2730036  0.26691929 0.26429424 0.19578291]
 [0.2727185  0.26373005 0.26669902 0.1968524 ]
 [0.27411455 0.26293564 0.2663685  0.19658132]
 [0.2727185  0.26373005 0.26669902 0.1968524 ]
 [0.2730036  0.26691929 0.26429424 0.19578291]
 [0.2746262  0.26567322 0.26405904 0.19564156]
 [0.2730036  0.26691929 0.26429424 0.19578291]
 [0.2746262  0.26567322 0.26405904 0.19564156]
 [0.2730036  0.26691929 0.26429424 0.19578291]
 [0.27307528 0.27008778 0.26181394 0.19502299]
 [0.27479967 0.26894513 0.26138732 0.19486786]
 [0.27479967 0.26894513 0.26138732 0.19486786]
 [0.27479967 0.26894513 0.26138732 0.19486786]
 [0.27479967 0.26894513 0.26138732 0.19486786]
 [0.2746262  0.26567322 0.26405904 0.19564156]
 [0.27479967 0.26894513 0.26138732 0.19486786]
 [0.27307528 0.27008778 0.26181394 0.19502299]
 [0.2712291  0.27111375 0.2626056  0.1950515 ]
 [0.27307528 0.27008778 0.26181394 0.19502299]
 [0.2712291  0.27111375 0.2626056  0.1950515 ]
 [0.27307528 0.27008778 0.26181394 0.19502299]
 [0.27307528 0.27008778 0.26181394 0.19502299]]
Actions:
[[1. 0. 0. 0.]
 [0. 0. 1. 0.]
 [1. 0. 0. 0.]
 [0. 0. 0. 1.]
 [1. 0. 0. 0.]
 [0. 0. 1. 0.]
 [0. 1. 0. 0.]
 [1. 0. 0. 0.]
 [0. 0. 1. 0.]
 [1. 0. 0. 0.]
 [0. 0. 1. 0.]
 [0. 1. 0. 0.]
 [1. 0. 0. 0.]
 [1. 0. 0. 0.]
 [0. 1. 0. 0.]
 [0. 1. 0. 0.]
 [0. 0. 0. 1.]
 [0. 1. 0. 0.]
 [0. 0. 1. 0.]
 [0. 0. 1. 0.]
 [1. 0. 0. 0.]
 [0. 0. 1. 0.]
 [1. 0. 0. 0.]
 [0. 1. 0. 0.]
 [0. 0. 0. 1.]]
States:
[[0.8 0.3]
 [0.9 0.3]
 [0.8 0.3]
 [0.9 0.3]
 [0.9 0.2]
 [1.  0.2]
 [0.9 0.2]
 [0.9 0.3]
 [1.  0.3]
 [0.9 0.3]
 [1.  0.3]
 [0.9 0.3]
 [0.9 0.4]
 [1.  0.4]
 [1.  0.4]
 [1.  0.4]
 [1.  0.4]
 [1.  0.3]
 [1.  0.4]
 [0.9 0.4]
 [0.8 0.4]
 [0.9 0.4]
 [0.8 0.4]
 [0.9 0.4]
 [0.9 0.4]]
Logstds:
[[0. 0. 0. 0.]
 [0. 0. 0. 0.]
 [0. 0. 0. 0.]
 [0. 0. 0. 0.]
 [0. 0. 0. 0.]
 [0. 0. 0. 0.]
 [0. 0. 0. 0.]
 [0. 0. 0. 0.]
 [0. 0. 0. 0.]
 [0. 0. 0. 0.]
 [0. 0. 0. 0.]
 [0. 0. 0. 0.]
 [0. 0. 0. 0.]
 [0. 0. 0. 0.]
 [0. 0. 0. 0.]
 [0. 0. 0. 0.]
 [0. 0. 0. 0.]
 [0. 0. 0. 0.]
 [0. 0. 0. 0.]
 [0. 0. 0. 0.]
 [0. 0. 0. 0.]
 [0. 0. 0. 0.]
 [0. 0. 0. 0.]
 [0. 0. 0. 0.]
 [0. 0. 0. 0.]]
