Baseline:
[-3.7825298 -3.6599853 -3.542086  -3.4224076 -3.3029013 -3.3029013
 -3.3029013 -3.3029013 -3.4248652 -3.542086  -3.4248652 -3.5508504
 -3.5508504 -3.665359  -3.7946892 -3.928134  -3.7946892 -3.6814766
 -3.7946892 -3.6814766 -3.7946892 -3.6814766 -3.8154993 -3.928134
 -4.0652637 -4.0652637]
Returns:
[-15.9257907  -15.49853404 -15.12120506 -14.75053081 -14.43010114
 -14.13777048 -13.830054   -13.50614192 -13.13739327 -12.7794389
 -12.30466057 -11.82738657 -11.29736067 -10.79758257 -10.15618669
  -9.43723414  -8.61001791  -7.81306519  -7.08570269  -6.20852285
  -5.39671076  -4.43063661  -3.45149664  -2.45072846  -1.27976573]
Advants:
[-10.02024545  -9.90082052  -9.83443809  -9.78517196  -9.79694927
  -9.72639745  -9.64983552  -9.56675149  -9.32220526  -9.09947102
  -9.00480006  -8.66816498  -8.41108382  -8.07399473  -7.58024289
  -7.00205149  -6.58438806  -6.17913046  -5.61476338  -5.12690617
  -4.47290306  -3.88777397  -3.03072314  -2.16081441  -1.07650232]
Mus:
[[0.27025497 0.26483846 0.26748982 0.19741683]
 [0.26942575 0.26173177 0.27014214 0.1987003 ]
 [0.2667143  0.2626433  0.2712128  0.19942966]
 [0.2652432  0.26003522 0.27376205 0.20095958]
 [0.2625047  0.26057243 0.2751999  0.20172296]
 [0.2625047  0.26057243 0.2751999  0.20172296]
 [0.2625047  0.26057243 0.2751999  0.20172296]
 [0.2625047  0.26057243 0.2751999  0.20172296]
 [0.2634895  0.26353425 0.27297568 0.20000052]
 [0.2667143  0.2626433  0.2712128  0.19942966]
 [0.2634895  0.26353425 0.27297568 0.20000052]
 [0.26433307 0.26634073 0.27074865 0.19857754]
 [0.26433307 0.26634073 0.27074865 0.19857754]
 [0.2674641  0.2657798  0.26870856 0.19804758]
 [0.26807493 0.2686845  0.2666398  0.19660072]
 [0.2684251  0.2713609  0.26501128 0.19520278]
 [0.26807493 0.2686845  0.2666398  0.19660072]
 [0.2649989  0.26888382 0.26909265 0.19702458]
 [0.26807493 0.2686845  0.2666398  0.19660072]
 [0.2649989  0.26888382 0.26909265 0.19702458]
 [0.26807493 0.2686845  0.2666398  0.19660072]
 [0.2649989  0.26888382 0.26909265 0.19702458]
 [0.26506147 0.27183095 0.26759323 0.19551438]
 [0.2684251  0.2713609  0.26501128 0.19520278]
 [0.26875302 0.27425835 0.26316124 0.19382745]]
Actions:
[[0. 0. 0. 1.]
 [0. 0. 1. 0.]
 [0. 0. 0. 1.]
 [0. 0. 1. 0.]
 [0. 0. 1. 0.]
 [0. 0. 1. 0.]
 [0. 0. 1. 0.]
 [0. 1. 0. 0.]
 [1. 0. 0. 0.]
 [0. 0. 1. 0.]
 [0. 1. 0. 0.]
 [0. 0. 1. 0.]
 [1. 0. 0. 0.]
 [0. 1. 0. 0.]
 [0. 1. 0. 0.]
 [0. 0. 0. 1.]
 [0. 0. 1. 0.]
 [1. 0. 0. 0.]
 [0. 0. 1. 0.]
 [1. 0. 0. 0.]
 [0. 0. 1. 0.]
 [0. 1. 0. 0.]
 [1. 0. 0. 0.]
 [0. 1. 0. 0.]
 [0. 1. 0. 0.]]
States:
[[0.8 0.2]
 [0.8 0.1]
 [0.7 0.1]
 [0.7 0. ]
 [0.6 0. ]
 [0.6 0. ]
 [0.6 0. ]
 [0.6 0. ]
 [0.6 0.1]
 [0.7 0.1]
 [0.6 0.1]
 [0.6 0.2]
 [0.6 0.2]
 [0.7 0.2]
 [0.7 0.3]
 [0.7 0.4]
 [0.7 0.3]
 [0.6 0.3]
 [0.7 0.3]
 [0.6 0.3]
 [0.7 0.3]
 [0.6 0.3]
 [0.6 0.4]
 [0.7 0.4]
 [0.7 0.5]]
Logstds:
[[0. 0. 0. 0.]
 [0. 0. 0. 0.]
 [0. 0. 0. 0.]
 [0. 0. 0. 0.]
 [0. 0. 0. 0.]
 [0. 0. 0. 0.]
 [0. 0. 0. 0.]
 [0. 0. 0. 0.]
 [0. 0. 0. 0.]
 [0. 0. 0. 0.]
 [0. 0. 0. 0.]
 [0. 0. 0. 0.]
 [0. 0. 0. 0.]
 [0. 0. 0. 0.]
 [0. 0. 0. 0.]
 [0. 0. 0. 0.]
 [0. 0. 0. 0.]
 [0. 0. 0. 0.]
 [0. 0. 0. 0.]
 [0. 0. 0. 0.]
 [0. 0. 0. 0.]
 [0. 0. 0. 0.]
 [0. 0. 0. 0.]
 [0. 0. 0. 0.]
 [0. 0. 0. 0.]]
