Baseline:
[ -9.841617   -9.841617  -10.104129   -9.822206   -9.822206   -9.822206
  -9.822206   -9.822206  -10.087249  -10.351056  -10.61482   -10.3296175
 -10.066007  -10.3296175 -10.066007  -10.3296175 -10.049146  -10.317433
 -10.049146  -10.317433  -10.317433  -10.317433  -10.049146  -10.3296175
 -10.61482   -10.61482  ]
Returns:
[-15.35652809 -14.82217443 -14.68729922 -14.08176657 -13.65552974
 -13.20685939 -12.73457481 -12.23743315 -11.97749171 -11.67203148
 -11.31858476 -10.48949777  -9.8356735   -9.42915965  -8.71952811
  -8.25426977  -7.3210063   -6.79518844  -5.96902372  -5.37204888
  -4.71379942  -4.02090524  -3.04872562  -2.24824762  -1.35356188]
Advants:
[-6.59172954 -6.30314495 -6.16017259 -6.10264333 -5.95197024 -5.78846173
 -5.61102439 -5.41847166 -5.20778553 -4.96198549 -4.67670801 -4.4762117
 -4.44657109 -4.14701031 -4.08932595 -3.75933246 -3.51920601 -3.14835882
 -3.03254306 -2.62023842 -2.43317569 -2.23017762 -2.03614458 -1.47505561
 -0.82282162]
Mus:
[[0.25866643 0.2754603  0.24826841 0.2176048 ]
 [0.25866643 0.2754603  0.24826841 0.2176048 ]
 [0.25950196 0.2771861  0.24672976 0.21658213]
 [0.2602806  0.27327022 0.24897115 0.21747795]
 [0.2602806  0.27327022 0.24897115 0.21747795]
 [0.2602806  0.27327022 0.24897115 0.21747795]
 [0.2602806  0.27327022 0.24897115 0.21747795]
 [0.2602806  0.27327022 0.24897115 0.21747795]
 [0.26097056 0.27460286 0.24770978 0.21671683]
 [0.26139328 0.27560148 0.24711154 0.21589369]
 [0.261404   0.2761095  0.24711935 0.2153671 ]
 [0.26159337 0.27103916 0.25024092 0.2171265 ]
 [0.26190236 0.27079847 0.2499197  0.21737947]
 [0.26159337 0.27103916 0.25024092 0.2171265 ]
 [0.26190236 0.27079847 0.2499197  0.21737947]
 [0.26159337 0.27103916 0.25024092 0.2171265 ]
 [0.2614564  0.26650968 0.25328302 0.21875083]
 [0.26154423 0.2667453  0.25390416 0.21780635]
 [0.2614564  0.26650968 0.25328302 0.21875083]
 [0.26154423 0.2667453  0.25390416 0.21780635]
 [0.26154423 0.2667453  0.25390416 0.21780635]
 [0.26154423 0.2667453  0.25390416 0.21780635]
 [0.2614564  0.26650968 0.25328302 0.21875083]
 [0.26159337 0.27103916 0.25024092 0.2171265 ]
 [0.261404   0.2761095  0.24711935 0.2153671 ]]
Actions:
[[0. 0. 0. 1.]
 [1. 0. 0. 0.]
 [0. 0. 0. 1.]
 [0. 0. 1. 0.]
 [0. 0. 1. 0.]
 [0. 0. 1. 0.]
 [0. 0. 1. 0.]
 [1. 0. 0. 0.]
 [1. 0. 0. 0.]
 [1. 0. 0. 0.]
 [0. 0. 0. 1.]
 [0. 0. 1. 0.]
 [1. 0. 0. 0.]
 [0. 0. 1. 0.]
 [1. 0. 0. 0.]
 [0. 0. 0. 1.]
 [1. 0. 0. 0.]
 [0. 0. 1. 0.]
 [1. 0. 0. 0.]
 [1. 0. 0. 0.]
 [1. 0. 0. 0.]
 [0. 0. 1. 0.]
 [0. 1. 0. 0.]
 [0. 1. 0. 0.]
 [0. 0. 0. 1.]]
States:
[[0.5 0.3]
 [0.5 0.3]
 [0.6 0.3]
 [0.6 0.2]
 [0.6 0.2]
 [0.6 0.2]
 [0.6 0.2]
 [0.6 0.2]
 [0.7 0.2]
 [0.8 0.2]
 [0.9 0.2]
 [0.9 0.1]
 [0.8 0.1]
 [0.9 0.1]
 [0.8 0.1]
 [0.9 0.1]
 [0.9 0. ]
 [1.  0. ]
 [0.9 0. ]
 [1.  0. ]
 [1.  0. ]
 [1.  0. ]
 [0.9 0. ]
 [0.9 0.1]
 [0.9 0.2]]
Logstds:
[[0. 0. 0. 0.]
 [0. 0. 0. 0.]
 [0. 0. 0. 0.]
 [0. 0. 0. 0.]
 [0. 0. 0. 0.]
 [0. 0. 0. 0.]
 [0. 0. 0. 0.]
 [0. 0. 0. 0.]
 [0. 0. 0. 0.]
 [0. 0. 0. 0.]
 [0. 0. 0. 0.]
 [0. 0. 0. 0.]
 [0. 0. 0. 0.]
 [0. 0. 0. 0.]
 [0. 0. 0. 0.]
 [0. 0. 0. 0.]
 [0. 0. 0. 0.]
 [0. 0. 0. 0.]
 [0. 0. 0. 0.]
 [0. 0. 0. 0.]
 [0. 0. 0. 0.]
 [0. 0. 0. 0.]
 [0. 0. 0. 0.]
 [0. 0. 0. 0.]
 [0. 0. 0. 0.]]
