Baseline:
[-1.6351207 -1.6977576 -1.7615317 -1.7615317 -1.6977576 -1.6351207
 -1.6977576 -1.7382573 -1.6770195 -1.7382573 -1.7798663 -1.7182522
 -1.7798663 -1.7382573 -1.801076  -1.801076  -1.7615317 -1.6977576
 -1.7382573 -1.6977576 -1.7615317 -1.6977576 -1.7615317 -1.6977576
 -1.6351207 -1.6351207]
Returns:
[-17.60190866 -17.30259127 -16.94569106 -16.52765419 -16.08232576
 -15.6570262  -15.25534658 -14.85692029 -14.33022366 -13.8178908
 -13.30305869 -12.65761282 -12.01567953 -11.29106251 -10.577007
  -9.78380524  -8.93836158  -8.09359669  -7.31823619  -6.38685323
  -5.45544048  -4.42736396  -3.3928202   -2.25618471  -1.10319352]
Advants:
[-12.60684368 -12.44128905 -12.22073455 -12.00693592 -11.83521776
 -11.68905018 -11.4453113  -11.23217803 -10.9973512  -10.65631997
 -10.33501798  -9.98829987  -9.52030563  -9.07179317  -8.5253635
  -7.95770499  -7.37163763  -6.80505141  -6.19662742  -5.50329812
  -4.69171563  -3.89683438  -2.94840175  -2.00501248  -1.02143729]
Mus:
[[0.26445377 0.28340918 0.26194772 0.19018933]
 [0.26390362 0.28572625 0.26089567 0.18947445]
 [0.26350024 0.28802702 0.25979838 0.18867433]
 [0.26350024 0.28802702 0.25979838 0.18867433]
 [0.26390362 0.28572625 0.26089567 0.18947445]
 [0.26445377 0.28340918 0.26194772 0.19018933]
 [0.26390362 0.28572625 0.26089567 0.18947445]
 [0.26682475 0.28523836 0.25864798 0.18928894]
 [0.26765636 0.28250727 0.25977683 0.19005963]
 [0.26682475 0.28523836 0.25864798 0.18928894]
 [0.2695251  0.2841426  0.25720325 0.189129  ]
 [0.27068874 0.28129444 0.25799772 0.1900191 ]
 [0.2695251  0.2841426  0.25720325 0.189129  ]
 [0.26682475 0.28523836 0.25864798 0.18928894]
 [0.26617014 0.28751493 0.25787565 0.18843928]
 [0.26617014 0.28751493 0.25787565 0.18843928]
 [0.26350024 0.28802702 0.25979838 0.18867433]
 [0.26390362 0.28572625 0.26089567 0.18947445]
 [0.26682475 0.28523836 0.25864798 0.18928894]
 [0.26390362 0.28572625 0.26089567 0.18947445]
 [0.26350024 0.28802702 0.25979838 0.18867433]
 [0.26390362 0.28572625 0.26089567 0.18947445]
 [0.26350024 0.28802702 0.25979838 0.18867433]
 [0.26390362 0.28572625 0.26089567 0.18947445]
 [0.26445377 0.28340918 0.26194772 0.19018933]]
Actions:
[[0. 1. 0. 0.]
 [0. 1. 0. 0.]
 [0. 1. 0. 0.]
 [0. 0. 0. 1.]
 [0. 0. 0. 1.]
 [0. 1. 0. 0.]
 [1. 0. 0. 0.]
 [0. 0. 0. 1.]
 [0. 1. 0. 0.]
 [1. 0. 0. 0.]
 [0. 0. 0. 1.]
 [0. 1. 0. 0.]
 [0. 0. 1. 0.]
 [0. 1. 0. 0.]
 [0. 1. 0. 0.]
 [0. 0. 1. 0.]
 [0. 0. 0. 1.]
 [1. 0. 0. 0.]
 [0. 0. 1. 0.]
 [0. 1. 0. 0.]
 [0. 0. 0. 1.]
 [0. 1. 0. 0.]
 [0. 0. 0. 1.]
 [0. 0. 0. 1.]
 [1. 0. 0. 0.]]
States:
[[0.6 0.8]
 [0.6 0.9]
 [0.6 1. ]
 [0.6 1. ]
 [0.6 0.9]
 [0.6 0.8]
 [0.6 0.9]
 [0.7 0.9]
 [0.7 0.8]
 [0.7 0.9]
 [0.8 0.9]
 [0.8 0.8]
 [0.8 0.9]
 [0.7 0.9]
 [0.7 1. ]
 [0.7 1. ]
 [0.6 1. ]
 [0.6 0.9]
 [0.7 0.9]
 [0.6 0.9]
 [0.6 1. ]
 [0.6 0.9]
 [0.6 1. ]
 [0.6 0.9]
 [0.6 0.8]]
Logstds:
[[0. 0. 0. 0.]
 [0. 0. 0. 0.]
 [0. 0. 0. 0.]
 [0. 0. 0. 0.]
 [0. 0. 0. 0.]
 [0. 0. 0. 0.]
 [0. 0. 0. 0.]
 [0. 0. 0. 0.]
 [0. 0. 0. 0.]
 [0. 0. 0. 0.]
 [0. 0. 0. 0.]
 [0. 0. 0. 0.]
 [0. 0. 0. 0.]
 [0. 0. 0. 0.]
 [0. 0. 0. 0.]
 [0. 0. 0. 0.]
 [0. 0. 0. 0.]
 [0. 0. 0. 0.]
 [0. 0. 0. 0.]
 [0. 0. 0. 0.]
 [0. 0. 0. 0.]
 [0. 0. 0. 0.]
 [0. 0. 0. 0.]
 [0. 0. 0. 0.]
 [0. 0. 0. 0.]]
