Baseline:
[ -9.209798   -8.947287   -9.209798   -8.947287   -9.209798   -8.947287
  -9.209798   -9.495035   -9.209798   -8.927875   -9.209798   -9.474555
  -9.7567215 -10.021325   -9.741088   -9.474555   -9.209798   -9.495035
  -9.234242   -8.947287   -8.68966    -8.435081   -8.156413   -8.4063425
  -8.4063425  -8.4063425]
Returns:
[-17.83181253 -17.48157605 -17.19915813 -16.81562405 -16.49815602
 -16.07772709 -15.72142238 -15.195196   -14.5410659  -13.91245952
 -13.34372147 -12.80124196 -12.08006905 -11.37791984 -10.42847801
  -9.58889799  -8.75422056  -7.86129934  -6.92425509  -5.88099099
  -4.95394895  -4.02997918  -2.98257622  -2.06825579  -1.06567597]
Advants:
[-8.45027433 -8.61186625 -8.32063948 -8.47118817 -8.16797742 -8.30552126
 -7.98819781 -7.47881283 -7.42632311 -7.4122747  -6.89627549 -6.42724326
 -5.7598876  -5.12784098 -4.80115768 -4.58208759 -4.37867229 -3.56180196
 -3.25670005 -2.87976889 -2.60134467 -2.33554953 -1.98101616 -1.23024504
 -0.64535904]
Mus:
[[0.2649989  0.26888382 0.26909265 0.19702458]
 [0.26133934 0.26890627 0.27210242 0.19765206]
 [0.2649989  0.26888382 0.26909265 0.19702458]
 [0.26133934 0.26890627 0.27210242 0.19765206]
 [0.2649989  0.26888382 0.26909265 0.19702458]
 [0.26133934 0.26890627 0.27210242 0.19765206]
 [0.2649989  0.26888382 0.26909265 0.19702458]
 [0.26506147 0.27183095 0.26759323 0.19551438]
 [0.2649989  0.26888382 0.26909265 0.19702458]
 [0.26433307 0.26634073 0.27074865 0.19857754]
 [0.2649989  0.26888382 0.26909265 0.19702458]
 [0.26807493 0.2686845  0.2666398  0.19660072]
 [0.2684251  0.2713609  0.26501128 0.19520278]
 [0.2712291  0.27111375 0.2626056  0.1950515 ]
 [0.27073106 0.2681101  0.2649357  0.19622315]
 [0.26807493 0.2686845  0.2666398  0.19660072]
 [0.2649989  0.26888382 0.26909265 0.19702458]
 [0.26506147 0.27183095 0.26759323 0.19551438]
 [0.26123327 0.27195993 0.27048087 0.19632599]
 [0.26133934 0.26890627 0.27210242 0.19765206]
 [0.25725248 0.26884857 0.2747546  0.19914436]
 [0.2526539  0.2689793  0.27774104 0.20062578]
 [0.25309172 0.26599646 0.27871954 0.20219229]
 [0.25700617 0.2663656  0.27639094 0.20023732]
 [0.25700617 0.2663656  0.27639094 0.20023732]]
Actions:
[[0. 0. 1. 0.]
 [1. 0. 0. 0.]
 [0. 0. 1. 0.]
 [1. 0. 0. 0.]
 [0. 0. 1. 0.]
 [1. 0. 0. 0.]
 [0. 1. 0. 0.]
 [0. 0. 0. 1.]
 [0. 0. 0. 1.]
 [0. 1. 0. 0.]
 [1. 0. 0. 0.]
 [0. 1. 0. 0.]
 [1. 0. 0. 0.]
 [0. 0. 0. 1.]
 [0. 0. 1. 0.]
 [0. 0. 1. 0.]
 [0. 1. 0. 0.]
 [0. 0. 1. 0.]
 [0. 0. 0. 1.]
 [0. 0. 1. 0.]
 [0. 0. 1. 0.]
 [0. 0. 0. 1.]
 [1. 0. 0. 0.]
 [1. 0. 0. 0.]
 [0. 0. 1. 0.]]
States:
[[0.6 0.3]
 [0.5 0.3]
 [0.6 0.3]
 [0.5 0.3]
 [0.6 0.3]
 [0.5 0.3]
 [0.6 0.3]
 [0.6 0.4]
 [0.6 0.3]
 [0.6 0.2]
 [0.6 0.3]
 [0.7 0.3]
 [0.7 0.4]
 [0.8 0.4]
 [0.8 0.3]
 [0.7 0.3]
 [0.6 0.3]
 [0.6 0.4]
 [0.5 0.4]
 [0.5 0.3]
 [0.4 0.3]
 [0.3 0.3]
 [0.3 0.2]
 [0.4 0.2]
 [0.4 0.2]]
Logstds:
[[0. 0. 0. 0.]
 [0. 0. 0. 0.]
 [0. 0. 0. 0.]
 [0. 0. 0. 0.]
 [0. 0. 0. 0.]
 [0. 0. 0. 0.]
 [0. 0. 0. 0.]
 [0. 0. 0. 0.]
 [0. 0. 0. 0.]
 [0. 0. 0. 0.]
 [0. 0. 0. 0.]
 [0. 0. 0. 0.]
 [0. 0. 0. 0.]
 [0. 0. 0. 0.]
 [0. 0. 0. 0.]
 [0. 0. 0. 0.]
 [0. 0. 0. 0.]
 [0. 0. 0. 0.]
 [0. 0. 0. 0.]
 [0. 0. 0. 0.]
 [0. 0. 0. 0.]
 [0. 0. 0. 0.]
 [0. 0. 0. 0.]
 [0. 0. 0. 0.]
 [0. 0. 0. 0.]]
