Baseline:
[0.73207456 0.74709624 0.7592615  0.7228907  0.7592615  0.7976454
 0.7592615  0.7976454  0.8103805  0.8219628  0.8103805  0.7715098
 0.8103805  0.8219628  0.7871066  0.7871066  0.8219628  0.8103805
 0.8219628  0.8103805  0.7715098  0.73944145 0.70812327 0.6797682
 0.6619936  0.6619936 ]
Returns:
[-1.99019765 -1.97901161 -1.95726779 -1.92815871 -1.8881589  -1.83051559
 -1.77875979 -1.71535864 -1.65662053 -1.58467571 -1.51461368 -1.43588786
 -1.34351648 -1.2550925  -1.15156274 -1.05908926 -0.9358693  -0.83165956
 -0.71629575 -0.6005295  -0.47369399 -0.35643317 -0.24903274 -0.15185494
 -0.08060074]
Advants:
[-1.92468285 -1.94488668 -1.95277442 -1.90422359 -1.91885356 -1.91881288
 -1.84674129 -1.84055758 -1.81356973 -1.77197527 -1.7081728  -1.606301
 -1.5682099  -1.50571392 -1.37861583 -1.2955318  -1.21462441 -1.10334278
 -1.00124607 -0.87178734 -0.69866621 -0.53667201 -0.37991924 -0.2309335
 -0.11370045]
Mus:
[[0.2560523  0.27317333 0.25027758 0.22049676]
 [0.25696608 0.27280056 0.2500919  0.2201414 ]
 [0.2574822  0.27274606 0.2502805  0.21949127]
 [0.2570938  0.27074558 0.25239378 0.2197668 ]
 [0.2574822  0.27274606 0.2502805  0.21949127]
 [0.2577019  0.27532676 0.24815924 0.21881211]
 [0.2574822  0.27274606 0.2502805  0.21949127]
 [0.2577019  0.27532676 0.24815924 0.21881211]
 [0.2583469  0.2762402  0.24751526 0.21789771]
 [0.25890708 0.27817583 0.24605037 0.21686669]
 [0.2583469  0.2762402  0.24751526 0.21789771]
 [0.25798878 0.27386254 0.2495488  0.21859986]
 [0.2583469  0.2762402  0.24751526 0.21789771]
 [0.25890708 0.27817583 0.24605037 0.21686669]
 [0.25866643 0.2754603  0.24826841 0.2176048 ]
 [0.25866643 0.2754603  0.24826841 0.2176048 ]
 [0.25890708 0.27817583 0.24605037 0.21686669]
 [0.2583469  0.2762402  0.24751526 0.21789771]
 [0.25890708 0.27817583 0.24605037 0.21686669]
 [0.2583469  0.2762402  0.24751526 0.21789771]
 [0.25798878 0.27386254 0.2495488  0.21859986]
 [0.25845334 0.27101848 0.25122532 0.21930292]
 [0.25818747 0.26841703 0.25346765 0.21992788]
 [0.25815555 0.26586536 0.25557297 0.22040607]
 [0.25660288 0.26619866 0.25651392 0.22068462]]
Actions:
[[1. 0. 0. 0.]
 [1. 0. 0. 0.]
 [0. 0. 0. 1.]
 [0. 1. 0. 0.]
 [0. 1. 0. 0.]
 [0. 0. 0. 1.]
 [0. 1. 0. 0.]
 [1. 0. 0. 0.]
 [1. 0. 0. 0.]
 [0. 0. 1. 0.]
 [0. 0. 0. 1.]
 [0. 1. 0. 0.]
 [1. 0. 0. 0.]
 [0. 0. 0. 1.]
 [0. 0. 0. 1.]
 [0. 1. 0. 0.]
 [0. 0. 1. 0.]
 [1. 0. 0. 0.]
 [0. 0. 1. 0.]
 [0. 0. 0. 1.]
 [0. 0. 0. 1.]
 [0. 0. 0. 1.]
 [0. 0. 0. 1.]
 [0. 0. 1. 0.]
 [0. 0. 0. 1.]]
States:
[[0.1 0.3]
 [0.2 0.3]
 [0.3 0.3]
 [0.3 0.2]
 [0.3 0.3]
 [0.3 0.4]
 [0.3 0.3]
 [0.3 0.4]
 [0.4 0.4]
 [0.5 0.4]
 [0.4 0.4]
 [0.4 0.3]
 [0.4 0.4]
 [0.5 0.4]
 [0.5 0.3]
 [0.5 0.3]
 [0.5 0.4]
 [0.4 0.4]
 [0.5 0.4]
 [0.4 0.4]
 [0.4 0.3]
 [0.4 0.2]
 [0.4 0.1]
 [0.4 0. ]
 [0.3 0. ]]
Logstds:
[[0. 0. 0. 0.]
 [0. 0. 0. 0.]
 [0. 0. 0. 0.]
 [0. 0. 0. 0.]
 [0. 0. 0. 0.]
 [0. 0. 0. 0.]
 [0. 0. 0. 0.]
 [0. 0. 0. 0.]
 [0. 0. 0. 0.]
 [0. 0. 0. 0.]
 [0. 0. 0. 0.]
 [0. 0. 0. 0.]
 [0. 0. 0. 0.]
 [0. 0. 0. 0.]
 [0. 0. 0. 0.]
 [0. 0. 0. 0.]
 [0. 0. 0. 0.]
 [0. 0. 0. 0.]
 [0. 0. 0. 0.]
 [0. 0. 0. 0.]
 [0. 0. 0. 0.]
 [0. 0. 0. 0.]
 [0. 0. 0. 0.]
 [0. 0. 0. 0.]
 [0. 0. 0. 0.]]
