Baseline:
[0.9466153 0.9859093 1.0278106 1.001157  1.0427716 1.018141  1.0427716
 1.0846363 1.1112727 1.1112727 1.1112727 1.0696275 1.0696275 1.0696275
 1.0696275 1.0427716 1.0696275 1.0696275 1.0427716 1.001157  1.0427716
 1.0846363 1.1112727 1.1112727 1.0846363 1.0846363]
Returns:
[-2.45356826 -2.39745546 -2.32492548 -2.30551839 -2.22857325 -2.20212853
 -2.1673446  -2.07007085 -1.99986569 -1.86695448 -1.77245696 -1.71250401
 -1.62542329 -1.53375937 -1.43727103 -1.35644741 -1.26391744 -1.1532269
 -1.05745358 -0.98790979 -0.84161683 -0.67456793 -0.53091525 -0.36609988
 -0.21325982]
Advants:
[-2.35506738 -2.35385819 -2.33922159 -2.30909079 -2.28995437 -2.25487315
 -2.2617623  -2.22313389 -2.1964277  -2.07770491 -1.99568188 -1.90447882
 -1.82598544 -1.74080544 -1.64836919 -1.54175658 -1.47520927 -1.36014763
 -1.22898223 -1.10512266 -0.98342357 -0.83589706 -0.69101606 -0.49086489
 -0.2674917 ]
Mus:
[[0.25606734 0.27875936 0.27041394 0.19475937]
 [0.2569528  0.28054097 0.26900348 0.19350275]
 [0.25764704 0.2824334  0.2675286  0.19239092]
 [0.25507787 0.28148353 0.27006966 0.1933689 ]
 [0.25586447 0.28340423 0.2688695  0.19186173]
 [0.25390837 0.2820259  0.27197886 0.19208688]
 [0.25586447 0.28340423 0.2688695  0.19186173]
 [0.2565149  0.28498226 0.268045   0.19045782]
 [0.25859162 0.28600055 0.2651427  0.19026516]
 [0.25859162 0.28600055 0.2651427  0.19026516]
 [0.25859162 0.28600055 0.2651427  0.19026516]
 [0.25808397 0.2841792  0.266332   0.19140477]
 [0.25808397 0.2841792  0.266332   0.19140477]
 [0.25808397 0.2841792  0.266332   0.19140477]
 [0.25808397 0.2841792  0.266332   0.19140477]
 [0.25586447 0.28340423 0.2688695  0.19186173]
 [0.25808397 0.2841792  0.266332   0.19140477]
 [0.25808397 0.2841792  0.266332   0.19140477]
 [0.25586447 0.28340423 0.2688695  0.19186173]
 [0.25507787 0.28148353 0.27006966 0.1933689 ]
 [0.25586447 0.28340423 0.2688695  0.19186173]
 [0.2565149  0.28498226 0.268045   0.19045782]
 [0.25859162 0.28600055 0.2651427  0.19026516]
 [0.25859162 0.28600055 0.2651427  0.19026516]
 [0.2565149  0.28498226 0.268045   0.19045782]]
Actions:
[[0. 1. 0. 0.]
 [0. 1. 0. 0.]
 [0. 0. 1. 0.]
 [0. 1. 0. 0.]
 [0. 0. 1. 0.]
 [1. 0. 0. 0.]
 [0. 1. 0. 0.]
 [1. 0. 0. 0.]
 [0. 1. 0. 0.]
 [1. 0. 0. 0.]
 [0. 0. 0. 1.]
 [1. 0. 0. 0.]
 [1. 0. 0. 0.]
 [1. 0. 0. 0.]
 [0. 0. 1. 0.]
 [1. 0. 0. 0.]
 [1. 0. 0. 0.]
 [0. 0. 1. 0.]
 [0. 0. 0. 1.]
 [0. 1. 0. 0.]
 [0. 1. 0. 0.]
 [1. 0. 0. 0.]
 [1. 0. 0. 0.]
 [0. 0. 1. 0.]
 [0. 1. 0. 0.]]
States:
[[0.4 0.6]
 [0.4 0.7]
 [0.4 0.8]
 [0.3 0.8]
 [0.3 0.9]
 [0.2 0.9]
 [0.3 0.9]
 [0.3 1. ]
 [0.4 1. ]
 [0.4 1. ]
 [0.4 1. ]
 [0.4 0.9]
 [0.4 0.9]
 [0.4 0.9]
 [0.4 0.9]
 [0.3 0.9]
 [0.4 0.9]
 [0.4 0.9]
 [0.3 0.9]
 [0.3 0.8]
 [0.3 0.9]
 [0.3 1. ]
 [0.4 1. ]
 [0.4 1. ]
 [0.3 1. ]]
Logstds:
[[0. 0. 0. 0.]
 [0. 0. 0. 0.]
 [0. 0. 0. 0.]
 [0. 0. 0. 0.]
 [0. 0. 0. 0.]
 [0. 0. 0. 0.]
 [0. 0. 0. 0.]
 [0. 0. 0. 0.]
 [0. 0. 0. 0.]
 [0. 0. 0. 0.]
 [0. 0. 0. 0.]
 [0. 0. 0. 0.]
 [0. 0. 0. 0.]
 [0. 0. 0. 0.]
 [0. 0. 0. 0.]
 [0. 0. 0. 0.]
 [0. 0. 0. 0.]
 [0. 0. 0. 0.]
 [0. 0. 0. 0.]
 [0. 0. 0. 0.]
 [0. 0. 0. 0.]
 [0. 0. 0. 0.]
 [0. 0. 0. 0.]
 [0. 0. 0. 0.]
 [0. 0. 0. 0.]]
