Baseline:
[0.82503563 0.84384274 0.82503563 0.85587716 0.87381834 0.87381834
 0.85587716 0.82503563 0.84384274 0.82503563 0.85587716 0.82503563
 0.84384274 0.87381834 0.9117187  0.9117187  0.9117187  0.87381834
 0.85587716 0.82503563 0.85587716 0.8378441  0.8200227  0.7885966
 0.8200227  0.8200227 ]
Returns:
[-2.70075983 -2.6668701  -2.6270683  -2.56126594 -2.5065402  -2.44041595
 -2.37439354 -2.30056005 -2.24560718 -2.18363365 -2.09449262 -2.00592751
 -1.93546766 -1.82351997 -1.68622911 -1.52210185 -1.34933632 -1.19384194
 -1.06221036 -0.9193146  -0.76363047 -0.62074996 -0.48157053 -0.33097234
 -0.16414464]
Advants:
[-2.51080824 -2.51784044 -2.48141761 -2.46945157 -2.45648298 -2.41415846
 -2.35342519 -2.27072208 -2.25730201 -2.19868465 -2.16263337 -2.06367724
 -2.0326196  -1.97046184 -1.8894997  -1.74029455 -1.57837902 -1.39077725
 -1.24286501 -1.06555639 -0.9329771  -0.75869102 -0.58232289 -0.37365178
 -0.20514578]
Mus:
[[0.261404   0.2761095  0.24711935 0.2153671 ]
 [0.26108986 0.27594823 0.24766493 0.21529701]
 [0.261404   0.2761095  0.24711935 0.2153671 ]
 [0.26145628 0.28072163 0.24355027 0.2142718 ]
 [0.2616318  0.28082067 0.24340923 0.21413825]
 [0.2616318  0.28082067 0.24340923 0.21413825]
 [0.26145628 0.28072163 0.24355027 0.2142718 ]
 [0.261404   0.2761095  0.24711935 0.2153671 ]
 [0.26108986 0.27594823 0.24766493 0.21529701]
 [0.261404   0.2761095  0.24711935 0.2153671 ]
 [0.26145628 0.28072163 0.24355027 0.2142718 ]
 [0.261404   0.2761095  0.24711935 0.2153671 ]
 [0.26108986 0.27594823 0.24766493 0.21529701]
 [0.2616318  0.28082067 0.24340923 0.21413825]
 [0.26213208 0.28531942 0.23953825 0.21301027]
 [0.26213208 0.28531942 0.23953825 0.21301027]
 [0.26213208 0.28531942 0.23953825 0.21301027]
 [0.2616318  0.28082067 0.24340923 0.21413825]
 [0.26145628 0.28072163 0.24355027 0.2142718 ]
 [0.261404   0.2761095  0.24711935 0.2153671 ]
 [0.26145628 0.28072163 0.24355027 0.2142718 ]
 [0.2609231  0.27987248 0.24427333 0.21493107]
 [0.26020825 0.27856544 0.24543029 0.21579607]
 [0.26097056 0.27460286 0.24770978 0.21671683]
 [0.26020825 0.27856544 0.24543029 0.21579607]]
Actions:
[[1. 0. 0. 0.]
 [0. 0. 1. 0.]
 [0. 1. 0. 0.]
 [1. 0. 0. 0.]
 [1. 0. 0. 0.]
 [0. 0. 1. 0.]
 [0. 0. 0. 1.]
 [1. 0. 0. 0.]
 [0. 0. 1. 0.]
 [0. 1. 0. 0.]
 [0. 0. 0. 1.]
 [1. 0. 0. 0.]
 [0. 1. 0. 0.]
 [0. 1. 0. 0.]
 [0. 1. 0. 0.]
 [0. 1. 0. 0.]
 [0. 0. 0. 1.]
 [0. 0. 1. 0.]
 [0. 0. 0. 1.]
 [0. 1. 0. 0.]
 [0. 0. 1. 0.]
 [0. 0. 1. 0.]
 [0. 0. 0. 1.]
 [0. 1. 0. 0.]
 [1. 0. 0. 0.]]
States:
[[0.9 0.2]
 [1.  0.2]
 [0.9 0.2]
 [0.9 0.3]
 [1.  0.3]
 [1.  0.3]
 [0.9 0.3]
 [0.9 0.2]
 [1.  0.2]
 [0.9 0.2]
 [0.9 0.3]
 [0.9 0.2]
 [1.  0.2]
 [1.  0.3]
 [1.  0.4]
 [1.  0.4]
 [1.  0.4]
 [1.  0.3]
 [0.9 0.3]
 [0.9 0.2]
 [0.9 0.3]
 [0.8 0.3]
 [0.7 0.3]
 [0.7 0.2]
 [0.7 0.3]]
Logstds:
[[0. 0. 0. 0.]
 [0. 0. 0. 0.]
 [0. 0. 0. 0.]
 [0. 0. 0. 0.]
 [0. 0. 0. 0.]
 [0. 0. 0. 0.]
 [0. 0. 0. 0.]
 [0. 0. 0. 0.]
 [0. 0. 0. 0.]
 [0. 0. 0. 0.]
 [0. 0. 0. 0.]
 [0. 0. 0. 0.]
 [0. 0. 0. 0.]
 [0. 0. 0. 0.]
 [0. 0. 0. 0.]
 [0. 0. 0. 0.]
 [0. 0. 0. 0.]
 [0. 0. 0. 0.]
 [0. 0. 0. 0.]
 [0. 0. 0. 0.]
 [0. 0. 0. 0.]
 [0. 0. 0. 0.]
 [0. 0. 0. 0.]
 [0. 0. 0. 0.]
 [0. 0. 0. 0.]]
