Baseline:
[0.9072153  0.93187255 0.9072153  0.88022363 0.88022363 0.84065896
 0.88022363 0.9173077  0.9593461  0.9325177  0.9750258  1.018141
 1.0053792  1.018141   1.0427716  1.0696275  1.0427716  1.0696275
 1.1112727  1.0846363  1.0613467  1.0846363  1.0846363  1.0846363
 1.0427716  1.0427716 ]
Returns:
[-1.94724265 -1.93143471 -1.92205174 -1.92595163 -1.94389272 -1.98262578
 -1.94411284 -1.88870688 -1.81618962 -1.79807911 -1.72002338 -1.62472404
 -1.57896319 -1.5241519  -1.45368499 -1.36627279 -1.28171242 -1.18524903
 -1.02329323 -0.9050423  -0.79376359 -0.67010247 -0.48088726 -0.28171335
 -0.15572584]
Advants:
[-1.90337001 -1.91975467 -1.89283891 -1.87676438 -1.90287537 -1.91088391
 -1.92156139 -1.91311851 -1.89241768 -1.85669983 -1.83005937 -1.7859273
 -1.73433262 -1.69850081 -1.65799417 -1.60134882 -1.49073067 -1.41983661
 -1.29440871 -1.13948716 -0.9898679  -0.8700591  -0.65389868 -0.41932417
 -0.2078644 ]
Mus:
[[0.25602612 0.27602908 0.2717875  0.19615735]
 [0.26058388 0.27552563 0.26891318 0.19497737]
 [0.25602612 0.27602908 0.2717875  0.19615735]
 [0.25213057 0.2755329  0.27473772 0.19759884]
 [0.25213057 0.2755329  0.27473772 0.19759884]
 [0.2523132  0.27232686 0.27621904 0.19914082]
 [0.25213057 0.2755329  0.27473772 0.19759884]
 [0.2527682  0.27766064 0.27345628 0.19611494]
 [0.2541132  0.27939978 0.27173036 0.19475664]
 [0.25160366 0.27844897 0.27444822 0.19549908]
 [0.2527904  0.28029448 0.273075   0.1938401 ]
 [0.25390837 0.2820259  0.27197886 0.19208688]
 [0.2516098  0.28013137 0.27568707 0.19257182]
 [0.25390837 0.2820259  0.27197886 0.19208688]
 [0.25586447 0.28340423 0.2688695  0.19186173]
 [0.25808397 0.2841792  0.266332   0.19140477]
 [0.25586447 0.28340423 0.2688695  0.19186173]
 [0.25808397 0.2841792  0.266332   0.19140477]
 [0.25859162 0.28600055 0.2651427  0.19026516]
 [0.2565149  0.28498226 0.268045   0.19045782]
 [0.2544932  0.28347293 0.2713463  0.19068755]
 [0.2565149  0.28498226 0.268045   0.19045782]
 [0.2565149  0.28498226 0.268045   0.19045782]
 [0.2565149  0.28498226 0.268045   0.19045782]
 [0.25586447 0.28340423 0.2688695  0.19186173]]
Actions:
[[1. 0. 0. 0.]
 [0. 0. 1. 0.]
 [0. 0. 1. 0.]
 [0. 0. 1. 0.]
 [0. 0. 0. 1.]
 [0. 1. 0. 0.]
 [0. 1. 0. 0.]
 [0. 1. 0. 0.]
 [0. 0. 1. 0.]
 [0. 1. 0. 0.]
 [0. 1. 0. 0.]
 [0. 0. 1. 0.]
 [1. 0. 0. 0.]
 [1. 0. 0. 0.]
 [1. 0. 0. 0.]
 [0. 0. 1. 0.]
 [1. 0. 0. 0.]
 [0. 1. 0. 0.]
 [0. 0. 1. 0.]
 [0. 0. 1. 0.]
 [1. 0. 0. 0.]
 [0. 1. 0. 0.]
 [0. 1. 0. 0.]
 [0. 0. 0. 1.]
 [1. 0. 0. 0.]]
States:
[[0.4 0.5]
 [0.5 0.5]
 [0.4 0.5]
 [0.3 0.5]
 [0.3 0.5]
 [0.3 0.4]
 [0.3 0.5]
 [0.3 0.6]
 [0.3 0.7]
 [0.2 0.7]
 [0.2 0.8]
 [0.2 0.9]
 [0.1 0.9]
 [0.2 0.9]
 [0.3 0.9]
 [0.4 0.9]
 [0.3 0.9]
 [0.4 0.9]
 [0.4 1. ]
 [0.3 1. ]
 [0.2 1. ]
 [0.3 1. ]
 [0.3 1. ]
 [0.3 1. ]
 [0.3 0.9]]
Logstds:
[[0. 0. 0. 0.]
 [0. 0. 0. 0.]
 [0. 0. 0. 0.]
 [0. 0. 0. 0.]
 [0. 0. 0. 0.]
 [0. 0. 0. 0.]
 [0. 0. 0. 0.]
 [0. 0. 0. 0.]
 [0. 0. 0. 0.]
 [0. 0. 0. 0.]
 [0. 0. 0. 0.]
 [0. 0. 0. 0.]
 [0. 0. 0. 0.]
 [0. 0. 0. 0.]
 [0. 0. 0. 0.]
 [0. 0. 0. 0.]
 [0. 0. 0. 0.]
 [0. 0. 0. 0.]
 [0. 0. 0. 0.]
 [0. 0. 0. 0.]
 [0. 0. 0. 0.]
 [0. 0. 0. 0.]
 [0. 0. 0. 0.]
 [0. 0. 0. 0.]
 [0. 0. 0. 0.]]
