Baseline:
[0.7228907  0.69131917 0.7228907  0.69131917 0.6741496  0.70868456
 0.6741496  0.70868456 0.7228907  0.69131917 0.6741496  0.64438707
 0.62908524 0.6588824  0.62908524 0.64438707 0.62908524 0.6159132
 0.6159132  0.6474511  0.6842654  0.6842654  0.69677144 0.6842654
 0.6474511  0.6474511 ]
Returns:
[-1.30885809 -1.26111526 -1.20179886 -1.14842133 -1.12513546 -1.06938655
 -1.01798128 -0.95659267 -0.89403377 -0.82445808 -0.78412152 -0.73359904
 -0.71306603 -0.66064902 -0.61255677 -0.568529   -0.53930809 -0.51839956
 -0.48679624 -0.43182923 -0.35905438 -0.31217129 -0.23552174 -0.17192973
 -0.09072757]
Advants:
[-1.46094164 -1.39338638 -1.37754422 -1.30288456 -1.27234382 -1.26123313
 -1.1835988  -1.16492817 -1.12396    -1.02769822 -0.97371513 -0.89477031
 -0.8592815  -0.83633754 -0.75568751 -0.72307734 -0.67296249 -0.63175937
 -0.59144932 -0.55784721 -0.50973479 -0.44821468 -0.36620354 -0.26836209
 -0.1231001 ]
Mus:
[[0.2570938  0.27074558 0.25239378 0.2197668 ]
 [0.2568896  0.2685498  0.25433213 0.22022846]
 [0.2570938  0.27074558 0.25239378 0.2197668 ]
 [0.2568896  0.2685498  0.25433213 0.22022846]
 [0.25560227 0.26847625 0.255111   0.22081047]
 [0.25605038 0.27073014 0.2528868  0.22033265]
 [0.25560227 0.26847625 0.255111   0.22081047]
 [0.25605038 0.27073014 0.2528868  0.22033265]
 [0.2570938  0.27074558 0.25239378 0.2197668 ]
 [0.2568896  0.2685498  0.25433213 0.22022846]
 [0.25560227 0.26847625 0.255111   0.22081047]
 [0.25518367 0.26627228 0.257706   0.22083811]
 [0.25402623 0.2659497  0.25912005 0.22090395]
 [0.25463745 0.26869732 0.25607818 0.22058704]
 [0.25402623 0.2659497  0.25912005 0.22090395]
 [0.25518367 0.26627228 0.257706   0.22083811]
 [0.25402623 0.2659497  0.25912005 0.22090395]
 [0.25277823 0.26619062 0.2601554  0.22087568]
 [0.25277823 0.26619062 0.2601554  0.22087568]
 [0.25345308 0.26914    0.257082   0.22032495]
 [0.25413185 0.27175236 0.25380087 0.22031493]
 [0.25413185 0.27175236 0.25380087 0.22031493]
 [0.25527823 0.27115825 0.2531449  0.22041859]
 [0.25413185 0.27175236 0.25380087 0.22031493]
 [0.25345308 0.26914    0.257082   0.22032495]]
Actions:
[[0. 0. 0. 1.]
 [0. 1. 0. 0.]
 [0. 0. 0. 1.]
 [0. 0. 1. 0.]
 [0. 1. 0. 0.]
 [0. 0. 0. 1.]
 [0. 1. 0. 0.]
 [1. 0. 0. 0.]
 [0. 0. 0. 1.]
 [0. 0. 1. 0.]
 [0. 0. 0. 1.]
 [0. 0. 1. 0.]
 [0. 1. 0. 0.]
 [0. 0. 0. 1.]
 [1. 0. 0. 0.]
 [0. 0. 1. 0.]
 [0. 0. 1. 0.]
 [0. 0. 0. 1.]
 [0. 1. 0. 0.]
 [0. 1. 0. 0.]
 [0. 0. 1. 0.]
 [1. 0. 0. 0.]
 [0. 0. 1. 0.]
 [0. 0. 0. 1.]
 [0. 1. 0. 0.]]
States:
[[0.3 0.2]
 [0.3 0.1]
 [0.3 0.2]
 [0.3 0.1]
 [0.2 0.1]
 [0.2 0.2]
 [0.2 0.1]
 [0.2 0.2]
 [0.3 0.2]
 [0.3 0.1]
 [0.2 0.1]
 [0.2 0. ]
 [0.1 0. ]
 [0.1 0.1]
 [0.1 0. ]
 [0.2 0. ]
 [0.1 0. ]
 [0.  0. ]
 [0.  0. ]
 [0.  0.1]
 [0.  0.2]
 [0.  0.2]
 [0.1 0.2]
 [0.  0.2]
 [0.  0.1]]
Logstds:
[[0. 0. 0. 0.]
 [0. 0. 0. 0.]
 [0. 0. 0. 0.]
 [0. 0. 0. 0.]
 [0. 0. 0. 0.]
 [0. 0. 0. 0.]
 [0. 0. 0. 0.]
 [0. 0. 0. 0.]
 [0. 0. 0. 0.]
 [0. 0. 0. 0.]
 [0. 0. 0. 0.]
 [0. 0. 0. 0.]
 [0. 0. 0. 0.]
 [0. 0. 0. 0.]
 [0. 0. 0. 0.]
 [0. 0. 0. 0.]
 [0. 0. 0. 0.]
 [0. 0. 0. 0.]
 [0. 0. 0. 0.]
 [0. 0. 0. 0.]
 [0. 0. 0. 0.]
 [0. 0. 0. 0.]
 [0. 0. 0. 0.]
 [0. 0. 0. 0.]
 [0. 0. 0. 0.]]
