Baseline:
[0.9631764  0.9742642  1.0160881  1.0296276  1.0296276  1.0467939
 1.0664833  1.0467939  1.0296276  1.0467939  1.0664833  1.0664833
 1.0467939  1.0664833  1.0249436  1.0249436  1.0060377  0.9882161
 0.9742642  0.9631764  0.9213169  0.8795036  0.89100194 0.8795036
 0.8376538  0.8376538 ]
Returns:
[-2.99007429 -2.95944793 -2.88991854 -2.83025738 -2.72469718 -2.64692677
 -2.55577641 -2.44763079 -2.34485415 -2.24709201 -2.13489771 -2.00787908
 -1.87089676 -1.73890271 -1.56909242 -1.42614706 -1.27469385 -1.12715709
 -0.9838576  -0.84566138 -0.68732749 -0.53692766 -0.40471186 -0.27285389
 -0.11687672]
Advants:
[-2.85210763 -2.86042695 -2.86209563 -2.84642396 -2.770643   -2.74048063
 -2.69984432 -2.60150636 -2.50986356 -2.45748612 -2.39274231 -2.29192133
 -2.15883355 -2.06864836 -1.87476571 -1.74635466 -1.58649914 -1.42742496
 -1.27212967 -1.12035136 -0.9112596  -0.70344536 -0.56206421 -0.39185029
 -0.15875942]
Mus:
[[0.25500414 0.28770223 0.23664138 0.22065221]
 [0.25544986 0.28817207 0.23637344 0.22000466]
 [0.2549495  0.29121298 0.23503207 0.21880545]
 [0.2554632  0.2928517  0.23413143 0.21755369]
 [0.2554632  0.2928517  0.23413143 0.21755369]
 [0.25585172 0.29473436 0.23327602 0.21613789]
 [0.256633   0.29624987 0.23218006 0.214937  ]
 [0.25585172 0.29473436 0.23327602 0.21613789]
 [0.2554632  0.2928517  0.23413143 0.21755369]
 [0.25585172 0.29473436 0.23327602 0.21613789]
 [0.256633   0.29624987 0.23218006 0.214937  ]
 [0.256633   0.29624987 0.23218006 0.214937  ]
 [0.25585172 0.29473436 0.23327602 0.21613789]
 [0.256633   0.29624987 0.23218006 0.214937  ]
 [0.25704822 0.29309538 0.23421931 0.21563706]
 [0.25704822 0.29309538 0.23421931 0.21563706]
 [0.25637874 0.29151708 0.23519515 0.21690899]
 [0.2558718  0.2898044  0.23592407 0.21839972]
 [0.25544986 0.28817207 0.23637344 0.22000466]
 [0.25500414 0.28770223 0.23664138 0.22065221]
 [0.25529966 0.28516638 0.23828538 0.22124866]
 [0.2553593  0.28294805 0.23984177 0.22185096]
 [0.25595528 0.2827253  0.24014407 0.22117534]
 [0.2553593  0.28294805 0.23984177 0.22185096]
 [0.25570232 0.28053162 0.2418136  0.22195251]]
Actions:
[[1. 0. 0. 0.]
 [0. 1. 0. 0.]
 [1. 0. 0. 0.]
 [0. 1. 0. 0.]
 [1. 0. 0. 0.]
 [1. 0. 0. 0.]
 [0. 0. 1. 0.]
 [0. 0. 1. 0.]
 [1. 0. 0. 0.]
 [1. 0. 0. 0.]
 [1. 0. 0. 0.]
 [0. 0. 1. 0.]
 [1. 0. 0. 0.]
 [0. 0. 0. 1.]
 [1. 0. 0. 0.]
 [0. 0. 1. 0.]
 [0. 0. 1. 0.]
 [0. 0. 1. 0.]
 [0. 0. 1. 0.]
 [0. 0. 0. 1.]
 [0. 0. 0. 1.]
 [1. 0. 0. 0.]
 [0. 0. 1. 0.]
 [0. 0. 0. 1.]
 [0. 0. 1. 0.]]
States:
[[0.  0.9]
 [0.1 0.9]
 [0.1 1. ]
 [0.2 1. ]
 [0.2 1. ]
 [0.3 1. ]
 [0.4 1. ]
 [0.3 1. ]
 [0.2 1. ]
 [0.3 1. ]
 [0.4 1. ]
 [0.4 1. ]
 [0.3 1. ]
 [0.4 1. ]
 [0.4 0.9]
 [0.4 0.9]
 [0.3 0.9]
 [0.2 0.9]
 [0.1 0.9]
 [0.  0.9]
 [0.  0.8]
 [0.  0.7]
 [0.1 0.7]
 [0.  0.7]
 [0.  0.6]]
Logstds:
[[0. 0. 0. 0.]
 [0. 0. 0. 0.]
 [0. 0. 0. 0.]
 [0. 0. 0. 0.]
 [0. 0. 0. 0.]
 [0. 0. 0. 0.]
 [0. 0. 0. 0.]
 [0. 0. 0. 0.]
 [0. 0. 0. 0.]
 [0. 0. 0. 0.]
 [0. 0. 0. 0.]
 [0. 0. 0. 0.]
 [0. 0. 0. 0.]
 [0. 0. 0. 0.]
 [0. 0. 0. 0.]
 [0. 0. 0. 0.]
 [0. 0. 0. 0.]
 [0. 0. 0. 0.]
 [0. 0. 0. 0.]
 [0. 0. 0. 0.]
 [0. 0. 0. 0.]
 [0. 0. 0. 0.]
 [0. 0. 0. 0.]
 [0. 0. 0. 0.]
 [0. 0. 0. 0.]]
