Baseline:
[0.88035506 0.84822387 0.8758963  0.8758963  0.90780467 0.90780467
 0.90780467 0.8758963  0.8758963  0.8758963  0.84822387 0.8758963
 0.8758963  0.90780467 0.8758963  0.90780467 0.8758963  0.90780467
 0.8758963  0.8758963  0.90780467 0.88035506 0.853113   0.88035506
 0.853113   0.853113  ]
Returns:
[-1.61357943 -1.63236472 -1.60680655 -1.56712083 -1.47438706 -1.41180818
 -1.34593567 -1.33697306 -1.28308558 -1.28727235 -1.2305241  -1.18381643
 -1.1827785  -1.06981619 -1.04632097 -0.92617668 -0.89512149 -0.76701933
 -0.72758744 -0.70253746 -0.5642993  -0.45669639 -0.35823157 -0.26252661
 -0.15384233]
Advants:
[-1.71954508 -1.71695033 -1.73079699 -1.70261576 -1.65239369 -1.59938595
 -1.54186262 -1.50878801 -1.46169446 -1.47338339 -1.39449303 -1.38087046
 -1.38567423 -1.30845279 -1.25549465 -1.16718358 -1.10219112 -1.00082055
 -0.92165608 -0.88734066 -0.76766759 -0.61395818 -0.46411727 -0.367347
 -0.19649798]
Mus:
[[0.2716644  0.26121718 0.26908854 0.1980299 ]
 [0.27045357 0.25918248 0.27103743 0.19932657]
 [0.2724651  0.25857595 0.2704278  0.19853121]
 [0.2724651  0.25857595 0.2704278  0.19853121]
 [0.27337047 0.26058477 0.26844305 0.19760163]
 [0.27337047 0.26058477 0.26844305 0.19760163]
 [0.27337047 0.26058477 0.26844305 0.19760163]
 [0.2724651  0.25857595 0.2704278  0.19853121]
 [0.2724651  0.25857595 0.2704278  0.19853121]
 [0.2724651  0.25857595 0.2704278  0.19853121]
 [0.27045357 0.25918248 0.27103743 0.19932657]
 [0.2724651  0.25857595 0.2704278  0.19853121]
 [0.2724651  0.25857595 0.2704278  0.19853121]
 [0.27337047 0.26058477 0.26844305 0.19760163]
 [0.2724651  0.25857595 0.2704278  0.19853121]
 [0.27337047 0.26058477 0.26844305 0.19760163]
 [0.2724651  0.25857595 0.2704278  0.19853121]
 [0.27337047 0.26058477 0.26844305 0.19760163]
 [0.2724651  0.25857595 0.2704278  0.19853121]
 [0.2724651  0.25857595 0.2704278  0.19853121]
 [0.27337047 0.26058477 0.26844305 0.19760163]
 [0.2716644  0.26121718 0.26908854 0.1980299 ]
 [0.26942575 0.26173177 0.27014214 0.1987003 ]
 [0.2716644  0.26121718 0.26908854 0.1980299 ]
 [0.26942575 0.26173177 0.27014214 0.1987003 ]]
Actions:
[[0. 0. 0. 1.]
 [1. 0. 0. 0.]
 [1. 0. 0. 0.]
 [0. 1. 0. 0.]
 [1. 0. 0. 0.]
 [1. 0. 0. 0.]
 [0. 0. 0. 1.]
 [1. 0. 0. 0.]
 [0. 0. 0. 1.]
 [0. 0. 1. 0.]
 [1. 0. 0. 0.]
 [0. 0. 0. 1.]
 [0. 1. 0. 0.]
 [0. 0. 0. 1.]
 [0. 1. 0. 0.]
 [0. 0. 0. 1.]
 [0. 1. 0. 0.]
 [0. 0. 0. 1.]
 [0. 0. 0. 1.]
 [0. 1. 0. 0.]
 [0. 0. 1. 0.]
 [0. 0. 1. 0.]
 [1. 0. 0. 0.]
 [0. 0. 1. 0.]
 [0. 1. 0. 0.]]
States:
[[0.9 0.1]
 [0.9 0. ]
 [1.  0. ]
 [1.  0. ]
 [1.  0.1]
 [1.  0.1]
 [1.  0.1]
 [1.  0. ]
 [1.  0. ]
 [1.  0. ]
 [0.9 0. ]
 [1.  0. ]
 [1.  0. ]
 [1.  0.1]
 [1.  0. ]
 [1.  0.1]
 [1.  0. ]
 [1.  0.1]
 [1.  0. ]
 [1.  0. ]
 [1.  0.1]
 [0.9 0.1]
 [0.8 0.1]
 [0.9 0.1]
 [0.8 0.1]]
Logstds:
[[0. 0. 0. 0.]
 [0. 0. 0. 0.]
 [0. 0. 0. 0.]
 [0. 0. 0. 0.]
 [0. 0. 0. 0.]
 [0. 0. 0. 0.]
 [0. 0. 0. 0.]
 [0. 0. 0. 0.]
 [0. 0. 0. 0.]
 [0. 0. 0. 0.]
 [0. 0. 0. 0.]
 [0. 0. 0. 0.]
 [0. 0. 0. 0.]
 [0. 0. 0. 0.]
 [0. 0. 0. 0.]
 [0. 0. 0. 0.]
 [0. 0. 0. 0.]
 [0. 0. 0. 0.]
 [0. 0. 0. 0.]
 [0. 0. 0. 0.]
 [0. 0. 0. 0.]
 [0. 0. 0. 0.]
 [0. 0. 0. 0.]
 [0. 0. 0. 0.]
 [0. 0. 0. 0.]]
