Baseline:
[0.84134275 0.8845019  0.90145266 0.9443125  0.90145266 0.8560659
 0.90145266 0.8560659  0.84134275 0.84134275 0.7976454  0.84134275
 0.7976454  0.8103805  0.7715098  0.8103805  0.8219628  0.8684413
 0.8560659  0.84134275 0.8845019  0.90145266 0.8560659  0.8684413
 0.9151636  0.9151636 ]
Returns:
[-2.47751913 -2.41920519 -2.37097176 -2.27802956 -2.18732069 -2.10954337
 -2.01987272 -1.93328236 -1.87756737 -1.83258454 -1.76471012 -1.6844568
 -1.60878618 -1.54443899 -1.46728294 -1.37656392 -1.28987929 -1.16210959
 -1.05332861 -0.95130027 -0.81265902 -0.67987053 -0.52275374 -0.37797779
 -0.18494952]
Advants:
[-2.36433723 -2.37004564 -2.36043602 -2.33232399 -2.21846621 -2.11288303
 -2.08630803 -1.96946666 -1.91327505 -1.88236118 -1.78260617 -1.75774303
 -1.64737216 -1.60392739 -1.49317521 -1.44544725 -1.37249346 -1.29101974
 -1.16591828 -1.04127463 -0.93427505 -0.80235616 -0.57613854 -0.4139088
 -0.23070771]
Mus:
[[0.25790602 0.27819282 0.24526347 0.21863773]
 [0.2578627  0.28150547 0.24215011 0.21848173]
 [0.25861856 0.28220642 0.2415794  0.21759559]
 [0.25835806 0.28588936 0.23878953 0.2169631 ]
 [0.25861856 0.28220642 0.2415794  0.21759559]
 [0.25882447 0.2787865  0.24464741 0.21774161]
 [0.25861856 0.28220642 0.2415794  0.21759559]
 [0.25882447 0.2787865  0.24464741 0.21774161]
 [0.25790602 0.27819282 0.24526347 0.21863773]
 [0.25790602 0.27819282 0.24526347 0.21863773]
 [0.2577019  0.27532676 0.24815924 0.21881211]
 [0.25790602 0.27819282 0.24526347 0.21863773]
 [0.2577019  0.27532676 0.24815924 0.21881211]
 [0.2583469  0.2762402  0.24751526 0.21789771]
 [0.25798878 0.27386254 0.2495488  0.21859986]
 [0.2583469  0.2762402  0.24751526 0.21789771]
 [0.25890708 0.27817583 0.24605037 0.21686669]
 [0.25942633 0.28104374 0.242887   0.21664292]
 [0.25882447 0.2787865  0.24464741 0.21774161]
 [0.25790602 0.27819282 0.24526347 0.21863773]
 [0.2578627  0.28150547 0.24215011 0.21848173]
 [0.25861856 0.28220642 0.2415794  0.21759559]
 [0.25882447 0.2787865  0.24464741 0.21774161]
 [0.25942633 0.28104374 0.242887   0.21664292]
 [0.2595157  0.2845408  0.23981252 0.21613093]]
Actions:
[[0. 1. 0. 0.]
 [1. 0. 0. 0.]
 [0. 1. 0. 0.]
 [0. 0. 0. 1.]
 [0. 0. 0. 1.]
 [0. 1. 0. 0.]
 [0. 0. 0. 1.]
 [0. 0. 1. 0.]
 [0. 0. 1. 0.]
 [0. 0. 0. 1.]
 [0. 1. 0. 0.]
 [0. 0. 0. 1.]
 [1. 0. 0. 0.]
 [0. 0. 0. 1.]
 [0. 1. 0. 0.]
 [1. 0. 0. 0.]
 [0. 1. 0. 0.]
 [0. 0. 1. 0.]
 [0. 0. 1. 0.]
 [0. 1. 0. 0.]
 [1. 0. 0. 0.]
 [0. 0. 0. 1.]
 [1. 0. 0. 0.]
 [0. 1. 0. 0.]
 [1. 0. 0. 0.]]
States:
[[0.3 0.5]
 [0.3 0.6]
 [0.4 0.6]
 [0.4 0.7]
 [0.4 0.6]
 [0.4 0.5]
 [0.4 0.6]
 [0.4 0.5]
 [0.3 0.5]
 [0.3 0.5]
 [0.3 0.4]
 [0.3 0.5]
 [0.3 0.4]
 [0.4 0.4]
 [0.4 0.3]
 [0.4 0.4]
 [0.5 0.4]
 [0.5 0.5]
 [0.4 0.5]
 [0.3 0.5]
 [0.3 0.6]
 [0.4 0.6]
 [0.4 0.5]
 [0.5 0.5]
 [0.5 0.6]]
Logstds:
[[0. 0. 0. 0.]
 [0. 0. 0. 0.]
 [0. 0. 0. 0.]
 [0. 0. 0. 0.]
 [0. 0. 0. 0.]
 [0. 0. 0. 0.]
 [0. 0. 0. 0.]
 [0. 0. 0. 0.]
 [0. 0. 0. 0.]
 [0. 0. 0. 0.]
 [0. 0. 0. 0.]
 [0. 0. 0. 0.]
 [0. 0. 0. 0.]
 [0. 0. 0. 0.]
 [0. 0. 0. 0.]
 [0. 0. 0. 0.]
 [0. 0. 0. 0.]
 [0. 0. 0. 0.]
 [0. 0. 0. 0.]
 [0. 0. 0. 0.]
 [0. 0. 0. 0.]
 [0. 0. 0. 0.]
 [0. 0. 0. 0.]
 [0. 0. 0. 0.]
 [0. 0. 0. 0.]]
