Baseline:
[1.0467939  1.0467939  1.0467939  1.0467939  1.0467939  1.0296276
 0.9882161  1.0296276  1.0467939  1.0296276  0.9882161  1.0060377
 1.0249436  1.0060377  0.96558154 0.9843406  1.0249436  0.9843406
 0.96558154 1.0060377  0.9882161  1.0060377  0.9882161  1.0060377
 0.96558154 0.96558154]
Returns:
[-3.25764115 -3.16074141 -3.05874168 -2.95137354 -2.83835445 -2.75614222
 -2.66039769 -2.56044003 -2.47402451 -2.37263702 -2.25670801 -2.16803034
 -2.06551962 -1.94771759 -1.81596798 -1.70854876 -1.5473811  -1.38389079
 -1.24750255 -1.0745933  -0.91652493 -0.75731132 -0.5825439  -0.40575233
 -0.19284666]
Advants:
[-3.13419671 -3.06773756 -2.99561695 -2.91735258 -2.83242109 -2.76044927
 -2.64879281 -2.6161077  -2.5727809  -2.47869107 -2.34303242 -2.29351377
 -2.23047831 -2.11186393 -1.95396705 -1.8780927  -1.76767422 -1.56827926
 -1.41343213 -1.27720834 -1.09178654 -0.93567776 -0.72116193 -0.53348068
 -0.24112576]
Mus:
[[0.25585172 0.29473436 0.23327602 0.21613789]
 [0.25585172 0.29473436 0.23327602 0.21613789]
 [0.25585172 0.29473436 0.23327602 0.21613789]
 [0.25585172 0.29473436 0.23327602 0.21613789]
 [0.25585172 0.29473436 0.23327602 0.21613789]
 [0.2554632  0.2928517  0.23413143 0.21755369]
 [0.2558718  0.2898044  0.23592407 0.21839972]
 [0.2554632  0.2928517  0.23413143 0.21755369]
 [0.25585172 0.29473436 0.23327602 0.21613789]
 [0.2554632  0.2928517  0.23413143 0.21755369]
 [0.2558718  0.2898044  0.23592407 0.21839972]
 [0.25637874 0.29151708 0.23519515 0.21690899]
 [0.25704822 0.29309538 0.23421931 0.21563706]
 [0.25637874 0.29151708 0.23519515 0.21690899]
 [0.25715348 0.28821462 0.23720406 0.21742778]
 [0.25784215 0.28955188 0.2363831  0.2162229 ]
 [0.25704822 0.29309538 0.23421931 0.21563706]
 [0.25784215 0.28955188 0.2363831  0.2162229 ]
 [0.25715348 0.28821462 0.23720406 0.21742778]
 [0.25637874 0.29151708 0.23519515 0.21690899]
 [0.2558718  0.2898044  0.23592407 0.21839972]
 [0.25637874 0.29151708 0.23519515 0.21690899]
 [0.2558718  0.2898044  0.23592407 0.21839972]
 [0.25637874 0.29151708 0.23519515 0.21690899]
 [0.25715348 0.28821462 0.23720406 0.21742778]]
Actions:
[[0. 1. 0. 0.]
 [0. 1. 0. 0.]
 [0. 1. 0. 0.]
 [0. 1. 0. 0.]
 [0. 0. 1. 0.]
 [0. 0. 0. 1.]
 [0. 1. 0. 0.]
 [1. 0. 0. 0.]
 [0. 0. 1. 0.]
 [0. 0. 0. 1.]
 [1. 0. 0. 0.]
 [1. 0. 0. 0.]
 [0. 0. 1. 0.]
 [0. 0. 0. 1.]
 [1. 0. 0. 0.]
 [0. 1. 0. 0.]
 [0. 0. 0. 1.]
 [0. 0. 1. 0.]
 [0. 1. 0. 0.]
 [0. 0. 1. 0.]
 [1. 0. 0. 0.]
 [0. 0. 1. 0.]
 [1. 0. 0. 0.]
 [0. 0. 0. 1.]
 [1. 0. 0. 0.]]
States:
[[0.3 1. ]
 [0.3 1. ]
 [0.3 1. ]
 [0.3 1. ]
 [0.3 1. ]
 [0.2 1. ]
 [0.2 0.9]
 [0.2 1. ]
 [0.3 1. ]
 [0.2 1. ]
 [0.2 0.9]
 [0.3 0.9]
 [0.4 0.9]
 [0.3 0.9]
 [0.3 0.8]
 [0.4 0.8]
 [0.4 0.9]
 [0.4 0.8]
 [0.3 0.8]
 [0.3 0.9]
 [0.2 0.9]
 [0.3 0.9]
 [0.2 0.9]
 [0.3 0.9]
 [0.3 0.8]]
Logstds:
[[0. 0. 0. 0.]
 [0. 0. 0. 0.]
 [0. 0. 0. 0.]
 [0. 0. 0. 0.]
 [0. 0. 0. 0.]
 [0. 0. 0. 0.]
 [0. 0. 0. 0.]
 [0. 0. 0. 0.]
 [0. 0. 0. 0.]
 [0. 0. 0. 0.]
 [0. 0. 0. 0.]
 [0. 0. 0. 0.]
 [0. 0. 0. 0.]
 [0. 0. 0. 0.]
 [0. 0. 0. 0.]
 [0. 0. 0. 0.]
 [0. 0. 0. 0.]
 [0. 0. 0. 0.]
 [0. 0. 0. 0.]
 [0. 0. 0. 0.]
 [0. 0. 0. 0.]
 [0. 0. 0. 0.]
 [0. 0. 0. 0.]
 [0. 0. 0. 0.]
 [0. 0. 0. 0.]]
