Baseline:
[0.9117187  0.9117187  0.9117187  0.9117187  0.9117187  0.9117187
 0.87381834 0.87381834 0.9117187  0.9117187  0.9117187  0.8918416
 0.8918416  0.9117187  0.9117187  0.8918416  0.87290806 0.854235
 0.87290806 0.87290806 0.87290806 0.8918416  0.87290806 0.87290806
 0.854235   0.854235  ]
Returns:
[-3.06369852 -3.01275704 -2.95913443 -2.86200219 -2.75975773 -2.65213198
 -2.5652058  -2.50216922 -2.40059673 -2.27406777 -2.14087939 -2.04396825
 -1.9087354  -1.80628903 -1.6891681  -1.56848268 -1.45286025 -1.34246828
 -1.22745905 -1.06045093 -0.88465291 -0.73661672 -0.57721187 -0.37598022
 -0.20891035]
Advants:
[-2.88728013 -2.86501885 -2.84086119 -2.77269984 -2.69873203 -2.61846311
 -2.51946318 -2.48250376 -2.44516104 -2.34329112 -2.23274318 -2.136912
 -2.02023906 -1.95525713 -1.85359942 -1.72547005 -1.60024485 -1.4773138
 -1.38465462 -1.21647153 -1.03396139 -0.89358201 -0.6974906  -0.47076993
 -0.25162208]
Mus:
[[0.26213208 0.28531942 0.23953825 0.21301027]
 [0.26213208 0.28531942 0.23953825 0.21301027]
 [0.26213208 0.28531942 0.23953825 0.21301027]
 [0.26213208 0.28531942 0.23953825 0.21301027]
 [0.26213208 0.28531942 0.23953825 0.21301027]
 [0.26213208 0.28531942 0.23953825 0.21301027]
 [0.2616318  0.28082067 0.24340923 0.21413825]
 [0.2616318  0.28082067 0.24340923 0.21413825]
 [0.26213208 0.28531942 0.23953825 0.21301027]
 [0.26213208 0.28531942 0.23953825 0.21301027]
 [0.26213208 0.28531942 0.23953825 0.21301027]
 [0.26168966 0.28449368 0.24018049 0.21363623]
 [0.26168966 0.28449368 0.24018049 0.21363623]
 [0.26213208 0.28531942 0.23953825 0.21301027]
 [0.26213208 0.28531942 0.23953825 0.21301027]
 [0.26168966 0.28449368 0.24018049 0.21363623]
 [0.26083913 0.28319848 0.24141394 0.21454845]
 [0.260012   0.28206024 0.24247386 0.21545391]
 [0.26083913 0.28319848 0.24141394 0.21454845]
 [0.26083913 0.28319848 0.24141394 0.21454845]
 [0.26083913 0.28319848 0.24141394 0.21454845]
 [0.26168966 0.28449368 0.24018049 0.21363623]
 [0.26083913 0.28319848 0.24141394 0.21454845]
 [0.26083913 0.28319848 0.24141394 0.21454845]
 [0.260012   0.28206024 0.24247386 0.21545391]]
Actions:
[[1. 0. 0. 0.]
 [1. 0. 0. 0.]
 [0. 1. 0. 0.]
 [0. 1. 0. 0.]
 [0. 1. 0. 0.]
 [0. 0. 0. 1.]
 [1. 0. 0. 0.]
 [0. 1. 0. 0.]
 [0. 1. 0. 0.]
 [0. 1. 0. 0.]
 [0. 0. 1. 0.]
 [0. 1. 0. 0.]
 [1. 0. 0. 0.]
 [1. 0. 0. 0.]
 [0. 0. 1. 0.]
 [0. 0. 1. 0.]
 [0. 0. 1. 0.]
 [1. 0. 0. 0.]
 [0. 1. 0. 0.]
 [0. 1. 0. 0.]
 [1. 0. 0. 0.]
 [0. 0. 1. 0.]
 [0. 1. 0. 0.]
 [0. 0. 1. 0.]
 [0. 1. 0. 0.]]
States:
[[1.  0.4]
 [1.  0.4]
 [1.  0.4]
 [1.  0.4]
 [1.  0.4]
 [1.  0.4]
 [1.  0.3]
 [1.  0.3]
 [1.  0.4]
 [1.  0.4]
 [1.  0.4]
 [0.9 0.4]
 [0.9 0.4]
 [1.  0.4]
 [1.  0.4]
 [0.9 0.4]
 [0.8 0.4]
 [0.7 0.4]
 [0.8 0.4]
 [0.8 0.4]
 [0.8 0.4]
 [0.9 0.4]
 [0.8 0.4]
 [0.8 0.4]
 [0.7 0.4]]
Logstds:
[[0. 0. 0. 0.]
 [0. 0. 0. 0.]
 [0. 0. 0. 0.]
 [0. 0. 0. 0.]
 [0. 0. 0. 0.]
 [0. 0. 0. 0.]
 [0. 0. 0. 0.]
 [0. 0. 0. 0.]
 [0. 0. 0. 0.]
 [0. 0. 0. 0.]
 [0. 0. 0. 0.]
 [0. 0. 0. 0.]
 [0. 0. 0. 0.]
 [0. 0. 0. 0.]
 [0. 0. 0. 0.]
 [0. 0. 0. 0.]
 [0. 0. 0. 0.]
 [0. 0. 0. 0.]
 [0. 0. 0. 0.]
 [0. 0. 0. 0.]
 [0. 0. 0. 0.]
 [0. 0. 0. 0.]
 [0. 0. 0. 0.]
 [0. 0. 0. 0.]
 [0. 0. 0. 0.]]
