Baseline:
[0.77594054 0.750021   0.750021   0.7690827  0.750021   0.73224646
 0.73224646 0.750021   0.750021   0.77594054 0.750021   0.750021
 0.73224646 0.75824404 0.73224646 0.73224646 0.750021   0.7690827
 0.750021   0.750021   0.77594054 0.8060432  0.8378441  0.85587716
 0.8378441  0.8378441 ]
Returns:
[-2.00570405 -1.95600686 -1.91866571 -1.87729993 -1.83784362 -1.80923495
 -1.77640674 -1.73665283 -1.68776673 -1.61852002 -1.54844472 -1.48965293
 -1.44271844 -1.36957576 -1.29818015 -1.23845431 -1.17038711 -1.08963825
 -1.00872606 -0.92152802 -0.81195296 -0.67898199 -0.52035109 -0.36649345
 -0.20271099]
Advants:
[-1.94870518 -1.88582426 -1.86114898 -1.85189991 -1.80573916 -1.77133141
 -1.75048349 -1.74082519 -1.70379785 -1.67199965 -1.58554695 -1.5352919
 -1.4778455  -1.43712363 -1.34368866 -1.28641104 -1.23721972 -1.17481987
 -1.07098057 -0.97689105 -0.88316969 -0.76619657 -0.62013755 -0.45924519
 -0.24460322]
Mus:
[[0.26190236 0.27079847 0.2499197  0.21737947]
 [0.2615571  0.2665519  0.25272617 0.21916476]
 [0.2615571  0.2665519  0.25272617 0.21916476]
 [0.2614564  0.26650968 0.25328302 0.21875083]
 [0.2615571  0.2665519  0.25272617 0.21916476]
 [0.26121724 0.2664132  0.25312385 0.2192457 ]
 [0.26121724 0.2664132  0.25312385 0.2192457 ]
 [0.2615571  0.2665519  0.25272617 0.21916476]
 [0.2615571  0.2665519  0.25272617 0.21916476]
 [0.26190236 0.27079847 0.2499197  0.21737947]
 [0.2615571  0.2665519  0.25272617 0.21916476]
 [0.2615571  0.2665519  0.25272617 0.21916476]
 [0.26121724 0.2664132  0.25312385 0.2192457 ]
 [0.26163644 0.27011475 0.25023127 0.21801755]
 [0.26121724 0.2664132  0.25312385 0.2192457 ]
 [0.26121724 0.2664132  0.25312385 0.2192457 ]
 [0.2615571  0.2665519  0.25272617 0.21916476]
 [0.2614564  0.26650968 0.25328302 0.21875083]
 [0.2615571  0.2665519  0.25272617 0.21916476]
 [0.2615571  0.2665519  0.25272617 0.21916476]
 [0.26190236 0.27079847 0.2499197  0.21737947]
 [0.26139328 0.27560148 0.24711154 0.21589369]
 [0.2609231  0.27987248 0.24427333 0.21493107]
 [0.26145628 0.28072163 0.24355027 0.2142718 ]
 [0.2609231  0.27987248 0.24427333 0.21493107]]
Actions:
[[0. 0. 0. 1.]
 [0. 0. 0. 1.]
 [1. 0. 0. 0.]
 [0. 0. 1. 0.]
 [0. 0. 1. 0.]
 [0. 0. 0. 1.]
 [1. 0. 0. 0.]
 [0. 0. 0. 1.]
 [0. 1. 0. 0.]
 [0. 0. 0. 1.]
 [0. 0. 0. 1.]
 [0. 0. 1. 0.]
 [0. 1. 0. 0.]
 [0. 0. 0. 1.]
 [0. 0. 0. 1.]
 [1. 0. 0. 0.]
 [1. 0. 0. 0.]
 [0. 0. 1. 0.]
 [0. 0. 0. 1.]
 [0. 1. 0. 0.]
 [0. 1. 0. 0.]
 [0. 1. 0. 0.]
 [1. 0. 0. 0.]
 [0. 0. 1. 0.]
 [0. 1. 0. 0.]]
States:
[[0.8 0.1]
 [0.8 0. ]
 [0.8 0. ]
 [0.9 0. ]
 [0.8 0. ]
 [0.7 0. ]
 [0.7 0. ]
 [0.8 0. ]
 [0.8 0. ]
 [0.8 0.1]
 [0.8 0. ]
 [0.8 0. ]
 [0.7 0. ]
 [0.7 0.1]
 [0.7 0. ]
 [0.7 0. ]
 [0.8 0. ]
 [0.9 0. ]
 [0.8 0. ]
 [0.8 0. ]
 [0.8 0.1]
 [0.8 0.2]
 [0.8 0.3]
 [0.9 0.3]
 [0.8 0.3]]
Logstds:
[[0. 0. 0. 0.]
 [0. 0. 0. 0.]
 [0. 0. 0. 0.]
 [0. 0. 0. 0.]
 [0. 0. 0. 0.]
 [0. 0. 0. 0.]
 [0. 0. 0. 0.]
 [0. 0. 0. 0.]
 [0. 0. 0. 0.]
 [0. 0. 0. 0.]
 [0. 0. 0. 0.]
 [0. 0. 0. 0.]
 [0. 0. 0. 0.]
 [0. 0. 0. 0.]
 [0. 0. 0. 0.]
 [0. 0. 0. 0.]
 [0. 0. 0. 0.]
 [0. 0. 0. 0.]
 [0. 0. 0. 0.]
 [0. 0. 0. 0.]
 [0. 0. 0. 0.]
 [0. 0. 0. 0.]
 [0. 0. 0. 0.]
 [0. 0. 0. 0.]
 [0. 0. 0. 0.]]
