Baseline:
[1.1461504  1.1461504  1.1000632  1.1156087  1.0665154  1.0521497
 1.0665154  1.0831885  1.0403225  1.0403225  1.0403225  1.0831885
 1.0403225  1.0198226  0.97608036 0.97608036 0.955635   0.97608036
 0.99598265 1.0403225  1.0831885  1.1299117  1.1299117  1.1156087
 1.0665154  1.0665154 ]
Returns:
[-3.79567575 -3.65993173 -3.55245573 -3.4788347  -3.36756676 -3.28261657
 -3.20872817 -3.12164417 -2.99647309 -2.90165583 -2.80184819 -2.63942431
 -2.48887324 -2.36368543 -2.22395966 -2.09289122 -1.97318931 -1.85681526
 -1.72467581 -1.5242257  -1.29455854 -1.03455696 -0.81041396 -0.56406498
 -0.29938811]
Advants:
[-3.59509991 -3.49327381 -3.37176854 -3.34668568 -3.21716807 -3.14825153
 -3.11987709 -3.08109015 -2.94217394 -2.87602577 -2.80424262 -2.71139894
 -2.54098978 -2.41576411 -2.248827   -2.131644   -2.00223061 -1.9149833
 -1.80869583 -1.65421398 -1.46340259 -1.23917606 -0.99622009 -0.70709114
 -0.35271388]
Mus:
[[0.25934857 0.30337563 0.22730306 0.20997274]
 [0.25934857 0.30337563 0.22730306 0.20997274]
 [0.25953948 0.30044404 0.22928064 0.21073581]
 [0.25941777 0.30208194 0.22850005 0.21000017]
 [0.25988448 0.29883233 0.23036462 0.21091855]
 [0.25957286 0.2974508  0.23138697 0.21158926]
 [0.25988448 0.29883233 0.23036462 0.21091855]
 [0.2606076  0.29963258 0.2295155  0.21024439]
 [0.26140937 0.2962299  0.23143066 0.21093006]
 [0.26140937 0.2962299  0.23143066 0.21093006]
 [0.26140937 0.2962299  0.23143066 0.21093006]
 [0.2606076  0.29963258 0.2295155  0.21024439]
 [0.26140937 0.2962299  0.23143066 0.21093006]
 [0.26043135 0.2953836  0.23232113 0.21186392]
 [0.26112112 0.29140964 0.2347545  0.2127147 ]
 [0.26112112 0.29140964 0.2347545  0.2127147 ]
 [0.26016685 0.29051405 0.23579814 0.21352105]
 [0.26112112 0.29140964 0.2347545  0.2127147 ]
 [0.26207826 0.29235667 0.23387787 0.2116872 ]
 [0.26140937 0.2962299  0.23143066 0.21093006]
 [0.2606076  0.29963258 0.2295155  0.21024439]
 [0.2601313  0.3029988  0.22755642 0.2093135 ]
 [0.2601313  0.3029988  0.22755642 0.2093135 ]
 [0.25941777 0.30208194 0.22850005 0.21000017]
 [0.25988448 0.29883233 0.23036462 0.21091855]]
Actions:
[[0. 1. 0. 0.]
 [0. 0. 0. 1.]
 [1. 0. 0. 0.]
 [0. 0. 0. 1.]
 [0. 0. 1. 0.]
 [1. 0. 0. 0.]
 [1. 0. 0. 0.]
 [0. 0. 0. 1.]
 [1. 0. 0. 0.]
 [1. 0. 0. 0.]
 [0. 1. 0. 0.]
 [0. 0. 0. 1.]
 [0. 0. 1. 0.]
 [0. 0. 0. 1.]
 [0. 0. 0. 1.]
 [0. 0. 1. 0.]
 [1. 0. 0. 0.]
 [1. 0. 0. 0.]
 [0. 1. 0. 0.]
 [0. 1. 0. 0.]
 [0. 1. 0. 0.]
 [1. 0. 0. 0.]
 [0. 0. 1. 0.]
 [0. 0. 0. 1.]
 [0. 1. 0. 0.]]
States:
[[0.8 1. ]
 [0.8 1. ]
 [0.8 0.9]
 [0.9 0.9]
 [0.9 0.8]
 [0.8 0.8]
 [0.9 0.8]
 [1.  0.8]
 [1.  0.7]
 [1.  0.7]
 [1.  0.7]
 [1.  0.8]
 [1.  0.7]
 [0.9 0.7]
 [0.9 0.6]
 [0.9 0.6]
 [0.8 0.6]
 [0.9 0.6]
 [1.  0.6]
 [1.  0.7]
 [1.  0.8]
 [1.  0.9]
 [1.  0.9]
 [0.9 0.9]
 [0.9 0.8]]
Logstds:
[[0. 0. 0. 0.]
 [0. 0. 0. 0.]
 [0. 0. 0. 0.]
 [0. 0. 0. 0.]
 [0. 0. 0. 0.]
 [0. 0. 0. 0.]
 [0. 0. 0. 0.]
 [0. 0. 0. 0.]
 [0. 0. 0. 0.]
 [0. 0. 0. 0.]
 [0. 0. 0. 0.]
 [0. 0. 0. 0.]
 [0. 0. 0. 0.]
 [0. 0. 0. 0.]
 [0. 0. 0. 0.]
 [0. 0. 0. 0.]
 [0. 0. 0. 0.]
 [0. 0. 0. 0.]
 [0. 0. 0. 0.]
 [0. 0. 0. 0.]
 [0. 0. 0. 0.]
 [0. 0. 0. 0.]
 [0. 0. 0. 0.]
 [0. 0. 0. 0.]
 [0. 0. 0. 0.]]
