Baseline:
[1.001157   1.0427716  1.0846363  1.1112727  1.0696275  1.0696275
 1.0427716  1.018141   1.0053792  1.018141   1.0053792  0.9959909
 0.95217174 0.95217174 0.9085129  0.95217174 0.95217174 0.9618182
 0.91843826 0.9325177  0.9750258  0.9618182  0.9750258  0.9618182
 0.9750258  0.9750258 ]
Returns:
[-1.93346734 -1.83694057 -1.72227713 -1.63376704 -1.56651463 -1.47175025
 -1.39274132 -1.32230545 -1.26062784 -1.18906206 -1.12037163 -1.06149616
 -1.02756327 -0.99411757 -0.97118285 -0.87667531 -0.83528813 -0.76722518
 -0.72084067 -0.64944854 -0.51093857 -0.42236446 -0.32059706 -0.22200497
 -0.10969234]
Advants:
[-2.09745368 -2.06028848 -2.00449708 -1.95916583 -1.86485207 -1.782983
 -1.68783776 -1.60146391 -1.53415531 -1.48127096 -1.40372347 -1.33758578
 -1.25973628 -1.22515039 -1.15525993 -1.09926084 -1.0510045  -0.98332699
 -0.88073636 -0.80773234 -0.69173328 -0.56510304 -0.4468389  -0.2993468
 -0.15844363]
Mus:
[[0.25507787 0.28148353 0.27006966 0.1933689 ]
 [0.25586447 0.28340423 0.2688695  0.19186173]
 [0.2565149  0.28498226 0.268045   0.19045782]
 [0.25859162 0.28600055 0.2651427  0.19026516]
 [0.25808397 0.2841792  0.266332   0.19140477]
 [0.25808397 0.2841792  0.266332   0.19140477]
 [0.25586447 0.28340423 0.2688695  0.19186173]
 [0.25390837 0.2820259  0.27197886 0.19208688]
 [0.2516098  0.28013137 0.27568707 0.19257182]
 [0.25390837 0.2820259  0.27197886 0.19208688]
 [0.2516098  0.28013137 0.27568707 0.19257182]
 [0.24847582 0.2775015  0.280943   0.19307972]
 [0.24768008 0.27621937 0.2814319  0.19466865]
 [0.24768008 0.27621937 0.2814319  0.19466865]
 [0.24626715 0.27472165 0.2823628  0.19664836]
 [0.24768008 0.27621937 0.2814319  0.19466865]
 [0.24768008 0.27621937 0.2814319  0.19466865]
 [0.25051224 0.2786596  0.2766165  0.19421163]
 [0.24924172 0.27718598 0.2775636  0.19600873]
 [0.25160366 0.27844897 0.27444822 0.19549908]
 [0.2527904  0.28029448 0.273075   0.1938401 ]
 [0.25051224 0.2786596  0.2766165  0.19421163]
 [0.2527904  0.28029448 0.273075   0.1938401 ]
 [0.25051224 0.2786596  0.2766165  0.19421163]
 [0.2527904  0.28029448 0.273075   0.1938401 ]]
Actions:
[[0. 1. 0. 0.]
 [0. 1. 0. 0.]
 [1. 0. 0. 0.]
 [0. 0. 0. 1.]
 [1. 0. 0. 0.]
 [0. 0. 1. 0.]
 [0. 0. 1. 0.]
 [0. 0. 1. 0.]
 [1. 0. 0. 0.]
 [0. 0. 1. 0.]
 [0. 0. 1. 0.]
 [0. 0. 0. 1.]
 [0. 0. 1. 0.]
 [0. 0. 0. 1.]
 [0. 1. 0. 0.]
 [0. 0. 1. 0.]
 [1. 0. 0. 0.]
 [0. 0. 0. 1.]
 [1. 0. 0. 0.]
 [0. 1. 0. 0.]
 [0. 0. 1. 0.]
 [1. 0. 0. 0.]
 [0. 0. 1. 0.]
 [1. 0. 0. 0.]
 [0. 0. 1. 0.]]
States:
[[0.3 0.8]
 [0.3 0.9]
 [0.3 1. ]
 [0.4 1. ]
 [0.4 0.9]
 [0.4 0.9]
 [0.3 0.9]
 [0.2 0.9]
 [0.1 0.9]
 [0.2 0.9]
 [0.1 0.9]
 [0.  0.9]
 [0.  0.8]
 [0.  0.8]
 [0.  0.7]
 [0.  0.8]
 [0.  0.8]
 [0.1 0.8]
 [0.1 0.7]
 [0.2 0.7]
 [0.2 0.8]
 [0.1 0.8]
 [0.2 0.8]
 [0.1 0.8]
 [0.2 0.8]]
Logstds:
[[0. 0. 0. 0.]
 [0. 0. 0. 0.]
 [0. 0. 0. 0.]
 [0. 0. 0. 0.]
 [0. 0. 0. 0.]
 [0. 0. 0. 0.]
 [0. 0. 0. 0.]
 [0. 0. 0. 0.]
 [0. 0. 0. 0.]
 [0. 0. 0. 0.]
 [0. 0. 0. 0.]
 [0. 0. 0. 0.]
 [0. 0. 0. 0.]
 [0. 0. 0. 0.]
 [0. 0. 0. 0.]
 [0. 0. 0. 0.]
 [0. 0. 0. 0.]
 [0. 0. 0. 0.]
 [0. 0. 0. 0.]
 [0. 0. 0. 0.]
 [0. 0. 0. 0.]
 [0. 0. 0. 0.]
 [0. 0. 0. 0.]
 [0. 0. 0. 0.]
 [0. 0. 0. 0.]]
