Baseline:
[0.7633376  0.79894423 0.7633376  0.7633376  0.7633376  0.7633376
 0.7633376  0.7633376  0.79894423 0.82728195 0.79285294 0.82728195
 0.853113   0.88035506 0.9152964  0.88035506 0.90780467 0.8758963
 0.90780467 0.88035506 0.90780467 0.90780467 0.90780467 0.9427903
 0.9152964  0.9152964 ]
Returns:
[-1.2788657  -1.22472148 -1.26022194 -1.26310698 -1.26614386 -1.31972232
 -1.32573895 -1.38245399 -1.3337618  -1.31602411 -1.34425783 -1.2813154
 -1.24726165 -1.19834775 -1.08630689 -1.0603223  -0.98872525 -0.96096208
 -0.83632522 -0.74303946 -0.65474332 -0.54902529 -0.43774315 -0.27137916
 -0.13622904]
Advants:
[-1.30166093 -1.28262621 -1.28197729 -1.28436256 -1.28695102 -1.34169992
 -1.3491728  -1.4092222  -1.39935032 -1.41376562 -1.41151905 -1.38640882
 -1.38162494 -1.36301457 -1.28685283 -1.22506024 -1.17860693 -1.11458758
 -1.01427304 -0.88157125 -0.80585708 -0.68073525 -0.54495465 -0.38292766
 -0.18199384]
Mus:
[[0.2625047  0.26057243 0.2751999  0.20172296]
 [0.2634895  0.26353425 0.27297568 0.20000052]
 [0.2625047  0.26057243 0.2751999  0.20172296]
 [0.2625047  0.26057243 0.2751999  0.20172296]
 [0.2625047  0.26057243 0.2751999  0.20172296]
 [0.2625047  0.26057243 0.2751999  0.20172296]
 [0.2625047  0.26057243 0.2751999  0.20172296]
 [0.2625047  0.26057243 0.2751999  0.20172296]
 [0.2634895  0.26353425 0.27297568 0.20000052]
 [0.2667143  0.2626433  0.2712128  0.19942966]
 [0.2652432  0.26003522 0.27376205 0.20095958]
 [0.2667143  0.2626433  0.2712128  0.19942966]
 [0.26942575 0.26173177 0.27014214 0.1987003 ]
 [0.2716644  0.26121718 0.26908854 0.1980299 ]
 [0.2727185  0.26373005 0.26669902 0.1968524 ]
 [0.2716644  0.26121718 0.26908854 0.1980299 ]
 [0.27337047 0.26058477 0.26844305 0.19760163]
 [0.2724651  0.25857595 0.2704278  0.19853121]
 [0.27337047 0.26058477 0.26844305 0.19760163]
 [0.2716644  0.26121718 0.26908854 0.1980299 ]
 [0.27337047 0.26058477 0.26844305 0.19760163]
 [0.27337047 0.26058477 0.26844305 0.19760163]
 [0.27337047 0.26058477 0.26844305 0.19760163]
 [0.27411455 0.26293564 0.2663685  0.19658132]
 [0.2727185  0.26373005 0.26669902 0.1968524 ]]
Actions:
[[0. 1. 0. 0.]
 [0. 0. 0. 1.]
 [0. 0. 1. 0.]
 [0. 0. 1. 0.]
 [0. 0. 0. 1.]
 [0. 0. 1. 0.]
 [0. 0. 0. 1.]
 [0. 1. 0. 0.]
 [1. 0. 0. 0.]
 [0. 0. 0. 1.]
 [0. 1. 0. 0.]
 [1. 0. 0. 0.]
 [1. 0. 0. 0.]
 [0. 1. 0. 0.]
 [0. 0. 0. 1.]
 [1. 0. 0. 0.]
 [0. 0. 0. 1.]
 [0. 1. 0. 0.]
 [0. 0. 1. 0.]
 [1. 0. 0. 0.]
 [1. 0. 0. 0.]
 [1. 0. 0. 0.]
 [0. 1. 0. 0.]
 [0. 0. 1. 0.]
 [1. 0. 0. 0.]]
States:
[[0.6 0. ]
 [0.6 0.1]
 [0.6 0. ]
 [0.6 0. ]
 [0.6 0. ]
 [0.6 0. ]
 [0.6 0. ]
 [0.6 0. ]
 [0.6 0.1]
 [0.7 0.1]
 [0.7 0. ]
 [0.7 0.1]
 [0.8 0.1]
 [0.9 0.1]
 [0.9 0.2]
 [0.9 0.1]
 [1.  0.1]
 [1.  0. ]
 [1.  0.1]
 [0.9 0.1]
 [1.  0.1]
 [1.  0.1]
 [1.  0.1]
 [1.  0.2]
 [0.9 0.2]]
Logstds:
[[0. 0. 0. 0.]
 [0. 0. 0. 0.]
 [0. 0. 0. 0.]
 [0. 0. 0. 0.]
 [0. 0. 0. 0.]
 [0. 0. 0. 0.]
 [0. 0. 0. 0.]
 [0. 0. 0. 0.]
 [0. 0. 0. 0.]
 [0. 0. 0. 0.]
 [0. 0. 0. 0.]
 [0. 0. 0. 0.]
 [0. 0. 0. 0.]
 [0. 0. 0. 0.]
 [0. 0. 0. 0.]
 [0. 0. 0. 0.]
 [0. 0. 0. 0.]
 [0. 0. 0. 0.]
 [0. 0. 0. 0.]
 [0. 0. 0. 0.]
 [0. 0. 0. 0.]
 [0. 0. 0. 0.]
 [0. 0. 0. 0.]
 [0. 0. 0. 0.]
 [0. 0. 0. 0.]]
