Baseline:
[0.4788921  0.48528597 0.48598823 0.4783321  0.47658992 0.47523096
 0.48332867 0.4995152  0.48886293 0.49577677 0.4985262  0.5049059
 0.5127657  0.5104909  0.5079084  0.50701636 0.517784   0.5193364
 0.51136446 0.50568074 0.5128425  0.50854313 0.49756917 0.49781814
 0.49183714 0.48855573 0.48891878 0.5014755  0.5064553  0.50159156
 0.5120808  0.5069505  0.5129836  0.51551175 0.5108442  0.5073747
 0.5107193  0.5025471  0.5052098  0.50373405 0.5006101  0.5085608
 0.53482914 0.5181969  0.518181   0.50729555 0.494926   0.50000834
 0.47412568 0.46234787 0.452809   0.43920773 0.4215417  0.38989738
 0.36511514 0.31630832 0.2797405  0.22961187 0.21498984 0.1893522
 0.15385254 0.13198262 0.10787691 0.10623124 0.09886491 0.17260379
 0.19774804 0.18802804 0.17721054 0.1849932  0.1949258  0.19953954
 0.18927257 0.1581635  0.1598316  0.15200816 0.17571472 0.19038936
 0.17639062 0.16631159 0.19363043 0.19068247 0.17564014 0.18227911
 0.19549607 0.17340156 0.17585872 0.17299588 0.16567706 0.17450333
 0.17222087 0.1837449  0.17841858 0.18980867 0.19441491 0.18754238
 0.17875639 0.18213473 0.17454703 0.172773   0.16789027 0.16158229
 0.16385226 0.16169673 0.15556641 0.13559896 0.13744774 0.12153721
 0.11731149 0.10886393 0.09626091 0.08629043 0.08031139 0.08412877
 0.08402562 0.13846536 0.15297753 0.15841503 0.15036869 0.16188203
 0.16224779 0.15251917 0.1457732  0.13179176 0.1291639  0.12363847
 0.12632684 0.14052351 0.13236035 0.1560002  0.15841866 0.1454423
 0.12159552 0.11476976 0.12854877 0.14126578 0.15356512 0.15871345
 0.16064169 0.16239427 0.15634182 0.13553007 0.14729829 0.16176382
 0.16673529 0.16785479 0.15618888 0.1558387  0.16045934 0.14757603
 0.13432539 0.1330926  0.14024626 0.13624984 0.1430333  0.13575575
 0.15380846 0.15606716 0.14461678 0.14795709 0.15147811 0.14627793
 0.15638512 0.16253197 0.15820491 0.15926394 0.15770057 0.15545972
 0.15260638 0.1503071  0.14626634 0.15376474 0.15529235 0.14909504
 0.1595995  0.1595347  0.17211267 0.16094533 0.16288164 0.17912485
 0.17281397 0.17651321 0.19972794 0.21235752 0.22035912 0.23168023
 0.24534808 0.2641258  0.27547675 0.3007787  0.3213507  0.3320428
 0.33628508 0.35793602 0.3761298  0.37775362 0.38954794 0.39614975
 0.41395026 0.41001558 0.41001558]
Returns:
[ 0.49094384  0.55733617 -0.07536855 -0.02288577  0.05428443  0.08309111
 -0.02004649 -0.28707581 -0.29957816 -0.30189467 -0.2606242  -0.23562372
 -0.2291131  -0.22078376 -0.14481173 -0.06955302 -0.07970534 -0.08036427
 -0.09119729  0.01385089 -0.11732281 -0.05827842 -0.05375932 -0.02739817
 -0.10106847 -0.11296508 -0.07060701 -0.05411519  0.04952957  0.09190749
  0.08811805  0.19124455  0.23490995  0.24851169  0.20897962 -0.05947827
 -0.07945571 -0.16741179 -0.12718177 -0.03459937  0.02694982  0.07259156
 -0.32331515 -0.49388786 -0.46862498 -0.40838251 -0.33204647 -0.30631547
 -0.44835711 -0.34479945 -0.42387365 -0.45069084 -0.46893228 -0.35748533
 -0.42408163 -0.42140572 -0.32247071 -0.42706821 -0.80713897 -0.71741436
 -0.75618291 -0.64995415 -0.63112006 -0.61580351 -0.54268156 -0.44621886
 -0.51496131 -0.42492146 -0.33249121 -0.25989538 -0.20654665 -0.28888544
 -0.27975697 -0.49554656 -0.40737464 -0.47465656 -0.41623471 -0.41571307
 -0.38365446 -0.4658131  -0.67737837 -0.596153   -0.59040196 -0.53017379
 -0.60104045 -0.68017771 -0.81070896 -0.77859303 -0.79703453 -0.75459929
 -0.70606146 -0.70539134 -0.80224451 -0.7936807  -0.71586142 -0.68794483
 -0.65901365 -0.59404488 -0.55882973 -0.45744514 -0.36220657 -0.27060156
 -0.21002982 -0.30893085 -0.38942554 -0.52229759 -0.47137777 -0.49447207
 -0.4421815  -0.42129727 -0.45851235 -0.54187905 -0.66556384 -0.62937017
 -0.64446283 -0.55018978 -0.56655282 -0.5354999  -0.51945936 -0.5506324
 -0.43937838 -0.35677051 -0.35054055 -0.67902857 -0.61288577 -0.60276417
 -0.61695338 -0.740726   -0.66891182 -0.73996666 -0.64365591 -0.59002451
 -0.68092658 -0.61024843 -0.57859696 -0.50414193 -0.4525888  -0.35874542
 -0.31493613 -0.30113309 -0.32313644 -0.37746972 -0.33015395 -0.29739372
 -0.51288684 -0.47110406 -0.47757107 -0.37470956 -0.53465725 -0.50253825
 -0.5124343  -0.42127652 -0.34375148 -0.33685717 -0.26712477 -0.4208975
 -0.52239301 -0.51196113 -0.49821025 -0.42512361 -0.33557042 -0.28958922
 -0.20275486 -0.21306232 -0.24624587 -0.42563615 -0.39996731 -0.39943362
 -0.3862636  -0.36851864 -0.33567261 -0.68236752 -0.62488702 -0.59190342
 -0.75908445 -0.69817949 -0.72976742 -0.70126277 -0.82659037 -0.89893374
 -0.97227981 -0.88559668 -1.05490802 -0.98276576 -0.89212741 -0.79995796
 -0.70871099 -0.61584262 -0.55581354 -0.44224487 -0.35800869 -0.28506544
 -0.26282195 -0.21414432 -0.09579856 -0.05552371 -0.02855102 -0.13625827
 -0.12946797 -0.01930332]
Advants:
[ 0.21049922  0.28963122 -0.3426021  -0.27932967 -0.19457626 -0.15713905
 -0.26392363 -0.55106879 -0.55724015 -0.57144537 -0.53713164 -0.52250065
 -0.5282213  -0.52203299 -0.44584098 -0.36989879 -0.39169209 -0.39491957
 -0.39897185 -0.28610792 -0.42640816 -0.36323748 -0.34745305 -0.3202171
 -0.38878036 -0.39861042 -0.35663494 -0.35259934 -0.25077383 -0.19864131
 -0.20805408 -0.09116873 -0.04300897 -0.02016861 -0.04334219 -0.30383934
 -0.3230088  -0.40075391 -0.35981228 -0.25918334 -0.18537946 -0.13661412
 -0.55982853 -0.71965788 -0.69998788 -0.63274663 -0.54551538 -0.52582803
 -0.64662278 -0.53275088 -0.60602504 -0.62370704 -0.62914674 -0.48690868
 -0.53094182 -0.48027499 -0.34146674 -0.3940332  -0.76871997 -0.65981485
 -0.67019204 -0.54584539 -0.50564919 -0.4911397  -0.41082377 -0.38758417
 -0.48381487 -0.38351334 -0.27648454 -0.20556369 -0.15417682 -0.23516885
 -0.20870528 -0.39142735 -0.30012285 -0.35621063 -0.31676381 -0.32621997
 -0.27364118 -0.3408731  -0.58188471 -0.49741684 -0.47566072 -0.41936938
 -0.50312118 -0.56156807 -0.70019328 -0.67024966 -0.68718042 -0.65883485
 -0.61215459 -0.62783689 -0.72743414 -0.73910576 -0.67322725 -0.6453215
 -0.61390756 -0.55725248 -0.51848159 -0.41650794 -0.314576   -0.21166992
 -0.14614655 -0.2380474  -0.30945434 -0.42264145 -0.37235936 -0.37845106
 -0.31900176 -0.28557993 -0.30651473 -0.37819043 -0.49766948 -0.46621621
 -0.48267097 -0.44319576 -0.47541449 -0.4504648  -0.42635541 -0.47033757
 -0.35742595 -0.26003793 -0.24117886 -0.55902814 -0.49175799 -0.47725537
 -0.49589685 -0.64004737 -0.56430431 -0.66652268 -0.57789111 -0.51493219
 -0.58802101 -0.5146676  -0.50074645 -0.44138692 -0.4035002  -0.31354553
 -0.26900227 -0.25369011 -0.26659479 -0.29784733 -0.25873812 -0.23601252
 -0.45848724 -0.41874771 -0.41439046 -0.3089     -0.4760852  -0.43253085
 -0.4306438  -0.33698837 -0.26306794 -0.24798898 -0.17854817 -0.32252922
 -0.4430465  -0.43567217 -0.41055839 -0.33874987 -0.24781908 -0.18973886
 -0.10315211 -0.10941584 -0.12810611 -0.30310407 -0.26911392 -0.25891991
 -0.23434951 -0.20441017 -0.15564452 -0.50790147 -0.44811677 -0.40356587
 -0.58091932 -0.51770358 -0.56079814 -0.51873656 -0.64734333 -0.74012694
 -0.81378995 -0.73543197 -0.93893245 -0.88948845 -0.8152223  -0.7409572
 -0.66812276 -0.59688949 -0.54980669 -0.46054127 -0.39382434 -0.32633507
 -0.30209277 -0.26745747 -0.15595125 -0.10378331 -0.07346718 -0.17488424
 -0.17224476 -0.0398041 ]
Mus:
[[-2.71084532e-02 -1.13376109e-02]
 [-2.67409123e-02 -1.13010081e-02]
 [-2.61773709e-02 -9.63516068e-03]
 [-2.72704214e-02 -9.98107530e-03]
 [-2.78927628e-02 -1.02365930e-02]
 [-2.90965792e-02 -1.12281945e-02]
 [-2.82130744e-02 -1.05331475e-02]
 [-2.79509593e-02 -1.09648285e-02]
 [-2.83606015e-02 -1.09948218e-02]
 [-2.78019514e-02 -1.06482152e-02]
 [-2.77100299e-02 -1.08409664e-02]
 [-2.69160606e-02 -1.07261455e-02]
 [-2.56813150e-02 -9.86944139e-03]
 [-2.46729981e-02 -8.96053016e-03]
 [-2.38519534e-02 -8.39065574e-03]
 [-2.34971698e-02 -8.38230178e-03]
 [-2.18172446e-02 -7.60502974e-03]
 [-1.96041502e-02 -6.23908360e-03]
 [-1.98995229e-02 -6.69419952e-03]
 [-1.89720038e-02 -6.22832496e-03]
 [-1.60240177e-02 -4.45507048e-03]
 [-1.56341288e-02 -4.55120159e-03]
 [-1.43844578e-02 -3.59596661e-03]
 [-1.26917632e-02 -2.47543049e-03]
 [-1.19743720e-02 -1.65041490e-03]
 [-1.13856783e-02 -1.14994589e-03]
 [-1.09831160e-02 -9.41765087e-04]
 [-9.30748321e-03 -4.66057478e-04]
 [-8.23746435e-03 -2.43124057e-04]
 [-8.33216682e-03 -7.29366264e-04]
 [-6.79494394e-03 -1.86931095e-04]
 [-6.59740064e-03 -2.45023955e-04]
 [-4.70015965e-03  7.47882994e-04]
 [-5.42745134e-03  5.15705869e-05]
 [-7.27915252e-03 -1.15524011e-03]
 [-2.45994446e-03  1.34867395e-03]
 [-5.20423018e-05  2.67201965e-03]
 [-4.74950211e-04  2.56593595e-03]
 [-9.89623277e-06  2.33891024e-03]
 [ 5.11909719e-04  2.60758121e-03]
 [ 5.21023700e-04  2.62060366e-03]
 [ 1.59880368e-03  3.12164519e-03]
 [ 4.04227665e-03  4.60706418e-03]
 [ 3.58433393e-03  4.11286112e-03]
 [ 3.02958279e-03  3.80282803e-03]
 [ 1.81901525e-03  2.95418710e-03]
 [ 3.66276043e-04  2.01375294e-03]
 [-3.79072444e-04  1.65082084e-03]
 [-2.19969498e-03  6.74328825e-04]
 [-3.26202041e-03  4.84196898e-05]
 [-4.06204350e-03  2.37353830e-04]
 [-3.18330294e-03  9.90052707e-04]
 [-1.20983017e-03  2.20481376e-03]
 [ 9.48877656e-04  2.88635562e-03]
 [ 2.38566729e-03  4.10271296e-03]
 [ 4.97543253e-03  4.55553411e-03]
 [ 6.44106697e-03  5.03386278e-03]
 [ 8.90223309e-03  5.42642223e-03]
 [ 8.08846205e-03  6.36678096e-03]
 [ 1.02010630e-02  7.48591265e-03]
 [ 1.37058403e-02  8.20079073e-03]
 [ 1.45723475e-02  8.59965757e-03]
 [ 1.48783177e-02  8.33106041e-03]
 [ 1.39194177e-02  8.57946463e-03]
 [ 1.25272386e-02  8.29310063e-03]
 [ 1.74125042e-02  6.44367421e-03]
 [ 1.64962634e-02  5.74178388e-03]
 [ 1.34284385e-02  4.23990889e-03]
 [ 1.16753299e-02  3.72532289e-03]
 [ 1.02380905e-02  3.20508610e-03]
 [ 7.15876790e-03  1.37478940e-03]
 [ 6.69165002e-03  1.86951261e-03]
 [ 4.51580854e-03  1.46794412e-03]
 [-4.07180429e-04  8.28533302e-05]
 [-3.89856868e-03 -1.55336619e-03]
 [-7.83310644e-03 -3.16915335e-03]
 [-1.01430165e-02 -4.44354443e-03]
 [-1.20960204e-02 -5.13773318e-03]
 [-1.56844147e-02 -6.05077622e-03]
 [-2.10195966e-02 -8.42699967e-03]
 [-2.58795861e-02 -1.09919906e-02]
 [-2.87034921e-02 -1.20938653e-02]
 [-3.13665867e-02 -1.30494218e-02]
 [-3.15923393e-02 -1.30166877e-02]
 [-3.55487913e-02 -1.52654257e-02]
 [-3.37388068e-02 -1.38263768e-02]
 [-3.68916951e-02 -1.57418661e-02]
 [-3.85959782e-02 -1.68561768e-02]
 [-3.68095227e-02 -1.56587977e-02]
 [-3.82665321e-02 -1.66219994e-02]
 [-3.97100896e-02 -1.76092926e-02]
 [-4.04190682e-02 -1.81232747e-02]
 [-4.17097993e-02 -1.94406174e-02]
 [-4.23873849e-02 -2.01874040e-02]
 [-4.23580147e-02 -2.01804750e-02]
 [-4.12892699e-02 -1.96092036e-02]
 [-4.00601588e-02 -1.91014409e-02]
 [-3.86636294e-02 -1.84497721e-02]
 [-3.70410532e-02 -1.81227718e-02]
 [-3.54363173e-02 -1.77256688e-02]
 [-3.30176912e-02 -1.68718509e-02]
 [-3.03726234e-02 -1.60408132e-02]
 [-2.79731955e-02 -1.49607379e-02]
 [-2.72403657e-02 -1.56025346e-02]
 [-2.28406321e-02 -1.32216522e-02]
 [-1.99073888e-02 -1.22782765e-02]
 [-1.64441932e-02 -1.09454123e-02]
 [-1.21236062e-02 -8.82495753e-03]
 [-8.03671870e-03 -6.78514829e-03]
 [-4.08676593e-03 -4.51949984e-03]
 [-3.26426642e-04 -3.05903004e-03]
 [ 4.41207830e-03 -2.51494086e-04]
 [ 8.62730667e-03  2.62512686e-03]
 [ 9.98378079e-03  3.54214874e-03]
 [ 1.07030617e-02  4.78874240e-03]
 [ 9.34930984e-03  1.48655183e-03]
 [ 9.06012580e-03  1.03738136e-03]
 [ 7.18160812e-03 -2.55207036e-04]
 [ 8.66372511e-03  9.29667498e-04]
 [ 6.43536821e-03 -5.94031822e-04]
 [ 5.67935407e-03 -9.53663723e-04]
 [ 5.52101759e-03 -9.03800712e-04]
 [ 7.80704245e-03  6.84295432e-04]
 [ 2.45933468e-03 -2.67963763e-03]
 [ 1.48547499e-03 -3.41664045e-03]
 [ 5.26764058e-03 -1.11085456e-03]
 [ 9.10750497e-03  1.20910630e-03]
 [ 1.24271652e-02  3.43436771e-03]
 [ 1.24773635e-02  3.69481766e-03]
 [ 1.20131643e-02  3.03398771e-03]
 [ 1.16521474e-02  2.90947733e-03]
 [ 1.08659947e-02  2.72987131e-03]
 [ 9.29071009e-03  2.01809732e-03]
 [ 9.42454860e-03  2.24244338e-03]
 [ 9.09721479e-03  1.64478552e-03]
 [ 9.13331378e-03  1.40414119e-03]
 [ 9.64634959e-03  1.70227815e-03]
 [ 9.92437731e-03  2.01691617e-03]
 [ 7.65225664e-03  4.58814349e-04]
 [ 4.49673925e-03 -1.48626894e-03]
 [ 7.03765638e-03  3.16766760e-04]
 [ 5.17804176e-03 -7.09587126e-04]
 [ 4.20538895e-03 -1.44578214e-03]
 [ 3.42115504e-03 -1.92411686e-03]
 [ 8.00688379e-03  1.07801729e-03]
 [ 4.79716435e-03 -7.78180314e-04]
 [ 6.22684555e-03  4.78774920e-04]
 [ 5.42465830e-03  2.46216747e-04]
 [ 6.76959520e-03  1.59812975e-03]
 [ 5.03146928e-03  1.31492969e-03]
 [ 1.15875457e-03 -5.27201453e-04]
 [ 1.67246890e-05 -8.41420784e-04]
 [-1.42824580e-03 -1.48730248e-03]
 [-4.80560400e-03 -3.15470411e-03]
 [-5.83122624e-03 -3.55790742e-03]
 [-8.90752394e-03 -5.09347068e-03]
 [-1.06007895e-02 -6.32549357e-03]
 [-1.02844117e-02 -5.91333816e-03]
 [-1.08269015e-02 -5.81785245e-03]
 [-1.11969104e-02 -5.86571032e-03]
 [-1.31898662e-02 -6.82696002e-03]
 [-1.39600718e-02 -7.01594120e-03]
 [-1.49110490e-02 -7.51818577e-03]
 [-1.80030316e-02 -9.25993267e-03]
 [-1.97119340e-02 -1.01869497e-02]
 [-1.93883106e-02 -1.06401788e-02]
 [-1.89549588e-02 -1.10501684e-02]
 [-1.60602331e-02 -9.35887638e-03]
 [-1.54519984e-02 -9.73405130e-03]
 [-1.42561644e-02 -9.53802001e-03]
 [-1.22373933e-02 -8.57427809e-03]
 [-1.21041350e-02 -9.22523346e-03]
 [-1.26870777e-02 -9.83595941e-03]
 [-1.03916386e-02 -8.41651484e-03]
 [-1.32572288e-02 -1.04791308e-02]
 [-1.18110701e-02 -9.58626624e-03]
 [-1.15794595e-02 -9.27308295e-03]
 [-1.15377139e-02 -9.25833452e-03]
 [-1.40251834e-02 -1.11149112e-02]
 [-1.57677755e-02 -1.24820275e-02]
 [-1.23180095e-02 -1.05197029e-02]
 [-1.13029499e-02 -1.01755103e-02]
 [-1.19766779e-02 -1.06941992e-02]
 [-1.03502404e-02 -9.88621451e-03]
 [-9.14643332e-03 -9.40814335e-03]
 [-7.63805956e-03 -8.70950334e-03]
 [-6.50718901e-03 -8.19302071e-03]
 [-5.37719578e-03 -7.69106811e-03]
 [-4.91502928e-03 -7.71228736e-03]
 [-3.51848104e-03 -7.08502904e-03]
 [-8.21903115e-04 -5.67623600e-03]
 [ 1.16880969e-04 -5.56083070e-03]
 [ 1.89152861e-03 -4.77996981e-03]
 [ 2.50984938e-03 -4.74379677e-03]
 [ 3.93490680e-03 -4.02680319e-03]
 [ 5.16911084e-03 -3.16346274e-03]
 [ 5.93133923e-03 -1.78770639e-03]
 [ 6.06457936e-03 -4.07342275e-04]
 [ 5.59962867e-03  1.36425704e-04]
 [ 5.89056965e-03  1.45847196e-04]]
Actions:
[[ 9.31258934e-02  1.51992219e-01]
 [ 5.66550657e-01 -5.09419203e-01]
 [-9.44806512e-02 -9.98992544e-02]
 [-1.36586379e-02 -1.41068881e-02]
 [-2.20868329e-01  1.71334046e-01]
 [ 3.65107520e-01  4.97603126e-02]
 [ 1.58014234e-01  5.54181786e-01]
 [-2.63105075e-01 -1.99863800e-01]
 [ 1.74108424e-01  1.20385503e-01]
 [-1.09119411e-01  1.77225918e-01]
 [-7.81722947e-03  2.39228096e-01]
 [ 2.13246325e-01  2.05353367e-02]
 [ 7.81000193e-02 -1.92990058e-01]
 [-1.12611998e-02 -6.88144813e-02]
 [-1.37407639e-01  1.24359627e-01]
 [ 2.19074294e-01  1.73484858e-01]
 [ 2.02440849e-01 -1.18242403e-01]
 [-3.33544978e-01  1.54026111e-01]
 [-9.40421606e-02 -3.93642985e-02]
 [ 3.81465288e-01 -1.20897545e-01]
 [-1.97550715e-01  1.51506834e-01]
 [-7.35810011e-02 -2.76279083e-01]
 [ 1.41955133e-01 -1.85847149e-01]
 [-3.96035167e-02 -3.72791776e-01]
 [-3.18646575e-02 -2.97532644e-01]
 [-3.65096001e-02 -1.55997527e-01]
 [ 1.99390840e-01  1.89027921e-01]
 [ 5.49236436e-02  8.64475994e-02]
 [-2.59714575e-01  1.54671766e-01]
 [ 2.82389604e-01  1.60739557e-01]
 [-1.65481159e-01 -2.60839182e-02]
 [ 2.15848767e-01 -1.44116070e-01]
 [-4.59488124e-02  3.55117545e-01]
 [-2.75730600e-01  3.30615619e-01]
 [ 1.99642889e-01 -5.26609776e-01]
 [ 2.15571701e-01 -2.29873186e-01]
 [-2.34368929e-01 -3.48258187e-01]
 [ 2.34650080e-02  2.84868280e-01]
 [ 1.48824808e-02 -1.47973473e-01]
 [-4.91522532e-02 -2.15941117e-01]
 [ 2.34851871e-01 -5.64105094e-02]
 [ 6.45635982e-01 -1.84967469e-01]
 [-3.59611576e-01 -3.53485706e-01]
 [ 2.33515105e-02 -2.29522636e-01]
 [-1.72279709e-01 -9.93131442e-02]
 [-1.59729157e-01 -5.76976133e-02]
 [ 2.16173776e-01  1.86380921e-01]
 [-2.79414778e-01 -3.98116558e-01]
 [-1.48844240e-02  3.34056559e-02]
 [ 3.02715586e-01 -2.71452628e-01]
 [ 3.47682421e-01 -3.95076699e-02]
 [ 3.32295275e-01 -8.81078780e-02]
 [-5.87664055e-03  7.25285235e-02]
 [ 4.00663239e-01 -1.43743801e-01]
 [-3.24768409e-01  9.50557116e-02]
 [-1.39930122e-01 -5.02653764e-02]
 [-4.68823330e-01  3.11031444e-02]
 [ 5.35424968e-01 -4.41270137e-01]
 [ 1.41458124e-01  3.62577906e-02]
 [-2.96392460e-01  2.26078307e-01]
 [ 3.10473628e-02 -4.70684557e-03]
 [-2.75323792e-01 -2.45780708e-02]
 [ 1.71573409e-01 -2.38852370e-01]
 [-1.38274939e-02 -1.58654849e-01]
 [ 4.59867147e-02 -6.71236193e-02]
 [ 2.84094549e-01 -3.06890894e-01]
 [-1.10291043e-01 -2.99147087e-02]
 [ 3.98173710e-02 -1.23078216e-01]
 [ 1.89189405e-01  8.68668160e-02]
 [-1.21199736e-02  2.47518956e-01]
 [ 4.35349017e-01 -9.04876332e-02]
 [ 2.03253487e-01 -2.42622998e-01]
 [-1.27378664e-01 -5.48009957e-01]
 [-2.88631295e-02  9.41623668e-02]
 [-1.47045391e-01 -3.79699594e-01]
 [ 1.78408155e-01  4.85516866e-02]
 [ 2.22897349e-01  2.02680499e-01]
 [-7.64541222e-04 -2.62495951e-01]
 [-4.46555923e-01  2.65791219e-02]
 [-2.47145428e-01  4.94946606e-01]
 [-1.38777698e-01 -1.32658167e-02]
 [-2.76004888e-01 -1.93678850e-01]
 [ 1.35079325e-01  7.23581231e-02]
 [-3.30082742e-01  2.77594426e-01]
 [ 1.62216295e-01 -3.68929895e-01]
 [-4.96277042e-01  8.66597251e-02]
 [-2.54506672e-01  7.85572473e-02]
 [ 2.00867829e-01 -2.27034331e-01]
 [-8.07703771e-02  1.97414765e-01]
 [-2.37242933e-01  6.19675276e-02]
 [ 1.35335175e-01  2.31499505e-01]
 [-4.47724351e-01  1.34145141e-01]
 [-6.29230259e-04  2.61941827e-01]
 [ 6.73588527e-02 -2.13742114e-02]
 [-4.34920435e-02 -2.70941166e-01]
 [-1.57114083e-01 -2.53821308e-01]
 [ 1.12377340e-01 -9.28629927e-02]
 [-2.93004350e-01 -9.46974435e-02]
 [-9.86798258e-02 -1.38667606e-02]
 [-1.02647787e-01 -1.15467154e-01]
 [-1.73938967e-01 -7.92832151e-02]
 [ 1.98232766e-01 -2.98221298e-02]
 [-3.42262132e-01  3.27804749e-01]
 [ 1.30379069e-01 -4.16672475e-01]
 [-4.81424477e-01 -1.88606176e-01]
 [ 1.88223340e-01  5.60765188e-02]
 [-1.38481206e-01 -3.52945990e-01]
 [ 1.87784448e-01 -1.26493328e-01]
 [ 2.22201396e-01 -1.88001709e-01]
 [-3.31963439e-01 -2.11710938e-01]
 [ 4.14273264e-01 -1.33240186e-01]
 [ 3.37790998e-01 -3.30203188e-01]
 [ 2.58646814e-01  7.71221625e-02]
 [ 2.37057211e-01 -2.43051221e-01]
 [ 9.34429344e-02  7.14294096e-03]
 [ 9.79663440e-02 -3.30566116e-01]
 [-9.74688429e-02  2.54731085e-01]
 [ 9.01422168e-02 -2.87761706e-01]
 [-3.63959539e-02  3.68696751e-01]
 [-2.86832415e-03  4.33309111e-02]
 [-9.88988381e-02 -1.53991451e-01]
 [ 1.31249403e-01 -3.01872331e-01]
 [-6.20738088e-01  1.94230528e-01]
 [-1.86127128e-01  5.54984486e-02]
 [ 1.48504141e-01 -2.73215832e-01]
 [ 2.98245584e-01 -1.86324323e-01]
 [ 4.74008411e-01 -8.09895344e-02]
 [-5.67250133e-03 -1.58373655e-01]
 [ 1.66782459e-01  3.86592262e-01]
 [ 6.81479178e-02  2.24110045e-02]
 [-9.74746004e-02 -1.87220947e-01]
 [-3.30329571e-01 -2.70466213e-01]
 [-6.63045872e-02 -1.53228538e-01]
 [ 2.43266233e-02  2.72290174e-01]
 [ 9.80788224e-02 -1.51063870e-01]
 [ 2.01395117e-01 -1.40416383e-01]
 [ 1.49077527e-01 -1.70613489e-03]
 [-1.55572808e-01  2.11427458e-01]
 [-1.94418793e-01  2.51328213e-01]
 [ 1.91547161e-01 -3.16857087e-01]
 [-3.70711565e-01 -1.67614713e-01]
 [ 3.72945635e-02  2.60125810e-01]
 [ 1.46012377e-01  2.57516024e-01]
 [ 4.90610487e-01 -2.89016201e-01]
 [-1.58641353e-01  1.95234780e-01]
 [ 1.62024993e-01 -2.92128020e-01]
 [ 7.86135562e-02  9.58912056e-04]
 [ 5.06506024e-01 -9.65701534e-02]
 [ 1.02872281e-01 -2.39782769e-01]
 [-3.07284055e-01 -1.28148192e-01]
 [ 5.78162995e-02 -7.20847363e-02]
 [ 1.13625317e-01  1.12311496e-01]
 [-3.19746272e-01 -4.80688634e-02]
 [ 1.47205764e-01  1.18923031e-01]
 [-4.81978090e-01 -1.94542320e-01]
 [ 4.07503550e-03  4.39332540e-01]
 [ 2.76758447e-01  3.76552275e-02]
 [-6.42332583e-02 -2.91944152e-01]
 [ 1.36905716e-01  5.69959472e-02]
 [-1.11871877e-01  6.29005444e-02]
 [-9.83489328e-02 -2.38177396e-01]
 [ 1.33081306e-01 -4.38105976e-03]
 [-3.33428975e-01  1.37997051e-01]
 [-3.83804381e-01 -1.29343290e-01]
 [-5.37051149e-01 -1.60415459e-01]
 [-3.48923533e-02  2.65628479e-01]
 [ 4.68847547e-02 -3.24687581e-01]
 [-2.23840853e-01 -2.28563558e-01]
 [ 1.51858239e-01  2.35419489e-01]
 [-1.59614741e-01 -2.46355190e-01]
 [ 2.36270157e-01  6.08875527e-01]
 [-9.09496192e-02  1.70004264e-01]
 [ 1.64246278e-01 -1.89945019e-01]
 [-2.12122633e-01  4.59609489e-01]
 [ 1.61876615e-01 -4.81017188e-02]
 [ 2.91524427e-01  1.69600533e-01]
 [-1.99601120e-01 -1.98580858e-01]
 [-4.29226123e-01  2.05581090e-01]
 [-1.07396873e-01  3.79502537e-01]
 [ 2.18429460e-03 -4.07692110e-01]
 [-4.94971118e-02  1.33853191e-02]
 [ 2.26325111e-01  4.40155750e-01]
 [ 1.06271652e-01  2.26272462e-02]
 [-4.36617588e-02 -1.56797840e-02]
 [ 5.16361179e-02  3.03822767e-02]
 [ 6.46821343e-02  7.18126520e-02]
 [ 7.20617633e-02  7.95264107e-02]
 [-2.32468071e-01 -4.92527748e-02]
 [ 3.06040023e-02  3.36863619e-02]
 [-3.06732773e-02 -1.79024713e-01]
 [-2.27638776e-01  2.10064688e-02]
 [-2.57499949e-01 -1.92709598e-01]
 [ 9.32044811e-02  2.67019395e-01]
 [ 9.27356562e-02  7.01077018e-02]
 [-1.79942309e-01 -2.31470206e-01]
 [ 2.19816892e-01 -2.32095403e-01]
 [ 3.07104507e-01 -3.60837303e-01]
 [ 3.41104613e-01 -1.64126462e-02]
 [-1.24577566e-01 -4.79323577e-02]
 [ 2.97217186e-01  1.64865450e-01]]
States:
[[0.9987705  0.99999735 0.5451895  0.50156775 0.51354832 0.59693837]
 [0.9986339  0.99997765 0.54711361 0.50455083 0.53740967 0.63676464]
 [0.9973041  0.99999987 0.56227647 0.50034994 0.68227634 0.50242519]
 ...
 [0.04299499 0.86555881 0.29186011 0.16980224 0.39618729 0.68988098]
 [0.0383373  0.87506161 0.30214794 0.18008954 0.48599154 0.68371396]
 [0.03566311 0.88322588 0.30834223 0.18939881 0.45458408 0.66945048]]
Logstds:
[[-3. -3.]
 [-3. -3.]
 [-3. -3.]
 [-3. -3.]
 [-3. -3.]
 [-3. -3.]
 [-3. -3.]
 [-3. -3.]
 [-3. -3.]
 [-3. -3.]
 [-3. -3.]
 [-3. -3.]
 [-3. -3.]
 [-3. -3.]
 [-3. -3.]
 [-3. -3.]
 [-3. -3.]
 [-3. -3.]
 [-3. -3.]
 [-3. -3.]
 [-3. -3.]
 [-3. -3.]
 [-3. -3.]
 [-3. -3.]
 [-3. -3.]
 [-3. -3.]
 [-3. -3.]
 [-3. -3.]
 [-3. -3.]
 [-3. -3.]
 [-3. -3.]
 [-3. -3.]
 [-3. -3.]
 [-3. -3.]
 [-3. -3.]
 [-3. -3.]
 [-3. -3.]
 [-3. -3.]
 [-3. -3.]
 [-3. -3.]
 [-3. -3.]
 [-3. -3.]
 [-3. -3.]
 [-3. -3.]
 [-3. -3.]
 [-3. -3.]
 [-3. -3.]
 [-3. -3.]
 [-3. -3.]
 [-3. -3.]
 [-3. -3.]
 [-3. -3.]
 [-3. -3.]
 [-3. -3.]
 [-3. -3.]
 [-3. -3.]
 [-3. -3.]
 [-3. -3.]
 [-3. -3.]
 [-3. -3.]
 [-3. -3.]
 [-3. -3.]
 [-3. -3.]
 [-3. -3.]
 [-3. -3.]
 [-3. -3.]
 [-3. -3.]
 [-3. -3.]
 [-3. -3.]
 [-3. -3.]
 [-3. -3.]
 [-3. -3.]
 [-3. -3.]
 [-3. -3.]
 [-3. -3.]
 [-3. -3.]
 [-3. -3.]
 [-3. -3.]
 [-3. -3.]
 [-3. -3.]
 [-3. -3.]
 [-3. -3.]
 [-3. -3.]
 [-3. -3.]
 [-3. -3.]
 [-3. -3.]
 [-3. -3.]
 [-3. -3.]
 [-3. -3.]
 [-3. -3.]
 [-3. -3.]
 [-3. -3.]
 [-3. -3.]
 [-3. -3.]
 [-3. -3.]
 [-3. -3.]
 [-3. -3.]
 [-3. -3.]
 [-3. -3.]
 [-3. -3.]
 [-3. -3.]
 [-3. -3.]
 [-3. -3.]
 [-3. -3.]
 [-3. -3.]
 [-3. -3.]
 [-3. -3.]
 [-3. -3.]
 [-3. -3.]
 [-3. -3.]
 [-3. -3.]
 [-3. -3.]
 [-3. -3.]
 [-3. -3.]
 [-3. -3.]
 [-3. -3.]
 [-3. -3.]
 [-3. -3.]
 [-3. -3.]
 [-3. -3.]
 [-3. -3.]
 [-3. -3.]
 [-3. -3.]
 [-3. -3.]
 [-3. -3.]
 [-3. -3.]
 [-3. -3.]
 [-3. -3.]
 [-3. -3.]
 [-3. -3.]
 [-3. -3.]
 [-3. -3.]
 [-3. -3.]
 [-3. -3.]
 [-3. -3.]
 [-3. -3.]
 [-3. -3.]
 [-3. -3.]
 [-3. -3.]
 [-3. -3.]
 [-3. -3.]
 [-3. -3.]
 [-3. -3.]
 [-3. -3.]
 [-3. -3.]
 [-3. -3.]
 [-3. -3.]
 [-3. -3.]
 [-3. -3.]
 [-3. -3.]
 [-3. -3.]
 [-3. -3.]
 [-3. -3.]
 [-3. -3.]
 [-3. -3.]
 [-3. -3.]
 [-3. -3.]
 [-3. -3.]
 [-3. -3.]
 [-3. -3.]
 [-3. -3.]
 [-3. -3.]
 [-3. -3.]
 [-3. -3.]
 [-3. -3.]
 [-3. -3.]
 [-3. -3.]
 [-3. -3.]
 [-3. -3.]
 [-3. -3.]
 [-3. -3.]
 [-3. -3.]
 [-3. -3.]
 [-3. -3.]
 [-3. -3.]
 [-3. -3.]
 [-3. -3.]
 [-3. -3.]
 [-3. -3.]
 [-3. -3.]
 [-3. -3.]
 [-3. -3.]
 [-3. -3.]
 [-3. -3.]
 [-3. -3.]
 [-3. -3.]
 [-3. -3.]
 [-3. -3.]
 [-3. -3.]
 [-3. -3.]
 [-3. -3.]
 [-3. -3.]
 [-3. -3.]
 [-3. -3.]
 [-3. -3.]
 [-3. -3.]
 [-3. -3.]
 [-3. -3.]
 [-3. -3.]
 [-3. -3.]]
