Baseline:
[0.47881892 0.4942674  0.4947575  0.49987575 0.4988695  0.4985525
 0.49151435 0.47883958 0.47505382 0.46797943 0.47166488 0.47504523
 0.46908394 0.46977887 0.4796113  0.48736873 0.49426723 0.49101913
 0.4867097  0.50133765 0.5120119  0.526018   0.53240776 0.5524147
 0.5521222  0.5517131  0.5519872  0.5525733  0.5354305  0.5526378
 0.55458575 0.55232227 0.5455363  0.53215945 0.5296058  0.5413051
 0.5246765  0.5286036  0.51862097 0.51478416 0.52778983 0.5206228
 0.5309439  0.52181923 0.5219749  0.5169578  0.51298267 0.51474845
 0.51263416 0.5171367  0.5197765  0.5118446  0.5113564  0.52527606
 0.5279982  0.5258927  0.51984334 0.5145237  0.50736046 0.51596975
 0.514134   0.5085945  0.5077743  0.5022883  0.50634485 0.5049703
 0.5027503  0.49501702 0.5033176  0.4903992  0.47619978 0.4576999
 0.4502586  0.4494271  0.43441528 0.4159743  0.38722348 0.34840947
 0.32390633 0.29162398 0.2785657  0.2689244  0.25807753 0.2558036
 0.2523533  0.22653317 0.21978372 0.22189905 0.23292598 0.2322463
 0.24439418 0.2784698  0.25806794 0.24549171 0.22078341 0.2083142
 0.20241885 0.14323694 0.13328563 0.12890027 0.12691127 0.15636791
 0.1661631  0.1625547  0.17105319 0.16825636 0.18644992 0.1612049
 0.16297056 0.1615828  0.15551475 0.15549704 0.17010944 0.15140952
 0.1471932  0.15019856 0.16008727 0.1598378  0.15498716 0.15700881
 0.14692368 0.14524563 0.1425195  0.14639047 0.14278074 0.13996129
 0.13893752 0.139036   0.14150572 0.1372988  0.13427795 0.13312122
 0.1301259  0.12780163 0.12606245 0.12079367 0.12075733 0.12141312
 0.11453432 0.11828409 0.10872365 0.10562697 0.11694527 0.12792532
 0.12271824 0.1258617  0.1211388  0.12674765 0.13453999 0.14708059
 0.14582302 0.15950269 0.15463467 0.15955195 0.15794428 0.15181498
 0.14302184 0.15943514 0.17489599 0.17953928 0.18246068 0.21834312
 0.24163015 0.27038577 0.28948662 0.34922677 0.37505946 0.3865557
 0.41592243 0.43944496 0.46347588 0.47199392 0.46236774 0.46371377
 0.45580086 0.453688   0.45263073 0.451092   0.43148616 0.4219145
 0.38673666 0.3636544  0.34050986 0.3176863  0.29747087 0.28050983
 0.2635116  0.24319732 0.24069886 0.25896695 0.19930272 0.15950307
 0.1488824  0.1730837  0.16259621 0.15523355 0.15248938 0.17288092
 0.16991144 0.17231326 0.17231326]
Returns:
[ 1.37735239  1.07989064  1.15011199  1.16904618  1.2668522   1.31820453
  1.33554252  1.2122268   1.28731871  1.19984254  1.22227412  1.2345328
  1.27555286  1.35749019  1.20982321  1.19644011  1.15316868  1.17918554
  1.10127857  0.86239842  0.77956103  0.82695314  0.93516942  0.77349232
  0.78961223  0.86616924  0.98416243  1.10587639  0.75574869  0.44543888
  0.4216257   0.53863805  0.39083085  0.4727235   0.5615093   0.57164693
  0.64849506  0.56658655  0.4412821   0.57838228  0.19396885  0.32662123
  0.34888511  0.46432513  0.43760024  0.35189395  0.4518739   0.55344714
  0.51795013  0.23943256  0.28723866  0.24016259  0.25260364  0.14313475
  0.02298392  0.01402593 -0.11340068 -0.28515989 -0.36220978 -0.389196
 -0.47937393 -0.58112469 -0.66099001 -0.90674188 -0.90072797 -0.92176687
 -0.87628276 -0.89085755 -0.92456529 -0.92464162 -0.88521376 -0.92619511
 -0.93302623 -1.07206022 -1.02571078 -0.97098698 -0.9340735  -1.00578367
 -0.93611259 -0.88756769 -0.83735195 -0.93060478 -0.86247409 -0.87720537
 -0.80054095 -0.79026631 -0.70067711 -0.59759656 -0.52935089 -0.43401751
 -0.42617244 -0.62249818 -0.72739334 -0.62312278 -0.57535055 -0.51170384
 -0.53360753 -0.91929993 -0.87126064 -0.80937322 -0.72780743 -0.67946343
 -0.64328933 -0.64736705 -0.79517941 -0.73682118 -0.98833862 -1.02719654
 -1.0781478  -1.0964521  -1.0501409  -1.00451731 -1.02269564 -1.07957873
 -1.1948626  -1.30163198 -1.32211493 -1.27367414 -1.25697563 -1.29794361
 -1.3291542  -1.30719336 -1.29502631 -1.3077618  -1.27441552 -1.2404136
 -1.18676894 -1.13861603 -1.12110409 -1.09759747 -1.10634969 -1.07368066
 -1.01839639 -1.07161547 -1.02872605 -0.9636997  -0.93298486 -0.97767549
 -0.97517734 -0.91488587 -0.92654624 -0.85074778 -0.82750677 -0.74556356
 -0.73617658 -0.7022932  -0.74952604 -0.67019533 -0.69181547 -0.80460584
 -0.72769585 -0.70997479 -0.60737343 -0.55858353 -0.44648914 -0.37109342
 -0.31797761 -0.2903238  -0.20495014 -0.15317724 -0.05150285 -0.10425331
 -0.19544541 -0.10680367 -0.04958614 -0.25287675 -0.1736856  -0.21030231
 -0.09665384 -0.05218895  0.02840536  0.12483495  0.08199682  0.02842297
  0.146284    0.01393734 -0.09678592 -0.29457596 -0.19470218 -0.26589673
 -0.28601245 -0.17582194 -0.07261695  0.0071107   0.01606215  0.07068374
  0.15974669 -0.01280906 -0.2380798  -0.45046218 -0.40820726 -0.37390949
 -0.30862145 -0.35709627 -0.2869295  -0.2117814  -0.18062575 -0.23381187
 -0.15964905 -0.0836758 ]
Advants:
[ 6.86571737e-01  3.73717102e-01  4.45665387e-01  4.62314515e-01
  5.67257338e-01  6.27177497e-01  6.61261195e-01  5.57732945e-01
  6.46768712e-01  5.74903706e-01  6.03493643e-01  6.23328926e-01
  6.83653635e-01  7.81888730e-01  6.37958417e-01  6.30889108e-01
  5.94437436e-01  6.39494402e-01  5.80757886e-01  3.35536343e-01
  2.48125094e-01  2.89163658e-01  4.02443973e-01  2.27570305e-01
  2.51880960e-01  3.39798433e-01  4.73042688e-01  6.14764334e-01
  2.93829167e-01 -3.07412236e-02 -5.41012990e-02  7.14690946e-02
 -6.70828487e-02  3.38127517e-02  1.34082530e-01  1.42163615e-01
  2.48995585e-01  1.74998184e-01  6.89564180e-02  2.24322855e-01
 -1.69728932e-01 -2.19310138e-02 -9.60683033e-04  1.37253062e-01
  1.24352965e-01  5.63396522e-02  1.77265540e-01  2.98576306e-01
  2.87496272e-01  1.99255489e-02  8.32541856e-02  6.26089682e-02
  9.60128424e-02 -8.97302512e-03 -1.15675855e-01 -1.05192580e-01
 -2.11511279e-01 -3.66757076e-01 -4.26657854e-01 -4.52517717e-01
 -5.33027067e-01 -6.23713950e-01 -6.99208709e-01 -9.43052694e-01
 -9.44917753e-01 -9.69338291e-01 -9.25320124e-01 -9.36373225e-01
 -9.84251101e-01 -9.77381430e-01 -9.28576709e-01 -9.56986920e-01
 -9.62791645e-01 -1.11222975e+00 -1.06116353e+00 -9.96907944e-01
 -9.38880975e-01 -9.81082454e-01 -8.94093620e-01 -8.18564059e-01
 -7.59082100e-01 -8.49394639e-01 -7.75246345e-01 -7.93329633e-01
 -7.16842318e-01 -6.83567631e-01 -5.87309746e-01 -4.83309531e-01
 -4.21027622e-01 -3.16550589e-01 -3.11801493e-01 -5.39505637e-01
 -6.23685125e-01 -5.02884003e-01 -4.23870624e-01 -3.38311211e-01
 -3.44566722e-01 -6.70591796e-01 -6.10280939e-01 -5.39440584e-01
 -4.48344922e-01 -4.20690171e-01 -3.83981150e-01 -3.73254890e-01
 -5.22250798e-01 -4.51266261e-01 -7.18652023e-01 -7.30162621e-01
 -7.82228542e-01 -7.98961840e-01 -7.44763763e-01 -6.95737109e-01
 -7.25868227e-01 -7.62346158e-01 -8.74998265e-01 -9.89887672e-01
 -1.02674902e+00 -9.83595380e-01 -9.67388051e-01 -1.01750413e+00
 -1.04701649e+00 -1.03174785e+00 -1.02547737e+00 -1.05195465e+00
 -1.02456735e+00 -9.96991034e-01 -9.50664438e-01 -9.10176242e-01
 -9.02879559e-01 -8.82714284e-01 -8.96814199e-01 -8.71023698e-01
 -8.19661405e-01 -8.79636854e-01 -8.43482186e-01 -7.80208772e-01
 -7.56126394e-01 -8.10112193e-01 -8.09820576e-01 -7.61389448e-01
 -7.72355813e-01 -7.00642367e-01 -6.96144377e-01 -6.31043702e-01
 -6.22360184e-01 -5.97083577e-01 -6.46836964e-01 -5.78695567e-01
 -6.15073550e-01 -7.51839588e-01 -6.83663685e-01 -6.90340127e-01
 -5.91177797e-01 -5.54962991e-01 -4.46054543e-01 -3.67210094e-01
 -3.06295337e-01 -2.95786087e-01 -2.24504570e-01 -1.74432049e-01
 -6.94312234e-02 -1.54025283e-01 -2.67662092e-01 -2.05009771e-01
 -1.62712366e-01 -4.29341215e-01 -3.78237092e-01 -4.30284468e-01
 -3.47665676e-01 -3.27880244e-01 -2.70822916e-01 -1.79656423e-01
 -2.10363331e-01 -2.64263324e-01 -1.33492727e-01 -2.62332028e-01
 -3.73876464e-01 -5.78235861e-01 -4.63859803e-01 -5.32926883e-01
 -5.25477260e-01 -3.96343656e-01 -2.70578156e-01 -1.65489056e-01
 -1.32666042e-01 -5.49018831e-02  6.11476223e-02 -8.49631147e-02
 -3.07972286e-01 -5.46013333e-01 -4.48962211e-01 -3.77855851e-01
 -3.02845297e-01 -3.78743790e-01 -2.99091975e-01 -2.15117168e-01
 -1.78580121e-01 -2.51571511e-01 -1.71417465e-01 -9.22914594e-02]
Mus:
[[-2.70417687e-02 -1.14479363e-02]
 [-2.57392116e-02 -1.03993937e-02]
 [-2.60781106e-02 -1.07939625e-02]
 [-2.55418681e-02 -1.03050433e-02]
 [-2.57738493e-02 -1.04870377e-02]
 [-2.55675279e-02 -1.00579951e-02]
 [-2.57483367e-02 -9.65309329e-03]
 [-2.69430168e-02 -1.07101444e-02]
 [-2.71535870e-02 -1.06874797e-02]
 [-2.81244647e-02 -1.06121851e-02]
 [-2.81112324e-02 -1.09530194e-02]
 [-2.78669093e-02 -1.06213363e-02]
 [-2.90042907e-02 -1.12305656e-02]
 [-2.91504283e-02 -1.13858767e-02]
 [-2.82314401e-02 -1.09683098e-02]
 [-2.78603509e-02 -1.09663773e-02]
 [-2.68939640e-02 -1.01825101e-02]
 [-2.65569501e-02 -9.60518979e-03]
 [-2.61055622e-02 -8.70583486e-03]
 [-2.43644249e-02 -7.42217712e-03]
 [-2.35832464e-02 -6.58476958e-03]
 [-2.26980187e-02 -6.16553426e-03]
 [-2.17454489e-02 -5.91104012e-03]
 [-2.05455106e-02 -5.27875731e-03]
 [-1.85564216e-02 -4.13759705e-03]
 [-1.63505729e-02 -3.22958664e-03]
 [-1.44567313e-02 -2.53148819e-03]
 [-1.21595627e-02 -1.70936249e-03]
 [-1.03910640e-02 -1.61259121e-03]
 [-9.06457193e-03 -4.66289377e-04]
 [-6.45798119e-03  3.17126483e-04]
 [-3.85315064e-03  1.09787891e-03]
 [-2.25543301e-03  1.12044672e-03]
 [-3.78822820e-04  1.27148977e-03]
 [ 1.16464612e-03  1.50086905e-03]
 [ 2.98759202e-03  1.86035153e-03]
 [ 5.25041297e-03  2.54485849e-03]
 [ 5.31481812e-03  1.79990253e-03]
 [ 8.34430940e-03  3.79388663e-03]
 [ 9.59493406e-03  4.05507116e-03]
 [ 1.09989764e-02  5.94928861e-03]
 [ 1.14397164e-02  6.04820345e-03]
 [ 1.11421905e-02  6.21490041e-03]
 [ 1.16077382e-02  6.30556932e-03]
 [ 1.09689692e-02  6.08386751e-03]
 [ 9.98206809e-03  5.58105158e-03]
 [ 8.75284523e-03  4.85626282e-03]
 [ 6.52406085e-03  3.49746086e-03]
 [ 3.47055262e-03  2.28138315e-03]
 [ 4.38982970e-04  7.42043892e-04]
 [-2.80553359e-03 -7.70454877e-04]
 [-7.01042963e-03 -2.08232668e-03]
 [-1.09293656e-02 -3.43014114e-03]
 [-1.33736450e-02 -4.78832284e-03]
 [-1.60274971e-02 -5.63231297e-03]
 [-1.85570028e-02 -6.25436334e-03]
 [-2.08278373e-02 -6.65346673e-03]
 [-2.18527820e-02 -6.47473289e-03]
 [-2.29879152e-02 -6.15738239e-03]
 [-2.23929808e-02 -5.81418304e-03]
 [-2.20669974e-02 -5.30294236e-03]
 [-2.21370142e-02 -5.32349013e-03]
 [-2.23095585e-02 -5.16904192e-03]
 [-2.22942419e-02 -6.11087913e-03]
 [-2.15274636e-02 -5.75143052e-03]
 [-2.17224732e-02 -5.79261966e-03]
 [-2.14523841e-02 -5.91555564e-03]
 [-2.19356027e-02 -6.22292375e-03]
 [-2.20915880e-02 -6.17779931e-03]
 [-2.22337991e-02 -6.50331704e-03]
 [-2.23908257e-02 -6.89632213e-03]
 [-2.24083513e-02 -7.07379216e-03]
 [-2.24098526e-02 -6.89998781e-03]
 [-2.13351082e-02 -6.24291599e-03]
 [-1.89260561e-02 -5.19673293e-03]
 [-1.59936380e-02 -3.94534506e-03]
 [-1.38605647e-02 -3.45415412e-03]
 [-1.10257557e-02 -2.56331847e-03]
 [-8.18229560e-03 -1.25739269e-03]
 [-5.66153461e-03 -4.25275590e-04]
 [-3.01852892e-03  9.33491974e-04]
 [ 6.24339911e-04  2.32719653e-03]
 [ 4.63363761e-03  3.79229034e-03]
 [ 9.17394925e-03  5.88843273e-03]
 [ 1.35636181e-02  7.69034354e-03]
 [ 1.62141696e-02  8.36980343e-03]
 [ 1.98728237e-02  9.51789133e-03]
 [ 2.32428182e-02  1.08334003e-02]
 [ 2.58971825e-02  1.18825436e-02]
 [ 2.74911765e-02  1.21002160e-02]
 [ 2.72983555e-02  1.26157040e-02]
 [ 2.85308007e-02  1.30032487e-02]
 [ 2.60220729e-02  1.25968968e-02]
 [ 2.53191497e-02  1.22443885e-02]
 [ 2.41998844e-02  1.19461529e-02]
 [ 2.43007485e-02  1.12877171e-02]
 [ 2.15679538e-02  1.08343111e-02]
 [ 1.72491856e-02  9.36262589e-03]
 [ 1.66141521e-02  8.42146855e-03]
 [ 1.55309597e-02  7.40128104e-03]
 [ 1.37190269e-02  6.37928676e-03]
 [ 1.31466174e-02  5.23313787e-03]
 [ 9.62143578e-03  3.04519315e-03]
 [ 6.89348532e-03  1.71997189e-03]
 [ 6.13432517e-03  1.87418121e-03]
 [ 3.31397401e-03  6.82141574e-04]
 [-1.74063619e-03 -2.45597167e-03]
 [-5.13400510e-03 -3.53427324e-03]
 [-9.62168630e-03 -5.90244588e-03]
 [-1.03532318e-02 -5.81039116e-03]
 [-1.22823445e-02 -6.41259784e-03]
 [-1.38865877e-02 -6.89542992e-03]
 [-1.73199158e-02 -8.60646740e-03]
 [-1.83533356e-02 -8.54875147e-03]
 [-2.23226007e-02 -1.03152534e-02]
 [-2.57866811e-02 -1.21972002e-02]
 [-2.68223751e-02 -1.29613196e-02]
 [-2.77129151e-02 -1.34719191e-02]
 [-2.82684304e-02 -1.38088036e-02]
 [-2.70518716e-02 -1.31426519e-02]
 [-2.66371407e-02 -1.27287246e-02]
 [-2.68029068e-02 -1.29914489e-02]
 [-2.57440004e-02 -1.26490965e-02]
 [-2.51090061e-02 -1.29399188e-02]
 [-2.32016910e-02 -1.20158531e-02]
 [-2.11839415e-02 -1.10575696e-02]
 [-1.93102881e-02 -1.02439802e-02]
 [-1.71729699e-02 -9.49319731e-03]
 [-1.57064702e-02 -9.43449698e-03]
 [-1.27784153e-02 -8.03120993e-03]
 [-1.04114553e-02 -7.48426747e-03]
 [-8.93604103e-03 -7.14134937e-03]
 [-7.36649754e-03 -6.81032985e-03]
 [-6.43716427e-03 -6.92627719e-03]
 [-4.10200749e-03 -5.67247579e-03]
 [-2.12223665e-03 -4.71865758e-03]
 [ 5.94578509e-04 -3.16206366e-03]
 [-1.03559671e-03 -4.52362932e-03]
 [ 2.22941278e-03 -2.59705167e-03]
 [ 2.36865436e-03 -2.77580973e-03]
 [ 5.42439474e-03 -9.20903054e-04]
 [ 7.07984669e-03 -4.51239721e-05]
 [ 7.85619207e-03  1.42083489e-04]
 [ 8.49497691e-03  4.07767424e-04]
 [ 7.17944745e-03 -5.86733979e-04]
 [ 9.40083247e-03  8.28336459e-04]
 [ 7.67952995e-03 -5.27331489e-04]
 [ 7.02919206e-03 -1.04802009e-03]
 [ 4.42789355e-03 -2.81334831e-03]
 [ 8.66402779e-03 -3.12390242e-04]
 [ 1.15600536e-02  1.31003384e-03]
 [ 1.10457623e-02  9.25478700e-04]
 [ 1.01282867e-02  5.12932776e-04]
 [ 7.21005257e-03 -1.07132492e-03]
 [ 8.56994838e-03 -2.34168459e-04]
 [ 5.87138068e-03 -1.59838132e-03]
 [ 7.49239512e-03 -5.03909192e-04]
 [ 5.65851899e-03 -1.63399498e-03]
 [ 4.20200545e-03 -2.42716912e-03]
 [ 5.19534457e-04 -4.38816752e-03]
 [-2.23845989e-03 -5.73588256e-03]
 [-6.90303626e-04 -4.74636490e-03]
 [-9.73177608e-04 -4.77490667e-03]
 [-6.71347487e-04 -4.56944248e-03]
 [-1.02611026e-03 -5.11910394e-03]
 [ 2.24658241e-03 -3.05490079e-03]
 [ 3.11828475e-03 -2.79185735e-03]
 [ 3.46252392e-03 -3.35628749e-03]
 [ 4.63368697e-03 -2.71336082e-03]
 [ 5.43536386e-03 -2.36132904e-03]
 [ 6.31071581e-03 -1.65583414e-03]
 [ 7.54111633e-03 -1.25635555e-03]
 [ 9.40191280e-03 -9.27270972e-04]
 [ 1.05409920e-02 -1.92967214e-04]
 [ 1.12307416e-02  2.10381564e-04]
 [ 1.26775866e-02  1.26565387e-03]
 [ 1.54549479e-02  2.93505820e-03]
 [ 1.89482532e-02  5.01797022e-03]
 [ 2.07646340e-02  5.62464027e-03]
 [ 2.41544954e-02  7.34533789e-03]
 [ 2.41372343e-02  6.54532015e-03]
 [ 2.41670869e-02  6.37976639e-03]
 [ 2.43754778e-02  6.57242956e-03]
 [ 2.42099371e-02  6.33298652e-03]
 [ 2.46730763e-02  6.90697925e-03]
 [ 2.46948358e-02  7.28237955e-03]
 [ 2.26288009e-02  6.25224458e-03]
 [ 1.76392067e-02  3.50056053e-03]
 [ 1.49289612e-02  2.37044552e-03]
 [ 1.66759137e-02  3.86277353e-03]
 [ 1.96024086e-02  7.41030369e-03]
 [ 1.66334808e-02  6.77937921e-03]
 [ 1.40895322e-02  5.78839052e-03]
 [ 1.32075772e-02  5.02972119e-03]
 [ 1.00700725e-02  3.72860185e-03]
 [ 7.81672169e-03  3.06572556e-03]
 [ 5.28909266e-03  1.44721824e-03]
 [ 4.33179457e-03  1.05526391e-03]
 [ 2.00182525e-03 -1.33664682e-04]
 [-4.98574154e-05 -1.30658981e-03]]
Actions:
[[ 0.53827316  0.06235647]
 [-0.10066288  0.15602275]
 [ 0.20746199  0.02373793]
 [-0.08390294  0.08612344]
 [ 0.12001956 -0.06776471]
 [ 0.02225049 -0.23617129]
 [-0.54353252  0.0648324 ]
 [-0.08439014 -0.10799942]
 [-0.15583406 -0.40274868]
 [ 0.08476087  0.21738438]
 [ 0.22256238 -0.03360499]
 [-0.27928693 -0.10215251]
 [ 0.04317972  0.03687669]
 [ 0.38569723  0.20220203]
 [ 0.15905943  0.25665573]
 [ 0.307882    0.0182633 ]
 [ 0.03946446 -0.20503809]
 [ 0.09886183 -0.34387601]
 [ 0.50271241  0.00819202]
 [ 0.30122953 -0.10892132]
 [ 0.12557606  0.10633423]
 [-0.0186514   0.14821702]
 [ 0.41067793  0.27197139]
 [-0.03695566 -0.26466067]
 [ 0.04160272 -0.14391757]
 [ 0.00246263 -0.05543251]
 [ 0.13487395 -0.02892713]
 [-0.693759   -0.20118909]
 [ 0.53902863 -0.27124967]
 [ 0.3640996   0.14523408]
 [-0.17288097  0.06602167]
 [-0.08816189  0.54491396]
 [-0.20266907  0.1737208 ]
 [ 0.04467007  0.25456966]
 [ 0.15483747  0.35478419]
 [-0.24302361 -0.12717584]
 [-0.09905481  0.49455068]
 [ 0.02614994 -0.48643728]
 [-0.07153858  0.09926688]
 [ 0.52795633 -0.44235423]
 [-0.01778654 -0.01309442]
 [ 0.34410641  0.02846087]
 [-0.09337994 -0.0191821 ]
 [ 0.38131138  0.02416546]
 [ 0.44202088  0.01447486]
 [ 0.08865172  0.00316666]
 [-0.06862614  0.13846248]
 [-0.34180419 -0.17022194]
 [ 0.54529841  0.10691727]
 [ 0.00617211  0.04271221]
 [-0.166587   -0.24312951]
 [-0.07179423 -0.1126436 ]
 [ 0.24219082  0.24459646]
 [ 0.30356487 -0.04685272]
 [ 0.02798176 -0.08031586]
 [ 0.27070179 -0.10236445]
 [-0.46084156 -0.13144389]
 [-0.03987453 -0.24306356]
 [-0.26899498  0.00667255]
 [-0.09758751 -0.28623756]
 [-0.27003837 -0.23854397]
 [-0.02421045 -0.25740491]
 [-0.33614214  0.45739894]
 [ 0.08467057 -0.05690811]
 [-0.0374806  -0.20954649]
 [-0.04374926  0.00697857]
 [-0.13910741 -0.20998859]
 [ 0.24158872 -0.01388511]
 [-0.20912267 -0.13981052]
 [-0.18316993 -0.01214264]
 [-0.18443006 -0.26881383]
 [ 0.17882983 -0.13811508]
 [ 0.38754978  0.17641729]
 [ 0.11433477 -0.06425788]
 [ 0.11738303 -0.05515495]
 [-0.23445222 -0.00204718]
 [-0.26635367 -0.30221996]
 [ 0.08473352 -0.05237033]
 [-0.20792867 -0.011287  ]
 [ 0.19014272  0.05826485]
 [ 0.17595247  0.39102451]
 [ 0.06023513  0.16294533]
 [ 0.33319157  0.06800481]
 [ 0.16292803  0.0587049 ]
 [-0.27202402 -0.10086052]
 [-0.00483079  0.14872356]
 [ 0.11581309  0.04752691]
 [ 0.18087138  0.17939606]
 [-0.06452863  0.15896261]
 [ 0.36997117 -0.01940023]
 [ 0.35990102  0.47296528]
 [ 0.03187057 -0.44098959]
 [ 0.01701097 -0.06629004]
 [-0.00181164 -0.23412512]
 [-0.1186965   0.1786244 ]
 [ 0.27264046 -0.24748244]
 [-0.33371376 -0.58152749]
 [-0.09617438  0.15920381]
 [-0.07732016  0.12558987]
 [-0.02088494  0.04030399]
 [ 0.08893426  0.18257385]
 [-0.12224576 -0.1831493 ]
 [-0.06678568 -0.2976887 ]
 [ 0.34988102 -0.31435197]
 [ 0.03224057 -0.1066626 ]
 [-0.18221075  0.53351041]
 [-0.1097019  -0.31441595]
 [-0.29635514  0.17750383]
 [ 0.2399881  -0.07140234]
 [-0.00512112 -0.12502233]
 [ 0.09118447 -0.02403356]
 [-0.05516047  0.27032677]
 [ 0.01277917 -0.34197641]
 [-0.434427   -0.11116539]
 [-0.42155733  0.07427621]
 [ 0.00275231  0.24228467]
 [-0.10659825  0.01087579]
 [-0.20910529 -0.10126764]
 [ 0.25624561  0.05199495]
 [-0.12517908 -0.28405324]
 [-0.20722501 -0.0452767 ]
 [-0.19860481 -0.12480946]
 [-0.19520764  0.17759763]
 [ 0.01074712 -0.1485766 ]
 [-0.01149862 -0.14960945]
 [-0.0037194  -0.07258191]
 [-0.12275586 -0.05108986]
 [-0.09124324  0.18537059]
 [-0.04931681 -0.20774296]
 [-0.28620335 -0.01053356]
 [ 0.067331    0.16059301]
 [-0.0612657   0.10051305]
 [ 0.09440407  0.32944927]
 [ 0.16215691 -0.04570247]
 [-0.03114616 -0.11714116]
 [ 0.21059903 -0.0627178 ]
 [-0.17733243  0.30040101]
 [ 0.09882899 -0.25848303]
 [-0.03225118  0.14847451]
 [ 0.04962653 -0.30997615]
 [-0.01116592 -0.11306195]
 [ 0.12898673 -0.22441736]
 [ 0.1239788  -0.01884932]
 [-0.28288334  0.05178271]
 [ 0.2061295  -0.15934788]
 [-0.35696555  0.10948653]
 [-0.05842475  0.15283937]
 [-0.21097721  0.28169677]
 [ 0.47011608  0.04040427]
 [ 0.14716451 -0.09914911]
 [ 0.15067233  0.26992652]
 [-0.08780994 -0.01161763]
 [-0.05641217  0.25699634]
 [ 0.07868144 -0.05038845]
 [-0.21607906  0.02718419]
 [-0.05625372 -0.25927118]
 [ 0.05040776  0.32669671]
 [ 0.0293181   0.23032993]
 [-0.22681564  0.18379555]
 [-0.19630843  0.0780357 ]
 [ 0.40911377  0.17797332]
 [ 0.13178896  0.46737762]
 [ 0.12056455  0.20453197]
 [-0.18729815  0.23426735]
 [ 0.57091931 -0.0669404 ]
 [ 0.01144601 -0.21423105]
 [-0.36154248  0.20199884]
 [ 0.05784093 -0.10598679]
 [-0.08498936  0.2921223 ]
 [ 0.1033571   0.20409737]
 [-0.15880336 -0.07419609]
 [-0.32621267 -0.24004481]
 [ 0.02416513  0.43441164]
 [-0.1014012   0.02101657]
 [ 0.18764845  0.48700363]
 [ 0.40418872 -0.22269516]
 [ 0.47385201 -0.27618425]
 [-0.00100709 -0.08329022]
 [ 0.31784416  0.31893594]
 [-0.32111762  0.10448112]
 [-0.02281405 -0.04411621]
 [ 0.13249827  0.09195426]
 [-0.00952144  0.22091719]
 [ 0.31959235  0.18484872]
 [ 0.30067034  0.0320451 ]
 [-0.02329018  0.22238752]
 [-0.35416682 -0.3931071 ]
 [ 0.03573212 -0.57707836]
 [ 0.57778175 -0.08853631]
 [ 0.09917086 -0.23649835]
 [-0.16071945 -0.18813682]
 [-0.09708289 -0.16042978]
 [ 0.19799967  0.34289779]
 [-0.11905202 -0.1203336 ]
 [ 0.00454957 -0.15387827]
 [-0.23845713  0.07065836]
 [ 0.30343755  0.2486386 ]
 [-0.10961307  0.01464199]
 [-0.09047088  0.08553886]
 [-0.07716916  0.08990467]]
States:
[[0.99989699 0.99994298 0.51988452 0.49273341 0.51319875 0.59716609]
 [0.99956529 0.99996069 0.53075761 0.49396655 0.65123529 0.61345273]
 [0.99840279 0.99999973 0.55016072 0.49950166 0.62267528 0.65402905]
 ...
 [0.60340621 0.         0.01146177 0.60467269 0.80350045 0.59127029]
 [0.644397   0.         0.02227981 0.60525205 0.76961995 0.59522178]
 [0.67986212 0.         0.03476337 0.60387627 0.74132427 0.61767471]]
Logstds:
[[-3. -3.]
 [-3. -3.]
 [-3. -3.]
 [-3. -3.]
 [-3. -3.]
 [-3. -3.]
 [-3. -3.]
 [-3. -3.]
 [-3. -3.]
 [-3. -3.]
 [-3. -3.]
 [-3. -3.]
 [-3. -3.]
 [-3. -3.]
 [-3. -3.]
 [-3. -3.]
 [-3. -3.]
 [-3. -3.]
 [-3. -3.]
 [-3. -3.]
 [-3. -3.]
 [-3. -3.]
 [-3. -3.]
 [-3. -3.]
 [-3. -3.]
 [-3. -3.]
 [-3. -3.]
 [-3. -3.]
 [-3. -3.]
 [-3. -3.]
 [-3. -3.]
 [-3. -3.]
 [-3. -3.]
 [-3. -3.]
 [-3. -3.]
 [-3. -3.]
 [-3. -3.]
 [-3. -3.]
 [-3. -3.]
 [-3. -3.]
 [-3. -3.]
 [-3. -3.]
 [-3. -3.]
 [-3. -3.]
 [-3. -3.]
 [-3. -3.]
 [-3. -3.]
 [-3. -3.]
 [-3. -3.]
 [-3. -3.]
 [-3. -3.]
 [-3. -3.]
 [-3. -3.]
 [-3. -3.]
 [-3. -3.]
 [-3. -3.]
 [-3. -3.]
 [-3. -3.]
 [-3. -3.]
 [-3. -3.]
 [-3. -3.]
 [-3. -3.]
 [-3. -3.]
 [-3. -3.]
 [-3. -3.]
 [-3. -3.]
 [-3. -3.]
 [-3. -3.]
 [-3. -3.]
 [-3. -3.]
 [-3. -3.]
 [-3. -3.]
 [-3. -3.]
 [-3. -3.]
 [-3. -3.]
 [-3. -3.]
 [-3. -3.]
 [-3. -3.]
 [-3. -3.]
 [-3. -3.]
 [-3. -3.]
 [-3. -3.]
 [-3. -3.]
 [-3. -3.]
 [-3. -3.]
 [-3. -3.]
 [-3. -3.]
 [-3. -3.]
 [-3. -3.]
 [-3. -3.]
 [-3. -3.]
 [-3. -3.]
 [-3. -3.]
 [-3. -3.]
 [-3. -3.]
 [-3. -3.]
 [-3. -3.]
 [-3. -3.]
 [-3. -3.]
 [-3. -3.]
 [-3. -3.]
 [-3. -3.]
 [-3. -3.]
 [-3. -3.]
 [-3. -3.]
 [-3. -3.]
 [-3. -3.]
 [-3. -3.]
 [-3. -3.]
 [-3. -3.]
 [-3. -3.]
 [-3. -3.]
 [-3. -3.]
 [-3. -3.]
 [-3. -3.]
 [-3. -3.]
 [-3. -3.]
 [-3. -3.]
 [-3. -3.]
 [-3. -3.]
 [-3. -3.]
 [-3. -3.]
 [-3. -3.]
 [-3. -3.]
 [-3. -3.]
 [-3. -3.]
 [-3. -3.]
 [-3. -3.]
 [-3. -3.]
 [-3. -3.]
 [-3. -3.]
 [-3. -3.]
 [-3. -3.]
 [-3. -3.]
 [-3. -3.]
 [-3. -3.]
 [-3. -3.]
 [-3. -3.]
 [-3. -3.]
 [-3. -3.]
 [-3. -3.]
 [-3. -3.]
 [-3. -3.]
 [-3. -3.]
 [-3. -3.]
 [-3. -3.]
 [-3. -3.]
 [-3. -3.]
 [-3. -3.]
 [-3. -3.]
 [-3. -3.]
 [-3. -3.]
 [-3. -3.]
 [-3. -3.]
 [-3. -3.]
 [-3. -3.]
 [-3. -3.]
 [-3. -3.]
 [-3. -3.]
 [-3. -3.]
 [-3. -3.]
 [-3. -3.]
 [-3. -3.]
 [-3. -3.]
 [-3. -3.]
 [-3. -3.]
 [-3. -3.]
 [-3. -3.]
 [-3. -3.]
 [-3. -3.]
 [-3. -3.]
 [-3. -3.]
 [-3. -3.]
 [-3. -3.]
 [-3. -3.]
 [-3. -3.]
 [-3. -3.]
 [-3. -3.]
 [-3. -3.]
 [-3. -3.]
 [-3. -3.]
 [-3. -3.]
 [-3. -3.]
 [-3. -3.]
 [-3. -3.]
 [-3. -3.]
 [-3. -3.]
 [-3. -3.]
 [-3. -3.]
 [-3. -3.]
 [-3. -3.]
 [-3. -3.]
 [-3. -3.]
 [-3. -3.]
 [-3. -3.]
 [-3. -3.]
 [-3. -3.]
 [-3. -3.]
 [-3. -3.]
 [-3. -3.]]
