Baseline:
[0.47838685 0.46764725 0.4632197  0.46541318 0.4619097  0.46391982
 0.46077353 0.461768   0.46027905 0.46541125 0.46077776 0.44797853
 0.44909388 0.451968   0.44955269 0.43969494 0.43752417 0.44098136
 0.43699425 0.4255438  0.42208892 0.40755594 0.40263686 0.38882652
 0.38402358 0.38068208 0.36847275 0.35422578 0.33160615 0.31955665
 0.29970154 0.28587815 0.26281053 0.24593303 0.22974297 0.20322837
 0.1828172  0.15839602 0.14326346 0.12577279 0.13237754 0.12717852
 0.13736847 0.11795327 0.10637206 0.09995082 0.09096815 0.10292277
 0.10330673 0.10750139 0.09943686 0.09071028 0.0836648  0.09231509
 0.08649403 0.0946836  0.12419304 0.1423946  0.1382156  0.15314117
 0.17625861 0.18307018 0.19451469 0.2061652  0.22881651 0.22196142
 0.21653314 0.23806891 0.23109868 0.24918148 0.25315952 0.25549582
 0.27201077 0.27815077 0.25869924 0.26307344 0.27420634 0.28960562
 0.30204257 0.3302401  0.34475696 0.35354438 0.3627681  0.36701483
 0.3754434  0.39124098 0.41671497 0.43716085 0.4485051  0.45464104
 0.4577545  0.4700622  0.467226   0.4717844  0.4726596  0.47266465
 0.4782795  0.48235327 0.46699378 0.47787318 0.4721068  0.4607759
 0.44883037 0.4524985  0.4688751  0.46595174 0.46075115 0.47609407
 0.47646773 0.47480586 0.47339445 0.47701222 0.48407847 0.49549645
 0.5094181  0.50770926 0.5159661  0.51216114 0.49500805 0.4757049
 0.45538548 0.42303914 0.3998124  0.35312057 0.32979906 0.28315046
 0.26937637 0.2631153  0.24001983 0.19012347 0.18794364 0.17704724
 0.16394958 0.1515891  0.15340213 0.14923748 0.14987253 0.13715214
 0.14101651 0.14403322 0.14196846 0.15825783 0.17083734 0.16476546
 0.16957891 0.1961056  0.22490917 0.24694388 0.26580358 0.28934214
 0.32234478 0.33619854 0.3441485  0.36353225 0.38696882 0.39888176
 0.39657596 0.42109144 0.43828377 0.44797805 0.44775248 0.45352948
 0.45964584 0.46402007 0.46056142 0.45450824 0.44485563 0.4347909
 0.41616186 0.39719144 0.3789847  0.36278102 0.34763044 0.33593997
 0.317702   0.3021194  0.28721184 0.26952064 0.24492607 0.21806517
 0.19164756 0.16673523 0.14935401 0.12593275 0.11308577 0.10236654
 0.10257393 0.10932443 0.14926246 0.15823111 0.16066313 0.14813311
 0.14934829 0.14835325 0.15640137 0.14422302 0.14302358 0.14832194
 0.14912523 0.14804073 0.14804073]
Returns:
[-0.4760568  -0.50134447 -0.49897824 -0.46348966 -0.41686441 -0.40473124
 -0.40408884 -0.40068989 -0.45113123 -0.45263511 -0.53025029 -0.65001147
 -0.65008865 -0.64195336 -0.61838019 -0.60880373 -0.609934   -0.65048688
 -0.64966395 -0.59946126 -0.72270185 -0.68531651 -0.65492004 -0.60481102
 -0.53091082 -0.48206966 -0.4716879  -0.42430173 -0.44246707 -0.39925322
 -0.37889892 -0.41622588 -0.36574022 -0.38020279 -0.47816022 -0.51908132
 -0.67707661 -0.65948201 -0.65158493 -0.55408385 -0.77394889 -0.71144228
 -0.91057092 -1.04252791 -0.99311658 -0.90896201 -0.87124273 -0.87451641
 -0.7862473  -0.80364917 -0.80072428 -1.01086781 -0.99972418 -0.9978978
 -0.95557827 -0.86851917 -0.8054516  -0.84543168 -0.83328723 -0.83345318
 -0.87656624 -0.7736725  -0.74414003 -0.64746135 -0.66078059 -0.89978473
 -1.05705078 -1.01822535 -0.95939464 -0.99629831 -0.8904629  -0.78147652
 -0.71639258 -0.628941   -0.86850487 -0.8499388  -0.76581327 -0.66274816
 -0.55291044 -0.47858652 -0.3543561  -0.30168416 -0.27617935 -0.28759396
 -0.17108165 -0.04971841 -0.32332725 -0.21577171 -0.35342069 -0.32583327
 -0.22368557 -0.46650743 -0.49104757 -0.49477163 -0.38733171 -0.31859171
 -0.24012459 -0.12936003 -0.20533318 -0.14367405 -0.03749544 -0.00743684
 -0.07558286 -0.04606498 -0.06543395  0.05295022  0.12310096  0.11243145
  0.21691791  0.33513424  0.47874592  0.4698533   0.53495058  0.51961857
  0.23842241  0.2437927   0.05172045  0.07671146  0.08262462  0.16979255
  0.22281335  0.22819401  0.25910628  0.24238106  0.2377095   0.01099534
  0.04868146  0.19603406  0.33683599  0.39314318  0.5049661   0.58999932
  0.7395762   0.48195472  0.60199195  0.71402957  0.8814433   0.92374449
  1.06767453  1.15144696  1.28020729  1.29768736  1.29028096  0.72590993
  0.53803605  0.48127526  0.53619724  0.62009089  0.69558487  0.77570562
  0.54861287  0.60707993  0.6307031   0.65408902  0.37137426  0.39487833
 -0.0128217  -0.06028975 -0.0566457  -0.02052803 -0.29704089 -0.40936245
 -0.42515888 -0.53193685 -0.53181983 -0.59440489 -0.572536   -0.52893006
 -0.52308612 -0.49635331 -0.45816984 -0.42552452 -0.33633481 -0.27365407
 -0.31415853 -0.21521735 -0.20331922 -0.08725646 -0.20786087 -0.13723999
 -0.21843691 -0.1508418  -0.07801009 -0.00794963  0.00716307  0.05288741
  0.15842272  0.24196431  0.36974759 -0.03185427  0.03206278 -0.12775056
 -0.00822775  0.00672912 -0.00159319 -0.31000346 -0.24691287 -0.2666401
 -0.17019677 -0.11247766]
Advants:
[-0.60955812 -0.62469518 -0.61833043 -0.58447116 -0.53217986 -0.51939691
 -0.51260454 -0.50686617 -0.55371465 -0.55827281 -0.63125675 -0.74152925
 -0.74635121 -0.74486595 -0.72217126 -0.70571037 -0.7078643  -0.75670207
 -0.75698223 -0.69894611 -0.82636166 -0.78111742 -0.75195226 -0.69273035
 -0.61669069 -0.56578452 -0.54387998 -0.4810857  -0.47523357 -0.41674415
 -0.37179024 -0.39087207 -0.31024551 -0.30008008 -0.37596559 -0.38443473
 -0.51983089 -0.47414129 -0.44641261 -0.32276509 -0.54684596 -0.47445392
 -0.68516066 -0.8026895  -0.7452225  -0.65567123 -0.60863671 -0.6239751
 -0.5334913  -0.55293576 -0.53927107 -0.74401421 -0.72887212 -0.73921365
 -0.69340145 -0.61461941 -0.58011834 -0.63907614 -0.62309011 -0.63901455
 -0.70819729 -0.61234724 -0.59395176 -0.50596012 -0.53982725 -0.77687358
 -0.9387218  -0.93176063 -0.87513296 -0.94177477 -0.84941537 -0.74977392
 -0.7073085  -0.6301056  -0.86148422 -0.85907948 -0.79662058 -0.7176745
 -0.62672392 -0.58617058 -0.47911164 -0.43675063 -0.42161927 -0.43901263
 -0.32946567 -0.21904724 -0.52211388 -0.43663332 -0.59200248 -0.5768066
 -0.48149793 -0.74856104 -0.78388637 -0.80720675 -0.71366517 -0.65693696
 -0.59486107 -0.49656494 -0.56816301 -0.52773296 -0.4235571  -0.38931845
 -0.45501709 -0.43867515 -0.48584404 -0.37318115 -0.30488042 -0.3393486
 -0.24119188 -0.12406955  0.02244814  0.01117276  0.07233878  0.04816355
 -0.25328751 -0.25286226 -0.46660778 -0.45148051 -0.44253399 -0.34809254
 -0.28553847 -0.25834966 -0.21397217 -0.19367181 -0.18493477 -0.38132672
 -0.34599212 -0.20512683 -0.04999484  0.04998126  0.16075191  0.256141
  0.42326013  0.17523695  0.29412007  0.4146313   0.59124411  0.65863925
  0.81646447  0.91899024  1.07748604  1.10874147  1.12076329  0.57993158
  0.40024025  0.32847994  0.36791529  0.44613878  0.52228325  0.6017876
  0.35852282  0.42278032  0.4602559   0.48804148  0.19823103  0.22791357
 -0.17038606 -0.23689695 -0.2449254  -0.21169473 -0.48913982 -0.61214736
 -0.64006501 -0.76117127 -0.76828707 -0.83816961 -0.82016118 -0.77949481
 -0.76837702 -0.73575315 -0.69181248 -0.65496278 -0.56041697 -0.49437444
 -0.52636777 -0.41885747 -0.39883365 -0.26830258 -0.37077924 -0.27730028
 -0.3381176  -0.24930147 -0.16030421 -0.06525055 -0.03472026  0.02625856
  0.13976564  0.22780764  0.3305791  -0.07649177 -0.00930735 -0.15496091
 -0.03122568 -0.00889047 -0.01884012 -0.31726613 -0.25336872 -0.27959436
 -0.18229866 -0.11987969]
Mus:
[[-2.73150057e-02 -1.13822203e-02]
 [-2.83380933e-02 -1.17052672e-02]
 [-2.85307858e-02 -1.22502660e-02]
 [-2.84120049e-02 -1.22659169e-02]
 [-2.82958765e-02 -1.25923008e-02]
 [-2.72508413e-02 -1.27598997e-02]
 [-2.67577395e-02 -1.23314699e-02]
 [-2.64586303e-02 -1.20516354e-02]
 [-2.66666729e-02 -1.17150340e-02]
 [-2.66035665e-02 -1.18045248e-02]
 [-2.68449429e-02 -1.14310710e-02]
 [-2.73645427e-02 -1.11993952e-02]
 [-2.80217230e-02 -1.20737860e-02]
 [-2.80553456e-02 -1.21273920e-02]
 [-2.81328224e-02 -1.26740588e-02]
 [-2.81915870e-02 -1.25656500e-02]
 [-2.81173810e-02 -1.24746338e-02]
 [-2.79392228e-02 -1.23735853e-02]
 [-2.87499242e-02 -1.32449428e-02]
 [-2.87168901e-02 -1.35252122e-02]
 [-2.79848017e-02 -1.27818119e-02]
 [-2.81658601e-02 -1.26928361e-02]
 [-2.84184217e-02 -1.33289499e-02]
 [-2.83146854e-02 -1.34380730e-02]
 [-2.77552214e-02 -1.34313032e-02]
 [-2.72582471e-02 -1.32642658e-02]
 [-2.70331763e-02 -1.35368966e-02]
 [-2.59618014e-02 -1.28767975e-02]
 [-2.50797141e-02 -1.24126198e-02]
 [-2.39529870e-02 -1.18049029e-02]
 [-2.33292468e-02 -1.11409081e-02]
 [-2.25935504e-02 -1.16110425e-02]
 [-2.07196455e-02 -1.06751127e-02]
 [-1.89720429e-02 -1.06769213e-02]
 [-1.60700046e-02 -8.93354695e-03]
 [-1.39059937e-02 -7.50174513e-03]
 [-1.22375153e-02 -7.79761793e-03]
 [-8.87485687e-03 -5.95453940e-03]
 [-6.07684534e-03 -4.76865098e-03]
 [-3.98885272e-03 -3.80727719e-03]
 [-2.17788294e-03 -3.51454946e-03]
 [-1.64091983e-03 -3.55300889e-03]
 [-5.65104012e-04 -2.92175752e-03]
 [ 8.77559825e-04 -2.17151362e-03]
 [ 3.70457070e-03 -6.43396867e-04]
 [ 5.14177280e-03 -1.50843975e-04]
 [ 8.23442731e-03  1.66456960e-03]
 [ 7.68781593e-03  8.79766769e-04]
 [ 9.45578143e-03  1.83859060e-03]
 [ 7.75572890e-03  4.57077898e-04]
 [ 7.52363633e-03  1.50778316e-04]
 [ 7.86758028e-03 -3.87528853e-04]
 [ 1.23798866e-02  2.32123490e-03]
 [ 1.48607828e-02  3.83825810e-03]
 [ 1.68489665e-02  5.31815272e-03]
 [ 1.76735278e-02  5.63141378e-03]
 [ 1.48245282e-02  2.68065138e-03]
 [ 1.42808463e-02  1.84460543e-03]
 [ 1.24329645e-02  6.36165380e-04]
 [ 1.11654224e-02 -1.74358007e-04]
 [ 1.15180230e-02  1.88517370e-04]
 [ 1.24211181e-02  9.72111709e-04]
 [ 1.63032413e-02  3.27260420e-03]
 [ 1.73940677e-02  4.15259739e-03]
 [ 1.91123020e-02  5.62604284e-03]
 [ 2.07581446e-02  7.32309697e-03]
 [ 1.66582409e-02  4.63807536e-03]
 [ 1.57615971e-02  4.57145041e-03]
 [ 1.44681046e-02  4.08193516e-03]
 [ 1.49556715e-02  5.08837216e-03]
 [ 1.40772881e-02  4.75927070e-03]
 [ 1.29988538e-02  4.19666246e-03]
 [ 1.24626579e-02  4.02989145e-03]
 [ 1.07076839e-02  2.94406177e-03]
 [ 5.66844642e-03 -2.86301103e-04]
 [ 1.31780747e-03 -2.68999324e-03]
 [-1.53316616e-03 -4.16448386e-03]
 [-3.87825537e-03 -5.30335959e-03]
 [-4.87780012e-03 -5.55540947e-03]
 [-5.00828261e-03 -5.29470807e-03]
 [-5.55814989e-03 -5.36536844e-03]
 [-4.57860855e-03 -4.42263903e-03]
 [-6.80340873e-03 -5.97016979e-03]
 [-6.46827044e-03 -5.31448703e-03]
 [-7.26177031e-03 -5.55692380e-03]
 [-7.62010692e-03 -5.46059245e-03]
 [-9.60212946e-03 -7.03600701e-03]
 [-9.12704784e-03 -6.73765922e-03]
 [-7.39344815e-03 -4.91783489e-03]
 [-6.03957148e-03 -3.80471814e-03]
 [-6.33870205e-03 -4.07920824e-03]
 [-3.41153541e-03 -1.87526748e-03]
 [-2.56201462e-03 -1.06317387e-03]
 [-2.77778623e-03 -1.55257562e-03]
 [-2.30308645e-03 -1.29997055e-03]
 [-2.68178154e-03 -1.79319386e-03]
 [-2.33714283e-03 -1.80530467e-03]
 [-1.12082309e-03 -1.10396033e-03]
 [-1.03397667e-03 -1.05772051e-03]
 [-7.14107809e-05 -4.53777262e-04]
 [-1.79774113e-04 -6.67535234e-04]
 [-8.39201501e-04 -1.17322954e-03]
 [-1.74889714e-03 -1.23569078e-03]
 [-1.47486001e-03 -5.56282874e-04]
 [-7.18962168e-04 -3.36248172e-06]
 [-1.43501628e-03 -4.02873848e-04]
 [-2.86214892e-03 -1.32570742e-03]
 [-2.07765354e-03 -8.60042346e-04]
 [-1.54201232e-03 -3.61411017e-04]
 [-2.04381649e-03 -8.24509130e-04]
 [-1.99239701e-03 -6.95226830e-04]
 [-2.97264918e-03 -1.72505877e-03]
 [-3.10399476e-03 -2.17200629e-03]
 [-2.84412131e-03 -2.45784898e-03]
 [-1.88620528e-03 -2.43742508e-03]
 [ 9.10276140e-04 -1.17955334e-03]
 [ 6.36550644e-03  1.71318778e-03]
 [ 1.09379133e-02  3.79018206e-03]
 [ 1.39450282e-02  4.85961325e-03]
 [ 1.84879322e-02  6.70441985e-03]
 [ 2.42400896e-02  9.06071533e-03]
 [ 2.82459389e-02  1.03059160e-02]
 [ 3.21216062e-02  1.21319760e-02]
 [ 3.14150751e-02  1.10150054e-02]
 [ 3.39762047e-02  1.24625424e-02]
 [ 3.02309766e-02  9.74548981e-03]
 [ 3.08204703e-02  1.00459866e-02]
 [ 2.86815837e-02  9.06897895e-03]
 [ 2.63645779e-02  8.36532936e-03]
 [ 2.80206166e-02  1.28274970e-02]
 [ 2.66572852e-02  1.26354359e-02]
 [ 2.43853498e-02  1.08000524e-02]
 [ 2.25515272e-02  9.93794017e-03]
 [ 1.89231038e-02  6.93135709e-03]
 [ 1.88159253e-02  7.32735451e-03]
 [ 1.83122493e-02  7.59986090e-03]
 [ 1.70149840e-02  7.08128139e-03]
 [ 1.56437755e-02  7.28541007e-03]
 [ 1.39306141e-02  6.98226411e-03]
 [ 1.14938989e-02  6.74279174e-03]
 [ 9.51260142e-03  6.05517346e-03]
 [ 8.60893913e-03  4.60091466e-03]
 [ 8.13886896e-03  3.34822014e-03]
 [ 5.76843228e-03  4.78549534e-03]
 [ 7.15686334e-03  6.30003121e-03]
 [ 4.55345353e-03  5.94724203e-03]
 [ 2.86005554e-03  5.32967504e-03]
 [ 2.46048952e-03  5.23983082e-03]
 [ 1.04469946e-03  4.68265405e-03]
 [-1.26260624e-03  3.59717361e-03]
 [-4.00907407e-03  1.19051593e-03]
 [-5.48214605e-03  6.39879028e-04]
 [-6.63334085e-03  5.42832888e-04]
 [-8.62950832e-03 -8.32210761e-04]
 [-8.82076100e-03 -6.34813099e-04]
 [-1.12210577e-02 -1.32410973e-03]
 [-1.58372372e-02 -2.09824834e-03]
 [-1.81014184e-02 -3.13561969e-03]
 [-1.97485480e-02 -4.22160001e-03]
 [-2.18054820e-02 -5.11841197e-03]
 [-2.60157846e-02 -6.04954781e-03]
 [-2.77487226e-02 -7.08858995e-03]
 [-2.89011337e-02 -8.33990052e-03]
 [-3.06827929e-02 -9.43547022e-03]
 [-3.23008746e-02 -1.01412116e-02]
 [-3.27605605e-02 -1.13645699e-02]
 [-3.40607874e-02 -1.18439039e-02]
 [-3.50197703e-02 -1.23057691e-02]
 [-3.69496271e-02 -1.33298123e-02]
 [-3.86160016e-02 -1.45807350e-02]
 [-4.01920862e-02 -1.51649453e-02]
 [-4.12653834e-02 -1.60830487e-02]
 [-4.28244248e-02 -1.69695709e-02]
 [-4.41084616e-02 -1.76570602e-02]
 [-4.42155227e-02 -1.72187313e-02]
 [-4.44780402e-02 -1.72034781e-02]
 [-4.56495434e-02 -1.80891678e-02]
 [-4.58796918e-02 -1.82160083e-02]
 [-4.39396389e-02 -1.72694959e-02]
 [-4.17317934e-02 -1.61190778e-02]
 [-3.76872793e-02 -1.38855521e-02]
 [-3.49052660e-02 -1.25154871e-02]
 [-3.38803269e-02 -1.21890344e-02]
 [-2.92112008e-02 -9.99079365e-03]
 [-2.59360448e-02 -9.17433854e-03]
 [-2.28967257e-02 -7.49020465e-03]
 [-2.02035736e-02 -6.16200687e-03]
 [-2.01545190e-02 -6.29375270e-03]
 [-2.82817762e-02 -1.07693598e-02]
 [-3.56452279e-02 -1.52308270e-02]
 [-3.79448235e-02 -1.67445932e-02]
 [-3.41719799e-02 -1.47174485e-02]
 [-3.45576257e-02 -1.51783833e-02]
 [-3.43932658e-02 -1.56749673e-02]
 [-3.52500305e-02 -1.61764324e-02]
 [-3.12154610e-02 -1.53112607e-02]
 [-2.97577437e-02 -1.54972626e-02]
 [-2.88238302e-02 -1.61800124e-02]
 [-2.64042672e-02 -1.57914329e-02]
 [-2.41794400e-02 -1.55099956e-02]]
Actions:
[[-2.19803937e-01 -2.26809300e-01]
 [-2.49368486e-01  6.31625438e-02]
 [ 6.42248891e-02  1.32053996e-02]
 [-1.94020112e-01  3.69333101e-02]
 [-1.42969136e-01  2.08663220e-01]
 [ 3.76742028e-02 -2.09744442e-01]
 [ 1.20298309e-01 -8.84003122e-02]
 [ 1.54025541e-01 -2.02278172e-01]
 [ 1.06875993e-01  1.03389519e-01]
 [ 1.21946894e-01 -2.55244194e-01]
 [-9.80574837e-03 -3.67959063e-01]
 [-1.32029795e-01  1.97443830e-01]
 [ 1.22121255e-01  2.90379501e-02]
 [-1.26648182e-01  1.71540605e-01]
 [-7.97429699e-02 -2.26280085e-01]
 [ 1.27447182e-01 -3.52366236e-02]
 [ 2.21327694e-01  5.28591251e-02]
 [-2.52560211e-01  1.51933934e-01]
 [-2.25136690e-01 -7.85050445e-03]
 [ 2.73162973e-01 -2.11355820e-01]
 [-5.66049492e-03 -1.63123282e-01]
 [-2.12628811e-01  1.39812901e-01]
 [-2.06283868e-01 -1.01791167e-01]
 [-7.00089993e-03  6.38062983e-02]
 [ 1.28442301e-01  3.90609902e-02]
 [-3.29051348e-01 -1.13249746e-02]
 [ 5.36824403e-02 -1.94040284e-01]
 [-2.41362564e-01 -2.87768792e-01]
 [ 1.83282567e-01 -3.09449428e-02]
 [ 1.16375714e-01 -2.25197831e-01]
 [-3.55786032e-01  1.87633734e-01]
 [-1.06164382e-01 -2.38116800e-01]
 [-3.44843408e-01  1.50412900e-01]
 [ 4.13061849e-01 -7.32997542e-02]
 [-2.87586156e-02 -3.77160506e-01]
 [-4.15397747e-01  3.06218379e-01]
 [-1.57769733e-02 -2.79104294e-01]
 [ 2.54402581e-01  1.09308812e-01]
 [-2.37397448e-02 -6.62366374e-02]
 [ 2.92548375e-01  4.77328940e-01]
 [-1.10090625e-01  1.37641242e-01]
 [ 4.27783944e-01  3.24537785e-01]
 [-2.96493149e-01 -3.57380738e-01]
 [ 1.40349969e-02 -1.79662064e-01]
 [-4.65625640e-02  4.67609231e-02]
 [ 1.97375280e-01 -1.28976448e-01]
 [-8.53535305e-02  2.99560169e-01]
 [ 7.15747667e-02 -6.11452913e-02]
 [-2.21323075e-01  2.49294350e-01]
 [-2.91171501e-01 -8.32095407e-02]
 [-5.40175821e-01 -5.03535692e-02]
 [ 1.09811431e-01 -2.64485911e-01]
 [ 3.16808518e-01  6.87282778e-02]
 [-3.05390719e-02 -2.20304144e-01]
 [-3.48587567e-02 -1.06079439e-01]
 [-1.75431940e-01 -7.91539281e-02]
 [-5.99220824e-03  3.97073754e-01]
 [-2.73430697e-01  1.43618406e-01]
 [ 1.21398826e-02  3.49424978e-01]
 [ 2.66819068e-01  3.15887185e-01]
 [ 1.50411720e-01  1.66830863e-02]
 [ 3.07057305e-01 -8.32697221e-02]
 [ 1.86464458e-01 -1.19741215e-02]
 [ 3.81145784e-01 -7.38894881e-02]
 [ 1.73445824e-01 -5.51752174e-01]
 [-3.70515222e-01  3.29335366e-01]
 [ 2.48374722e-01  1.14668724e-01]
 [-1.21580648e-01 -1.63289050e-01]
 [ 3.54343495e-01 -1.47899194e-01]
 [ 3.04466182e-02  4.18904095e-05]
 [-1.74099251e-02  4.82085687e-02]
 [ 1.87231749e-01  1.47909071e-01]
 [-3.73089538e-02  1.78852518e-01]
 [-5.60491486e-01  1.57809194e-01]
 [-2.32432421e-01  1.92273740e-01]
 [-1.26020584e-01  1.16040286e-01]
 [-5.98767773e-02  1.18599950e-01]
 [-4.59768941e-02 -9.23749390e-02]
 [ 2.13914649e-01  6.28779897e-02]
 [ 4.64810092e-02 -1.00041504e-02]
 [ 8.53219132e-02 -2.42618535e-01]
 [-2.39660820e-01  2.34462574e-01]
 [-1.09696585e-01 -3.43004766e-01]
 [-1.17529918e-01 -4.42605788e-02]
 [ 9.73623886e-02  4.14680289e-02]
 [ 3.53187339e-02  6.33741443e-01]
 [ 7.18564481e-02  1.05064127e-01]
 [ 2.01942613e-01 -4.50221595e-01]
 [ 7.32014423e-02 -2.77664370e-01]
 [-1.06254668e-01  1.09877055e-01]
 [ 3.40966762e-01 -4.68253233e-01]
 [-2.53564175e-02 -3.45299106e-01]
 [ 6.07434562e-02  3.28292243e-01]
 [ 6.17513226e-03 -2.56195002e-02]
 [-6.70059126e-02  2.04106255e-01]
 [ 7.70232513e-02  1.96826709e-01]
 [ 8.17845017e-02 -3.87895803e-02]
 [-3.60350551e-01 -2.51277622e-01]
 [ 2.32493284e-01  6.16720092e-02]
 [-1.44890542e-01  2.67714093e-02]
 [-3.13434830e-01 -4.05611097e-02]
 [-2.83917137e-01 -3.22854646e-01]
 [ 1.78000007e-01 -2.32769412e-01]
 [ 3.55373730e-01  9.63730446e-02]
 [-9.69975915e-02  1.26111761e-02]
 [-2.31119469e-01  1.13740169e-01]
 [ 3.28394580e-01  1.70657771e-01]
 [ 5.71371387e-02 -1.49767054e-01]
 [-9.43475487e-02  1.35747690e-01]
 [-2.23002644e-02 -7.01432867e-02]
 [-1.13595743e-01  3.95538625e-01]
 [ 3.94338336e-03  3.08590715e-01]
 [ 1.21234939e-01  4.02901934e-01]
 [ 9.78976542e-02  6.52756161e-01]
 [ 2.59208672e-02  3.79122502e-01]
 [ 5.58815823e-01  1.27107134e-01]
 [ 3.24328359e-01 -5.64860368e-02]
 [ 2.73437315e-02  3.70197542e-01]
 [ 1.77445267e-01  1.70217460e-01]
 [ 3.21892978e-01  2.13638942e-02]
 [-2.26078053e-02  3.86581929e-01]
 [ 2.68009130e-01  2.61576314e-01]
 [-3.78219202e-01  1.56610474e-02]
 [ 3.18560994e-01  2.89071654e-01]
 [-5.42315234e-01 -1.78200873e-01]
 [ 1.87879365e-01  3.06709966e-01]
 [ 5.02724601e-02  1.11344199e-01]
 [-1.10307955e-01  7.98060721e-02]
 [ 3.59055471e-01 -8.26355219e-03]
 [ 2.03628128e-01  1.48527290e-01]
 [-1.91944473e-01  1.82047546e-01]
 [-4.89601142e-02 -1.00535602e-01]
 [-5.97016484e-01  1.78406400e-01]
 [ 1.90013718e-01 -1.07674751e-01]
 [ 1.58061522e-01 -1.71432539e-01]
 [ 5.76097815e-02 -1.08289891e-02]
 [ 1.19592482e-01 -3.36457924e-01]
 [ 1.29560637e-01 -1.26044390e-01]
 [ 1.92686105e-01 -2.38701110e-01]
 [-9.27939973e-02 -1.90870442e-01]
 [-2.41557876e-01  2.93862981e-01]
 [-3.87220614e-01  1.60851835e-01]
 [ 4.69546830e-01 -6.90256941e-01]
 [-9.32224292e-02 -5.46215630e-01]
 [ 3.92165535e-01 -6.24760417e-02]
 [ 1.71489802e-01  6.60036456e-02]
 [ 6.76506683e-03 -4.50355083e-02]
 [-9.11192143e-02 -3.99132373e-02]
 [ 4.53165039e-03  6.50937924e-02]
 [-2.29257252e-01  5.13571869e-01]
 [ 9.33360264e-02  3.26373218e-05]
 [ 1.24056727e-01 -1.58371226e-01]
 [-2.23945871e-01  1.28747623e-01]
 [ 5.27459464e-01  1.10974902e-01]
 [ 5.47552403e-02 -1.04853044e-01]
 [-1.13987749e-01 -6.36822162e-01]
 [ 1.73569202e-01  1.67392533e-01]
 [-1.28191737e-01  1.77924004e-01]
 [-7.93861631e-02  3.64831731e-03]
 [-4.17334490e-02 -5.22207942e-01]
 [-3.85955036e-01 -1.92595804e-01]
 [-2.87166629e-01  7.21141268e-02]
 [ 2.31611981e-01  2.37615110e-01]
 [ 9.95558964e-02 -6.92392644e-02]
 [-1.96252314e-01  3.39168989e-01]
 [ 5.20172479e-02 -9.76101646e-02]
 [ 5.78924094e-02 -4.85223891e-04]
 [-2.50874359e-01 -1.62041252e-01]
 [-2.80370242e-01  7.39529901e-02]
 [-9.84386556e-02 -2.08782925e-01]
 [-3.19219761e-02  2.40177776e-01]
 [-1.57486005e-01  3.43463143e-02]
 [ 5.70328895e-02  1.66394943e-01]
 [ 2.66678351e-01 -1.80184929e-01]
 [ 5.05811345e-02 -4.37305753e-02]
 [-3.69308130e-01  1.43186773e-02]
 [-8.75053391e-02 -5.68837224e-02]
 [-2.97306491e-01 -4.35399761e-01]
 [ 3.78508362e-02 -2.07710631e-01]
 [ 3.72655585e-01 -1.48464547e-01]
 [ 1.86571824e-01  2.41909224e-02]
 [ 1.83959106e-02  2.13417391e-01]
 [ 8.10933363e-02 -2.15149415e-01]
 [-3.66858070e-01  6.09362604e-02]
 [ 2.22454916e-01 -1.54362318e-01]
 [-3.99863425e-02 -1.75569918e-01]
 [-1.92591373e-01  1.62314659e-01]
 [-4.98638762e-02 -1.32208293e-01]
 [-6.13553114e-01  4.31417188e-01]
 [-1.95456176e-01  1.90311316e-01]
 [ 5.45175901e-02 -5.35751208e-01]
 [-1.14017317e-01  2.77706259e-02]
 [-3.61108439e-01 -1.03417184e-01]
 [ 2.60583439e-01  2.02750326e-01]
 [-6.64084269e-01 -1.93548844e-01]
 [-2.01871003e-01  1.33870439e-01]
 [-1.26486277e-01  3.33376648e-01]
 [-1.20021045e-01  9.42337920e-02]
 [-2.16798512e-01  1.39419117e-01]
 [ 5.37579267e-02 -1.03185618e-01]]
States:
[[0.99790585 0.99999987 0.556037   0.49965773 0.51316304 0.59720744]
 [0.99828757 0.99997469 0.55159694 0.49515912 0.45681789 0.5377915 ]
 [0.99922788 0.99983219 0.53780323 0.48753354 0.39397599 0.55554441]
 ...
 [0.92973991 0.         0.24971441 0.40689357 0.         0.72096402]
 [0.88161985 0.         0.18106481 0.38694283 0.         0.74321132]
 [0.81913184 0.         0.11808374 0.36311104 0.         0.77685999]]
Logstds:
[[-3. -3.]
 [-3. -3.]
 [-3. -3.]
 [-3. -3.]
 [-3. -3.]
 [-3. -3.]
 [-3. -3.]
 [-3. -3.]
 [-3. -3.]
 [-3. -3.]
 [-3. -3.]
 [-3. -3.]
 [-3. -3.]
 [-3. -3.]
 [-3. -3.]
 [-3. -3.]
 [-3. -3.]
 [-3. -3.]
 [-3. -3.]
 [-3. -3.]
 [-3. -3.]
 [-3. -3.]
 [-3. -3.]
 [-3. -3.]
 [-3. -3.]
 [-3. -3.]
 [-3. -3.]
 [-3. -3.]
 [-3. -3.]
 [-3. -3.]
 [-3. -3.]
 [-3. -3.]
 [-3. -3.]
 [-3. -3.]
 [-3. -3.]
 [-3. -3.]
 [-3. -3.]
 [-3. -3.]
 [-3. -3.]
 [-3. -3.]
 [-3. -3.]
 [-3. -3.]
 [-3. -3.]
 [-3. -3.]
 [-3. -3.]
 [-3. -3.]
 [-3. -3.]
 [-3. -3.]
 [-3. -3.]
 [-3. -3.]
 [-3. -3.]
 [-3. -3.]
 [-3. -3.]
 [-3. -3.]
 [-3. -3.]
 [-3. -3.]
 [-3. -3.]
 [-3. -3.]
 [-3. -3.]
 [-3. -3.]
 [-3. -3.]
 [-3. -3.]
 [-3. -3.]
 [-3. -3.]
 [-3. -3.]
 [-3. -3.]
 [-3. -3.]
 [-3. -3.]
 [-3. -3.]
 [-3. -3.]
 [-3. -3.]
 [-3. -3.]
 [-3. -3.]
 [-3. -3.]
 [-3. -3.]
 [-3. -3.]
 [-3. -3.]
 [-3. -3.]
 [-3. -3.]
 [-3. -3.]
 [-3. -3.]
 [-3. -3.]
 [-3. -3.]
 [-3. -3.]
 [-3. -3.]
 [-3. -3.]
 [-3. -3.]
 [-3. -3.]
 [-3. -3.]
 [-3. -3.]
 [-3. -3.]
 [-3. -3.]
 [-3. -3.]
 [-3. -3.]
 [-3. -3.]
 [-3. -3.]
 [-3. -3.]
 [-3. -3.]
 [-3. -3.]
 [-3. -3.]
 [-3. -3.]
 [-3. -3.]
 [-3. -3.]
 [-3. -3.]
 [-3. -3.]
 [-3. -3.]
 [-3. -3.]
 [-3. -3.]
 [-3. -3.]
 [-3. -3.]
 [-3. -3.]
 [-3. -3.]
 [-3. -3.]
 [-3. -3.]
 [-3. -3.]
 [-3. -3.]
 [-3. -3.]
 [-3. -3.]
 [-3. -3.]
 [-3. -3.]
 [-3. -3.]
 [-3. -3.]
 [-3. -3.]
 [-3. -3.]
 [-3. -3.]
 [-3. -3.]
 [-3. -3.]
 [-3. -3.]
 [-3. -3.]
 [-3. -3.]
 [-3. -3.]
 [-3. -3.]
 [-3. -3.]
 [-3. -3.]
 [-3. -3.]
 [-3. -3.]
 [-3. -3.]
 [-3. -3.]
 [-3. -3.]
 [-3. -3.]
 [-3. -3.]
 [-3. -3.]
 [-3. -3.]
 [-3. -3.]
 [-3. -3.]
 [-3. -3.]
 [-3. -3.]
 [-3. -3.]
 [-3. -3.]
 [-3. -3.]
 [-3. -3.]
 [-3. -3.]
 [-3. -3.]
 [-3. -3.]
 [-3. -3.]
 [-3. -3.]
 [-3. -3.]
 [-3. -3.]
 [-3. -3.]
 [-3. -3.]
 [-3. -3.]
 [-3. -3.]
 [-3. -3.]
 [-3. -3.]
 [-3. -3.]
 [-3. -3.]
 [-3. -3.]
 [-3. -3.]
 [-3. -3.]
 [-3. -3.]
 [-3. -3.]
 [-3. -3.]
 [-3. -3.]
 [-3. -3.]
 [-3. -3.]
 [-3. -3.]
 [-3. -3.]
 [-3. -3.]
 [-3. -3.]
 [-3. -3.]
 [-3. -3.]
 [-3. -3.]
 [-3. -3.]
 [-3. -3.]
 [-3. -3.]
 [-3. -3.]
 [-3. -3.]
 [-3. -3.]
 [-3. -3.]
 [-3. -3.]
 [-3. -3.]
 [-3. -3.]
 [-3. -3.]
 [-3. -3.]
 [-3. -3.]
 [-3. -3.]
 [-3. -3.]
 [-3. -3.]
 [-3. -3.]
 [-3. -3.]]
