Baseline:
[0.48008913 0.48400924 0.4694112  0.4641267  0.46135724 0.47042766
 0.47665945 0.46207866 0.47748166 0.4653695  0.4487627  0.45264998
 0.45907736 0.46024433 0.46993566 0.45989537 0.45221943 0.4549267
 0.46457615 0.46900886 0.46951112 0.46408305 0.4599207  0.46447128
 0.46342123 0.46731538 0.46575397 0.46255207 0.46752045 0.45412123
 0.4474113  0.45857355 0.44525325 0.43523827 0.43148643 0.42006022
 0.43330222 0.4380811  0.4308622  0.42253262 0.40025783 0.4070023
 0.39615047 0.39987552 0.4120587  0.41890693 0.41507444 0.39740872
 0.41058564 0.3987499  0.3754567  0.37744638 0.38154167 0.37466186
 0.36149257 0.38720238 0.35106587 0.35034227 0.34245837 0.35354263
 0.34407592 0.33514017 0.33827004 0.33124512 0.33686474 0.33350763
 0.32884598 0.34084854 0.34448096 0.34349635 0.33769947 0.32438415
 0.3220658  0.32573935 0.3049288  0.3045336  0.28559333 0.27608898
 0.29392725 0.30641022 0.3134951  0.33063567 0.34430474 0.34760094
 0.33591616 0.3258322  0.33218506 0.3470742  0.33846572 0.33483055
 0.3521517  0.35483956 0.3565959  0.35710102 0.34437838 0.3284214
 0.31889373 0.32149267 0.32207304 0.28995335 0.2821348  0.2689551
 0.26084983 0.25658342 0.267358   0.27273148 0.2859336  0.31376454
 0.3098001  0.3193171  0.3267123  0.31340295 0.29420438 0.30053914
 0.2939791  0.2607057  0.24985473 0.27784026 0.27931568 0.2748951
 0.26993436 0.27102676 0.28139678 0.29256475 0.29897812 0.29299676
 0.27137485 0.2734072  0.28237024 0.30980924 0.30875573 0.3066026
 0.2868422  0.29532635 0.30201495 0.29802027 0.3057914  0.31664702
 0.30637753 0.2977573  0.31145376 0.29804152 0.3116614  0.2852289
 0.2750135  0.2899375  0.29519114 0.29760408 0.2765248  0.26152045
 0.24834977 0.25245643 0.2475748  0.25139418 0.24768813 0.25839418
 0.2485488  0.2370626  0.22553724 0.21953683 0.22707239 0.2428187
 0.23429802 0.25231317 0.2538404  0.2694257  0.2513293  0.25219426
 0.20654917 0.20807764 0.18845502 0.167373   0.15345664 0.14064361
 0.14728102 0.16091923 0.1520774  0.14747092 0.15241852 0.15199602
 0.16620679 0.15359539 0.1620559  0.18235156 0.19468918 0.21027574
 0.22239205 0.22762612 0.22742009 0.23141375 0.22341326 0.23007317
 0.23045813 0.23409729 0.23849916 0.22804984 0.21547508 0.21809462
 0.2128114  0.2127863  0.2127863 ]
Returns:
[ 0.46523469  0.55232123  0.4295916   0.48849276  0.50480302  0.50082827
  0.17767781  0.15424185 -0.04447744 -0.0426262  -0.12867212 -0.1527689
 -0.13863744 -0.20291064 -0.27227462 -0.27446875 -0.24895282 -0.23492752
 -0.27816529 -0.22976017 -0.17171696 -0.14646553 -0.08268292 -0.1081326
 -0.03340884 -0.03676915  0.01867903  0.04606455  0.07647545 -0.02384894
  0.01791246 -0.19615693 -0.26936325 -0.26752572 -0.23207412 -0.3017436
 -0.43238643 -0.44358263 -0.36843159 -0.29584467 -0.45363727 -0.45022017
 -0.44901225 -0.39963374 -0.52989568 -0.57290076 -0.51505778 -0.51933733
 -0.68753108 -0.84915936 -0.94032858 -0.90041316 -0.85235558 -0.77915723
 -0.80000973 -1.02528949 -1.24352137 -1.21007935 -1.1768093  -1.17423226
 -1.1215101  -1.11850633 -1.03663195 -0.98720389 -0.96295801 -0.87881393
 -0.81289405 -0.81367412 -0.77263326 -0.67288142 -0.61001771 -0.60223714
 -0.49681749 -0.39826502 -0.51781806 -0.41652319 -0.52678318 -0.4819393
 -0.42023638 -0.30976079 -0.26024647 -0.2324874  -0.21734311 -0.36219749
 -0.30990504 -0.42775278 -0.43969243 -0.5122573  -0.48480576 -0.38648423
 -0.41548048 -0.33860776 -0.2961298  -0.22554659 -0.19283162 -0.08903163
 -0.01256842  0.02876153  0.08099932 -0.07375585  0.04467865  0.07957865
  0.18169969  0.28415391  0.31889952  0.38920058  0.28253745  0.12166148
  0.04337279  0.07987679  0.11845489  0.08329522  0.0951973   0.12359037
  0.19788248 -0.24973436 -0.27336955 -0.56682185 -0.53552745 -0.48388868
 -0.44102938 -0.38006168 -0.35140991 -0.31651804 -0.29292791 -0.54654867
 -0.69233016 -0.62017734 -0.59602048 -0.83758432 -0.76072856 -0.71877469
 -0.83183742 -0.83779532 -0.89008355 -0.81206503 -0.75548865 -0.82909535
 -0.77382821 -0.76420116 -0.83189772 -0.84559535 -0.98764193 -1.11316498
 -1.04596103 -1.1431595  -1.10163192 -1.12918223 -1.11533963 -1.06522615
 -1.14241009 -1.06601689 -0.99276691 -0.89507604 -0.79206768 -0.96046238
 -0.88108758 -0.89642888 -0.84226319 -0.74010664 -0.65310083 -0.68030802
 -0.59827771 -0.63477067 -0.53929464 -0.60119815 -0.59846654 -0.68279821
 -0.91044433 -0.86943044 -0.83328412 -0.81286651 -0.7703517  -0.77974977
 -0.7376048  -0.81471547 -0.76926102 -0.72228848 -0.6744155  -0.60764147
 -0.54259753 -0.74352415 -0.68514393 -0.74684299 -0.72009853 -0.67951533
 -0.65650202 -0.60912755 -0.54544627 -0.52833955 -0.46943073 -0.44755546
 -0.35166054 -0.32225259 -0.24482648 -0.16871858 -0.15898354 -0.15999184
 -0.12698975 -0.01568577]
Advants:
[ 0.12498139  0.22217279  0.1259166   0.20497445  0.2407834   0.2454891
 -0.07481724 -0.07409718 -0.28445089 -0.26596601 -0.3326461  -0.35850156
 -0.34824932 -0.41294816 -0.49364405 -0.48733552 -0.45478572 -0.44381439
 -0.49871354 -0.4555645  -0.39713744 -0.36454748 -0.29242794 -0.31882581
 -0.23679923 -0.23749264 -0.17159988 -0.13042656 -0.09270948 -0.16900291
 -0.10749498 -0.3255454  -0.37949061 -0.36082462 -0.31301482 -0.36371991
 -0.50387448 -0.51629556 -0.42752135 -0.33715247 -0.46660397 -0.46345111
 -0.44398617 -0.38888469 -0.52548247 -0.57053216 -0.50173636 -0.48020935
 -0.65835507 -0.80928067 -0.88048554 -0.84499927 -0.80232459 -0.72116711
 -0.72791665 -0.98565558 -1.18070709 -1.15954464 -1.13122876 -1.1539308
 -1.10522259 -1.10754285 -1.04183749 -0.99778846 -0.99204673 -0.91582144
 -0.85529345 -0.87938138 -0.85308437 -0.76129033 -0.70021038 -0.68668848
 -0.58383755 -0.49132763 -0.59569482 -0.49696352 -0.59431842 -0.54483859
 -0.50490045 -0.40813813 -0.36573151 -0.35480938 -0.35295905 -0.50528453
 -0.44385918 -0.55772511 -0.5832054  -0.68116424 -0.65538864 -0.56143917
 -0.61787838 -0.55238325 -0.51983217 -0.45645328 -0.41688027 -0.29978367
 -0.21402025 -0.17433825 -0.12005116 -0.2436258  -0.11448718 -0.0617891
  0.05685809  0.17601757  0.21422844  0.29661702  0.19199302  0.01398946
 -0.05101836 -0.01308667  0.0309377   0.02234701  0.06879871  0.10819801
  0.21036894 -0.19365435 -0.19563466 -0.51528955 -0.48261358 -0.42172005
 -0.36717505 -0.29815011 -0.26937384 -0.23352774 -0.20266487 -0.4431112
 -0.56330496 -0.48671215 -0.46402474 -0.73321529 -0.65310017 -0.60523528
 -0.69734523 -0.71093997 -0.77082133 -0.68725326 -0.63525122 -0.71885666
 -0.65036326 -0.62834297 -0.70815889 -0.70674166 -0.86537487 -0.97074958
 -0.89775529 -1.01814745 -0.98972583 -1.02913703 -1.00338787 -0.94621021
 -1.02081981 -0.95779663 -0.88730109 -0.79881289 -0.69463992 -0.88203779
 -0.79906217 -0.80981301 -0.74957345 -0.6439873  -0.56484903 -0.60949125
 -0.5179723  -0.57311579 -0.47695088 -0.55443137 -0.53295017 -0.62007289
 -0.80979299 -0.77746301 -0.72773425 -0.69150585 -0.63904967 -0.63984269
 -0.6078034  -0.70512269 -0.65627726 -0.60901819 -0.56945319 -0.50382504
 -0.4531217  -0.64740201 -0.60241162 -0.69229151 -0.68599596 -0.6690285
 -0.66650765 -0.63215361 -0.57474009 -0.56824673 -0.50645167 -0.49631564
 -0.4033638  -0.3795741  -0.30643903 -0.21708454 -0.19104915 -0.19074625
 -0.14701125 -0.02632509]
Mus:
[[-2.69758366e-02 -1.16297379e-02]
 [-2.66183037e-02 -1.15960157e-02]
 [-2.80274749e-02 -1.15883434e-02]
 [-2.84807943e-02 -1.22793075e-02]
 [-2.78003104e-02 -1.27923433e-02]
 [-2.69515701e-02 -1.30125573e-02]
 [-2.62018852e-02 -1.17642172e-02]
 [-2.65370291e-02 -1.19489143e-02]
 [-2.58287694e-02 -1.13274828e-02]
 [-2.68386044e-02 -1.17765656e-02]
 [-2.70935856e-02 -1.19712958e-02]
 [-2.70397533e-02 -1.18593797e-02]
 [-2.68170442e-02 -1.20251784e-02]
 [-2.63267495e-02 -1.26680443e-02]
 [-2.52870843e-02 -1.28129665e-02]
 [-2.43484247e-02 -1.26777394e-02]
 [-2.26496384e-02 -1.20943775e-02]
 [-2.09430773e-02 -1.12760346e-02]
 [-1.94223691e-02 -1.08190663e-02]
 [-1.80783048e-02 -1.03027644e-02]
 [-1.68652013e-02 -9.95859317e-03]
 [-1.55842649e-02 -9.31650773e-03]
 [-1.39179472e-02 -8.70232657e-03]
 [-1.26337707e-02 -8.11249297e-03]
 [-1.13548627e-02 -7.62544712e-03]
 [-1.00221867e-02 -6.98216818e-03]
 [-9.30712279e-03 -6.64100423e-03]
 [-8.52124207e-03 -6.03796309e-03]
 [-7.55695300e-03 -5.78560820e-03]
 [-6.44825911e-03 -5.75483870e-03]
 [-4.38336004e-03 -5.26526384e-03]
 [-3.26401484e-03 -4.45367955e-03]
 [-2.19216407e-03 -3.77129065e-03]
 [-1.00926822e-03 -3.08680185e-03]
 [ 1.27005309e-03 -2.81887315e-03]
 [ 4.23825718e-03 -2.42029177e-03]
 [ 6.01141853e-03 -1.96879730e-03]
 [ 7.27127632e-03 -1.18515431e-03]
 [ 9.14403144e-03 -3.62665334e-04]
 [ 1.09271547e-02  3.26557492e-04]
 [ 1.30224666e-02  1.72299799e-03]
 [ 1.33748930e-02  1.82218314e-03]
 [ 1.51125612e-02  2.24545156e-03]
 [ 1.51732257e-02  2.20041722e-03]
 [ 1.41646126e-02  2.00359547e-03]
 [ 1.40375774e-02  1.25794776e-03]
 [ 1.47434650e-02  2.11242167e-03]
 [ 1.49935242e-02  2.27104593e-03]
 [ 1.53314834e-02  3.14801559e-03]
 [ 1.40579548e-02  1.70224032e-03]
 [ 1.58389639e-02  3.48286098e-03]
 [ 1.72145534e-02  4.50798590e-03]
 [ 1.66628677e-02  3.90169281e-03]
 [ 1.62358582e-02  3.62021290e-03]
 [ 1.38353491e-02  2.32709548e-03]
 [ 1.47525426e-02  2.27015303e-03]
 [ 1.50524722e-02  3.35126417e-03]
 [ 1.74187701e-02  4.77640145e-03]
 [ 1.93306040e-02  6.04899693e-03]
 [ 2.10042465e-02  6.64192811e-03]
 [ 2.19208281e-02  7.26721250e-03]
 [ 2.03269590e-02  6.38422975e-03]
 [ 2.12523378e-02  6.75272616e-03]
 [ 2.20738519e-02  7.49616651e-03]
 [ 2.44271271e-02  8.85812938e-03]
 [ 2.42686719e-02  8.82688537e-03]
 [ 2.31255982e-02  8.22642446e-03]
 [ 2.55070608e-02  9.35355294e-03]
 [ 2.51068603e-02  8.64018872e-03]
 [ 2.59494595e-02  8.98779370e-03]
 [ 2.76457425e-02  1.01813721e-02]
 [ 2.82883942e-02  1.10567482e-02]
 [ 2.79297531e-02  1.06943687e-02]
 [ 2.83045843e-02  1.06178289e-02]
 [ 2.64805872e-02  9.91742499e-03]
 [ 2.57521532e-02  9.39367432e-03]
 [ 2.37143580e-02  8.61086231e-03]
 [ 2.26872098e-02  8.35860986e-03]
 [ 2.36200355e-02  9.08835419e-03]
 [ 2.39158589e-02  9.36612953e-03]
 [ 2.52910405e-02  1.05780158e-02]
 [ 2.51157172e-02  1.00286296e-02]
 [ 2.51607709e-02  9.62630194e-03]
 [ 2.83026937e-02  1.18747866e-02]
 [ 2.88361795e-02  1.24143371e-02]
 [ 2.65589245e-02  1.06240911e-02]
 [ 2.87992433e-02  1.22014750e-02]
 [ 3.00774537e-02  1.30651165e-02]
 [ 3.08181066e-02  1.40158115e-02]
 [ 3.08313258e-02  1.42812030e-02]
 [ 3.07530612e-02  1.40578197e-02]
 [ 3.07993516e-02  1.44116906e-02]
 [ 3.06035317e-02  1.35856625e-02]
 [ 3.01761664e-02  1.29127689e-02]
 [ 2.90451590e-02  1.14982091e-02]
 [ 2.80412640e-02  1.09726004e-02]
 [ 2.74184663e-02  1.13244765e-02]
 [ 2.71842796e-02  1.14281792e-02]
 [ 2.65037473e-02  1.13221817e-02]
 [ 2.43108068e-02  9.87074338e-03]
 [ 2.24863831e-02  9.12000425e-03]
 [ 1.97107922e-02  7.73465727e-03]
 [ 1.76363997e-02  7.02043390e-03]
 [ 1.54754305e-02  6.04310073e-03]
 [ 1.45506738e-02  6.33217255e-03]
 [ 1.31059689e-02  6.31679408e-03]
 [ 1.11956922e-02  4.13050642e-03]
 [ 1.02867018e-02  3.23969428e-03]
 [ 8.48629419e-03  3.60327074e-03]
 [ 6.18763454e-03  2.72917515e-03]
 [ 3.63937556e-03  1.11962366e-03]
 [-1.01655535e-03 -1.20543328e-03]
 [-3.94353317e-03 -1.96758728e-03]
 [-5.78066753e-03 -2.88802409e-03]
 [-8.13524146e-03 -4.09336016e-03]
 [-9.04270541e-03 -2.93222698e-03]
 [-9.35474411e-03 -2.61393772e-03]
 [-1.16740288e-02 -3.61514627e-03]
 [-1.29642366e-02 -4.35606763e-03]
 [-1.37377894e-02 -4.36731568e-03]
 [-1.42142652e-02 -4.11500549e-03]
 [-1.49128484e-02 -4.05221945e-03]
 [-1.65600330e-02 -4.76810476e-03]
 [-1.80643257e-02 -5.42523293e-03]
 [-2.00456046e-02 -6.48633623e-03]
 [-1.74465179e-02 -4.52978397e-03]
 [-1.75042059e-02 -4.01787646e-03]
 [-1.72666684e-02 -3.64502659e-03]
 [-1.56391896e-02 -2.67878966e-03]
 [-1.64321307e-02 -3.74140358e-03]
 [-1.56520493e-02 -3.42287379e-03]
 [-1.60266012e-02 -3.79018812e-03]
 [-1.73215587e-02 -4.33275010e-03]
 [-1.51013285e-02 -3.29504977e-03]
 [-1.14306426e-02 -1.48909318e-03]
 [-1.04371281e-02 -1.09715341e-03]
 [-8.48545320e-03 -4.56763344e-04]
 [-3.18843662e-03  1.95845123e-03]
 [-7.51674001e-04  3.00901593e-03]
 [ 2.73289206e-03  4.74208454e-03]
 [ 5.48481382e-03  5.05891442e-03]
 [ 6.37591910e-03  4.85368958e-03]
 [ 7.62638450e-03  4.67569754e-03]
 [ 1.01497062e-02  6.01456175e-03]
 [ 1.12999277e-02  6.28902018e-03]
 [ 1.26262028e-02  6.36684475e-03]
 [ 1.48026645e-02  7.15245493e-03]
 [ 1.85885858e-02  9.13324952e-03]
 [ 2.04974655e-02  9.72840097e-03]
 [ 2.15156991e-02  9.81200207e-03]
 [ 1.98618770e-02  8.40613432e-03]
 [ 2.15153378e-02  9.23703797e-03]
 [ 2.30158605e-02  9.98581015e-03]
 [ 2.43894216e-02  1.05585810e-02]
 [ 2.47986969e-02  1.04893222e-02]
 [ 2.28777844e-02  8.78957845e-03]
 [ 2.34724898e-02  9.07930825e-03]
 [ 2.57861670e-02  1.06053064e-02]
 [ 2.72562169e-02  1.19197257e-02]
 [ 2.79264245e-02  1.21933417e-02]
 [ 2.94047166e-02  1.29495356e-02]
 [ 3.15027498e-02  1.43573685e-02]
 [ 3.18701379e-02  1.46253295e-02]
 [ 3.36254910e-02  1.53812943e-02]
 [ 3.44747752e-02  1.59007963e-02]
 [ 3.57849039e-02  1.62777212e-02]
 [ 3.45268250e-02  1.49980616e-02]
 [ 3.37131917e-02  1.52318869e-02]
 [ 3.03771179e-02  1.34719238e-02]
 [ 2.93091200e-02  1.34500293e-02]
 [ 2.66487002e-02  1.20528480e-02]
 [ 2.44528912e-02  1.13488939e-02]
 [ 2.25660838e-02  1.04846684e-02]
 [ 2.04314925e-02  9.07532498e-03]
 [ 1.98529270e-02  8.98515061e-03]
 [ 1.75814237e-02  6.93301205e-03]
 [ 1.59197543e-02  6.39250409e-03]
 [ 1.45687787e-02  5.97381964e-03]
 [ 1.37563534e-02  6.10056706e-03]
 [ 1.26502831e-02  5.65470289e-03]
 [ 1.15846852e-02  4.86644870e-03]
 [ 9.33841802e-03  4.88526653e-03]
 [ 8.06337781e-03  4.78905905e-03]
 [ 8.06398597e-03  3.80998128e-03]
 [ 7.78984930e-03  3.21574439e-03]
 [ 7.17385113e-03  2.74127652e-03]
 [ 6.50687236e-03  1.85389118e-03]
 [ 5.79217076e-03  1.07538921e-03]
 [ 5.40609658e-03  5.71402546e-04]
 [ 5.19862585e-03 -1.94289474e-04]
 [ 5.49003016e-03 -1.55391157e-04]
 [ 5.47619397e-03 -5.91542397e-04]
 [ 5.74219879e-03 -5.75219106e-04]
 [ 6.51553087e-03  2.24952557e-04]
 [ 6.20306795e-03 -1.38947260e-04]
 [ 6.24016859e-03  5.47238087e-05]
 [ 6.07932452e-03 -3.32323776e-04]
 [ 7.08415033e-03  8.36261956e-04]
 [ 7.43030664e-03  1.56456756e-03]
 [ 7.29052210e-03  1.46172009e-03]]
Actions:
[[ 4.26935790e-02  1.12691397e-01]
 [-9.65762959e-02 -4.34940269e-01]
 [-2.61278808e-01  6.06675233e-02]
 [-3.11479366e-01  2.01081139e-01]
 [-2.38313163e-02  3.44719136e-01]
 [ 4.80635244e-01 -3.14705387e-01]
 [-2.87800642e-01 -2.23913088e-01]
 [ 4.41602738e-01  1.06894321e-01]
 [-2.22358801e-01 -1.80763697e-01]
 [-3.31112494e-01 -2.74135593e-01]
 [ 2.06601342e-01  1.32734998e-02]
 [ 9.16271984e-02  1.66766722e-01]
 [-2.49868568e-01  3.34275038e-01]
 [-7.01191730e-03  3.93184854e-01]
 [-3.29530634e-01 -9.90927398e-02]
 [-1.88972165e-01 -1.42857532e-01]
 [ 1.50898687e-01 -3.40167501e-02]
 [ 1.66590230e-01  2.36182402e-01]
 [ 9.64986558e-02  8.34852696e-02]
 [-3.92539271e-02  7.84799087e-02]
 [-1.39633530e-01 -1.88196229e-01]
 [-1.28219677e-01 -8.86037555e-02]
 [ 2.40388147e-01  1.24195692e-01]
 [-3.80712493e-02 -1.44480387e-02]
 [ 2.14458756e-01  9.20779402e-02]
 [-6.66767734e-02 -8.09196723e-02]
 [ 1.88128894e-02 -1.89769887e-01]
 [ 9.83888194e-02  1.78460726e-01]
 [-4.60563527e-01 -8.99764824e-02]
 [-2.27379749e-01 -7.83011328e-03]
 [ 4.62041434e-01  1.43092882e-01]
 [-2.07783924e-01 -3.28410810e-01]
 [-1.12242823e-01 -2.23551592e-01]
 [-2.25928687e-01  1.34718851e-01]
 [-3.94603512e-01  1.02486664e-01]
 [ 2.19375359e-01  3.79059461e-01]
 [ 2.05745123e-01  8.22822023e-02]
 [-8.40637663e-02 -5.38112656e-02]
 [-1.40300405e-01 -3.68579165e-02]
 [-2.25733573e-01 -4.11715121e-01]
 [ 1.51850429e-01  2.10116699e-01]
 [-3.00155654e-01 -2.82612877e-02]
 [ 7.89656680e-02  1.97545890e-01]
 [ 3.81210151e-01  2.93581225e-01]
 [-9.62253112e-02  3.66264981e-01]
 [ 2.07443809e-01 -3.75952844e-02]
 [-2.65127149e-01 -1.45469858e-01]
 [ 5.04756669e-01  1.33181523e-01]
 [-4.62169085e-01  1.45893748e-01]
 [ 6.45947004e-02 -3.89794437e-01]
 [ 2.19406826e-01 -8.50016148e-03]
 [-3.80180868e-02  2.01045017e-01]
 [-1.09690155e-01  3.75990420e-02]
 [-3.16772520e-01  6.17319786e-02]
 [ 2.98851797e-01  4.85604483e-01]
 [-1.69013469e-01 -4.91427728e-01]
 [ 2.03436108e-01 -6.65511439e-02]
 [ 4.65872886e-02 -1.92820395e-01]
 [ 2.23669481e-01  1.93527672e-01]
 [-3.37253290e-02 -1.38543343e-01]
 [-2.60911538e-01 -2.46379942e-02]
 [ 7.37706048e-02  6.25588049e-02]
 [-2.26419091e-02 -1.76740877e-01]
 [ 2.71969338e-01 -4.32152366e-02]
 [-4.67096102e-02 -3.33074091e-02]
 [-1.57552422e-01 -4.93420465e-04]
 [ 3.21350873e-01  1.06039688e-01]
 [-2.62070433e-02  2.55228260e-01]
 [ 9.48719768e-02  5.76441095e-02]
 [ 1.56555572e-01 -1.52445934e-01]
 [-5.26559373e-03 -2.96969480e-01]
 [-6.60214807e-02  5.29843177e-02]
 [ 6.52484306e-02  1.52192413e-01]
 [-3.67170758e-01 -2.65614262e-01]
 [-1.05785447e-01  5.06408509e-02]
 [-3.87120477e-01 -2.19565374e-01]
 [-1.93018765e-01 -1.57215137e-01]
 [ 2.67266824e-01  2.69143372e-02]
 [ 1.47943924e-01  4.04226629e-02]
 [ 2.56150816e-01 -1.33989418e-01]
 [ 1.01283537e-01  3.18476838e-01]
 [ 1.47016216e-01  3.29153641e-01]
 [ 4.95277621e-01 -1.76534286e-01]
 [-5.73343705e-02 -2.33101388e-01]
 [-4.48256879e-01  1.08452334e-01]
 [ 3.62972144e-01 -9.89964068e-02]
 [ 4.35034100e-01  1.31118642e-01]
 [ 1.09805277e-01 -2.55710154e-01]
 [ 5.64266169e-02 -9.88225023e-02]
 [ 2.71782712e-01  2.98410913e-01]
 [ 2.17306580e-01  5.24856349e-03]
 [ 2.31663531e-03  2.81581150e-01]
 [ 5.87257211e-02  2.29096662e-01]
 [-1.86663765e-01  2.14348948e-01]
 [-9.10894625e-02 -5.71235933e-02]
 [ 1.47074477e-01 -1.77789853e-01]
 [ 3.08831518e-01  7.95788920e-02]
 [ 2.95899307e-01  4.57102855e-02]
 [-4.45342366e-01 -2.11141658e-01]
 [ 1.91929721e-02 -5.59730237e-02]
 [-2.52622516e-01 -1.03100827e-01]
 [-6.71237706e-02 -1.31557952e-01]
 [-1.37646056e-01 -7.49066836e-02]
 [ 3.03790732e-01 -1.16335221e-01]
 [ 1.71305825e-01 -1.77931181e-01]
 [-2.26235431e-01  4.06858722e-01]
 [ 3.27612954e-01  4.12096225e-01]
 [ 3.20620278e-01 -2.87451817e-01]
 [ 2.15683591e-01  1.05267851e-01]
 [-2.32052514e-02  2.25459643e-01]
 [-3.56862271e-01 -1.16494633e-02]
 [-1.32841460e-01 -2.60368332e-01]
 [ 1.22518144e-01  2.19166063e-01]
 [-1.71285578e-01  5.81228099e-02]
 [ 4.41570854e-02 -7.26505300e-01]
 [-8.19924584e-02 -2.99341053e-01]
 [ 4.14243792e-01  4.12546515e-01]
 [-1.64282378e-01  6.98876635e-02]
 [-8.56736155e-03 -1.08189460e-01]
 [ 5.38265060e-02 -1.47214762e-01]
 [ 6.10070858e-02 -6.18382671e-02]
 [ 2.12975166e-02  2.06079393e-01]
 [ 3.44884085e-02  2.03256733e-01]
 [-1.59423819e-01  2.25372771e-01]
 [ 5.22704248e-01 -1.79499788e-01]
 [-2.70384279e-01 -3.90647417e-01]
 [-3.50454652e-02 -8.15497259e-02]
 [ 2.18146292e-01  2.98920859e-02]
 [-1.14251417e-01  5.56160096e-01]
 [-6.36187544e-02  5.58417726e-02]
 [-1.72248751e-01  1.40077139e-01]
 [-4.15158217e-01 -1.96012478e-01]
 [ 2.63557220e-01  9.48127562e-02]
 [ 3.50131556e-01  1.79929594e-02]
 [-8.91786135e-02 -1.66291877e-02]
 [ 8.32365707e-02  1.58891969e-01]
 [ 3.89671852e-01 -2.07012026e-02]
 [-6.38242908e-02 -1.67762347e-01]
 [ 7.64419289e-02 -2.64010865e-01]
 [-1.00906024e-01  3.87915398e-01]
 [-3.19148843e-01  3.77371232e-02]
 [ 2.39600440e-02  4.82752205e-01]
 [-1.29805467e-01 -4.26329184e-01]
 [-1.27816116e-01 -2.30881790e-02]
 [ 1.29804796e-01  4.14451668e-01]
 [ 1.61085770e-01  1.63804074e-01]
 [ 3.17630417e-01 -1.45348886e-01]
 [-1.85063712e-01 -1.75938995e-01]
 [-1.86544245e-01 -4.27307560e-02]
 [-3.60897895e-01  1.64485576e-01]
 [ 1.60639504e-01 -4.44474306e-02]
 [ 5.57140027e-02 -1.51370459e-01]
 [ 1.12865134e-01  1.10296691e-02]
 [-6.46430609e-02  3.30318134e-02]
 [-1.33258225e-01  5.05167648e-01]
 [-5.34961185e-02 -1.42254604e-01]
 [ 1.31679087e-01 -3.20795746e-01]
 [ 1.39582224e-01 -1.89297237e-01]
 [-3.44557702e-02 -7.35431179e-02]
 [ 2.02888204e-01  2.31056200e-02]
 [ 4.01552490e-01 -2.93059197e-02]
 [-7.75692638e-03 -1.71403744e-01]
 [ 3.58293035e-01  2.25049793e-01]
 [ 1.80436335e-01 -1.96492396e-02]
 [ 3.44658256e-01  2.96734692e-01]
 [-2.90359996e-01  7.83268899e-02]
 [ 2.83986674e-01  3.82372808e-01]
 [-4.84066315e-01 -2.14148575e-01]
 [ 2.50242228e-01 -3.86484647e-02]
 [-1.77866565e-01 -9.91679918e-02]
 [-3.81154671e-02 -2.44820260e-01]
 [-1.02812424e-01 -1.64108120e-01]
 [-2.77232440e-01 -6.72938872e-02]
 [ 2.35866367e-01  6.07680887e-02]
 [-1.71925610e-01  3.60254034e-01]
 [-6.88005289e-02 -1.79149390e-01]
 [-7.56804575e-02 -1.75291236e-01]
 [ 1.89919687e-01 -9.52841854e-02]
 [-8.56021735e-02 -1.09028166e-01]
 [ 2.74909039e-02  1.62915725e-01]
 [-1.08636527e-01 -5.13767435e-01]
 [ 3.66904923e-02 -1.35222443e-01]
 [-2.37387474e-01  2.58832831e-01]
 [-1.97910643e-01  8.20825648e-02]
 [ 8.56744053e-02  1.57803486e-01]
 [-1.22999103e-01  1.80101137e-01]
 [-1.28105876e-01  1.39952175e-01]
 [-1.42218558e-01  7.18517019e-02]
 [-9.02592526e-02  2.55204433e-01]
 [-1.78445708e-01 -6.98172217e-02]
 [ 7.65179355e-02  2.66785751e-01]
 [ 6.16812789e-02  8.61157024e-02]
 [ 2.72817348e-01 -7.93839675e-02]
 [ 7.31645651e-02  1.67936209e-01]
 [-9.18355889e-02 -1.66105627e-01]
 [-3.11201650e-01 -4.15045338e-02]
 [ 2.79166794e-01 -2.00366790e-01]
 [-2.79629508e-02 -2.81753115e-01]
 [-8.28841021e-02 -2.01879368e-02]
 [ 2.39902203e-01  2.21315465e-01]]
States:
[[0.99948246 0.99925217 0.48644921 0.47368953 0.51350893 0.59731752]
 [0.99952209 0.99937502 0.48735159 0.47594625 0.52444146 0.62684224]
 [0.99951312 0.99913784 0.48714425 0.47175128 0.4994962  0.5122844 ]
 ...
 [0.54119782 0.14340701 0.00193784 0.90478496 0.52104808 0.58816807]
 [0.5418349  0.14950586 0.00199475 0.90882211 0.51372094 0.51451056]
 [0.54025908 0.16087452 0.0018555  0.91603837 0.49244193 0.51085773]]
Logstds:
[[-3. -3.]
 [-3. -3.]
 [-3. -3.]
 [-3. -3.]
 [-3. -3.]
 [-3. -3.]
 [-3. -3.]
 [-3. -3.]
 [-3. -3.]
 [-3. -3.]
 [-3. -3.]
 [-3. -3.]
 [-3. -3.]
 [-3. -3.]
 [-3. -3.]
 [-3. -3.]
 [-3. -3.]
 [-3. -3.]
 [-3. -3.]
 [-3. -3.]
 [-3. -3.]
 [-3. -3.]
 [-3. -3.]
 [-3. -3.]
 [-3. -3.]
 [-3. -3.]
 [-3. -3.]
 [-3. -3.]
 [-3. -3.]
 [-3. -3.]
 [-3. -3.]
 [-3. -3.]
 [-3. -3.]
 [-3. -3.]
 [-3. -3.]
 [-3. -3.]
 [-3. -3.]
 [-3. -3.]
 [-3. -3.]
 [-3. -3.]
 [-3. -3.]
 [-3. -3.]
 [-3. -3.]
 [-3. -3.]
 [-3. -3.]
 [-3. -3.]
 [-3. -3.]
 [-3. -3.]
 [-3. -3.]
 [-3. -3.]
 [-3. -3.]
 [-3. -3.]
 [-3. -3.]
 [-3. -3.]
 [-3. -3.]
 [-3. -3.]
 [-3. -3.]
 [-3. -3.]
 [-3. -3.]
 [-3. -3.]
 [-3. -3.]
 [-3. -3.]
 [-3. -3.]
 [-3. -3.]
 [-3. -3.]
 [-3. -3.]
 [-3. -3.]
 [-3. -3.]
 [-3. -3.]
 [-3. -3.]
 [-3. -3.]
 [-3. -3.]
 [-3. -3.]
 [-3. -3.]
 [-3. -3.]
 [-3. -3.]
 [-3. -3.]
 [-3. -3.]
 [-3. -3.]
 [-3. -3.]
 [-3. -3.]
 [-3. -3.]
 [-3. -3.]
 [-3. -3.]
 [-3. -3.]
 [-3. -3.]
 [-3. -3.]
 [-3. -3.]
 [-3. -3.]
 [-3. -3.]
 [-3. -3.]
 [-3. -3.]
 [-3. -3.]
 [-3. -3.]
 [-3. -3.]
 [-3. -3.]
 [-3. -3.]
 [-3. -3.]
 [-3. -3.]
 [-3. -3.]
 [-3. -3.]
 [-3. -3.]
 [-3. -3.]
 [-3. -3.]
 [-3. -3.]
 [-3. -3.]
 [-3. -3.]
 [-3. -3.]
 [-3. -3.]
 [-3. -3.]
 [-3. -3.]
 [-3. -3.]
 [-3. -3.]
 [-3. -3.]
 [-3. -3.]
 [-3. -3.]
 [-3. -3.]
 [-3. -3.]
 [-3. -3.]
 [-3. -3.]
 [-3. -3.]
 [-3. -3.]
 [-3. -3.]
 [-3. -3.]
 [-3. -3.]
 [-3. -3.]
 [-3. -3.]
 [-3. -3.]
 [-3. -3.]
 [-3. -3.]
 [-3. -3.]
 [-3. -3.]
 [-3. -3.]
 [-3. -3.]
 [-3. -3.]
 [-3. -3.]
 [-3. -3.]
 [-3. -3.]
 [-3. -3.]
 [-3. -3.]
 [-3. -3.]
 [-3. -3.]
 [-3. -3.]
 [-3. -3.]
 [-3. -3.]
 [-3. -3.]
 [-3. -3.]
 [-3. -3.]
 [-3. -3.]
 [-3. -3.]
 [-3. -3.]
 [-3. -3.]
 [-3. -3.]
 [-3. -3.]
 [-3. -3.]
 [-3. -3.]
 [-3. -3.]
 [-3. -3.]
 [-3. -3.]
 [-3. -3.]
 [-3. -3.]
 [-3. -3.]
 [-3. -3.]
 [-3. -3.]
 [-3. -3.]
 [-3. -3.]
 [-3. -3.]
 [-3. -3.]
 [-3. -3.]
 [-3. -3.]
 [-3. -3.]
 [-3. -3.]
 [-3. -3.]
 [-3. -3.]
 [-3. -3.]
 [-3. -3.]
 [-3. -3.]
 [-3. -3.]
 [-3. -3.]
 [-3. -3.]
 [-3. -3.]
 [-3. -3.]
 [-3. -3.]
 [-3. -3.]
 [-3. -3.]
 [-3. -3.]
 [-3. -3.]
 [-3. -3.]
 [-3. -3.]
 [-3. -3.]
 [-3. -3.]
 [-3. -3.]
 [-3. -3.]
 [-3. -3.]
 [-3. -3.]
 [-3. -3.]
 [-3. -3.]
 [-3. -3.]
 [-3. -3.]
 [-3. -3.]]
