Baseline:
[1.276016   1.2754716  1.2598534  1.259952   1.2518363  1.2216059
 1.2304349  1.236664   1.2280264  1.2352744  1.2391877  1.2145681
 1.2160333  1.2172408  1.2362477  1.2595882  1.2382642  1.2787449
 1.2793038  1.2678673  1.273896   1.2872355  1.285301   1.2675371
 1.2563717  1.2591943  1.2653916  1.2695038  1.2741973  1.2484246
 1.248188   1.2614588  1.2802548  1.2745979  1.2883234  1.2611051
 1.2596703  1.2640102  1.2614994  1.2508044  1.2423809  1.2234116
 1.2387758  1.2298464  1.242789   1.2452142  1.2394772  1.2500116
 1.2362134  1.2354736  1.2469515  1.2240626  1.1982965  1.2247112
 1.2105037  1.2114048  1.2034522  1.1851158  1.184605   1.1401105
 1.1272064  1.1151956  1.1024736  1.0913963  1.0761625  1.0466921
 1.032862   1.0045635  0.983813   0.9820472  0.9661231  0.9505007
 1.0274885  1.0271236  1.0320499  1.033165   1.0486343  1.0315242
 1.0221932  1.0232568  1.0092726  1.0003326  1.0261335  0.9982525
 1.0186632  1.0289788  1.0515827  1.0701891  1.0723002  1.1057211
 1.1018884  1.096459   1.0916854  1.0917019  1.0890466  1.0792749
 1.0945741  1.0931008  1.0914512  1.0841305  1.0877483  1.0974026
 1.0904542  1.0824767  1.0762162  1.083361   1.0720433  1.0610654
 1.0617914  1.0527079  1.0587919  1.0410235  1.0421745  1.045991
 1.051965   1.0417461  1.0550828  1.0579112  1.038569   1.0587857
 1.046618   1.0422884  1.0346302  1.0283093  1.0148933  1.0314386
 1.0395552  1.0391855  1.0383077  1.0279834  1.0190665  1.0208235
 1.0175437  1.0203886  1.0272288  1.0186102  1.0253367  1.0384336
 1.0391673  1.0262508  1.0194218  1.0308537  1.025917   1.0050339
 1.0101048  1.0143597  1.0174301  1.0156398  1.0208654  1.001057
 0.9979717  0.9791963  0.9912646  0.9921442  1.0045981  0.9972443
 1.0021456  1.0021869  0.99796724 1.0074826  1.0057857  0.99664754
 0.9980854  1.0257151  1.0446274  1.0620067  1.0798652  1.111161
 1.1067989  1.1277448  1.1538746  1.1696305  1.1895444  1.2060803
 1.22366    1.2407105  1.2303443  1.2525674  1.2564158  1.2836213
 1.3246886  1.3615675  1.3726194  1.3795931  1.3983753  1.4013644
 1.3998907  1.4080675  1.402952   1.3917048  1.375      1.3546519
 1.3318608  1.3278486  1.3046248  1.275795   1.2387642  1.1935583
 1.1628098  1.1355779  1.1355779 ]
Returns:
[4.72643632 4.81231502 4.72950694 4.59009324 4.56316043 4.39624355
 4.41153674 4.4294569  4.52228459 4.50392807 4.56851226 4.57037557
 4.6429131  4.76173212 4.74502339 4.72432647 4.44880044 4.1288751
 4.17563981 4.24044201 4.32709974 4.36672885 3.86946861 3.87244939
 3.88630374 3.88422058 3.80310194 3.85303972 3.92102259 3.72881129
 3.78806958 3.65349704 3.62039681 3.68172007 3.72188975 3.56815321
 3.59435885 3.62769628 3.7078722  3.76462345 3.78908479 3.80167443
 3.66246569 3.70711666 3.68397888 3.6758217  3.74439444 3.76404755
 3.60075171 3.64107459 3.6749612  3.68684975 3.61659053 3.37271606
 3.37474323 3.44852135 3.46652235 3.44287444 3.4139384  2.91191842
 2.82075979 2.85552962 2.67189786 2.53166258 2.62446366 2.46305991
 2.43422013 2.41819632 2.4650511  2.48871959 2.4629582  2.33985108
 2.39933529 2.1102588  2.18368918 2.2163563  2.21275273 2.23379311
 2.31848776 2.39621695 2.39640279 2.41232814 2.31079888 2.03602225
 1.82281112 1.80350153 1.41868231 1.40505989 1.45809753 1.16897427
 1.21585431 1.21782418 1.25248321 1.25435524 1.30357471 1.3008912
 1.21126706 1.27250516 1.31506693 1.31363674 1.25705797 1.17621057
 1.18414432 1.14368802 1.18329029 1.15383075 1.17920817 1.18390521
 1.1489383  1.18084512 1.17918091 1.15387158 1.22029868 1.29658056
 1.35340741 1.37630679 1.3956051  1.48461073 1.48460757 1.3445888
 1.29282915 1.37548772 1.4331685  1.53642318 1.56434534 1.19018627
 1.28376153 1.3725089  1.41584844 1.20960418 1.21464834 1.26207211
 1.24114489 1.30546782 1.31644187 1.26209279 1.3031705  1.27428545
 1.35233705 1.40713219 1.47059677 1.45909987 1.5531088  1.48429995
 1.53475823 1.59551993 1.70409607 1.82061132 1.88200761 1.81603113
 1.93113845 1.62175724 1.69693153 1.76996995 1.81453267 1.89897992
 1.92054631 2.00925942 2.03724496 2.12826351 2.12957519 2.16671148
 2.21053645 2.18211478 2.2568314  2.30346848 2.3385056  2.3649355
 2.25981799 2.27056293 2.40798139 2.51683103 2.6603378  2.80500838
 2.87587012 2.95604826 2.90469384 2.89838051 2.99951565 2.9635558
 2.61643508 2.26721215 2.23099187 2.27418106 2.16429653 2.18905502
 2.20511705 2.15936812 2.16428182 2.08781301 1.7428723  1.72725596
 1.71450642 1.01578691 0.84579721 0.79539108 0.76961718 0.29203124
 0.23307896 0.08011564]
Advants:
[ 2.30623619e+00  2.40457639e+00  2.34824082e+00  2.21619264e+00
  2.20489337e+00  2.07213794e+00  2.08306790e+00  2.09996666e+00
  2.21022161e+00  2.19336344e+00  2.26540225e+00  2.30504046e+00
  2.39258682e+00  2.53171333e+00  2.51824089e+00  2.49697947e+00
  2.25963181e+00  1.90636928e+00  1.96175627e+00  2.05031599e+00
  2.14680952e+00  2.19112800e+00  1.70004760e+00  1.72604093e+00
  1.75753028e+00  1.75949348e+00  1.67693112e+00  1.72933259e+00
  1.80171526e+00  1.63999707e+00  1.70645459e+00  1.56159456e+00
  1.51133066e+00  1.58215377e+00  1.61358613e+00  1.48856808e+00
  1.51869144e+00  1.55128001e+00  1.64042110e+00  1.71695757e+00
  1.76072405e+00  1.80506769e+00  1.65958778e+00  1.72469314e+00
  1.70000360e+00  1.70145508e+00  1.79112219e+00  1.81718836e+00
  1.68145820e+00  1.73873116e+00  1.77942421e+00  1.83511921e+00
  1.81194933e+00  1.55644056e+00  1.58921671e+00  1.68229831e+00
  1.73098034e+00  1.75016928e+00  1.74745231e+00  1.30367491e+00
  1.23791943e+00  1.29971060e+00  1.13980429e+00  1.01859252e+00
  1.13859184e+00  1.01556168e+00  1.00974949e+00  1.03238474e+00
  1.11332394e+00  1.15401469e+00  1.16042939e+00  1.06725681e+00
  1.06474335e+00  7.83369534e-01  8.61955082e-01  9.05423376e-01
  8.98691833e-01  9.51414902e-01  1.06416259e+00  1.16351615e+00
  1.20274513e+00  1.25557322e+00  1.15464974e+00  9.28774524e-01
  7.10738385e-01  6.97110143e-01  2.94446133e-01  2.66384986e-01
  3.23409204e-01 -2.49336425e-03  4.61433927e-02  5.15185723e-02
  8.99742440e-02  9.08270859e-02  1.43218004e-01  1.51085672e-01
  4.37631307e-02  1.05810469e-01  1.50668582e-01  1.57442894e-01
  9.63439672e-02  2.06385035e-03  1.33060117e-02 -2.41273759e-02
  1.77772423e-02 -2.42544893e-02  7.68574527e-03  1.86854842e-02
 -2.31846606e-02  1.23699490e-02 -1.51671303e-03 -1.59523260e-02
  4.38606992e-02  1.12638770e-01  1.61062874e-01  1.92569808e-01
  1.96967334e-01  2.84112444e-01  3.05099835e-01  1.41697467e-01
  9.74443132e-02  1.82064557e-01  2.46854780e-01  3.59223706e-01
  4.04871727e-01  6.76073913e-03  8.68248138e-02  1.72843939e-01
  2.15067019e-01  1.09233892e-02  1.63922837e-02  5.42556784e-02
  2.75944108e-02  8.11920299e-02  7.69019724e-02  2.06157041e-02
  4.45743211e-02 -9.98389038e-03  5.60775966e-02  1.13668092e-01
  1.75152413e-01  1.41954776e-01  2.32816967e-01  1.74637052e-01
  2.10300357e-01  2.58002312e-01  3.57216265e-01  4.72352964e-01
  5.26821988e-01  4.77379602e-01  5.95674376e-01  2.96191597e-01
  3.51616137e-01  4.17670793e-01  4.44148529e-01  5.32678063e-01
  5.46308290e-01  6.34429264e-01  6.67032624e-01  7.51488596e-01
  7.57794663e-01  8.09078607e-01  8.58212937e-01  8.07749844e-01
  8.71344462e-01  9.09961069e-01  9.37827010e-01  9.44408483e-01
  8.52959421e-01  8.52542177e-01  9.77889795e-01  1.08911938e+00
  1.23621540e+00  1.39381848e+00  1.48072710e+00  1.58229823e+00
  1.58176078e+00  1.59623841e+00  1.74321229e+00  1.73201338e+00
  1.38821285e+00  1.03833832e+00  1.02891745e+00  1.10732884e+00
  1.02047324e+00  1.08828871e+00  1.15633559e+00  1.15555599e+00
  1.22356883e+00  1.21925312e+00  9.46959977e-01  1.01254638e+00
  1.08893729e+00  4.44745742e-01  3.48259518e-01  3.80578739e-01
  4.50670603e-01  6.87649413e-02  9.44630628e-02  2.33367682e-02]
Mus:
[[-1.69415064e-02 -5.70899341e-03]
 [-1.68368686e-02 -5.56430826e-03]
 [-1.66833661e-02 -5.16769849e-03]
 [-1.71971098e-02 -4.76745283e-03]
 [-1.80419292e-02 -4.86330176e-03]
 [-1.98206473e-02 -5.55220293e-03]
 [-2.10589599e-02 -6.06155628e-03]
 [-2.17687394e-02 -6.74691889e-03]
 [-2.27815770e-02 -7.22580031e-03]
 [-2.38742009e-02 -8.03113729e-03]
 [-2.49028448e-02 -8.63521546e-03]
 [-2.50952970e-02 -9.08754021e-03]
 [-2.64512021e-02 -9.87628009e-03]
 [-2.71664262e-02 -1.01974849e-02]
 [-2.78400369e-02 -1.03160264e-02]
 [-2.80893110e-02 -1.03692729e-02]
 [-2.87310351e-02 -1.14886612e-02]
 [-2.93184333e-02 -1.16274534e-02]
 [-2.73423288e-02 -1.06729679e-02]
 [-2.61284821e-02 -1.02113867e-02]
 [-2.56592985e-02 -1.00670895e-02]
 [-2.56913174e-02 -1.02980100e-02]
 [-2.29689237e-02 -8.17928929e-03]
 [-2.29189489e-02 -8.38500913e-03]
 [-2.21893247e-02 -7.94592313e-03]
 [-2.22352836e-02 -7.65976543e-03]
 [-2.24076472e-02 -7.31282914e-03]
 [-2.26974115e-02 -7.35030370e-03]
 [-2.29447298e-02 -7.42396386e-03]
 [-2.30210833e-02 -8.18377547e-03]
 [-2.35018209e-02 -8.42161756e-03]
 [-2.36076396e-02 -7.97955785e-03]
 [-2.40121074e-02 -8.03805236e-03]
 [-2.39737909e-02 -8.24659225e-03]
 [-2.42861398e-02 -8.38007033e-03]
 [-2.28125360e-02 -7.70061137e-03]
 [-2.29599923e-02 -7.61476997e-03]
 [-2.32745707e-02 -7.68795284e-03]
 [-2.33767293e-02 -7.74677005e-03]
 [-2.33257003e-02 -7.75437150e-03]
 [-2.41570156e-02 -8.52612499e-03]
 [-2.40760297e-02 -8.73182341e-03]
 [-2.52191722e-02 -8.80091731e-03]
 [-2.54095364e-02 -8.87465384e-03]
 [-2.66035609e-02 -9.37196705e-03]
 [-2.62273867e-02 -8.88189673e-03]
 [-2.60799751e-02 -8.73988681e-03]
 [-2.74342746e-02 -9.42773558e-03]
 [-2.62910910e-02 -8.56449455e-03]
 [-2.70697158e-02 -8.64552613e-03]
 [-2.79465411e-02 -8.89426563e-03]
 [-2.76288688e-02 -8.86636414e-03]
 [-2.72258874e-02 -9.36328340e-03]
 [-2.93768849e-02 -9.81401466e-03]
 [-2.90389042e-02 -9.55571141e-03]
 [-2.98867747e-02 -9.83215310e-03]
 [-2.98736468e-02 -9.58718546e-03]
 [-2.91827507e-02 -9.26167425e-03]
 [-3.03453859e-02 -9.20206774e-03]
 [-2.67069656e-02 -8.62918515e-03]
 [-2.90401466e-02 -9.00915917e-03]
 [-3.00496332e-02 -9.50877834e-03]
 [-3.10223456e-02 -9.15122125e-03]
 [-3.06437761e-02 -8.27632565e-03]
 [-2.85813436e-02 -7.41888862e-03]
 [-2.61003356e-02 -6.01729890e-03]
 [-2.30641775e-02 -4.24979348e-03]
 [-1.79747883e-02 -2.20803963e-03]
 [-1.49646662e-02 -1.23082683e-03]
 [-1.30531332e-02 -5.31079597e-04]
 [-1.05126863e-02  4.08793712e-04]
 [-7.17457617e-03  1.55324896e-03]
 [-1.33189494e-02 -1.77618605e-03]
 [-1.86351929e-02 -4.76091215e-03]
 [-2.04464421e-02 -5.51782176e-03]
 [-1.98720414e-02 -5.02065290e-03]
 [-2.03656778e-02 -5.12175402e-03]
 [-1.88557263e-02 -4.29659896e-03]
 [-1.90958790e-02 -4.40072874e-03]
 [-2.11020727e-02 -5.45141101e-03]
 [-2.35072039e-02 -6.79587200e-03]
 [-2.18826178e-02 -5.83736133e-03]
 [-2.40017977e-02 -6.63648359e-03]
 [-2.01913770e-02 -4.53439821e-03]
 [-1.93507969e-02 -3.72311845e-03]
 [-1.80476103e-02 -2.99176062e-03]
 [-1.40005480e-02 -8.66584596e-04]
 [-1.24759972e-02 -3.19994026e-04]
 [-1.13639198e-02  5.75580561e-05]
 [-9.75597091e-03  4.78428236e-04]
 [-8.55416898e-03  8.15777748e-04]
 [-6.35293406e-03  1.79788948e-03]
 [-5.04633551e-03  2.15719501e-03]
 [-2.36596470e-03  3.41003342e-03]
 [-1.14886591e-03  3.68602551e-03]
 [ 2.72382022e-04  4.24981350e-03]
 [ 2.75125378e-03  5.14721451e-03]
 [ 4.60487697e-03  5.77184884e-03]
 [ 6.73540076e-03  6.66704588e-03]
 [ 8.20884202e-03  7.34836468e-03]
 [ 1.00193722e-02  7.68054510e-03]
 [ 1.20811015e-02  8.92513618e-03]
 [ 1.37960631e-02  9.76548158e-03]
 [ 1.56877600e-02  1.07475538e-02]
 [ 1.70412883e-02  1.11005269e-02]
 [ 1.97724551e-02  1.18045267e-02]
 [ 2.08030809e-02  1.19495774e-02]
 [ 2.10811589e-02  1.15229441e-02]
 [ 2.11424977e-02  1.12977317e-02]
 [ 2.05600429e-02  1.08259274e-02]
 [ 2.00594328e-02  1.03970692e-02]
 [ 1.84579045e-02  9.38223302e-03]
 [ 1.78108774e-02  8.90939869e-03]
 [ 1.84413958e-02  9.31625254e-03]
 [ 1.78867225e-02  8.90357047e-03]
 [ 1.80791616e-02  9.08732601e-03]
 [ 1.91944484e-02  9.79390554e-03]
 [ 1.94693767e-02  1.00574503e-02]
 [ 1.82856657e-02  9.22351331e-03]
 [ 1.79883204e-02  9.09304060e-03]
 [ 1.45500684e-02  7.03356974e-03]
 [ 1.43950302e-02  7.04756333e-03]
 [ 1.42675051e-02  7.03122048e-03]
 [ 1.34965219e-02  6.60634367e-03]
 [ 1.29123451e-02  6.16149046e-03]
 [ 9.46852379e-03  4.15460533e-03]
 [ 9.31832101e-03  4.28633811e-03]
 [ 8.62688478e-03  3.98828788e-03]
 [ 8.92498437e-03  4.27065743e-03]
 [ 1.04982769e-02  5.25463326e-03]
 [ 1.18635083e-02  6.11087447e-03]
 [ 1.34857297e-02  7.07905926e-03]
 [ 1.24530485e-02  6.26400439e-03]
 [ 1.20650614e-02  6.02787547e-03]
 [ 1.41887115e-02  7.35751167e-03]
 [ 1.59592927e-02  8.42789654e-03]
 [ 1.74501278e-02  9.22161154e-03]
 [ 1.91530827e-02  1.03974799e-02]
 [ 1.98055096e-02  1.06928116e-02]
 [ 1.95700228e-02  1.03096021e-02]
 [ 1.94491502e-02  9.98080615e-03]
 [ 1.98683888e-02  1.02648428e-02]
 [ 1.99223831e-02  1.02494797e-02]
 [ 1.81357767e-02  8.96032713e-03]
 [ 1.76131986e-02  8.55717342e-03]
 [ 1.71243008e-02  8.18602461e-03]
 [ 1.73650011e-02  8.35174974e-03]
 [ 1.72721278e-02  8.31911992e-03]
 [ 1.65419281e-02  7.85215944e-03]
 [ 1.36406878e-02  6.03346713e-03]
 [ 1.32622607e-02  5.84869087e-03]
 [ 1.37727112e-02  6.36210479e-03]
 [ 1.48979137e-02  7.08726654e-03]
 [ 1.62466969e-02  7.95263052e-03]
 [ 1.80351101e-02  9.03394446e-03]
 [ 1.75909195e-02  8.74784496e-03]
 [ 1.91603303e-02  9.86416172e-03]
 [ 1.93092935e-02  9.97494906e-03]
 [ 1.59914233e-02  7.57449819e-03]
 [ 1.59674510e-02  7.51332287e-03]
 [ 1.35162678e-02  5.96699677e-03]
 [ 1.00243120e-02  4.16091830e-03]
 [ 5.95673313e-03  2.09044060e-03]
 [ 3.86259961e-03  1.04714325e-03]
 [ 7.95149244e-04 -3.23674816e-04]
 [ 2.07416294e-03  7.98232912e-04]
 [-1.37761410e-03 -7.15920003e-04]
 [-3.61120421e-03 -1.31353864e-03]
 [-9.68340132e-03 -4.59276931e-03]
 [-1.15474118e-02 -5.11607481e-03]
 [-1.40263867e-02 -5.95404487e-03]
 [-1.70717314e-02 -7.28159165e-03]
 [-1.92000810e-02 -8.01211596e-03]
 [-2.12391894e-02 -8.84895027e-03]
 [-2.06926297e-02 -8.13982170e-03]
 [-2.33179573e-02 -9.46136564e-03]
 [-2.41566263e-02 -9.91741195e-03]
 [-2.36550216e-02 -9.11867060e-03]
 [-2.48158295e-02 -9.59220994e-03]
 [-2.48511620e-02 -9.32082254e-03]
 [-2.50475202e-02 -9.08644125e-03]
 [-2.21835393e-02 -7.35153630e-03]
 [-1.97648276e-02 -6.31673401e-03]
 [-1.79761127e-02 -5.58230700e-03]
 [-1.53885866e-02 -4.14119288e-03]
 [-1.33768534e-02 -3.33995116e-03]
 [-1.15735298e-02 -2.63353367e-03]
 [-9.13149305e-03 -1.35759194e-03]
 [-7.45229563e-03 -6.32162788e-04]
 [-5.89551637e-03 -4.38797251e-05]
 [-3.84335127e-03  6.51206705e-04]
 [-2.31197313e-03  1.23978150e-03]
 [ 6.52968811e-05  2.28302693e-03]
 [ 5.69453742e-03  5.20242751e-03]
 [ 9.48588271e-03  6.84463093e-03]
 [ 1.27145471e-02  8.23487528e-03]
 [ 1.50268013e-02  8.94972123e-03]
 [ 1.65697169e-02  9.11888201e-03]
 [ 2.06266325e-02  1.09242294e-02]
 [ 2.22026668e-02  1.14371283e-02]]
Actions:
[[ 4.85880467e-02 -5.37880396e-02]
 [ 5.05934527e-02 -3.62231173e-01]
 [ 3.23132168e-01 -2.32421954e-01]
 [ 1.44567365e-01 -2.33432013e-01]
 [-1.31938943e-01 -4.63300350e-01]
 [ 1.62616462e-01  1.15034547e-01]
 [-9.24358321e-02  2.62283212e-01]
 [-5.44745907e-02 -7.00340535e-02]
 [-1.32691752e-01  3.33415657e-01]
 [-6.44091598e-02  2.08010860e-01]
 [-3.47477609e-01 -1.83296021e-01]
 [-5.48810448e-02  2.14703685e-01]
 [ 3.32272822e-02  7.25842162e-02]
 [ 2.43654303e-01  2.12066842e-01]
 [ 2.05389599e-01  2.76807857e-01]
 [-6.96974130e-01  9.18795544e-02]
 [ 3.83203132e-01  4.69576410e-01]
 [ 4.55632223e-02 -1.59453843e-01]
 [-1.71891221e-01 -1.91187440e-01]
 [-5.66400589e-04  7.35319586e-02]
 [-5.59221943e-02  2.66132147e-01]
 [ 4.58024523e-01 -5.16992408e-01]
 [-3.02735346e-01 -1.37750547e-01]
 [-9.29249734e-03 -2.10635578e-01]
 [ 1.88268300e-01 -8.00413139e-02]
 [ 2.72144861e-01 -8.82247911e-02]
 [ 6.50142917e-02  3.23096040e-02]
 [ 2.73291657e-02  6.59708735e-02]
 [-5.81236939e-01 -4.77619410e-02]
 [ 9.77701547e-03  3.89908751e-02]
 [ 3.69910101e-01 -6.08781936e-03]
 [ 1.77778405e-01  2.13817780e-01]
 [-1.96226541e-01  1.12530305e-02]
 [ 6.76622895e-02  1.79928860e-01]
 [-1.77668542e-01 -4.25861180e-01]
 [ 8.65173033e-02 -7.64884977e-02]
 [ 6.27714737e-02  5.50969348e-02]
 [-2.44776459e-02 -1.94894090e-02]
 [-7.32537010e-02 -1.52239736e-01]
 [-2.78929003e-01  1.22260828e-01]
 [-2.19534821e-01 -1.69445392e-01]
 [ 3.81575566e-01  1.18284315e-01]
 [-3.12269585e-02 -1.25142165e-01]
 [ 9.69279534e-02  2.61105358e-01]
 [ 2.05722100e-01 -1.23556406e-01]
 [ 1.68522383e-02 -1.08792264e-01]
 [-4.39757467e-02  2.72935806e-01]
 [ 1.50777751e-01 -4.05666976e-01]
 [ 1.12691811e-01 -4.68301248e-02]
 [ 9.39107058e-02  1.65741795e-01]
 [-1.89246793e-01 -2.56464108e-01]
 [-4.69108409e-01 -5.94513164e-02]
 [ 3.73144819e-01  3.66554444e-01]
 [-7.85759505e-03 -2.60909527e-01]
 [ 2.83784290e-02  8.14856296e-02]
 [ 8.90375750e-02 -2.06869019e-01]
 [-7.09543528e-02 -3.33026263e-01]
 [ 2.72880669e-01 -1.01389377e-01]
 [-7.34132163e-01 -3.90354152e-01]
 [ 3.01255720e-01 -1.34723793e-01]
 [-6.96902210e-02  2.36250149e-01]
 [ 3.55070594e-01 -2.67698137e-01]
 [ 3.60394450e-01 -1.57887764e-01]
 [-8.40425227e-02  4.57522350e-02]
 [ 8.05699743e-02 -4.51818622e-01]
 [ 2.58604457e-01 -7.87205803e-02]
 [-1.07004460e-01 -3.08873746e-01]
 [-2.76224703e-01  4.29227893e-02]
 [-1.13758634e-01  2.47623448e-01]
 [-2.97063681e-01 -2.34358150e-01]
 [-4.25164814e-01 -2.29756712e-01]
 [ 7.41702165e-02  1.77473258e-02]
 [-4.90029197e-01 -4.16475322e-01]
 [ 3.04140698e-02  7.10746370e-02]
 [ 2.06540127e-01 -7.31263094e-02]
 [ 2.08252484e-01  1.68069941e-01]
 [ 4.22079220e-02 -2.69802236e-01]
 [-7.51584570e-02 -1.17725308e-01]
 [-1.48418050e-01  8.67292481e-02]
 [-3.64885330e-01 -4.92681907e-02]
 [ 1.44150264e-01 -2.27737185e-01]
 [ 2.59503734e-01  2.99206056e-01]
 [ 1.34595452e-01 -5.64230987e-01]
 [ 4.63251996e-01  1.18093935e-01]
 [ 2.23603731e-01  8.09406710e-02]
 [ 6.02954304e-01  1.16102864e-01]
 [ 5.49238905e-02  1.98702277e-01]
 [-9.99635292e-02 -2.58374162e-02]
 [ 2.19582378e-01  5.18355266e-01]
 [-8.60144494e-02 -1.56941079e-02]
 [ 1.39707820e-02 -2.28379855e-01]
 [-1.37540392e-01 -5.81804635e-02]
 [ 1.05218962e-01 -1.95713704e-01]
 [-1.28684295e-01  2.11620330e-02]
 [-1.35055549e-01 -2.27598287e-01]
 [ 2.43667895e-01  2.73770762e-01]
 [-1.23535579e-02 -1.86873018e-02]
 [ 5.96398691e-02 -1.29648435e-01]
 [-4.35639561e-02 -2.62399735e-01]
 [-1.46633183e-02  3.44940100e-01]
 [ 3.53790077e-01 -1.21843499e-01]
 [ 6.98792272e-02 -2.40440587e-01]
 [ 1.11085658e-01 -3.04805420e-01]
 [-1.28337770e-01 -8.64535058e-02]
 [-1.69464270e-02  2.91548658e-01]
 [-1.92038138e-01 -7.23305059e-02]
 [-2.38475938e-01 -1.03941545e-01]
 [ 1.12707678e-02 -3.30435602e-01]
 [-1.28109674e-01 -1.51764465e-01]
 [ 4.96709586e-02  2.81447217e-01]
 [-3.09842160e-01 -9.23702686e-02]
 [-3.69655052e-02  1.26428746e-01]
 [ 1.10662364e-01 -4.74958855e-02]
 [ 2.63186922e-02  1.97232623e-01]
 [-6.36306219e-02 -2.62997223e-01]
 [ 2.73856459e-01  8.64902633e-02]
 [ 1.29339787e-01 -1.37504461e-02]
 [-2.84489900e-01 -1.48227307e-01]
 [ 2.50517779e-01  4.26505726e-01]
 [-3.06873518e-01  2.49299261e-01]
 [-2.95882401e-02 -1.49903396e-01]
 [-7.72708436e-02 -2.02270076e-01]
 [-1.06146900e-01 -5.98590607e-02]
 [-2.25845835e-01 -2.00204693e-01]
 [-2.83692650e-02  6.92602260e-01]
 [ 4.78390772e-02 -9.49700491e-02]
 [-9.25104410e-02 -1.26627658e-01]
 [-3.52107645e-02 -2.47211301e-01]
 [-8.41800702e-02 -5.41706318e-01]
 [ 2.21984403e-03 -2.89587603e-01]
 [ 1.48702155e-01 -8.78237396e-02]
 [-1.39608651e-01  2.83943386e-01]
 [-2.45338449e-03  1.43255497e-01]
 [ 2.32911288e-01 -1.44756962e-01]
 [ 5.58269882e-02 -3.73001200e-01]
 [ 1.85060987e-01  4.98561249e-02]
 [ 3.05941834e-01 -1.36313281e-01]
 [ 6.19630983e-02  5.65968452e-02]
 [-1.69094556e-01  3.50429706e-02]
 [-8.84990106e-02  1.33061037e-01]
 [ 2.26327470e-01  2.22890144e-01]
 [-1.49664498e-02 -3.36573838e-02]
 [-3.97852424e-01 -4.81658637e-03]
 [ 2.44470788e-03  2.07618266e-01]
 [ 1.50710153e-02  1.97521670e-01]
 [ 6.47386312e-02  9.65289577e-03]
 [-1.71171217e-02 -4.37872303e-02]
 [ 3.45293244e-02  2.49380374e-01]
 [-4.34857997e-01  8.69078829e-03]
 [-9.87061784e-02 -7.42192336e-02]
 [-2.57402900e-01 -5.84033530e-01]
 [ 1.72887620e-01  3.25795375e-02]
 [ 7.56729192e-02 -1.76036608e-01]
 [ 2.48521856e-01 -1.90168988e-03]
 [-1.64630049e-01 -6.95216423e-02]
 [ 1.47131787e-01 -2.58875307e-01]
 [-1.02300870e-03 -1.56012233e-01]
 [-2.89529946e-01  5.21118798e-02]
 [ 8.02251069e-02  1.80300327e-01]
 [-1.86122710e-01  3.26098115e-01]
 [-3.20638863e-01  7.96212095e-02]
 [-2.51366427e-01  2.19616367e-01]
 [ 1.28552922e-01  4.17815075e-01]
 [ 5.74491162e-02  3.03719511e-01]
 [ 3.38297941e-01 -3.30811743e-02]
 [ 4.94908908e-04  3.75117330e-01]
 [ 2.18872066e-01  3.07906016e-01]
 [-5.10820428e-01 -1.62498548e-01]
 [ 2.98362679e-02 -3.81851288e-01]
 [ 8.16155945e-02  9.19108833e-02]
 [-1.12647324e-01  1.93830412e-01]
 [-8.46163565e-03 -1.13375005e-01]
 [-9.15068617e-02  5.60980874e-02]
 [ 1.02771395e-01 -2.26507915e-01]
 [-1.49470863e-01  2.28438119e-01]
 [-4.30653552e-01 -2.07492850e-01]
 [ 2.63807052e-01 -1.20908278e-01]
 [-1.60317409e-01 -2.29248678e-02]
 [ 2.76769567e-01  1.64581238e-01]
 [ 4.87553349e-01  3.69401092e-01]
 [ 5.28481619e-01  2.87774668e-01]
 [-1.16723560e-02 -2.69150495e-01]
 [-5.55526056e-02  1.58397790e-01]
 [ 3.01966181e-01 -1.03925545e-01]
 [-6.88223919e-02  1.49191512e-01]
 [-1.39362632e-01  1.38888871e-01]
 [ 2.05285803e-01  1.31562586e-01]
 [-5.53406971e-02 -9.35963275e-02]
 [-1.41039811e-01  3.32329713e-01]
 [-1.84966772e-01  6.00010000e-01]
 [-1.21394483e-01 -3.74570503e-03]
 [ 9.88463080e-02  1.05662027e-01]
 [ 7.99194272e-01 -1.10539933e-01]
 [ 3.16432736e-01 -1.57603497e-01]
 [ 1.55092915e-01 -1.41301464e-02]
 [-1.26150676e-01  9.62007183e-02]
 [-2.78925709e-01  6.58163534e-01]
 [ 2.21424064e-01  1.41442723e-01]
 [ 1.99858740e-02 -3.74429505e-01]
 [ 1.11358704e-01  3.26885727e-01]]
States:
[[0.99922064 0.99980568 0.53793506 0.51341653 0.51311143 0.59725286]
 [0.99916693 0.99983509 0.53889545 0.51235981 0.52558002 0.58315069]
 [0.99899134 0.99998985 0.54183565 0.50306745 0.53834686 0.48849706]
 ...
 [0.1381176  0.28434599 0.86588556 0.97270276 0.72281591 1.        ]
 [0.11350286 0.17472688 0.83844074 0.92431231 0.77553936 1.        ]
 [0.08854052 0.08485946 0.80590334 0.85926437 0.77552469 1.        ]]
Logstds:
[[-3. -3.]
 [-3. -3.]
 [-3. -3.]
 [-3. -3.]
 [-3. -3.]
 [-3. -3.]
 [-3. -3.]
 [-3. -3.]
 [-3. -3.]
 [-3. -3.]
 [-3. -3.]
 [-3. -3.]
 [-3. -3.]
 [-3. -3.]
 [-3. -3.]
 [-3. -3.]
 [-3. -3.]
 [-3. -3.]
 [-3. -3.]
 [-3. -3.]
 [-3. -3.]
 [-3. -3.]
 [-3. -3.]
 [-3. -3.]
 [-3. -3.]
 [-3. -3.]
 [-3. -3.]
 [-3. -3.]
 [-3. -3.]
 [-3. -3.]
 [-3. -3.]
 [-3. -3.]
 [-3. -3.]
 [-3. -3.]
 [-3. -3.]
 [-3. -3.]
 [-3. -3.]
 [-3. -3.]
 [-3. -3.]
 [-3. -3.]
 [-3. -3.]
 [-3. -3.]
 [-3. -3.]
 [-3. -3.]
 [-3. -3.]
 [-3. -3.]
 [-3. -3.]
 [-3. -3.]
 [-3. -3.]
 [-3. -3.]
 [-3. -3.]
 [-3. -3.]
 [-3. -3.]
 [-3. -3.]
 [-3. -3.]
 [-3. -3.]
 [-3. -3.]
 [-3. -3.]
 [-3. -3.]
 [-3. -3.]
 [-3. -3.]
 [-3. -3.]
 [-3. -3.]
 [-3. -3.]
 [-3. -3.]
 [-3. -3.]
 [-3. -3.]
 [-3. -3.]
 [-3. -3.]
 [-3. -3.]
 [-3. -3.]
 [-3. -3.]
 [-3. -3.]
 [-3. -3.]
 [-3. -3.]
 [-3. -3.]
 [-3. -3.]
 [-3. -3.]
 [-3. -3.]
 [-3. -3.]
 [-3. -3.]
 [-3. -3.]
 [-3. -3.]
 [-3. -3.]
 [-3. -3.]
 [-3. -3.]
 [-3. -3.]
 [-3. -3.]
 [-3. -3.]
 [-3. -3.]
 [-3. -3.]
 [-3. -3.]
 [-3. -3.]
 [-3. -3.]
 [-3. -3.]
 [-3. -3.]
 [-3. -3.]
 [-3. -3.]
 [-3. -3.]
 [-3. -3.]
 [-3. -3.]
 [-3. -3.]
 [-3. -3.]
 [-3. -3.]
 [-3. -3.]
 [-3. -3.]
 [-3. -3.]
 [-3. -3.]
 [-3. -3.]
 [-3. -3.]
 [-3. -3.]
 [-3. -3.]
 [-3. -3.]
 [-3. -3.]
 [-3. -3.]
 [-3. -3.]
 [-3. -3.]
 [-3. -3.]
 [-3. -3.]
 [-3. -3.]
 [-3. -3.]
 [-3. -3.]
 [-3. -3.]
 [-3. -3.]
 [-3. -3.]
 [-3. -3.]
 [-3. -3.]
 [-3. -3.]
 [-3. -3.]
 [-3. -3.]
 [-3. -3.]
 [-3. -3.]
 [-3. -3.]
 [-3. -3.]
 [-3. -3.]
 [-3. -3.]
 [-3. -3.]
 [-3. -3.]
 [-3. -3.]
 [-3. -3.]
 [-3. -3.]
 [-3. -3.]
 [-3. -3.]
 [-3. -3.]
 [-3. -3.]
 [-3. -3.]
 [-3. -3.]
 [-3. -3.]
 [-3. -3.]
 [-3. -3.]
 [-3. -3.]
 [-3. -3.]
 [-3. -3.]
 [-3. -3.]
 [-3. -3.]
 [-3. -3.]
 [-3. -3.]
 [-3. -3.]
 [-3. -3.]
 [-3. -3.]
 [-3. -3.]
 [-3. -3.]
 [-3. -3.]
 [-3. -3.]
 [-3. -3.]
 [-3. -3.]
 [-3. -3.]
 [-3. -3.]
 [-3. -3.]
 [-3. -3.]
 [-3. -3.]
 [-3. -3.]
 [-3. -3.]
 [-3. -3.]
 [-3. -3.]
 [-3. -3.]
 [-3. -3.]
 [-3. -3.]
 [-3. -3.]
 [-3. -3.]
 [-3. -3.]
 [-3. -3.]
 [-3. -3.]
 [-3. -3.]
 [-3. -3.]
 [-3. -3.]
 [-3. -3.]
 [-3. -3.]
 [-3. -3.]
 [-3. -3.]
 [-3. -3.]
 [-3. -3.]
 [-3. -3.]
 [-3. -3.]
 [-3. -3.]
 [-3. -3.]
 [-3. -3.]
 [-3. -3.]
 [-3. -3.]
 [-3. -3.]]
