Baseline:
[1.2731652  1.2290332  1.2077774  1.206605   1.216893   1.2096553
 1.1994236  1.22293    1.1910653  1.2054086  1.1824687  1.149137
 1.1259158  1.1062192  1.1179717  1.1142828  1.1021583  1.117933
 1.1342701  1.1435263  1.1315279  1.1414146  1.1521058  1.1482048
 1.1313066  1.1193287  1.122556   1.121916   1.1029109  1.0956918
 1.1203638  1.113341   1.1101145  1.0893793  1.0973871  1.0920738
 1.073747   1.0758166  1.0791075  1.0890858  1.0994668  1.1165423
 1.1232947  1.120409   1.1014055  1.0876853  1.0890226  1.0643976
 1.0546314  1.0759144  1.0776803  1.08811    1.1145128  1.116844
 1.1287372  1.1220523  1.1228029  1.1551685  1.1478747  1.143023
 1.1637228  1.1613255  1.1657238  1.1723272  1.1584913  1.1580298
 1.1606604  1.1698842  1.1824589  1.1960448  1.1700473  1.1794016
 1.1658612  1.1733167  1.1714811  1.1835593  1.1873319  1.2111324
 1.227354   1.2239187  1.2281442  1.2322719  1.2347999  1.239687
 1.2514031  1.2518651  1.2740343  1.2731477  1.290182   1.2987543
 1.2906685  1.2893665  1.3015445  1.3016951  1.3075765  1.3036833
 1.296089   1.2875011  1.2652445  1.2340962  1.2361674  1.2164111
 1.2102286  1.1903222  1.178076   1.1748493  1.1902969  1.1895238
 1.1809125  1.1703256  1.154366   1.1377411  1.1246165  1.0845581
 1.0510266  1.046057   1.0401018  1.0385876  1.0432117  1.035378
 1.0089924  1.0017332  0.9858421  0.97631997 0.9494893  0.94655573
 0.9099503  0.9030484  0.851611   0.8311912  0.8331372  0.8388102
 0.83814126 0.8517139  0.89851624 0.91527224 0.9208457  0.9307827
 0.912901   0.92587334 0.9137491  0.9020426  0.91339755 0.91363007
 0.90753555 0.9340753  0.9410968  0.9764322  0.98637843 0.9933733
 1.0183287  1.035965   1.047452   1.0605085  1.0772521  1.1009219
 1.1110004  1.1315904  1.1675429  1.1877958  1.2140064  1.2252287
 1.2396218  1.2437344  1.2925738  1.3124049  1.3254845  1.3405361
 1.3466451  1.3568265  1.3486041  1.3396436  1.3330414  1.329197
 1.323585   1.3098752  1.2904905  1.2943492  1.2808868  1.2696892
 1.252073   1.247303   1.2269473  1.1907997  1.1953865  1.1638047
 1.1516713  1.1393399  1.1158137  1.1090319  1.095989   1.0822996
 1.0564237  1.0584812  1.0614299  1.0439743  1.010839   1.0069038
 1.0129507  0.9920619  0.9920619 ]
Returns:
[4.55514152 4.09934704 4.09678169 4.11757895 4.12401472 4.1748127
 4.2434357  4.13864646 3.98828717 3.66581047 3.62893276 3.45583694
 3.42242494 3.36760574 3.3332169  3.3288881  3.28698169 3.18033173
 3.08155119 3.05817727 3.08666346 3.0302208  3.02609402 3.09899757
 2.94543602 2.93027954 2.92871311 2.94379456 2.93803529 2.98908658
 2.79882125 2.70201495 2.74033136 2.77963457 2.73566002 2.77965822
 2.69764093 2.75447818 2.80350969 2.81278966 2.64380077 2.63686491
 2.64608254 2.67616079 2.59500244 2.5906671  2.5292875  2.43281996
 2.48169636 2.42007388 2.33818344 2.34498219 2.25133869 2.21968588
 2.26316028 2.33253635 2.39017977 2.23922274 2.31914053 2.24239824
 2.27730733 2.32701737 2.39014118 2.44846104 2.39438037 2.44615622
 2.52391302 2.4360508  2.3536524  2.27262859 2.21355229 2.25653698
 2.32477648 2.41252242 2.29838005 2.34902194 2.38528384 2.29225787
 2.35908693 2.44646693 2.54658261 2.64802472 2.7669993  2.87066064
 2.90696598 3.01189612 3.00300071 3.09727308 3.04632275 3.1186386
 3.18064708 3.27367545 3.18716229 3.28962596 3.36800709 3.42938809
 3.45082793 3.31603022 3.17119418 3.03919703 3.00213039 3.0646695
 3.04879167 3.10814653 3.17608154 3.08803031 2.78202042 2.8161612
 2.88330635 2.94130133 3.02229967 3.05784624 3.02769793 2.85370464
 2.76503096 2.69258413 2.70077263 2.73597854 2.74367696 2.81932429
 2.67042521 2.72692176 2.79248598 2.51754889 2.48360932 2.51210112
 2.4906924  2.54854562 2.35855255 2.38298546 2.41085841 2.48281356
 2.40670863 2.43452233 2.41108356 2.33897329 2.3027807  2.34853215
 2.35105198 2.44861954 2.48600258 2.47773341 2.24437567 2.39395878
 2.40124196 2.36505754 2.52818391 2.48694831 2.64741885 2.82780408
 2.89978227 3.06855494 3.20272907 2.92321113 3.11719503 3.3018263
 3.44492918 3.60987782 3.71187107 3.81274497 3.9413678  3.89532471
 4.0500319  3.79457223 3.64267098 3.73724704 3.80258679 3.80529739
 3.75290003 3.74679656 3.47513796 3.42230293 3.33775756 3.32852661
 3.19282105 3.18208433 2.88493057 2.69306769 2.69793751 2.69860257
 2.6869225  2.61061218 2.6113425  2.34592408 2.14864461 1.98865951
 1.92973188 1.77604209 1.64894391 1.53291302 1.49483309 1.39450586
 1.18626488 1.11195558 1.02717594 0.90335361 0.32366995 0.26305761
 0.15798703 0.04623955]
Advants:
[ 2.39013737  1.99127424  2.02443259  2.06278195  2.07658561  2.1555761
  2.25960955  2.15466965  2.05785557  1.73414597  1.73400433  1.60488893
  1.60593892  1.58192837  1.54641861  1.55729602  1.53909165  1.42544434
  1.31629148  1.28912515  1.33679105  1.27620331  1.26715779  1.35260202
  1.22108761  1.22339834  1.22441318  1.24692428  1.26794778  1.3364607
  1.12599078  1.03827854  1.08335393  1.14908252  1.10166755  1.1574604
  1.09883366  1.16079031  1.21574703  1.2250282   1.05094047  1.03191852
  1.03987459  1.07981667  1.02331204  1.03911854  0.98143075  0.91282387
  0.97679143  0.89710034  0.81434486  0.81157941  0.68875952  0.65071437
  0.67886537  0.75355633  0.81072209  0.62202577  0.70610325  0.62858811
  0.63713326  0.68470532  0.74032546  0.79027157  0.74686094  0.79727828
  0.87275287  0.77304239  0.67228393  0.56846989  0.52437974  0.54710067
  0.61957124  0.69224249  0.56819402  0.59520854  0.61616948  0.48321951
  0.5178951   0.59423017  0.67737214  0.763862    0.87216348  0.96515366
  0.98422653  1.08593926  1.05092397  1.1447387   1.07319268  1.1350429
  1.20525055  1.30262137  1.20417708  1.30992271  1.38838941  1.46215782
  1.50130754  1.3821718   1.26347791  1.16372663  1.12456928  1.20938877
  1.20213278  1.28649237  1.37468611  1.29593342  0.97112292  1.00347799
  1.07880067  1.14903278  1.25078029  1.30976295  1.29960402  1.16897647
  1.11571801  1.04819791  1.06273256  1.10101271  1.10587489  1.19387799
  1.07248264  1.13942379  1.22685499  0.95971635  0.95051702  0.98064584
  0.99490554  1.06064658  0.91887548  0.96162618  0.98607383  1.05280066
  0.9755142   0.98818761  0.91407283  0.81825452  0.76765251  0.79498593
  0.80681485  0.88472355  0.92850583  0.92583677  0.66692918  0.80549471
  0.80758231  0.73066632  0.87619842  0.78578586  0.9259448   1.09344944
  1.1355394   1.28599707  1.41174217  1.11343749  1.2899409   1.45508108
  1.59675414  1.75496314  1.83807644  1.93971802  2.06810862  2.03726367
  2.21058851  1.97881101  1.8020244   1.90507586  1.98967001  2.01203583
  1.98938336  2.01150291  1.78159536  1.77274862  1.7304065   1.76348725
  1.67111441  1.71511349  1.47327452  1.31049061  1.3651333   1.4167664
  1.46604463  1.43932607  1.50970411  1.32683354  1.16907696  1.08456978
  1.08396363  0.98835601  0.93122896  0.86900257  0.89421959  0.85943722
  0.72770485  0.70392222  0.67054437  0.61986824  0.11685106  0.10566067
  0.04046815 -0.00336355]
Mus:
[[-1.81509089e-02 -6.31951494e-03]
 [-1.79335009e-02 -6.97448105e-03]
 [-1.65487658e-02 -6.62667910e-03]
 [-1.64399948e-02 -7.13475142e-03]
 [-1.68804191e-02 -7.40825990e-03]
 [-1.62209533e-02 -7.52766710e-03]
 [-1.43932374e-02 -6.90057455e-03]
 [-1.57437213e-02 -7.69961160e-03]
 [-1.16583323e-02 -6.05102303e-03]
 [-1.13157770e-02 -5.14287828e-03]
 [-9.98708885e-03 -4.98152617e-03]
 [-8.21180921e-03 -4.25130082e-03]
 [-7.40849879e-03 -4.42399411e-03]
 [-7.52758747e-03 -4.33553988e-03]
 [-8.72069597e-03 -4.73372871e-03]
 [-9.48333647e-03 -4.82790684e-03]
 [-1.04992595e-02 -4.92148846e-03]
 [-1.18864272e-02 -5.42760221e-03]
 [-1.18477046e-02 -5.93925454e-03]
 [-1.19833462e-02 -6.43841550e-03]
 [-1.12612629e-02 -6.08011289e-03]
 [-1.16585232e-02 -6.72317250e-03]
 [-1.17312539e-02 -7.02681765e-03]
 [-1.04802633e-02 -6.73232693e-03]
 [-8.07599351e-03 -5.29610086e-03]
 [-6.14055758e-03 -5.12219081e-03]
 [-5.50844893e-03 -4.52070916e-03]
 [-5.65812970e-03 -4.22460213e-03]
 [-3.48049356e-03 -3.76668177e-03]
 [-2.65172892e-03 -3.27795348e-03]
 [-3.88042792e-03 -3.64531577e-03]
 [-4.32380801e-03 -3.20175802e-03]
 [-4.59776167e-03 -2.98474892e-03]
 [-3.07605648e-03 -2.61175702e-03]
 [-4.42524487e-03 -2.55075027e-03]
 [-4.77030966e-03 -2.41856882e-03]
 [-2.97493231e-03 -2.53527984e-03]
 [-3.05839442e-03 -2.54854863e-03]
 [-3.47812730e-03 -2.26339139e-03]
 [-4.35916474e-03 -2.30921642e-03]
 [-4.38345363e-03 -2.90518044e-03]
 [-5.12216007e-03 -3.16838431e-03]
 [-5.03290026e-03 -3.80393094e-03]
 [-4.16769693e-03 -3.20445444e-03]
 [-2.52858270e-03 -2.47826567e-03]
 [-1.55501149e-03 -1.90444896e-03]
 [-2.20569805e-03 -1.44282216e-03]
 [ 4.95001615e-04 -1.31273514e-03]
 [ 2.16331333e-03 -9.62565886e-04]
 [ 4.18713258e-04 -1.05716707e-03]
 [ 1.16605614e-03 -1.60794950e-03]
 [ 1.13219011e-03 -8.99634673e-04]
 [-1.54779700e-03 -1.23870163e-03]
 [-1.03911804e-03 -1.76745479e-03]
 [-1.59358222e-03 -1.50493975e-03]
 [-1.62849188e-04 -1.40246563e-03]
 [ 4.99806250e-04 -8.72927252e-04]
 [-2.74984469e-03 -1.21296861e-03]
 [-1.76283414e-03 -1.25592947e-03]
 [-1.09838315e-04 -1.57820946e-03]
 [-1.08612503e-03 -1.73324544e-03]
 [ 1.45907499e-04 -1.25560525e-03]
 [ 4.73787921e-04 -8.86480382e-04]
 [ 8.26460237e-05 -7.70534505e-04]
 [ 1.56235124e-03 -4.30249289e-04]
 [ 1.49557705e-03 -8.07796139e-04]
 [ 6.48856047e-04 -9.18731501e-04]
 [ 1.66816153e-05 -3.51531169e-04]
 [-8.06541648e-04  1.32156993e-05]
 [-2.21375981e-03 -1.24179758e-04]
 [-2.86143529e-03 -9.84430430e-04]
 [-3.23937950e-03 -7.69281934e-04]
 [-3.70227545e-03 -1.25113351e-03]
 [-4.27542906e-03 -1.29320694e-03]
 [-5.33752935e-03 -2.29957723e-03]
 [-6.20162347e-03 -2.76602083e-03]
 [-7.79013243e-03 -3.86491511e-03]
 [-7.44864997e-03 -2.87080440e-03]
 [-7.73251476e-03 -2.80282577e-03]
 [-8.10497999e-03 -3.15636722e-03]
 [-8.10086448e-03 -3.05873062e-03]
 [-8.22256226e-03 -2.98723881e-03]
 [-8.67390260e-03 -3.10939504e-03]
 [-9.27388109e-03 -3.28009715e-03]
 [-1.01302722e-02 -3.74963740e-03]
 [-1.05728963e-02 -3.88069218e-03]
 [-1.02220047e-02 -3.33778001e-03]
 [-1.07296100e-02 -3.63091053e-03]
 [-9.66188684e-03 -2.63315882e-03]
 [-1.01324348e-02 -2.84964894e-03]
 [-1.03230039e-02 -3.17397225e-03]
 [-1.11602079e-02 -3.71992937e-03]
 [-9.47076641e-03 -2.46858713e-03]
 [-9.75208171e-03 -2.56867404e-03]
 [-9.08114668e-03 -2.12919316e-03]
 [-9.27821361e-03 -2.21987278e-03]
 [-1.19138518e-02 -3.51510453e-03]
 [-1.25648482e-02 -3.74265620e-03]
 [-1.18464567e-02 -3.58204870e-03]
 [-1.10578425e-02 -3.30477627e-03]
 [-1.23842917e-02 -3.59362666e-03]
 [-1.45070544e-02 -4.50137537e-03]
 [-1.61921978e-02 -4.97594755e-03]
 [-1.69692114e-02 -5.32460259e-03]
 [-1.92135889e-02 -6.28547370e-03]
 [-2.35161204e-02 -8.18648748e-03]
 [-2.41044182e-02 -7.73297483e-03]
 [-2.53103971e-02 -8.08715634e-03]
 [-2.58715302e-02 -8.32026731e-03]
 [-2.61662602e-02 -8.44263658e-03]
 [-2.71831267e-02 -9.07843374e-03]
 [-2.66675334e-02 -8.94249603e-03]
 [-2.57002246e-02 -8.45085084e-03]
 [-2.53920984e-02 -9.13439505e-03]
 [-2.39318311e-02 -9.07386560e-03]
 [-2.95530483e-02 -1.13035217e-02]
 [-3.42662334e-02 -1.30824745e-02]
 [-3.81720774e-02 -1.46256965e-02]
 [-4.05189805e-02 -1.54785523e-02]
 [-4.12534699e-02 -1.59407239e-02]
 [-3.74467708e-02 -1.43636363e-02]
 [-3.90080661e-02 -1.51161598e-02]
 [-3.86689901e-02 -1.51998186e-02]
 [-3.62239294e-02 -1.37766236e-02]
 [-3.53720523e-02 -1.38053838e-02]
 [-3.67777087e-02 -1.46209644e-02]
 [-3.34878340e-02 -1.32528786e-02]
 [-3.35701481e-02 -1.33804707e-02]
 [-2.70990487e-02 -1.08955093e-02]
 [-2.13606376e-02 -8.67610797e-03]
 [-1.94274019e-02 -8.16570316e-03]
 [-1.57160889e-02 -6.92193955e-03]
 [-1.00731906e-02 -4.30809241e-03]
 [-6.44606724e-03 -3.35768517e-03]
 [-9.59872920e-03 -5.86681208e-03]
 [-1.36518441e-02 -8.58927239e-03]
 [-1.40345963e-02 -9.23554040e-03]
 [-1.27559230e-02 -8.72262008e-03]
 [-8.79126787e-03 -6.64503640e-03]
 [-7.81977363e-03 -6.12851279e-03]
 [-6.45448593e-03 -5.77007513e-03]
 [-2.06298614e-03 -3.24220979e-03]
 [-3.78459529e-03 -4.30807751e-03]
 [-2.34206882e-03 -3.49980243e-03]
 [ 5.49840624e-04 -1.63806195e-03]
 [ 1.99311972e-03 -7.15567323e-04]
 [ 1.21071073e-03 -8.06186348e-04]
 [ 3.83916288e-03  7.13544432e-04]
 [ 4.99565108e-03  1.52348343e-03]
 [ 4.47785947e-03  1.60911761e-03]
 [ 4.45835432e-03  1.90251018e-03]
 [ 3.74369812e-03  1.89699186e-03]
 [ 2.42936876e-04  1.59898205e-04]
 [-7.61137111e-03 -4.16495325e-03]
 [-9.45460610e-03 -4.66590934e-03]
 [-1.18785817e-02 -5.47019858e-03]
 [-1.64701901e-02 -7.51553988e-03]
 [-2.03037858e-02 -8.95557832e-03]
 [-2.14528032e-02 -8.91608559e-03]
 [-2.46250555e-02 -1.02287745e-02]
 [-2.64573507e-02 -1.07780825e-02]
 [-2.86291968e-02 -1.18760299e-02]
 [-2.97206827e-02 -1.24114770e-02]
 [-3.02452352e-02 -1.29488008e-02]
 [-2.95517053e-02 -1.20476019e-02]
 [-2.92632692e-02 -1.17359608e-02]
 [-2.80111451e-02 -1.11556407e-02]
 [-2.61285342e-02 -1.02041177e-02]
 [-2.43572593e-02 -9.39949229e-03]
 [-2.13922970e-02 -7.90766999e-03]
 [-1.97511837e-02 -7.08940160e-03]
 [-1.88562591e-02 -6.19843928e-03]
 [-2.06026156e-02 -7.59490905e-03]
 [-2.04136744e-02 -7.19972327e-03]
 [-1.91030931e-02 -6.06299704e-03]
 [-1.99568495e-02 -6.72820490e-03]
 [-2.21357998e-02 -8.56286939e-03]
 [-2.28393897e-02 -8.84665083e-03]
 [-2.28714664e-02 -8.96494184e-03]
 [-2.32510306e-02 -9.18097701e-03]
 [-2.31781993e-02 -9.29772481e-03]
 [-2.25599278e-02 -8.94514285e-03]
 [-2.28965618e-02 -9.32636485e-03]
 [-1.96760558e-02 -7.68296653e-03]
 [-2.31123492e-02 -9.78097599e-03]
 [-2.28623915e-02 -1.02005322e-02]
 [-2.37310026e-02 -1.06622912e-02]
 [-2.28574984e-02 -9.88436956e-03]
 [-2.43808366e-02 -1.11925341e-02]
 [-2.46450920e-02 -1.10848388e-02]
 [-2.32833494e-02 -1.03549818e-02]
 [-2.06035506e-02 -8.85939319e-03]
 [-1.94580238e-02 -8.69533047e-03]
 [-1.94930732e-02 -8.71558394e-03]
 [-2.02223677e-02 -9.26425867e-03]
 [-2.10265610e-02 -1.00122485e-02]
 [-2.09627971e-02 -1.09285517e-02]
 [-1.76517852e-02 -9.64771770e-03]
 [-1.52672008e-02 -8.63349158e-03]
 [-1.25761619e-02 -7.69169861e-03]]
Actions:
[[-0.75338229 -0.23329096]
 [-0.15174012 -0.20323559]
 [-0.14153156  0.21009997]
 [ 0.14939094  0.17367997]
 [-0.17410242  0.08415706]
 [-0.02467525 -0.11304543]
 [ 0.1173127   0.39136951]
 [-0.15851002 -0.44624042]
 [ 0.51260972 -0.13222543]
 [-0.26516032 -0.1624496 ]
 [-0.127974   -0.42853704]
 [-0.27742251 -0.11139669]
 [ 0.00242838 -0.28010709]
 [ 0.17514549  0.15145605]
 [ 0.1493923  -0.06558175]
 [ 0.1512052  -0.15597179]
 [ 0.23090248  0.27201938]
 [-0.07562488  0.38301432]
 [-0.06925884  0.29594972]
 [-0.06233272 -0.16618356]
 [-0.05071583  0.34367794]
 [ 0.01311142  0.25968023]
 [-0.14684014  0.00742999]
 [-0.01359906 -0.45280697]
 [-0.346477    0.0582504 ]
 [ 0.16754321 -0.07405725]
 [ 0.12335191 -0.12532868]
 [-0.34122867 -0.10520057]
 [-0.01014339 -0.13338266]
 [ 0.29445377  0.38222777]
 [ 0.13811545 -0.34895976]
 [ 0.11109029 -0.11489482]
 [-0.24981845 -0.10423101]
 [ 0.3132895  -0.04108052]
 [ 0.10147163 -0.07333199]
 [-0.39649115  0.22176938]
 [ 0.0509543   0.10602151]
 [ 0.16350845 -0.11169062]
 [ 0.23897029  0.09761077]
 [-0.00565803  0.51407297]
 [ 0.16240921  0.2215807 ]
 [-0.15587602  0.29917378]
 [-0.05248669 -0.24187026]
 [-0.23577901 -0.37028282]
 [-0.1468054  -0.31513281]
 [ 0.15741094 -0.31817975]
 [-0.42559065  0.22051874]
 [-0.25144372  0.01492656]
 [ 0.33704953  0.1066166 ]
 [-0.23366905  0.37423973]
 [ 0.19186005 -0.17803907]
 [ 0.39402225  0.07089886]
 [-0.13531751  0.35642884]
 [ 0.14216232 -0.11188315]
 [-0.21550974  0.04120335]
 [-0.05188444 -0.19608497]
 [ 0.45895207 -0.06460431]
 [-0.14533999  0.15209121]
 [-0.24330043  0.38697308]
 [ 0.19696133  0.13406527]
 [-0.15828685 -0.19102798]
 [-0.0410791  -0.16454293]
 [-0.01504641 -0.17742128]
 [-0.36120989 -0.2128538 ]
 [-0.14008461  0.16427804]
 [-0.09832638 -0.1288785 ]
 [ 0.12854306 -0.37815328]
 [ 0.25147765 -0.28343746]
 [ 0.34988828  0.17402039]
 [-0.36689719  0.23542449]
 [ 0.16858733 -0.05092892]
 [-0.21991977  0.10268702]
 [ 0.10675089  0.05042014]
 [-0.0569896   0.49043094]
 [ 0.05524793  0.23750959]
 [-0.19709821  0.24199827]
 [ 0.30840425 -0.27165172]
 [ 0.1539939   0.05303451]
 [-0.20713275  0.01583763]
 [-0.09401392 -0.11520233]
 [-0.07741966 -0.09640129]
 [-0.0755081  -0.02945448]
 [-0.03987488  0.01014526]
 [ 0.0832333   0.29178134]
 [-0.17474006 -0.07068139]
 [ 0.30328313 -0.01889563]
 [-0.16677174  0.03306013]
 [ 0.29405882 -0.21149076]
 [ 0.0999483   0.17479441]
 [-0.29146413  0.02492819]
 [-0.18276411  0.15009986]
 [ 0.20445633 -0.3394144 ]
 [-0.06505132 -0.01090192]
 [ 0.07439306 -0.12237892]
 [-0.1650784  -0.15527556]
 [-0.2202493   0.28621083]
 [-0.343952   -0.37098197]
 [-0.35639122 -0.35992002]
 [-0.17983758 -0.41964893]
 [ 0.25248473  0.00661984]
 [-0.0641551   0.06486459]
 [ 0.23099133  0.06399102]
 [-0.0819103  -0.11081458]
 [-0.02532593  0.08877717]
 [-0.01953002  0.41236891]
 [ 0.50751579 -0.19688402]
 [ 0.11450143  0.03793588]
 [-0.01145821 -0.03118757]
 [-0.01652579 -0.08443734]
 [-0.14876289  0.03375264]
 [-0.05525916 -0.20688117]
 [ 0.05274294 -0.30547395]
 [-0.56272235  0.09173742]
 [-0.38101606 -0.21965203]
 [ 0.1205454   0.30885914]
 [ 0.05414013  0.18497044]
 [-0.00944085  0.1477498 ]
 [ 0.13179023  0.10541238]
 [-0.08771323  0.01829757]
 [ 0.02812919 -0.45259127]
 [-0.06388399  0.11450174]
 [-0.13948483 -0.06582855]
 [ 0.47082461 -0.20940331]
 [-0.40462192 -0.12927829]
 [-0.169823    0.15101423]
 [-0.06343149 -0.31276577]
 [-0.09918778  0.08070177]
 [-0.33857958 -0.44866558]
 [-0.18886169 -0.1901363 ]
 [-0.14950168  0.15975229]
 [-0.0551816   0.05044264]
 [ 0.25482695 -0.23627075]
 [-0.17096036  0.1298164 ]
 [-0.07025803 -0.29923429]
 [-0.30897083 -0.26279988]
 [ 0.0571218   0.34946055]
 [ 0.1854191   0.14319495]
 [-0.06882918 -0.34417794]
 [ 0.09967844  0.12248855]
 [-0.33778394 -0.05645575]
 [ 0.04459936 -0.3711698 ]
 [-0.50295468  0.37970194]
 [ 0.01634619  0.00273483]
 [ 0.19727971 -0.30536001]
 [ 0.35017476  0.25756614]
 [-0.02624991  0.0832714 ]
 [ 0.36543641  0.27592541]
 [ 0.10871614  0.00392029]
 [ 0.04638017 -0.04621313]
 [ 0.27098451  0.19471521]
 [ 0.13807387  0.00111116]
 [-0.06957358  0.24890004]
 [-0.39345027  0.57634502]
 [ 0.03195726 -0.08533198]
 [ 0.09033667  0.10625684]
 [-0.23744512  0.13096691]
 [-0.0785432   0.19595368]
 [ 0.26420876  0.11922316]
 [-0.16414442  0.28168866]
 [ 0.03506004 -0.26255052]
 [-0.30336651  0.41887994]
 [-0.18751046  0.03211868]
 [-0.38779292  0.56093275]
 [ 0.37449878 -0.28194553]
 [ 0.00630427 -0.13331642]
 [-0.05069818 -0.17030285]
 [ 0.1312704  -0.21303419]
 [ 0.01182697  0.39927153]
 [ 0.22932831 -0.02847901]
 [-0.05084198 -0.55536036]
 [ 0.12391736 -0.24105237]
 [-0.27754989  0.32411596]
 [ 0.15955014 -0.04856696]
 [ 0.29315428 -0.18581963]
 [-0.2391145   0.0454988 ]
 [-0.56481022  0.20661542]
 [ 0.28266866  0.32258367]
 [ 0.00820858 -0.00327016]
 [ 0.03403743  0.00652659]
 [-0.07422674 -0.10170866]
 [ 0.26334765  0.0338973 ]
 [-0.14101471 -0.0029147 ]
 [-0.09306124 -0.5008219 ]
 [-0.01130451  0.45119241]
 [-0.39755365 -0.13389685]
 [ 0.19872807  0.08607039]
 [ 0.33765906 -0.08144541]
 [-0.36906889  0.05594839]
 [ 0.29637856  0.05576108]
 [ 0.10873012 -0.10567557]
 [ 0.16638453 -0.22986296]
 [-0.39197168 -0.21902732]
 [ 0.19986064  0.09631102]
 [ 0.09471017  0.24166582]
 [-0.32988266 -0.05695162]
 [-0.75610514 -0.09958984]
 [ 0.10212333 -0.0463419 ]
 [ 0.22666486  0.04852271]
 [-0.202268   -0.16161636]
 [-0.01756402  0.08062744]]
States:
[[0.99866684 0.99879771 0.54665878 0.46664634 0.5130587  0.5969895 ]
 [0.99953767 0.99843908 0.53142016 0.4620023  0.31987821 0.53593343]
 [0.9998763  0.99716907 0.4982633  0.44885793 0.28480811 0.48390013]
 ...
 [0.75839903 0.         0.07409229 0.71216326 0.14079599 0.76419226]
 [0.71205486 0.         0.04880959 0.68839135 0.20634404 0.77360015]
 [0.66477127 0.         0.02908279 0.66672334 0.16050057 0.72775004]]
Logstds:
[[-3. -3.]
 [-3. -3.]
 [-3. -3.]
 [-3. -3.]
 [-3. -3.]
 [-3. -3.]
 [-3. -3.]
 [-3. -3.]
 [-3. -3.]
 [-3. -3.]
 [-3. -3.]
 [-3. -3.]
 [-3. -3.]
 [-3. -3.]
 [-3. -3.]
 [-3. -3.]
 [-3. -3.]
 [-3. -3.]
 [-3. -3.]
 [-3. -3.]
 [-3. -3.]
 [-3. -3.]
 [-3. -3.]
 [-3. -3.]
 [-3. -3.]
 [-3. -3.]
 [-3. -3.]
 [-3. -3.]
 [-3. -3.]
 [-3. -3.]
 [-3. -3.]
 [-3. -3.]
 [-3. -3.]
 [-3. -3.]
 [-3. -3.]
 [-3. -3.]
 [-3. -3.]
 [-3. -3.]
 [-3. -3.]
 [-3. -3.]
 [-3. -3.]
 [-3. -3.]
 [-3. -3.]
 [-3. -3.]
 [-3. -3.]
 [-3. -3.]
 [-3. -3.]
 [-3. -3.]
 [-3. -3.]
 [-3. -3.]
 [-3. -3.]
 [-3. -3.]
 [-3. -3.]
 [-3. -3.]
 [-3. -3.]
 [-3. -3.]
 [-3. -3.]
 [-3. -3.]
 [-3. -3.]
 [-3. -3.]
 [-3. -3.]
 [-3. -3.]
 [-3. -3.]
 [-3. -3.]
 [-3. -3.]
 [-3. -3.]
 [-3. -3.]
 [-3. -3.]
 [-3. -3.]
 [-3. -3.]
 [-3. -3.]
 [-3. -3.]
 [-3. -3.]
 [-3. -3.]
 [-3. -3.]
 [-3. -3.]
 [-3. -3.]
 [-3. -3.]
 [-3. -3.]
 [-3. -3.]
 [-3. -3.]
 [-3. -3.]
 [-3. -3.]
 [-3. -3.]
 [-3. -3.]
 [-3. -3.]
 [-3. -3.]
 [-3. -3.]
 [-3. -3.]
 [-3. -3.]
 [-3. -3.]
 [-3. -3.]
 [-3. -3.]
 [-3. -3.]
 [-3. -3.]
 [-3. -3.]
 [-3. -3.]
 [-3. -3.]
 [-3. -3.]
 [-3. -3.]
 [-3. -3.]
 [-3. -3.]
 [-3. -3.]
 [-3. -3.]
 [-3. -3.]
 [-3. -3.]
 [-3. -3.]
 [-3. -3.]
 [-3. -3.]
 [-3. -3.]
 [-3. -3.]
 [-3. -3.]
 [-3. -3.]
 [-3. -3.]
 [-3. -3.]
 [-3. -3.]
 [-3. -3.]
 [-3. -3.]
 [-3. -3.]
 [-3. -3.]
 [-3. -3.]
 [-3. -3.]
 [-3. -3.]
 [-3. -3.]
 [-3. -3.]
 [-3. -3.]
 [-3. -3.]
 [-3. -3.]
 [-3. -3.]
 [-3. -3.]
 [-3. -3.]
 [-3. -3.]
 [-3. -3.]
 [-3. -3.]
 [-3. -3.]
 [-3. -3.]
 [-3. -3.]
 [-3. -3.]
 [-3. -3.]
 [-3. -3.]
 [-3. -3.]
 [-3. -3.]
 [-3. -3.]
 [-3. -3.]
 [-3. -3.]
 [-3. -3.]
 [-3. -3.]
 [-3. -3.]
 [-3. -3.]
 [-3. -3.]
 [-3. -3.]
 [-3. -3.]
 [-3. -3.]
 [-3. -3.]
 [-3. -3.]
 [-3. -3.]
 [-3. -3.]
 [-3. -3.]
 [-3. -3.]
 [-3. -3.]
 [-3. -3.]
 [-3. -3.]
 [-3. -3.]
 [-3. -3.]
 [-3. -3.]
 [-3. -3.]
 [-3. -3.]
 [-3. -3.]
 [-3. -3.]
 [-3. -3.]
 [-3. -3.]
 [-3. -3.]
 [-3. -3.]
 [-3. -3.]
 [-3. -3.]
 [-3. -3.]
 [-3. -3.]
 [-3. -3.]
 [-3. -3.]
 [-3. -3.]
 [-3. -3.]
 [-3. -3.]
 [-3. -3.]
 [-3. -3.]
 [-3. -3.]
 [-3. -3.]
 [-3. -3.]
 [-3. -3.]
 [-3. -3.]
 [-3. -3.]
 [-3. -3.]
 [-3. -3.]
 [-3. -3.]
 [-3. -3.]
 [-3. -3.]
 [-3. -3.]
 [-3. -3.]
 [-3. -3.]
 [-3. -3.]
 [-3. -3.]]
