Baseline:
[1.267878   1.281988   1.2699862  1.2915243  1.3004713  1.3170617
 1.3303008  1.3307537  1.3315575  1.3404641  1.3126423  1.3083472
 1.306016   1.3140066  1.3176341  1.3135352  1.3099822  1.3258355
 1.3158932  1.3286312  1.3295529  1.3256804  1.3197925  1.2971567
 1.3051046  1.2955285  1.2799473  1.3021619  1.2926719  1.3113319
 1.3049887  1.3075987  1.3161027  1.3247305  1.3177422  1.3064885
 1.2909473  1.2893536  1.2742801  1.2722305  1.2546337  1.2312057
 1.2101164  1.2190192  1.2051609  1.1972687  1.1863791  1.1653663
 1.1365974  1.1333019  1.1297283  1.1199667  1.1258311  1.1253986
 1.1273234  1.1173551  1.1174461  1.1159389  1.1077949  1.1067407
 1.0842494  1.0738807  1.0733778  1.0881207  1.0981735  1.1054434
 1.10641    1.1025724  1.117367   1.114442   1.1264217  1.1429684
 1.150232   1.1676543  1.1861582  1.1933566  1.1962727  1.1881049
 1.2099996  1.2154698  1.2287164  1.2276895  1.2345095  1.2396398
 1.2544975  1.2691059  1.2758455  1.2842593  1.296902   1.3034925
 1.3038678  1.2957003  1.312225   1.3049368  1.2959776  1.3127757
 1.3008921  1.3221763  1.3326637  1.3316314  1.3254861  1.3290087
 1.3303782  1.3270515  1.3080487  1.2952492  1.3026474  1.2832365
 1.2710835  1.2598004  1.2614915  1.2738223  1.2650506  1.2635369
 1.2498192  1.2715285  1.3118988  1.3176817  1.2952282  1.2879344
 1.289465   1.2905262  1.2853627  1.2758324  1.2583275  1.245219
 1.2313435  1.2280964  1.2340119  1.2276447  1.2276568  1.2043364
 1.1885009  1.2100043  1.1977649  1.1808097  1.1643012  1.160927
 1.1554413  1.143897   1.136347   1.1411058  1.1314111  1.1299698
 1.1090081  1.0917864  1.080271   1.0690316  1.0680847  1.0513512
 1.0374764  1.0264959  1.0210098  1.0150958  1.0062355  1.0005893
 1.000832   1.004095   1.015696   1.0504818  1.0568745  1.0626216
 1.0837224  1.0914344  1.0807469  1.0021697  0.9920917  0.99226725
 0.98679423 0.99813133 0.9778399  0.9674672  0.9875138  0.97236955
 0.9969506  0.9849219  0.9942952  0.9825594  0.98702526 0.9837928
 0.9775939  0.9925723  1.0040344  1.0228691  1.0237986  1.0278554
 1.0335333  1.054653   1.0759736  1.0889195  1.0973492  1.1016585
 1.1050134  1.1249166  1.1367021  1.1065285  1.0820019  1.083459
 1.0814216  1.0452268  1.0452268 ]
Returns:
[3.9505322  3.87953106 3.78047463 3.67596884 3.67113604 3.60181299
 3.60203859 3.64905003 3.63238065 3.65529084 3.44186243 3.46418296
 3.41796014 3.35794643 3.38095587 3.35087795 3.35975729 3.15670627
 3.12810797 2.86556094 2.85826017 2.87448904 2.88694253 2.76689133
 2.73457251 2.63945504 2.62616593 2.37408042 2.3772837  2.09711389
 2.1122665  2.08715918 1.9064746  1.81301954 1.8583564  1.69769741
 1.64833314 1.63132424 1.65664846 1.70778488 1.723734   1.70931968
 1.66739686 1.65142347 1.63994204 1.56813578 1.62503253 1.69648816
 1.71867479 1.73164136 1.60960054 1.67130251 1.62273587 1.71897714
 1.81336928 1.88794149 1.97232292 2.08104194 2.14643871 2.25585993
 2.11941929 1.97225415 2.08204218 2.06901975 1.96740246 2.07267768
 2.12843563 2.20662721 2.31350067 2.43239342 2.4835348  2.54053827
 2.64952699 2.80834052 2.87886346 2.9846391  3.02518161 3.01018848
 3.03330022 3.17629018 3.30727109 3.36793153 3.49702846 3.61849652
 3.74363207 3.86200822 3.98377633 4.0919467  4.0808679  4.08816885
 4.18972378 4.25696055 4.29042403 4.19596162 4.23807583 4.13119019
 4.19142247 4.13360622 4.0972191  4.17675086 4.2522245  4.34469141
 4.43173234 4.53771564 4.53735345 4.58488615 4.44505185 4.4674165
 4.48127191 4.53629568 4.55919595 4.44062504 4.45212556 4.51800084
 4.574646   4.51028241 4.07042743 4.05158101 3.84464802 3.78756721
 3.80599443 3.73742262 3.69418574 3.70867416 3.71231911 3.7060034
 3.71637787 3.72343328 3.72130497 3.7661013  3.77889251 3.73478669
 3.7358401  3.40321794 3.32222696 3.29411308 3.29251928 3.32979585
 3.31437809 3.32170487 3.2842808  3.22404813 3.2830658  3.25595229
 3.28427213 3.19468705 3.27764986 3.32227774 3.32005747 3.36998625
 3.36155719 3.45290968 3.56007774 3.67854515 3.76746765 3.76149829
 3.90020272 4.00659269 3.76895735 3.41968057 3.35866097 3.27714296
 3.17073654 3.20713717 3.2575527  3.22334304 3.22701444 3.30940845
 3.3510938  3.29621463 3.24467172 3.18923945 3.1385036  3.01319065
 2.92660257 2.93884626 2.95791415 2.89103826 2.68328299 2.71664314
 2.68295998 2.65295952 2.51724123 2.49172081 2.47195283 2.41821111
 2.42800663 2.38645546 2.08733914 2.02262349 1.91114113 1.77940937
 1.72676189 1.42241962 1.11214068 0.97065477 0.67048153 0.62939038
 0.60155795 0.28028762]
Advants:
[1.95498281 1.88821984 1.8183841  1.70712753 1.70896841 1.63734937
 1.63944546 1.70384075 1.70518328 1.74003857 1.57131951 1.61708461
 1.5926163  1.54358654 1.58415891 1.58037199 1.61727138 1.4181482
 1.42038138 1.15925098 1.16613464 1.20325088 1.24062368 1.16084813
 1.13847858 1.06971334 1.09028168 0.82733105 0.85273333 0.55845311
 0.58555076 0.56305526 0.3736821  0.26824182 0.31854177 0.16231804
 0.12004969 0.0949929  0.12617714 0.17100971 0.19652811 0.19710908
 0.1664803  0.130205   0.12028518 0.0410502  0.09430716 0.17386818
 0.21239266 0.21566762 0.07944308 0.13384673 0.05921923 0.13696597
 0.21175371 0.27972318 0.34863784 0.44558753 0.50699525 0.60772073
 0.47966674 0.32333327 0.41583383 0.36790406 0.23089797 0.30444016
 0.33437891 0.39197549 0.46038818 0.56029129 0.57688266 0.59409764
 0.67374713 0.79555514 0.82793163 0.90824166 0.92720846 0.89992293
 0.87897449 0.9966936  1.09658186 1.1408107  1.24792369 1.35140393
 1.45113951 1.54667637 1.65633032 1.75333978 1.72590344 1.72260455
 1.82256261 1.89897323 1.91752806 1.8294114  1.88104175 1.75413693
 1.8249879  1.74206829 1.68959977 1.7665848  1.84684405 1.93706373
 2.02676883 2.14383686 2.17147296 2.24343286 2.10426502 2.1560842
 2.19379622 2.27485445 2.31272752 2.1958608  2.23199058 2.31867217
 2.41214738 2.34849361 1.8777448  1.86263771 1.68278584 1.63648103
 1.65767908 1.5905602  1.55403753 1.58048202 1.6049185  1.61548783
 1.64458602 1.66046851 1.65823116 1.71727834 1.73900776 1.72729233
 1.75454629 1.40071627 1.33015908 1.31669579 1.32957087 1.36926544
 1.35798863 1.3759839  1.34423572 1.27520053 1.34164956 1.3127273
 1.36000616 1.28323148 1.37584465 1.43141565 1.42978145 1.49811395
 1.50554059 1.61318807 1.73509378 1.87336158 1.98923797 2.00853973
 2.1725805  2.30665501 2.08329413 1.71543316 1.66351762 1.59037058
 1.47424057 1.51616289 1.59351671 1.65689154 1.6916927  1.79929902
 1.87546654 1.83868274 1.83840443 1.82556286 1.78755386 1.70954331
 1.62983351 1.68899595 1.73685249 1.72141994 1.5457253  1.62308779
 1.63899645 1.63971592 1.53757475 1.54072384 1.57093734 1.56659901
 1.62885826 1.62734373 1.36336251 1.34456405 1.28482101 1.20986702
 1.21842335 0.95420806 0.68732692 0.63245607 0.40953391 0.42288566
 0.45695476 0.22802627]
Mus:
[[-1.80859603e-02 -6.50314381e-03]
 [-1.78535581e-02 -6.03692746e-03]
 [-1.81783587e-02 -5.74852154e-03]
 [-1.85617637e-02 -5.72512904e-03]
 [-1.89164970e-02 -5.58822881e-03]
 [-1.92594156e-02 -5.96617674e-03]
 [-1.91606581e-02 -6.06626924e-03]
 [-1.88151486e-02 -5.90691576e-03]
 [-1.80922151e-02 -5.19214896e-03]
 [-1.78998448e-02 -5.03941905e-03]
 [-1.72386039e-02 -4.97041224e-03]
 [-1.68720577e-02 -4.79149586e-03]
 [-1.61555149e-02 -4.20843670e-03]
 [-1.61016323e-02 -3.85483750e-03]
 [-1.60685126e-02 -4.02423507e-03]
 [-1.57589745e-02 -3.61288758e-03]
 [-1.57172773e-02 -3.54302628e-03]
 [-1.62726883e-02 -3.29458294e-03]
 [-1.62888579e-02 -3.29449773e-03]
 [-1.69847645e-02 -2.96928664e-03]
 [-1.62201077e-02 -2.91039259e-03]
 [-1.62633527e-02 -2.93422607e-03]
 [-1.62802674e-02 -2.93909386e-03]
 [-1.56333484e-02 -3.12972325e-03]
 [-1.66672096e-02 -3.43654491e-03]
 [-1.68448370e-02 -3.51379113e-03]
 [-1.69696007e-02 -3.95325292e-03]
 [-1.90672930e-02 -4.29239543e-03]
 [-1.96500253e-02 -4.77921730e-03]
 [-2.09358037e-02 -4.68061911e-03]
 [-2.10709590e-02 -4.86843474e-03]
 [-2.15480868e-02 -4.84306738e-03]
 [-2.17257235e-02 -4.38195094e-03]
 [-2.09247861e-02 -3.79492785e-03]
 [-1.95782259e-02 -3.41853662e-03]
 [-1.80296339e-02 -2.57025496e-03]
 [-1.69583671e-02 -2.59179529e-03]
 [-1.53776845e-02 -2.11870181e-03]
 [-1.41657628e-02 -2.03570724e-03]
 [-1.28594255e-02 -1.61180634e-03]
 [-1.17996531e-02 -1.65136612e-03]
 [-1.09434556e-02 -1.71723019e-03]
 [-1.02678826e-02 -2.02178513e-03]
 [-1.00674015e-02 -1.74522609e-03]
 [-9.46718361e-03 -1.48712762e-03]
 [-8.32931977e-03 -6.90096116e-04]
 [-6.89553330e-03 -1.20978793e-05]
 [-5.29981777e-03  5.24381059e-04]
 [-3.53391818e-03  1.03086676e-03]
 [-2.16140132e-03  1.70804327e-03]
 [-1.71715952e-03  1.55781431e-03]
 [-4.26340761e-04  2.18550744e-03]
 [-2.78109655e-04  2.03931076e-03]
 [ 9.57427474e-05  2.14468804e-03]
 [ 4.26917250e-04  2.30320077e-03]
 [ 1.35929883e-03  2.76160752e-03]
 [ 2.48648878e-03  3.40642361e-03]
 [ 3.14297504e-03  3.61538492e-03]
 [ 2.88512348e-03  3.11223045e-03]
 [ 3.72667424e-03  3.64206708e-03]
 [ 5.67806046e-03  4.59521823e-03]
 [ 4.79205884e-03  3.62728862e-03]
 [ 4.57175495e-03  3.47799645e-03]
 [ 5.25881210e-03  4.09570616e-03]
 [ 2.91548576e-03  2.60732882e-03]
 [ 1.60645775e-03  1.91469467e-03]
 [-1.11106783e-03  3.47658235e-04]
 [-2.65074521e-03 -2.62119545e-04]
 [-3.07272351e-03 -2.43968549e-04]
 [-4.30367934e-03 -7.95348431e-04]
 [-6.89361244e-03 -2.06266809e-03]
 [-9.54511948e-03 -3.31066456e-03]
 [-1.28963785e-02 -4.96375933e-03]
 [-1.40755624e-02 -5.27557731e-03]
 [-1.39484806e-02 -4.76506865e-03]
 [-1.39200939e-02 -4.44217119e-03]
 [-1.68232676e-02 -6.08695531e-03]
 [-1.91263314e-02 -7.36181531e-03]
 [-1.96025092e-02 -7.11290259e-03]
 [-2.09830683e-02 -7.70882843e-03]
 [-2.21808925e-02 -8.13496858e-03]
 [-2.46051531e-02 -9.49006341e-03]
 [-2.65332889e-02 -1.03895208e-02]
 [-2.73607373e-02 -1.06821880e-02]
 [-2.82510705e-02 -1.09707126e-02]
 [-2.86436565e-02 -1.09821847e-02]
 [-2.87952386e-02 -1.09555423e-02]
 [-2.95671169e-02 -1.13447830e-02]
 [-2.78488398e-02 -1.02039780e-02]
 [-2.54946146e-02 -8.90289433e-03]
 [-2.45133620e-02 -8.46187118e-03]
 [-2.49819923e-02 -8.96486733e-03]
 [-2.52581984e-02 -9.21178050e-03]
 [-2.19392553e-02 -7.44654331e-03]
 [-2.04338916e-02 -6.74045831e-03]
 [-1.96241364e-02 -6.09558308e-03]
 [-1.96211133e-02 -6.26144046e-03]
 [-2.02344526e-02 -6.49224548e-03]
 [-2.21794900e-02 -7.80450972e-03]
 [-2.09143385e-02 -7.16326293e-03]
 [-1.99115761e-02 -6.66575041e-03]
 [-1.98120009e-02 -6.72637951e-03]
 [-1.91224683e-02 -6.28894474e-03]
 [-1.87646467e-02 -6.08739676e-03]
 [-1.76412184e-02 -5.50659187e-03]
 [-1.66650396e-02 -5.10887103e-03]
 [-1.92635376e-02 -6.80388231e-03]
 [-1.84779298e-02 -6.61848811e-03]
 [-1.75094213e-02 -6.09908812e-03]
 [-1.69664975e-02 -5.92341833e-03]
 [-1.64113492e-02 -5.60563197e-03]
 [-1.78092383e-02 -6.80697849e-03]
 [-1.65768098e-02 -6.10370794e-03]
 [-1.58885103e-02 -5.85872959e-03]
 [-1.47223929e-02 -5.54405339e-03]
 [-1.55008500e-02 -6.00618543e-03]
 [-1.50504615e-02 -5.52706327e-03]
 [-1.60299204e-02 -6.27102936e-03]
 [-1.40616745e-02 -4.82865982e-03]
 [-1.50946146e-02 -5.74908312e-03]
 [-1.54463965e-02 -6.18217327e-03]
 [-1.40468096e-02 -5.15558524e-03]
 [-1.33447051e-02 -4.44958685e-03]
 [-1.40340105e-02 -4.96265898e-03]
 [-1.42127825e-02 -5.20742033e-03]
 [-1.35320574e-02 -4.74578794e-03]
 [-1.30671477e-02 -4.57822625e-03]
 [-1.28452368e-02 -4.92517138e-03]
 [-1.31742181e-02 -5.47714811e-03]
 [-1.31096272e-02 -5.68761770e-03]
 [-1.25844786e-02 -5.44442469e-03]
 [-1.05907833e-02 -4.48423717e-03]
 [-9.67173744e-03 -4.45663277e-03]
 [-1.36363152e-02 -6.97095273e-03]
 [-1.13452394e-02 -5.59983868e-03]
 [-9.51303635e-03 -4.55073128e-03]
 [-9.31815803e-03 -4.80020372e-03]
 [-9.53947846e-03 -4.97461064e-03]
 [-8.44076928e-03 -4.24171099e-03]
 [-7.07306992e-03 -3.46499868e-03]
 [-8.57941341e-03 -4.60372586e-03]
 [-9.53708217e-03 -5.03835594e-03]
 [-9.31068696e-03 -4.84317774e-03]
 [-1.17252860e-02 -6.09509973e-03]
 [-1.33829582e-02 -7.14226579e-03]
 [-9.95655172e-03 -5.25741745e-03]
 [-9.79165267e-03 -5.28491661e-03]
 [-1.13202296e-02 -6.34612888e-03]
 [-9.43972822e-03 -5.40294778e-03]
 [-8.62648617e-03 -4.99968743e-03]
 [-1.00091249e-02 -5.99441538e-03]
 [-7.60185951e-03 -4.90764529e-03]
 [-5.60464663e-03 -3.97963263e-03]
 [-3.95158352e-03 -3.24296718e-03]
 [-1.11588126e-03 -1.93380262e-03]
 [ 2.15306110e-03 -6.44558968e-05]
 [ 2.78900634e-03  1.89670580e-04]
 [ 3.47265857e-03  7.13821617e-04]
 [ 4.14165668e-03  1.86983962e-03]
 [ 3.75311240e-03  1.91269920e-03]
 [ 2.32171570e-03  2.06959015e-03]
 [-7.58515031e-04 -6.00624116e-05]
 [-5.83257945e-03 -2.55982461e-03]
 [-1.09303920e-02 -4.83482005e-03]
 [-1.58843789e-02 -7.08860857e-03]
 [-1.00943847e-02 -3.23373731e-03]
 [-9.54869669e-03 -2.50785681e-03]
 [-1.16276499e-02 -3.35001107e-03]
 [-1.42387813e-02 -4.54480760e-03]
 [-1.70251764e-02 -5.95317548e-03]
 [-1.58843510e-02 -5.14150830e-03]
 [-1.40311606e-02 -3.89550417e-03]
 [-1.44677842e-02 -3.91754601e-03]
 [-1.48751996e-02 -4.26754868e-03]
 [-1.62952095e-02 -4.78836708e-03]
 [-1.53877642e-02 -4.26572049e-03]
 [-1.52201522e-02 -3.98638844e-03]
 [-1.28250513e-02 -2.64524971e-03]
 [-1.51149593e-02 -4.03622258e-03]
 [-1.38576347e-02 -3.48887756e-03]
 [-1.16881188e-02 -2.63535697e-03]
 [-1.16814319e-02 -2.50428915e-03]
 [-1.13786021e-02 -1.93033693e-03]
 [-1.23303393e-02 -2.12960737e-03]
 [-1.25778029e-02 -2.19388749e-03]
 [-1.29918028e-02 -2.51301634e-03]
 [-1.28190732e-02 -2.40524393e-03]
 [-1.39902569e-02 -3.07866815e-03]
 [-1.63499583e-02 -4.84173326e-03]
 [-1.69895422e-02 -5.20412717e-03]
 [-1.88361481e-02 -6.41204463e-03]
 [-1.81530621e-02 -5.87088009e-03]
 [-1.84765216e-02 -5.84789086e-03]
 [-2.24830583e-02 -7.78571004e-03]
 [-2.72628143e-02 -1.02509353e-02]
 [-2.86221653e-02 -1.06110210e-02]
 [-2.53631175e-02 -8.49964190e-03]
 [-2.70359740e-02 -9.15324315e-03]
 [-2.84038819e-02 -9.63200908e-03]
 [-2.76211035e-02 -9.16621834e-03]]
Actions:
[[ 2.98076349e-01  2.72874776e-02]
 [ 6.63878461e-02 -3.17483474e-01]
 [ 2.67904375e-01  2.04270668e-01]
 [ 1.65044584e-01 -2.19699389e-05]
 [-2.63943726e-02  3.33204866e-01]
 [-3.43146034e-02  2.40823487e-01]
 [-1.12669775e-01  1.91701734e-02]
 [ 1.15740753e-01 -1.55574273e-01]
 [ 2.84551476e-02  1.02434713e-01]
 [-4.65785867e-01 -2.70303346e-01]
 [-5.02719187e-02 -6.59050328e-02]
 [ 1.28513754e-01 -1.75320079e-01]
 [ 2.33221235e-01 -5.08391383e-02]
 [-1.06798739e-01  1.25560755e-01]
 [ 7.62273532e-02 -1.98876695e-01]
 [-2.12908990e-02 -1.03702427e-01]
 [ 4.05624056e-01  2.04402117e-02]
 [-1.40401399e-01 -1.84797625e-01]
 [ 4.33411949e-01 -1.58554367e-01]
 [-1.64425499e-01  1.14884245e-01]
 [-7.19613881e-02 -8.25233701e-02]
 [-6.06121922e-02 -1.25623979e-01]
 [-3.90297131e-01 -1.78995261e-01]
 [ 1.69531962e-01  1.06822917e-01]
 [-7.24178635e-02 -3.32073327e-01]
 [-2.32969948e-01 -1.73272984e-02]
 [ 4.55229957e-01  9.58204747e-02]
 [-1.42146923e-01  1.58166978e-01]
 [ 4.37974794e-01 -1.95799186e-01]
 [-1.02621992e-01 -3.47248761e-03]
 [ 1.66694088e-01  1.41649318e-02]
 [ 3.85042917e-01 -1.08321547e-01]
 [ 2.95107989e-01  6.62558827e-03]
 [-5.94364891e-02  1.51802971e-02]
 [ 1.83061690e-01 -3.47253112e-01]
 [-2.85025391e-01  1.94265569e-01]
 [ 3.93463504e-02  2.34116652e-01]
 [-2.42124606e-01  9.93588739e-02]
 [ 4.50237624e-02  1.23288040e-01]
 [-2.66594568e-01  1.11279994e-01]
 [-3.21783232e-01 -6.85133809e-02]
 [-3.50815249e-01  1.58944779e-01]
 [ 2.28922833e-01  1.02612691e-01]
 [-1.09517667e-01 -2.81520552e-01]
 [ 1.17013110e-01 -3.52067518e-01]
 [ 6.08001569e-02 -1.01789206e-01]
 [-9.89381611e-02 -7.89444267e-02]
 [-2.27059444e-01 -1.41475077e-01]
 [ 1.82116104e-01  1.48846065e-01]
 [-7.26160596e-02  4.56473421e-01]
 [ 2.20498507e-02 -1.77756898e-01]
 [-8.47862570e-04  3.70623774e-01]
 [ 4.47460386e-03  4.95328801e-02]
 [ 5.83380757e-02  5.24422088e-02]
 [-2.14293768e-02 -1.92900448e-01]
 [ 1.38320329e-01 -5.15720423e-02]
 [ 2.19202727e-02  7.27325522e-02]
 [-2.20936857e-01  1.36365383e-01]
 [ 1.06572370e-01 -1.01664489e-01]
 [-1.06942500e-01 -5.13018951e-01]
 [-3.32193637e-01  4.08702514e-01]
 [-3.58379313e-02  7.22290300e-02]
 [ 3.25139294e-01  1.05383968e-01]
 [-1.39323937e-01  4.61844515e-01]
 [-3.41721075e-02  1.42572296e-01]
 [-2.07661445e-01  1.97994796e-01]
 [-2.00025406e-01 -1.77497790e-01]
 [ 1.45102157e-01  3.12611104e-02]
 [-1.62755693e-01 -9.24611693e-02]
 [-1.03986676e-02  2.92841252e-01]
 [ 2.55934742e-02  2.85678983e-01]
 [-1.53980978e-01  1.69436024e-01]
 [ 5.68574462e-02 -1.25894752e-02]
 [ 2.05972606e-01 -1.65976046e-01]
 [ 6.88045434e-02 -1.81304591e-01]
 [-2.62938009e-01  2.45448754e-01]
 [-4.46485307e-01 -7.41069196e-02]
 [ 2.91153283e-01  3.09571349e-02]
 [-1.04604718e-01  1.76605932e-02]
 [ 3.65325239e-02  9.31530838e-02]
 [-3.21772647e-01  1.09429056e-01]
 [-1.44824673e-01  8.66270060e-02]
 [-9.11360732e-02 -2.65021889e-02]
 [ 2.34319636e-02  7.32937327e-02]
 [ 5.35404199e-02  2.19145463e-02]
 [-3.02574036e-02 -3.91440332e-02]
 [-1.10034877e-01  6.69077549e-02]
 [ 2.61750312e-01 -1.47283944e-01]
 [ 2.06260828e-01 -1.52836849e-01]
 [-1.70998330e-03 -6.47018652e-02]
 [-2.95283233e-01 -2.13754925e-02]
 [ 1.00860085e-01  2.34647391e-01]
 [ 1.75331385e-01 -3.47717841e-01]
 [-3.98275771e-03 -2.22547979e-01]
 [ 3.64618906e-01  1.02052689e-01]
 [-2.21331971e-01 -1.24719495e-01]
 [ 2.16480183e-01  2.98501536e-01]
 [-2.39167098e-01  3.57659458e-01]
 [ 1.89760413e-02 -7.21773327e-02]
 [-5.26959968e-02 -1.10675119e-01]
 [-3.89535205e-02  1.07404964e-01]
 [ 7.21693055e-02 -8.68527864e-03]
 [-2.54565167e-02 -2.48344405e-02]
 [-1.43689215e-01 -2.82042312e-01]
 [-8.14563528e-02 -1.82800772e-01]
 [-2.25100750e-01  4.69535255e-01]
 [-2.10826768e-01 -1.81971727e-01]
 [ 4.62228032e-02 -2.12548787e-01]
 [-5.24197300e-03 -1.09744086e-01]
 [ 1.85517983e-01 -1.89980729e-02]
 [-1.22483876e-01  4.53067552e-01]
 [ 1.08656428e-01 -1.66301976e-01]
 [ 5.15221911e-02 -4.43531493e-03]
 [-1.12942277e-01 -1.00468383e-01]
 [ 1.92237298e-01  3.00795716e-01]
 [ 5.65752316e-01  3.46277811e-01]
 [-1.10227089e-01  2.73966534e-01]
 [ 5.61380490e-02 -4.53620548e-01]
 [-2.80825703e-01  1.83487948e-01]
 [-6.39256132e-02  1.76134328e-01]
 [ 2.51679511e-01 -1.06937603e-01]
 [ 1.67353674e-01 -1.36519192e-01]
 [-1.72379187e-01  5.37758999e-02]
 [-2.02803774e-01 -5.44767545e-02]
 [ 1.44161314e-02 -1.55110202e-01]
 [-9.64712491e-02 -1.02269446e-01]
 [-1.70604490e-01  1.28480206e-01]
 [-4.79153284e-02  2.20970714e-01]
 [-7.33394525e-02  5.35784196e-02]
 [ 1.52709215e-01  6.58456194e-02]
 [-6.12913202e-02 -2.58936194e-01]
 [-2.18214911e-01 -5.19084129e-02]
 [-8.28243362e-02  6.19360569e-01]
 [ 2.78217251e-01 -1.59773444e-01]
 [ 1.06836922e-01 -1.91964637e-01]
 [-2.19652526e-01 -1.80326453e-02]
 [ 4.56661116e-02  8.03539875e-02]
 [ 2.13093281e-01 -5.82047592e-02]
 [ 6.77034420e-02 -1.65384674e-01]
 [-2.65988549e-01  1.70302463e-01]
 [ 2.09529938e-01  2.51629178e-01]
 [ 5.77223123e-02 -2.91554594e-02]
 [ 6.11535808e-02  3.01323875e-01]
 [-2.40946273e-01  4.57461784e-02]
 [ 9.69754331e-02 -3.71559898e-01]
 [-5.90978749e-02 -1.85068685e-02]
 [-2.10217590e-01  1.25563233e-01]
 [ 2.87654405e-01  7.72529731e-02]
 [-1.12522391e-01 -1.97222793e-01]
 [-3.48740497e-01  6.72527488e-03]
 [ 1.77122129e-02 -1.41762836e-01]
 [ 5.98635783e-02 -8.41410342e-02]
 [ 2.61752737e-03 -8.65602196e-02]
 [-1.27268343e-02 -1.97383219e-01]
 [ 2.42937725e-01 -2.45522794e-01]
 [ 7.67302633e-03 -2.23670368e-03]
 [ 1.98474615e-01  3.41852065e-03]
 [ 5.80398198e-01 -9.33221390e-04]
 [ 4.96246377e-01  4.54283508e-01]
 [ 3.97402108e-01 -1.02416446e-02]
 [-3.59063364e-01  2.72096328e-01]
 [-7.06388687e-02  4.68287894e-01]
 [-7.37341988e-02  2.77155640e-01]
 [-2.79762009e-01  5.29199340e-02]
 [ 1.66013180e-01  3.50430214e-01]
 [ 2.45141827e-01  1.51181909e-01]
 [-6.88690768e-02  1.37622766e-01]
 [-2.64845175e-01 -4.23065049e-02]
 [-1.80090978e-01  3.81460931e-01]
 [-1.47874873e-02 -3.98822392e-01]
 [ 2.15075226e-01 -2.96060829e-01]
 [ 2.56674708e-01  2.18514503e-01]
 [-4.09872456e-01 -2.25192318e-01]
 [ 2.05997113e-01  3.09093548e-01]
 [-3.91301153e-02 -2.30785590e-01]
 [ 1.90126468e-01  4.88861063e-02]
 [ 1.27604433e-01 -3.23148964e-01]
 [-5.13631821e-01  1.48313244e-01]
 [-5.98961696e-02 -1.04032813e-01]
 [-2.13684157e-01 -1.79067205e-01]
 [ 2.30161194e-01  7.84541486e-02]
 [ 3.78169144e-01 -4.74968456e-02]
 [ 1.68938037e-01  1.08792757e-01]
 [-1.76661071e-01 -8.34165727e-02]
 [-2.72431336e-01  8.88687213e-04]
 [-5.89718405e-02 -3.19462351e-02]
 [-3.81975369e-02  2.13706492e-01]
 [-4.00088743e-01  3.92640072e-01]
 [ 1.35422099e-01  1.93364980e-01]
 [-1.21119073e-01  3.02230380e-01]
 [ 3.22302420e-01  3.03878850e-02]
 [ 1.71668471e-01  7.75328604e-02]
 [ 8.03471283e-02  5.32309915e-01]
 [-5.45686926e-02  5.50540514e-01]
 [-2.29236937e-01 -2.84760779e-01]
 [ 2.58097874e-01 -4.32996576e-01]
 [ 6.00348152e-03  9.65237507e-02]
 [-1.96933240e-02  1.23030064e-02]
 [-2.82549911e-01 -4.64789622e-01]
 [-1.45734225e-01  4.52585599e-01]]
States:
[[0.99999042 0.997605   0.50642146 0.45295065 0.51320595 0.59728269]
 [0.999992   0.99766114 0.51244335 0.45350416 0.58964679 0.60440131]
 [0.9997488  0.99710721 0.52567708 0.44830361 0.60519263 0.5210525 ]
 ...
 [0.99781    0.         0.46205033 0.74814818 0.58739824 0.81764852]
 [0.99871514 0.         0.47315495 0.71877633 0.58087824 0.81650742]
 [0.99903162 0.         0.47795108 0.6973395  0.50701647 0.69036041]]
Logstds:
[[-3. -3.]
 [-3. -3.]
 [-3. -3.]
 [-3. -3.]
 [-3. -3.]
 [-3. -3.]
 [-3. -3.]
 [-3. -3.]
 [-3. -3.]
 [-3. -3.]
 [-3. -3.]
 [-3. -3.]
 [-3. -3.]
 [-3. -3.]
 [-3. -3.]
 [-3. -3.]
 [-3. -3.]
 [-3. -3.]
 [-3. -3.]
 [-3. -3.]
 [-3. -3.]
 [-3. -3.]
 [-3. -3.]
 [-3. -3.]
 [-3. -3.]
 [-3. -3.]
 [-3. -3.]
 [-3. -3.]
 [-3. -3.]
 [-3. -3.]
 [-3. -3.]
 [-3. -3.]
 [-3. -3.]
 [-3. -3.]
 [-3. -3.]
 [-3. -3.]
 [-3. -3.]
 [-3. -3.]
 [-3. -3.]
 [-3. -3.]
 [-3. -3.]
 [-3. -3.]
 [-3. -3.]
 [-3. -3.]
 [-3. -3.]
 [-3. -3.]
 [-3. -3.]
 [-3. -3.]
 [-3. -3.]
 [-3. -3.]
 [-3. -3.]
 [-3. -3.]
 [-3. -3.]
 [-3. -3.]
 [-3. -3.]
 [-3. -3.]
 [-3. -3.]
 [-3. -3.]
 [-3. -3.]
 [-3. -3.]
 [-3. -3.]
 [-3. -3.]
 [-3. -3.]
 [-3. -3.]
 [-3. -3.]
 [-3. -3.]
 [-3. -3.]
 [-3. -3.]
 [-3. -3.]
 [-3. -3.]
 [-3. -3.]
 [-3. -3.]
 [-3. -3.]
 [-3. -3.]
 [-3. -3.]
 [-3. -3.]
 [-3. -3.]
 [-3. -3.]
 [-3. -3.]
 [-3. -3.]
 [-3. -3.]
 [-3. -3.]
 [-3. -3.]
 [-3. -3.]
 [-3. -3.]
 [-3. -3.]
 [-3. -3.]
 [-3. -3.]
 [-3. -3.]
 [-3. -3.]
 [-3. -3.]
 [-3. -3.]
 [-3. -3.]
 [-3. -3.]
 [-3. -3.]
 [-3. -3.]
 [-3. -3.]
 [-3. -3.]
 [-3. -3.]
 [-3. -3.]
 [-3. -3.]
 [-3. -3.]
 [-3. -3.]
 [-3. -3.]
 [-3. -3.]
 [-3. -3.]
 [-3. -3.]
 [-3. -3.]
 [-3. -3.]
 [-3. -3.]
 [-3. -3.]
 [-3. -3.]
 [-3. -3.]
 [-3. -3.]
 [-3. -3.]
 [-3. -3.]
 [-3. -3.]
 [-3. -3.]
 [-3. -3.]
 [-3. -3.]
 [-3. -3.]
 [-3. -3.]
 [-3. -3.]
 [-3. -3.]
 [-3. -3.]
 [-3. -3.]
 [-3. -3.]
 [-3. -3.]
 [-3. -3.]
 [-3. -3.]
 [-3. -3.]
 [-3. -3.]
 [-3. -3.]
 [-3. -3.]
 [-3. -3.]
 [-3. -3.]
 [-3. -3.]
 [-3. -3.]
 [-3. -3.]
 [-3. -3.]
 [-3. -3.]
 [-3. -3.]
 [-3. -3.]
 [-3. -3.]
 [-3. -3.]
 [-3. -3.]
 [-3. -3.]
 [-3. -3.]
 [-3. -3.]
 [-3. -3.]
 [-3. -3.]
 [-3. -3.]
 [-3. -3.]
 [-3. -3.]
 [-3. -3.]
 [-3. -3.]
 [-3. -3.]
 [-3. -3.]
 [-3. -3.]
 [-3. -3.]
 [-3. -3.]
 [-3. -3.]
 [-3. -3.]
 [-3. -3.]
 [-3. -3.]
 [-3. -3.]
 [-3. -3.]
 [-3. -3.]
 [-3. -3.]
 [-3. -3.]
 [-3. -3.]
 [-3. -3.]
 [-3. -3.]
 [-3. -3.]
 [-3. -3.]
 [-3. -3.]
 [-3. -3.]
 [-3. -3.]
 [-3. -3.]
 [-3. -3.]
 [-3. -3.]
 [-3. -3.]
 [-3. -3.]
 [-3. -3.]
 [-3. -3.]
 [-3. -3.]
 [-3. -3.]
 [-3. -3.]
 [-3. -3.]
 [-3. -3.]
 [-3. -3.]
 [-3. -3.]
 [-3. -3.]
 [-3. -3.]
 [-3. -3.]
 [-3. -3.]
 [-3. -3.]
 [-3. -3.]
 [-3. -3.]
 [-3. -3.]]
