Baseline:
[0.48121688 0.48776028 0.49215582 0.47754937 0.48160556 0.47842446
 0.47842863 0.47248697 0.4769629  0.46422747 0.46363238 0.4587544
 0.45810026 0.45369533 0.4638643  0.44879043 0.44596043 0.45225015
 0.44573188 0.45756516 0.4650019  0.47347057 0.47955853 0.47632578
 0.46659502 0.45376617 0.4746352  0.4716736  0.46066064 0.4580701
 0.44801673 0.46996102 0.45985627 0.45748237 0.45715407 0.44576737
 0.4529798  0.44945273 0.44593573 0.4388223  0.42842937 0.42548177
 0.41973054 0.40841815 0.3894067  0.38555518 0.36714068 0.37962878
 0.3809483  0.388227   0.39344603 0.40957436 0.40308097 0.38832805
 0.38502118 0.38661993 0.3926514  0.39263996 0.39598203 0.38212284
 0.37951496 0.3728633  0.35023838 0.3255999  0.32323563 0.31342593
 0.30915633 0.29967573 0.3017393  0.2995421  0.29106346 0.29519156
 0.29412717 0.2835091  0.28791934 0.288098   0.2754102  0.2775465
 0.27757698 0.27125508 0.2528924  0.25264165 0.25968498 0.26025006
 0.27228603 0.27227297 0.26605415 0.26121467 0.26336667 0.24772336
 0.24755342 0.24773562 0.23743822 0.22072594 0.21914747 0.20377879
 0.20471892 0.18793374 0.19327618 0.19835566 0.2245355  0.22770022
 0.23119102 0.22736426 0.24659213 0.2567068  0.2597071  0.24893571
 0.2476585  0.25400475 0.2558537  0.25339696 0.25145698 0.23706436
 0.22771712 0.21748768 0.21262373 0.22995941 0.2278895  0.2693582
 0.27377245 0.28798354 0.2671669  0.25189456 0.2577276  0.24759053
 0.2488956  0.2729593  0.28772533 0.30271062 0.3245719  0.3471608
 0.35028633 0.3529066  0.3625695  0.37778518 0.3974149  0.42431912
 0.42173043 0.43825588 0.4427373  0.45277473 0.44575056 0.4488189
 0.44760767 0.45747516 0.46830884 0.46104354 0.46141928 0.47380412
 0.48513675 0.4792041  0.491335   0.50116444 0.4928603  0.4934851
 0.49263215 0.5035419  0.48821208 0.47767574 0.48038575 0.4762996
 0.46735117 0.47728327 0.46012703 0.4661189  0.46107447 0.45303807
 0.4432765  0.43825436 0.42872316 0.42463857 0.4294022  0.42462048
 0.4169084  0.41374844 0.4143106  0.40877464 0.4163705  0.40309474
 0.40276226 0.42467746 0.43598226 0.40981963 0.40379623 0.39127648
 0.39638427 0.40628004 0.39460167 0.36380205 0.35822555 0.36362037
 0.36107528 0.3701218  0.34046572 0.33575472 0.30959395 0.29310045
 0.2746738  0.26769087 0.26769087]
Returns:
[ 2.13227093e+00  2.21099226e+00  2.33259312e+00  2.30918970e+00
  2.44295731e+00  2.04930697e+00  2.18064062e+00  2.08201174e+00
  1.94628394e+00  1.90684319e+00  1.97669682e+00  2.01215496e+00
  1.98645233e+00  2.04416450e+00  1.82768642e+00  1.74104799e+00
  1.77848429e+00  1.86005354e+00  1.93390395e+00  1.96591062e+00
  1.69214331e+00  1.62924244e+00  1.74021328e+00  1.50066138e+00
  1.47817129e+00  1.36697587e+00  1.02686716e+00  8.22650076e-01
  8.20373016e-01  8.54674345e-01  8.75902401e-01  5.27790959e-01
  5.35820812e-01  5.75204868e-01  4.53469538e-01  4.40889935e-01
  2.44670834e-01  1.02729762e-01  1.51044532e-01  1.95773071e-01
  2.51910756e-01  2.78197129e-01  3.49846032e-01  4.11626568e-01
  4.49925792e-01  5.45469347e-01  6.30341207e-01  4.52601319e-01
  4.66047907e-01  4.34812270e-01  3.11951661e-01  2.43306436e-01
  3.31048252e-01  2.09524822e-01  2.61478373e-01  3.52948223e-01
  3.33726881e-01  4.50397352e-01  3.41741609e-01  2.30715638e-01
  2.20550023e-01 -2.16174522e-02 -3.29649551e-02 -4.76072759e-02
 -2.45460557e-01 -1.89008637e-01 -1.54947747e-01 -3.43268785e-01
 -2.81582227e-01 -2.77690187e-01 -2.05406343e-01 -4.08255714e-01
 -3.61078368e-01 -2.87670197e-01 -5.01929022e-01 -5.17690628e-01
 -4.44563470e-01 -4.05249806e-01 -3.22883539e-01 -2.36947529e-01
 -4.47761377e-01 -8.49136888e-01 -1.00092367e+00 -9.63039186e-01
 -9.72968367e-01 -9.14424436e-01 -9.51162174e-01 -8.70980479e-01
 -8.72740566e-01 -8.73628477e-01 -8.20514633e-01 -7.66020525e-01
 -7.03695060e-01 -7.63130189e-01 -7.69136188e-01 -7.38870092e-01
 -7.25957288e-01 -8.53842072e-01 -8.42991777e-01 -8.85234374e-01
 -8.39813339e-01 -8.24170884e-01 -8.99651799e-01 -8.14575620e-01
 -8.26863444e-01 -8.48707634e-01 -7.46679325e-01 -7.72284650e-01
 -7.52291891e-01 -6.64009895e-01 -5.51626270e-01 -4.67379349e-01
 -4.82001402e-01 -3.90773988e-01 -4.95062854e-01 -4.02111721e-01
 -3.66931397e-01 -3.18891927e-01 -1.95401389e-01 -4.32411452e-01
 -3.99773063e-01 -3.49773610e-01 -3.73488658e-01 -3.38324349e-01
 -2.08410632e-01 -1.51627044e-01 -3.53274012e-02  1.76134586e-02
  1.53592561e-01  2.68646327e-01 -2.83752616e-04  7.37339209e-02
  2.01392859e-01  1.16325271e-01  2.46263253e-01  2.89580840e-01
  3.64235659e-01  4.11673789e-01  4.79989402e-01  6.06919895e-01
  6.51318473e-01  6.88900757e-01  7.44661708e-01  8.98201235e-01
  1.03656368e+00  1.04664915e+00  1.06096500e+00  1.14648825e+00
  1.21734344e+00  1.24471061e+00  1.32490238e+00  1.41614468e+00
  1.48655516e+00  1.52511669e+00  1.60148963e+00  1.72418014e+00
  1.76265297e+00  1.74716509e+00  1.61479612e+00  1.60006238e+00
  1.63655470e+00  1.67054666e+00  1.33052790e+00  1.20929605e+00
  7.89022256e-01  7.70421330e-01  7.03529735e-01  6.04060282e-01
  6.60290393e-01  7.11411210e-01  7.62903661e-01  7.82372230e-01
  7.30191714e-01  7.48592355e-01  7.99250956e-01  8.34623947e-01
  8.94545646e-01  9.75354880e-01  9.58527624e-01  1.07252773e+00
  9.98089343e-01  7.20102943e-01  6.79821191e-01  6.46870989e-01
  5.82634073e-01  6.51094769e-01  6.38374205e-01  5.72273099e-01
  6.43986425e-01  3.43682349e-01  4.06270969e-01  3.55945876e-01
  3.86114048e-01 -1.94584772e-01 -2.17328339e-01 -2.50911468e-01
 -1.90832421e-01 -1.03628117e-01 -2.43468225e-02 -5.44090271e-02]
Advants:
[ 1.14869412  1.23137326  1.36359927  1.3708305   1.52194719  1.14263031
  1.29012391  1.2121112   1.08349584  1.06854015  1.15391823  1.21170298
  1.20481486  1.28856051  1.07837477  1.02246047  1.0809556   1.17834505
  1.28519276  1.33472481  1.07668329  1.02824219  1.16125051  0.94814384
  0.96017982  0.88567856  0.53943488  0.34794423  0.36754695  0.41737233
  0.46365652  0.09843655  0.12237973  0.17173257  0.05481253  0.05845199
 -0.14602723 -0.289859   -0.24230349 -0.1934987  -0.12820635 -0.09941199
 -0.02009511  0.05733848  0.12113207  0.23063639  0.34808761  0.16734782
  0.19014638  0.16202149  0.04125505 -0.03820412  0.06471268 -0.03593885
  0.02767089  0.12938209  0.11619696  0.24958331  0.15224912  0.06798991
  0.07420557 -0.15364755 -0.13370587 -0.11399822 -0.30499446 -0.23180803
 -0.18477736 -0.35970761 -0.29399732 -0.28111391 -0.19048065 -0.39314787
 -0.33873668 -0.2454167  -0.46076324 -0.47359098 -0.38174425 -0.33687147
 -0.24363826 -0.13670125 -0.31917497 -0.72187822 -0.88733359 -0.85604961
 -0.88524367 -0.83272037 -0.87073083 -0.79120988 -0.80121172 -0.79260848
 -0.74435301 -0.693818   -0.6230477  -0.66910226 -0.67728227 -0.63430825
 -0.62485269 -0.74211994 -0.74313477 -0.79899875 -0.78843202 -0.78498181
 -0.87619249 -0.79782154 -0.84174114 -0.88814899 -0.80173807 -0.83072273
 -0.82415111 -0.7556317  -0.6562377  -0.57894217 -0.60222606 -0.5048444
 -0.61166251 -0.51817902 -0.48741941 -0.46584162 -0.34630127 -0.63992572
 -0.62726458 -0.60725813 -0.6273725  -0.59405849 -0.48472152 -0.43173086
 -0.32829641 -0.31107101 -0.19875346 -0.10524338 -0.41214535 -0.37660903
 -0.26547039 -0.37040606 -0.26512822 -0.25243197 -0.21242311 -0.20754958
 -0.15144681 -0.05368957 -0.02626314 -0.01142112  0.03952084  0.18179373
  0.31678741  0.31204198  0.31024565  0.40017577  0.46973304  0.48417804
  0.55458374  0.6564424   0.72160714  0.75869955  0.85506804  0.99359631
  1.05200328  1.04549595  0.94642166  0.96158974  1.01743206  1.08062704
  0.76657393  0.64982024  0.24987296  0.22795989  0.16710794  0.07392709
  0.14006304  0.19809893  0.26306408  0.29162294  0.2383498   0.26623286
  0.33150993  0.37872938  0.44935124  0.55058863  0.54157096  0.68950103
  0.63551683  0.34817577  0.30862429  0.31468707  0.2686182   0.3652824
  0.36392246  0.30344649  0.40626039  0.1494975   0.23359777  0.1934472
  0.24406785 -0.34448418 -0.33606289 -0.36419067 -0.27447586 -0.16379993
 -0.0554975  -0.06779358]
Mus:
[[-2.53180675e-02 -1.09013291e-02]
 [-2.48284955e-02 -1.10478690e-02]
 [-2.45753676e-02 -1.11399116e-02]
 [-2.48827711e-02 -1.07857715e-02]
 [-2.45099775e-02 -1.07619883e-02]
 [-2.54847519e-02 -1.24719990e-02]
 [-2.47961842e-02 -1.23965070e-02]
 [-2.40173172e-02 -1.29402708e-02]
 [-2.18705852e-02 -1.15939397e-02]
 [-1.95855275e-02 -1.10548288e-02]
 [-1.73496772e-02 -1.01168659e-02]
 [-1.51603986e-02 -8.87545478e-03]
 [-1.34535022e-02 -7.67660001e-03]
 [-1.21746296e-02 -6.84468541e-03]
 [-1.05472412e-02 -5.65803843e-03]
 [-1.10876830e-02 -5.37187373e-03]
 [-1.12950364e-02 -5.15908888e-03]
 [-1.15676392e-02 -5.53136412e-03]
 [-1.19710434e-02 -5.69648901e-03]
 [-1.18772015e-02 -5.57837961e-03]
 [-1.19667258e-02 -4.66447650e-03]
 [-1.27527900e-02 -4.62439936e-03]
 [-1.45271560e-02 -5.57608856e-03]
 [-1.69992577e-02 -7.83547200e-03]
 [-1.80224683e-02 -8.82569980e-03]
 [-1.66481305e-02 -9.02363937e-03]
 [-1.62972417e-02 -9.26629175e-03]
 [-1.52507201e-02 -7.99472909e-03]
 [-1.51700713e-02 -7.88697321e-03]
 [-1.51327820e-02 -7.70060252e-03]
 [-1.43012069e-02 -7.84598012e-03]
 [-1.42284427e-02 -7.34252529e-03]
 [-1.40990913e-02 -7.57367536e-03]
 [-1.37180891e-02 -7.41627859e-03]
 [-1.39802443e-02 -6.89693261e-03]
 [-1.41911702e-02 -6.80183247e-03]
 [-1.50165325e-02 -6.56730635e-03]
 [-1.66509040e-02 -6.57592621e-03]
 [-1.81327462e-02 -7.31604965e-03]
 [-1.92302633e-02 -8.10190756e-03]
 [-2.00110674e-02 -8.60442594e-03]
 [-1.97019950e-02 -9.25759226e-03]
 [-2.05114987e-02 -9.87031311e-03]
 [-2.10101251e-02 -1.04184877e-02]
 [-2.09200215e-02 -1.05804875e-02]
 [-2.02735998e-02 -1.04676001e-02]
 [-1.95085090e-02 -1.01517793e-02]
 [-1.95217747e-02 -1.03766816e-02]
 [-1.95630789e-02 -1.04156574e-02]
 [-1.97620317e-02 -1.08492980e-02]
 [-1.96817480e-02 -1.03591699e-02]
 [-2.05644630e-02 -1.09238615e-02]
 [-2.12726053e-02 -1.11860074e-02]
 [-2.14207694e-02 -1.05817635e-02]
 [-2.25988422e-02 -1.16008520e-02]
 [-2.30963118e-02 -1.19183827e-02]
 [-2.42948588e-02 -1.29325846e-02]
 [-2.41525806e-02 -1.29805366e-02]
 [-2.28362344e-02 -1.18311103e-02]
 [-2.26946641e-02 -1.10666472e-02]
 [-2.37472430e-02 -1.11538349e-02]
 [-2.60108430e-02 -1.10834101e-02]
 [-2.89730523e-02 -1.19066844e-02]
 [-3.09403166e-02 -1.22838328e-02]
 [-3.21742184e-02 -1.35586765e-02]
 [-3.38564925e-02 -1.46321459e-02]
 [-3.53650637e-02 -1.57157145e-02]
 [-3.79528217e-02 -1.72942020e-02]
 [-3.79149318e-02 -1.74001567e-02]
 [-3.74610387e-02 -1.69452690e-02]
 [-3.78628485e-02 -1.69173069e-02]
 [-3.69443856e-02 -1.61068719e-02]
 [-3.81365977e-02 -1.63561702e-02]
 [-3.98951620e-02 -1.71444882e-02]
 [-3.99726406e-02 -1.64092444e-02]
 [-4.02487218e-02 -1.60001311e-02]
 [-4.23314199e-02 -1.68763399e-02]
 [-4.29757759e-02 -1.68796331e-02]
 [-4.39991578e-02 -1.71961524e-02]
 [-4.45402451e-02 -1.73226483e-02]
 [-4.53931913e-02 -1.77869871e-02]
 [-4.26731333e-02 -1.58502366e-02]
 [-3.99053395e-02 -1.40174069e-02]
 [-3.85989062e-02 -1.35844536e-02]
 [-3.63897830e-02 -1.24641992e-02]
 [-3.48723195e-02 -1.19622797e-02]
 [-3.19816843e-02 -1.02862120e-02]
 [-2.93512754e-02 -9.16970056e-03]
 [-2.55598407e-02 -7.23929238e-03]
 [-2.26560682e-02 -6.13730913e-03]
 [-1.93461515e-02 -4.89614438e-03]
 [-1.61823835e-02 -3.85713577e-03]
 [-1.33396965e-02 -2.74199038e-03]
 [-9.51234158e-03 -1.03521789e-03]
 [-4.88132052e-03  1.17401988e-03]
 [-1.24939624e-03  2.48633116e-03]
 [ 3.21227498e-03  4.68389830e-03]
 [ 5.55321388e-03  5.72635932e-03]
 [ 8.68829712e-03  6.78038737e-03]
 [ 1.15417046e-02  7.36664748e-03]
 [ 1.64931472e-02  8.55290797e-03]
 [ 1.69098619e-02  7.94023369e-03]
 [ 1.87599063e-02  8.74351617e-03]
 [ 2.01095454e-02  9.21794958e-03]
 [ 2.23965365e-02  1.00368410e-02]
 [ 2.59753708e-02  1.18290354e-02]
 [ 2.76453886e-02  1.23001840e-02]
 [ 2.99368147e-02  1.35136368e-02]
 [ 3.04459874e-02  1.30930059e-02]
 [ 3.11442334e-02  1.31031703e-02]
 [ 3.20603177e-02  1.35451881e-02]
 [ 3.18441987e-02  1.28984107e-02]
 [ 3.03421896e-02  1.15431109e-02]
 [ 2.90208161e-02  1.06366063e-02]
 [ 2.47011557e-02  7.81382155e-03]
 [ 2.24526227e-02  6.79837121e-03]
 [ 2.26495508e-02  7.42109865e-03]
 [ 2.32635476e-02  8.02985113e-03]
 [ 2.23895553e-02  7.75531866e-03]
 [ 2.31497828e-02  8.86256993e-03]
 [ 1.98854301e-02  6.71351468e-03]
 [ 1.51695833e-02  4.25544195e-03]
 [ 1.07625034e-02  2.08950485e-03]
 [ 6.36778213e-03 -1.82945267e-04]
 [ 5.13528753e-03 -7.73731386e-04]
 [ 3.69681185e-03 -1.84583617e-03]
 [ 3.08755157e-03 -2.35356134e-03]
 [ 1.44610810e-03 -3.33869690e-03]
 [ 8.28936405e-04 -3.71825439e-03]
 [-4.17919742e-04 -4.64936625e-03]
 [ 2.13347399e-03 -2.12991307e-03]
 [ 1.47428981e-03 -2.16277409e-03]
 [ 5.05629811e-04 -2.57385219e-03]
 [-5.98123122e-04 -4.18641232e-03]
 [-1.03256979e-03 -4.42323694e-03]
 [-9.18067642e-04 -3.44267976e-03]
 [-1.26268249e-03 -3.87333846e-03]
 [-1.59656105e-03 -3.82644660e-03]
 [-1.02713471e-03 -3.67426686e-03]
 [-7.72317639e-04 -3.42942565e-03]
 [ 5.59650187e-04 -2.21067737e-03]
 [ 8.36532490e-05 -1.69671292e-03]
 [ 2.61828274e-04 -1.62711903e-03]
 [ 4.98751142e-05 -1.81100413e-03]
 [ 2.91070872e-04 -2.11633858e-03]
 [-6.25785324e-04 -1.87154557e-03]
 [-1.77877990e-03 -1.84099167e-03]
 [-2.58598337e-03 -2.39511020e-03]
 [-2.21462175e-03 -3.02904123e-03]
 [-3.34795495e-03 -3.17037152e-03]
 [-4.13995329e-03 -3.56830633e-03]
 [-4.34532668e-03 -4.22103098e-03]
 [-5.09320013e-03 -4.41206805e-03]
 [-6.32485189e-03 -4.42007324e-03]
 [-7.07077188e-03 -4.91253892e-03]
 [-7.80197280e-03 -5.19274781e-03]
 [-9.72380955e-03 -5.45646064e-03]
 [-1.02721928e-02 -5.72036719e-03]
 [-1.24321161e-02 -6.53475057e-03]
 [-1.41867958e-02 -7.17790658e-03]
 [-1.44536654e-02 -6.91832742e-03]
 [-1.52961379e-02 -7.93501362e-03]
 [-1.51991947e-02 -9.09163244e-03]
 [-1.41379330e-02 -9.11566801e-03]
 [-1.17195090e-02 -8.43438320e-03]
 [-1.03320945e-02 -8.24704487e-03]
 [-7.58990925e-03 -6.52917195e-03]
 [-5.98182809e-03 -6.71965117e-03]
 [-2.72857072e-03 -5.36702247e-03]
 [ 4.14783048e-04 -3.97071708e-03]
 [ 3.71836266e-03 -2.66203634e-03]
 [ 5.74426306e-03 -1.51061837e-03]
 [ 7.69383879e-03 -1.49518542e-03]
 [ 1.02243517e-02 -1.00211473e-03]
 [ 1.21421041e-02  2.71834404e-04]
 [ 1.25046037e-02  8.57767358e-04]
 [ 1.24632586e-02  5.51075093e-04]
 [ 1.25392806e-02  9.53955168e-04]
 [ 1.18769528e-02  6.61227736e-04]
 [ 1.20779825e-02  8.44171445e-04]
 [ 1.50754899e-02  3.11491103e-03]
 [ 1.69252120e-02  4.73375432e-03]
 [ 1.76212117e-02  5.12546813e-03]
 [ 1.70141626e-02  5.50532062e-03]
 [ 1.72312595e-02  6.52918173e-03]
 [ 1.59387179e-02  5.83959138e-03]
 [ 1.56040126e-02  5.96802775e-03]
 [ 1.27540333e-02  3.71363969e-03]
 [ 1.14619359e-02  3.37261637e-03]
 [ 8.85883719e-03  1.62841938e-03]
 [ 8.34142789e-03  1.73800776e-03]
 [ 7.89658912e-03  1.99612277e-03]
 [ 5.67220757e-03  4.93357307e-04]
 [ 1.67829939e-03 -3.00336326e-03]
 [-2.18059831e-05 -3.69817647e-03]
 [-1.80848467e-03 -5.01196459e-03]
 [-2.16965750e-03 -5.25259273e-03]
 [-1.95727032e-03 -5.19944681e-03]
 [-9.22351726e-04 -4.52287728e-03]
 [ 4.19588701e-04 -3.43872467e-03]]
Actions:
[[ 0.01378985  0.23347881]
 [-0.00159371  0.15508448]
 [-0.1338556  -0.39211241]
 [ 0.04281806  0.101247  ]
 [-0.60484199  0.50475469]
 [-0.08207271  0.09005858]
 [-0.50835529  0.22262323]
 [ 0.41798319 -0.1225826 ]
 [-0.42193615 -0.15487487]
 [ 0.12753734 -0.05456639]
 [ 0.15635572 -0.17969248]
 [ 0.27950635 -0.13996065]
 [ 0.0825251  -0.14549517]
 [ 0.50355843  0.00952382]
 [-0.14132367 -0.38705375]
 [ 0.07322829 -0.16192073]
 [-0.01261852  0.09737661]
 [-0.11916502 -0.12281583]
 [ 0.21666329  0.06668241]
 [ 0.45797214 -0.27706259]
 [ 0.31214098  0.02455359]
 [-0.0442143   0.09028612]
 [-0.56570051  0.31171286]
 [-0.41541283  0.04387621]
 [-0.50988192  0.03725076]
 [ 0.3151889   0.52133942]
 [ 0.26709268 -0.38307303]
 [-0.17983472 -0.21205011]
 [ 0.02816606 -0.12809201]
 [-0.29737404  0.03265666]
 [ 0.55952141  0.10863639]
 [-0.2888002  -0.07941322]
 [-0.01920492 -0.05777008]
 [ 0.19514057 -0.29590152]
 [-0.08678009 -0.23083741]
 [ 0.40626916 -0.03767184]
 [ 0.30479309 -0.15385518]
 [-0.01581042  0.01687227]
 [-0.13794805  0.00719286]
 [-0.09936422 -0.05653256]
 [-0.21422883  0.17682031]
 [-0.10513866  0.04855319]
 [-0.25033785 -0.01034865]
 [-0.29230181 -0.15016669]
 [ 0.03146931  0.06435048]
 [-0.14536411 -0.1621673 ]
 [ 0.34601214  0.36930262]
 [ 0.20681682  0.15975268]
 [ 0.12708651  0.32648586]
 [ 0.40404816  0.01086572]
 [ 0.201316    0.3156177 ]
 [-0.18085601 -0.15099169]
 [ 0.00574866 -0.45947745]
 [-0.24791261  0.14025628]
 [ 0.02038351  0.10179302]
 [-0.14208447  0.3358478 ]
 [-0.1426065  -0.03263178]
 [ 0.32365804 -0.22991867]
 [ 0.11251061 -0.41950238]
 [ 0.25852336 -0.03086648]
 [ 0.42121742 -0.27715897]
 [-0.08822925 -0.30860102]
 [ 0.00674527 -0.30091682]
 [ 0.04569022  0.51861564]
 [-0.16345543  0.14539187]
 [-0.18282313  0.21681277]
 [-0.57635532  0.08975765]
 [ 0.06979505  0.13525495]
 [ 0.20867795 -0.07731761]
 [-0.03234411 -0.15811768]
 [ 0.46678397  0.03993352]
 [ 0.12033256  0.01238421]
 [-0.22493538 -0.04589428]
 [ 0.46659029 -0.08875992]
 [ 0.24844894 -0.04638348]
 [-0.20965411 -0.0247376 ]
 [ 0.15057235  0.11849622]
 [ 0.01909792  0.10974083]
 [-0.12764694 -0.13045282]
 [-0.49880406 -0.36066256]
 [ 0.64264598  0.01057317]
 [ 0.41397604 -0.05201423]
 [-0.07373809  0.19007397]
 [ 0.18395889  0.18143084]
 [-0.19173782  0.0495911 ]
 [ 0.06840488 -0.32822324]
 [-0.08749591 -0.0756959 ]
 [ 0.24821765 -0.08693453]
 [-0.22592556 -0.22834583]
 [ 0.07040446  0.16810826]
 [-0.02850446  0.20390057]
 [-0.0935644  -0.17147711]
 [-0.03349397 -0.38958071]
 [ 0.29717866 -0.06288901]
 [-0.24139526 -0.12673086]
 [ 0.26301403 -0.11674516]
 [-0.25760308 -0.39226808]
 [-0.01378089  0.29349381]
 [-0.17757247  0.32390346]
 [ 0.18240904 -0.13910032]
 [-0.24866941  0.13720459]
 [ 0.12882763 -0.3893609 ]
 [-0.01810851 -0.11878646]
 [ 0.25049     0.25565733]
 [ 0.35696291 -0.09481189]
 [ 0.02289456  0.08512273]
 [ 0.07639356 -0.34601757]
 [-0.1462324   0.25252743]
 [ 0.05074588  0.17437439]
 [ 0.11985929 -0.0159256 ]
 [-0.08768748  0.17662602]
 [-0.1157448   0.35705139]
 [-0.17069948  0.00839752]
 [-0.32183557  0.33957314]
 [-0.15483799 -0.07466932]
 [ 0.08213563 -0.28461003]
 [ 0.31459071  0.0136816 ]
 [ 0.02347565 -0.11029033]
 [ 0.62213438  0.02906615]
 [-0.05492429  0.31078364]
 [ 0.07329824  0.28948742]
 [-0.31748795 -0.1972007 ]
 [-0.28962064 -0.05125708]
 [-0.00525684 -0.00422482]
 [-0.27746648 -0.01210829]
 [-0.1347391   0.01615918]
 [ 0.09006191  0.2861246 ]
 [-0.02088418  0.07257621]
 [-0.11412594  0.15199089]
 [ 0.27186824 -0.55899385]
 [ 0.23183999  0.08453213]
 [-0.09774194 -0.06482071]
 [-0.32709133  0.34677397]
 [-0.10613428 -0.00956048]
 [ 0.21813668 -0.21046809]
 [ 0.09335102  0.24637926]
 [ 0.25674941  0.16445351]
 [-0.26160544 -0.13255125]
 [ 0.12809243  0.07683819]
 [ 0.05701102 -0.303612  ]
 [ 0.23279676 -0.18738424]
 [-0.18825185 -0.25052192]
 [ 0.00625231  0.03439594]
 [-0.15747584  0.06711902]
 [ 0.30525649 -0.11165388]
 [ 0.30577927 -0.0691124 ]
 [-0.2188501  -0.14565023]
 [-0.14351627  0.29133831]
 [ 0.27858734  0.06815658]
 [ 0.15272161  0.18445283]
 [-0.27082292  0.086483  ]
 [ 0.20013823  0.12819604]
 [ 0.22322777 -0.08156843]
 [-0.25366127 -0.09764602]
 [-0.0350714  -0.0223222 ]
 [-0.00793831 -0.26019507]
 [ 0.22773897  0.23725585]
 [-0.40210983 -0.33816854]
 [-0.28137457 -0.26302788]
 [ 0.1504048  -0.11874049]
 [-0.27174093  0.21204974]
 [-0.64485427  0.34456487]
 [ 0.14329018  0.43489863]
 [-0.65991918 -0.35427013]
 [ 0.07668775  0.25894429]
 [ 0.23160045 -0.20919495]
 [-0.44414918  0.13541199]
 [-0.12374241 -0.12963492]
 [ 0.04431942 -0.05804858]
 [-0.12880709 -0.1026054 ]
 [ 0.14759574 -0.07801142]
 [-0.14532362  0.38338771]
 [-0.24156787  0.1753848 ]
 [ 0.11512207 -0.1124866 ]
 [ 0.22874894  0.01502545]
 [ 0.01042674  0.22009795]
 [ 0.17278184  0.02017969]
 [ 0.26213483  0.27723868]
 [-0.09029845 -0.06251703]
 [ 0.44813375 -0.09071513]
 [ 0.62639289  0.15182612]
 [ 0.36519638  0.1961377 ]
 [-0.09761515 -0.32609646]
 [ 0.35647003 -0.18030679]
 [-0.1333854  -0.07513588]
 [ 0.32277038  0.05793417]
 [-0.12145482  0.37856543]
 [ 0.05036919 -0.09659293]
 [-0.58458483 -0.18121374]
 [ 0.12162314 -0.06887442]
 [ 0.3456002   0.03341411]
 [-0.15034423  0.13404909]
 [-0.34970681  0.71857396]
 [-0.25625654 -0.14591643]
 [-0.0755296   0.31529203]
 [-0.15147121 -0.04408581]
 [ 0.0763716   0.06674847]
 [ 0.13714041 -0.07699445]
 [ 0.34754709 -0.09489945]
 [-0.06912464 -0.21322166]]
States:
[[0.99878965 0.99948514 0.47422527 0.52183467 0.51315315 0.59713926]
 [0.99880753 0.99924364 0.47448701 0.52646171 0.51666826 0.65832397]
 [0.99884117 0.99838394 0.47498485 0.53866369 0.51617697 0.69775493]
 ...
 [0.64788109 0.23337289 0.02337419 0.9536837  0.50827071 0.98402295]
 [0.64976359 0.17974316 0.02397721 0.92717393 0.54357197 0.95618449]
 [0.66077015 0.13354209 0.02766936 0.89799845 0.63217212 0.92420272]]
Logstds:
[[-3. -3.]
 [-3. -3.]
 [-3. -3.]
 [-3. -3.]
 [-3. -3.]
 [-3. -3.]
 [-3. -3.]
 [-3. -3.]
 [-3. -3.]
 [-3. -3.]
 [-3. -3.]
 [-3. -3.]
 [-3. -3.]
 [-3. -3.]
 [-3. -3.]
 [-3. -3.]
 [-3. -3.]
 [-3. -3.]
 [-3. -3.]
 [-3. -3.]
 [-3. -3.]
 [-3. -3.]
 [-3. -3.]
 [-3. -3.]
 [-3. -3.]
 [-3. -3.]
 [-3. -3.]
 [-3. -3.]
 [-3. -3.]
 [-3. -3.]
 [-3. -3.]
 [-3. -3.]
 [-3. -3.]
 [-3. -3.]
 [-3. -3.]
 [-3. -3.]
 [-3. -3.]
 [-3. -3.]
 [-3. -3.]
 [-3. -3.]
 [-3. -3.]
 [-3. -3.]
 [-3. -3.]
 [-3. -3.]
 [-3. -3.]
 [-3. -3.]
 [-3. -3.]
 [-3. -3.]
 [-3. -3.]
 [-3. -3.]
 [-3. -3.]
 [-3. -3.]
 [-3. -3.]
 [-3. -3.]
 [-3. -3.]
 [-3. -3.]
 [-3. -3.]
 [-3. -3.]
 [-3. -3.]
 [-3. -3.]
 [-3. -3.]
 [-3. -3.]
 [-3. -3.]
 [-3. -3.]
 [-3. -3.]
 [-3. -3.]
 [-3. -3.]
 [-3. -3.]
 [-3. -3.]
 [-3. -3.]
 [-3. -3.]
 [-3. -3.]
 [-3. -3.]
 [-3. -3.]
 [-3. -3.]
 [-3. -3.]
 [-3. -3.]
 [-3. -3.]
 [-3. -3.]
 [-3. -3.]
 [-3. -3.]
 [-3. -3.]
 [-3. -3.]
 [-3. -3.]
 [-3. -3.]
 [-3. -3.]
 [-3. -3.]
 [-3. -3.]
 [-3. -3.]
 [-3. -3.]
 [-3. -3.]
 [-3. -3.]
 [-3. -3.]
 [-3. -3.]
 [-3. -3.]
 [-3. -3.]
 [-3. -3.]
 [-3. -3.]
 [-3. -3.]
 [-3. -3.]
 [-3. -3.]
 [-3. -3.]
 [-3. -3.]
 [-3. -3.]
 [-3. -3.]
 [-3. -3.]
 [-3. -3.]
 [-3. -3.]
 [-3. -3.]
 [-3. -3.]
 [-3. -3.]
 [-3. -3.]
 [-3. -3.]
 [-3. -3.]
 [-3. -3.]
 [-3. -3.]
 [-3. -3.]
 [-3. -3.]
 [-3. -3.]
 [-3. -3.]
 [-3. -3.]
 [-3. -3.]
 [-3. -3.]
 [-3. -3.]
 [-3. -3.]
 [-3. -3.]
 [-3. -3.]
 [-3. -3.]
 [-3. -3.]
 [-3. -3.]
 [-3. -3.]
 [-3. -3.]
 [-3. -3.]
 [-3. -3.]
 [-3. -3.]
 [-3. -3.]
 [-3. -3.]
 [-3. -3.]
 [-3. -3.]
 [-3. -3.]
 [-3. -3.]
 [-3. -3.]
 [-3. -3.]
 [-3. -3.]
 [-3. -3.]
 [-3. -3.]
 [-3. -3.]
 [-3. -3.]
 [-3. -3.]
 [-3. -3.]
 [-3. -3.]
 [-3. -3.]
 [-3. -3.]
 [-3. -3.]
 [-3. -3.]
 [-3. -3.]
 [-3. -3.]
 [-3. -3.]
 [-3. -3.]
 [-3. -3.]
 [-3. -3.]
 [-3. -3.]
 [-3. -3.]
 [-3. -3.]
 [-3. -3.]
 [-3. -3.]
 [-3. -3.]
 [-3. -3.]
 [-3. -3.]
 [-3. -3.]
 [-3. -3.]
 [-3. -3.]
 [-3. -3.]
 [-3. -3.]
 [-3. -3.]
 [-3. -3.]
 [-3. -3.]
 [-3. -3.]
 [-3. -3.]
 [-3. -3.]
 [-3. -3.]
 [-3. -3.]
 [-3. -3.]
 [-3. -3.]
 [-3. -3.]
 [-3. -3.]
 [-3. -3.]
 [-3. -3.]
 [-3. -3.]
 [-3. -3.]
 [-3. -3.]
 [-3. -3.]
 [-3. -3.]
 [-3. -3.]
 [-3. -3.]
 [-3. -3.]
 [-3. -3.]
 [-3. -3.]
 [-3. -3.]
 [-3. -3.]]
