Baseline:
[1.2710714  1.2875079  1.2763215  1.2995598  1.3251357  1.331147
 1.3211017  1.317739   1.3169284  1.3197181  1.3194728  1.301856
 1.3162025  1.2858598  1.2905979  1.2815425  1.2833067  1.2730932
 1.2792984  1.2841394  1.2941415  1.3055681  1.3109794  1.294316
 1.2833685  1.2634628  1.2658521  1.2611127  1.2598863  1.2529935
 1.2459998  1.2207711  1.1973956  1.1857042  1.183038   1.168951
 1.1738056  1.1540936  1.1572521  1.1611321  1.1694603  1.1559904
 1.1684059  1.1585891  1.1635761  1.1479642  1.1573822  1.1584
 1.1713523  1.1642301  1.1264001  1.1336305  1.1370397  1.1180696
 1.1148534  1.1042765  1.1045177  1.0958722  1.0917677  1.0954686
 1.0651634  1.0708811  1.0485697  1.0263082  1.0201918  1.0337903
 1.0532439  1.0748243  1.0776193  1.0930973  1.1098202  1.1207204
 1.1128933  1.1212465  1.1312475  1.124035   1.1141827  1.1021276
 1.08339    1.0679092  1.0552372  1.0499127  1.0557369  1.041942
 1.0100015  0.98406774 0.96069527 0.96365404 0.9422984  0.9230029
 0.92924416 0.9291949  0.9048748  0.90465295 0.8826483  0.87705183
 0.8785651  0.88139534 0.8794446  0.8962658  0.8969923  0.8993798
 0.91469765 0.9201155  0.93532336 0.9565196  0.9520499  0.9648355
 0.97741747 0.99411774 0.9894341  0.9750912  0.97603095 0.9623162
 0.9563747  0.95087457 0.9337584  0.91911507 0.8976353  0.8902239
 0.86891943 0.85344946 0.8635285  0.929345   0.9355931  0.9367468
 0.95021915 0.94058317 0.94527996 0.9372611  0.91847265 0.8998309
 0.90861696 0.89822364 0.9014925  0.91379714 0.90535724 0.9206479
 0.91128993 0.9202508  0.92449355 0.947353   0.9461053  0.94913733
 0.9696156  0.9855718  0.9791816  0.98662674 0.9910213  0.99425507
 1.0227485  1.0158443  1.0202565  1.0425394  1.0590732  1.0403059
 1.0253248  1.0290301  1.0377386  1.0452087  1.0662593  1.0863223
 1.0967914  1.0826159  1.083311   1.0758328  1.0802084  1.0952532
 1.083003   1.0811818  1.067011   1.064633   1.0740016  1.0452999
 1.0573931  1.0497336  1.0474511  1.0706189  1.0747277  1.0733769
 1.0581157  1.0626175  1.0612304  1.070464   1.0610073  1.0618296
 1.052334   1.033411   1.0280142  1.0358937  1.0314479  1.0368235
 1.0285215  1.0423908  1.0299208  1.0454834  1.0628207  1.0674669
 1.0713158  1.0783064  1.0783064 ]
Returns:
[4.70823814 4.71392811 4.77274155 4.64864874 4.4828174  4.41201451
 4.41532366 4.45494952 4.50641007 4.35764075 4.38214936 4.36359926
 4.34802954 4.19895246 4.24894856 4.29502687 4.34326909 4.36479529
 4.32649003 4.27087512 4.25485802 4.24990159 4.30408891 4.27309851
 4.2536527  4.08224471 4.08020881 4.11970857 4.10316445 4.10639429
 4.13376959 4.06429368 3.98533243 4.00840459 4.00041358 3.98472734
 3.78998532 3.60198048 3.61519077 3.62022101 3.61025258 3.51965131
 3.49908194 3.41476826 3.39188455 3.36245692 3.36092224 3.32224519
 3.25243145 3.28657156 3.04912824 3.03531133 3.02112672 3.02624948
 3.05049646 3.06246576 3.09241524 3.02704042 3.01486015 3.07110241
 2.82838109 2.62802177 2.59077859 2.51154184 2.50889474 2.56748161
 2.61760439 2.67001521 2.5511975  2.57914621 2.62707623 2.61010673
 2.53318651 2.63176349 2.70585967 2.64067324 2.68107692 2.75983281
 2.71251289 2.7329547  2.77498479 2.78560163 2.63189204 2.6726263
 2.56251196 2.59024473 2.62391042 2.53130398 2.20642803 2.20666663
 2.09847984 2.02273893 2.01981744 1.99868454 1.99260343 2.02122024
 2.02839312 2.10121051 2.17247502 2.01042205 1.99698781 2.02887283
 2.14082698 2.2393814  2.38147512 2.47460971 2.20909304 2.34282626
 2.36128981 2.43708555 2.56866221 2.30337775 2.39430158 2.31688649
 2.38433977 2.47832777 2.34703662 2.40590693 2.41629907 2.39585305
 2.24938393 2.26254414 2.18692746 2.02148365 2.05853844 2.03020359
 2.01212454 2.0422684  1.93690836 1.79715282 1.80992572 1.63972044
 1.48002292 1.48386734 1.57741916 1.58395811 1.65291142 1.75414712
 1.82281483 1.93281482 2.0369549  1.67590996 1.60473362 1.64417512
 1.53759512 1.47899536 1.50205999 1.57348588 1.65772209 1.76139258
 1.50612503 1.48386206 1.57224305 1.38222891 1.35138118 1.29227096
 1.27587896 1.36290958 1.41809735 1.43900358 1.44669331 1.47666192
 1.57124594 1.44046335 1.53592755 1.49540984 1.57994056 1.50918418
 1.47335277 1.54866493 1.35659895 1.41591886 1.33202844 1.17104185
 1.02677458 1.03206735 1.06086542 0.88206638 0.89044176 0.92509902
 0.85234662 0.81558811 0.82909934 0.75905921 0.78972492 0.80223056
 0.7759644  0.65753877 0.67993797 0.61184293 0.62817022 0.54912783
 0.52940539 0.45130684 0.4293026  0.35215653 0.2180608  0.18899686
 0.09478306 0.04638916]
Advants:
[ 2.32227423  2.32252493  2.40662368  2.2700359   2.08436741  2.01140523
  2.02935272  2.07865509  2.13939468  1.99233811  2.02274367  2.0279144
  2.00369703  1.88747489  1.93685885  1.99817506  2.05279979  2.09436178
  2.05913381  2.00688126  1.98895948  1.98085703  2.04012774  2.03674613
  2.03986291  1.89627948  1.90031085  1.95509519  1.95074731  1.97308728
  2.02177723  1.99170258  1.94977759  2.00044079  2.01220541  2.02910179
  1.84340349  1.68498784  1.70606921  1.71922406  1.7133888   1.64739502
  1.62547617  1.56068407  1.54248281  1.53873302  1.53836491  1.50892871
  1.43473553  1.48657709  1.29227068  1.27633126  1.26373653  1.29399935
  1.32900769  1.36043873  1.40070775  1.35368432  1.3558914   1.42121644
  1.21610365  1.01157844  0.99786894  0.94045798  0.94356169  0.98954475
  1.02224198  1.05622655  0.93427554  0.94676487  0.97895734  0.95129496
  0.88028985  0.97122938  1.03808349  0.98131062  1.03442424  1.13114486
  1.10809152  1.15112519  1.21523605  1.24188058  1.08902768  1.15249333
  1.0815995   1.14482615  1.21400286  1.12865455  0.82683416  0.84881725
  0.73350785  0.65451874  0.67300082  0.64827797  0.66055753  0.69187457
  0.6945663   0.7634972   0.83783067  0.65463779  0.63535243  0.66020116
  0.75478131  0.84856711  0.98008177  1.05926817  0.79801318  0.9224756
  0.93235328  0.99761302  1.1447769   0.89790671  0.995092    0.9372362
  1.01924332  1.13115446  1.02692953  1.11351448  1.16055689  1.16358193
  1.05197408  1.0962013   1.02478101  0.80185979  0.84266872  0.82312256
  0.80138461  0.8530442   0.75247528  0.62696042  0.66624975  0.51838498
  0.34870443  0.3620836   0.4542271   0.45030207  0.53208637  0.62545466
  0.71394915  0.82947377  0.94818018  0.57281388  0.50998783  0.55523101
  0.43382949  0.36310626  0.39763123  0.46909282  0.55952194  0.6745543
  0.39785626  0.38968698  0.48405476  0.27647676  0.23275076  0.19512716
  0.19662343  0.28568075  0.33981773  0.36197952  0.35767448  0.37771363
  0.4754269   0.36997013  0.47977042  0.46202066  0.56124706  0.49348825
  0.48875698  0.58873176  0.43012173  0.51465588  0.44329419  0.33068064
  0.1908314   0.22210196  0.27402254  0.08842479  0.11058675  0.16712818
  0.13014159  0.10985647  0.14797758  0.09145312  0.15750378  0.19768542
  0.2113221   0.14173956  0.20286428  0.16070782  0.21882232  0.17231592
  0.20168345  0.15113375  0.18625107  0.13913053  0.03248553  0.04633631
 -0.00314665 -0.00752616]
Mus:
[[-1.62292216e-02 -5.58314379e-03]
 [-1.66864004e-02 -5.98340482e-03]
 [-1.65387131e-02 -5.93622401e-03]
 [-1.57537125e-02 -5.30738430e-03]
 [-1.61871016e-02 -5.66213159e-03]
 [-1.50442990e-02 -4.55374038e-03]
 [-1.57763567e-02 -5.00924652e-03]
 [-1.54580763e-02 -4.61180089e-03]
 [-1.60754472e-02 -5.02005871e-03]
 [-1.49941416e-02 -3.90998134e-03]
 [-1.56574715e-02 -4.36348515e-03]
 [-1.58024095e-02 -4.48064879e-03]
 [-1.56980436e-02 -4.25975816e-03]
 [-1.60818584e-02 -4.49472200e-03]
 [-1.60368811e-02 -4.45336709e-03]
 [-1.60616301e-02 -4.55196435e-03]
 [-1.61053091e-02 -4.56604455e-03]
 [-1.56251807e-02 -4.25452320e-03]
 [-1.53297372e-02 -3.83031135e-03]
 [-1.49040017e-02 -3.26988823e-03]
 [-1.54961981e-02 -3.80602269e-03]
 [-1.54059706e-02 -3.55992909e-03]
 [-1.55725218e-02 -3.65654519e-03]
 [-1.60979833e-02 -4.09975741e-03]
 [-1.55308405e-02 -3.64469062e-03]
 [-1.45166097e-02 -2.95805628e-03]
 [-1.46490755e-02 -3.40012275e-03]
 [-1.44889755e-02 -3.52550088e-03]
 [-1.51082510e-02 -4.24259389e-03]
 [-1.56339426e-02 -4.90161544e-03]
 [-1.50047354e-02 -4.66392282e-03]
 [-1.37370983e-02 -4.52573830e-03]
 [-1.14209997e-02 -3.65127064e-03]
 [-1.07252812e-02 -3.76393297e-03]
 [-1.04260463e-02 -3.61642078e-03]
 [-9.59198829e-03 -3.41520156e-03]
 [-1.06672291e-02 -3.43919080e-03]
 [-9.72315669e-03 -3.99488350e-03]
 [-9.27284174e-03 -4.17153537e-03]
 [-9.04221740e-03 -4.21609264e-03]
 [-8.86952411e-03 -4.26410371e-03]
 [-8.88653658e-03 -4.02178476e-03]
 [-8.83242581e-03 -4.47213976e-03]
 [-9.67749208e-03 -4.45873570e-03]
 [-1.03905024e-02 -4.67648730e-03]
 [-1.13256369e-02 -4.79692128e-03]
 [-1.17311487e-02 -5.23857120e-03]
 [-1.15304217e-02 -5.83044952e-03]
 [-1.19082425e-02 -6.30152272e-03]
 [-1.11376578e-02 -5.98489027e-03]
 [-8.41891207e-03 -5.50951390e-03]
 [-8.41891766e-03 -5.42522082e-03]
 [-8.74097366e-03 -5.32246940e-03]
 [-7.60708982e-03 -5.02397353e-03]
 [-7.79593782e-03 -4.93855076e-03]
 [-8.17211904e-03 -4.82537085e-03]
 [-7.48408260e-03 -4.85852733e-03]
 [-5.23707923e-03 -4.74837283e-03]
 [-5.05130785e-03 -4.17377846e-03]
 [-4.57741739e-03 -4.11111815e-03]
 [-2.55086808e-03 -3.06400750e-03]
 [-1.10954372e-03 -3.25103011e-03]
 [ 2.00407463e-03 -2.46459874e-03]
 [ 4.74300189e-03 -2.20734021e-03]
 [ 6.13604393e-03 -1.33320212e-03]
 [ 5.92170935e-03 -1.32917648e-03]
 [ 4.79091518e-03 -1.69294479e-03]
 [ 2.79526226e-03 -2.33636191e-03]
 [ 1.99967599e-03 -1.64857309e-03]
 [-9.34409560e-04 -2.45663081e-03]
 [-3.83187481e-03 -2.75953743e-03]
 [-5.53699769e-03 -2.62298156e-03]
 [-1.06673660e-02 -4.78021661e-03]
 [-1.35661457e-02 -5.63367503e-03]
 [-1.55491140e-02 -6.37866976e-03]
 [-1.59218553e-02 -6.37783855e-03]
 [-1.60751343e-02 -6.22189324e-03]
 [-1.72445867e-02 -6.66254479e-03]
 [-1.71562675e-02 -6.42428454e-03]
 [-1.75033808e-02 -6.55431487e-03]
 [-1.86040550e-02 -7.01266294e-03]
 [-1.99702233e-02 -7.46768899e-03]
 [-2.26757713e-02 -8.20707250e-03]
 [-2.50245444e-02 -9.36269481e-03]
 [-2.48716082e-02 -9.62815899e-03]
 [-2.67917942e-02 -1.04454206e-02]
 [-3.09202671e-02 -1.21879540e-02]
 [-3.70044000e-02 -1.46062430e-02]
 [-3.72814275e-02 -1.50639350e-02]
 [-3.68551351e-02 -1.50581580e-02]
 [-3.96915935e-02 -1.64953638e-02]
 [-4.00961153e-02 -1.70311108e-02]
 [-3.59416828e-02 -1.55336345e-02]
 [-3.51578034e-02 -1.57970078e-02]
 [-2.88148522e-02 -1.32833859e-02]
 [-2.52289604e-02 -1.22200688e-02]
 [-2.10887659e-02 -1.09628178e-02]
 [-1.64231826e-02 -9.37682856e-03]
 [-1.23187304e-02 -7.72365928e-03]
 [-1.26007041e-02 -8.25034827e-03]
 [-9.92196705e-03 -7.05072284e-03]
 [-7.99149089e-03 -6.02681329e-03]
 [-6.76757982e-03 -5.39744506e-03]
 [-5.43940207e-03 -4.93392162e-03]
 [-4.72894497e-03 -4.59027104e-03]
 [-5.53631131e-03 -4.95924195e-03]
 [-2.74985190e-03 -2.84240278e-03]
 [-3.65715893e-03 -2.57444382e-03]
 [-5.36409672e-03 -2.81778537e-03]
 [-8.36652052e-03 -3.91633902e-03]
 [-8.14626459e-03 -3.25912610e-03]
 [-6.53912406e-03 -2.26563029e-03]
 [-7.88203999e-03 -2.61933287e-03]
 [-9.04062949e-03 -3.10885790e-03]
 [-1.24370921e-02 -4.41325875e-03]
 [-1.64119825e-02 -5.99627569e-03]
 [-1.63570400e-02 -5.72330318e-03]
 [-1.81996077e-02 -6.37356238e-03]
 [-1.90590359e-02 -6.55102544e-03]
 [-2.20165234e-02 -7.67287845e-03]
 [-1.93085242e-02 -6.50129607e-03]
 [-1.60906166e-02 -5.21680294e-03]
 [-1.72117259e-02 -5.85157052e-03]
 [-3.30868438e-02 -1.32817775e-02]
 [-3.38555314e-02 -1.43976854e-02]
 [-3.32897082e-02 -1.48578528e-02]
 [-3.38443592e-02 -1.58584379e-02]
 [-3.08228880e-02 -1.50139919e-02]
 [-3.01769804e-02 -1.56034688e-02]
 [-2.66877003e-02 -1.45658115e-02]
 [-2.14363243e-02 -1.22974003e-02]
 [-1.58431176e-02 -9.66182444e-03]
 [-1.66611951e-02 -1.04458900e-02]
 [-1.31616490e-02 -8.56758934e-03]
 [-1.14238719e-02 -7.76572945e-03]
 [-8.05893168e-03 -5.72220888e-03]
 [-6.57927897e-03 -5.14935469e-03]
 [-5.31915529e-03 -4.41667624e-03]
 [-2.61696731e-03 -3.06240888e-03]
 [ 6.00425352e-04 -1.33752078e-03]
 [ 3.89411370e-03  4.22582991e-04]
 [ 1.08470442e-02  4.68660938e-03]
 [ 1.29543003e-02  6.23035571e-03]
 [ 1.15572680e-02  5.56589523e-03]
 [ 1.17548490e-02  5.62582957e-03]
 [ 1.49743352e-02  7.61398347e-03]
 [ 1.29471235e-02  6.81121135e-03]
 [ 1.26145836e-02  6.74948888e-03]
 [ 1.05804475e-02  5.59257809e-03]
 [ 8.91691074e-03  4.67962027e-03]
 [ 1.33831110e-02  7.16678193e-03]
 [ 1.10050701e-02  6.07242156e-03]
 [ 1.05142938e-02  5.90765756e-03]
 [ 1.13694798e-02  6.27499679e-03]
 [ 1.07125994e-02  5.86954644e-03]
 [ 6.95796311e-03  3.80420964e-03]
 [ 4.16633999e-03  2.55746557e-03]
 [ 2.49255239e-03  1.82918680e-03]
 [ 3.24243156e-04  8.19913927e-04]
 [ 1.40590302e-03  1.77784974e-03]
 [ 1.96945295e-03  2.40789168e-03]
 [ 2.24969489e-03  2.74754711e-03]
 [ 2.08864245e-03  2.71900091e-03]
 [ 3.26333963e-03  3.39209707e-03]
 [ 3.24636162e-03  3.39793484e-03]
 [ 1.52798355e-04  1.72169588e-03]
 [-1.47529863e-04  1.67246256e-03]
 [-2.60279723e-03  4.79573529e-04]
 [-3.79023794e-03 -6.36847617e-05]
 [-4.13733255e-03 -7.38941526e-05]
 [-1.07015809e-03  1.66531210e-03]
 [-4.74893372e-04  2.07613572e-03]
 [-3.45421210e-03  5.97523584e-04]
 [-1.94616732e-03  1.35631324e-03]
 [-5.59251802e-03 -3.87605221e-04]
 [-4.34988784e-03  3.38120561e-04]
 [-3.89957661e-03  7.00351433e-04]
 [-3.85398814e-03  1.04316231e-03]
 [-3.07278638e-03  1.53776770e-03]
 [-2.43767397e-03  1.91402226e-03]
 [-1.46055478e-03  2.50208774e-03]
 [-4.77326947e-04  3.22966254e-03]
 [ 4.02280974e-04  3.41218663e-03]
 [ 1.58857589e-03  4.26342711e-03]
 [ 2.52384716e-03  4.53870650e-03]
 [ 3.72495619e-03  5.19042136e-03]
 [ 4.25611855e-03  5.03898785e-03]
 [ 2.63157766e-03  4.06767242e-03]
 [ 1.84129889e-03  3.73801612e-03]
 [ 2.83442205e-03  4.55296971e-03]
 [ 2.45884852e-03  4.34478093e-03]
 [ 1.05721643e-03  3.55589879e-03]
 [ 1.22418557e-03  3.82072269e-03]
 [ 5.85693691e-04  3.50777386e-03]
 [ 7.27232473e-05  3.36535648e-03]
 [ 7.93534971e-04  3.88056925e-03]
 [ 1.31492969e-03  4.03900072e-03]
 [ 2.64144246e-03  4.71041305e-03]
 [ 4.86803241e-03  5.89720905e-03]
 [ 6.85489178e-03  6.71879156e-03]]
Actions:
[[ 3.04374391e-02  2.99562466e-01]
 [-1.28987523e-01 -1.14085490e-01]
 [ 3.78138326e-01  1.59314332e-01]
 [ 1.46816828e-01  4.75836503e-01]
 [ 2.84675138e-01 -1.51123786e-01]
 [-3.22707251e-01 -2.27434009e-02]
 [ 3.84045160e-02 -1.19895467e-01]
 [-1.64885502e-01  1.20403683e-01]
 [ 3.33993823e-01 -2.21170496e-01]
 [-1.86194450e-01  1.37370085e-01]
 [-2.51557171e-01 -1.56176637e-01]
 [ 2.05972806e-01  1.49304312e-01]
 [-3.78905587e-01 -3.01413932e-01]
 [ 6.23793325e-02  6.50475353e-02]
 [-1.33474916e-01 -5.40608257e-02]
 [ 3.31222249e-02  3.44572016e-02]
 [-1.16717355e-02 -1.60920760e-01]
 [ 2.34510329e-01 -7.56775847e-02]
 [ 2.58319361e-01 -1.20419407e-01]
 [-1.28784539e-01  2.60987782e-01]
 [ 1.92796196e-01  7.72377421e-02]
 [-2.18045266e-02  1.14548561e-01]
 [-3.36997045e-01 -7.28455321e-02]
 [ 2.95033998e-02 -2.38246807e-01]
 [-4.37561583e-02 -4.42549084e-01]
 [-1.85275347e-01  1.46429797e-01]
 [-1.16793748e-01 -1.73685802e-02]
 [-2.28552574e-01  2.01597635e-01]
 [-2.42848354e-01  1.31153877e-01]
 [ 3.39542399e-02 -1.05175464e-01]
 [-2.98312220e-01 -2.03387188e-01]
 [-3.11834845e-02 -3.27208724e-01]
 [-1.30519962e-01 -3.15466276e-02]
 [ 1.41559399e-01 -9.00059383e-02]
 [-4.07850398e-02 -1.64567588e-01]
 [ 3.59973666e-01 -1.82544288e-01]
 [-4.82964671e-01  9.64413932e-02]
 [-7.00359802e-03  1.19300837e-01]
 [ 9.85774799e-02  3.37258497e-02]
 [ 1.13898126e-01  7.00226136e-02]
 [ 8.91186904e-02 -2.61990937e-01]
 [-4.83040549e-02  2.49549245e-01]
 [ 1.37243942e-01 -2.16212352e-01]
 [ 1.35413954e-01  4.89156019e-02]
 [ 8.39426570e-02 -2.03692830e-01]
 [ 3.87740484e-04  2.11049375e-01]
 [-2.78102382e-01  2.03311016e-01]
 [ 3.64321435e-02  3.17964842e-01]
 [-3.01938924e-02 -9.07830502e-02]
 [-5.12120633e-01 -2.86405302e-01]
 [ 1.50600162e-01  1.09228889e-01]
 [ 1.63345616e-01  1.42370836e-02]
 [-1.91338567e-01 -1.83453160e-01]
 [ 8.94093708e-02 -3.77890570e-02]
 [ 7.40163220e-02 -1.51694783e-01]
 [-7.19477375e-02  1.86178234e-01]
 [-3.61548501e-01  2.19514143e-01]
 [ 1.75190949e-01 -1.94968197e-01]
 [ 3.93831352e-04  1.63881868e-01]
 [-2.04293749e-01 -5.33400665e-01]
 [-2.26182699e-01  4.95493432e-01]
 [-3.46770869e-01 -1.22019986e-01]
 [-4.07295379e-01  1.45505721e-01]
 [-2.69588634e-01 -1.69431378e-01]
 [-1.04149129e-01  1.21280464e-01]
 [ 5.00642524e-02  2.11849008e-01]
 [-1.07615959e-01  2.12630763e-01]
 [-1.35458667e-01 -4.46953220e-01]
 [ 2.06758225e-01  1.25125321e-01]
 [ 1.81023876e-01 -5.49561950e-02]
 [ 3.24192188e-02 -3.16649150e-01]
 [-3.00770202e-01  3.57703517e-01]
 [ 1.67883766e-02  4.01492875e-02]
 [ 1.36940598e-02  1.70602549e-01]
 [-4.19413041e-01 -1.59123897e-01]
 [-1.55328698e-01 -1.77977154e-01]
 [ 6.21794783e-03  3.60117321e-04]
 [ 1.40319112e-01 -2.78630250e-01]
 [ 6.51019131e-02 -1.61565496e-01]
 [ 6.41063841e-02 -8.30286962e-02]
 [ 1.50108951e-01 -8.06172333e-02]
 [ 3.94403977e-01  7.94072597e-02]
 [-9.65375521e-02  8.64255237e-02]
 [-3.47118949e-01 -3.05031491e-01]
 [-9.24824670e-02 -1.63198947e-01]
 [-1.27514413e-01  1.20869461e-01]
 [ 1.95371567e-02  3.56463411e-01]
 [-6.91670283e-01 -5.77506100e-02]
 [ 8.42145672e-02 -1.21748431e-01]
 [ 1.55945568e-01  3.09673523e-01]
 [-3.37404804e-01  2.15610827e-01]
 [-6.23961622e-02 -2.57817536e-01]
 [-1.14383266e-01  2.29344555e-01]
 [-1.81750205e-01 -2.86637664e-01]
 [ 8.54055450e-02  8.46653930e-02]
 [-3.06659306e-01  9.86940867e-02]
 [-1.42927362e-01  9.39760243e-02]
 [-2.37336201e-01  4.94190788e-03]
 [ 2.86950765e-01  3.78545225e-01]
 [ 3.11675815e-01  2.05006767e-03]
 [ 2.67152356e-01 -3.82891427e-02]
 [ 6.33094147e-02  1.21683354e-01]
 [-2.43867528e-01  7.34933414e-02]
 [ 1.62774653e-02  1.15285701e-01]
 [-1.26220390e-01  2.52560659e-01]
 [-7.75491454e-02 -6.35734277e-01]
 [-4.70302595e-02 -1.57144541e-01]
 [-4.03730576e-01 -7.64288834e-03]
 [-1.60397639e-01  2.32998974e-01]
 [-4.72307443e-02 -1.70376463e-01]
 [ 5.25751738e-01 -2.75173182e-01]
 [ 1.24860126e-01  8.83898040e-03]
 [-4.46726475e-01 -1.12779029e-01]
 [-2.00673272e-01  6.33253518e-02]
 [-1.13992797e-01  4.77677156e-02]
 [ 3.98554206e-02 -4.74465533e-01]
 [-1.34481726e-02 -1.41313712e-01]
 [ 1.77155754e-02 -2.53393411e-01]
 [-3.35352652e-01  1.53130201e-02]
 [-3.53123352e-02 -4.67410812e-01]
 [-4.32723054e-02 -2.10269293e-01]
 [-2.82603926e-01  2.22049536e-01]
 [ 3.44376914e-01  2.22912265e-01]
 [ 2.24435086e-02 -1.38617960e-01]
 [ 1.99178616e-01  1.36815489e-01]
 [-6.07254087e-02  2.55905944e-01]
 [-2.39413623e-01 -4.24281045e-02]
 [-1.81702245e-01  3.69651636e-01]
 [ 4.03762152e-01  6.89489892e-02]
 [-7.76250291e-02 -2.55665701e-01]
 [-4.08979388e-01 -3.47970498e-01]
 [ 2.72900305e-01  3.45688309e-01]
 [ 9.84637036e-02 -2.43436155e-01]
 [-1.13377002e-03  2.77516764e-02]
 [ 2.66640224e-01 -8.16862162e-02]
 [-2.03576973e-01 -1.01502605e-01]
 [ 7.77860627e-02  7.83434957e-02]
 [-1.06519716e-01 -2.17791691e-01]
 [ 8.71683832e-02 -7.83224662e-02]
 [ 1.24345688e-02 -1.75568016e-01]
 [ 4.86247111e-01 -4.55873003e-01]
 [ 7.26985651e-03 -4.16660654e-01]
 [-2.45282459e-01  8.27546851e-02]
 [ 2.48839474e-01  3.87872723e-01]
 [ 3.37800171e-01 -1.70341249e-01]
 [-2.55636547e-01 -9.93416190e-02]
 [ 2.88829667e-02  1.29634049e-01]
 [-1.34384530e-01 -6.75484432e-02]
 [-2.49437679e-02  7.22988260e-02]
 [ 5.85243287e-01 -4.36803884e-02]
 [-2.27008022e-01 -2.57500634e-01]
 [ 3.78124288e-02  8.11882784e-02]
 [ 3.53896111e-01  4.00440584e-01]
 [ 1.56076007e-01  3.22500186e-01]
 [-3.99319313e-01  5.59509406e-02]
 [-3.02035054e-01 -1.79327942e-01]
 [-1.79977996e-02  1.03021162e-01]
 [ 1.93099123e-02  2.07737209e-01]
 [ 1.77189977e-01 -2.18528269e-01]
 [ 2.84876622e-01 -2.76561225e-02]
 [ 2.35104207e-01  5.10115190e-02]
 [ 7.76940419e-02 -8.04054633e-03]
 [-1.23486457e-01 -4.71320668e-01]
 [-3.29343558e-04 -3.42996437e-02]
 [-3.70487796e-01  9.95858038e-02]
 [ 4.68813625e-02  1.58941394e-04]
 [ 7.92647189e-02  3.81082706e-01]
 [-2.88532868e-01 -2.47624387e-01]
 [-2.71964784e-02 -1.23238712e-01]
 [ 8.57680284e-02 -5.11759428e-01]
 [ 7.74484290e-02 -6.55620060e-02]
 [-8.32543211e-02  3.87723714e-01]
 [-1.91757671e-01 -4.44625261e-01]
 [-7.66396635e-02  4.34837338e-01]
 [ 3.91454895e-02 -2.15554834e-01]
 [ 8.15469297e-02 -9.33224790e-02]
 [ 3.81898068e-01  2.04946034e-01]
 [ 1.45852006e-01 -2.90532042e-02]
 [ 5.03480073e-02 -7.40336687e-02]
 [-3.42093827e-02 -3.38941677e-01]
 [ 2.25029507e-01 -5.35560323e-02]
 [-6.86115466e-02  1.32917833e-01]
 [ 2.92614050e-01 -4.31776679e-02]
 [-1.20434342e-01 -6.07383122e-02]
 [ 1.08950304e-01 -6.74494242e-02]
 [-2.44410375e-01  1.13324970e-01]
 [-4.05768180e-01 -5.00735997e-02]
 [-1.02720095e-01 -4.54653395e-02]
 [ 2.58980168e-01 -1.47530554e-01]
 [-1.19650744e-01  1.36683649e-03]
 [-1.17732736e-01  2.82185401e-01]
 [-1.85191594e-02 -2.15343890e-01]
 [ 7.68712714e-02  2.71656137e-01]
 [-1.34674827e-01 -1.83242284e-01]
 [ 2.60047180e-01  8.98135156e-02]
 [ 1.89192517e-01  2.90591159e-01]
 [ 1.62922474e-01 -4.32533711e-02]
 [ 2.34419163e-01 -1.89378430e-01]
 [ 1.70066303e-01  7.69117106e-02]
 [ 1.66881782e-01  7.60007997e-02]]
States:
[[0.9996908  0.99941527 0.49169676 0.52326845 0.51330647 0.59734586]
 [0.99971196 0.99907657 0.4923188  0.5292361  0.52108132 0.67584266]
 [0.99966373 0.99837947 0.49093112 0.53871714 0.48785903 0.6444011 ]
 ...
 [0.33820657 0.         0.99289671 0.3932411  0.58382328 0.58067334]
 [0.32356923 0.         0.98768468 0.39933563 0.64259328 0.53137415]
 [0.30194637 0.         0.97902196 0.40749433 0.68368518 0.55283435]]
Logstds:
[[-3. -3.]
 [-3. -3.]
 [-3. -3.]
 [-3. -3.]
 [-3. -3.]
 [-3. -3.]
 [-3. -3.]
 [-3. -3.]
 [-3. -3.]
 [-3. -3.]
 [-3. -3.]
 [-3. -3.]
 [-3. -3.]
 [-3. -3.]
 [-3. -3.]
 [-3. -3.]
 [-3. -3.]
 [-3. -3.]
 [-3. -3.]
 [-3. -3.]
 [-3. -3.]
 [-3. -3.]
 [-3. -3.]
 [-3. -3.]
 [-3. -3.]
 [-3. -3.]
 [-3. -3.]
 [-3. -3.]
 [-3. -3.]
 [-3. -3.]
 [-3. -3.]
 [-3. -3.]
 [-3. -3.]
 [-3. -3.]
 [-3. -3.]
 [-3. -3.]
 [-3. -3.]
 [-3. -3.]
 [-3. -3.]
 [-3. -3.]
 [-3. -3.]
 [-3. -3.]
 [-3. -3.]
 [-3. -3.]
 [-3. -3.]
 [-3. -3.]
 [-3. -3.]
 [-3. -3.]
 [-3. -3.]
 [-3. -3.]
 [-3. -3.]
 [-3. -3.]
 [-3. -3.]
 [-3. -3.]
 [-3. -3.]
 [-3. -3.]
 [-3. -3.]
 [-3. -3.]
 [-3. -3.]
 [-3. -3.]
 [-3. -3.]
 [-3. -3.]
 [-3. -3.]
 [-3. -3.]
 [-3. -3.]
 [-3. -3.]
 [-3. -3.]
 [-3. -3.]
 [-3. -3.]
 [-3. -3.]
 [-3. -3.]
 [-3. -3.]
 [-3. -3.]
 [-3. -3.]
 [-3. -3.]
 [-3. -3.]
 [-3. -3.]
 [-3. -3.]
 [-3. -3.]
 [-3. -3.]
 [-3. -3.]
 [-3. -3.]
 [-3. -3.]
 [-3. -3.]
 [-3. -3.]
 [-3. -3.]
 [-3. -3.]
 [-3. -3.]
 [-3. -3.]
 [-3. -3.]
 [-3. -3.]
 [-3. -3.]
 [-3. -3.]
 [-3. -3.]
 [-3. -3.]
 [-3. -3.]
 [-3. -3.]
 [-3. -3.]
 [-3. -3.]
 [-3. -3.]
 [-3. -3.]
 [-3. -3.]
 [-3. -3.]
 [-3. -3.]
 [-3. -3.]
 [-3. -3.]
 [-3. -3.]
 [-3. -3.]
 [-3. -3.]
 [-3. -3.]
 [-3. -3.]
 [-3. -3.]
 [-3. -3.]
 [-3. -3.]
 [-3. -3.]
 [-3. -3.]
 [-3. -3.]
 [-3. -3.]
 [-3. -3.]
 [-3. -3.]
 [-3. -3.]
 [-3. -3.]
 [-3. -3.]
 [-3. -3.]
 [-3. -3.]
 [-3. -3.]
 [-3. -3.]
 [-3. -3.]
 [-3. -3.]
 [-3. -3.]
 [-3. -3.]
 [-3. -3.]
 [-3. -3.]
 [-3. -3.]
 [-3. -3.]
 [-3. -3.]
 [-3. -3.]
 [-3. -3.]
 [-3. -3.]
 [-3. -3.]
 [-3. -3.]
 [-3. -3.]
 [-3. -3.]
 [-3. -3.]
 [-3. -3.]
 [-3. -3.]
 [-3. -3.]
 [-3. -3.]
 [-3. -3.]
 [-3. -3.]
 [-3. -3.]
 [-3. -3.]
 [-3. -3.]
 [-3. -3.]
 [-3. -3.]
 [-3. -3.]
 [-3. -3.]
 [-3. -3.]
 [-3. -3.]
 [-3. -3.]
 [-3. -3.]
 [-3. -3.]
 [-3. -3.]
 [-3. -3.]
 [-3. -3.]
 [-3. -3.]
 [-3. -3.]
 [-3. -3.]
 [-3. -3.]
 [-3. -3.]
 [-3. -3.]
 [-3. -3.]
 [-3. -3.]
 [-3. -3.]
 [-3. -3.]
 [-3. -3.]
 [-3. -3.]
 [-3. -3.]
 [-3. -3.]
 [-3. -3.]
 [-3. -3.]
 [-3. -3.]
 [-3. -3.]
 [-3. -3.]
 [-3. -3.]
 [-3. -3.]
 [-3. -3.]
 [-3. -3.]
 [-3. -3.]
 [-3. -3.]
 [-3. -3.]
 [-3. -3.]
 [-3. -3.]
 [-3. -3.]
 [-3. -3.]
 [-3. -3.]
 [-3. -3.]
 [-3. -3.]
 [-3. -3.]
 [-3. -3.]]
