Baseline:
[0.480184   0.47382787 0.483845   0.48572946 0.47628117 0.46722323
 0.45463258 0.45844164 0.4624871  0.46031705 0.45242858 0.46071866
 0.44846815 0.44193736 0.42809016 0.41341987 0.3999405  0.38010877
 0.3652242  0.35113212 0.33447966 0.31692147 0.29910868 0.27634394
 0.25143445 0.2240673  0.19253351 0.16301785 0.13603166 0.11398088
 0.11179739 0.1076846  0.11455358 0.11864466 0.13683583 0.16455774
 0.16448694 0.16711012 0.17100762 0.17872144 0.17092681 0.17872351
 0.17383583 0.16611564 0.16868025 0.15614595 0.16957721 0.15336293
 0.14250176 0.14370792 0.14283673 0.13975365 0.13266851 0.13172981
 0.12413529 0.1371094  0.1371381  0.14672992 0.14525801 0.13781127
 0.13541485 0.12709442 0.10790367 0.1007092  0.10752025 0.1079428
 0.11756058 0.11181921 0.10838787 0.11685391 0.11779115 0.11034721
 0.12677035 0.13456811 0.12399168 0.13796459 0.12563051 0.11907971
 0.12270298 0.13708909 0.14967337 0.1465916  0.16130048 0.166921
 0.16329604 0.16143973 0.1672073  0.17753561 0.17483199 0.1762377
 0.2037808  0.20202604 0.18254915 0.16621296 0.16178593 0.17284748
 0.17325528 0.16779259 0.17188738 0.17981286 0.20729007 0.18091698
 0.17348103 0.17797491 0.16337536 0.16630645 0.17189878 0.17786175
 0.19960025 0.22371341 0.23653445 0.23015687 0.22483073 0.21700266
 0.20862001 0.1846667  0.16817963 0.18091492 0.17008016 0.14835957
 0.17075655 0.1805101  0.20236273 0.21044038 0.20958064 0.20599413
 0.22373442 0.23155862 0.2294932  0.24697319 0.24383065 0.25956407
 0.25118783 0.24779503 0.24989605 0.24474442 0.22666425 0.2392854
 0.23624808 0.2408639  0.24306594 0.24292862 0.22714119 0.21382622
 0.21335813 0.19380066 0.1909285  0.18331371 0.17754921 0.1733517
 0.16102913 0.14233387 0.13124765 0.12392996 0.12239443 0.11513025
 0.10004419 0.08354943 0.08293453 0.07033153 0.05231649 0.06074688
 0.07285368 0.08761039 0.09821595 0.08700018 0.10963592 0.11473091
 0.11972656 0.11876626 0.12151179 0.11916339 0.12024746 0.12280564
 0.12300448 0.12097637 0.12212738 0.12596975 0.1341124  0.1439215
 0.13632414 0.140881   0.13990678 0.1444965  0.14260775 0.13873477
 0.13214852 0.12342565 0.11161594 0.10728514 0.10803004 0.12375177
 0.12797616 0.12512863 0.11705743 0.11624052 0.11853651 0.12988104
 0.1388725  0.1390843  0.1390843 ]
Returns:
[ 0.06058379  0.07228941  0.01980446  0.08116513  0.12841846  0.05507577
  0.02511471  0.03727943  0.09391296 -0.14946285 -0.35841989 -0.39954306
 -0.3657988  -0.29772197 -0.61416775 -0.68279025 -0.75118627 -0.77149588
 -0.9965911  -0.93673563 -0.92511465 -0.85829574 -0.84381079 -0.96047206
 -0.90159637 -0.87572951 -0.82654082 -0.80092517 -0.73643287 -0.7068248
 -0.73697889 -0.6524199  -0.64928428 -0.66587641 -0.72828044 -0.68151438
 -0.75859929 -0.72117455 -0.69361776 -0.71745458 -0.75303699 -0.7545072
 -0.74603742 -0.71966685 -0.88673103 -0.83340489 -1.03548764 -1.05303716
 -1.32988151 -1.27648036 -1.2621326  -1.24210127 -1.20021245 -1.16258888
 -1.11430279 -1.25117287 -1.20743692 -1.23259513 -1.1786514  -1.15883565
 -1.08201491 -1.03641629 -1.15110008 -1.08290632 -1.10682203 -1.0261123
 -1.09275515 -1.12559149 -1.06508623 -0.99882582 -1.05285849 -1.08192368
 -1.21218463 -1.21338621 -1.31681063 -1.29980184 -1.31651906 -1.32660738
 -1.24240277 -1.19553463 -1.14013739 -1.05630305 -1.01549861 -0.97631137
 -0.91233509 -0.86181515 -0.75397848 -0.68660729 -0.61512607 -0.51173367
 -0.59578408 -0.46735589 -0.50383911 -0.58044751 -0.47306019 -0.52229291
 -0.39852945 -0.29109589 -0.29010311 -0.17887194 -0.34781815 -0.44383809
 -0.35148474 -0.25173541 -0.20148806 -0.23750391 -0.15640958 -0.10463218
 -0.03896184 -0.09113533 -0.03693923  0.03552478  0.17351495  0.2273283
  0.24719381  0.26844191  0.36386872  0.44612775  0.09526088 -0.30418344
 -0.36009467 -0.26926122 -0.26045521 -0.36420241 -0.38106947 -0.28602159
 -0.24156078 -0.14495714 -0.05640458 -0.19836852 -0.45404782 -0.41668995
 -0.4265272  -0.59016987 -0.5009285  -0.45149556 -0.55424154 -0.69050908
 -0.64274054 -0.60280705 -0.51012924 -0.51486127 -0.55225995 -0.52211726
 -0.60399997 -0.65175471 -0.57775739 -0.52544089 -0.45151656 -0.35654424
 -0.28409034 -0.32860897 -0.23735503 -0.1289811  -0.06006917 -0.38678279
 -0.36577657 -0.59442824 -0.55889873 -0.47204957 -0.5964023  -0.47914079
 -0.34998439 -0.22911629 -0.08184241 -0.11623683 -0.1331887  -0.20896257
 -0.08728379 -0.02807249  0.00958037  0.08260598 -0.02968271  0.01417615
 -0.32625071 -0.23031998 -0.28717047 -0.2428899  -0.12126586 -0.05815023
 -0.18715375 -0.17804622 -0.07861274 -0.07183642  0.04903058  0.13006867
  0.07303753 -0.29291489 -0.21033659 -0.17279142 -0.3634486  -0.44170246
 -0.55226349 -0.43170997 -0.3107915  -0.17318118 -0.02912842 -0.01258806
  0.04541007  0.15220451]
Advants:
[-0.16306721 -0.13557086 -0.18976768 -0.11943922 -0.04920725 -0.10079716
 -0.10492857 -0.08194768 -0.01186206 -0.24153965 -0.43631663 -0.4804306
 -0.42726258 -0.3425632  -0.64356906 -0.69746148 -0.75401168 -0.75627708
 -0.97492888 -0.90785451 -0.88616533 -0.80632378 -0.77794907 -0.87900685
 -0.80040165 -0.7511425  -0.67223689 -0.61737216 -0.52335369 -0.46734081
 -0.49145155 -0.39584866 -0.39217594 -0.40546185 -0.48052223 -0.45488277
 -0.52712162 -0.48606165 -0.45487911 -0.4792414  -0.5000879  -0.50210881
 -0.48047496 -0.43634843 -0.6003328  -0.52631015 -0.73963205 -0.73862971
 -1.01030246 -0.96266745 -0.95192624 -0.93295614 -0.88696486 -0.85044672
 -0.79505611 -0.9500664  -0.91061356 -0.95105516 -0.90010207 -0.87683911
 -0.79951216 -0.74597674 -0.8448395  -0.77077644 -0.80389158 -0.72371312
 -0.80245031 -0.83307081 -0.77098264 -0.71340671 -0.77031376 -0.79470588
 -0.9489335  -0.96639731 -1.07130242 -1.0812569  -1.09987256 -1.11896443
 -1.05277025 -1.0348964  -1.00661193 -0.93277384 -0.92006327 -0.89998366
 -0.84492768 -0.8045455  -0.71233544 -0.66422725 -0.59744384 -0.50033487
 -0.62067296 -0.49595324 -0.51941417 -0.58855493 -0.48290641 -0.55175655
 -0.4338705  -0.32341813 -0.32926818 -0.22574959 -0.42801694 -0.50615956
 -0.41250349 -0.3209577  -0.25813091 -0.30047458 -0.22632355 -0.18055825
 -0.13532101 -0.21255044 -0.17091882 -0.08936042  0.0613366   0.13289392
  0.17277633  0.2320011   0.36259415  0.45453853  0.12832056 -0.24609447
 -0.32323398 -0.23837821 -0.24773079 -0.35900542 -0.37491072 -0.27311508
 -0.2421376  -0.14599281 -0.04457941 -0.19723953 -0.45022504 -0.42841874
 -0.42972761 -0.59476855 -0.51013237 -0.4565771  -0.54497841 -0.70252564
 -0.65954459 -0.63162603 -0.54638144 -0.55679507 -0.58538931 -0.54816547
 -0.63886295 -0.6780059  -0.61063715 -0.55916237 -0.48618584 -0.39123301
 -0.30841081 -0.33715359 -0.23481639 -0.11554988 -0.03904421 -0.36179923
 -0.32817788 -0.54957776 -0.52234584 -0.42948956 -0.54627379 -0.44541323
 -0.33339308 -0.22945778 -0.09092409 -0.11279531 -0.1521885  -0.23534746
 -0.11754076 -0.05428889 -0.01495929  0.06754487 -0.04159674  0.00557289
 -0.33921869 -0.24275099 -0.30416451 -0.26617833 -0.15184809 -0.09597174
 -0.21834401 -0.21470101 -0.11217292 -0.10761766  0.0215051   0.11595169
  0.07429447 -0.28444718 -0.18878085 -0.14422251 -0.33863337 -0.43878053
 -0.5638133  -0.44771602 -0.32266296 -0.18422642 -0.03807532 -0.02795012
  0.02792151  0.14525031]
Mus:
[[-2.67716572e-02 -1.16988579e-02]
 [-2.73990538e-02 -1.15517033e-02]
 [-2.65500769e-02 -1.11958645e-02]
 [-2.66231950e-02 -1.12231234e-02]
 [-2.78546941e-02 -1.17242439e-02]
 [-2.89823283e-02 -1.29219322e-02]
 [-2.87007671e-02 -1.26510439e-02]
 [-2.88977958e-02 -1.26303313e-02]
 [-2.86116302e-02 -1.27676874e-02]
 [-2.89028697e-02 -1.19827241e-02]
 [-2.86247972e-02 -1.11702029e-02]
 [-2.93900166e-02 -1.18717561e-02]
 [-3.10006700e-02 -1.27256028e-02]
 [-3.22792195e-02 -1.35745965e-02]
 [-3.21011618e-02 -1.25919422e-02]
 [-3.37914638e-02 -1.28560998e-02]
 [-3.51976864e-02 -1.31062930e-02]
 [-3.72448713e-02 -1.43384915e-02]
 [-3.88746411e-02 -1.61143634e-02]
 [-3.95063311e-02 -1.66378561e-02]
 [-3.93877849e-02 -1.64361428e-02]
 [-3.96050438e-02 -1.65195502e-02]
 [-4.01576348e-02 -1.66053791e-02]
 [-3.98032852e-02 -1.58052444e-02]
 [-3.96914296e-02 -1.57199539e-02]
 [-3.81384194e-02 -1.47211161e-02]
 [-3.68663631e-02 -1.40170101e-02]
 [-3.46481875e-02 -1.26837185e-02]
 [-3.29790972e-02 -1.22462660e-02]
 [-3.07298172e-02 -1.16854962e-02]
 [-2.90858652e-02 -1.11281769e-02]
 [-2.55830865e-02 -9.86068323e-03]
 [-2.18547788e-02 -8.70013982e-03]
 [-1.55667393e-02 -5.91241149e-03]
 [-1.60904862e-02 -6.10467419e-03]
 [-3.04926410e-02 -1.36147561e-02]
 [-3.15943658e-02 -1.49286771e-02]
 [-3.07426602e-02 -1.45253111e-02]
 [-3.04636657e-02 -1.43866157e-02]
 [-3.11724059e-02 -1.51220271e-02]
 [-2.94937287e-02 -1.39051536e-02]
 [-3.01294383e-02 -1.45622939e-02]
 [-3.09775397e-02 -1.53338583e-02]
 [-3.04541923e-02 -1.54108778e-02]
 [-3.05382833e-02 -1.66438110e-02]
 [-2.83038560e-02 -1.57847852e-02]
 [-2.93394681e-02 -1.71933658e-02]
 [-2.71564424e-02 -1.66874249e-02]
 [-2.22214069e-02 -1.38041992e-02]
 [-2.02928483e-02 -1.32465418e-02]
 [-1.69877298e-02 -1.15597360e-02]
 [-1.41427815e-02 -1.00409491e-02]
 [-1.14716832e-02 -8.80413223e-03]
 [-9.43238754e-03 -7.75512028e-03]
 [-7.00304098e-03 -6.60084095e-03]
 [-8.26805364e-03 -7.58655788e-03]
 [-6.24374859e-03 -6.36549341e-03]
 [-3.79023352e-03 -4.96900966e-03]
 [-4.14388999e-03 -5.33001171e-03]
 [-4.27985517e-03 -5.59627404e-03]
 [-3.04203085e-03 -5.04941540e-03]
 [-1.11258344e-03 -4.03823517e-03]
 [ 2.36371462e-03 -2.04751617e-03]
 [ 4.67573991e-03 -8.51087854e-04]
 [ 3.74891330e-03 -1.74622040e-03]
 [ 6.51823450e-03 -2.91731179e-04]
 [ 4.64693271e-03 -1.70549203e-03]
 [ 1.01599339e-02  1.39363040e-03]
 [ 1.39027452e-02  3.37467692e-03]
 [ 1.48001639e-02  3.58831650e-03]
 [ 1.92250218e-02  6.37480663e-03]
 [ 2.00793669e-02  7.49141257e-03]
 [ 2.02676561e-02  6.54471992e-03]
 [ 1.86960399e-02  5.27756615e-03]
 [ 2.13146452e-02  7.21132662e-03]
 [ 2.16556620e-02  7.04709021e-03]
 [ 2.09802985e-02  6.71708910e-03]
 [ 2.23721657e-02  7.94334989e-03]
 [ 2.29780059e-02  8.15755874e-03]
 [ 2.44903322e-02  8.97716638e-03]
 [ 2.57563815e-02  9.61098727e-03]
 [ 2.54133064e-02  9.41208936e-03]
 [ 2.67496482e-02  9.98728164e-03]
 [ 2.61715446e-02  9.14763846e-03]
 [ 2.48742625e-02  8.23856238e-03]
 [ 2.32261978e-02  7.11091096e-03]
 [ 2.36417297e-02  7.23560853e-03]
 [ 2.30594557e-02  6.68147625e-03]
 [ 2.09933724e-02  5.49274916e-03]
 [ 2.28761882e-02  6.71338011e-03]
 [ 2.32134219e-02  6.83967490e-03]
 [ 2.33427156e-02  7.06266705e-03]
 [ 2.38315649e-02  7.61926686e-03]
 [ 2.47625541e-02  8.48379079e-03]
 [ 2.40792930e-02  8.06533173e-03]
 [ 2.61629540e-02  9.79393814e-03]
 [ 2.61901300e-02  9.65226907e-03]
 [ 2.55674031e-02  9.12299845e-03]
 [ 2.66802832e-02  1.03276223e-02]
 [ 2.74029691e-02  1.09330649e-02]
 [ 2.85009630e-02  1.22254035e-02]
 [ 2.77567953e-02  1.10465484e-02]
 [ 2.72335690e-02  1.11734886e-02]
 [ 2.71869469e-02  1.15430607e-02]
 [ 2.60272883e-02  1.14815636e-02]
 [ 2.55383421e-02  1.22219082e-02]
 [ 2.53832135e-02  1.24244150e-02]
 [ 2.60084048e-02  1.16012795e-02]
 [ 2.51667593e-02  1.04240393e-02]
 [ 2.39460990e-02  9.18694492e-03]
 [ 2.09555216e-02  7.13723432e-03]
 [ 2.03068946e-02  7.27705332e-03]
 [ 1.68290175e-02  5.59021486e-03]
 [ 1.16324425e-02  2.71867984e-03]
 [ 5.72858378e-03 -4.46157414e-04]
 [ 4.46323399e-03 -6.15419471e-04]
 [ 3.76826385e-03 -5.29399957e-04]
 [ 1.06498552e-03 -1.90487853e-03]
 [-7.33460486e-03 -6.44619716e-03]
 [-2.44292477e-03 -3.14119575e-03]
 [-4.11709910e-03 -4.06079367e-03]
 [-6.56357408e-03 -5.21337474e-03]
 [-9.94948670e-03 -7.00170780e-03]
 [-9.38038155e-03 -6.25333935e-03]
 [-1.41795324e-02 -8.67847819e-03]
 [-1.58502366e-02 -9.24117956e-03]
 [-1.77867729e-02 -1.01805637e-02]
 [-2.08603721e-02 -1.17151914e-02]
 [-2.33246889e-02 -1.27470260e-02]
 [-2.62814835e-02 -1.47537198e-02]
 [-2.55026110e-02 -1.34904236e-02]
 [-2.62779668e-02 -1.38166202e-02]
 [-2.78832875e-02 -1.42552294e-02]
 [-3.02304979e-02 -1.57051366e-02]
 [-2.95919962e-02 -1.53279454e-02]
 [-2.90272776e-02 -1.51449461e-02]
 [-2.67564207e-02 -1.38342297e-02]
 [-2.71366164e-02 -1.44043239e-02]
 [-2.67132837e-02 -1.44912144e-02]
 [-2.58577522e-02 -1.42566301e-02]
 [-2.51203235e-02 -1.41553320e-02]
 [-2.27526762e-02 -1.26919653e-02]
 [-2.06981599e-02 -1.13637559e-02]
 [-1.96021721e-02 -1.09970719e-02]
 [-2.02302076e-02 -1.20428614e-02]
 [-1.62276439e-02 -9.88642126e-03]
 [-1.49606634e-02 -9.50886309e-03]
 [-1.37710460e-02 -9.43434890e-03]
 [-1.08184963e-02 -8.01130664e-03]
 [-9.10803583e-03 -7.36715319e-03]
 [-7.09463609e-03 -6.53025648e-03]
 [-4.39434592e-03 -5.20752044e-03]
 [-2.77218455e-03 -4.84339800e-03]
 [-1.09721662e-03 -4.27490752e-03]
 [-5.64483751e-04 -3.97320231e-03]
 [-2.48801708e-03 -5.95060876e-03]
 [ 2.86210299e-04 -4.43104981e-03]
 [ 5.56057924e-03 -8.75067548e-04]
 [ 1.02030244e-02  1.76911440e-03]
 [ 1.22182760e-02  2.70446762e-03]
 [ 1.19335186e-02  2.78636673e-03]
 [ 1.39907375e-02  3.64052108e-03]
 [ 1.56026343e-02  4.52522933e-03]
 [ 1.67974755e-02  5.33176539e-03]
 [ 1.67983882e-02  5.45753865e-03]
 [ 1.55190928e-02  5.56349894e-03]
 [ 1.06772641e-02  1.85127696e-03]
 [ 7.08254520e-03  5.05696400e-04]
 [ 2.55263946e-03 -1.16468873e-03]
 [ 9.19122158e-06 -1.52281031e-03]
 [-4.72411793e-03 -3.23867053e-03]
 [-1.02342525e-02 -5.44876838e-03]
 [-1.61238723e-02 -7.75593054e-03]
 [-2.16749106e-02 -9.90953017e-03]
 [-2.66934112e-02 -1.19147794e-02]
 [-3.00040599e-02 -1.34089319e-02]
 [-3.17968167e-02 -1.43822180e-02]
 [-3.35934721e-02 -1.53849823e-02]
 [-3.37613225e-02 -1.58339720e-02]
 [-3.38565446e-02 -1.66510455e-02]
 [-2.77675074e-02 -1.40536474e-02]
 [-2.68659052e-02 -1.44485086e-02]
 [-2.22225413e-02 -1.28970202e-02]
 [-1.92113761e-02 -1.24155013e-02]
 [-1.51910633e-02 -1.09130740e-02]
 [-1.29982587e-02 -1.05421422e-02]
 [-7.17601832e-03 -7.63494102e-03]
 [-5.77850128e-03 -7.78731564e-03]
 [-1.10423146e-03 -5.66269970e-03]
 [ 1.83599605e-03 -4.60979622e-03]
 [ 5.57936123e-03 -2.98777246e-03]
 [ 5.23839332e-03 -3.54629988e-03]
 [ 5.83810220e-03 -3.25539731e-03]
 [ 7.60154100e-03 -2.16580275e-03]
 [ 7.91375339e-03 -1.23474165e-03]
 [ 7.14087253e-03 -8.22536473e-04]
 [ 3.89437051e-03 -1.70629192e-03]
 [-2.38337624e-03 -4.34599491e-03]
 [-8.09665490e-03 -6.59726141e-03]
 [-1.28329266e-02 -7.90191442e-03]]
Actions:
[[ 0.02097253 -0.23607326]
 [ 0.23316948  0.16488425]
 [ 0.05149079  0.05193576]
 [-0.21191824 -0.13887092]
 [-0.44764869  0.10889397]
 [-0.17946052 -0.31389263]
 [ 0.17690788  0.01044492]
 [ 0.03875687  0.13400814]
 [ 0.29010592 -0.38864569]
 [ 0.2952045  -0.31414461]
 [ 0.0905526   0.26251269]
 [-0.21297178 -0.08098883]
 [-0.14451553  0.04609272]
 [ 0.31500161 -0.44814284]
 [ 0.05512892 -0.32390277]
 [ 0.2088805  -0.13802654]
 [-0.32684251 -0.12567517]
 [-0.40471175  0.3863161 ]
 [-0.12375482  0.05867076]
 [ 0.02251114 -0.20464624]
 [ 0.0205738  -0.04465579]
 [ 0.18841998 -0.00965416]
 [ 0.1764271  -0.36777928]
 [-0.13310204 -0.12168367]
 [ 0.07614458 -0.205473  ]
 [-0.10408289 -0.18371727]
 [ 0.08598928 -0.2114968 ]
 [-0.16739912  0.09451999]
 [-0.25475728  0.10745246]
 [ 0.14880044  0.28577092]
 [-0.1156611  -0.05510125]
 [-0.32863394 -0.06356424]
 [-0.04881648 -0.33634457]
 [ 0.3651821   0.04706931]
 [-0.14555572  0.14966766]
 [-0.41824457  0.10738497]
 [ 0.18980206  0.00211781]
 [ 0.19565656  0.07251462]
 [ 0.06762994  0.30306825]
 [ 0.16002936 -0.3000578 ]
 [ 0.05552305  0.26656526]
 [-0.31439263  0.00899587]
 [-0.26515228 -0.09446516]
 [-0.38030011  0.34094978]
 [-0.10372469 -0.17537019]
 [-0.06071212  0.51047338]
 [-0.31884829 -0.1324841 ]
 [ 0.1333137  -0.57332254]
 [-0.01566058  0.06587697]
 [ 0.12339767 -0.17699717]
 [ 0.13993159 -0.1486878 ]
 [-0.06135998 -0.16468766]
 [ 0.16436549  0.01671702]
 [-0.07458197 -0.15588629]
 [ 0.07349505  0.44464933]
 [ 0.13162393 -0.0877418 ]
 [ 0.29646808  0.06355911]
 [-0.15133395  0.02046345]
 [-0.24253214 -0.06387059]
 [-0.04669396 -0.03779486]
 [-0.08097315 -0.17977884]
 [-0.12322575 -0.42560324]
 [-0.03042009 -0.11413229]
 [-0.05341123  0.32804752]
 [ 0.09389041 -0.04189482]
 [-0.09578172  0.3834185 ]
 [ 0.16851755 -0.29873921]
 [ 0.08586123 -0.16060106]
 [ 0.05395073  0.17831893]
 [ 0.28823679 -0.26032079]
 [ 0.02611513 -0.33394149]
 [-0.04977343  0.46764239]
 [-0.12471624  0.26400704]
 [ 0.03481666 -0.41853933]
 [ 0.08250027  0.25852893]
 [-0.24510313 -0.15124733]
 [ 0.02739172 -0.29163734]
 [-0.01596982  0.03475513]
 [ 0.21136479  0.09603368]
 [ 0.18903398  0.10475093]
 [-0.07723796 -0.01669562]
 [ 0.21896762  0.15218061]
 [-0.05437232  0.24221804]
 [-0.15810186  0.08667176]
 [-0.17959252  0.12881741]
 [ 0.05110508  0.08455889]
 [ 0.04926905  0.23603108]
 [-0.177926    0.10423342]
 [ 0.11989301 -0.11734066]
 [ 0.30844722  0.37208529]
 [ 0.0403446  -0.03841973]
 [-0.1393415  -0.35141755]
 [-0.09235985 -0.41147407]
 [-0.11444461 -0.00790509]
 [ 0.35339023 -0.23785434]
 [-0.02974667  0.06630673]
 [-0.13543539  0.04871194]
 [ 0.25597959 -0.27125185]
 [ 0.19542284 -0.03122495]
 [ 0.57776462  0.06267914]
 [-0.43836473  0.03142537]
 [ 0.00696952 -0.17610872]
 [ 0.20245825 -0.04023404]
 [-0.05351156 -0.26498493]
 [ 0.32853875 -0.25361572]
 [ 0.24358779  0.04872275]
 [-0.04005415 -0.26178287]
 [ 0.23120325  0.17296487]
 [ 0.20185165  0.40916995]
 [-0.00857     0.29307413]
 [ 0.11460015 -0.22312342]
 [-0.03840685  0.02499548]
 [-0.23763414  0.16543876]
 [-0.28844897  0.19308334]
 [-0.10746494 -0.33594076]
 [ 0.02945802 -0.22779606]
 [ 0.09685267  0.24498604]
 [-0.69334351  0.12580074]
 [ 0.34157901 -0.62787159]
 [ 0.21063346  0.34959463]
 [ 0.06310864  0.1317641 ]
 [ 0.03687461  0.31762888]
 [ 0.4467212  -0.06138363]
 [-0.38052245 -0.01364488]
 [-0.02919745 -0.14224054]
 [ 0.10508415  0.21996493]
 [-0.14322377  0.10247821]
 [-0.18218918 -0.12948208]
 [-0.18928871  0.47034973]
 [ 0.15177293 -0.58132963]
 [ 0.15532252  0.16275828]
 [-0.19068777 -0.31345495]
 [-0.55063075 -0.05526179]
 [ 0.06788234 -0.04983939]
 [-0.21633088 -0.17276683]
 [-0.17396256 -0.44400517]
 [ 0.18811294  0.4077905 ]
 [-0.26105013 -0.03791016]
 [ 0.13032621  0.14753692]
 [-0.04993399  0.07607676]
 [ 0.21191704 -0.21877138]
 [-0.06708194 -0.37997303]
 [-0.25602159 -0.14359364]
 [-0.36405959  0.24942087]
 [-0.02742521 -0.38475601]
 [ 0.05588177  0.1097989 ]
 [-0.22496025  0.08666192]
 [ 0.14459342 -0.05157495]
 [ 0.06149097  0.08294465]
 [-0.18122736 -0.13248017]
 [-0.28749471 -0.29446079]
 [-0.15175255  0.08971862]
 [ 0.00586173  0.12347262]
 [ 0.16858106  0.19215904]
 [-0.618634    0.26522919]
 [-0.21232825 -0.24462463]
 [ 0.10632654 -0.57169289]
 [ 0.26849213 -0.11351628]
 [-0.16362767 -0.06436946]
 [-0.40736294 -0.25787206]
 [-0.04720956  0.10160043]
 [ 0.08876614  0.06456019]
 [ 0.15430176  0.07898369]
 [-0.00746961  0.06963292]
 [-0.27938932 -0.30880645]
 [-0.38922017  0.04301849]
 [-0.32470294 -0.33003814]
 [-0.10395971  0.13505235]
 [-0.00931621 -0.30576106]
 [-0.32023679 -0.10685284]
 [ 0.05503308 -0.27491708]
 [-0.4476159  -0.26114476]
 [-0.19476336 -0.26418878]
 [ 0.61577254 -0.24446   ]
 [-0.02137387 -0.18184986]
 [-0.17569938 -0.40750553]
 [-0.17427784 -0.25593161]
 [ 0.02156036  0.00476415]
 [ 0.02853914  0.22419953]
 [ 0.27457531 -0.39960182]
 [-0.28192508  0.19278033]
 [ 0.08870002 -0.10512815]
 [ 0.26044934  0.16872627]
 [-0.02608939 -0.10434914]
 [-0.12964723  0.18275921]
 [ 0.16415751 -0.40805023]
 [-0.62029757  0.3213101 ]
 [-0.11156171 -0.18176058]
 [-0.15634679 -0.26402365]
 [-0.53532585 -0.15814361]
 [ 0.04333767  0.45522854]
 [-0.43411564  0.21123512]
 [ 0.12320809  0.07453595]
 [ 0.03763242 -0.13902378]
 [-0.01494574 -0.09857108]
 [ 0.12780513  0.03309708]
 [ 0.08532094  0.36627068]
 [-0.24958049  0.19382691]
 [-0.06993103 -0.22825414]
 [-0.48215227  0.28254715]]
States:
[[0.99773132 0.99839495 0.46120616 0.46146968 0.51342034 0.59707706]
 [0.99777352 0.99797982 0.46165705 0.45678138 0.51881883 0.53521155]
 [0.99826112 0.9973817  0.46721677 0.45081124 0.57848894 0.57962426]
 ...
 [0.13006802 0.         0.85734615 0.2850368  0.         0.82078972]
 [0.2163633  0.         0.93202062 0.25198653 0.         0.86717277]
 [0.32080618 0.01197651 0.98664264 0.22151515 0.         0.80203189]]
Logstds:
[[-3. -3.]
 [-3. -3.]
 [-3. -3.]
 [-3. -3.]
 [-3. -3.]
 [-3. -3.]
 [-3. -3.]
 [-3. -3.]
 [-3. -3.]
 [-3. -3.]
 [-3. -3.]
 [-3. -3.]
 [-3. -3.]
 [-3. -3.]
 [-3. -3.]
 [-3. -3.]
 [-3. -3.]
 [-3. -3.]
 [-3. -3.]
 [-3. -3.]
 [-3. -3.]
 [-3. -3.]
 [-3. -3.]
 [-3. -3.]
 [-3. -3.]
 [-3. -3.]
 [-3. -3.]
 [-3. -3.]
 [-3. -3.]
 [-3. -3.]
 [-3. -3.]
 [-3. -3.]
 [-3. -3.]
 [-3. -3.]
 [-3. -3.]
 [-3. -3.]
 [-3. -3.]
 [-3. -3.]
 [-3. -3.]
 [-3. -3.]
 [-3. -3.]
 [-3. -3.]
 [-3. -3.]
 [-3. -3.]
 [-3. -3.]
 [-3. -3.]
 [-3. -3.]
 [-3. -3.]
 [-3. -3.]
 [-3. -3.]
 [-3. -3.]
 [-3. -3.]
 [-3. -3.]
 [-3. -3.]
 [-3. -3.]
 [-3. -3.]
 [-3. -3.]
 [-3. -3.]
 [-3. -3.]
 [-3. -3.]
 [-3. -3.]
 [-3. -3.]
 [-3. -3.]
 [-3. -3.]
 [-3. -3.]
 [-3. -3.]
 [-3. -3.]
 [-3. -3.]
 [-3. -3.]
 [-3. -3.]
 [-3. -3.]
 [-3. -3.]
 [-3. -3.]
 [-3. -3.]
 [-3. -3.]
 [-3. -3.]
 [-3. -3.]
 [-3. -3.]
 [-3. -3.]
 [-3. -3.]
 [-3. -3.]
 [-3. -3.]
 [-3. -3.]
 [-3. -3.]
 [-3. -3.]
 [-3. -3.]
 [-3. -3.]
 [-3. -3.]
 [-3. -3.]
 [-3. -3.]
 [-3. -3.]
 [-3. -3.]
 [-3. -3.]
 [-3. -3.]
 [-3. -3.]
 [-3. -3.]
 [-3. -3.]
 [-3. -3.]
 [-3. -3.]
 [-3. -3.]
 [-3. -3.]
 [-3. -3.]
 [-3. -3.]
 [-3. -3.]
 [-3. -3.]
 [-3. -3.]
 [-3. -3.]
 [-3. -3.]
 [-3. -3.]
 [-3. -3.]
 [-3. -3.]
 [-3. -3.]
 [-3. -3.]
 [-3. -3.]
 [-3. -3.]
 [-3. -3.]
 [-3. -3.]
 [-3. -3.]
 [-3. -3.]
 [-3. -3.]
 [-3. -3.]
 [-3. -3.]
 [-3. -3.]
 [-3. -3.]
 [-3. -3.]
 [-3. -3.]
 [-3. -3.]
 [-3. -3.]
 [-3. -3.]
 [-3. -3.]
 [-3. -3.]
 [-3. -3.]
 [-3. -3.]
 [-3. -3.]
 [-3. -3.]
 [-3. -3.]
 [-3. -3.]
 [-3. -3.]
 [-3. -3.]
 [-3. -3.]
 [-3. -3.]
 [-3. -3.]
 [-3. -3.]
 [-3. -3.]
 [-3. -3.]
 [-3. -3.]
 [-3. -3.]
 [-3. -3.]
 [-3. -3.]
 [-3. -3.]
 [-3. -3.]
 [-3. -3.]
 [-3. -3.]
 [-3. -3.]
 [-3. -3.]
 [-3. -3.]
 [-3. -3.]
 [-3. -3.]
 [-3. -3.]
 [-3. -3.]
 [-3. -3.]
 [-3. -3.]
 [-3. -3.]
 [-3. -3.]
 [-3. -3.]
 [-3. -3.]
 [-3. -3.]
 [-3. -3.]
 [-3. -3.]
 [-3. -3.]
 [-3. -3.]
 [-3. -3.]
 [-3. -3.]
 [-3. -3.]
 [-3. -3.]
 [-3. -3.]
 [-3. -3.]
 [-3. -3.]
 [-3. -3.]
 [-3. -3.]
 [-3. -3.]
 [-3. -3.]
 [-3. -3.]
 [-3. -3.]
 [-3. -3.]
 [-3. -3.]
 [-3. -3.]
 [-3. -3.]
 [-3. -3.]
 [-3. -3.]
 [-3. -3.]
 [-3. -3.]
 [-3. -3.]
 [-3. -3.]
 [-3. -3.]
 [-3. -3.]
 [-3. -3.]
 [-3. -3.]
 [-3. -3.]
 [-3. -3.]]
