Baseline:
[1.2771833  1.2694007  1.2394273  1.2632619  1.2578586  1.2804272
 1.2943671  1.2786638  1.2483388  1.2437919  1.2485168  1.2609167
 1.2546393  1.2603846  1.2713397  1.30644    1.3133762  1.3075469
 1.303379   1.3040392  1.3330839  1.3514216  1.3728054  1.374747
 1.3912797  1.4114965  1.401166   1.3906167  1.3728899  1.3773222
 1.3498161  1.3303757  1.3162024  1.3135381  1.2914026  1.2944205
 1.2653942  1.2465854  1.2370104  1.2138877  1.2043264  1.1934028
 1.1761575  1.1529746  1.13285    1.1263399  1.1231523  1.1378673
 1.1013522  1.071373   1.0615089  1.0694327  1.0661924  1.084319
 1.0920877  1.090248   1.0942055  1.08684    1.0749571  1.0676225
 1.0703382  1.0637351  1.0547976  1.0563879  1.0591455  1.0474936
 1.0401673  1.0297829  1.020187   1.0151317  1.0159829  1.0280167
 1.0221852  1.0175391  1.0281799  1.0023916  1.0135015  1.0180303
 1.0266311  1.0314955  1.037406   1.0275838  1.0205543  1.0387692
 1.0224435  1.015438   1.0337363  1.0228084  1.0093024  1.0126512
 1.0099084  1.0083245  1.0236928  1.0307981  1.053791   1.0665518
 1.0857208  1.0984576  1.1157787  1.1337694  1.1593661  1.1766263
 1.2038052  1.230634   1.2274661  1.2356846  1.2447894  1.2517624
 1.2674925  1.289898   1.2721903  1.2790711  1.2604048  1.2689102
 1.2872505  1.289563   1.2505525  1.2324729  1.2336209  1.2099434
 1.1811186  1.1432357  1.1062322  1.0994103  1.1075506  1.06407
 1.0547278  1.0342811  1.0117253  0.99667233 1.0145636  1.0088111
 1.0101542  0.99804807 0.96223146 0.9515178  0.9678656  0.980139
 0.9848304  0.98369336 0.9824371  0.9928714  0.9710071  0.97502065
 0.97492504 0.9796856  0.9995066  0.97703826 0.9436907  0.92941165
 0.9384445  0.94288534 0.94284236 0.9583156  0.9558708  0.96007514
 0.95718026 0.9564777  0.9488522  0.9368808  0.9281161  0.92981243
 0.93074787 0.9372406  0.9397192  0.9483497  0.9561281  0.94943166
 0.9682356  0.9532012  0.97092235 0.96299845 0.97587055 0.9841008
 0.98512936 0.9894018  0.99019766 0.97234464 0.973981   0.9939536
 1.013535   1.0229445  1.0275078  1.0226786  1.0139027  1.0148342
 1.0143954  1.0191482  1.0302478  1.041705   1.0300082  1.0268965
 1.0169075  1.0094116  1.0039691  0.9971369  1.007625   1.0111874
 1.0251498  1.0222278  1.0222278 ]
Returns:
[4.83355018e+00 4.90898825e+00 4.74652555e+00 4.57653512e+00
 4.51275470e+00 4.43276909e+00 4.44110541e+00 4.42551599e+00
 4.22752717e+00 4.25184241e+00 4.14572399e+00 4.12048803e+00
 4.16044377e+00 4.19564949e+00 4.19930701e+00 3.81925362e+00
 3.85636436e+00 3.84496380e+00 3.85649143e+00 3.86814103e+00
 3.68359651e+00 3.62594261e+00 3.56800377e+00 3.62177372e+00
 3.59830875e+00 3.42263956e+00 3.42538132e+00 3.31841496e+00
 3.28420900e+00 3.20834960e+00 3.06890815e+00 3.00316660e+00
 3.03173308e+00 2.93737670e+00 2.83706439e+00 2.68606042e+00
 2.66328804e+00 2.61275370e+00 2.62901784e+00 2.66296996e+00
 2.51902695e+00 2.41429086e+00 2.37859966e+00 2.41504172e+00
 2.50947466e+00 2.56912799e+00 2.63245032e+00 2.43131560e+00
 2.42459719e+00 2.41435980e+00 2.48096622e+00 2.55334748e+00
 2.63021784e+00 2.43881871e+00 2.28040747e+00 2.30595145e+00
 2.35418643e+00 2.35994934e+00 2.36033346e+00 2.45120119e+00
 2.47409208e+00 2.40674052e+00 2.50497721e+00 2.61519229e+00
 2.73152602e+00 2.65351277e+00 2.77811891e+00 2.84007687e+00
 2.92069684e+00 2.90813219e+00 3.04914072e+00 3.12558350e+00
 3.15670651e+00 3.32323790e+00 3.38249196e+00 3.19826240e+00
 3.28790408e+00 3.41985608e+00 3.42617607e+00 3.41479264e+00
 3.51817117e+00 3.65746169e+00 3.81512603e+00 3.73278238e+00
 3.70569350e+00 3.78133923e+00 3.79783510e+00 3.78737414e+00
 3.79399419e+00 3.86485260e+00 3.94974231e+00 3.88920014e+00
 3.96397477e+00 3.91311030e+00 3.93974083e+00 3.86835220e+00
 3.94265102e+00 3.98184826e+00 4.03453985e+00 4.07185477e+00
 4.12208820e+00 4.21119377e+00 4.19586626e+00 4.09200985e+00
 4.12168024e+00 4.17162717e+00 4.26098310e+00 4.35814662e+00
 4.40104837e+00 3.89202715e+00 3.90038890e+00 3.76536790e+00
 3.72882263e+00 3.67445984e+00 3.63103435e+00 3.60657260e+00
 3.29415770e+00 3.33186333e+00 3.34219439e+00 3.10499337e+00
 3.08812194e+00 2.84069995e+00 2.67679984e+00 2.47488907e+00
 2.42075382e+00 2.31796370e+00 2.34757264e+00 2.35802138e+00
 2.38733226e+00 2.37144119e+00 2.13897511e+00 2.19323343e+00
 2.22736227e+00 2.22807354e+00 2.04183773e+00 2.09808398e+00
 1.97828792e+00 1.91329454e+00 1.97208315e+00 1.89489390e+00
 1.92890257e+00 1.77080299e+00 1.52477228e+00 1.52301863e+00
 1.53957759e+00 1.56113793e+00 1.47268875e+00 1.32718935e+00
 1.10912050e+00 1.14220244e+00 1.08551661e+00 9.62327630e-01
 9.79233009e-01 8.66164766e-01 8.42270059e-01 8.74000518e-01
 9.00197310e-01 9.39393339e-01 9.75315631e-01 9.67300566e-01
 9.82245272e-01 1.02957682e+00 1.09069415e+00 1.15283497e+00
 1.06274620e+00 1.04269730e+00 9.92348116e-01 9.75844480e-01
 9.46795854e-01 8.21007524e-01 8.12186321e-01 8.47168994e-01
 8.64740184e-01 8.15068599e-01 8.75856622e-01 9.50000269e-01
 1.02746912e+00 9.31153315e-01 1.00532276e+00 7.78477892e-01
 6.78306833e-01 6.77838906e-01 7.24925978e-01 7.84892140e-01
 7.76040803e-01 7.44354046e-01 8.05832437e-01 8.32580758e-01
 6.24142271e-01 5.96904108e-01 5.08478545e-01 5.25733131e-01
 4.88372510e-01 4.16152373e-01 3.67440958e-01 3.55227798e-01
 3.10935503e-01 7.93470900e-02 3.15098554e-02 9.94622707e-04]
Advants:
[ 2.52516036  2.63310002  2.52333788  2.34818152  2.30825786  2.22255731
  2.23506979  2.25484653  2.103335    2.15061809  2.05633697  2.03551004
  2.10141409  2.15313219  2.16976274  1.76773562  1.81308819  1.82381573
  1.85768373  1.88873369  1.6903081   1.62842142  1.56195203  1.62933152
  1.60497274  1.4199996   1.44531866  1.35920966  1.35340706  1.28221813
  1.17669909  1.13592874  1.18599232  1.09941219  1.02436496  0.86897558
  0.87393895  0.83983188  0.86388565  0.92078821  0.78206344  0.68063661
  0.65335717  0.70524011  0.81493913  0.87787647  0.94294245  0.71884994
  0.74062337  0.75226911  0.82231883  0.88180209  0.95899249  0.73981739
  0.55802652  0.56931636  0.59749841  0.59356626  0.58769892  0.66925917
  0.67199859  0.59045024  0.6783673   0.76945403  0.8675108   0.78225564
  0.89776495  0.95452272  1.0306165   1.00754977  1.13515925  1.1879434
  1.2134258   1.37744799  1.4198      1.24966389  1.31793321  1.4381608
  1.42800079  1.40270006  1.4933585   1.63969319  1.80646606  1.70505346
  1.69303078  1.77687139  1.77630374  1.77812521  1.80034363  1.87221184
  1.96728448  1.91457678  1.9826034   1.93219549  1.94415145  1.86642646
  1.93023306  1.96692785  2.01449841  2.04765951  2.08807405  2.17926324
  2.15643396  2.04306018  2.09570021  2.16020785  2.26766079  2.39015951
  2.45323212  1.94432881  1.99564659  1.87675524  1.88329384  1.84497918
  1.80794803  1.80718764  1.55355715  1.63252626  1.66715205  1.47463483
  1.5097537   1.31887297  1.20829959  1.02489066  0.97336409  0.92388477
  0.97470834  1.01944294  1.08793195  1.10510629  0.86655283  0.94122894
  0.99094337  1.02252807  0.88782255  0.97390572  0.85430362  0.79259794
  0.8652551   0.80699164  0.86265146  0.71103748  0.49829932  0.5047555
  0.53518988  0.56746289  0.47263556  0.3603874   0.18165446  0.23697877
  0.17786918  0.05346421  0.07443632 -0.05371416 -0.07540314 -0.04728513
 -0.01665145  0.0261545   0.07420418  0.08316821  0.11304527  0.16678485
  0.23762282  0.30655587  0.2255423   0.20851392  0.16123209  0.16289122
  0.12600177  0.02371954  0.00554959  0.05886886  0.07501302  0.02774043
  0.10088289  0.18743808  0.28458764  0.22591915  0.32217597  0.09346978
 -0.01033242 -0.00320625  0.05908473  0.1473352   0.17271068  0.16670261
  0.25941181  0.31550262  0.12617463  0.11906602  0.07424173  0.12986022
  0.1398973   0.11376675  0.11104105  0.1494905   0.14058012 -0.05206587
 -0.0696511  -0.05011678]
Mus:
[[-1.62445717e-02 -5.33930538e-03]
 [-1.66305173e-02 -5.81656490e-03]
 [-1.63369533e-02 -6.37704879e-03]
 [-1.65673383e-02 -6.16673660e-03]
 [-1.56043097e-02 -5.32690482e-03]
 [-1.53883575e-02 -5.06559666e-03]
 [-1.52548701e-02 -4.83049825e-03]
 [-1.54553223e-02 -4.71629016e-03]
 [-1.59152374e-02 -4.59263707e-03]
 [-1.58669930e-02 -5.00420900e-03]
 [-1.69649888e-02 -5.00882324e-03]
 [-1.74490754e-02 -5.10912994e-03]
 [-1.81491729e-02 -5.70847327e-03]
 [-1.87751353e-02 -5.93824312e-03]
 [-1.93500891e-02 -6.01012679e-03]
 [-2.00171638e-02 -6.72324467e-03]
 [-1.98819824e-02 -6.77270489e-03]
 [-1.95003636e-02 -6.24646153e-03]
 [-1.95126683e-02 -6.57306332e-03]
 [-1.87229104e-02 -5.92889637e-03]
 [-1.89154074e-02 -5.91107225e-03]
 [-1.84206739e-02 -5.38030500e-03]
 [-1.85077805e-02 -5.29795513e-03]
 [-1.77226532e-02 -4.81739501e-03]
 [-1.72677059e-02 -4.38807858e-03]
 [-1.71299148e-02 -4.22701566e-03]
 [-1.55923096e-02 -3.24949552e-03]
 [-1.53786195e-02 -3.45304864e-03]
 [-1.41444569e-02 -2.50404957e-03]
 [-1.45054739e-02 -2.69377348e-03]
 [-1.55913671e-02 -3.36395251e-03]
 [-1.47932041e-02 -2.50241347e-03]
 [-1.45855956e-02 -2.25353334e-03]
 [-1.53502682e-02 -3.12906201e-03]
 [-1.42166084e-02 -2.02020234e-03]
 [-1.43432142e-02 -2.18514749e-03]
 [-1.36654694e-02 -1.76080386e-03]
 [-1.49029335e-02 -2.64508114e-03]
 [-1.44854980e-02 -2.40908773e-03]
 [-1.50199719e-02 -2.65512080e-03]
 [-1.71883330e-02 -4.17484250e-03]
 [-1.41343931e-02 -2.53502186e-03]
 [-1.19760260e-02 -1.33054319e-03]
 [-1.17169851e-02 -1.36235217e-03]
 [-1.15341796e-02 -1.40686182e-03]
 [-9.23907943e-03 -3.02136847e-04]
 [-8.96145683e-03 -3.72785522e-04]
 [-4.88501973e-03  1.75302220e-03]
 [-6.03115011e-04  4.12556622e-03]
 [-3.06088441e-05  4.62834863e-03]
 [ 2.64912815e-04  4.62208642e-03]
 [ 1.73873641e-03  5.21005690e-03]
 [ 3.11849336e-03  5.89345396e-03]
 [ 7.93694519e-03  8.22227169e-03]
 [ 1.23695256e-02  1.04096616e-02]
 [ 1.47536891e-02  1.16115483e-02]
 [ 1.76915321e-02  1.23710018e-02]
 [ 1.85133778e-02  1.22142825e-02]
 [ 1.85295194e-02  1.17031327e-02]
 [ 1.90001782e-02  1.15177501e-02]
 [ 2.10231990e-02  1.27132172e-02]
 [ 2.13680193e-02  1.20716644e-02]
 [ 2.10712031e-02  1.18858842e-02]
 [ 2.23972984e-02  1.25294067e-02]
 [ 2.35698242e-02  1.30834840e-02]
 [ 2.31772270e-02  1.32609867e-02]
 [ 2.30706986e-02  1.30763166e-02]
 [ 2.24998109e-02  1.23497676e-02]
 [ 2.17726845e-02  1.15897898e-02]
 [ 2.05259416e-02  1.03344694e-02]
 [ 2.00352799e-02  9.85850021e-03]
 [ 2.13494059e-02  1.06186541e-02]
 [ 2.18564812e-02  1.12842498e-02]
 [ 2.15387810e-02  1.10705439e-02]
 [ 2.27367301e-02  1.20821092e-02]
 [ 2.07142886e-02  1.10472767e-02]
 [ 2.17889715e-02  1.17435511e-02]
 [ 2.20575128e-02  1.21528646e-02]
 [ 2.27188207e-02  1.21079143e-02]
 [ 2.28164177e-02  1.28132887e-02]
 [ 2.34362911e-02  1.32941846e-02]
 [ 2.30479576e-02  1.29001457e-02]
 [ 2.28693932e-02  1.26823783e-02]
 [ 2.42098309e-02  1.36260372e-02]
 [ 2.26553865e-02  1.31851230e-02]
 [ 2.10423991e-02  1.22865662e-02]
 [ 2.14056410e-02  1.18655553e-02]
 [ 1.99361928e-02  1.06343403e-02]
 [ 1.86611488e-02  9.82764829e-03]
 [ 1.88372601e-02  1.04081826e-02]
 [ 1.87565014e-02  1.03227356e-02]
 [ 1.79196261e-02  1.07069509e-02]
 [ 1.85082015e-02  1.05682993e-02]
 [ 1.97543502e-02  1.03272283e-02]
 [ 1.96993649e-02  9.61663481e-03]
 [ 2.00330615e-02  1.05743967e-02]
 [ 1.99280325e-02  1.05164321e-02]
 [ 1.98908467e-02  1.03914179e-02]
 [ 1.97350699e-02  1.04421386e-02]
 [ 1.96615010e-02  1.05358278e-02]
 [ 1.96090117e-02  1.01704150e-02]
 [ 1.98423415e-02  1.00492910e-02]
 [ 2.03231871e-02  1.03777768e-02]
 [ 2.01038755e-02  1.07806595e-02]
 [ 1.99075080e-02  1.01662716e-02]
 [ 2.07234249e-02  9.90283303e-03]
 [ 2.00104564e-02  9.58002359e-03]
 [ 1.94790903e-02  9.10803024e-03]
 [ 1.90068986e-02  8.86153337e-03]
 [ 1.53578417e-02  8.77714157e-03]
 [ 1.48824118e-02  8.16224143e-03]
 [ 1.17251240e-02  7.39495503e-03]
 [ 9.12968535e-03  6.30938215e-03]
 [ 8.81042052e-03  5.47557836e-03]
 [ 6.47035940e-03  4.51089814e-03]
 [ 3.44390492e-03  3.55596794e-03]
 [-5.34959021e-04  2.47686100e-03]
 [-2.77204835e-03  1.11534109e-03]
 [-4.94714500e-03 -2.68362666e-04]
 [-8.01055226e-03 -8.02501396e-04]
 [-1.05603160e-02 -1.78294582e-03]
 [-1.16338748e-02 -3.28186620e-03]
 [-1.16827590e-02 -4.11574775e-03]
 [-1.37431761e-02 -4.34614439e-03]
 [-1.49257826e-02 -4.95758280e-03]
 [-1.48667349e-02 -5.29498141e-03]
 [-1.55170392e-02 -5.61809866e-03]
 [-1.62028838e-02 -5.71837043e-03]
 [-1.62758976e-02 -6.14568545e-03]
 [-1.67957600e-02 -6.87510800e-03]
 [-1.89011637e-02 -8.13975744e-03]
 [-1.93379615e-02 -8.45911913e-03]
 [-1.97290853e-02 -8.69491324e-03]
 [-1.94132812e-02 -9.04260110e-03]
 [-1.73105747e-02 -8.43746308e-03]
 [-1.64517909e-02 -8.24105460e-03]
 [-1.61663443e-02 -8.08576774e-03]
 [-1.79995038e-02 -9.33263451e-03]
 [-1.71954501e-02 -9.11621563e-03]
 [-1.66499745e-02 -9.52462479e-03]
 [-1.36496071e-02 -8.03818647e-03]
 [-1.15463715e-02 -6.52369857e-03]
 [-7.31352717e-03 -4.17138217e-03]
 [-7.37433461e-03 -3.97417555e-03]
 [-6.84535364e-03 -3.46858613e-03]
 [-7.22418260e-03 -3.59516265e-03]
 [-8.24987423e-03 -3.87468701e-03]
 [-6.30912790e-03 -2.59484258e-03]
 [-4.41731839e-03 -1.17382850e-03]
 [-4.02466208e-03 -8.82301305e-04]
 [-5.36138238e-03 -1.77716312e-03]
 [-7.40674045e-03 -3.22784414e-03]
 [-8.06918088e-03 -3.74695309e-03]
 [-1.07924882e-02 -5.29415812e-03]
 [-1.19912615e-02 -6.16634311e-03]
 [-1.14091942e-02 -5.94018865e-03]
 [-1.11228218e-02 -6.05532341e-03]
 [-1.03670210e-02 -5.90780191e-03]
 [-8.63075815e-03 -5.14744641e-03]
 [-6.25916570e-03 -3.95910209e-03]
 [-5.16076759e-03 -3.76137532e-03]
 [-3.05809034e-03 -2.63532111e-03]
 [-1.55646016e-03 -1.82360632e-03]
 [-7.17899064e-04 -1.32188271e-03]
 [ 3.84543766e-03  1.29013788e-03]
 [ 7.23539293e-03  3.33811110e-03]
 [ 5.94695611e-03  2.45230552e-03]
 [ 5.11757424e-03  1.66850875e-03]
 [ 5.69513161e-03  1.94594031e-03]
 [ 8.19717254e-03  3.18016647e-03]
 [ 1.06049273e-02  4.68869507e-03]
 [ 1.04175294e-02  4.36681090e-03]
 [ 1.24093890e-02  5.59781212e-03]
 [ 1.17195006e-02  5.12566743e-03]
 [ 1.21755991e-02  5.46057755e-03]
 [ 1.25222681e-02  5.73195983e-03]
 [ 1.26444846e-02  5.85745927e-03]
 [ 1.18216686e-02  5.44101978e-03]
 [ 1.14253247e-02  5.36498008e-03]
 [ 1.11734709e-02  5.11180423e-03]
 [ 1.40019367e-02  6.95377914e-03]
 [ 1.37949791e-02  6.81426749e-03]
 [ 1.33674303e-02  6.57651341e-03]
 [ 1.22717898e-02  6.00895658e-03]
 [ 1.19149648e-02  5.99754974e-03]
 [ 9.77873523e-03  4.77464357e-03]
 [ 8.45473073e-03  4.17234283e-03]
 [ 9.22804885e-03  4.86922776e-03]
 [ 1.25589715e-02  7.05546141e-03]
 [ 1.34375673e-02  7.50052836e-03]
 [ 1.36717483e-02  7.74618424e-03]
 [ 1.27420379e-02  7.22193718e-03]
 [ 1.03082638e-02  5.98644558e-03]
 [ 8.96000117e-03  5.62785612e-03]
 [ 6.48411270e-03  4.35200892e-03]
 [ 5.37732709e-03  4.00900980e-03]
 [ 4.35206154e-03  3.70026100e-03]
 [ 1.54950132e-03  2.17488874e-03]
 [ 1.86396728e-03  2.51517934e-03]
 [-7.23220175e-04  1.25085132e-03]]
Actions:
[[-2.22870146e-01  5.48598643e-02]
 [-5.52153270e-01 -6.31665154e-02]
 [ 4.22398991e-01  1.50163779e-01]
 [ 2.03069399e-01 -2.57349356e-01]
 [ 2.98092802e-01  1.62720679e-01]
 [ 1.97960459e-01  9.74029026e-02]
 [-1.00249012e-01 -2.66154637e-01]
 [-1.32669312e-01 -4.87816506e-01]
 [-1.96632700e-01  7.60670105e-02]
 [ 2.90181313e-01 -1.31740830e-01]
 [ 1.81895867e-01  1.05006899e-01]
 [-1.92282631e-01  1.75236583e-03]
 [ 1.04016938e-01  6.88937694e-02]
 [ 1.82895771e-01  7.00874446e-02]
 [ 7.26675817e-02  6.59008929e-01]
 [-7.12864249e-02  1.41094917e-01]
 [ 1.85196153e-02 -2.21093031e-01]
 [-2.58036558e-01  8.51370461e-02]
 [ 1.24619453e-01 -1.26531422e-01]
 [ 2.66552676e-01  3.59196754e-01]
 [ 2.47002893e-01  1.24765502e-01]
 [ 1.40674068e-01  2.82093162e-01]
 [-8.00327602e-02 -1.68035852e-02]
 [ 1.67095211e-01  1.78055841e-01]
 [ 2.06319899e-01  4.17546182e-01]
 [-6.51817819e-02 -1.13256862e-01]
 [-4.04458010e-01  1.86499356e-01]
 [ 2.04654770e-02 -2.26422914e-01]
 [ 6.85008530e-02  3.52237186e-01]
 [-4.40543020e-01 -8.06805251e-02]
 [ 1.10541888e-01 -2.45038231e-01]
 [ 2.37309129e-02 -1.81590867e-02]
 [-1.48421816e-01  3.64980679e-01]
 [ 2.33742760e-01 -2.33194515e-01]
 [ 2.10268870e-01  3.65793621e-01]
 [-1.09850628e-01 -2.09411975e-01]
 [-3.12090761e-01  4.46998250e-02]
 [ 1.51673182e-01  7.94972174e-02]
 [-1.38205024e-01 -8.37620328e-02]
 [-2.19803401e-01  4.33381450e-01]
 [ 3.94635776e-01  3.50014861e-02]
 [ 2.19939026e-01  2.65514039e-01]
 [-1.10150345e-01  2.31279379e-01]
 [-7.42357564e-02 -5.01280226e-02]
 [ 2.17528825e-01  1.18213166e-01]
 [-5.77747586e-02 -2.50044423e-01]
 [ 4.91106678e-01  2.66764644e-01]
 [ 1.33052972e-02 -3.52604918e-01]
 [-3.52170048e-01  1.05100305e-01]
 [-1.93997711e-01 -7.17195662e-02]
 [ 1.15876440e-01  1.06838372e-01]
 [ 2.13352793e-02 -1.85279327e-01]
 [ 5.28503823e-01 -4.88014986e-02]
 [ 4.81157032e-01 -9.88984798e-02]
 [ 1.38431201e-01 -2.11956223e-01]
 [-1.13339368e-01  1.73176656e-01]
 [-2.98885836e-01  1.02002877e-01]
 [-2.66178752e-01  2.07525115e-01]
 [-1.39268527e-01  1.05378887e-01]
 [ 2.19641937e-01 -2.23950969e-01]
 [-1.96265859e-01  3.85096393e-01]
 [-1.10380047e-01 -1.27702517e-01]
 [ 1.37645273e-01 -3.75259021e-02]
 [ 1.51128576e-01  1.07649742e-02]
 [-7.55102024e-02 -4.45072269e-01]
 [-7.95071969e-02 -1.57949758e-02]
 [-1.99865786e-01  1.76685872e-01]
 [-2.01060477e-01  1.54263086e-01]
 [-2.67293070e-01  3.10446863e-01]
 [-5.32408033e-02  1.53671937e-01]
 [ 2.90729254e-01  1.28144784e-01]
 [ 3.63994437e-02 -3.62310781e-01]
 [-8.05266894e-02 -4.34574041e-02]
 [ 3.22498274e-01 -8.86780435e-02]
 [-4.53307255e-01 -3.58875971e-01]
 [ 2.50198246e-01  7.41244441e-02]
 [ 1.36258949e-01 -1.27579532e-01]
 [ 1.26866714e-01  3.82186998e-01]
 [ 2.43195086e-01 -3.36230650e-01]
 [ 2.54740389e-01 -1.28804957e-03]
 [-1.51830660e-01 -6.33285964e-02]
 [-8.03795443e-02 -8.77152629e-02]
 [ 4.95336931e-01  7.74133910e-02]
 [-1.02530461e-01 -4.06637522e-01]
 [-2.10416390e-01 -1.48666908e-01]
 [ 4.26421575e-02  3.47799579e-01]
 [-3.75448622e-01  1.13798962e-02]
 [-3.39667860e-01 -1.21680503e-01]
 [ 1.51908655e-01 -1.72163358e-01]
 [-1.28174576e-01 -1.48795385e-01]
 [ 1.16587932e-01 -3.81549800e-01]
 [-1.20935062e-01  2.84055907e-02]
 [-3.78229666e-01 -1.37664021e-02]
 [-1.45986350e-01  2.19788677e-01]
 [ 1.92744332e-01 -3.08330635e-01]
 [-8.87830214e-03 -2.53808328e-02]
 [-1.44074589e-01 -1.12957588e-01]
 [-2.50840825e-02 -1.24239189e-01]
 [ 7.55791877e-03 -1.59053051e-01]
 [ 3.12120982e-02  2.16077368e-01]
 [ 1.29161707e-02  7.82528460e-02]
 [ 2.98915559e-01  1.62275169e-01]
 [ 4.33438259e-01  4.23514236e-02]
 [-2.39033429e-01 -4.12980876e-02]
 [-1.01563734e-01  2.15312732e-01]
 [ 8.04804152e-02  4.24302645e-02]
 [ 4.11282432e-03  1.18411933e-01]
 [ 1.90675461e-01  1.73252779e-01]
 [ 6.97022643e-01 -2.81856442e-01]
 [-2.27972065e-01 -1.32949551e-01]
 [ 3.30706322e-01 -2.24643978e-01]
 [-5.41886478e-02 -2.75338017e-01]
 [-1.57650248e-01  3.75503262e-01]
 [ 2.36126782e-01  2.57159700e-01]
 [ 2.55204308e-01  4.05385719e-03]
 [ 1.64851088e-01 -5.39357524e-01]
 [-1.62328006e-01  7.50689584e-02]
 [-5.80922296e-02  2.41249410e-01]
 [ 3.43082879e-01 -3.28227223e-01]
 [ 6.73003126e-02 -2.10319111e-01]
 [-6.10139184e-01 -3.68917653e-02]
 [-5.09180386e-01 -8.54413640e-02]
 [ 4.09685818e-01 -8.11879424e-02]
 [ 1.41223880e-01  2.54680440e-01]
 [-3.84335154e-01 -2.34640444e-01]
 [ 1.72123616e-02  1.04091773e-01]
 [ 9.82429827e-02 -1.55740362e-01]
 [-2.56956976e-01  4.50980186e-02]
 [-2.96208125e-01  1.86571835e-01]
 [ 1.61896467e-02  5.27745666e-01]
 [-8.43393162e-02  3.92143642e-02]
 [ 8.89684529e-03  1.00420617e-01]
 [-3.40834922e-01 -1.16334417e-02]
 [-4.50165368e-01 -3.61759017e-01]
 [-1.40408715e-01 -1.84683146e-02]
 [ 2.53184704e-01  2.71751196e-01]
 [-1.51488403e-01  3.33796152e-01]
 [-5.05903209e-03  1.12341919e-01]
 [-4.10542212e-01  1.66092087e-01]
 [ 1.02397087e-01 -1.29178147e-01]
 [ 4.10441479e-01 -8.87853046e-02]
 [ 1.76791653e-01 -5.01805773e-01]
 [ 1.30746135e-01  8.71294160e-02]
 [ 1.43044697e-01 -1.81827750e-02]
 [ 4.06976062e-02  1.12000751e-01]
 [ 2.21205564e-01  2.59473906e-01]
 [ 1.02355724e-01 -4.36752142e-01]
 [ 1.40255023e-01 -4.91286268e-01]
 [ 5.92591215e-02 -7.01291994e-02]
 [-8.49213672e-02  2.97972308e-01]
 [-3.13827399e-01  2.72081722e-01]
 [-1.63830690e-01  9.71973595e-02]
 [-1.63064650e-01  3.45829627e-01]
 [-2.44142528e-01  8.54021742e-02]
 [-6.05889865e-03  4.89777346e-02]
 [-1.96375324e-01  4.40601952e-03]
 [-1.35352985e-01  1.34909898e-02]
 [-9.81052682e-02 -1.33994995e-01]
 [-7.50174888e-02 -2.41257723e-01]
 [-2.59134415e-01 -3.53995617e-02]
 [ 4.09923735e-02 -6.14748446e-02]
 [ 7.67400570e-03 -2.39384843e-02]
 [ 3.22444468e-02  3.61182971e-02]
 [ 1.80280044e-01 -3.42096860e-01]
 [ 2.70180442e-01 -8.42391141e-02]
 [-6.36938000e-02  3.29851960e-01]
 [-3.03605264e-01  2.29362008e-02]
 [ 1.26317635e-01  2.86518006e-01]
 [-1.59777487e-01 -4.08458419e-01]
 [ 2.65379894e-01  2.00897943e-02]
 [-2.02431972e-01 -3.64510821e-04]
 [ 2.14026114e-01 -2.27014892e-02]
 [ 3.39490567e-02  3.43158440e-01]
 [-4.03792509e-03 -9.33872116e-02]
 [ 4.30382662e-02 -1.38158316e-03]
 [-2.06135549e-02 -4.25899486e-02]
 [-3.24958214e-01 -2.78983416e-01]
 [-8.51594104e-02 -3.43725401e-02]
 [ 2.07004309e-01  5.11898810e-01]
 [ 3.66425813e-01 -1.51520305e-01]
 [ 8.61787953e-02  2.23324980e-01]
 [ 2.18946382e-02  1.24270782e-01]
 [-1.17463692e-01 -2.57460778e-03]
 [-1.22067908e-01 -2.62563216e-01]
 [-1.21351551e-01  2.83624415e-01]
 [-9.38296513e-02  3.17715045e-02]
 [ 1.07607683e-01 -1.73774336e-01]
 [ 3.17482355e-01 -3.97839880e-01]
 [ 2.01072468e-01  1.74319243e-01]
 [-1.37991825e-01 -3.51704862e-01]
 [-1.07050406e-01  1.12475747e-01]
 [-2.92428414e-01  1.46250732e-02]
 [-2.20523248e-01 -2.75020548e-01]
 [-2.49676805e-01  1.57747775e-01]
 [-2.11206103e-01 -1.38384937e-01]
 [ 1.22306447e-01  2.13487580e-01]
 [-6.17629951e-04  4.94023550e-01]
 [ 2.06250089e-01  1.15994042e-01]
 [-1.53532954e-01  1.47002910e-01]
 [-7.11087196e-02  9.10282455e-02]]
States:
[[0.99937611 0.99792479 0.53495057 0.5438039  0.51331478 0.59702162]
 [0.99957751 0.9978225  0.53045769 0.54486829 0.45615218 0.61142378]
 [0.99999932 0.99773632 0.51041008 0.54574578 0.31568625 0.59464365]
 ...
 [0.1597838  0.         0.88703823 0.36311738 0.26448328 0.64153317]
 [0.18577833 0.         0.90935868 0.35454109 0.32234768 0.67105542]
 [0.21180402 0.         0.92886561 0.34123172 0.28672135 0.70811591]]
Logstds:
[[-3. -3.]
 [-3. -3.]
 [-3. -3.]
 [-3. -3.]
 [-3. -3.]
 [-3. -3.]
 [-3. -3.]
 [-3. -3.]
 [-3. -3.]
 [-3. -3.]
 [-3. -3.]
 [-3. -3.]
 [-3. -3.]
 [-3. -3.]
 [-3. -3.]
 [-3. -3.]
 [-3. -3.]
 [-3. -3.]
 [-3. -3.]
 [-3. -3.]
 [-3. -3.]
 [-3. -3.]
 [-3. -3.]
 [-3. -3.]
 [-3. -3.]
 [-3. -3.]
 [-3. -3.]
 [-3. -3.]
 [-3. -3.]
 [-3. -3.]
 [-3. -3.]
 [-3. -3.]
 [-3. -3.]
 [-3. -3.]
 [-3. -3.]
 [-3. -3.]
 [-3. -3.]
 [-3. -3.]
 [-3. -3.]
 [-3. -3.]
 [-3. -3.]
 [-3. -3.]
 [-3. -3.]
 [-3. -3.]
 [-3. -3.]
 [-3. -3.]
 [-3. -3.]
 [-3. -3.]
 [-3. -3.]
 [-3. -3.]
 [-3. -3.]
 [-3. -3.]
 [-3. -3.]
 [-3. -3.]
 [-3. -3.]
 [-3. -3.]
 [-3. -3.]
 [-3. -3.]
 [-3. -3.]
 [-3. -3.]
 [-3. -3.]
 [-3. -3.]
 [-3. -3.]
 [-3. -3.]
 [-3. -3.]
 [-3. -3.]
 [-3. -3.]
 [-3. -3.]
 [-3. -3.]
 [-3. -3.]
 [-3. -3.]
 [-3. -3.]
 [-3. -3.]
 [-3. -3.]
 [-3. -3.]
 [-3. -3.]
 [-3. -3.]
 [-3. -3.]
 [-3. -3.]
 [-3. -3.]
 [-3. -3.]
 [-3. -3.]
 [-3. -3.]
 [-3. -3.]
 [-3. -3.]
 [-3. -3.]
 [-3. -3.]
 [-3. -3.]
 [-3. -3.]
 [-3. -3.]
 [-3. -3.]
 [-3. -3.]
 [-3. -3.]
 [-3. -3.]
 [-3. -3.]
 [-3. -3.]
 [-3. -3.]
 [-3. -3.]
 [-3. -3.]
 [-3. -3.]
 [-3. -3.]
 [-3. -3.]
 [-3. -3.]
 [-3. -3.]
 [-3. -3.]
 [-3. -3.]
 [-3. -3.]
 [-3. -3.]
 [-3. -3.]
 [-3. -3.]
 [-3. -3.]
 [-3. -3.]
 [-3. -3.]
 [-3. -3.]
 [-3. -3.]
 [-3. -3.]
 [-3. -3.]
 [-3. -3.]
 [-3. -3.]
 [-3. -3.]
 [-3. -3.]
 [-3. -3.]
 [-3. -3.]
 [-3. -3.]
 [-3. -3.]
 [-3. -3.]
 [-3. -3.]
 [-3. -3.]
 [-3. -3.]
 [-3. -3.]
 [-3. -3.]
 [-3. -3.]
 [-3. -3.]
 [-3. -3.]
 [-3. -3.]
 [-3. -3.]
 [-3. -3.]
 [-3. -3.]
 [-3. -3.]
 [-3. -3.]
 [-3. -3.]
 [-3. -3.]
 [-3. -3.]
 [-3. -3.]
 [-3. -3.]
 [-3. -3.]
 [-3. -3.]
 [-3. -3.]
 [-3. -3.]
 [-3. -3.]
 [-3. -3.]
 [-3. -3.]
 [-3. -3.]
 [-3. -3.]
 [-3. -3.]
 [-3. -3.]
 [-3. -3.]
 [-3. -3.]
 [-3. -3.]
 [-3. -3.]
 [-3. -3.]
 [-3. -3.]
 [-3. -3.]
 [-3. -3.]
 [-3. -3.]
 [-3. -3.]
 [-3. -3.]
 [-3. -3.]
 [-3. -3.]
 [-3. -3.]
 [-3. -3.]
 [-3. -3.]
 [-3. -3.]
 [-3. -3.]
 [-3. -3.]
 [-3. -3.]
 [-3. -3.]
 [-3. -3.]
 [-3. -3.]
 [-3. -3.]
 [-3. -3.]
 [-3. -3.]
 [-3. -3.]
 [-3. -3.]
 [-3. -3.]
 [-3. -3.]
 [-3. -3.]
 [-3. -3.]
 [-3. -3.]
 [-3. -3.]
 [-3. -3.]
 [-3. -3.]
 [-3. -3.]
 [-3. -3.]
 [-3. -3.]
 [-3. -3.]
 [-3. -3.]
 [-3. -3.]
 [-3. -3.]
 [-3. -3.]]
