Baseline:
[1.301433   1.3140266  1.3246082  1.3177545  1.3212335  1.3090265
 1.296021   1.300791   1.304204   1.287196   1.2635958  1.2873895
 1.2943759  1.3166282  1.3168755  1.3145475  1.3146585  1.3438013
 1.3610495  1.3501356  1.3489816  1.3580945  1.3672984  1.3921527
 1.3951285  1.4057219  1.3828089  1.3997228  1.4103289  1.4170008
 1.4200836  1.4042134  1.396423   1.397022   1.3827038  1.4038919
 1.4177139  1.4170127  1.4030477  1.3867643  1.3693068  1.355293
 1.3353344  1.3139765  1.2902929  1.261137   1.2035584  1.1843314
 1.1801025  1.1619606  1.1508296  1.1547236  1.1412601  1.1491418
 1.168417   1.1618701  1.1546288  1.1567528  1.1633706  1.1412709
 1.1288276  1.1309962  1.1341383  1.1322176  1.1326104  1.1442775
 1.1547749  1.1526732  1.1498636  1.1529198  1.1217722  1.105347
 1.1200008  1.1392283  1.1284541  1.1285764  1.1343867  1.1435705
 1.1444967  1.1236854  1.1117065  1.1151037  1.111873   1.1150393
 1.1210735  1.1351655  1.1506022  1.1600668  1.160794   1.1755377
 1.1559951  1.144167   1.127981   1.1104484  1.1034142  1.109846
 1.1014392  1.105357   1.0998623  1.1006688  1.0828683  1.0657032
 1.0455132  1.0347354  1.0244874  1.0228336  1.0080855  0.993652
 0.97737086 0.96794856 0.95257705 0.948935   0.9456605  0.95366955
 0.96990246 0.9837927  0.9929101  0.98821634 0.97386986 0.965246
 0.9566611  0.93566805 0.91507673 0.91329086 0.91015047 0.91487795
 0.97400093 0.9760466  0.96463025 0.96674854 0.95218694 0.9536358
 0.94235754 0.9340981  0.9176935  0.9291535  0.92784494 0.928344
 0.9244924  0.9285466  0.93368864 0.93827915 0.9506114  0.9635268
 0.97459453 0.9801061  0.9998642  1.0114841  1.0330467  1.0328305
 1.0447857  1.0393833  1.037329   1.0656805  1.0491416  1.0320448
 1.0356984  1.0516667  1.0360394  1.0342767  1.0126916  1.0284874
 1.0366848  1.0150251  0.97821426 0.95518976 0.99633455 1.0117896
 1.0320001  1.0265827  1.033285   1.0342126  1.0597167  1.0649511
 1.0786197  1.0634907  1.0688704  1.0625818  1.0664151  1.070455
 1.0671064  1.0675697  1.071632   1.0857382  1.0670822  1.068226
 1.0789194  1.0827111  1.0988564  1.1014388  1.1158913  1.1230555
 1.1252612  1.121862   1.1215062  1.1203604  1.155777   1.1652462
 1.1941029  1.2118714  1.2118714 ]
Returns:
[5.26760119 5.25285313 5.21743348 5.21561462 5.11048732 5.12205241
 4.97512855 5.01156195 4.99979275 4.78578535 4.62120713 4.40204238
 4.41662374 4.32514112 4.25422997 4.25293471 4.31378172 4.13625602
 4.00430571 4.02329149 4.09273777 3.98079531 4.04555664 3.94392786
 3.99865555 4.05820991 3.64700369 3.51713319 3.54696802 3.59207703
 3.62719403 3.69126657 3.79145713 3.85878747 3.95173931 3.71631911
 3.6760445  3.61297743 3.4734845  3.55539106 3.67575049 3.740845
 3.86446593 3.99476481 4.13684532 4.28709372 3.83999833 3.83686985
 3.84268677 3.90282788 3.8159349  3.84842816 3.50402221 3.57338914
 3.47556265 3.3392432  3.40911479 3.47375928 3.4943396  3.41670515
 3.42803662 3.41827363 3.4937969  3.590452   3.66937824 3.70143993
 3.77652339 3.87964861 3.93218917 4.03355511 3.87184478 3.82370936
 3.79371333 3.74328048 3.61837307 3.72310636 3.81936491 3.90884023
 3.99619434 3.88353973 3.47480002 3.52841433 3.52484409 3.58890205
 3.53120264 3.54679538 3.6628798  3.67682172 3.58660228 3.38110203
 3.19112183 3.17798661 3.23887265 3.24832666 3.24937783 3.06993545
 3.07670425 2.98775879 2.94268862 2.96488283 2.86608805 2.8293377
 2.77294954 2.78957633 2.7339161  2.668393   2.61143595 2.57553621
 2.57495537 2.54925162 2.48838814 2.53224098 2.08639207 2.06300466
 2.15742818 2.21847689 2.33135537 2.39942303 2.50565262 2.61570135
 2.7153055  2.67608101 2.4988268  2.47039117 2.48895026 2.50648662
 2.52488434 2.56192057 2.4414441  2.38100061 2.34396353 2.36822451
 2.41288261 2.47083593 2.50073848 2.45331941 2.5369856  2.51681359
 2.36991877 2.43108913 2.51241445 2.54481681 2.69650041 2.62218173
 2.70447055 2.82769797 2.65944541 2.72748753 2.68130691 2.76118832
 2.83383117 2.9013898  2.99161487 2.82946429 2.85322116 2.8791008
 2.95124944 2.90064701 2.95937337 3.03877883 2.97350882 3.00285156
 3.0844969  3.04094382 2.77665861 2.6810261  2.70437417 2.67400428
 2.53970795 2.59508151 2.57030775 2.60434555 2.33879289 2.34388831
 2.26977772 2.29676529 2.27909282 2.32519009 2.27001064 2.29491584
 2.33981771 2.35551791 2.31769321 2.25250992 2.05591625 2.04872257
 1.96756319 1.91979794 1.82165169 1.82156782 1.54598209 1.53034251
 1.35450224 1.26489173 1.21596605 1.18627887 0.7954598  0.58946661
 0.23600124 0.11545449]
Advants:
[2.76790137 2.7603021  2.73430229 2.76119814 2.6729562  2.7195627
 2.60628213 2.66132056 2.67103529 2.49496078 2.37233019 2.14176778
 2.16304982 2.06065023 1.99959217 2.01161749 2.08616109 1.88808454
 1.74359544 1.77953061 1.85886386 1.74354152 1.80703862 1.68525967
 1.74371687 1.8014687  1.41070614 1.25670237 1.26869156 1.30046096
 1.32625014 1.4018885  1.50853801 1.57588834 1.68714773 1.42693222
 1.36724802 1.29688966 1.15880626 1.2464079  1.37699695 1.45070818
 1.59287159 1.74768197 1.92199513 2.11622513 1.7307502  1.75173297
 1.76738971 1.85418277 1.78531266 1.82227525 1.49017326 1.55230189
 1.43227666 1.29531785 1.36701744 1.42559685 1.43571453 1.37428989
 1.39240838 1.37396941 1.44152747 1.53791819 1.61650912 1.63759701
 1.70493286 1.81639814 1.88023023 1.99078496 1.86947212 1.846819
 1.81061701 1.74796967 1.63791706 1.75019148 1.85175341 1.94658853
 2.05147223 1.97681633 1.58643609 1.64513043 1.65397971 1.72672624
 1.6738862  1.68725506 1.80389454 1.82586449 1.75108775 1.54157957
 1.37752107 1.38309622 1.4700204  1.50853294 1.5293762  1.35159796
 1.37602842 1.29033649 1.25731933 1.28648556 1.21142732 1.19767819
 1.1666936  1.20060343 1.16084629 1.1011384  1.06213995 1.04349378
 1.06273992 1.04980288 1.00653323 1.05790873 0.60585759 0.56320599
 0.63160099 0.66958786 0.76660526 0.83429879 0.9531044  1.073526
 1.18695917 1.17385461 1.01791016 0.99121578 1.01353802 1.02741884
 0.98659734 1.02256556 0.91119353 0.84418796 0.81619495 0.83372512
 0.88565953 0.94957717 0.99482592 0.93297726 1.01735757 0.99540214
 0.84654111 0.89911036 0.97271557 0.99858984 1.1401484  1.05261162
 1.12570687 1.24909728 1.06142986 1.11996953 1.05242908 1.13522392
 1.20071535 1.2811461  1.38438549 1.19988518 1.24794021 1.30066626
 1.38185965 1.32701024 1.41638343 1.51636071 1.49173622 1.52638619
 1.62500663 1.62975277 1.4241522  1.37303572 1.37801086 1.35548051
 1.22147396 1.30639167 1.30012428 1.36161458 1.09235384 1.1158634
 1.05103236 1.11935446 1.1240274  1.2081204  1.18169064 1.23855975
 1.32737354 1.38710031 1.39219772 1.36144304 1.23067143 1.27326002
 1.23383079 1.2375686  1.1797475  1.23827978 1.00568316 1.04450918
 0.92783638 0.9055599  0.92486927 0.96910694 0.60866752 0.45794262
 0.13404856 0.05486083]
Mus:
[[-1.75196528e-02 -6.14172546e-03]
 [-1.72122046e-02 -5.83428098e-03]
 [-1.72552951e-02 -5.48032392e-03]
 [-1.74343009e-02 -5.23897586e-03]
 [-1.80598032e-02 -6.15673326e-03]
 [-1.76226851e-02 -5.86808054e-03]
 [-1.73137262e-02 -5.31947659e-03]
 [-1.79133341e-02 -5.73099637e-03]
 [-1.82690211e-02 -5.64230094e-03]
 [-1.84144340e-02 -5.24999434e-03]
 [-1.99712347e-02 -5.73168974e-03]
 [-2.04778053e-02 -5.72383730e-03]
 [-2.12687701e-02 -6.02039648e-03]
 [-2.24346705e-02 -6.28563203e-03]
 [-2.29061116e-02 -6.02129754e-03]
 [-2.34914739e-02 -5.96695440e-03]
 [-2.42770612e-02 -6.19734777e-03]
 [-2.57168263e-02 -6.56420179e-03]
 [-2.52934135e-02 -6.74432702e-03]
 [-2.38402076e-02 -6.12830836e-03]
 [-2.31945664e-02 -5.96644310e-03]
 [-2.21406743e-02 -5.10735996e-03]
 [-2.17821971e-02 -4.81289579e-03]
 [-2.19075978e-02 -4.47917543e-03]
 [-2.05475371e-02 -3.91437858e-03]
 [-1.99629422e-02 -3.69546795e-03]
 [-1.95979998e-02 -4.46862495e-03]
 [-1.79903489e-02 -3.42247263e-03]
 [-1.64587386e-02 -2.73840968e-03]
 [-1.43578146e-02 -1.85988285e-03]
 [-1.17889326e-02 -8.44664639e-04]
 [-1.06607582e-02 -8.23878916e-04]
 [-1.03508001e-02 -9.85349994e-04]
 [-8.54648184e-03 -2.93370307e-04]
 [-7.77097046e-03 -3.00487474e-04]
 [-7.45806331e-03  1.94715787e-04]
 [-7.20671611e-03  5.12978935e-04]
 [-5.53934928e-03  1.39455218e-03]
 [-5.01777418e-03  1.55458821e-03]
 [-4.64517623e-03  1.59460620e-03]
 [-4.62921802e-03  1.34493678e-03]
 [-4.98277415e-03  8.53190373e-04]
 [-5.37635665e-03  5.83972142e-04]
 [-5.94577380e-03  1.00405407e-04]
 [-7.17416126e-03 -5.58700296e-04]
 [-8.10632855e-03 -1.26931618e-03]
 [-7.64767267e-03 -2.00063642e-03]
 [-6.85386965e-03 -2.55960086e-03]
 [-6.29113801e-03 -3.00157862e-03]
 [-6.08048681e-03 -2.95665418e-03]
 [-7.15603447e-03 -2.74016242e-03]
 [-7.77610112e-03 -3.15330876e-03]
 [-6.33726269e-03 -3.96344811e-03]
 [-6.55908184e-03 -3.94882075e-03]
 [-8.03203136e-03 -3.85176647e-03]
 [-8.73753801e-03 -3.49864550e-03]
 [-8.77089798e-03 -3.88393202e-03]
 [-9.42599121e-03 -4.20605857e-03]
 [-1.03209447e-02 -4.41861246e-03]
 [-1.07345376e-02 -4.07854421e-03]
 [-1.04679856e-02 -4.70998231e-03]
 [-1.11942077e-02 -5.64416917e-03]
 [-1.15823373e-02 -5.85146900e-03]
 [-1.16630020e-02 -5.96383912e-03]
 [-1.17056398e-02 -6.34029880e-03]
 [-1.21407602e-02 -6.76757609e-03]
 [-1.23535665e-02 -7.08228350e-03]
 [-1.13955727e-02 -6.92494586e-03]
 [-1.01298485e-02 -6.10886654e-03]
 [-9.67708696e-03 -6.06463617e-03]
 [-7.24833459e-03 -5.37646003e-03]
 [-4.95379511e-03 -4.21213591e-03]
 [-5.73354028e-03 -4.31614881e-03]
 [-6.64394069e-03 -4.39711660e-03]
 [-4.48564580e-03 -4.49389219e-03]
 [-2.61944649e-03 -3.83732724e-03]
 [-1.03300763e-03 -3.42728407e-03]
 [ 7.29903404e-04 -3.05886241e-03]
 [ 3.04966769e-03 -2.40546186e-03]
 [ 6.28868304e-03 -1.24923245e-03]
 [ 6.72185142e-03  2.05798045e-04]
 [ 6.93987217e-03  1.26701761e-05]
 [ 6.35890150e-03 -7.26880739e-04]
 [ 3.97291873e-03 -1.73472229e-03]
 [ 2.99008749e-03 -1.27294322e-03]
 [-1.15899355e-04 -2.00435845e-03]
 [-4.38693911e-03 -3.14699137e-03]
 [-7.75576709e-03 -3.60105606e-03]
 [-9.93995368e-03 -3.94470850e-03]
 [-1.30297802e-02 -4.99491254e-03]
 [-1.47396112e-02 -5.75177465e-03]
 [-1.56305134e-02 -5.90767851e-03]
 [-1.66776143e-02 -6.27843570e-03]
 [-1.78605448e-02 -6.75340369e-03]
 [-2.17791386e-02 -8.50452669e-03]
 [-2.83521935e-02 -1.14372680e-02]
 [-3.01972944e-02 -1.22925276e-02]
 [-3.57076526e-02 -1.47625497e-02]
 [-3.79745774e-02 -1.59452558e-02]
 [-4.00293842e-02 -1.71403773e-02]
 [-3.78962345e-02 -1.65474750e-02]
 [-3.57404277e-02 -1.58997625e-02]
 [-3.30623277e-02 -1.50551274e-02]
 [-3.13948281e-02 -1.47084706e-02]
 [-2.90064849e-02 -1.41282054e-02]
 [-2.55916808e-02 -1.33839929e-02]
 [-1.92616638e-02 -1.10738790e-02]
 [-1.35719413e-02 -8.89527518e-03]
 [-7.94407353e-03 -6.66791201e-03]
 [-3.73128336e-03 -4.87484504e-03]
 [ 1.45501166e-03 -2.32163980e-03]
 [ 3.53220664e-03 -1.03918952e-03]
 [ 5.66045195e-03  9.03092616e-04]
 [ 2.69648340e-03  9.22041872e-05]
 [ 1.83844322e-03  2.50592624e-04]
 [ 9.02673113e-04  7.12128167e-05]
 [ 7.61087460e-04  2.75513856e-04]
 [ 8.36285690e-05  3.42125044e-04]
 [-1.27246673e-03  6.84760089e-05]
 [-4.93045663e-03 -1.15619053e-03]
 [-9.71371401e-03 -2.90519232e-03]
 [-1.13430582e-02 -3.27219162e-03]
 [-1.18201356e-02 -3.10863671e-03]
 [-1.33020431e-02 -3.67476046e-03]
 [-1.41829709e-02 -3.96396220e-03]
 [-1.82483923e-02 -5.75546641e-03]
 [-3.64886448e-02 -1.37164267e-02]
 [-3.83995026e-02 -1.50363492e-02]
 [-3.59603390e-02 -1.45312855e-02]
 [-3.62229683e-02 -1.55456867e-02]
 [-3.18002515e-02 -1.43379234e-02]
 [-2.83225197e-02 -1.36630293e-02]
 [-2.27554180e-02 -1.18767451e-02]
 [-1.71168502e-02 -9.97308362e-03]
 [-1.10625513e-02 -7.37090129e-03]
 [-1.05032185e-02 -7.65550230e-03]
 [-6.10433333e-03 -5.49427839e-03]
 [-3.41560086e-03 -4.09346959e-03]
 [-1.03741651e-03 -2.72635859e-03]
 [ 4.32906585e-04 -1.77969749e-03]
 [ 1.77123095e-03 -7.88042846e-04]
 [ 4.01309365e-03  1.07339665e-03]
 [ 4.10215696e-03  1.62348908e-03]
 [ 6.78696437e-03  3.67050152e-03]
 [ 1.32390484e-03  1.08045316e-03]
 [-3.40286666e-03 -9.22722626e-04]
 [-3.95036163e-03 -5.68246294e-04]
 [-4.20750724e-03 -2.22896429e-04]
 [-4.29411838e-03  8.72516466e-05]
 [-4.59600287e-03  2.66250194e-04]
 [-5.65585401e-03 -2.02665087e-05]
 [-6.13805605e-03  5.20227404e-05]
 [-6.51063398e-03  1.47989471e-04]
 [-7.44913192e-03 -9.73571950e-05]
 [-7.43162585e-03  6.09066301e-05]
 [-7.89466593e-03 -1.73309800e-05]
 [-9.47292335e-03 -7.67381222e-04]
 [-1.14889480e-02 -1.71566790e-03]
 [-1.38277505e-02 -2.86928611e-03]
 [-1.69259980e-02 -4.34258534e-03]
 [-1.88848022e-02 -5.49453264e-03]
 [-2.26449724e-02 -7.01319892e-03]
 [-2.66336761e-02 -8.67420342e-03]
 [-2.45505795e-02 -7.65804900e-03]
 [-2.00800300e-02 -5.87499933e-03]
 [-1.98038090e-02 -6.08713785e-03]
 [-3.02589834e-02 -1.03492644e-02]
 [-3.52526419e-02 -1.23891691e-02]
 [-4.06439044e-02 -1.46443313e-02]
 [-4.17723022e-02 -1.51951462e-02]
 [-4.42097597e-02 -1.62088796e-02]
 [-4.55997698e-02 -1.69929732e-02]
 [-4.55952026e-02 -1.69241000e-02]
 [-4.79475223e-02 -1.82006452e-02]
 [-4.88697812e-02 -1.86579991e-02]
 [-4.99740094e-02 -1.92846488e-02]
 [-5.28233573e-02 -2.09782142e-02]
 [-5.23256101e-02 -2.09787060e-02]
 [-5.02009243e-02 -2.00401079e-02]
 [-5.11277616e-02 -2.09154338e-02]
 [-5.03497794e-02 -2.10510977e-02]
 [-4.77811433e-02 -2.01661605e-02]
 [-4.47658971e-02 -1.88771337e-02]
 [-4.53403555e-02 -1.96697917e-02]
 [-4.09380533e-02 -1.78786125e-02]
 [-4.04267646e-02 -1.83228254e-02]
 [-3.85449380e-02 -1.75776742e-02]
 [-3.61870006e-02 -1.74196269e-02]
 [-3.39542665e-02 -1.64703634e-02]
 [-3.06449626e-02 -1.55644845e-02]
 [-2.74279844e-02 -1.37527408e-02]
 [-2.56657824e-02 -1.33529389e-02]
 [-2.32145563e-02 -1.32121146e-02]
 [-1.89420190e-02 -1.13295941e-02]
 [-1.54568376e-02 -9.84948874e-03]
 [-1.24261007e-02 -8.82481132e-03]
 [-1.27132395e-02 -9.59272217e-03]
 [-8.69521778e-03 -7.38163758e-03]
 [-7.06991786e-03 -6.00993168e-03]
 [-5.47654415e-03 -5.37412660e-03]]
Actions:
[[ 1.94123941e-01  8.26385257e-02]
 [ 2.47253292e-01 -5.83424833e-03]
 [ 4.46487551e-02 -2.20587917e-01]
 [-3.32199387e-01  3.37507486e-01]
 [-7.37542450e-02 -2.02483402e-01]
 [ 1.20010810e-01 -3.76451609e-01]
 [-3.00952468e-02  1.43368078e-01]
 [ 1.54616181e-01 -5.90610500e-02]
 [ 1.34323720e-01 -4.42543354e-01]
 [-1.73685276e-02 -4.14461120e-01]
 [ 3.71059191e-01  2.64673484e-01]
 [ 7.59699383e-02  8.42415454e-02]
 [ 2.17684813e-01  2.30819559e-01]
 [ 2.01457368e-01 -1.86511739e-01]
 [ 7.81377204e-02 -1.40743422e-01]
 [-2.66396746e-02 -3.54313002e-02]
 [ 2.26329158e-01  4.11538408e-01]
 [-1.77000623e-01  4.56536070e-01]
 [-1.26018601e-01 -2.24188599e-01]
 [-1.11313171e-01  7.07336828e-02]
 [ 1.82886486e-01 -3.28539162e-01]
 [ 1.02522215e-01 -2.03175655e-02]
 [ 3.65582320e-01  1.04344781e-01]
 [ 7.14633310e-02 -1.08479002e-01]
 [ 1.06203625e-01  9.91476451e-02]
 [-5.47991848e-01  5.28428564e-01]
 [ 3.33258121e-01 -2.14058457e-01]
 [ 1.80127495e-01  4.37775325e-02]
 [ 1.16308033e-01 -1.08888650e-01]
 [ 8.80039433e-02 -1.93535838e-01]
 [-2.81365304e-01  3.26455474e-02]
 [-1.23624316e-01  1.83809348e-01]
 [ 3.57248917e-02 -1.88247629e-01]
 [-2.19683419e-01 -4.77506087e-03]
 [ 5.24303385e-01  2.02467601e-01]
 [ 3.56614095e-01  1.06176389e-01]
 [ 1.89908140e-01 -3.49759763e-01]
 [ 4.15980207e-01 -1.96053309e-01]
 [-1.56237241e-01 -1.33210254e-01]
 [-1.61091794e-02  9.27943547e-02]
 [-7.93981955e-03  2.92938950e-01]
 [ 3.38904790e-02 -4.66836200e-02]
 [-1.13336298e-01  6.90400449e-02]
 [ 3.87446396e-02  1.01337169e-02]
 [-1.25772770e-01 -3.78391305e-02]
 [-7.32467622e-01 -3.43580832e-01]
 [-4.18872877e-01  1.14457299e-01]
 [-1.61364597e-01  3.17926171e-01]
 [-1.62805913e-01 -2.40116806e-01]
 [ 1.92721520e-01 -3.48054883e-01]
 [ 1.03831596e-01  2.14964209e-01]
 [-5.02691395e-01  5.04838613e-01]
 [ 8.64377202e-02  4.24606895e-02]
 [ 3.73986946e-01 -4.74700860e-02]
 [ 2.27007209e-01 -3.73507115e-01]
 [-1.43438709e-01  9.28673846e-02]
 [ 5.93771575e-02  8.07031616e-02]
 [ 1.83080947e-01  7.45211630e-02]
 [ 1.24755197e-01 -3.77413407e-01]
 [-3.63063185e-01  1.14135731e-01]
 [-2.26653005e-01  2.74249873e-01]
 [ 1.85701717e-02  6.14340875e-02]
 [-5.15455336e-02 -6.06861535e-04]
 [-1.19234576e-01  1.31230449e-01]
 [ 5.08138651e-03  2.21729145e-01]
 [-3.38388497e-02  1.66787309e-01]
 [-1.85155686e-01 -2.85517988e-02]
 [ 4.29781069e-03 -2.47326270e-01]
 [-6.09239079e-02  6.11034618e-02]
 [-4.95881625e-01 -2.82088071e-01]
 [-1.18511274e-01 -3.51678103e-01]
 [ 2.39141030e-01  1.71055020e-01]
 [ 2.86565074e-01  1.42638939e-01]
 [-4.79109978e-01  2.11299867e-01]
 [-1.30423738e-01 -6.31915942e-02]
 [-8.63109739e-02  9.52793943e-02]
 [-1.07807476e-01  1.50618933e-01]
 [-2.12789711e-01 -1.84913475e-02]
 [-3.59521994e-01 -3.23974630e-01]
 [ 7.22278718e-02 -6.81162801e-01]
 [-1.35595456e-01  1.84353968e-01]
 [-2.98094927e-01  1.99935119e-01]
 [-2.38976511e-01  1.62921511e-01]
 [-2.33417624e-01 -3.45558672e-01]
 [-3.56402061e-01  4.43319054e-02]
 [ 2.63761732e-02  1.01819956e-01]
 [-2.01681844e-01 -3.04268434e-01]
 [ 3.41462279e-01 -1.98502553e-01]
 [ 3.91427230e-01  3.60045244e-01]
 [-5.93309500e-01 -1.60896694e-02]
 [-3.36614163e-01 -1.22899627e-01]
 [ 4.97807759e-02 -2.90684852e-02]
 [-3.09944717e-01 -3.51848448e-02]
 [-1.05196794e-01  2.48550622e-01]
 [ 5.01861620e-02  4.79493841e-01]
 [ 4.07935958e-02 -1.55039963e-01]
 [-3.49870644e-01  2.34239998e-01]
 [ 1.92588190e-01  2.17436648e-03]
 [-3.19704710e-02  1.19149158e-01]
 [ 1.12490474e-01 -2.88614685e-01]
 [-6.96159003e-02 -2.34761879e-01]
 [ 1.01839163e-01 -1.95561749e-01]
 [ 3.74911448e-02 -2.72431961e-02]
 [-3.91856431e-01 -2.43790361e-02]
 [-3.22815982e-01  1.62969709e-01]
 [ 1.69777641e-01 -1.61499012e-01]
 [-3.48133676e-01 -1.17065524e-01]
 [ 1.55947257e-01 -7.65514311e-02]
 [-3.60536154e-01 -5.22023259e-02]
 [ 3.11235862e-02 -3.45461626e-01]
 [-2.09843845e-01 -1.24796093e-01]
 [-3.61462112e-01 -6.25316280e-01]
 [ 2.50189840e-02  3.33697191e-01]
 [-2.27971806e-03  6.40105417e-02]
 [-8.67258130e-02  2.08487457e-01]
 [-1.11409026e-01  8.52633698e-02]
 [-2.90591627e-01 -1.89860106e-02]
 [ 1.67462930e-02 -1.00856326e-01]
 [ 3.20857279e-02  3.27593169e-02]
 [-4.82446432e-02  4.46504266e-02]
 [ 5.89329770e-02 -3.66562350e-01]
 [ 2.50394557e-01 -4.09128852e-01]
 [ 2.25224167e-01  7.22337780e-03]
 [-1.87217113e-01 -4.52919824e-02]
 [ 4.33795664e-02  4.98042910e-02]
 [-1.28810438e-01 -9.34907487e-02]
 [ 2.69438037e-02 -8.29410121e-02]
 [-1.34397846e-01 -4.09119654e-01]
 [-2.63876607e-01  2.11430848e-01]
 [-3.24138040e-01 -1.16969085e-01]
 [-1.58210034e-01  5.23527366e-02]
 [-5.27637268e-02 -5.50642923e-02]
 [-6.45261311e-02  1.67034821e-02]
 [-1.02644558e-01 -1.99595287e-01]
 [-8.75137739e-02  3.59503252e-01]
 [-1.06164874e-01 -1.47077437e-01]
 [ 3.57143639e-01 -2.68146630e-02]
 [ 4.82954594e-01 -1.04419662e-01]
 [ 2.43616171e-01 -6.27981685e-02]
 [-2.72326399e-01 -7.34832096e-02]
 [ 6.43978407e-02 -3.24965374e-01]
 [-1.20438354e-02 -6.67613108e-02]
 [-1.88841008e-01 -4.44601872e-01]
 [ 1.79558946e-01  1.17694208e-01]
 [-1.73500915e-01  8.13790984e-02]
 [ 5.19047540e-01 -8.73431126e-02]
 [ 2.15077399e-01  3.20378547e-02]
 [ 3.27465721e-01  2.08491836e-01]
 [-3.27871953e-02 -2.08208832e-01]
 [ 1.27325094e-01  1.31678865e-01]
 [ 4.03786364e-03 -2.42209275e-01]
 [ 1.10834259e-01 -1.22567539e-01]
 [ 3.30993874e-01  3.60784808e-01]
 [-6.23997155e-02 -2.98347244e-01]
 [-1.20695344e-01 -2.79480077e-01]
 [-3.29344498e-02  1.49591568e-01]
 [ 8.60353470e-02  3.49156800e-01]
 [-2.48213369e-01 -7.53994194e-02]
 [-1.44692673e-01  1.21208632e-01]
 [-4.27479332e-01 -1.42615191e-01]
 [ 1.05993241e-01  2.05708371e-01]
 [-9.36810410e-03  1.33701142e-01]
 [-3.82092908e-02 -3.91112576e-01]
 [-1.74202896e-01 -5.74377143e-01]
 [-3.68959575e-01 -2.28157042e-01]
 [ 5.53444299e-02  1.31462184e-01]
 [ 2.02894731e-01 -1.71841927e-01]
 [ 2.04759767e-01  3.24235328e-01]
 [-1.18977106e-02 -2.93748207e-02]
 [ 1.65792420e-01  1.44919374e-01]
 [-6.04159349e-03  1.06101683e-01]
 [ 4.31934915e-01  2.40809803e-01]
 [-6.75732485e-02  1.88785889e-01]
 [ 1.84699963e-01  2.19472769e-01]
 [-1.95300546e-01 -1.22948515e-01]
 [-1.79520923e-01  2.40830690e-01]
 [-6.15425282e-02 -9.29919850e-02]
 [ 2.24393865e-01 -9.54112276e-02]
 [-1.54764653e-01  1.49142907e-01]
 [-1.79830208e-01 -4.99120648e-02]
 [ 4.46146577e-02 -8.30115212e-02]
 [ 1.71499414e-01 -9.78600265e-02]
 [-1.12024914e-01  3.04655170e-01]
 [-1.92786578e-01 -4.91987544e-01]
 [-2.47597011e-01  1.29771156e-01]
 [ 2.04222879e-01  7.49800569e-02]
 [-3.13619000e-01  1.24340677e-01]
 [ 2.04161381e-01  7.46042769e-02]
 [-2.23249038e-01 -3.51473929e-02]
 [ 4.31493908e-01 -9.19350958e-02]
 [-1.54042202e-01  4.76674696e-02]
 [-4.77095765e-01  1.20119716e-01]
 [ 1.37522270e-02 -2.25349891e-01]
 [ 3.62872118e-03 -1.25807512e-01]
 [-1.29999324e-01 -3.06582955e-02]
 [ 5.37215310e-02  5.71772409e-01]
 [ 2.49382449e-01 -1.88552930e-01]
 [ 4.38811018e-01  2.46283656e-02]
 [ 5.39104765e-02  9.02386290e-02]
 [-2.00620591e-01  6.01023736e-02]]
States:
[[9.99947671e-01 9.99555751e-01 5.16921466e-01 4.79718644e-01
  5.13417875e-01 5.96956748e-01]
 [9.99876310e-01 9.99623354e-01 5.20872815e-01 4.81324901e-01
  5.63189971e-01 6.18597592e-01]
 [9.99438959e-01 9.99737545e-01 5.33638858e-01 4.84410113e-01
  6.25611739e-01 6.16619842e-01]
 ...
 [4.93306155e-01 7.77580056e-01 1.69684063e-05 9.55394968e-02
  2.66634485e-01 8.30768542e-01]
 [4.64226677e-01 8.07696962e-01 1.11172078e-03 1.17367667e-01
  3.84067478e-01 8.32563399e-01]
 [4.45539152e-01 8.37287662e-01 2.72088988e-03 1.42214132e-01
  4.00444556e-01 8.51546545e-01]]
Logstds:
[[-3. -3.]
 [-3. -3.]
 [-3. -3.]
 [-3. -3.]
 [-3. -3.]
 [-3. -3.]
 [-3. -3.]
 [-3. -3.]
 [-3. -3.]
 [-3. -3.]
 [-3. -3.]
 [-3. -3.]
 [-3. -3.]
 [-3. -3.]
 [-3. -3.]
 [-3. -3.]
 [-3. -3.]
 [-3. -3.]
 [-3. -3.]
 [-3. -3.]
 [-3. -3.]
 [-3. -3.]
 [-3. -3.]
 [-3. -3.]
 [-3. -3.]
 [-3. -3.]
 [-3. -3.]
 [-3. -3.]
 [-3. -3.]
 [-3. -3.]
 [-3. -3.]
 [-3. -3.]
 [-3. -3.]
 [-3. -3.]
 [-3. -3.]
 [-3. -3.]
 [-3. -3.]
 [-3. -3.]
 [-3. -3.]
 [-3. -3.]
 [-3. -3.]
 [-3. -3.]
 [-3. -3.]
 [-3. -3.]
 [-3. -3.]
 [-3. -3.]
 [-3. -3.]
 [-3. -3.]
 [-3. -3.]
 [-3. -3.]
 [-3. -3.]
 [-3. -3.]
 [-3. -3.]
 [-3. -3.]
 [-3. -3.]
 [-3. -3.]
 [-3. -3.]
 [-3. -3.]
 [-3. -3.]
 [-3. -3.]
 [-3. -3.]
 [-3. -3.]
 [-3. -3.]
 [-3. -3.]
 [-3. -3.]
 [-3. -3.]
 [-3. -3.]
 [-3. -3.]
 [-3. -3.]
 [-3. -3.]
 [-3. -3.]
 [-3. -3.]
 [-3. -3.]
 [-3. -3.]
 [-3. -3.]
 [-3. -3.]
 [-3. -3.]
 [-3. -3.]
 [-3. -3.]
 [-3. -3.]
 [-3. -3.]
 [-3. -3.]
 [-3. -3.]
 [-3. -3.]
 [-3. -3.]
 [-3. -3.]
 [-3. -3.]
 [-3. -3.]
 [-3. -3.]
 [-3. -3.]
 [-3. -3.]
 [-3. -3.]
 [-3. -3.]
 [-3. -3.]
 [-3. -3.]
 [-3. -3.]
 [-3. -3.]
 [-3. -3.]
 [-3. -3.]
 [-3. -3.]
 [-3. -3.]
 [-3. -3.]
 [-3. -3.]
 [-3. -3.]
 [-3. -3.]
 [-3. -3.]
 [-3. -3.]
 [-3. -3.]
 [-3. -3.]
 [-3. -3.]
 [-3. -3.]
 [-3. -3.]
 [-3. -3.]
 [-3. -3.]
 [-3. -3.]
 [-3. -3.]
 [-3. -3.]
 [-3. -3.]
 [-3. -3.]
 [-3. -3.]
 [-3. -3.]
 [-3. -3.]
 [-3. -3.]
 [-3. -3.]
 [-3. -3.]
 [-3. -3.]
 [-3. -3.]
 [-3. -3.]
 [-3. -3.]
 [-3. -3.]
 [-3. -3.]
 [-3. -3.]
 [-3. -3.]
 [-3. -3.]
 [-3. -3.]
 [-3. -3.]
 [-3. -3.]
 [-3. -3.]
 [-3. -3.]
 [-3. -3.]
 [-3. -3.]
 [-3. -3.]
 [-3. -3.]
 [-3. -3.]
 [-3. -3.]
 [-3. -3.]
 [-3. -3.]
 [-3. -3.]
 [-3. -3.]
 [-3. -3.]
 [-3. -3.]
 [-3. -3.]
 [-3. -3.]
 [-3. -3.]
 [-3. -3.]
 [-3. -3.]
 [-3. -3.]
 [-3. -3.]
 [-3. -3.]
 [-3. -3.]
 [-3. -3.]
 [-3. -3.]
 [-3. -3.]
 [-3. -3.]
 [-3. -3.]
 [-3. -3.]
 [-3. -3.]
 [-3. -3.]
 [-3. -3.]
 [-3. -3.]
 [-3. -3.]
 [-3. -3.]
 [-3. -3.]
 [-3. -3.]
 [-3. -3.]
 [-3. -3.]
 [-3. -3.]
 [-3. -3.]
 [-3. -3.]
 [-3. -3.]
 [-3. -3.]
 [-3. -3.]
 [-3. -3.]
 [-3. -3.]
 [-3. -3.]
 [-3. -3.]
 [-3. -3.]
 [-3. -3.]
 [-3. -3.]
 [-3. -3.]
 [-3. -3.]
 [-3. -3.]
 [-3. -3.]
 [-3. -3.]
 [-3. -3.]
 [-3. -3.]
 [-3. -3.]
 [-3. -3.]
 [-3. -3.]
 [-3. -3.]]
