Baseline:
[1.2698772  1.2706804  1.2486463  1.2356762  1.2500396  1.2505732
 1.2290189  1.2129512  1.2139971  1.1944364  1.186347   1.1853851
 1.1772759  1.1646198  1.1698234  1.182611   1.1923745  1.2127383
 1.210588   1.1825464  1.1671784  1.1473354  1.0961035  1.0639509
 1.0294132  0.987036   0.94380915 0.9209466  0.9017249  0.87924206
 0.87117594 0.8689236  0.8467597  0.86137974 0.8764703  0.8733084
 0.9684685  0.97825927 0.9904749  0.9923627  0.97882444 0.97448736
 0.9755014  0.9688542  0.964718   0.9806098  0.9960653  0.97971606
 0.97636366 0.98474205 0.95863646 0.9544283  0.96166825 0.9450438
 0.9513932  0.9318251  0.9425549  0.935024   0.94026643 0.950429
 1.0033818  1.033611   1.041154   1.0343167  1.0490003  1.0487795
 1.0474781  1.0382043  1.0286642  1.0333903  1.0122333  1.0024873
 0.9627843  0.96574044 0.93610144 0.93784636 0.9315417  0.9253957
 0.92557776 0.91886604 0.9359937  0.94064295 0.9345895  0.9241959
 0.9289165  0.9324279  0.9387449  0.9204896  0.89482594 0.89610195
 0.903877   0.9245169  0.94821805 0.93918866 0.94573444 0.9337679
 0.9359801  0.9539601  0.94830585 0.9567211  0.9551152  0.9483232
 0.97709996 0.9907476  0.98702973 0.99752176 1.0300643  1.0571444
 1.0834415  1.1235368  1.1411812  1.184847   1.232389   1.2628984
 1.2904683  1.3029795  1.3137188  1.3216674  1.3313746  1.3380574
 1.3485315  1.3517663  1.3514941  1.3415092  1.3415042  1.3335451
 1.3335886  1.3192908  1.2999922  1.2864355  1.2674439  1.2477281
 1.2321291  1.2359678  1.2221104  1.2130111  1.217062   1.202908
 1.1734505  1.1852419  1.1821241  1.1968931  1.1829171  1.2121439
 1.195847   1.2005527  1.1763356  1.1917739  1.1909361  1.1596687
 1.1497903  1.1833693  1.1898553  1.2014718  1.1622314  1.1758758
 1.1707644  1.1868622  1.2050214  1.2193906  1.2160838  1.2229415
 1.2239724  1.2041049  1.1849349  1.1512638  1.1477838  1.157967
 1.1625605  1.1468861  1.1551127  1.1572616  1.1356333  1.1229246
 1.0975536  1.1387649  1.1548939  1.1526225  1.1686573  1.1902338
 1.1783228  1.1793069  1.1853006  1.1839535  1.206851   1.2072884
 1.2254624  1.2288444  1.2468776  1.2533591  1.2502211  1.2581737
 1.2710384  1.27263    1.2750294  1.2862295  1.304239   1.3056066
 1.3005049  1.2987847  1.2987847 ]
Returns:
[3.88588372 3.91362601 3.87476337 3.87855505 3.85593981 3.87862871
 3.8681421  3.78825724 3.67527228 3.60023996 3.59276643 3.60452567
 3.59102084 3.64003309 3.59713999 3.4390699  3.27539614 3.15996612
 3.10682088 3.070056   3.01875633 3.01374237 2.47403739 2.41665208
 2.3818133  2.25609612 2.24076069 2.25547409 2.28128734 2.26837086
 2.30168994 2.25746482 2.19148221 2.17391336 1.99748648 1.98628245
 1.99620471 2.03150596 1.85053275 1.83462868 1.84765431 1.88974183
 1.9250273  1.98194948 2.05037497 1.99393647 1.84428183 1.84792312
 1.92243151 1.98274322 1.9336338  2.03022787 2.05736326 2.09418582
 2.21060802 2.20133648 2.27486219 2.16941484 2.25930511 2.28435396
 1.99844384 2.00155186 2.09845561 2.12189395 2.20628833 2.27242639
 2.29625213 2.40397321 2.53042233 2.56091519 2.66075412 2.49053947
 2.41293773 2.50581355 2.35111897 2.3206407  2.4295029  2.50002604
 2.57620905 2.64957181 2.54363383 2.56820498 2.65492488 2.59460416
 2.62038428 2.68123552 2.70937514 2.7720201  2.69897709 2.76012782
 2.82796958 2.81609246 2.70402441 2.78667127 2.77649327 2.81518135
 2.85654214 2.85361348 3.00418363 3.1315292  3.21212268 3.38248347
 2.9071888  2.77790688 2.86764952 2.9768406  3.08184315 3.22804759
 3.17196644 3.28620867 3.24635485 3.38050074 3.43245237 3.58193861
 3.67982768 3.74501017 3.88850385 4.02743635 4.16833699 4.29615065
 4.36825623 4.51911665 4.66315233 4.75889396 4.92701348 5.09586054
 5.22784723 5.18061388 5.15255502 5.26654491 5.18351176 5.23194074
 5.28472272 5.28422206 5.42193751 5.54320453 5.64746061 5.7097109
 5.31517839 5.24315106 5.16372002 5.19869639 5.16341772 5.00217403
 4.9722718  4.95529012 4.83005277 4.85566965 4.90156309 4.71273038
 4.73732788 4.46340129 4.41724514 4.29576251 3.64365224 3.5239552
 3.52958739 3.48247145 3.41252972 3.30822447 3.18924615 3.18596053
 3.19350111 3.20455268 3.21289448 2.99220002 3.02385218 3.02538678
 2.89488582 2.86750594 2.86178467 2.91242264 2.83477355 2.77345504
 2.5730649  2.39140232 2.41733572 2.45106047 2.42983492 2.3938859
 2.27360567 2.29816829 2.32894312 2.3503481  2.01719822 2.01382507
 1.94944853 1.94253583 1.84767192 1.83675746 1.5941747  1.51086012
 1.32590204 1.21427176 1.11153111 0.98342234 0.64137214 0.424612
 0.2898526  0.11006862]
Advants:
[1.80252488 1.84190637 1.83805971 1.86942758 1.84715566 1.88595573
 1.91542839 1.86961044 1.77158524 1.73176715 1.74938911 1.78095852
 1.79584983 1.8814406  1.85781678 1.70823234 1.55251652 1.43175395
 1.39549365 1.4024904  1.38250657 1.41510064 0.93079849 0.90931173
 0.9130664  0.8315502  0.86228338 0.90410521 0.95514062 0.97151441
 1.02156696 0.98770171 0.95132603 0.92621862 0.73646269 0.73008339
 0.64401391 0.66941084 0.47012387 0.44516415 0.46477109 0.50508186
 0.53377861 0.59326453 0.66363903 0.58669815 0.4114781  0.4211159
 0.49015008 0.53411109 0.50174441 0.59550372 0.60837161 0.65584539
 0.76284048 0.77011558 0.8315748  0.72917929 0.81158464 0.82449774
 0.47301326 0.43135649 0.50770726 0.52480097 0.58236288 0.63759026
 0.65141476 0.75976253 0.89057387 0.91151861 1.03102391 0.86397465
 0.81776262 0.90144183 0.76574642 0.72098044 0.82609797 0.89423281
 0.96332309 1.03837472 0.90605224 0.9165448  1.00195486 0.94249304
 0.95385693 1.00244862 1.01545274 1.08928539 1.03277103 1.08458433
 1.1377606  1.09676048 0.94758652 1.02755146 0.99760154 1.03546984
 1.06195375 1.02665481 1.17209481 1.28300022 1.35903343 1.53497364
 1.0139965  0.8483005  0.91994577 0.99802378 1.05034707 1.15130377
 1.04666222 1.09894265 1.01593676 1.08153462 1.05907887 1.15258132
 1.19743085 1.22409182 1.33272602 1.441586   1.55282833 1.65605496
 1.700163   1.83333809 1.96642774 2.06325013 2.22691174 2.40434305
 2.54104533 2.51225579 2.50772362 2.64380324 2.58704106 2.66519286
 2.74654828 2.75615447 2.92754838 3.08345633 3.21447823 3.32668726
 2.98917628 2.93267725 2.88365083 2.93409448 2.94494505 2.78347593
 2.80092174 2.81225988 2.74395422 2.7899489  2.87699268 2.75830087
 2.83602803 2.56594774 2.5522909  2.4573817  1.86700024 1.75393917
 1.78702282 1.7460972  1.67945837 1.58040391 1.48244648 1.49121241
 1.51844347 1.57280533 1.62660789 1.46233058 1.52323328 1.54228294
 1.43306798 1.44908465 1.46478916 1.54695626 1.52574976 1.5134168
 1.3723516  1.17943131 1.2220441  1.29475686 1.29618851 1.27887174
 1.2107851  1.27880683 1.35258369 1.42920882 1.12061215 1.16817679
 1.13882454 1.1859417  1.13185554 1.17774243 0.99956589 0.97196352
 0.83711065 0.7887214  0.75068498 0.67988777 0.38304008 0.22676299
 0.16021467 0.0451293 ]
Mus:
[[-1.67924464e-02 -5.90581167e-03]
 [-1.65945012e-02 -5.65560162e-03]
 [-1.67546142e-02 -5.78824338e-03]
 [-1.67651102e-02 -6.21242216e-03]
 [-1.73888318e-02 -6.46832306e-03]
 [-1.72786526e-02 -6.33821823e-03]
 [-1.67941768e-02 -6.39275461e-03]
 [-1.61800086e-02 -5.90869831e-03]
 [-1.73597541e-02 -5.93847781e-03]
 [-1.74872279e-02 -5.89118712e-03]
 [-1.81300882e-02 -6.65386440e-03]
 [-1.92050785e-02 -7.15999631e-03]
 [-1.99024994e-02 -7.31899496e-03]
 [-2.06145793e-02 -7.68589182e-03]
 [-2.23784205e-02 -8.29575118e-03]
 [-2.32337583e-02 -8.22529662e-03]
 [-2.38578748e-02 -7.98483659e-03]
 [-2.59307995e-02 -8.65516718e-03]
 [-2.64375694e-02 -8.42587091e-03]
 [-2.70612985e-02 -8.68456997e-03]
 [-2.82662287e-02 -8.84188712e-03]
 [-2.97673233e-02 -9.21701733e-03]
 [-2.71706395e-02 -9.01116431e-03]
 [-2.66060214e-02 -9.29192174e-03]
 [-2.59990096e-02 -8.99723452e-03]
 [-2.60219686e-02 -9.65410378e-03]
 [-2.57915687e-02 -9.66232549e-03]
 [-2.73292102e-02 -1.02002406e-02]
 [-2.80223284e-02 -1.02692349e-02]
 [-2.79241614e-02 -1.04351826e-02]
 [-2.87243593e-02 -1.06336875e-02]
 [-2.96441466e-02 -1.12228962e-02]
 [-2.26656292e-02 -8.24388023e-03]
 [-2.12321486e-02 -7.45691918e-03]
 [-1.89182665e-02 -6.18360424e-03]
 [-1.35506690e-02 -4.01930371e-03]
 [-2.72017699e-02 -1.06369937e-02]
 [-2.90050842e-02 -1.19505944e-02]
 [-3.21884751e-02 -1.41537357e-02]
 [-2.99670584e-02 -1.32348798e-02]
 [-2.71647852e-02 -1.19547853e-02]
 [-2.65595354e-02 -1.20298732e-02]
 [-2.50364169e-02 -1.14598963e-02]
 [-2.40963101e-02 -1.12677347e-02]
 [-2.27306057e-02 -1.07679609e-02]
 [-2.34448109e-02 -1.11949090e-02]
 [-2.72330008e-02 -1.33695789e-02]
 [-2.40431204e-02 -1.17861414e-02]
 [-2.35515572e-02 -1.18782297e-02]
 [-2.31301971e-02 -1.18636331e-02]
 [-2.03439314e-02 -1.09653929e-02]
 [-1.84439309e-02 -1.03412997e-02]
 [-1.88578144e-02 -1.10141542e-02]
 [-1.71913747e-02 -1.07768578e-02]
 [-1.48881031e-02 -9.82951187e-03]
 [-1.08193625e-02 -8.11866112e-03]
 [-7.42887380e-03 -6.21070899e-03]
 [-5.05163474e-03 -5.32250525e-03]
 [-2.66435463e-03 -3.90716689e-03]
 [-1.27089408e-03 -2.69593392e-03]
 [ 8.71799071e-04 -6.18372345e-04]
 [ 9.80804907e-04 -1.15517105e-04]
 [-2.38578985e-04 -6.89107343e-04]
 [-6.06296002e-04 -6.25643763e-04]
 [-1.67920184e-03 -9.76389390e-04]
 [-1.00634631e-03 -2.40926835e-04]
 [ 9.44038504e-04  1.08916417e-03]
 [-4.67545266e-04  5.23687457e-04]
 [-2.03003161e-04  8.23966635e-04]
 [ 1.63658732e-03  2.08066893e-03]
 [ 1.34879432e-03  1.97303994e-03]
 [-2.81862542e-03 -6.22652005e-05]
 [-2.11910252e-03  9.27440051e-05]
 [-4.73798113e-03 -8.13855266e-04]
 [-6.38137572e-03 -1.61373685e-03]
 [-1.11095905e-02 -3.58225382e-03]
 [-1.40467044e-02 -4.73577017e-03]
 [-1.60978027e-02 -5.45790745e-03]
 [-1.91119425e-02 -6.58145733e-03]
 [-2.07463279e-02 -7.11469632e-03]
 [-2.50066053e-02 -8.55372194e-03]
 [-2.53094863e-02 -8.43600091e-03]
 [-2.75567565e-02 -9.44178831e-03]
 [-3.19691226e-02 -1.16716316e-02]
 [-3.53914350e-02 -1.33332210e-02]
 [-3.70908789e-02 -1.43703697e-02]
 [-3.84092443e-02 -1.54793970e-02]
 [-3.44674066e-02 -1.42046241e-02]
 [-2.75611561e-02 -1.14986841e-02]
 [-2.54787020e-02 -1.10631157e-02]
 [-2.28676461e-02 -1.01627875e-02]
 [-2.33170297e-02 -1.09136570e-02]
 [-2.49368884e-02 -1.21550756e-02]
 [-2.07102317e-02 -1.04847634e-02]
 [-2.04013232e-02 -1.09483441e-02]
 [-1.91865992e-02 -1.10560283e-02]
 [-1.86727438e-02 -1.12958727e-02]
 [-1.79381520e-02 -1.07091917e-02]
 [-1.63583197e-02 -9.94264521e-03]
 [-1.57397371e-02 -9.44287609e-03]
 [-1.25957308e-02 -7.42900325e-03]
 [-1.11737521e-02 -6.89938711e-03]
 [-1.43773993e-02 -9.23409127e-03]
 [-1.31698353e-02 -8.68202280e-03]
 [-1.27876997e-02 -9.03170463e-03]
 [-1.08005451e-02 -8.41574185e-03]
 [-7.56873889e-03 -6.63136551e-03]
 [-5.85267087e-03 -5.99110452e-03]
 [-5.41371712e-03 -5.96980983e-03]
 [-5.31095313e-03 -5.58051281e-03]
 [-7.07706343e-03 -6.47777086e-03]
 [-7.48841744e-03 -6.26459485e-03]
 [-6.64528832e-03 -5.39438846e-03]
 [-6.77121850e-03 -5.15005970e-03]
 [-6.55253092e-03 -4.68037417e-03]
 [-7.35697942e-03 -4.62651206e-03]
 [-7.46356603e-03 -4.27239249e-03]
 [-8.23236164e-03 -4.41579847e-03]
 [-8.33326206e-03 -3.92571418e-03]
 [-9.02620330e-03 -4.07741172e-03]
 [-7.38755520e-03 -2.70828535e-03]
 [-7.14154169e-03 -2.31374265e-03]
 [-7.05783768e-03 -1.89628289e-03]
 [-8.34270567e-03 -2.33887741e-03]
 [-9.02499910e-03 -2.42136652e-03]
 [-9.24576353e-03 -2.37541180e-03]
 [-8.43437668e-03 -1.73763849e-03]
 [-1.07334973e-02 -3.19698011e-03]
 [-1.00530162e-02 -2.33603595e-03]
 [-1.03562279e-02 -1.90925063e-03]
 [-9.44254920e-03 -7.59424875e-04]
 [-1.01505648e-02 -9.12598451e-04]
 [-1.24519020e-02 -2.26687361e-03]
 [-1.33345891e-02 -2.16326350e-03]
 [-1.42574711e-02 -2.70323595e-03]
 [-1.46597959e-02 -2.64325459e-03]
 [-1.66362040e-02 -3.95137584e-03]
 [-1.58584770e-02 -3.33969714e-03]
 [-1.27987470e-02 -2.20913417e-03]
 [-1.37562314e-02 -2.28578784e-03]
 [-1.26020228e-02 -1.41225371e-03]
 [-1.45450151e-02 -2.71448353e-03]
 [-1.24797551e-02 -1.75336108e-03]
 [-1.56106893e-02 -3.36390710e-03]
 [-1.37388986e-02 -2.59815832e-03]
 [-1.41028650e-02 -2.51835142e-03]
 [-1.19456407e-02 -1.78360718e-03]
 [-1.25768054e-02 -2.65743234e-03]
 [-1.21516399e-02 -2.54151947e-03]
 [-8.74428917e-03 -1.65617734e-03]
 [-7.42359925e-03 -1.41209946e-03]
 [-1.02638816e-02 -2.68382393e-03]
 [-1.04729254e-02 -3.50526976e-03]
 [-1.05134761e-02 -4.38553095e-03]
 [-7.19627691e-03 -4.59222402e-03]
 [-6.44747540e-03 -5.10849385e-03]
 [-3.79909016e-03 -4.76622023e-03]
 [-1.88175915e-03 -4.03123070e-03]
 [-1.56694872e-03 -4.18814225e-03]
 [ 6.57401906e-05 -3.26033076e-03]
 [ 1.19963777e-03 -3.65593634e-03]
 [ 3.16941016e-03 -3.13577312e-03]
 [ 4.98217857e-03 -2.59871944e-03]
 [ 6.97261887e-03 -1.98575808e-03]
 [ 9.53307934e-03 -7.44564750e-04]
 [ 1.19038075e-02  1.03906076e-03]
 [ 1.28119225e-02  1.62598141e-03]
 [ 1.30499201e-02  1.93903712e-03]
 [ 1.13729248e-02  5.80663618e-04]
 [ 1.23044634e-02  1.87516375e-03]
 [ 1.35454172e-02  3.09275626e-03]
 [ 1.35126309e-02  3.38485767e-03]
 [ 1.47260195e-02  4.22840565e-03]
 [ 1.63223352e-02  5.43218199e-03]
 [ 1.59274787e-02  5.74291823e-03]
 [ 1.55292973e-02  5.41766267e-03]
 [ 1.50827290e-02  5.52267069e-03]
 [ 1.47339478e-02  5.82337799e-03]
 [ 1.49216326e-02  6.61747996e-03]
 [ 1.52172456e-02  7.09823426e-03]
 [ 1.54268052e-02  7.82312732e-03]
 [ 1.46255791e-02  7.69754872e-03]
 [ 1.26764951e-02  6.93765748e-03]
 [ 1.19206272e-02  6.96100295e-03]
 [ 1.42774088e-02  8.61170702e-03]
 [ 1.32377781e-02  8.16140790e-03]
 [ 1.30958529e-02  8.32550507e-03]
 [ 1.25968494e-02  8.21166579e-03]
 [ 1.26674380e-02  8.34625307e-03]
 [ 1.24986935e-02  8.24591890e-03]
 [ 1.36074629e-02  9.05836280e-03]
 [ 1.39665408e-02  9.36559681e-03]
 [ 1.34395836e-02  8.73951055e-03]
 [ 1.20025482e-02  7.84585252e-03]
 [ 1.29823014e-02  8.43662582e-03]
 [ 1.27443438e-02  8.17322358e-03]
 [ 1.56645775e-02  9.56569985e-03]
 [ 1.57413799e-02  9.17870551e-03]
 [ 1.82996709e-02  1.03250816e-02]
 [ 1.99449640e-02  1.05653265e-02]]
Actions:
[[ 9.05211982e-02 -6.57696777e-02]
 [-2.03874915e-01 -2.29956168e-01]
 [-2.70167999e-01  6.57392998e-04]
 [ 1.73307643e-01  1.65096019e-01]
 [ 7.55309881e-02 -3.86637083e-02]
 [-2.61282967e-01 -1.65042023e-01]
 [ 3.57028904e-02 -3.13636707e-01]
 [ 2.90880222e-01 -1.20188562e-01]
 [ 2.63170916e-02 -2.72472810e-01]
 [-2.45086255e-01  7.35469855e-02]
 [ 5.82618958e-02  4.21148925e-02]
 [ 1.23017200e-01 -1.01093098e-01]
 [-1.38709297e-02 -7.42428900e-02]
 [ 2.21837639e-01  1.16186898e-01]
 [ 3.91419105e-01  3.78796513e-02]
 [ 3.85822287e-01 -2.60276230e-02]
 [ 2.08400187e-01  3.02216628e-01]
 [ 1.78151686e-01 -1.81413213e-01]
 [-1.95195820e-01 -3.12175019e-01]
 [ 3.57739511e-02 -2.89333522e-01]
 [-4.33843511e-02 -2.62479815e-01]
 [-7.26791250e-01 -4.24191982e-01]
 [-4.06456903e-01  1.94089798e-02]
 [-9.32965974e-02 -2.72020492e-01]
 [-4.87255056e-01  6.35586711e-02]
 [-1.87309579e-01 -1.79197520e-01]
 [-1.43270263e-02  1.58095548e-01]
 [ 1.81314781e-02  1.31040320e-01]
 [-3.13433781e-01  4.13707298e-02]
 [-2.72677556e-02  8.73096048e-02]
 [-2.88267839e-01  2.01735754e-01]
 [ 3.17122571e-02 -3.56489302e-01]
 [ 1.94515074e-01  1.04086835e-01]
 [ 4.29536050e-01 -4.44588590e-04]
 [-2.61806812e-02 -1.99894797e-01]
 [-7.87115364e-02 -9.66633300e-02]
 [-1.14833396e-01  2.11906655e-02]
 [-1.90621275e-01  4.53820372e-01]
 [ 2.04906328e-01  4.33047413e-02]
 [ 2.67755004e-02 -2.04863137e-01]
 [-1.18964260e-01  4.10173462e-02]
 [ 1.06487084e-01  5.18389821e-02]
 [-9.81126167e-02 -1.53578499e-02]
 [ 2.21182654e-03 -9.97893304e-03]
 [ 1.52269823e-01  3.01651805e-01]
 [-1.68502923e-01  4.54391821e-01]
 [ 3.08701647e-02 -2.86547056e-01]
 [-1.69584844e-01  1.51410681e-02]
 [ 1.00960398e-02  1.30658123e-01]
 [-3.29994160e-01 -2.85155912e-01]
 [-1.44589414e-01 -3.73029944e-02]
 [-1.59970545e-01  2.31018438e-01]
 [-3.45584066e-01 -3.29647737e-02]
 [-1.79519444e-02  5.27387138e-02]
 [-2.97248029e-01 -2.81754249e-01]
 [ 1.91193607e-01 -7.68288452e-02]
 [-5.19851200e-01 -9.86224354e-02]
 [ 3.46545433e-02 -2.00881326e-01]
 [ 1.08851222e-01 -2.96218723e-01]
 [ 5.92468589e-01 -1.54658926e-01]
 [ 2.82667382e-01  1.64514997e-01]
 [-5.87897232e-02  1.53063649e-01]
 [-2.41928444e-01 -2.48612818e-01]
 [ 5.54967609e-02  1.92639286e-01]
 [-4.93609938e-02 -2.57241259e-01]
 [ 1.65579511e-01 -2.76477553e-01]
 [-1.74080553e-01  6.77971187e-03]
 [-4.05512860e-02 -1.01733393e-01]
 [ 2.63109311e-01 -1.33565022e-01]
 [-1.85963431e-01 -1.21005514e-01]
 [-3.17856469e-01  4.57636030e-01]
 [-3.13179063e-01 -3.73545750e-01]
 [ 1.59781967e-02  1.65566916e-01]
 [-4.97742901e-01 -2.08530593e-01]
 [-9.60358458e-02  3.54824520e-01]
 [-2.15432540e-02  1.97369977e-02]
 [-1.92442595e-01 -1.05164376e-01]
 [ 1.20311080e-01 -7.10551590e-03]
 [-7.79898553e-02 -1.67705575e-01]
 [ 3.82868398e-01  8.95285755e-02]
 [ 1.86231332e-01 -1.25285166e-01]
 [-1.23814739e-01 -1.93202024e-03]
 [-3.67083936e-01  1.78385857e-01]
 [-1.62987743e-01  1.94269652e-01]
 [-9.73768635e-02  1.44725889e-01]
 [-1.83977073e-02  2.20596243e-01]
 [-1.41942527e-01 -1.79439869e-01]
 [ 7.93929636e-02 -4.00445917e-01]
 [ 1.06351530e-01  2.66371400e-02]
 [ 1.11671900e-01 -2.49123087e-02]
 [ 3.76451844e-02  3.00060544e-01]
 [ 1.09876601e-01  4.14674510e-01]
 [-1.35868874e-03 -1.35424361e-01]
 [-5.37716787e-03  3.34586627e-01]
 [-2.84248550e-01  1.14192121e-01]
 [-3.83832906e-02  2.88492985e-01]
 [ 2.93629362e-01  1.72033311e-01]
 [-2.90547255e-02 -6.86340536e-02]
 [ 1.33558193e-01  8.18688304e-02]
 [ 1.68092546e-01 -2.42633780e-01]
 [-1.43546257e-01 -8.19527529e-02]
 [-8.42671283e-02  8.01497266e-01]
 [ 4.40324741e-02  5.46473043e-01]
 [-3.36140070e-01 -5.55366634e-02]
 [-1.51415883e-01  2.42466140e-01]
 [ 2.58789374e-01  4.73284525e-02]
 [-3.54456774e-03  2.11232911e-01]
 [-1.49046749e-01 -4.70148674e-01]
 [ 1.48459460e-01 -1.41781929e-01]
 [-2.65089206e-01  4.01390266e-01]
 [ 1.06192316e-01  1.28368242e-01]
 [ 2.64829359e-01 -1.05698026e-01]
 [ 3.00729836e-02  1.01719954e-01]
 [ 7.88297068e-02 -1.83844483e-01]
 [-1.23069366e-01 -2.55037432e-01]
 [-6.99371540e-02 -6.45643632e-02]
 [-9.46449003e-02  8.97693054e-02]
 [ 1.96356591e-02 -5.80881115e-02]
 [-5.26612561e-02  1.64605922e-01]
 [ 2.33295950e-01 -6.93789781e-02]
 [-7.51947250e-03  3.75943153e-02]
 [-2.72758800e-02 -5.84954250e-02]
 [-2.80928858e-01 -2.34903467e-02]
 [ 2.64505119e-02  9.58835726e-02]
 [-7.13701858e-02 -5.88209085e-03]
 [ 1.86195097e-01  5.84748323e-02]
 [-2.77818168e-01  4.36367618e-01]
 [ 9.99057925e-02 -3.95040715e-01]
 [ 1.34381592e-01 -1.68917365e-01]
 [ 1.49340392e-01 -4.41922079e-01]
 [-2.05406319e-01 -2.53115373e-01]
 [-3.62773157e-01  5.60163944e-02]
 [ 3.53819899e-01  4.71142035e-03]
 [-1.92137238e-01 -5.84662870e-02]
 [ 6.94075891e-02 -1.47624661e-01]
 [-1.54072397e-01  2.49633521e-01]
 [ 5.66651335e-02 -2.93757408e-01]
 [-5.10575561e-01 -5.51232271e-01]
 [ 4.06839872e-01  7.62900232e-03]
 [ 2.97605133e-01 -2.63495674e-01]
 [-1.19404479e-01  2.84136179e-01]
 [-6.24118424e-03 -3.55241204e-01]
 [ 1.78255249e-01  4.70419299e-01]
 [-9.28620096e-02 -3.23192265e-01]
 [ 2.61528477e-01 -6.55658392e-02]
 [-2.01343167e-01 -3.88549506e-01]
 [-1.52255756e-01  2.27506099e-01]
 [ 1.03333674e-01 -8.43663831e-02]
 [-3.66900692e-01 -3.67072631e-01]
 [-6.99784574e-02 -1.62197988e-01]
 [ 3.73014807e-01  4.11025804e-01]
 [-2.08534757e-01  2.82083686e-01]
 [-2.31025966e-01  3.91105892e-01]
 [-8.61581026e-01 -9.94174644e-02]
 [ 2.56532870e-02  3.81236707e-01]
 [-1.49972018e-01  7.82518478e-02]
 [ 1.94073296e-01  9.84623295e-02]
 [ 1.11108088e-01  2.51371392e-01]
 [ 2.93642607e-01  5.74924358e-02]
 [-3.48556228e-01  2.11134359e-01]
 [-1.50548515e-02  1.60405875e-01]
 [-9.61441281e-03  1.23737760e-01]
 [-1.58711703e-01 -2.79067253e-02]
 [-7.36240100e-02 -1.55880751e-01]
 [-1.58674455e-01 -4.65577369e-01]
 [ 1.55688693e-02  8.60671533e-03]
 [ 1.46324517e-01  1.48979546e-01]
 [-1.02433420e-01  4.30806972e-01]
 [ 5.57716928e-02 -2.43704104e-01]
 [ 2.39525239e-01 -2.06536941e-02]
 [ 8.44922704e-02  6.52246383e-02]
 [-2.14485995e-01 -2.79620065e-01]
 [-1.09272113e-01 -2.86186068e-01]
 [-3.41983750e-01 -3.28656485e-01]
 [ 2.11681527e-01  4.66274352e-01]
 [ 1.03263454e-01  1.09638934e-01]
 [-3.95043083e-02 -1.00245071e-01]
 [ 2.67870227e-01 -3.38919781e-02]
 [ 2.79203111e-01  1.20842022e-01]
 [-2.58086596e-02 -3.71493113e-01]
 [-7.12521440e-02 -7.04027564e-02]
 [-8.18242538e-02  9.32643360e-02]
 [-4.66919421e-02 -1.21058203e-01]
 [ 5.35089306e-01 -2.01009930e-01]
 [-1.51321943e-01  1.82154135e-02]
 [ 2.56092222e-01  1.86124157e-02]
 [-1.85361118e-02 -6.32076404e-02]
 [ 2.53861058e-01  1.53608213e-01]
 [ 5.06224069e-02  9.27941380e-02]
 [ 7.57297575e-02 -4.33991281e-01]
 [ 1.11429532e-01 -1.68015595e-01]
 [-4.21616958e-02  4.21380037e-01]
 [-1.69312752e-01  2.67727083e-01]
 [ 1.43294357e-01 -1.56777521e-01]
 [ 9.86163924e-02  2.74149059e-01]
 [ 5.22393150e-01  4.30058420e-02]
 [ 2.13288724e-03  4.13476999e-01]
 [ 2.00205726e-01 -9.63075299e-02]
 [ 5.71042682e-02  3.49079919e-01]
 [ 1.84391031e-01  4.00428301e-02]]
States:
[[0.99967766 0.99998366 0.49132105 0.4961108  0.51308335 0.59685112]
 [0.99973828 0.9999703  0.49312576 0.49475535 0.53630757 0.57961273]
 [0.99972107 0.99983298 0.49259366 0.48756317 0.48358985 0.51971903]
 ...
 [0.10311754 0.7284982  0.82555781 0.93388209 0.69129893 0.7460605 ]
 [0.08446842 0.70921073 0.80004108 0.94363742 0.73914306 0.71785865]
 [0.06511723 0.68497697 0.76949335 0.95460414 0.74930487 0.80694311]]
Logstds:
[[-3. -3.]
 [-3. -3.]
 [-3. -3.]
 [-3. -3.]
 [-3. -3.]
 [-3. -3.]
 [-3. -3.]
 [-3. -3.]
 [-3. -3.]
 [-3. -3.]
 [-3. -3.]
 [-3. -3.]
 [-3. -3.]
 [-3. -3.]
 [-3. -3.]
 [-3. -3.]
 [-3. -3.]
 [-3. -3.]
 [-3. -3.]
 [-3. -3.]
 [-3. -3.]
 [-3. -3.]
 [-3. -3.]
 [-3. -3.]
 [-3. -3.]
 [-3. -3.]
 [-3. -3.]
 [-3. -3.]
 [-3. -3.]
 [-3. -3.]
 [-3. -3.]
 [-3. -3.]
 [-3. -3.]
 [-3. -3.]
 [-3. -3.]
 [-3. -3.]
 [-3. -3.]
 [-3. -3.]
 [-3. -3.]
 [-3. -3.]
 [-3. -3.]
 [-3. -3.]
 [-3. -3.]
 [-3. -3.]
 [-3. -3.]
 [-3. -3.]
 [-3. -3.]
 [-3. -3.]
 [-3. -3.]
 [-3. -3.]
 [-3. -3.]
 [-3. -3.]
 [-3. -3.]
 [-3. -3.]
 [-3. -3.]
 [-3. -3.]
 [-3. -3.]
 [-3. -3.]
 [-3. -3.]
 [-3. -3.]
 [-3. -3.]
 [-3. -3.]
 [-3. -3.]
 [-3. -3.]
 [-3. -3.]
 [-3. -3.]
 [-3. -3.]
 [-3. -3.]
 [-3. -3.]
 [-3. -3.]
 [-3. -3.]
 [-3. -3.]
 [-3. -3.]
 [-3. -3.]
 [-3. -3.]
 [-3. -3.]
 [-3. -3.]
 [-3. -3.]
 [-3. -3.]
 [-3. -3.]
 [-3. -3.]
 [-3. -3.]
 [-3. -3.]
 [-3. -3.]
 [-3. -3.]
 [-3. -3.]
 [-3. -3.]
 [-3. -3.]
 [-3. -3.]
 [-3. -3.]
 [-3. -3.]
 [-3. -3.]
 [-3. -3.]
 [-3. -3.]
 [-3. -3.]
 [-3. -3.]
 [-3. -3.]
 [-3. -3.]
 [-3. -3.]
 [-3. -3.]
 [-3. -3.]
 [-3. -3.]
 [-3. -3.]
 [-3. -3.]
 [-3. -3.]
 [-3. -3.]
 [-3. -3.]
 [-3. -3.]
 [-3. -3.]
 [-3. -3.]
 [-3. -3.]
 [-3. -3.]
 [-3. -3.]
 [-3. -3.]
 [-3. -3.]
 [-3. -3.]
 [-3. -3.]
 [-3. -3.]
 [-3. -3.]
 [-3. -3.]
 [-3. -3.]
 [-3. -3.]
 [-3. -3.]
 [-3. -3.]
 [-3. -3.]
 [-3. -3.]
 [-3. -3.]
 [-3. -3.]
 [-3. -3.]
 [-3. -3.]
 [-3. -3.]
 [-3. -3.]
 [-3. -3.]
 [-3. -3.]
 [-3. -3.]
 [-3. -3.]
 [-3. -3.]
 [-3. -3.]
 [-3. -3.]
 [-3. -3.]
 [-3. -3.]
 [-3. -3.]
 [-3. -3.]
 [-3. -3.]
 [-3. -3.]
 [-3. -3.]
 [-3. -3.]
 [-3. -3.]
 [-3. -3.]
 [-3. -3.]
 [-3. -3.]
 [-3. -3.]
 [-3. -3.]
 [-3. -3.]
 [-3. -3.]
 [-3. -3.]
 [-3. -3.]
 [-3. -3.]
 [-3. -3.]
 [-3. -3.]
 [-3. -3.]
 [-3. -3.]
 [-3. -3.]
 [-3. -3.]
 [-3. -3.]
 [-3. -3.]
 [-3. -3.]
 [-3. -3.]
 [-3. -3.]
 [-3. -3.]
 [-3. -3.]
 [-3. -3.]
 [-3. -3.]
 [-3. -3.]
 [-3. -3.]
 [-3. -3.]
 [-3. -3.]
 [-3. -3.]
 [-3. -3.]
 [-3. -3.]
 [-3. -3.]
 [-3. -3.]
 [-3. -3.]
 [-3. -3.]
 [-3. -3.]
 [-3. -3.]
 [-3. -3.]
 [-3. -3.]
 [-3. -3.]
 [-3. -3.]
 [-3. -3.]
 [-3. -3.]
 [-3. -3.]
 [-3. -3.]
 [-3. -3.]
 [-3. -3.]
 [-3. -3.]
 [-3. -3.]
 [-3. -3.]
 [-3. -3.]]
