Baseline:
[0.4805234  0.47503832 0.46543458 0.45402393 0.44499534 0.44098312
 0.4429661  0.45104495 0.46474263 0.45843583 0.46658513 0.4692846
 0.48069793 0.47683468 0.47148678 0.47228506 0.46801332 0.46450183
 0.46366447 0.4724993  0.47039047 0.47709346 0.4759211  0.4806057
 0.4719592  0.47719732 0.47995976 0.46786577 0.4617915  0.44113156
 0.4427478  0.41373107 0.394502   0.37850437 0.3673058  0.3623828
 0.34462675 0.32443526 0.31709814 0.29457834 0.2837623  0.26687938
 0.24981712 0.23934184 0.22051807 0.20767473 0.18686597 0.18580526
 0.17514992 0.17727633 0.16158007 0.17332631 0.17012344 0.17651027
 0.19142513 0.18169759 0.1736372  0.1789467  0.1801721  0.18572986
 0.18524271 0.19233862 0.19040713 0.19520906 0.19630767 0.20972732
 0.21707337 0.21191101 0.21996784 0.21215872 0.22090046 0.2143665
 0.20146617 0.2058108  0.2044108  0.2036326  0.20221868 0.19861078
 0.21512978 0.2192794  0.22509176 0.24022113 0.23190497 0.22526367
 0.23324606 0.22595115 0.22354363 0.215561   0.22765826 0.23981631
 0.24846281 0.26027942 0.2617108  0.26328564 0.27932006 0.2988077
 0.30481747 0.32560816 0.34055632 0.35831654 0.35713595 0.36516652
 0.3794938  0.3767075  0.3637639  0.36215845 0.35953197 0.3614119
 0.36396158 0.36655828 0.369844   0.36240032 0.35633758 0.3492507
 0.35304263 0.35221115 0.34842154 0.32485238 0.31532428 0.31847408
 0.3020166  0.28196612 0.27988416 0.2550651  0.23886243 0.22105478
 0.19837585 0.1855685  0.17625834 0.15340619 0.15002438 0.14750016
 0.1404889  0.14453816 0.19804195 0.20505393 0.20679893 0.22675392
 0.22707768 0.23785873 0.24371912 0.24930258 0.23550512 0.23900229
 0.25285724 0.2580193  0.2741262  0.2821141  0.2831312  0.28752673
 0.30170473 0.3112908  0.3405976  0.33656618 0.33044946 0.33992115
 0.3375     0.32578638 0.3165938  0.32769516 0.3434085  0.3519185
 0.36066377 0.35236496 0.33763388 0.33890617 0.33929923 0.3452057
 0.34459767 0.32911372 0.33221152 0.32680282 0.3077021  0.29826823
 0.29421815 0.25456008 0.24493602 0.23234963 0.20689946 0.2036966
 0.19666885 0.18853404 0.17357372 0.17250744 0.17933817 0.16469617
 0.16168098 0.1659145  0.16914256 0.15062825 0.15183257 0.1526957
 0.16556317 0.1655259  0.15823984 0.14469366 0.1509887  0.17034805
 0.16613628 0.16640288 0.16640288]
Returns:
[ 0.71079527  0.75891726  0.7692874   0.74832523  0.76033658  0.82759481
  0.68119648  0.66919772  0.5414976   0.60679927  0.5963546   0.65300213
  0.56034659  0.55930162  0.59946882  0.66311484  0.65930639  0.72171787
  0.72087228  0.56499732  0.59586689  0.55847366  0.61199748  0.45759451
  0.5006132   0.254331    0.20478512  0.1976573   0.11922141  0.06680944
 -0.08278003 -0.13467927 -0.19559736 -0.17532631 -0.18826701 -0.18268772
 -0.45606609 -0.38067663 -0.38435558 -0.31421421 -0.23473104 -0.24682831
 -0.41315103 -0.31485753 -0.23358055 -0.12015558 -0.31381231 -0.28589066
 -0.20277132 -0.07881681 -0.18503821 -0.26156532 -0.56940366 -0.70987929
 -0.81338061 -0.77884186 -0.78988167 -0.72464438 -0.75689146 -0.67991825
 -0.65395746 -0.56493844 -0.53268566 -0.446421   -0.36918474 -0.4022704
 -0.31768061 -0.27534769 -0.21915998 -0.21299445 -0.21738214 -0.28261829
 -0.28566716 -0.20081963 -0.14117418 -0.15212059 -0.07177961 -0.05158914
 -0.17723988 -0.06977776  0.03638013 -0.05829766  0.03068344  0.1172358
  0.21918167  0.22618065  0.31648672  0.00960739  0.01183596  0.08590952
  0.15236275  0.2149088   0.1291721   0.0648037   0.02205407 -0.06009656
 -0.30706073 -0.32700069 -0.36293025 -0.41471321 -0.57931066 -0.71062095
 -0.79534009 -0.79948862 -0.92899518 -0.94923589 -0.95218706 -0.90682275
 -0.9328003  -0.87205951 -0.89248251 -1.04743561 -1.05385059 -1.04579307
 -0.98892232 -0.91160595 -0.83999282 -1.03762796 -0.9796134  -1.09063579
 -1.08275748 -1.04867289 -1.24696127 -1.25383839 -1.30548958 -1.25662099
 -1.21970169 -1.14606109 -1.11972993 -1.15849429 -1.18829653 -1.40407296
 -1.41416681 -1.37177668 -1.38232442 -1.32554829 -1.34091626 -1.40434325
 -1.32798948 -1.28495005 -1.27525998 -1.20974975 -1.25998837 -1.18002835
 -1.13634621 -1.06357461 -1.0099709  -0.97763585 -0.89131912 -0.79158002
 -0.69594621 -0.58032048 -0.62194027 -0.56686523 -0.54982526 -0.44008124
 -0.36303069 -0.37532368 -0.32742165 -0.44511605 -0.37398314 -0.33206926
 -0.44294946 -0.37305121 -0.38334235 -0.26592803 -0.17776119 -0.42095623
 -0.33380832 -0.41624021 -0.40372917 -0.32091589 -0.29316668 -0.18842175
 -0.06425584 -0.67232446 -0.87362231 -0.79045843 -0.89249202 -0.87261469
 -0.84565985 -0.78499392 -0.72701075 -0.65439773 -0.70698751 -0.64980884
 -0.54556089 -0.46749328 -0.37462032 -0.38942388 -0.30345757 -0.27108755
 -0.27898732 -0.16793963 -0.05661415 -0.04249204 -0.06557058 -0.11790939
 -0.09753544 -0.01399003]
Advants:
[ 0.18827895  0.24708852  0.27332585  0.27027594  0.29902203  0.38085937
  0.23935601  0.22612129  0.08777622  0.16491212  0.15174138  0.21324316
  0.11415286  0.12246097  0.17534129  0.24812538  0.25938581  0.33906454
  0.35398365  0.20037866  0.24642782  0.21515203  0.2854524   0.13837809
  0.20467777 -0.03874033 -0.08387401 -0.07096843 -0.13695224 -0.16276523
 -0.31220246 -0.3338735  -0.37553723 -0.33811938 -0.33866831 -0.32654638
 -0.58831697 -0.4964519  -0.49671301 -0.40543917 -0.31385273 -0.3075222
 -0.45972247 -0.35077994 -0.24739474 -0.11365699 -0.28374502 -0.25087126
 -0.14997343 -0.01664749 -0.09749507 -0.17799657 -0.48361986 -0.63609641
 -0.76426729 -0.72921761 -0.74229091 -0.69146344 -0.73584671 -0.67406278
 -0.65724886 -0.58324677 -0.55660105 -0.48079958 -0.4084507  -0.46050583
 -0.38689569 -0.34187462 -0.29494016 -0.28183162 -0.29630702 -0.35828538
 -0.35168449 -0.27221927 -0.21041192 -0.22006777 -0.1352284  -0.10734676
 -0.24948239 -0.14293762 -0.03598102 -0.14201001 -0.03760355  0.0661872
  0.17455659  0.20492568  0.31795128  0.03185271  0.03556717  0.11413784
  0.19180637  0.26565854  0.20088704  0.15720877  0.12076833  0.04023358
 -0.19766298 -0.22329158 -0.25935427 -0.31497116 -0.46832956 -0.6010646
 -0.6960058  -0.69295521 -0.80833446 -0.82626154 -0.82582774 -0.78017538
 -0.80723226 -0.74569427 -0.76645324 -0.91532379 -0.917164   -0.90316593
 -0.84968949 -0.7686932  -0.68786735 -0.86143169 -0.79125573 -0.90610139
 -0.88174375 -0.82591073 -1.02634278 -1.01243154 -1.05335047 -0.99054849
 -0.93331133 -0.84675191 -0.80988734 -0.8249642  -0.85129528 -1.07104594
 -1.08127588 -1.04950546 -1.1226681  -1.08125212 -1.10795371 -1.20431994
 -1.14002884 -1.11951168 -1.12830498 -1.08022311 -1.13064524 -1.06698953
 -1.050138   -0.99451846 -0.96887334 -0.95663448 -0.88183655 -0.79494043
 -0.72013247 -0.6180274  -0.69541737 -0.64149684 -0.62325169 -0.52520807
 -0.44569706 -0.44625169 -0.38736441 -0.51819818 -0.4632762  -0.4293792
 -0.55216929 -0.47498799 -0.47151297 -0.35282609 -0.259576   -0.51043885
 -0.42188021 -0.49002764 -0.4816249  -0.39177101 -0.34170117 -0.22049687
 -0.08069147 -0.65410508 -0.85713612 -0.77074926 -0.85986229 -0.84966524
 -0.82861229 -0.77171476 -0.7094325  -0.64504387 -0.71638427 -0.65527765
 -0.55632384 -0.48922339 -0.40411324 -0.40520876 -0.32304096 -0.29337484
 -0.31678192 -0.20512608 -0.08222664 -0.04904944 -0.07335329 -0.14176732
 -0.1128573  -0.02231018]
Mus:
[[-2.58864667e-02 -1.10398931e-02]
 [-2.62598637e-02 -1.12774754e-02]
 [-2.67580468e-02 -1.17164236e-02]
 [-2.66831219e-02 -1.18105430e-02]
 [-2.64215712e-02 -1.16979852e-02]
 [-2.57834997e-02 -1.17573868e-02]
 [-2.64134221e-02 -1.15357479e-02]
 [-2.58460715e-02 -1.18340896e-02]
 [-2.52407640e-02 -1.15021328e-02]
 [-2.54791006e-02 -1.16971368e-02]
 [-2.48570293e-02 -1.16405431e-02]
 [-2.46975832e-02 -1.17774764e-02]
 [-2.38086395e-02 -1.12024881e-02]
 [-2.44349595e-02 -1.19568026e-02]
 [-2.43120044e-02 -1.22171678e-02]
 [-2.34518014e-02 -1.19920317e-02]
 [-2.30009388e-02 -1.23297786e-02]
 [-2.12130714e-02 -1.16390381e-02]
 [-1.95410028e-02 -1.06303124e-02]
 [-1.90032404e-02 -1.12080192e-02]
 [-1.66286677e-02 -1.00725703e-02]
 [-1.57332253e-02 -1.03285667e-02]
 [-1.35357166e-02 -9.26607568e-03]
 [-1.27221560e-02 -1.00022787e-02]
 [-9.72201396e-03 -8.70969705e-03]
 [-7.43959099e-03 -7.34998705e-03]
 [-6.41886564e-03 -7.28271203e-03]
 [-4.73990990e-03 -6.28350815e-03]
 [-4.72051604e-03 -6.85777608e-03]
 [-2.75286310e-03 -5.97436400e-03]
 [-4.30010539e-03 -7.21286610e-03]
 [-2.28655664e-03 -6.19386649e-03]
 [ 1.08369393e-03 -4.19894094e-03]
 [ 3.04990052e-03 -2.99790502e-03]
 [ 1.89789501e-03 -4.02189093e-03]
 [ 1.99259166e-03 -4.42469260e-03]
 [ 2.16963142e-03 -5.32155065e-03]
 [ 4.99328878e-03 -4.22979146e-03]
 [ 8.99510365e-03 -2.21657101e-03]
 [ 1.17090251e-02 -9.12936055e-04]
 [ 1.35703450e-02 -4.14881768e-04]
 [ 1.72574036e-02  1.81441673e-03]
 [ 2.00726278e-02  4.20168554e-03]
 [ 2.02809852e-02  4.64754552e-03]
 [ 2.02140678e-02  4.87310020e-03]
 [ 2.03914400e-02  5.25101926e-03]
 [ 2.21866388e-02  7.52737653e-03]
 [ 2.07528658e-02  6.19941344e-03]
 [ 2.11042743e-02  6.79462356e-03]
 [ 2.09474918e-02  6.66567869e-03]
 [ 2.09344663e-02  6.93664141e-03]
 [ 2.18406878e-02  7.65261613e-03]
 [ 2.21686549e-02  9.42334812e-03]
 [ 2.12858692e-02  7.73124769e-03]
 [ 2.06478350e-02  6.82512904e-03]
 [ 2.00788230e-02  6.94754487e-03]
 [ 1.93939898e-02  7.10894912e-03]
 [ 1.92702971e-02  7.19841151e-03]
 [ 1.81436297e-02  7.65662454e-03]
 [ 1.69641264e-02  7.05873687e-03]
 [ 1.54715925e-02  6.11944590e-03]
 [ 1.47938868e-02  5.80061972e-03]
 [ 1.35566667e-02  5.17012924e-03]
 [ 1.30689032e-02  4.75038122e-03]
 [ 1.25274975e-02  4.68059210e-03]
 [ 1.28331967e-02  4.26815078e-03]
 [ 1.25107011e-02  4.06986568e-03]
 [ 1.18303169e-02  3.62100289e-03]
 [ 1.17905270e-02  3.17481277e-03]
 [ 1.13648009e-02  3.05153942e-03]
 [ 1.17612137e-02  2.44428823e-03]
 [ 1.15870079e-02  1.79290609e-03]
 [ 1.20311137e-02  2.53338180e-03]
 [ 1.31738214e-02  3.12117115e-03]
 [ 1.38045317e-02  4.07801289e-03]
 [ 1.38442041e-02  5.20089781e-03]
 [ 1.33887716e-02  5.09542413e-03]
 [ 1.33012123e-02  4.98433318e-03]
 [ 1.35623384e-02  3.81962117e-03]
 [ 1.44871948e-02  4.20894055e-03]
 [ 1.54627459e-02  4.55449848e-03]
 [ 1.71852093e-02  5.69321401e-03]
 [ 1.62646659e-02  5.46401739e-03]
 [ 1.54836588e-02  5.36658755e-03]
 [ 1.58839710e-02  5.44640096e-03]
 [ 1.53576229e-02  6.15561148e-03]
 [ 1.43706417e-02  6.02704240e-03]
 [ 1.38904369e-02  7.55370641e-03]
 [ 1.32664470e-02  6.71683438e-03]
 [ 1.35797895e-02  6.70667179e-03]
 [ 1.38572520e-02  7.05303019e-03]
 [ 1.37202432e-02  6.71514869e-03]
 [ 1.36042470e-02  7.04361871e-03]
 [ 1.33062648e-02  7.62041053e-03]
 [ 1.45400241e-02  7.62462988e-03]
 [ 1.46380318e-02  7.63356127e-03]
 [ 1.28301522e-02  7.77726248e-03]
 [ 1.43915005e-02  7.62944343e-03]
 [ 1.33485664e-02  7.52032688e-03]
 [ 1.49783585e-02  7.29281269e-03]
 [ 1.42528806e-02  7.09987339e-03]
 [ 1.52863106e-02  6.38902187e-03]
 [ 1.46362567e-02  5.96688921e-03]
 [ 1.41698932e-02  5.39352838e-03]
 [ 1.44824637e-02  5.07750688e-03]
 [ 1.39405997e-02  4.23741434e-03]
 [ 1.31416442e-02  3.34660057e-03]
 [ 1.17769511e-02  3.04935151e-03]
 [ 1.05478540e-02  3.22333118e-03]
 [ 9.23899096e-03  2.77642743e-03]
 [ 8.35941080e-03  2.89873406e-03]
 [ 7.45802699e-03  2.68435967e-03]
 [ 6.08274573e-03  1.61461206e-03]
 [ 4.59725130e-03  5.91836812e-04]
 [ 2.85450346e-03  7.87575191e-05]
 [ 8.47515417e-04 -7.74228363e-04]
 [-9.49210604e-04 -1.45288103e-03]
 [-2.29761214e-03 -2.19613942e-03]
 [-4.31872066e-03 -3.14871501e-03]
 [-6.41130330e-03 -3.48615763e-03]
 [-6.52120775e-03 -3.37070087e-03]
 [-8.06968194e-03 -4.06091614e-03]
 [-6.47744304e-03 -2.75174342e-03]
 [-5.71451196e-03 -2.28134054e-03]
 [-2.88987136e-03 -5.75498503e-04]
 [-2.13888288e-03 -1.42433433e-04]
 [-1.71751063e-03 -1.60299169e-04]
 [-4.76363057e-04  5.21352573e-04]
 [-4.15253417e-05  7.20536686e-04]
 [ 1.11333688e-03  1.09190156e-03]
 [ 2.20485544e-03  2.21568090e-03]
 [ 4.02987283e-03  3.87860183e-03]
 [ 5.27592842e-03  4.81436262e-03]
 [ 5.33093652e-03  4.92624659e-03]
 [ 5.99302631e-03  3.28360777e-03]
 [ 5.90249849e-03  2.82262801e-03]
 [ 3.55848367e-03  1.35898660e-03]
 [ 2.51669483e-03  7.33242545e-04]
 [ 1.59531878e-03  3.78680357e-04]
 [ 1.07768434e-03  1.66618891e-04]
 [ 2.15704879e-03  9.38926416e-04]
 [ 2.41398136e-03  1.11056527e-03]
 [ 3.71963321e-03  1.94605405e-03]
 [ 4.04322566e-03  2.11816910e-03]
 [ 3.84193286e-03  1.92398741e-03]
 [ 2.80518574e-03  1.24034705e-03]
 [ 2.79734819e-03  1.31255970e-03]
 [ 7.52763182e-04  4.40040276e-05]
 [-1.18449260e-03 -8.99663952e-04]
 [-2.43426021e-03 -1.39733672e-03]
 [-4.04963316e-03 -2.06829887e-03]
 [-5.64264180e-03 -2.74967728e-03]
 [-6.72764331e-03 -3.16162058e-03]
 [-7.84418080e-03 -3.61262262e-03]
 [-8.25570337e-03 -3.64053785e-03]
 [-9.37350839e-03 -4.25161980e-03]
 [-9.97334532e-03 -4.38432442e-03]
 [-1.06868651e-02 -4.55432478e-03]
 [-1.12881316e-02 -4.78298916e-03]
 [-1.43823288e-02 -6.54881494e-03]
 [-1.51017793e-02 -6.89923856e-03]
 [-1.40465498e-02 -6.02072105e-03]
 [-1.12206647e-02 -4.24385257e-03]
 [-1.25163356e-02 -5.07299136e-03]
 [-1.42679662e-02 -5.99183980e-03]
 [-1.45186745e-02 -6.02767570e-03]
 [-1.63443573e-02 -6.99184742e-03]
 [-1.30212726e-02 -4.97493288e-03]
 [-1.30952932e-02 -5.05781360e-03]
 [-1.25001520e-02 -4.66777012e-03]
 [-1.20417979e-02 -4.51130373e-03]
 [-1.10018011e-02 -3.93402996e-03]
 [-1.22898500e-02 -4.78620362e-03]
 [-1.19746830e-02 -4.56403475e-03]
 [-1.16093894e-02 -4.31483379e-03]
 [-1.06895370e-02 -3.91042884e-03]
 [-1.31292045e-02 -5.27473539e-03]
 [-1.32938577e-02 -5.34009794e-03]
 [-1.52665051e-02 -6.62293751e-03]
 [-1.44325513e-02 -5.90406451e-03]
 [-1.35871554e-02 -5.15938364e-03]
 [-1.45665547e-02 -5.62785752e-03]
 [-1.64871030e-02 -6.66382862e-03]
 [-1.76984258e-02 -6.99694501e-03]
 [-1.97771136e-02 -7.90877361e-03]
 [-2.19004564e-02 -8.98744538e-03]
 [-2.34741960e-02 -9.56637412e-03]
 [-2.48097647e-02 -9.93814133e-03]
 [-2.67389975e-02 -1.08239716e-02]
 [-2.89923698e-02 -1.22020897e-02]
 [-3.06393411e-02 -1.26117337e-02]
 [-3.38207968e-02 -1.43548558e-02]
 [-3.69497947e-02 -1.57193169e-02]
 [-3.85944396e-02 -1.63555369e-02]
 [-4.02800925e-02 -1.71928834e-02]
 [-4.14770991e-02 -1.81786306e-02]
 [-4.48468402e-02 -2.03036219e-02]
 [-4.87596951e-02 -2.20989231e-02]
 [-4.95915525e-02 -2.31771711e-02]
 [-4.97087948e-02 -2.37667765e-02]]
Actions:
[[-0.14299426 -0.05503844]
 [-0.28903625 -0.09361307]
 [-0.28171035 -0.21100556]
 [-0.13325587 -0.23094563]
 [-0.10223359 -0.03516351]
 [ 0.34699156 -0.1424693 ]
 [ 0.06037877  0.27645814]
 [ 0.32943172  0.14233549]
 [-0.11049579 -0.07111496]
 [ 0.12099331  0.18869232]
 [ 0.0031389   0.14216015]
 [ 0.31317496  0.09951443]
 [-0.25914723  0.18452367]
 [-0.25822706  0.01843931]
 [-0.04839413  0.04592382]
 [-0.31258106  0.15299552]
 [-0.09611606 -0.07996562]
 [ 0.1119908  -0.17832197]
 [-0.11851788  0.49518078]
 [-0.01827706 -0.15113882]
 [-0.07556553  0.33038072]
 [ 0.08431584 -0.05450505]
 [-0.35347678  0.36803518]
 [-0.05690373 -0.10932541]
 [ 0.46701679  0.10110051]
 [ 0.00182674  0.27574213]
 [-0.02687498 -0.18844907]
 [-0.30801785  0.19802146]
 [-0.24768992 -0.19553032]
 [-0.00475415  0.45062417]
 [-0.22296929 -0.2371426 ]
 [ 0.2152168  -0.19836141]
 [ 0.10408972 -0.10001463]
 [-0.21033783  0.19337649]
 [ 0.04073144  0.27178765]
 [-0.35082753  0.4878045 ]
 [ 0.01282703 -0.16041892]
 [ 0.32391096  0.08390622]
 [-0.01185094 -0.20273585]
 [ 0.04348129  0.20182041]
 [ 0.34196937 -0.15906607]
 [ 0.45407138 -0.28830117]
 [ 0.14605028 -0.04699362]
 [-0.07583726 -0.16669403]
 [ 0.02828437 -0.11385892]
 [ 0.29164938 -0.47139101]
 [-0.24377483  0.13413619]
 [ 0.01289275 -0.18843862]
 [ 0.05327578  0.06121112]
 [-0.30392452 -0.34072184]
 [ 0.4321302   0.16504239]
 [ 0.39694813 -0.49584814]
 [-0.30401149  0.35394249]
 [ 0.18524366  0.41303598]
 [-0.02176613 -0.21665165]
 [-0.07816279 -0.28557633]
 [ 0.16297175  0.02950694]
 [ 0.21535262 -0.26092678]
 [-0.0609179  -0.01137303]
 [-0.22257527 -0.01397424]
 [ 0.02865272  0.02877549]
 [-0.20924881 -0.08676911]
 [-0.05816192  0.05476321]
 [-0.08509632 -0.10728882]
 [ 0.15375908  0.32043315]
 [ 0.09500286  0.08339713]
 [-0.21779659 -0.08006704]
 [ 0.06139235  0.21238966]
 [-0.24202975 -0.18275094]
 [ 0.01479548  0.32820942]
 [-0.39905548 -0.00802384]
 [-0.10918358 -0.30492185]
 [ 0.15651903  0.07181495]
 [ 0.19761476 -0.13003142]
 [ 0.22453173 -0.26929792]
 [-0.13899666 -0.09182832]
 [-0.27141257 -0.10530588]
 [-0.01780036  0.48745474]
 [ 0.08565606  0.06118641]
 [ 0.1056325   0.09501403]
 [ 0.45703826  0.11917763]
 [-0.09692951 -0.13082456]
 [-0.09654264 -0.15394936]
 [ 0.13170042  0.11305085]
 [ 0.06336931 -0.33861812]
 [-0.09067308 -0.14997071]
 [ 0.24824767 -0.56044199]
 [-0.2539749   0.08772287]
 [ 0.0458073   0.05933424]
 [ 0.02696123 -0.11239634]
 [-0.04107559  0.08443347]
 [-0.23844646 -0.31128241]
 [-0.05718145 -0.33804171]
 [-0.29961502 -0.02796281]
 [ 0.3246492   0.17715675]
 [ 0.01328137 -0.5053158 ]
 [-0.16096307  0.15894975]
 [ 0.02885686 -0.20297516]
 [-0.02728212  0.3058719 ]
 [-0.26872442 -0.31203491]
 [-0.20567548  0.36373068]
 [ 0.23713169  0.22106438]
 [-0.19460986  0.00420629]
 [-0.39429042 -0.14133655]
 [-0.16179003  0.17597826]
 [-0.18852673  0.15553711]
 [ 0.1176671   0.01235452]
 [ 0.20399398 -0.16457305]
 [ 0.07551691  0.02715478]
 [ 0.21060746 -0.17867464]
 [-0.16304855 -0.41359014]
 [-0.25856558  0.05840897]
 [-0.23880103  0.07172577]
 [ 0.09754994 -0.06247983]
 [-0.01245041  0.02333098]
 [-0.01855919 -0.06533267]
 [-0.42156037 -0.30591469]
 [-0.02639221  0.13818815]
 [ 0.41062714  0.04376871]
 [-0.11308983 -0.22624503]
 [-0.1203817   0.16885357]
 [ 0.47815525 -0.14553559]
 [-0.16854061 -0.21678821]
 [ 0.18027921 -0.27965109]
 [ 0.00811936  0.14099612]
 [-0.15969454  0.1082764 ]
 [ 0.05417155  0.00727561]
 [ 0.04120144  0.22773696]
 [-0.26407437 -0.22744699]
 [ 0.27334475 -0.18579555]
 [ 0.2764767  -0.45520839]
 [-0.06667623 -0.27477157]
 [ 0.11803341 -0.13082756]
 [ 0.18625943 -0.21369853]
 [-0.02057265  0.13189714]
 [-0.15856455  0.25547574]
 [ 0.18603378  0.32055507]
 [-0.0129057  -0.02427088]
 [ 0.13770691  0.13082038]
 [ 0.21701947 -0.15004741]
 [ 0.13161427  0.00472774]
 [ 0.02800827 -0.35668507]
 [ 0.06316501 -0.01461645]
 [ 0.09717891  0.18369791]
 [-0.10317237  0.09957877]
 [ 0.17267345  0.10804364]
 [-0.16379943  0.19834192]
 [-0.14039176 -0.02518831]
 [-0.0528806  -0.07286623]
 [ 0.05791206  0.10697616]
 [-0.01141841  0.0381899 ]
 [ 0.25936045  0.2920489 ]
 [-0.15164792 -0.20831097]
 [-0.12175954 -0.29296136]
 [-0.01751714  0.10660556]
 [-0.08020505 -0.20240204]
 [-0.17330766 -0.32499337]
 [-0.15961046 -0.22271174]
 [-0.08505808  0.4749894 ]
 [ 0.09380279  0.18964668]
 [ 0.18823932 -0.19115223]
 [ 0.28597895 -0.36365564]
 [-0.2306623   0.0450018 ]
 [-0.32666557 -0.1681322 ]
 [ 0.01748155 -0.01840127]
 [-0.0801082   0.17991352]
 [ 0.28700366 -0.50884441]
 [ 0.03005359  0.16964976]
 [-0.1048127  -0.43013316]
 [ 0.12622702  0.28010664]
 [ 0.05508022 -0.16530524]
 [-0.32004406  0.03215298]
 [-0.02640589 -0.13715445]
 [ 0.06030605  0.01126893]
 [-0.47933599 -0.7054205 ]
 [-0.08458427  0.52943337]
 [-0.09260601 -0.06574287]
 [-0.45577722  0.01308948]
 [ 0.19409612 -0.15707996]
 [ 0.16323349 -0.17396838]
 [ 0.01373188  0.17520378]
 [-0.19382229  0.08447048]
 [ 0.11323349  0.09916555]
 [ 0.07204631  0.37275551]
 [-0.22753383 -0.06324844]
 [ 0.01750574  0.01275111]
 [ 0.13376234  0.07520757]
 [-0.00260054  0.13476253]
 [-0.38692359 -0.03665436]
 [ 0.13589632 -0.03040969]
 [-0.17281751  0.24276528]
 [ 0.16324831  0.27873011]
 [ 0.04889557 -0.01388707]
 [-0.14522139 -0.07638779]
 [-0.36614232 -0.11717429]
 [-0.21294116  0.3303877 ]
 [ 0.21115658  0.31133823]
 [-0.36913063 -0.00798419]
 [-0.25499153 -0.02054178]
 [-0.2432971   0.25273932]]
States:
[[0.99983739 0.99969101 0.496607   0.51691702 0.51339264 0.59730624]
 [0.99975745 0.99972893 0.4937391  0.51584514 0.47672393 0.58289478]
 [0.99927564 0.99984833 0.48221993 0.51185322 0.40333132 0.55867431]
 ...
 [0.95517037 0.11607295 0.7199389  0.11484543 0.17192929 0.80834688]
 [0.97655309 0.14287299 0.66339336 0.09557588 0.08396063 0.80208528]
 [0.99314028 0.16984702 0.59347094 0.07854095 0.02702804 0.79266001]]
Logstds:
[[-3. -3.]
 [-3. -3.]
 [-3. -3.]
 [-3. -3.]
 [-3. -3.]
 [-3. -3.]
 [-3. -3.]
 [-3. -3.]
 [-3. -3.]
 [-3. -3.]
 [-3. -3.]
 [-3. -3.]
 [-3. -3.]
 [-3. -3.]
 [-3. -3.]
 [-3. -3.]
 [-3. -3.]
 [-3. -3.]
 [-3. -3.]
 [-3. -3.]
 [-3. -3.]
 [-3. -3.]
 [-3. -3.]
 [-3. -3.]
 [-3. -3.]
 [-3. -3.]
 [-3. -3.]
 [-3. -3.]
 [-3. -3.]
 [-3. -3.]
 [-3. -3.]
 [-3. -3.]
 [-3. -3.]
 [-3. -3.]
 [-3. -3.]
 [-3. -3.]
 [-3. -3.]
 [-3. -3.]
 [-3. -3.]
 [-3. -3.]
 [-3. -3.]
 [-3. -3.]
 [-3. -3.]
 [-3. -3.]
 [-3. -3.]
 [-3. -3.]
 [-3. -3.]
 [-3. -3.]
 [-3. -3.]
 [-3. -3.]
 [-3. -3.]
 [-3. -3.]
 [-3. -3.]
 [-3. -3.]
 [-3. -3.]
 [-3. -3.]
 [-3. -3.]
 [-3. -3.]
 [-3. -3.]
 [-3. -3.]
 [-3. -3.]
 [-3. -3.]
 [-3. -3.]
 [-3. -3.]
 [-3. -3.]
 [-3. -3.]
 [-3. -3.]
 [-3. -3.]
 [-3. -3.]
 [-3. -3.]
 [-3. -3.]
 [-3. -3.]
 [-3. -3.]
 [-3. -3.]
 [-3. -3.]
 [-3. -3.]
 [-3. -3.]
 [-3. -3.]
 [-3. -3.]
 [-3. -3.]
 [-3. -3.]
 [-3. -3.]
 [-3. -3.]
 [-3. -3.]
 [-3. -3.]
 [-3. -3.]
 [-3. -3.]
 [-3. -3.]
 [-3. -3.]
 [-3. -3.]
 [-3. -3.]
 [-3. -3.]
 [-3. -3.]
 [-3. -3.]
 [-3. -3.]
 [-3. -3.]
 [-3. -3.]
 [-3. -3.]
 [-3. -3.]
 [-3. -3.]
 [-3. -3.]
 [-3. -3.]
 [-3. -3.]
 [-3. -3.]
 [-3. -3.]
 [-3. -3.]
 [-3. -3.]
 [-3. -3.]
 [-3. -3.]
 [-3. -3.]
 [-3. -3.]
 [-3. -3.]
 [-3. -3.]
 [-3. -3.]
 [-3. -3.]
 [-3. -3.]
 [-3. -3.]
 [-3. -3.]
 [-3. -3.]
 [-3. -3.]
 [-3. -3.]
 [-3. -3.]
 [-3. -3.]
 [-3. -3.]
 [-3. -3.]
 [-3. -3.]
 [-3. -3.]
 [-3. -3.]
 [-3. -3.]
 [-3. -3.]
 [-3. -3.]
 [-3. -3.]
 [-3. -3.]
 [-3. -3.]
 [-3. -3.]
 [-3. -3.]
 [-3. -3.]
 [-3. -3.]
 [-3. -3.]
 [-3. -3.]
 [-3. -3.]
 [-3. -3.]
 [-3. -3.]
 [-3. -3.]
 [-3. -3.]
 [-3. -3.]
 [-3. -3.]
 [-3. -3.]
 [-3. -3.]
 [-3. -3.]
 [-3. -3.]
 [-3. -3.]
 [-3. -3.]
 [-3. -3.]
 [-3. -3.]
 [-3. -3.]
 [-3. -3.]
 [-3. -3.]
 [-3. -3.]
 [-3. -3.]
 [-3. -3.]
 [-3. -3.]
 [-3. -3.]
 [-3. -3.]
 [-3. -3.]
 [-3. -3.]
 [-3. -3.]
 [-3. -3.]
 [-3. -3.]
 [-3. -3.]
 [-3. -3.]
 [-3. -3.]
 [-3. -3.]
 [-3. -3.]
 [-3. -3.]
 [-3. -3.]
 [-3. -3.]
 [-3. -3.]
 [-3. -3.]
 [-3. -3.]
 [-3. -3.]
 [-3. -3.]
 [-3. -3.]
 [-3. -3.]
 [-3. -3.]
 [-3. -3.]
 [-3. -3.]
 [-3. -3.]
 [-3. -3.]
 [-3. -3.]
 [-3. -3.]
 [-3. -3.]
 [-3. -3.]
 [-3. -3.]
 [-3. -3.]
 [-3. -3.]
 [-3. -3.]
 [-3. -3.]
 [-3. -3.]
 [-3. -3.]]
