Baseline:
[-13.5791645 -13.914883  -14.249973  -13.914883  -14.211055  -14.546145
 -14.249973  -14.249973  -14.546145  -14.249973  -14.249973  -13.953802
 -14.249973  -13.953802  -14.249973  -14.546145  -14.249973  -13.914883
 -13.5791645 -13.874604  -13.541276  -13.874604  -13.541276  -13.20795
 -13.20795   -13.20795  ]
Returns:
[-26.07614383 -25.59054409 -25.01725057 -24.27704513 -23.807328
 -23.0995659  -22.35824739 -21.55377851 -20.88440065 -20.0264945
 -19.09930179 -18.19188793 -17.38417897 -16.38649548 -15.48376587
 -14.49491365 -13.30071871 -11.94385371 -10.58042636  -9.44551759
  -7.96754315  -6.55018383  -4.9198234   -3.26957853  -1.60049057]
Advants:
[-12.6317494  -12.18301528 -11.65086001 -11.64149481 -11.28138043
 -10.64661595 -10.63055427 -10.26684276  -9.74973379  -9.65726924
  -9.21064632  -9.10200705  -8.50940477  -8.3410287   -7.68360081
  -6.94643271  -6.6151628   -6.17682068  -5.75045941  -4.92844887
  -4.40856181  -3.28170986  -2.62154172  -1.95501034  -0.94009304]
Mus:
[[0.2725661  0.28009844 0.25645533 0.1908801 ]
 [0.27166337 0.28295982 0.255776   0.18960084]
 [0.2706434  0.28583634 0.2552865  0.18823378]
 [0.27166337 0.28295982 0.255776   0.18960084]
 [0.27305228 0.28239107 0.25450468 0.19005197]
 [0.27188736 0.28559473 0.2541659  0.18835205]
 [0.2706434  0.28583634 0.2552865  0.18823378]
 [0.2706434  0.28583634 0.2552865  0.18823378]
 [0.27188736 0.28559473 0.2541659  0.18835205]
 [0.2706434  0.28583634 0.2552865  0.18823378]
 [0.2706434  0.28583634 0.2552865  0.18823378]
 [0.26870295 0.2868224  0.25630587 0.18816872]
 [0.2706434  0.28583634 0.2552865  0.18823378]
 [0.26870295 0.2868224  0.25630587 0.18816872]
 [0.2706434  0.28583634 0.2552865  0.18823378]
 [0.27188736 0.28559473 0.2541659  0.18835205]
 [0.2706434  0.28583634 0.2552865  0.18823378]
 [0.27166337 0.28295982 0.255776   0.18960084]
 [0.2725661  0.28009844 0.25645533 0.1908801 ]
 [0.27422976 0.27943453 0.254839   0.19149671]
 [0.27471393 0.27707157 0.25590095 0.19231355]
 [0.27422976 0.27943453 0.254839   0.19149671]
 [0.27471393 0.27707157 0.25590095 0.19231355]
 [0.27496335 0.27492574 0.2571114  0.19299944]
 [0.27496335 0.27492574 0.2571114  0.19299944]]
Actions:
[[0. 1. 0. 0.]
 [0. 1. 0. 0.]
 [0. 0. 0. 1.]
 [1. 0. 0. 0.]
 [0. 1. 0. 0.]
 [0. 0. 1. 0.]
 [0. 1. 0. 0.]
 [1. 0. 0. 0.]
 [0. 0. 1. 0.]
 [0. 1. 0. 0.]
 [0. 0. 1. 0.]
 [1. 0. 0. 0.]
 [0. 0. 1. 0.]
 [1. 0. 0. 0.]
 [1. 0. 0. 0.]
 [0. 0. 1. 0.]
 [0. 0. 0. 1.]
 [0. 0. 0. 1.]
 [1. 0. 0. 0.]
 [0. 0. 0. 1.]
 [0. 1. 0. 0.]
 [0. 0. 0. 1.]
 [0. 0. 0. 1.]
 [0. 0. 0. 1.]
 [0. 0. 1. 0.]]
States:
[[0.9 0.8]
 [0.9 0.9]
 [0.9 1. ]
 [0.9 0.9]
 [1.  0.9]
 [1.  1. ]
 [0.9 1. ]
 [0.9 1. ]
 [1.  1. ]
 [0.9 1. ]
 [0.9 1. ]
 [0.8 1. ]
 [0.9 1. ]
 [0.8 1. ]
 [0.9 1. ]
 [1.  1. ]
 [0.9 1. ]
 [0.9 0.9]
 [0.9 0.8]
 [1.  0.8]
 [1.  0.7]
 [1.  0.8]
 [1.  0.7]
 [1.  0.6]
 [1.  0.6]]
Logstds:
[[0. 0. 0. 0.]
 [0. 0. 0. 0.]
 [0. 0. 0. 0.]
 [0. 0. 0. 0.]
 [0. 0. 0. 0.]
 [0. 0. 0. 0.]
 [0. 0. 0. 0.]
 [0. 0. 0. 0.]
 [0. 0. 0. 0.]
 [0. 0. 0. 0.]
 [0. 0. 0. 0.]
 [0. 0. 0. 0.]
 [0. 0. 0. 0.]
 [0. 0. 0. 0.]
 [0. 0. 0. 0.]
 [0. 0. 0. 0.]
 [0. 0. 0. 0.]
 [0. 0. 0. 0.]
 [0. 0. 0. 0.]
 [0. 0. 0. 0.]
 [0. 0. 0. 0.]
 [0. 0. 0. 0.]
 [0. 0. 0. 0.]
 [0. 0. 0. 0.]
 [0. 0. 0. 0.]]
