Baseline:
[-5.7561255 -5.5430446 -5.343616  -5.516651  -5.697866  -5.8846445
 -6.100046  -5.9088287 -6.100046  -5.9088287 -6.100046  -6.2932234
 -6.0797715 -5.8846445 -6.100046  -6.2932234 -6.4894576 -6.4894576
 -6.4894576 -6.2932234 -6.4894576 -6.702264  -6.5092907 -6.3165054
 -6.5092907 -6.5092907]
Returns:
[-15.28489646 -14.94442685 -14.64672574 -14.50915966 -14.32125591
 -14.08051471 -13.68657418 -13.28304135 -12.93987048 -12.49703746
 -12.11249796 -11.66641879 -11.0282903  -10.49277384  -9.91000483
  -9.34800497  -8.71523397  -7.87958363  -6.9999517   -6.14527688
  -5.34394123  -4.362405    -3.31262782  -2.256142    -1.24422598]
Advants:
[-8.55218151 -8.63236422 -8.75630634 -8.67724321 -8.54797122 -8.36750738
 -8.00742152 -8.05902924 -7.79451954 -7.82799073 -7.5437995  -7.20117573
 -7.0852662  -7.06942014 -6.59875388 -6.17562432 -5.68131314 -5.1830239
 -4.6422868  -4.33124621 -3.67981763 -2.82416491 -2.30840366 -1.78808623
 -0.91876125]
Mus:
[[0.24300815 0.26813772 0.28632778 0.20252633]
 [0.24178542 0.2653497  0.2881169  0.20474795]
 [0.24081329 0.26245892 0.28949165 0.20723614]
 [0.24464242 0.26394394 0.28564692 0.20576672]
 [0.24881975 0.26536024 0.2818042  0.20401584]
 [0.25309172 0.26599646 0.27871954 0.20219229]
 [0.2526539  0.2689793  0.27774104 0.20062578]
 [0.24827895 0.26860222 0.2809211  0.20219773]
 [0.2526539  0.2689793  0.27774104 0.20062578]
 [0.24827895 0.26860222 0.2809211  0.20219773]
 [0.2526539  0.2689793  0.27774104 0.20062578]
 [0.25725248 0.26884857 0.2747546  0.19914436]
 [0.25700617 0.2663656  0.27639094 0.20023732]
 [0.25309172 0.26599646 0.27871954 0.20219229]
 [0.2526539  0.2689793  0.27774104 0.20062578]
 [0.25725248 0.26884857 0.2747546  0.19914436]
 [0.26133934 0.26890627 0.27210242 0.19765206]
 [0.26133934 0.26890627 0.27210242 0.19765206]
 [0.26133934 0.26890627 0.27210242 0.19765206]
 [0.25725248 0.26884857 0.2747546  0.19914436]
 [0.26133934 0.26890627 0.27210242 0.19765206]
 [0.26123327 0.27195993 0.27048087 0.19632599]
 [0.25677955 0.27203348 0.2734272  0.19775978]
 [0.2523132  0.27232686 0.27621904 0.19914082]
 [0.25677955 0.27203348 0.2734272  0.19775978]]
Actions:
[[0. 0. 0. 1.]
 [0. 0. 0. 1.]
 [1. 0. 0. 0.]
 [1. 0. 0. 0.]
 [1. 0. 0. 0.]
 [0. 1. 0. 0.]
 [0. 0. 1. 0.]
 [1. 0. 0. 0.]
 [0. 0. 1. 0.]
 [1. 0. 0. 0.]
 [1. 0. 0. 0.]
 [0. 0. 0. 1.]
 [0. 0. 1. 0.]
 [0. 1. 0. 0.]
 [1. 0. 0. 0.]
 [1. 0. 0. 0.]
 [0. 0. 0. 1.]
 [0. 0. 0. 1.]
 [0. 0. 1. 0.]
 [1. 0. 0. 0.]
 [0. 1. 0. 0.]
 [0. 0. 1. 0.]
 [0. 0. 1. 0.]
 [1. 0. 0. 0.]
 [0. 0. 0. 1.]]
States:
[[0.  0.4]
 [0.  0.3]
 [0.  0.2]
 [0.1 0.2]
 [0.2 0.2]
 [0.3 0.2]
 [0.3 0.3]
 [0.2 0.3]
 [0.3 0.3]
 [0.2 0.3]
 [0.3 0.3]
 [0.4 0.3]
 [0.4 0.2]
 [0.3 0.2]
 [0.3 0.3]
 [0.4 0.3]
 [0.5 0.3]
 [0.5 0.3]
 [0.5 0.3]
 [0.4 0.3]
 [0.5 0.3]
 [0.5 0.4]
 [0.4 0.4]
 [0.3 0.4]
 [0.4 0.4]]
Logstds:
[[0. 0. 0. 0.]
 [0. 0. 0. 0.]
 [0. 0. 0. 0.]
 [0. 0. 0. 0.]
 [0. 0. 0. 0.]
 [0. 0. 0. 0.]
 [0. 0. 0. 0.]
 [0. 0. 0. 0.]
 [0. 0. 0. 0.]
 [0. 0. 0. 0.]
 [0. 0. 0. 0.]
 [0. 0. 0. 0.]
 [0. 0. 0. 0.]
 [0. 0. 0. 0.]
 [0. 0. 0. 0.]
 [0. 0. 0. 0.]
 [0. 0. 0. 0.]
 [0. 0. 0. 0.]
 [0. 0. 0. 0.]
 [0. 0. 0. 0.]
 [0. 0. 0. 0.]
 [0. 0. 0. 0.]
 [0. 0. 0. 0.]
 [0. 0. 0. 0.]
 [0. 0. 0. 0.]]
