Baseline:
[-1.5964712 -1.6579086 -1.720962  -1.720962  -1.6579086 -1.5964712
 -1.6579086 -1.6972739 -1.6370827 -1.6972739 -1.7376875 -1.6773192
 -1.7376875 -1.6972739 -1.7590003 -1.7590003 -1.720962  -1.6579086
 -1.6972739 -1.6579086 -1.720962  -1.6579086 -1.720962  -1.6579086
 -1.5964712 -1.5964712]
Returns:
[-17.56256532 -17.26373396 -16.90744159 -16.490124   -16.04611925
 -15.62211769 -15.2211575  -14.82372417 -14.29853504 -13.78715307
 -13.2735174  -12.62979598 -11.98906116 -11.26576804 -10.55309282
  -9.76143572  -8.9176061   -8.07504778  -7.30150341  -6.37194168
  -5.44239708  -4.41693302  -3.38449324  -2.25071845  -1.10064316]
Advants:
[-12.59761807 -12.43305267 -12.21311217 -11.99928011 -11.82736656
 -11.68043417 -11.43773646 -11.22584404 -10.99053016 -10.65052949
 -10.33064442  -9.9833615   -9.51675496  -9.06722826  -8.52210724
  -7.95477845  -7.36750383  -6.80102226  -6.19414117  -5.49999232
  -4.68944386  -3.89482586  -2.94753777  -2.00453168  -1.02081954]
Mus:
[[0.26445377 0.28340918 0.26194772 0.19018933]
 [0.26390362 0.28572625 0.26089567 0.18947445]
 [0.26350024 0.28802702 0.25979838 0.18867433]
 [0.26350024 0.28802702 0.25979838 0.18867433]
 [0.26390362 0.28572625 0.26089567 0.18947445]
 [0.26445377 0.28340918 0.26194772 0.19018933]
 [0.26390362 0.28572625 0.26089567 0.18947445]
 [0.26682475 0.28523836 0.25864798 0.18928894]
 [0.26765636 0.28250727 0.25977683 0.19005963]
 [0.26682475 0.28523836 0.25864798 0.18928894]
 [0.2695251  0.2841426  0.25720325 0.189129  ]
 [0.27068874 0.28129444 0.25799772 0.1900191 ]
 [0.2695251  0.2841426  0.25720325 0.189129  ]
 [0.26682475 0.28523836 0.25864798 0.18928894]
 [0.26617014 0.28751493 0.25787565 0.18843928]
 [0.26617014 0.28751493 0.25787565 0.18843928]
 [0.26350024 0.28802702 0.25979838 0.18867433]
 [0.26390362 0.28572625 0.26089567 0.18947445]
 [0.26682475 0.28523836 0.25864798 0.18928894]
 [0.26390362 0.28572625 0.26089567 0.18947445]
 [0.26350024 0.28802702 0.25979838 0.18867433]
 [0.26390362 0.28572625 0.26089567 0.18947445]
 [0.26350024 0.28802702 0.25979838 0.18867433]
 [0.26390362 0.28572625 0.26089567 0.18947445]
 [0.26445377 0.28340918 0.26194772 0.19018933]]
Actions:
[[0. 1. 0. 0.]
 [0. 1. 0. 0.]
 [0. 1. 0. 0.]
 [0. 0. 0. 1.]
 [0. 0. 0. 1.]
 [0. 1. 0. 0.]
 [1. 0. 0. 0.]
 [0. 0. 0. 1.]
 [0. 1. 0. 0.]
 [1. 0. 0. 0.]
 [0. 0. 0. 1.]
 [0. 1. 0. 0.]
 [0. 0. 1. 0.]
 [0. 1. 0. 0.]
 [0. 1. 0. 0.]
 [0. 0. 1. 0.]
 [0. 0. 0. 1.]
 [1. 0. 0. 0.]
 [0. 0. 1. 0.]
 [0. 1. 0. 0.]
 [0. 0. 0. 1.]
 [0. 1. 0. 0.]
 [0. 0. 0. 1.]
 [0. 0. 0. 1.]
 [1. 0. 0. 0.]]
States:
[[0.6 0.8]
 [0.6 0.9]
 [0.6 1. ]
 [0.6 1. ]
 [0.6 0.9]
 [0.6 0.8]
 [0.6 0.9]
 [0.7 0.9]
 [0.7 0.8]
 [0.7 0.9]
 [0.8 0.9]
 [0.8 0.8]
 [0.8 0.9]
 [0.7 0.9]
 [0.7 1. ]
 [0.7 1. ]
 [0.6 1. ]
 [0.6 0.9]
 [0.7 0.9]
 [0.6 0.9]
 [0.6 1. ]
 [0.6 0.9]
 [0.6 1. ]
 [0.6 0.9]
 [0.6 0.8]]
Logstds:
[[0. 0. 0. 0.]
 [0. 0. 0. 0.]
 [0. 0. 0. 0.]
 [0. 0. 0. 0.]
 [0. 0. 0. 0.]
 [0. 0. 0. 0.]
 [0. 0. 0. 0.]
 [0. 0. 0. 0.]
 [0. 0. 0. 0.]
 [0. 0. 0. 0.]
 [0. 0. 0. 0.]
 [0. 0. 0. 0.]
 [0. 0. 0. 0.]
 [0. 0. 0. 0.]
 [0. 0. 0. 0.]
 [0. 0. 0. 0.]
 [0. 0. 0. 0.]
 [0. 0. 0. 0.]
 [0. 0. 0. 0.]
 [0. 0. 0. 0.]
 [0. 0. 0. 0.]
 [0. 0. 0. 0.]
 [0. 0. 0. 0.]
 [0. 0. 0. 0.]
 [0. 0. 0. 0.]]
