Baseline:
[-12.837821  -13.1216755 -12.755921  -13.1216755 -12.755921  -12.470943
 -12.186574  -12.470943  -12.837821  -12.470943  -12.186574  -12.470943
 -12.186574  -12.470943  -12.755921  -13.04912   -13.341737  -13.04912
 -13.341737  -12.98601   -12.98601   -13.341737  -13.341737  -13.341737
 -13.04912   -13.04912  ]
Returns:
[-22.48618619 -22.06692261 -21.40826872 -20.74989724 -20.02192622
 -19.54437789 -19.09279205 -18.61008608 -17.84126231 -17.00168657
 -16.41627487 -15.79269957 -15.14365698 -14.4531018  -13.67966268
 -12.81891619 -11.87108541 -10.86655554  -9.81596893  -8.5094898
  -7.36074375  -5.95636041  -4.60961951  -3.19199752  -1.73067355]
Advants:
[-10.16938002  -9.78730319  -9.83373404  -9.14617188  -9.13798655
  -9.32365143  -9.56171993  -9.21073044  -8.49143526  -8.45599599
  -8.62015136  -8.18895228  -8.33035895  -7.87447327  -7.34657569
  -6.73265499  -6.03986983  -5.90025575  -5.13656083  -4.78527942
  -4.25154236  -3.10439492  -2.38118247  -1.59636159  -1.07821751]
Mus:
[[0.25180733 0.2815765  0.27556732 0.19104876]
 [0.2544932  0.28347293 0.2713463  0.19068755]
 [0.25390837 0.2820259  0.27197886 0.19208688]
 [0.2544932  0.28347293 0.2713463  0.19068755]
 [0.25390837 0.2820259  0.27197886 0.19208688]
 [0.2516098  0.28013137 0.27568707 0.19257182]
 [0.24847582 0.2775015  0.280943   0.19307972]
 [0.2516098  0.28013137 0.27568707 0.19257182]
 [0.25180733 0.2815765  0.27556732 0.19104876]
 [0.2516098  0.28013137 0.27568707 0.19257182]
 [0.24847582 0.2775015  0.280943   0.19307972]
 [0.2516098  0.28013137 0.27568707 0.19257182]
 [0.24847582 0.2775015  0.280943   0.19307972]
 [0.2516098  0.28013137 0.27568707 0.19257182]
 [0.25390837 0.2820259  0.27197886 0.19208688]
 [0.25586447 0.28340423 0.2688695  0.19186173]
 [0.25808397 0.2841792  0.266332   0.19140477]
 [0.25586447 0.28340423 0.2688695  0.19186173]
 [0.25808397 0.2841792  0.266332   0.19140477]
 [0.25764704 0.2824334  0.2675286  0.19239092]
 [0.25764704 0.2824334  0.2675286  0.19239092]
 [0.25808397 0.2841792  0.266332   0.19140477]
 [0.25808397 0.2841792  0.266332   0.19140477]
 [0.25808397 0.2841792  0.266332   0.19140477]
 [0.25586447 0.28340423 0.2688695  0.19186173]]
Actions:
[[1. 0. 0. 0.]
 [0. 0. 0. 1.]
 [0. 1. 0. 0.]
 [0. 0. 0. 1.]
 [0. 0. 1. 0.]
 [0. 0. 1. 0.]
 [1. 0. 0. 0.]
 [0. 1. 0. 0.]
 [0. 0. 0. 1.]
 [0. 0. 1. 0.]
 [1. 0. 0. 0.]
 [0. 0. 1. 0.]
 [1. 0. 0. 0.]
 [1. 0. 0. 0.]
 [1. 0. 0. 0.]
 [1. 0. 0. 0.]
 [0. 0. 1. 0.]
 [1. 0. 0. 0.]
 [0. 0. 0. 1.]
 [1. 0. 0. 0.]
 [0. 1. 0. 0.]
 [1. 0. 0. 0.]
 [1. 0. 0. 0.]
 [0. 0. 1. 0.]
 [0. 1. 0. 0.]]
States:
[[0.1 1. ]
 [0.2 1. ]
 [0.2 0.9]
 [0.2 1. ]
 [0.2 0.9]
 [0.1 0.9]
 [0.  0.9]
 [0.1 0.9]
 [0.1 1. ]
 [0.1 0.9]
 [0.  0.9]
 [0.1 0.9]
 [0.  0.9]
 [0.1 0.9]
 [0.2 0.9]
 [0.3 0.9]
 [0.4 0.9]
 [0.3 0.9]
 [0.4 0.9]
 [0.4 0.8]
 [0.4 0.8]
 [0.4 0.9]
 [0.4 0.9]
 [0.4 0.9]
 [0.3 0.9]]
Logstds:
[[0. 0. 0. 0.]
 [0. 0. 0. 0.]
 [0. 0. 0. 0.]
 [0. 0. 0. 0.]
 [0. 0. 0. 0.]
 [0. 0. 0. 0.]
 [0. 0. 0. 0.]
 [0. 0. 0. 0.]
 [0. 0. 0. 0.]
 [0. 0. 0. 0.]
 [0. 0. 0. 0.]
 [0. 0. 0. 0.]
 [0. 0. 0. 0.]
 [0. 0. 0. 0.]
 [0. 0. 0. 0.]
 [0. 0. 0. 0.]
 [0. 0. 0. 0.]
 [0. 0. 0. 0.]
 [0. 0. 0. 0.]
 [0. 0. 0. 0.]
 [0. 0. 0. 0.]
 [0. 0. 0. 0.]
 [0. 0. 0. 0.]
 [0. 0. 0. 0.]
 [0. 0. 0. 0.]]
