Baseline:
[-10.245015  -9.967224  -9.692244  -9.422991  -9.692244  -9.422991
  -9.159391  -9.422991  -9.7269    -9.422991  -9.121178  -9.422991
  -9.692244  -9.385801  -9.658756  -9.385801  -9.083999  -8.819325
  -8.557047  -8.557047  -8.557047  -8.557047  -8.858042  -8.557047
  -8.256831  -8.256831]
Returns:
[-14.03847025 -13.59138261 -13.15604145 -12.73583169 -12.61383867
 -12.16509191 -11.73273367 -11.57697464 -11.31688778 -10.58145089
  -9.8726789   -9.57537089  -9.28703783  -8.47605703  -8.14871705
  -7.49290717  -6.6496351   -6.01536207  -5.38384831  -4.75577505
  -4.09464531  -3.39871926  -2.83831578  -1.81844441  -0.80693161]
Advants:
[-4.6452816  -4.66063774 -4.69569971 -4.75214413 -4.57386785 -4.61993376
 -4.69072983 -4.51836373 -4.20495733 -4.03202048 -3.89309509 -3.56631047
 -3.28701635 -3.06887164 -2.76080192 -2.68322414 -2.45629189 -2.41659284
 -2.3939422  -2.12255338 -1.8280457  -1.50844974 -1.02879901 -0.701956
 -0.3940897 ]
Mus:
[[0.25798878 0.27386254 0.2495488  0.21859986]
 [0.2574822  0.27274606 0.2502805  0.21949127]
 [0.25696608 0.27280056 0.2500919  0.2201414 ]
 [0.2560523  0.27317333 0.25027758 0.22049676]
 [0.25696608 0.27280056 0.2500919  0.2201414 ]
 [0.2560523  0.27317333 0.25027758 0.22049676]
 [0.2551397  0.27375317 0.25066695 0.22044027]
 [0.2560523  0.27317333 0.25027758 0.22049676]
 [0.25709718 0.2749477  0.24724294 0.2207122 ]
 [0.2560523  0.27317333 0.25027758 0.22049676]
 [0.25527823 0.27115825 0.2531449  0.22041859]
 [0.2560523  0.27317333 0.25027758 0.22049676]
 [0.25696608 0.27280056 0.2500919  0.2201414 ]
 [0.25605038 0.27073014 0.2528868  0.22033265]
 [0.2570938  0.27074558 0.25239378 0.2197668 ]
 [0.25605038 0.27073014 0.2528868  0.22033265]
 [0.25560227 0.26847625 0.255111   0.22081047]
 [0.25463745 0.26869732 0.25607818 0.22058704]
 [0.25345308 0.26914    0.257082   0.22032495]
 [0.25345308 0.26914    0.257082   0.22032495]
 [0.25345308 0.26914    0.257082   0.22032495]
 [0.25345308 0.26914    0.257082   0.22032495]
 [0.25413185 0.27175236 0.25380087 0.22031493]
 [0.25345308 0.26914    0.257082   0.22032495]
 [0.25277823 0.26619062 0.2601554  0.22087568]]
Actions:
[[0. 0. 1. 0.]
 [0. 0. 1. 0.]
 [0. 0. 1. 0.]
 [1. 0. 0. 0.]
 [0. 0. 1. 0.]
 [0. 0. 1. 0.]
 [1. 0. 0. 0.]
 [0. 1. 0. 0.]
 [0. 0. 0. 1.]
 [0. 0. 0. 1.]
 [0. 1. 0. 0.]
 [1. 0. 0. 0.]
 [0. 0. 0. 1.]
 [1. 0. 0. 0.]
 [0. 0. 1. 0.]
 [0. 0. 0. 1.]
 [0. 0. 1. 0.]
 [0. 0. 1. 0.]
 [0. 0. 1. 0.]
 [0. 0. 1. 0.]
 [0. 0. 1. 0.]
 [0. 1. 0. 0.]
 [0. 0. 0. 1.]
 [0. 0. 0. 1.]
 [0. 0. 1. 0.]]
States:
[[0.4 0.3]
 [0.3 0.3]
 [0.2 0.3]
 [0.1 0.3]
 [0.2 0.3]
 [0.1 0.3]
 [0.  0.3]
 [0.1 0.3]
 [0.1 0.4]
 [0.1 0.3]
 [0.1 0.2]
 [0.1 0.3]
 [0.2 0.3]
 [0.2 0.2]
 [0.3 0.2]
 [0.2 0.2]
 [0.2 0.1]
 [0.1 0.1]
 [0.  0.1]
 [0.  0.1]
 [0.  0.1]
 [0.  0.1]
 [0.  0.2]
 [0.  0.1]
 [0.  0. ]]
Logstds:
[[0. 0. 0. 0.]
 [0. 0. 0. 0.]
 [0. 0. 0. 0.]
 [0. 0. 0. 0.]
 [0. 0. 0. 0.]
 [0. 0. 0. 0.]
 [0. 0. 0. 0.]
 [0. 0. 0. 0.]
 [0. 0. 0. 0.]
 [0. 0. 0. 0.]
 [0. 0. 0. 0.]
 [0. 0. 0. 0.]
 [0. 0. 0. 0.]
 [0. 0. 0. 0.]
 [0. 0. 0. 0.]
 [0. 0. 0. 0.]
 [0. 0. 0. 0.]
 [0. 0. 0. 0.]
 [0. 0. 0. 0.]
 [0. 0. 0. 0.]
 [0. 0. 0. 0.]
 [0. 0. 0. 0.]
 [0. 0. 0. 0.]
 [0. 0. 0. 0.]
 [0. 0. 0. 0.]]
