Baseline:
[-8.761852  -8.761852  -9.037693  -8.761852  -8.761852  -8.435672
 -8.110242  -8.384838  -8.662199  -8.987621  -9.265881  -9.5545845
 -9.226463  -9.226463  -9.226463  -9.226463  -9.226463  -9.5545845
 -9.886116  -9.5545845 -9.5545845 -9.5545845 -9.886116  -9.5545845
 -9.886116  -9.886116 ]
Returns:
[-12.54551452 -12.15787975 -12.07858806 -11.63248544 -11.19679651
 -10.49807847  -9.83393443  -9.72533001  -9.59571971  -9.37665992
  -9.1660805   -8.92603048  -8.04730274  -7.77308742  -7.48443971
  -7.18060002  -6.86076877  -6.46368187  -5.99132713  -4.89095483
  -4.40786761  -3.89935475  -3.29203542  -2.04959514  -1.34492004]
Advants:
[-5.02893506 -4.85241354 -4.7153957  -4.77656269 -4.57854227 -4.45239702
 -4.3705902  -4.25433025 -4.12445316 -3.86382944 -3.66791196 -3.4406794
 -3.20025141 -3.25415702 -3.3126547  -3.37613563 -3.44502433 -3.11922065
 -2.72389971 -2.37465097 -2.33195882 -2.28562983 -1.81929763 -1.39298838
 -0.85061455]
Mus:
[[0.25413185 0.27175236 0.25380087 0.22031493]
 [0.25413185 0.27175236 0.25380087 0.22031493]
 [0.25527823 0.27115825 0.2531449  0.22041859]
 [0.25413185 0.27175236 0.25380087 0.22031493]
 [0.25413185 0.27175236 0.25380087 0.22031493]
 [0.25345308 0.26914    0.257082   0.22032495]
 [0.25277823 0.26619062 0.2601554  0.22087568]
 [0.25402623 0.2659497  0.25912005 0.22090395]
 [0.25518367 0.26627228 0.257706   0.22083811]
 [0.25560227 0.26847625 0.255111   0.22081047]
 [0.2568896  0.2685498  0.25433213 0.22022846]
 [0.25818747 0.26841703 0.25346765 0.21992788]
 [0.25815555 0.26586536 0.25557297 0.22040607]
 [0.25815555 0.26586536 0.25557297 0.22040607]
 [0.25815555 0.26586536 0.25557297 0.22040607]
 [0.25815555 0.26586536 0.25557297 0.22040607]
 [0.25815555 0.26586536 0.25557297 0.22040607]
 [0.25818747 0.26841703 0.25346765 0.21992788]
 [0.25845334 0.27101848 0.25122532 0.21930292]
 [0.25818747 0.26841703 0.25346765 0.21992788]
 [0.25818747 0.26841703 0.25346765 0.21992788]
 [0.25818747 0.26841703 0.25346765 0.21992788]
 [0.25845334 0.27101848 0.25122532 0.21930292]
 [0.25818747 0.26841703 0.25346765 0.21992788]
 [0.25845334 0.27101848 0.25122532 0.21930292]]
Actions:
[[0. 0. 1. 0.]
 [1. 0. 0. 0.]
 [0. 0. 1. 0.]
 [0. 0. 1. 0.]
 [0. 0. 0. 1.]
 [0. 0. 0. 1.]
 [1. 0. 0. 0.]
 [1. 0. 0. 0.]
 [0. 1. 0. 0.]
 [1. 0. 0. 0.]
 [1. 0. 0. 0.]
 [0. 0. 0. 1.]
 [1. 0. 0. 0.]
 [1. 0. 0. 0.]
 [1. 0. 0. 0.]
 [1. 0. 0. 0.]
 [0. 1. 0. 0.]
 [0. 1. 0. 0.]
 [0. 0. 0. 1.]
 [1. 0. 0. 0.]
 [1. 0. 0. 0.]
 [0. 1. 0. 0.]
 [0. 0. 0. 1.]
 [0. 1. 0. 0.]
 [0. 0. 0. 1.]]
States:
[[0.  0.2]
 [0.  0.2]
 [0.1 0.2]
 [0.  0.2]
 [0.  0.2]
 [0.  0.1]
 [0.  0. ]
 [0.1 0. ]
 [0.2 0. ]
 [0.2 0.1]
 [0.3 0.1]
 [0.4 0.1]
 [0.4 0. ]
 [0.4 0. ]
 [0.4 0. ]
 [0.4 0. ]
 [0.4 0. ]
 [0.4 0.1]
 [0.4 0.2]
 [0.4 0.1]
 [0.4 0.1]
 [0.4 0.1]
 [0.4 0.2]
 [0.4 0.1]
 [0.4 0.2]]
Logstds:
[[0. 0. 0. 0.]
 [0. 0. 0. 0.]
 [0. 0. 0. 0.]
 [0. 0. 0. 0.]
 [0. 0. 0. 0.]
 [0. 0. 0. 0.]
 [0. 0. 0. 0.]
 [0. 0. 0. 0.]
 [0. 0. 0. 0.]
 [0. 0. 0. 0.]
 [0. 0. 0. 0.]
 [0. 0. 0. 0.]
 [0. 0. 0. 0.]
 [0. 0. 0. 0.]
 [0. 0. 0. 0.]
 [0. 0. 0. 0.]
 [0. 0. 0. 0.]
 [0. 0. 0. 0.]
 [0. 0. 0. 0.]
 [0. 0. 0. 0.]
 [0. 0. 0. 0.]
 [0. 0. 0. 0.]
 [0. 0. 0. 0.]
 [0. 0. 0. 0.]
 [0. 0. 0. 0.]]
