Baseline:
[-10.150547  -9.834686 -10.114705 -10.431043 -10.715572 -10.431043
 -10.749292 -11.033962 -11.320226 -11.639037 -11.35271  -11.67223
 -11.958223 -12.279226 -12.565314 -12.886314 -13.207318 -13.207318
 -13.493405 -13.493405 -13.172403 -12.851153 -13.172403 -13.493405
 -13.207318 -13.207318]
Returns:
[-21.14632194 -20.86018091 -20.76750447 -20.50572359 -20.29955914
 -20.01815899 -19.65891946 -19.35449087 -18.99262979 -18.44431755
 -17.88165679 -17.25601412 -16.67976531 -15.89486006 -15.15311771
 -14.18668539 -13.11076699 -11.9206151  -10.8229483   -9.46980711
  -7.95644505  -6.42486706  -4.95722133  -3.35313314  -1.63881421]
Advants:
[-10.94602631 -11.31250283 -11.29372481 -11.08179261 -10.97330348
 -11.39129319 -11.14305324 -11.00155089 -10.81910574 -10.43051413
 -10.66493086 -10.24479541  -9.92563799  -9.374876    -8.91769518
  -8.20970576  -7.39838432  -6.80691044  -6.0300376   -5.29362591
  -4.73365544  -4.17215643  -3.0320345   -1.75144654  -0.97844791]
Mus:
[[0.25677955 0.27203348 0.2734272  0.19775978]
 [0.25725248 0.26884857 0.2747546  0.19914436]
 [0.26133934 0.26890627 0.27210242 0.19765206]
 [0.26123327 0.27195993 0.27048087 0.19632599]
 [0.26506147 0.27183095 0.26759323 0.19551438]
 [0.26123327 0.27195993 0.27048087 0.19632599]
 [0.26058388 0.27552563 0.26891318 0.19497737]
 [0.26509738 0.27520102 0.26584896 0.19385265]
 [0.26875302 0.27425835 0.26316124 0.19382745]
 [0.26911014 0.2769358  0.26196045 0.19199364]
 [0.26512167 0.27805102 0.26441002 0.19241728]
 [0.26514602 0.28084964 0.26286966 0.19113463]
 [0.2689665  0.279596   0.2607683  0.19066921]
 [0.26765636 0.28250727 0.25977683 0.19005963]
 [0.27068874 0.28129444 0.25799772 0.1900191 ]
 [0.2695251  0.2841426  0.25720325 0.189129  ]
 [0.26870295 0.2868224  0.25630587 0.18816872]
 [0.26870295 0.2868224  0.25630587 0.18816872]
 [0.2706434  0.28583634 0.2552865  0.18823378]
 [0.2706434  0.28583634 0.2552865  0.18823378]
 [0.27166337 0.28295982 0.255776   0.18960084]
 [0.2725661  0.28009844 0.25645533 0.1908801 ]
 [0.27166337 0.28295982 0.255776   0.18960084]
 [0.2706434  0.28583634 0.2552865  0.18823378]
 [0.26870295 0.2868224  0.25630587 0.18816872]]
Actions:
[[0. 0. 0. 1.]
 [1. 0. 0. 0.]
 [0. 1. 0. 0.]
 [1. 0. 0. 0.]
 [0. 0. 1. 0.]
 [0. 1. 0. 0.]
 [1. 0. 0. 0.]
 [1. 0. 0. 0.]
 [0. 1. 0. 0.]
 [0. 0. 1. 0.]
 [0. 1. 0. 0.]
 [1. 0. 0. 0.]
 [0. 1. 0. 0.]
 [1. 0. 0. 0.]
 [0. 1. 0. 0.]
 [0. 1. 0. 0.]
 [0. 1. 0. 0.]
 [1. 0. 0. 0.]
 [0. 1. 0. 0.]
 [0. 0. 0. 1.]
 [0. 0. 0. 1.]
 [0. 1. 0. 0.]
 [0. 1. 0. 0.]
 [0. 0. 1. 0.]
 [1. 0. 0. 0.]]
States:
[[0.4 0.4]
 [0.4 0.3]
 [0.5 0.3]
 [0.5 0.4]
 [0.6 0.4]
 [0.5 0.4]
 [0.5 0.5]
 [0.6 0.5]
 [0.7 0.5]
 [0.7 0.6]
 [0.6 0.6]
 [0.6 0.7]
 [0.7 0.7]
 [0.7 0.8]
 [0.8 0.8]
 [0.8 0.9]
 [0.8 1. ]
 [0.8 1. ]
 [0.9 1. ]
 [0.9 1. ]
 [0.9 0.9]
 [0.9 0.8]
 [0.9 0.9]
 [0.9 1. ]
 [0.8 1. ]]
Logstds:
[[0. 0. 0. 0.]
 [0. 0. 0. 0.]
 [0. 0. 0. 0.]
 [0. 0. 0. 0.]
 [0. 0. 0. 0.]
 [0. 0. 0. 0.]
 [0. 0. 0. 0.]
 [0. 0. 0. 0.]
 [0. 0. 0. 0.]
 [0. 0. 0. 0.]
 [0. 0. 0. 0.]
 [0. 0. 0. 0.]
 [0. 0. 0. 0.]
 [0. 0. 0. 0.]
 [0. 0. 0. 0.]
 [0. 0. 0. 0.]
 [0. 0. 0. 0.]
 [0. 0. 0. 0.]
 [0. 0. 0. 0.]
 [0. 0. 0. 0.]
 [0. 0. 0. 0.]
 [0. 0. 0. 0.]
 [0. 0. 0. 0.]
 [0. 0. 0. 0.]
 [0. 0. 0. 0.]]
