Baseline:
[-12.0793085 -12.0793085 -12.0793085 -12.366488  -12.006755  -11.713555
 -12.0793085 -11.795454  -11.795454  -11.428579  -11.713555  -12.0793085
 -12.0793085 -11.795454  -11.795454  -12.0793085 -12.366488  -12.366488
 -12.659204  -12.366488  -12.659204  -12.659204  -12.659204  -12.659204
 -12.659204  -12.659204 ]
Returns:
[-19.95763059 -19.63061228 -19.28638248 -19.13993639 -18.15906192
 -17.38718461 -16.99930165 -16.11377237 -15.59550571 -14.47510644
 -14.14077102 -13.58202419 -12.91944764 -11.8191892  -11.07489186
 -10.50059725  -9.89174142  -9.02346701  -8.33225546  -6.95491889
  -6.15483638  -5.07819887  -3.94489623  -2.75194609  -1.72508252]
Advants:
[-8.7640049  -8.74598126 -8.72642224 -8.63171289 -8.35915043 -8.24394115
 -7.86142751 -7.64388253 -7.52643886 -7.18457781 -6.99284395 -6.50375285
 -6.29318468 -5.94204549 -5.6796271  -5.31786668 -4.93279205 -4.5921528
 -4.15037843 -3.62054844 -3.09600582 -2.60273338 -2.06744044 -1.48654739
 -1.09212208]
Mus:
[[0.2554632  0.2928517  0.23413143 0.21755369]
 [0.2554632  0.2928517  0.23413143 0.21755369]
 [0.2554632  0.2928517  0.23413143 0.21755369]
 [0.25585172 0.29473436 0.23327602 0.21613789]
 [0.25637874 0.29151708 0.23519515 0.21690899]
 [0.2558718  0.2898044  0.23592407 0.21839972]
 [0.2554632  0.2928517  0.23413143 0.21755369]
 [0.2549495  0.29121298 0.23503207 0.21880545]
 [0.2549495  0.29121298 0.23503207 0.21880545]
 [0.25544986 0.28817207 0.23637344 0.22000466]
 [0.2558718  0.2898044  0.23592407 0.21839972]
 [0.2554632  0.2928517  0.23413143 0.21755369]
 [0.2554632  0.2928517  0.23413143 0.21755369]
 [0.2549495  0.29121298 0.23503207 0.21880545]
 [0.2549495  0.29121298 0.23503207 0.21880545]
 [0.2554632  0.2928517  0.23413143 0.21755369]
 [0.25585172 0.29473436 0.23327602 0.21613789]
 [0.25585172 0.29473436 0.23327602 0.21613789]
 [0.256633   0.29624987 0.23218006 0.214937  ]
 [0.25585172 0.29473436 0.23327602 0.21613789]
 [0.256633   0.29624987 0.23218006 0.214937  ]
 [0.256633   0.29624987 0.23218006 0.214937  ]
 [0.256633   0.29624987 0.23218006 0.214937  ]
 [0.256633   0.29624987 0.23218006 0.214937  ]
 [0.256633   0.29624987 0.23218006 0.214937  ]]
Actions:
[[0. 1. 0. 0.]
 [0. 1. 0. 0.]
 [1. 0. 0. 0.]
 [0. 0. 0. 1.]
 [0. 0. 1. 0.]
 [0. 1. 0. 0.]
 [0. 0. 1. 0.]
 [0. 1. 0. 0.]
 [0. 0. 0. 1.]
 [1. 0. 0. 0.]
 [0. 1. 0. 0.]
 [0. 1. 0. 0.]
 [0. 0. 1. 0.]
 [0. 1. 0. 0.]
 [1. 0. 0. 0.]
 [1. 0. 0. 0.]
 [0. 1. 0. 0.]
 [1. 0. 0. 0.]
 [0. 0. 1. 0.]
 [1. 0. 0. 0.]
 [0. 1. 0. 0.]
 [0. 1. 0. 0.]
 [0. 1. 0. 0.]
 [1. 0. 0. 0.]
 [0. 0. 1. 0.]]
States:
[[0.2 1. ]
 [0.2 1. ]
 [0.2 1. ]
 [0.3 1. ]
 [0.3 0.9]
 [0.2 0.9]
 [0.2 1. ]
 [0.1 1. ]
 [0.1 1. ]
 [0.1 0.9]
 [0.2 0.9]
 [0.2 1. ]
 [0.2 1. ]
 [0.1 1. ]
 [0.1 1. ]
 [0.2 1. ]
 [0.3 1. ]
 [0.3 1. ]
 [0.4 1. ]
 [0.3 1. ]
 [0.4 1. ]
 [0.4 1. ]
 [0.4 1. ]
 [0.4 1. ]
 [0.4 1. ]]
Logstds:
[[0. 0. 0. 0.]
 [0. 0. 0. 0.]
 [0. 0. 0. 0.]
 [0. 0. 0. 0.]
 [0. 0. 0. 0.]
 [0. 0. 0. 0.]
 [0. 0. 0. 0.]
 [0. 0. 0. 0.]
 [0. 0. 0. 0.]
 [0. 0. 0. 0.]
 [0. 0. 0. 0.]
 [0. 0. 0. 0.]
 [0. 0. 0. 0.]
 [0. 0. 0. 0.]
 [0. 0. 0. 0.]
 [0. 0. 0. 0.]
 [0. 0. 0. 0.]
 [0. 0. 0. 0.]
 [0. 0. 0. 0.]
 [0. 0. 0. 0.]
 [0. 0. 0. 0.]
 [0. 0. 0. 0.]
 [0. 0. 0. 0.]
 [0. 0. 0. 0.]
 [0. 0. 0. 0.]]
