Baseline:
[-6.45463   -6.651826  -6.45463   -6.670351  -6.473522  -6.258683
 -6.044986  -6.044986  -6.258683  -6.044986  -6.258683  -6.45463
 -6.670351  -6.45463   -6.651826  -6.45463   -6.670351  -6.45463
 -6.651826  -6.45463   -6.2445774 -6.446331  -6.651826  -6.446331
 -6.2445774 -6.2445774]
Returns:
[-16.72710663 -16.45439581 -16.06596198 -15.66529577 -15.22684667
 -14.74789968 -14.30089038 -13.88702398 -13.46263113 -12.94797612
 -12.4741597  -12.01901647 -11.40535313 -10.67954698 -10.08854354
  -9.36506485  -8.61171985  -7.73888037  -6.993105    -6.1067085
  -5.16000996  -4.32770425  -3.31638594  -2.17625902  -1.09309244]
Advants:
[-9.21235253 -8.95530895 -8.98915304 -8.59795832 -8.59324128 -8.57804957
 -8.60764282 -8.4662773  -8.10416723 -8.09339176 -7.69951661 -7.34694221
 -6.81585215 -6.6136967  -6.13528092 -5.92889473 -5.27700519 -4.94375968
 -4.32308666 -3.96232472 -3.55931343 -2.85532899 -1.9590752  -1.34340394
 -0.78086329]
Mus:
[[0.2667143  0.2626433  0.2712128  0.19942966]
 [0.26942575 0.26173177 0.27014214 0.1987003 ]
 [0.2667143  0.2626433  0.2712128  0.19942966]
 [0.2674641  0.2657798  0.26870856 0.19804758]
 [0.26433307 0.26634073 0.27074865 0.19857754]
 [0.2634895  0.26353425 0.27297568 0.20000052]
 [0.2625047  0.26057243 0.2751999  0.20172296]
 [0.2625047  0.26057243 0.2751999  0.20172296]
 [0.2634895  0.26353425 0.27297568 0.20000052]
 [0.2625047  0.26057243 0.2751999  0.20172296]
 [0.2634895  0.26353425 0.27297568 0.20000052]
 [0.2667143  0.2626433  0.2712128  0.19942966]
 [0.2674641  0.2657798  0.26870856 0.19804758]
 [0.2667143  0.2626433  0.2712128  0.19942966]
 [0.26942575 0.26173177 0.27014214 0.1987003 ]
 [0.2667143  0.2626433  0.2712128  0.19942966]
 [0.2674641  0.2657798  0.26870856 0.19804758]
 [0.2667143  0.2626433  0.2712128  0.19942966]
 [0.26942575 0.26173177 0.27014214 0.1987003 ]
 [0.2667143  0.2626433  0.2712128  0.19942966]
 [0.2652432  0.26003522 0.27376205 0.20095958]
 [0.26785615 0.25958893 0.272403   0.20015188]
 [0.26942575 0.26173177 0.27014214 0.1987003 ]
 [0.26785615 0.25958893 0.272403   0.20015188]
 [0.2652432  0.26003522 0.27376205 0.20095958]]
Actions:
[[1. 0. 0. 0.]
 [0. 0. 1. 0.]
 [0. 1. 0. 0.]
 [0. 0. 1. 0.]
 [0. 0. 0. 1.]
 [0. 0. 0. 1.]
 [0. 0. 0. 1.]
 [0. 1. 0. 0.]
 [0. 0. 0. 1.]
 [0. 1. 0. 0.]
 [1. 0. 0. 0.]
 [0. 1. 0. 0.]
 [0. 0. 0. 1.]
 [1. 0. 0. 0.]
 [0. 0. 1. 0.]
 [0. 1. 0. 0.]
 [0. 0. 0. 1.]
 [1. 0. 0. 0.]
 [0. 0. 1. 0.]
 [0. 0. 0. 1.]
 [1. 0. 0. 0.]
 [0. 1. 0. 0.]
 [0. 0. 0. 1.]
 [0. 0. 1. 0.]
 [0. 0. 1. 0.]]
States:
[[0.7 0.1]
 [0.8 0.1]
 [0.7 0.1]
 [0.7 0.2]
 [0.6 0.2]
 [0.6 0.1]
 [0.6 0. ]
 [0.6 0. ]
 [0.6 0.1]
 [0.6 0. ]
 [0.6 0.1]
 [0.7 0.1]
 [0.7 0.2]
 [0.7 0.1]
 [0.8 0.1]
 [0.7 0.1]
 [0.7 0.2]
 [0.7 0.1]
 [0.8 0.1]
 [0.7 0.1]
 [0.7 0. ]
 [0.8 0. ]
 [0.8 0.1]
 [0.8 0. ]
 [0.7 0. ]]
Logstds:
[[0. 0. 0. 0.]
 [0. 0. 0. 0.]
 [0. 0. 0. 0.]
 [0. 0. 0. 0.]
 [0. 0. 0. 0.]
 [0. 0. 0. 0.]
 [0. 0. 0. 0.]
 [0. 0. 0. 0.]
 [0. 0. 0. 0.]
 [0. 0. 0. 0.]
 [0. 0. 0. 0.]
 [0. 0. 0. 0.]
 [0. 0. 0. 0.]
 [0. 0. 0. 0.]
 [0. 0. 0. 0.]
 [0. 0. 0. 0.]
 [0. 0. 0. 0.]
 [0. 0. 0. 0.]
 [0. 0. 0. 0.]
 [0. 0. 0. 0.]
 [0. 0. 0. 0.]
 [0. 0. 0. 0.]
 [0. 0. 0. 0.]
 [0. 0. 0. 0.]
 [0. 0. 0. 0.]]
