Baseline:
[0.68261272 0.71968043 0.68261272 0.68261272 0.65758222 0.63670057
 0.62173653 0.        ]
Returns:
[-6.69068338e-02  1.07928074e-02  1.09640711e-02 -4.41748282e-03
  1.28981274e-02  1.50751233e-02 -5.48362732e-06]
Advants:
[-0.65612366 -0.62945995 -0.6062274  -0.63728425 -0.61063912 -0.6039058
 -0.62174201]
Mus:
[[0.2528523  0.26022097 0.28171742 0.20520934]
 [0.25334868 0.26303935 0.2801229  0.20348899]
 [0.2528523  0.26022097 0.28171742 0.20520934]
 [0.2528523  0.26022097 0.28171742 0.20520934]
 [0.24808921 0.25947255 0.28498164 0.20745656]
 [0.24324597 0.25935122 0.28816402 0.20923875]
 [0.23914075 0.25845698 0.2918959  0.21050641]]
Actions:
[[0. 1. 0. 0.]
 [0. 0. 0. 1.]
 [0. 0. 0. 1.]
 [0. 0. 1. 0.]
 [0. 0. 1. 0.]
 [0. 0. 1. 0.]
 [1. 0. 0. 0.]]
States:
[[0.3 0. ]
 [0.3 0.1]
 [0.3 0. ]
 [0.3 0. ]
 [0.2 0. ]
 [0.1 0. ]
 [0.  0. ]]
Logstds:
[[0. 0. 0. 0.]
 [0. 0. 0. 0.]
 [0. 0. 0. 0.]
 [0. 0. 0. 0.]
 [0. 0. 0. 0.]
 [0. 0. 0. 0.]
 [0. 0. 0. 0.]]
