Baseline:
[-13.373476  -13.019513  -12.719144  -12.719144  -12.719144  -13.019513
 -13.019513  -13.373476  -13.07311   -13.4270735 -13.128754  -12.830393
 -13.18609   -13.541657  -13.18609   -13.541657  -13.18609   -13.541657
 -13.840297  -13.541657  -13.541657  -13.18609   -12.890175  -13.245685
 -13.245685  -13.245685 ]
Returns:
[-22.2669769  -21.49444888 -20.98889311 -20.23080257 -19.43281253
 -19.42407534 -18.56528556 -18.30864166 -17.56992389 -17.22706996
 -16.38010714 -15.50414936 -15.02128894 -14.43732633 -13.12103537
 -12.43705941 -11.01549124 -10.22069717  -9.5628805   -8.19141838
  -7.17209035  -5.47341855  -3.97097495  -2.8223092   -1.12735868]
Advants:
[-9.66036264 -9.56923579 -9.71303578 -9.31021494 -8.87307892 -8.94600593
 -8.47523391 -8.26681314 -8.25135251 -7.99189966 -7.90091091 -7.80209037
 -7.45715951 -7.02425014 -6.58359115 -6.07626494 -5.55484975 -4.95988794
 -4.57656295 -4.09251514 -3.68059208 -2.95509625 -2.38147431 -1.51759939
 -0.46507359]
Mus:
[[0.26140937 0.2962299  0.23143066 0.21093006]
 [0.26207826 0.29235667 0.23387787 0.2116872 ]
 [0.26112112 0.29140964 0.2347545  0.2127147 ]
 [0.26112112 0.29140964 0.2347545  0.2127147 ]
 [0.26112112 0.29140964 0.2347545  0.2127147 ]
 [0.26207826 0.29235667 0.23387787 0.2116872 ]
 [0.26207826 0.29235667 0.23387787 0.2116872 ]
 [0.26140937 0.2962299  0.23143066 0.21093006]
 [0.26043135 0.2953836  0.23232113 0.21186392]
 [0.25988448 0.29883233 0.23036462 0.21091855]
 [0.25957286 0.2974508  0.23138697 0.21158926]
 [0.25969306 0.2955919  0.23233508 0.21237999]
 [0.25962454 0.2985617  0.2302689  0.21154492]
 [0.25919223 0.30164802 0.2284222  0.21073751]
 [0.25962454 0.2985617  0.2302689  0.21154492]
 [0.25919223 0.30164802 0.2284222  0.21073751]
 [0.25962454 0.2985617  0.2302689  0.21154492]
 [0.25919223 0.30164802 0.2284222  0.21073751]
 [0.25934857 0.30337563 0.22730306 0.20997274]
 [0.25919223 0.30164802 0.2284222  0.21073751]
 [0.25919223 0.30164802 0.2284222  0.21073751]
 [0.25962454 0.2985617  0.2302689  0.21154492]
 [0.2591561  0.2966036  0.23169684 0.2125435 ]
 [0.2584849  0.29996115 0.22948857 0.21206535]
 [0.2584849  0.29996115 0.22948857 0.21206535]]
Actions:
[[0. 0. 0. 1.]
 [0. 0. 1. 0.]
 [0. 0. 0. 1.]
 [0. 0. 0. 1.]
 [1. 0. 0. 0.]
 [0. 0. 0. 1.]
 [0. 1. 0. 0.]
 [0. 0. 1. 0.]
 [0. 1. 0. 0.]
 [0. 0. 1. 0.]
 [0. 0. 1. 0.]
 [0. 1. 0. 0.]
 [0. 1. 0. 0.]
 [0. 0. 0. 1.]
 [0. 1. 0. 0.]
 [0. 0. 0. 1.]
 [0. 1. 0. 0.]
 [1. 0. 0. 0.]
 [0. 0. 1. 0.]
 [0. 1. 0. 0.]
 [0. 0. 0. 1.]
 [0. 0. 1. 0.]
 [0. 1. 0. 0.]
 [0. 0. 1. 0.]
 [1. 0. 0. 0.]]
States:
[[1.  0.7]
 [1.  0.6]
 [0.9 0.6]
 [0.9 0.6]
 [0.9 0.6]
 [1.  0.6]
 [1.  0.6]
 [1.  0.7]
 [0.9 0.7]
 [0.9 0.8]
 [0.8 0.8]
 [0.7 0.8]
 [0.7 0.9]
 [0.7 1. ]
 [0.7 0.9]
 [0.7 1. ]
 [0.7 0.9]
 [0.7 1. ]
 [0.8 1. ]
 [0.7 1. ]
 [0.7 1. ]
 [0.7 0.9]
 [0.6 0.9]
 [0.6 1. ]
 [0.6 1. ]]
Logstds:
[[0. 0. 0. 0.]
 [0. 0. 0. 0.]
 [0. 0. 0. 0.]
 [0. 0. 0. 0.]
 [0. 0. 0. 0.]
 [0. 0. 0. 0.]
 [0. 0. 0. 0.]
 [0. 0. 0. 0.]
 [0. 0. 0. 0.]
 [0. 0. 0. 0.]
 [0. 0. 0. 0.]
 [0. 0. 0. 0.]
 [0. 0. 0. 0.]
 [0. 0. 0. 0.]
 [0. 0. 0. 0.]
 [0. 0. 0. 0.]
 [0. 0. 0. 0.]
 [0. 0. 0. 0.]
 [0. 0. 0. 0.]
 [0. 0. 0. 0.]
 [0. 0. 0. 0.]
 [0. 0. 0. 0.]
 [0. 0. 0. 0.]
 [0. 0. 0. 0.]
 [0. 0. 0. 0.]]
