Baseline:
[-11.987852 -11.696916 -11.987852 -11.696916 -11.34753  -11.000764
 -10.658098 -10.366093 -10.708771 -11.000764 -11.34753  -11.696916
 -12.053734 -12.337139 -11.987852 -11.696916 -11.987852 -11.696916
 -11.987852 -11.696916 -12.053734 -12.337139 -11.987852 -12.337139
 -11.987852 -11.987852]
Returns:
[-19.93390265 -19.32860139 -19.24270595 -18.60102592 -17.7614986
 -16.94277303 -16.14642737 -15.57899147 -15.33607489 -15.16258001
 -14.81401669 -14.37577259 -13.84321476 -13.40917413 -12.20568009
 -11.19363027 -10.67957846  -9.58720751  -8.98860713  -7.80723769
  -6.92896749  -6.13101911  -4.54446428  -3.47936736  -1.75325191]
Advants:
[-8.52852616 -8.49981184 -8.42131026 -8.38346251 -8.21771336 -8.08318413
 -7.98164641 -8.07983811 -7.881583   -7.82203444 -7.54572018 -7.18844003
 -6.73856719 -6.47587586 -6.08874428 -5.85219178 -5.54814688 -5.26554241
 -4.91152249 -4.57468577 -3.90215453 -3.39783716 -2.7484961  -1.9283792
 -1.15385914]
Mus:
[[0.25637874 0.29151708 0.23519515 0.21690899]
 [0.2558718  0.2898044  0.23592407 0.21839972]
 [0.25637874 0.29151708 0.23519515 0.21690899]
 [0.2558718  0.2898044  0.23592407 0.21839972]
 [0.25630412 0.2866494  0.23789486 0.21915166]
 [0.25680903 0.28386763 0.23996964 0.2193537 ]
 [0.25720176 0.2809932  0.24223013 0.21957496]
 [0.25631383 0.28038588 0.24212594 0.22117443]
 [0.25595528 0.2827253  0.24014407 0.22117534]
 [0.25680903 0.28386763 0.23996964 0.2193537 ]
 [0.25630412 0.2866494  0.23789486 0.21915166]
 [0.2558718  0.2898044  0.23592407 0.21839972]
 [0.2554632  0.2928517  0.23413143 0.21755369]
 [0.25585172 0.29473436 0.23327602 0.21613789]
 [0.25637874 0.29151708 0.23519515 0.21690899]
 [0.2558718  0.2898044  0.23592407 0.21839972]
 [0.25637874 0.29151708 0.23519515 0.21690899]
 [0.2558718  0.2898044  0.23592407 0.21839972]
 [0.25637874 0.29151708 0.23519515 0.21690899]
 [0.2558718  0.2898044  0.23592407 0.21839972]
 [0.2554632  0.2928517  0.23413143 0.21755369]
 [0.25585172 0.29473436 0.23327602 0.21613789]
 [0.25637874 0.29151708 0.23519515 0.21690899]
 [0.25585172 0.29473436 0.23327602 0.21613789]
 [0.25637874 0.29151708 0.23519515 0.21690899]]
Actions:
[[0. 0. 1. 0.]
 [1. 0. 0. 0.]
 [0. 0. 1. 0.]
 [0. 0. 0. 1.]
 [0. 0. 0. 1.]
 [0. 0. 0. 1.]
 [0. 0. 1. 0.]
 [0. 1. 0. 0.]
 [1. 0. 0. 0.]
 [0. 1. 0. 0.]
 [0. 1. 0. 0.]
 [0. 1. 0. 0.]
 [1. 0. 0. 0.]
 [0. 0. 0. 1.]
 [0. 0. 1. 0.]
 [1. 0. 0. 0.]
 [0. 0. 1. 0.]
 [1. 0. 0. 0.]
 [0. 0. 1. 0.]
 [0. 1. 0. 0.]
 [1. 0. 0. 0.]
 [0. 0. 0. 1.]
 [0. 1. 0. 0.]
 [0. 0. 0. 1.]
 [0. 0. 0. 1.]]
States:
[[0.3 0.9]
 [0.2 0.9]
 [0.3 0.9]
 [0.2 0.9]
 [0.2 0.8]
 [0.2 0.7]
 [0.2 0.6]
 [0.1 0.6]
 [0.1 0.7]
 [0.2 0.7]
 [0.2 0.8]
 [0.2 0.9]
 [0.2 1. ]
 [0.3 1. ]
 [0.3 0.9]
 [0.2 0.9]
 [0.3 0.9]
 [0.2 0.9]
 [0.3 0.9]
 [0.2 0.9]
 [0.2 1. ]
 [0.3 1. ]
 [0.3 0.9]
 [0.3 1. ]
 [0.3 0.9]]
Logstds:
[[0. 0. 0. 0.]
 [0. 0. 0. 0.]
 [0. 0. 0. 0.]
 [0. 0. 0. 0.]
 [0. 0. 0. 0.]
 [0. 0. 0. 0.]
 [0. 0. 0. 0.]
 [0. 0. 0. 0.]
 [0. 0. 0. 0.]
 [0. 0. 0. 0.]
 [0. 0. 0. 0.]
 [0. 0. 0. 0.]
 [0. 0. 0. 0.]
 [0. 0. 0. 0.]
 [0. 0. 0. 0.]
 [0. 0. 0. 0.]
 [0. 0. 0. 0.]
 [0. 0. 0. 0.]
 [0. 0. 0. 0.]
 [0. 0. 0. 0.]
 [0. 0. 0. 0.]
 [0. 0. 0. 0.]
 [0. 0. 0. 0.]
 [0. 0. 0. 0.]
 [0. 0. 0. 0.]]
