Baseline:
[-8.241698 -8.009627 -8.241698 -8.241698 -8.241698 -8.241698 -8.241698
 -8.241698 -8.431708 -8.241698 -8.241698 -8.241698 -8.241698 -8.241698
 -8.431708 -8.241698 -8.009627 -8.009627 -8.201089 -8.431708 -8.431708
 -8.622181 -8.431708 -8.201089 -8.39454  -8.39454 ]
Returns:
[-22.84340154 -22.30775317 -21.86998766 -21.34174766 -20.78570556
 -20.20039809 -19.59898259 -18.96591364 -18.41551089 -17.66365063
 -16.92872211 -16.14041551 -15.32531671 -14.46731798 -13.68014703
 -12.6790571  -11.60844324 -10.59856388  -9.65742509  -8.51053858
  -7.25083     -6.04063593  -4.59433115  -3.05790086  -1.67658424]
Advants:
[-12.98742286 -12.9885401  -12.6286375  -12.4203968  -12.19441666
 -11.94918591 -11.6982158  -11.42586625 -11.0540024  -10.87472041
 -10.53221959 -10.14539094  -9.74076059  -9.30166092  -8.74884198
  -8.37318984  -7.98123351  -7.42475031  -6.74914122  -5.82495217
  -5.01821671  -4.06579211  -3.25754554  -2.39706332  -1.25685692]
Mus:
[[0.26350024 0.28802702 0.25979838 0.18867433]
 [0.26390362 0.28572625 0.26089567 0.18947445]
 [0.26350024 0.28802702 0.25979838 0.18867433]
 [0.26350024 0.28802702 0.25979838 0.18867433]
 [0.26350024 0.28802702 0.25979838 0.18867433]
 [0.26350024 0.28802702 0.25979838 0.18867433]
 [0.26350024 0.28802702 0.25979838 0.18867433]
 [0.26350024 0.28802702 0.25979838 0.18867433]
 [0.26617014 0.28751493 0.25787565 0.18843928]
 [0.26350024 0.28802702 0.25979838 0.18867433]
 [0.26350024 0.28802702 0.25979838 0.18867433]
 [0.26350024 0.28802702 0.25979838 0.18867433]
 [0.26350024 0.28802702 0.25979838 0.18867433]
 [0.26350024 0.28802702 0.25979838 0.18867433]
 [0.26617014 0.28751493 0.25787565 0.18843928]
 [0.26350024 0.28802702 0.25979838 0.18867433]
 [0.26390362 0.28572625 0.26089567 0.18947445]
 [0.26390362 0.28572625 0.26089567 0.18947445]
 [0.26682475 0.28523836 0.25864798 0.18928894]
 [0.26617014 0.28751493 0.25787565 0.18843928]
 [0.26617014 0.28751493 0.25787565 0.18843928]
 [0.26870295 0.2868224  0.25630587 0.18816872]
 [0.26617014 0.28751493 0.25787565 0.18843928]
 [0.26682475 0.28523836 0.25864798 0.18928894]
 [0.2695251  0.2841426  0.25720325 0.189129  ]]
Actions:
[[0. 0. 0. 1.]
 [0. 1. 0. 0.]
 [0. 0. 1. 0.]
 [0. 0. 1. 0.]
 [0. 0. 1. 0.]
 [0. 1. 0. 0.]
 [0. 1. 0. 0.]
 [1. 0. 0. 0.]
 [0. 0. 1. 0.]
 [0. 1. 0. 0.]
 [0. 0. 1. 0.]
 [0. 1. 0. 0.]
 [0. 1. 0. 0.]
 [1. 0. 0. 0.]
 [0. 0. 1. 0.]
 [0. 0. 0. 1.]
 [0. 0. 1. 0.]
 [1. 0. 0. 0.]
 [0. 1. 0. 0.]
 [0. 1. 0. 0.]
 [1. 0. 0. 0.]
 [0. 0. 1. 0.]
 [0. 0. 0. 1.]
 [1. 0. 0. 0.]
 [0. 0. 0. 1.]]
States:
[[0.6 1. ]
 [0.6 0.9]
 [0.6 1. ]
 [0.6 1. ]
 [0.6 1. ]
 [0.6 1. ]
 [0.6 1. ]
 [0.6 1. ]
 [0.7 1. ]
 [0.6 1. ]
 [0.6 1. ]
 [0.6 1. ]
 [0.6 1. ]
 [0.6 1. ]
 [0.7 1. ]
 [0.6 1. ]
 [0.6 0.9]
 [0.6 0.9]
 [0.7 0.9]
 [0.7 1. ]
 [0.7 1. ]
 [0.8 1. ]
 [0.7 1. ]
 [0.7 0.9]
 [0.8 0.9]]
Logstds:
[[0. 0. 0. 0.]
 [0. 0. 0. 0.]
 [0. 0. 0. 0.]
 [0. 0. 0. 0.]
 [0. 0. 0. 0.]
 [0. 0. 0. 0.]
 [0. 0. 0. 0.]
 [0. 0. 0. 0.]
 [0. 0. 0. 0.]
 [0. 0. 0. 0.]
 [0. 0. 0. 0.]
 [0. 0. 0. 0.]
 [0. 0. 0. 0.]
 [0. 0. 0. 0.]
 [0. 0. 0. 0.]
 [0. 0. 0. 0.]
 [0. 0. 0. 0.]
 [0. 0. 0. 0.]
 [0. 0. 0. 0.]
 [0. 0. 0. 0.]
 [0. 0. 0. 0.]
 [0. 0. 0. 0.]
 [0. 0. 0. 0.]
 [0. 0. 0. 0.]
 [0. 0. 0. 0.]]
