Baseline:
[-13.010557  -12.689554  -12.368553  -12.689554  -12.975644  -12.689554
 -12.368553  -12.689554  -12.368553  -12.654371  -12.368553  -12.049365
 -11.7305565 -12.049365  -12.335629  -12.621895  -12.335629  -12.654371
 -12.335629  -12.621895  -12.335629  -12.335629  -12.654371  -12.940703
 -13.261482  -13.261482 ]
Returns:
[-20.00182439 -19.24018372 -18.49573801 -18.21244351 -18.00781618
 -17.34994824 -16.50601645 -16.11799976 -15.20922859 -14.89388147
 -14.12984086 -13.1736916  -12.22475288 -11.72648804 -11.27193568
 -10.76410768  -9.81212262  -9.0987733   -7.84794889  -7.15991106
  -6.01823144  -4.66206857  -3.67766376  -2.72791231  -1.55160427]
Advants:
[-8.18460325 -8.04821904 -7.94185128 -7.66295336 -7.51017747 -7.49362903
 -7.3400173  -7.00985083 -6.8150274  -6.62168954 -6.57124629 -6.37880528
 -6.21157435 -5.87156297 -5.6255349  -5.34382155 -5.21353932 -4.73057877
 -4.3655778  -3.97653224 -3.72977447 -2.99217464 -2.31998226 -1.73037267
 -0.88852978]
Mus:
[[0.25962454 0.2985617  0.2302689  0.21154492]
 [0.25969306 0.2955919  0.23233508 0.21237999]
 [0.2596946  0.292632   0.2344327  0.21324068]
 [0.25969306 0.2955919  0.23233508 0.21237999]
 [0.25957286 0.2974508  0.23138697 0.21158926]
 [0.25969306 0.2955919  0.23233508 0.21237999]
 [0.2596946  0.292632   0.2344327  0.21324068]
 [0.25969306 0.2955919  0.23233508 0.21237999]
 [0.2596946  0.292632   0.2344327  0.21324068]
 [0.259691   0.29433227 0.23337223 0.2126045 ]
 [0.2596946  0.292632   0.2344327  0.21324068]
 [0.2596395  0.28929067 0.23689438 0.21417549]
 [0.25992283 0.28558153 0.23953931 0.21495633]
 [0.2596395  0.28929067 0.23689438 0.21417549]
 [0.26016685 0.29051405 0.23579814 0.21352105]
 [0.26112112 0.29140964 0.2347545  0.2127147 ]
 [0.26016685 0.29051405 0.23579814 0.21352105]
 [0.259691   0.29433227 0.23337223 0.2126045 ]
 [0.26016685 0.29051405 0.23579814 0.21352105]
 [0.26112112 0.29140964 0.2347545  0.2127147 ]
 [0.26016685 0.29051405 0.23579814 0.21352105]
 [0.26016685 0.29051405 0.23579814 0.21352105]
 [0.259691   0.29433227 0.23337223 0.2126045 ]
 [0.26043135 0.2953836  0.23232113 0.21186392]
 [0.25988448 0.29883233 0.23036462 0.21091855]]
Actions:
[[0. 0. 0. 1.]
 [0. 0. 0. 1.]
 [0. 1. 0. 0.]
 [1. 0. 0. 0.]
 [0. 0. 1. 0.]
 [0. 0. 0. 1.]
 [0. 1. 0. 0.]
 [0. 0. 0. 1.]
 [1. 0. 0. 0.]
 [0. 0. 1. 0.]
 [0. 0. 0. 1.]
 [0. 0. 0. 1.]
 [0. 1. 0. 0.]
 [1. 0. 0. 0.]
 [1. 0. 0. 0.]
 [0. 0. 1. 0.]
 [0. 1. 0. 0.]
 [0. 0. 0. 1.]
 [1. 0. 0. 0.]
 [0. 0. 1. 0.]
 [0. 0. 0. 1.]
 [0. 1. 0. 0.]
 [1. 0. 0. 0.]
 [0. 1. 0. 0.]
 [0. 0. 1. 0.]]
States:
[[0.7 0.9]
 [0.7 0.8]
 [0.7 0.7]
 [0.7 0.8]
 [0.8 0.8]
 [0.7 0.8]
 [0.7 0.7]
 [0.7 0.8]
 [0.7 0.7]
 [0.8 0.7]
 [0.7 0.7]
 [0.7 0.6]
 [0.7 0.5]
 [0.7 0.6]
 [0.8 0.6]
 [0.9 0.6]
 [0.8 0.6]
 [0.8 0.7]
 [0.8 0.6]
 [0.9 0.6]
 [0.8 0.6]
 [0.8 0.6]
 [0.8 0.7]
 [0.9 0.7]
 [0.9 0.8]]
Logstds:
[[0. 0. 0. 0.]
 [0. 0. 0. 0.]
 [0. 0. 0. 0.]
 [0. 0. 0. 0.]
 [0. 0. 0. 0.]
 [0. 0. 0. 0.]
 [0. 0. 0. 0.]
 [0. 0. 0. 0.]
 [0. 0. 0. 0.]
 [0. 0. 0. 0.]
 [0. 0. 0. 0.]
 [0. 0. 0. 0.]
 [0. 0. 0. 0.]
 [0. 0. 0. 0.]
 [0. 0. 0. 0.]
 [0. 0. 0. 0.]
 [0. 0. 0. 0.]
 [0. 0. 0. 0.]
 [0. 0. 0. 0.]
 [0. 0. 0. 0.]
 [0. 0. 0. 0.]
 [0. 0. 0. 0.]
 [0. 0. 0. 0.]
 [0. 0. 0. 0.]
 [0. 0. 0. 0.]]
