Baseline:
[ -9.854476 -10.182598 -10.51413  -10.51413  -10.849966 -10.560854
 -10.274066  -9.943089 -10.226902  -9.943089  -9.665708  -9.389868
  -9.665708  -9.338425  -9.615635  -9.338425  -9.615635  -9.290213
  -9.615635  -9.338425  -9.615635  -9.290213  -9.569428  -9.854476
  -9.569428  -9.569428]
Returns:
[-14.74412644 -14.31399358 -13.79591893 -13.33561042 -12.70111037
 -12.26673014 -11.8655678  -11.25844691 -10.75422712 -10.35552453
  -9.98672158  -9.64591303  -9.15603998  -8.53444981  -8.00305836
  -7.58910071  -7.00795405  -6.30439726  -5.51364589  -4.96866653
  -4.24960228  -3.40086908  -2.61657527  -1.7406484   -0.96295929]
Advants:
[-6.06884606 -5.53881968 -4.91060658 -4.67631402 -3.92123832 -4.00507445
 -4.13578378 -4.11706181 -3.58400661 -3.74226285 -3.94442803 -4.19604753
 -3.75021039 -3.79392611 -3.32713307 -3.557084   -3.07011505 -3.0833113
 -2.35728341 -2.50461556 -1.92798977 -1.84389157 -1.22411778 -0.50877311
 -0.48448753]
Mus:
[[0.25659248 0.26101372 0.27890578 0.20348805]
 [0.25705484 0.26384923 0.2774117  0.20168422]
 [0.25700617 0.2663656  0.27639094 0.20023732]
 [0.25700617 0.2663656  0.27639094 0.20023732]
 [0.25725248 0.26884857 0.2747546  0.19914436]
 [0.2526539  0.2689793  0.27774104 0.20062578]
 [0.24827895 0.26860222 0.2809211  0.20219773]
 [0.24881975 0.26536024 0.2818042  0.20401584]
 [0.25309172 0.26599646 0.27871954 0.20219229]
 [0.24881975 0.26536024 0.2818042  0.20401584]
 [0.24464242 0.26394394 0.28564692 0.20576672]
 [0.24081329 0.26245892 0.28949165 0.20723614]
 [0.24464242 0.26394394 0.28564692 0.20576672]
 [0.2438608  0.26109055 0.28721163 0.207837  ]
 [0.24854293 0.26212177 0.28331977 0.20601548]
 [0.2438608  0.26109055 0.28721163 0.207837  ]
 [0.24854293 0.26212177 0.28331977 0.20601548]
 [0.24808921 0.25947255 0.28498164 0.20745656]
 [0.24854293 0.26212177 0.28331977 0.20601548]
 [0.2438608  0.26109055 0.28721163 0.207837  ]
 [0.24854293 0.26212177 0.28331977 0.20601548]
 [0.24808921 0.25947255 0.28498164 0.20745656]
 [0.2528523  0.26022097 0.28171742 0.20520934]
 [0.25659248 0.26101372 0.27890578 0.20348805]
 [0.2528523  0.26022097 0.28171742 0.20520934]]
Actions:
[[0. 1. 0. 0.]
 [0. 1. 0. 0.]
 [1. 0. 0. 0.]
 [0. 1. 0. 0.]
 [0. 0. 1. 0.]
 [0. 0. 1. 0.]
 [0. 0. 0. 1.]
 [1. 0. 0. 0.]
 [0. 0. 1. 0.]
 [0. 0. 1. 0.]
 [0. 0. 1. 0.]
 [1. 0. 0. 0.]
 [0. 0. 0. 1.]
 [1. 0. 0. 0.]
 [0. 0. 1. 0.]
 [1. 0. 0. 0.]
 [0. 0. 0. 1.]
 [0. 1. 0. 0.]
 [0. 0. 1. 0.]
 [1. 0. 0. 0.]
 [0. 0. 0. 1.]
 [1. 0. 0. 0.]
 [1. 0. 0. 0.]
 [0. 0. 1. 0.]
 [1. 0. 0. 0.]]
States:
[[0.4 0. ]
 [0.4 0.1]
 [0.4 0.2]
 [0.4 0.2]
 [0.4 0.3]
 [0.3 0.3]
 [0.2 0.3]
 [0.2 0.2]
 [0.3 0.2]
 [0.2 0.2]
 [0.1 0.2]
 [0.  0.2]
 [0.1 0.2]
 [0.1 0.1]
 [0.2 0.1]
 [0.1 0.1]
 [0.2 0.1]
 [0.2 0. ]
 [0.2 0.1]
 [0.1 0.1]
 [0.2 0.1]
 [0.2 0. ]
 [0.3 0. ]
 [0.4 0. ]
 [0.3 0. ]]
Logstds:
[[0. 0. 0. 0.]
 [0. 0. 0. 0.]
 [0. 0. 0. 0.]
 [0. 0. 0. 0.]
 [0. 0. 0. 0.]
 [0. 0. 0. 0.]
 [0. 0. 0. 0.]
 [0. 0. 0. 0.]
 [0. 0. 0. 0.]
 [0. 0. 0. 0.]
 [0. 0. 0. 0.]
 [0. 0. 0. 0.]
 [0. 0. 0. 0.]
 [0. 0. 0. 0.]
 [0. 0. 0. 0.]
 [0. 0. 0. 0.]
 [0. 0. 0. 0.]
 [0. 0. 0. 0.]
 [0. 0. 0. 0.]
 [0. 0. 0. 0.]
 [0. 0. 0. 0.]
 [0. 0. 0. 0.]
 [0. 0. 0. 0.]
 [0. 0. 0. 0.]
 [0. 0. 0. 0.]]
