Baseline:
[-14.731604 -14.433168 -14.136171 -14.433168 -14.088228 -14.387054
 -14.041521 -13.743559 -13.446293 -13.791232 -13.494233 -13.149395
 -12.804627 -12.461644 -12.758057 -13.10161  -13.446293 -13.743559
 -14.041521 -14.340076 -14.685799 -15.030469 -15.030469 -15.030469
 -14.731604 -14.731604]
Returns:
[-25.18293425 -24.57530395 -23.98009768 -23.46768319 -22.65179408
 -22.09021644 -21.22357448 -20.55475608 -19.90171524 -19.11356545
 -18.35546569 -17.44205279 -16.55410284 -15.69214802 -15.01035006
 -14.09295767 -13.06419541 -12.09264029 -11.03235108  -9.87936302
  -8.44903867  -6.87926736  -5.16225855  -3.5480895   -1.75704241]
Advants:
[-10.94641892 -10.99307388 -11.07180532 -10.64641163 -10.57762845
 -10.12703945 -10.03453996 -10.11733447 -10.24285244  -9.59701273
  -9.65040812  -9.62257214  -9.64939286  -9.73293075  -9.37830241
  -8.75506225  -8.03116946  -7.42799129  -6.75007928  -5.99193845
  -4.91343445  -3.69674741  -2.68383059  -1.78381013  -1.02046204]
Mus:
[[0.2706434  0.28583634 0.2552865  0.18823378]
 [0.26870295 0.2868224  0.25630587 0.18816872]
 [0.26617014 0.28751493 0.25787565 0.18843928]
 [0.26870295 0.2868224  0.25630587 0.18816872]
 [0.2695251  0.2841426  0.25720325 0.189129  ]
 [0.27166337 0.28295982 0.255776   0.18960084]
 [0.2725661  0.28009844 0.25645533 0.1908801 ]
 [0.27068874 0.28129444 0.25799772 0.1900191 ]
 [0.26765636 0.28250727 0.25977683 0.19005963]
 [0.26682475 0.28523836 0.25864798 0.18928894]
 [0.26390362 0.28572625 0.26089567 0.18947445]
 [0.26445377 0.28340918 0.26194772 0.19018933]
 [0.26514602 0.28084964 0.26286966 0.19113463]
 [0.26512167 0.27805102 0.26441002 0.19241728]
 [0.26911014 0.2769358  0.26196045 0.19199364]
 [0.2689665  0.279596   0.2607683  0.19066921]
 [0.26765636 0.28250727 0.25977683 0.19005963]
 [0.27068874 0.28129444 0.25799772 0.1900191 ]
 [0.2725661  0.28009844 0.25645533 0.1908801 ]
 [0.27422976 0.27943453 0.254839   0.19149671]
 [0.27305228 0.28239107 0.25450468 0.19005197]
 [0.27188736 0.28559473 0.2541659  0.18835205]
 [0.27188736 0.28559473 0.2541659  0.18835205]
 [0.27188736 0.28559473 0.2541659  0.18835205]
 [0.2706434  0.28583634 0.2552865  0.18823378]]
Actions:
[[0. 0. 1. 0.]
 [0. 0. 1. 0.]
 [1. 0. 0. 0.]
 [0. 0. 0. 1.]
 [1. 0. 0. 0.]
 [0. 0. 0. 1.]
 [0. 0. 1. 0.]
 [0. 0. 1. 0.]
 [0. 1. 0. 0.]
 [0. 0. 1. 0.]
 [0. 0. 0. 1.]
 [0. 0. 0. 1.]
 [0. 0. 0. 1.]
 [1. 0. 0. 0.]
 [0. 1. 0. 0.]
 [0. 1. 0. 0.]
 [1. 0. 0. 0.]
 [1. 0. 0. 0.]
 [1. 0. 0. 0.]
 [0. 1. 0. 0.]
 [0. 1. 0. 0.]
 [0. 1. 0. 0.]
 [1. 0. 0. 0.]
 [0. 0. 1. 0.]
 [1. 0. 0. 0.]]
States:
[[0.9 1. ]
 [0.8 1. ]
 [0.7 1. ]
 [0.8 1. ]
 [0.8 0.9]
 [0.9 0.9]
 [0.9 0.8]
 [0.8 0.8]
 [0.7 0.8]
 [0.7 0.9]
 [0.6 0.9]
 [0.6 0.8]
 [0.6 0.7]
 [0.6 0.6]
 [0.7 0.6]
 [0.7 0.7]
 [0.7 0.8]
 [0.8 0.8]
 [0.9 0.8]
 [1.  0.8]
 [1.  0.9]
 [1.  1. ]
 [1.  1. ]
 [1.  1. ]
 [0.9 1. ]]
Logstds:
[[0. 0. 0. 0.]
 [0. 0. 0. 0.]
 [0. 0. 0. 0.]
 [0. 0. 0. 0.]
 [0. 0. 0. 0.]
 [0. 0. 0. 0.]
 [0. 0. 0. 0.]
 [0. 0. 0. 0.]
 [0. 0. 0. 0.]
 [0. 0. 0. 0.]
 [0. 0. 0. 0.]
 [0. 0. 0. 0.]
 [0. 0. 0. 0.]
 [0. 0. 0. 0.]
 [0. 0. 0. 0.]
 [0. 0. 0. 0.]
 [0. 0. 0. 0.]
 [0. 0. 0. 0.]
 [0. 0. 0. 0.]
 [0. 0. 0. 0.]
 [0. 0. 0. 0.]
 [0. 0. 0. 0.]
 [0. 0. 0. 0.]
 [0. 0. 0. 0.]
 [0. 0. 0. 0.]]
