Baseline:
[-2.171856  -2.109273  -2.0678494 -2.0276268 -2.091971  -2.052579
 -1.987933  -1.9481996 -1.909125  -1.9743701 -1.9373027 -2.003695
 -1.969565  -2.0365481 -1.969565  -1.9025892 -1.8359714 -1.872343
 -1.872343  -1.872343  -1.8359714 -1.872343  -1.909125  -1.8434538
 -1.909125  -1.909125 ]
Returns:
[-14.65862264 -14.14307659 -13.70383745 -13.27817672 -12.91398092
 -12.44094593 -11.91460792 -11.46688403 -11.03043551 -10.656663
 -10.16838808  -9.73964259  -9.1909225   -8.70071801  -8.01916169
  -7.3473481   -6.68618661  -6.18383169  -5.47389463  -4.72659246
  -4.00676738  -3.36339039  -2.65557139  -1.72619009  -0.90660566]
Advants:
[-10.12464959  -9.84264398  -9.61804558  -9.40866001  -9.15791592
  -8.90380312  -8.62265566  -8.39797184  -8.18722994  -7.93716505
  -7.67705176  -7.37397369  -7.05188894  -6.68637324  -6.26079246
  -5.84234065  -5.43167258  -5.07582392  -4.54238675  -3.96350757
  -3.44168672  -2.91631675  -2.31621632  -1.58260386  -0.81114948]
Mus:
[[0.259691   0.29433227 0.23337223 0.2126045 ]
 [0.26016685 0.29051405 0.23579814 0.21352105]
 [0.2596395  0.28929067 0.23689438 0.21417549]
 [0.25979668 0.28729433 0.238097   0.21481194]
 [0.2597676  0.29067332 0.23568544 0.21387368]
 [0.25922516 0.2882292  0.23727782 0.21526782]
 [0.2595157  0.2845408  0.23981252 0.21613093]
 [0.25861856 0.28220642 0.2415794  0.21759559]
 [0.2578627  0.28150547 0.24215011 0.21848173]
 [0.25779495 0.28501284 0.23922966 0.21796256]
 [0.25680903 0.28386763 0.23996964 0.2193537 ]
 [0.25630412 0.2866494  0.23789486 0.21915166]
 [0.25568086 0.28524476 0.23822485 0.22084953]
 [0.25544986 0.28817207 0.23637344 0.22000466]
 [0.25568086 0.28524476 0.23822485 0.22084953]
 [0.25595528 0.2827253  0.24014407 0.22117534]
 [0.25631383 0.28038588 0.24212594 0.22117443]
 [0.25720176 0.2809932  0.24223013 0.21957496]
 [0.25720176 0.2809932  0.24223013 0.21957496]
 [0.25720176 0.2809932  0.24223013 0.21957496]
 [0.25631383 0.28038588 0.24212594 0.22117443]
 [0.25720176 0.2809932  0.24223013 0.21957496]
 [0.2578627  0.28150547 0.24215011 0.21848173]
 [0.25790602 0.27819282 0.24526347 0.21863773]
 [0.2578627  0.28150547 0.24215011 0.21848173]]
Actions:
[[0. 0. 0. 1.]
 [0. 0. 1. 0.]
 [0. 0. 1. 0.]
 [0. 1. 0. 0.]
 [0. 0. 1. 0.]
 [0. 0. 0. 1.]
 [0. 0. 1. 0.]
 [0. 0. 1. 0.]
 [0. 1. 0. 0.]
 [0. 0. 1. 0.]
 [0. 1. 0. 0.]
 [0. 0. 1. 0.]
 [0. 1. 0. 0.]
 [0. 0. 0. 1.]
 [0. 0. 0. 1.]
 [0. 0. 0. 1.]
 [1. 0. 0. 0.]
 [0. 0. 0. 1.]
 [0. 0. 0. 1.]
 [0. 0. 1. 0.]
 [1. 0. 0. 0.]
 [1. 0. 0. 0.]
 [0. 0. 0. 1.]
 [0. 1. 0. 0.]
 [0. 1. 0. 0.]]
States:
[[0.8 0.7]
 [0.8 0.6]
 [0.7 0.6]
 [0.6 0.6]
 [0.6 0.7]
 [0.5 0.7]
 [0.5 0.6]
 [0.4 0.6]
 [0.3 0.6]
 [0.3 0.7]
 [0.2 0.7]
 [0.2 0.8]
 [0.1 0.8]
 [0.1 0.9]
 [0.1 0.8]
 [0.1 0.7]
 [0.1 0.6]
 [0.2 0.6]
 [0.2 0.6]
 [0.2 0.6]
 [0.1 0.6]
 [0.2 0.6]
 [0.3 0.6]
 [0.3 0.5]
 [0.3 0.6]]
Logstds:
[[0. 0. 0. 0.]
 [0. 0. 0. 0.]
 [0. 0. 0. 0.]
 [0. 0. 0. 0.]
 [0. 0. 0. 0.]
 [0. 0. 0. 0.]
 [0. 0. 0. 0.]
 [0. 0. 0. 0.]
 [0. 0. 0. 0.]
 [0. 0. 0. 0.]
 [0. 0. 0. 0.]
 [0. 0. 0. 0.]
 [0. 0. 0. 0.]
 [0. 0. 0. 0.]
 [0. 0. 0. 0.]
 [0. 0. 0. 0.]
 [0. 0. 0. 0.]
 [0. 0. 0. 0.]
 [0. 0. 0. 0.]
 [0. 0. 0. 0.]
 [0. 0. 0. 0.]
 [0. 0. 0. 0.]
 [0. 0. 0. 0.]
 [0. 0. 0. 0.]
 [0. 0. 0. 0.]]
