Baseline:
[-5.2949977 -5.475829  -5.475829  -5.6778255 -5.493048  -5.6778255
 -5.493048  -5.697866  -5.8846445 -5.6778255 -5.493048  -5.697866
 -5.8846445 -6.100046  -5.9088287 -6.100046  -5.9088287 -6.100046
 -6.3165054 -6.5092907 -6.3165054 -6.100046  -5.8846445 -6.100046
 -5.9088287 -5.9088287]
Returns:
[-14.49575748 -14.36119126 -14.08521086 -13.79304767 -13.51064331
 -13.27568544 -12.96605149 -12.60448346 -12.27338581 -11.76945993
 -11.38055095 -10.93553552 -10.51659851  -9.93508344  -9.33410374
  -8.78309404  -8.12148332  -7.50665149  -6.71605734  -5.93887371
  -5.02061135  -4.01528893  -3.01537574  -2.03905947  -1.02249956]
Advants:
[-8.27107178 -8.15128141 -8.07903624 -7.79068451 -7.91337764 -7.71974973
 -7.83640012 -7.51457803 -7.24608232 -7.21041122 -7.28367248 -6.91476508
 -6.59517298 -6.08410694 -5.97187288 -5.52956418 -5.37009018 -4.8765173
 -4.1774133  -3.51162839 -3.0938103  -2.61441636 -2.14147412 -1.25100996
 -0.72705793]
Mus:
[[0.24808921 0.25947255 0.28498164 0.20745656]
 [0.2528523  0.26022097 0.28171742 0.20520934]
 [0.2528523  0.26022097 0.28171742 0.20520934]
 [0.25334868 0.26303935 0.2801229  0.20348899]
 [0.24854293 0.26212177 0.28331977 0.20601548]
 [0.25334868 0.26303935 0.2801229  0.20348899]
 [0.24854293 0.26212177 0.28331977 0.20601548]
 [0.24881975 0.26536024 0.2818042  0.20401584]
 [0.25309172 0.26599646 0.27871954 0.20219229]
 [0.25334868 0.26303935 0.2801229  0.20348899]
 [0.24854293 0.26212177 0.28331977 0.20601548]
 [0.24881975 0.26536024 0.2818042  0.20401584]
 [0.25309172 0.26599646 0.27871954 0.20219229]
 [0.2526539  0.2689793  0.27774104 0.20062578]
 [0.24827895 0.26860222 0.2809211  0.20219773]
 [0.2526539  0.2689793  0.27774104 0.20062578]
 [0.24827895 0.26860222 0.2809211  0.20219773]
 [0.2526539  0.2689793  0.27774104 0.20062578]
 [0.2523132  0.27232686 0.27621904 0.19914082]
 [0.25677955 0.27203348 0.2734272  0.19775978]
 [0.2523132  0.27232686 0.27621904 0.19914082]
 [0.2526539  0.2689793  0.27774104 0.20062578]
 [0.25309172 0.26599646 0.27871954 0.20219229]
 [0.2526539  0.2689793  0.27774104 0.20062578]
 [0.24827895 0.26860222 0.2809211  0.20219773]]
Actions:
[[1. 0. 0. 0.]
 [0. 0. 0. 1.]
 [0. 1. 0. 0.]
 [0. 0. 1. 0.]
 [1. 0. 0. 0.]
 [0. 0. 1. 0.]
 [0. 1. 0. 0.]
 [1. 0. 0. 0.]
 [0. 0. 0. 1.]
 [0. 0. 1. 0.]
 [0. 1. 0. 0.]
 [1. 0. 0. 0.]
 [0. 1. 0. 0.]
 [0. 0. 1. 0.]
 [1. 0. 0. 0.]
 [0. 0. 1. 0.]
 [1. 0. 0. 0.]
 [0. 1. 0. 0.]
 [1. 0. 0. 0.]
 [0. 0. 1. 0.]
 [0. 0. 0. 1.]
 [0. 0. 0. 1.]
 [0. 1. 0. 0.]
 [0. 0. 1. 0.]
 [0. 0. 1. 0.]]
States:
[[0.2 0. ]
 [0.3 0. ]
 [0.3 0. ]
 [0.3 0.1]
 [0.2 0.1]
 [0.3 0.1]
 [0.2 0.1]
 [0.2 0.2]
 [0.3 0.2]
 [0.3 0.1]
 [0.2 0.1]
 [0.2 0.2]
 [0.3 0.2]
 [0.3 0.3]
 [0.2 0.3]
 [0.3 0.3]
 [0.2 0.3]
 [0.3 0.3]
 [0.3 0.4]
 [0.4 0.4]
 [0.3 0.4]
 [0.3 0.3]
 [0.3 0.2]
 [0.3 0.3]
 [0.2 0.3]]
Logstds:
[[0. 0. 0. 0.]
 [0. 0. 0. 0.]
 [0. 0. 0. 0.]
 [0. 0. 0. 0.]
 [0. 0. 0. 0.]
 [0. 0. 0. 0.]
 [0. 0. 0. 0.]
 [0. 0. 0. 0.]
 [0. 0. 0. 0.]
 [0. 0. 0. 0.]
 [0. 0. 0. 0.]
 [0. 0. 0. 0.]
 [0. 0. 0. 0.]
 [0. 0. 0. 0.]
 [0. 0. 0. 0.]
 [0. 0. 0. 0.]
 [0. 0. 0. 0.]
 [0. 0. 0. 0.]
 [0. 0. 0. 0.]
 [0. 0. 0. 0.]
 [0. 0. 0. 0.]
 [0. 0. 0. 0.]
 [0. 0. 0. 0.]
 [0. 0. 0. 0.]
 [0. 0. 0. 0.]]
