Baseline:
[-11.622569  -11.2942915 -10.996692  -10.698133  -10.375618  -10.698133
 -10.996692  -10.698133  -10.996692  -10.668712  -10.996692  -10.668712
 -10.966638  -11.264683  -11.563332  -11.563332  -11.893266  -11.893266
 -11.893266  -12.222819  -12.55186   -12.250389  -12.250389  -12.250389
 -11.950833  -11.950833 ]
Returns:
[-18.850917   -18.30466059 -17.96907667 -17.6724827  -17.23577145
 -16.8282198  -16.47140243 -16.0959835  -15.70062737 -15.10753812
 -14.54774507 -13.8939778  -13.40000195 -12.8391466  -12.20798893
 -11.50297009 -10.6323399   -9.78535019  -8.89378207  -7.827054
  -6.64289146  -5.44431178  -4.11589087  -2.71755307  -1.36471641]
Advants:
[-7.79731247 -7.84461727 -8.09334119 -8.40649818 -8.6264724  -8.23646326
 -7.92984458 -8.22907375 -7.92182558 -8.06812319 -7.59934613 -7.71817262
 -7.38426823 -6.99581682 -6.54777844 -6.34376323 -5.64975074 -5.32626953
 -4.97523188 -4.12234208 -3.1520214  -2.81629494 -2.05599483 -1.23092688
 -0.76717472]
Mus:
[[0.27073106 0.2681101  0.2649357  0.19622315]
 [0.27025497 0.26483846 0.26748982 0.19741683]
 [0.2674641  0.2657798  0.26870856 0.19804758]
 [0.26433307 0.26634073 0.27074865 0.19857754]
 [0.2634895  0.26353425 0.27297568 0.20000052]
 [0.26433307 0.26634073 0.27074865 0.19857754]
 [0.2674641  0.2657798  0.26870856 0.19804758]
 [0.26433307 0.26634073 0.27074865 0.19857754]
 [0.2674641  0.2657798  0.26870856 0.19804758]
 [0.2667143  0.2626433  0.2712128  0.19942966]
 [0.2674641  0.2657798  0.26870856 0.19804758]
 [0.2667143  0.2626433  0.2712128  0.19942966]
 [0.26942575 0.26173177 0.27014214 0.1987003 ]
 [0.2716644  0.26121718 0.26908854 0.1980299 ]
 [0.27337047 0.26058477 0.26844305 0.19760163]
 [0.27337047 0.26058477 0.26844305 0.19760163]
 [0.27411455 0.26293564 0.2663685  0.19658132]
 [0.27411455 0.26293564 0.2663685  0.19658132]
 [0.27411455 0.26293564 0.2663685  0.19658132]
 [0.2746262  0.26567322 0.26405904 0.19564156]
 [0.27479967 0.26894513 0.26138732 0.19486786]
 [0.27307528 0.27008778 0.26181394 0.19502299]
 [0.27307528 0.27008778 0.26181394 0.19502299]
 [0.27307528 0.27008778 0.26181394 0.19502299]
 [0.2712291  0.27111375 0.2626056  0.1950515 ]]
Actions:
[[0. 0. 0. 1.]
 [0. 0. 1. 0.]
 [0. 0. 1. 0.]
 [0. 0. 0. 1.]
 [0. 1. 0. 0.]
 [1. 0. 0. 0.]
 [0. 0. 1. 0.]
 [1. 0. 0. 0.]
 [0. 0. 0. 1.]
 [0. 1. 0. 0.]
 [0. 0. 0. 1.]
 [1. 0. 0. 0.]
 [1. 0. 0. 0.]
 [1. 0. 0. 0.]
 [1. 0. 0. 0.]
 [0. 1. 0. 0.]
 [1. 0. 0. 0.]
 [1. 0. 0. 0.]
 [0. 1. 0. 0.]
 [0. 1. 0. 0.]
 [0. 0. 1. 0.]
 [0. 1. 0. 0.]
 [0. 1. 0. 0.]
 [0. 0. 1. 0.]
 [1. 0. 0. 0.]]
States:
[[0.8 0.3]
 [0.8 0.2]
 [0.7 0.2]
 [0.6 0.2]
 [0.6 0.1]
 [0.6 0.2]
 [0.7 0.2]
 [0.6 0.2]
 [0.7 0.2]
 [0.7 0.1]
 [0.7 0.2]
 [0.7 0.1]
 [0.8 0.1]
 [0.9 0.1]
 [1.  0.1]
 [1.  0.1]
 [1.  0.2]
 [1.  0.2]
 [1.  0.2]
 [1.  0.3]
 [1.  0.4]
 [0.9 0.4]
 [0.9 0.4]
 [0.9 0.4]
 [0.8 0.4]]
Logstds:
[[0. 0. 0. 0.]
 [0. 0. 0. 0.]
 [0. 0. 0. 0.]
 [0. 0. 0. 0.]
 [0. 0. 0. 0.]
 [0. 0. 0. 0.]
 [0. 0. 0. 0.]
 [0. 0. 0. 0.]
 [0. 0. 0. 0.]
 [0. 0. 0. 0.]
 [0. 0. 0. 0.]
 [0. 0. 0. 0.]
 [0. 0. 0. 0.]
 [0. 0. 0. 0.]
 [0. 0. 0. 0.]
 [0. 0. 0. 0.]
 [0. 0. 0. 0.]
 [0. 0. 0. 0.]
 [0. 0. 0. 0.]
 [0. 0. 0. 0.]
 [0. 0. 0. 0.]
 [0. 0. 0. 0.]
 [0. 0. 0. 0.]
 [0. 0. 0. 0.]
 [0. 0. 0. 0.]]
