Baseline:
[-4.9359884 -4.823756  -4.6932874 -4.5807567 -4.713122  -4.823756
 -4.6932874 -4.568405  -4.4474354 -4.568405  -4.6932874 -4.568405
 -4.452977  -4.331386  -4.215921  -4.3401895 -4.452977  -4.5807567
 -4.4692745 -4.357864  -4.49106   -4.6273723 -4.7661667 -4.6595783
 -4.5533557 -4.5533557]
Returns:
[-15.98868036 -15.53569529 -14.99997488 -14.58089807 -14.28583976
 -13.97849004 -13.36081145 -12.75924279 -12.17548975 -11.81431723
 -11.3846073  -10.67902789 -10.0843068   -9.40025752  -8.82494769
  -8.3619775   -7.8589719   -7.25935397  -6.46979819  -5.67604829
  -4.98729706  -4.21357137  -3.35014952  -2.28582696  -1.2028209 ]
Advants:
[-9.49318703 -9.35088181 -9.14844946 -9.05251882 -8.84043359 -8.64320466
 -8.38048727 -8.13267411 -7.90394809 -7.66088987 -7.34859644 -7.01287939
 -6.78461193 -6.47716785 -6.27983905 -5.95931728 -5.61391701 -5.15744963
 -4.75241465 -4.34526974 -3.79653923 -3.15484666 -2.41283948 -1.70786001
 -0.97515297]
Mus:
[[0.26168966 0.28449368 0.24018049 0.21363623]
 [0.26083913 0.28319848 0.24141394 0.21454845]
 [0.2609231  0.27987248 0.24427333 0.21493107]
 [0.26020825 0.27856544 0.24543029 0.21579607]
 [0.260012   0.28206024 0.24247386 0.21545391]
 [0.26083913 0.28319848 0.24141394 0.21454845]
 [0.2609231  0.27987248 0.24427333 0.21493107]
 [0.26139328 0.27560148 0.24711154 0.21589369]
 [0.26190236 0.27079847 0.2499197  0.21737947]
 [0.26139328 0.27560148 0.24711154 0.21589369]
 [0.2609231  0.27987248 0.24427333 0.21493107]
 [0.26139328 0.27560148 0.24711154 0.21589369]
 [0.26097056 0.27460286 0.24770978 0.21671683]
 [0.26163644 0.27011475 0.25023127 0.21801755]
 [0.26117095 0.26926658 0.25090307 0.21865943]
 [0.2602806  0.27327022 0.24897115 0.21747795]
 [0.26097056 0.27460286 0.24770978 0.21671683]
 [0.26020825 0.27856544 0.24543029 0.21579607]
 [0.25950196 0.2771861  0.24672976 0.21658213]
 [0.25866643 0.2754603  0.24826841 0.2176048 ]
 [0.25890708 0.27817583 0.24605037 0.21686669]
 [0.25942633 0.28104374 0.242887   0.21664292]
 [0.2595157  0.2845408  0.23981252 0.21613093]
 [0.25861856 0.28220642 0.2415794  0.21759559]
 [0.2578627  0.28150547 0.24215011 0.21848173]]
Actions:
[[0. 0. 1. 0.]
 [0. 0. 0. 1.]
 [0. 0. 1. 0.]
 [0. 1. 0. 0.]
 [1. 0. 0. 0.]
 [0. 0. 0. 1.]
 [0. 0. 0. 1.]
 [0. 0. 0. 1.]
 [0. 1. 0. 0.]
 [0. 1. 0. 0.]
 [0. 0. 0. 1.]
 [0. 0. 1. 0.]
 [0. 0. 0. 1.]
 [0. 0. 1. 0.]
 [0. 1. 0. 0.]
 [1. 0. 0. 0.]
 [0. 1. 0. 0.]
 [0. 0. 1. 0.]
 [0. 0. 1. 0.]
 [0. 1. 0. 0.]
 [0. 1. 0. 0.]
 [0. 1. 0. 0.]
 [0. 0. 1. 0.]
 [0. 0. 1. 0.]
 [0. 0. 0. 1.]]
States:
[[0.9 0.4]
 [0.8 0.4]
 [0.8 0.3]
 [0.7 0.3]
 [0.7 0.4]
 [0.8 0.4]
 [0.8 0.3]
 [0.8 0.2]
 [0.8 0.1]
 [0.8 0.2]
 [0.8 0.3]
 [0.8 0.2]
 [0.7 0.2]
 [0.7 0.1]
 [0.6 0.1]
 [0.6 0.2]
 [0.7 0.2]
 [0.7 0.3]
 [0.6 0.3]
 [0.5 0.3]
 [0.5 0.4]
 [0.5 0.5]
 [0.5 0.6]
 [0.4 0.6]
 [0.3 0.6]]
Logstds:
[[0. 0. 0. 0.]
 [0. 0. 0. 0.]
 [0. 0. 0. 0.]
 [0. 0. 0. 0.]
 [0. 0. 0. 0.]
 [0. 0. 0. 0.]
 [0. 0. 0. 0.]
 [0. 0. 0. 0.]
 [0. 0. 0. 0.]
 [0. 0. 0. 0.]
 [0. 0. 0. 0.]
 [0. 0. 0. 0.]
 [0. 0. 0. 0.]
 [0. 0. 0. 0.]
 [0. 0. 0. 0.]
 [0. 0. 0. 0.]
 [0. 0. 0. 0.]
 [0. 0. 0. 0.]
 [0. 0. 0. 0.]
 [0. 0. 0. 0.]
 [0. 0. 0. 0.]
 [0. 0. 0. 0.]
 [0. 0. 0. 0.]
 [0. 0. 0. 0.]
 [0. 0. 0. 0.]]
