Baseline:
[-12.348553 -12.045106 -11.707148 -11.404679 -11.707148 -12.00996
 -11.670822 -11.670822 -12.00996  -11.707148 -12.045106 -12.045106
 -12.045106 -12.045106 -11.707148 -11.368355 -11.670822 -11.670822
 -11.670822 -11.670822 -12.00996  -11.707148 -12.045106 -12.045106
 -11.743135 -11.743135]
Returns:
[-16.92850533 -16.34045767 -15.51522706 -14.93965209 -14.81104174
 -14.65086111 -13.77534738 -13.58139718 -13.27026468 -12.55572752
 -12.16455137 -11.69440206 -11.19950805 -10.67856699  -9.55534213
  -8.43412041  -7.98273688  -7.48391245  -6.9588341   -6.40612005
  -5.71734138  -4.60528194  -3.79566129  -2.88504408  -1.578143  ]
Advants:
[-6.02366007 -5.99489132 -5.77017376 -5.77354195 -5.62915763 -5.46296171
 -5.23207726 -5.36364407 -5.04650962 -4.98356654 -4.61037446 -4.5119486
 -4.40513811 -4.28922873 -3.91921056 -3.56320474 -3.24878804 -3.211404
 -3.17083532 -3.1268107  -2.6191267  -2.34940167 -1.75181248 -1.40987374
 -0.99098587]
Mus:
[[0.26213208 0.28531942 0.23953825 0.21301027]
 [0.26168966 0.28449368 0.24018049 0.21363623]
 [0.26145628 0.28072163 0.24355027 0.2142718 ]
 [0.2609231  0.27987248 0.24427333 0.21493107]
 [0.26145628 0.28072163 0.24355027 0.2142718 ]
 [0.2616318  0.28082067 0.24340923 0.21413825]
 [0.26108986 0.27594823 0.24766493 0.21529701]
 [0.26108986 0.27594823 0.24766493 0.21529701]
 [0.2616318  0.28082067 0.24340923 0.21413825]
 [0.26145628 0.28072163 0.24355027 0.2142718 ]
 [0.26168966 0.28449368 0.24018049 0.21363623]
 [0.26168966 0.28449368 0.24018049 0.21363623]
 [0.26168966 0.28449368 0.24018049 0.21363623]
 [0.26168966 0.28449368 0.24018049 0.21363623]
 [0.26145628 0.28072163 0.24355027 0.2142718 ]
 [0.261404   0.2761095  0.24711935 0.2153671 ]
 [0.26108986 0.27594823 0.24766493 0.21529701]
 [0.26108986 0.27594823 0.24766493 0.21529701]
 [0.26108986 0.27594823 0.24766493 0.21529701]
 [0.26108986 0.27594823 0.24766493 0.21529701]
 [0.2616318  0.28082067 0.24340923 0.21413825]
 [0.26145628 0.28072163 0.24355027 0.2142718 ]
 [0.26168966 0.28449368 0.24018049 0.21363623]
 [0.26168966 0.28449368 0.24018049 0.21363623]
 [0.26083913 0.28319848 0.24141394 0.21454845]]
Actions:
[[0. 0. 1. 0.]
 [0. 0. 0. 1.]
 [0. 0. 1. 0.]
 [1. 0. 0. 0.]
 [1. 0. 0. 0.]
 [0. 0. 0. 1.]
 [1. 0. 0. 0.]
 [0. 1. 0. 0.]
 [0. 0. 1. 0.]
 [0. 1. 0. 0.]
 [0. 1. 0. 0.]
 [0. 1. 0. 0.]
 [0. 1. 0. 0.]
 [0. 0. 0. 1.]
 [0. 0. 0. 1.]
 [1. 0. 0. 0.]
 [1. 0. 0. 0.]
 [1. 0. 0. 0.]
 [1. 0. 0. 0.]
 [0. 1. 0. 0.]
 [0. 0. 1. 0.]
 [0. 1. 0. 0.]
 [0. 1. 0. 0.]
 [0. 0. 1. 0.]
 [0. 0. 0. 1.]]
States:
[[1.  0.4]
 [0.9 0.4]
 [0.9 0.3]
 [0.8 0.3]
 [0.9 0.3]
 [1.  0.3]
 [1.  0.2]
 [1.  0.2]
 [1.  0.3]
 [0.9 0.3]
 [0.9 0.4]
 [0.9 0.4]
 [0.9 0.4]
 [0.9 0.4]
 [0.9 0.3]
 [0.9 0.2]
 [1.  0.2]
 [1.  0.2]
 [1.  0.2]
 [1.  0.2]
 [1.  0.3]
 [0.9 0.3]
 [0.9 0.4]
 [0.9 0.4]
 [0.8 0.4]]
Logstds:
[[0. 0. 0. 0.]
 [0. 0. 0. 0.]
 [0. 0. 0. 0.]
 [0. 0. 0. 0.]
 [0. 0. 0. 0.]
 [0. 0. 0. 0.]
 [0. 0. 0. 0.]
 [0. 0. 0. 0.]
 [0. 0. 0. 0.]
 [0. 0. 0. 0.]
 [0. 0. 0. 0.]
 [0. 0. 0. 0.]
 [0. 0. 0. 0.]
 [0. 0. 0. 0.]
 [0. 0. 0. 0.]
 [0. 0. 0. 0.]
 [0. 0. 0. 0.]
 [0. 0. 0. 0.]
 [0. 0. 0. 0.]
 [0. 0. 0. 0.]
 [0. 0. 0. 0.]
 [0. 0. 0. 0.]
 [0. 0. 0. 0.]
 [0. 0. 0. 0.]
 [0. 0. 0. 0.]]
