Baseline:
[-4.4473004 -4.5876513 -4.4473004 -4.5876513 -4.728585  -4.6245613
 -4.4817    -4.339339  -4.339339  -4.339339  -4.4473004 -4.5876513
 -4.728585  -4.8369246 -4.696002  -4.8016467 -4.6595783 -4.7661667
 -4.908275  -4.908275  -5.0150332 -4.874851  -5.0150332 -5.157457
 -5.0150332 -5.0150332]
Returns:
[-16.00835531 -15.82576607 -15.37688981 -15.16106554 -14.88286466
 -14.4335056  -13.89455451 -13.37934859 -12.88861308 -12.37204938
 -12.07981466 -11.69046012 -11.22959579 -10.75620301  -9.95366531
  -9.42669291  -8.5693143   -7.9826759   -7.26823517  -6.46466151
  -5.68863307  -4.56352973  -3.63103741  -2.59770851  -1.26027012]
Advants:
[-9.86975802 -9.75031176 -9.65307271 -9.51516763 -9.31993404 -9.20689258
 -9.05063482 -8.92652144 -8.69052889 -8.4344328  -8.30451503 -8.05173011
 -7.73183038 -7.43801831 -7.06838874 -6.73306465 -6.31825017 -5.92967781
 -5.37724408 -4.87884007 -4.29991683 -3.61428293 -2.83321565 -1.93754842
 -1.00951862]
Mus:
[[0.25720176 0.2809932  0.24223013 0.21957496]
 [0.25680903 0.28386763 0.23996964 0.2193537 ]
 [0.25720176 0.2809932  0.24223013 0.21957496]
 [0.25680903 0.28386763 0.23996964 0.2193537 ]
 [0.25630412 0.2866494  0.23789486 0.21915166]
 [0.25568086 0.28524476 0.23822485 0.22084953]
 [0.25595528 0.2827253  0.24014407 0.22117534]
 [0.25631383 0.28038588 0.24212594 0.22117443]
 [0.25631383 0.28038588 0.24212594 0.22117443]
 [0.25631383 0.28038588 0.24212594 0.22117443]
 [0.25720176 0.2809932  0.24223013 0.21957496]
 [0.25680903 0.28386763 0.23996964 0.2193537 ]
 [0.25630412 0.2866494  0.23789486 0.21915166]
 [0.25715348 0.28821462 0.23720406 0.21742778]
 [0.25779495 0.28501284 0.23922966 0.21796256]
 [0.25835806 0.28588936 0.23878953 0.2169631 ]
 [0.25861856 0.28220642 0.2415794  0.21759559]
 [0.2595157  0.2845408  0.23981252 0.21613093]
 [0.25922516 0.2882292  0.23727782 0.21526782]
 [0.25922516 0.2882292  0.23727782 0.21526782]
 [0.2597676  0.29067332 0.23568544 0.21387368]
 [0.25979668 0.28729433 0.238097   0.21481194]
 [0.2597676  0.29067332 0.23568544 0.21387368]
 [0.25962207 0.2935534  0.23368803 0.21313655]
 [0.2597676  0.29067332 0.23568544 0.21387368]]
Actions:
[[0. 1. 0. 0.]
 [0. 0. 0. 1.]
 [0. 1. 0. 0.]
 [0. 1. 0. 0.]
 [0. 0. 1. 0.]
 [0. 0. 0. 1.]
 [0. 0. 0. 1.]
 [0. 0. 0. 1.]
 [0. 0. 0. 1.]
 [1. 0. 0. 0.]
 [0. 1. 0. 0.]
 [0. 1. 0. 0.]
 [1. 0. 0. 0.]
 [0. 0. 0. 1.]
 [1. 0. 0. 0.]
 [0. 0. 0. 1.]
 [1. 0. 0. 0.]
 [0. 1. 0. 0.]
 [0. 1. 0. 0.]
 [1. 0. 0. 0.]
 [0. 0. 0. 1.]
 [0. 1. 0. 0.]
 [0. 1. 0. 0.]
 [0. 0. 0. 1.]
 [0. 0. 1. 0.]]
States:
[[0.2 0.6]
 [0.2 0.7]
 [0.2 0.6]
 [0.2 0.7]
 [0.2 0.8]
 [0.1 0.8]
 [0.1 0.7]
 [0.1 0.6]
 [0.1 0.6]
 [0.1 0.6]
 [0.2 0.6]
 [0.2 0.7]
 [0.2 0.8]
 [0.3 0.8]
 [0.3 0.7]
 [0.4 0.7]
 [0.4 0.6]
 [0.5 0.6]
 [0.5 0.7]
 [0.5 0.7]
 [0.6 0.7]
 [0.6 0.6]
 [0.6 0.7]
 [0.6 0.8]
 [0.6 0.7]]
Logstds:
[[0. 0. 0. 0.]
 [0. 0. 0. 0.]
 [0. 0. 0. 0.]
 [0. 0. 0. 0.]
 [0. 0. 0. 0.]
 [0. 0. 0. 0.]
 [0. 0. 0. 0.]
 [0. 0. 0. 0.]
 [0. 0. 0. 0.]
 [0. 0. 0. 0.]
 [0. 0. 0. 0.]
 [0. 0. 0. 0.]
 [0. 0. 0. 0.]
 [0. 0. 0. 0.]
 [0. 0. 0. 0.]
 [0. 0. 0. 0.]
 [0. 0. 0. 0.]
 [0. 0. 0. 0.]
 [0. 0. 0. 0.]
 [0. 0. 0. 0.]
 [0. 0. 0. 0.]
 [0. 0. 0. 0.]
 [0. 0. 0. 0.]
 [0. 0. 0. 0.]
 [0. 0. 0. 0.]]
