Baseline:
[-6.440445  -6.440445  -6.2101197 -6.2101197 -6.2101197 -6.2101197
 -6.392786  -6.2101197 -6.2101197 -6.392786  -6.2101197 -6.2101197
 -6.2101197 -6.2101197 -6.2101197 -6.2101197 -6.392786  -6.2101197
 -6.2101197 -6.2101197 -6.440445  -6.6709256 -6.6709256 -6.6709256
 -6.440445  -6.440445 ]
Returns:
[-16.64713071 -16.29181886 -15.82762969 -15.49094326 -15.13653649
 -14.76347674 -14.43805583 -13.98362418 -13.45514181 -13.06086116
 -12.53394559 -12.02390736 -11.392282   -10.72741319 -10.12229431
  -9.39058405  -8.78237931  -8.03028048  -7.28320726  -6.49681438
  -5.62137806  -4.65084841  -3.60447685  -2.5030331   -1.25557065]
Advants:
[-9.12592981 -8.98323325 -8.97286322 -8.86829666 -8.75482237 -8.63168153
 -8.37908923 -8.37617883 -8.12310918 -7.82719303 -7.77726814 -7.57085219
 -7.24917902 -6.90010342 -6.61896427 -6.21620245 -5.75784227 -5.53163518
 -5.13392006 -4.70232471 -3.94738667 -3.08994041 -2.38403817 -1.61800209
 -0.93354797]
Mus:
[[0.24626715 0.27472165 0.2823628  0.19664836]
 [0.24626715 0.27472165 0.2823628  0.19664836]
 [0.24515374 0.27291837 0.2831931  0.19873483]
 [0.24515374 0.27291837 0.2831931  0.19873483]
 [0.24515374 0.27291837 0.2831931  0.19873483]
 [0.24515374 0.27291837 0.2831931  0.19873483]
 [0.24796636 0.27523673 0.2789434  0.19785348]
 [0.24515374 0.27291837 0.2831931  0.19873483]
 [0.24515374 0.27291837 0.2831931  0.19873483]
 [0.24796636 0.27523673 0.2789434  0.19785348]
 [0.24515374 0.27291837 0.2831931  0.19873483]
 [0.24515374 0.27291837 0.2831931  0.19873483]
 [0.24515374 0.27291837 0.2831931  0.19873483]
 [0.24515374 0.27291837 0.2831931  0.19873483]
 [0.24515374 0.27291837 0.2831931  0.19873483]
 [0.24515374 0.27291837 0.2831931  0.19873483]
 [0.24796636 0.27523673 0.2789434  0.19785348]
 [0.24515374 0.27291837 0.2831931  0.19873483]
 [0.24515374 0.27291837 0.2831931  0.19873483]
 [0.24515374 0.27291837 0.2831931  0.19873483]
 [0.24626715 0.27472165 0.2823628  0.19664836]
 [0.24768008 0.27621937 0.2814319  0.19466865]
 [0.24768008 0.27621937 0.2814319  0.19466865]
 [0.24768008 0.27621937 0.2814319  0.19466865]
 [0.24626715 0.27472165 0.2823628  0.19664836]]
Actions:
[[0. 0. 1. 0.]
 [0. 0. 0. 1.]
 [0. 0. 1. 0.]
 [0. 0. 1. 0.]
 [0. 0. 1. 0.]
 [1. 0. 0. 0.]
 [0. 0. 1. 0.]
 [0. 0. 0. 1.]
 [1. 0. 0. 0.]
 [0. 0. 1. 0.]
 [0. 0. 1. 0.]
 [0. 0. 0. 1.]
 [0. 0. 0. 1.]
 [0. 0. 1. 0.]
 [0. 0. 0. 1.]
 [1. 0. 0. 0.]
 [0. 0. 1. 0.]
 [0. 0. 1. 0.]
 [0. 0. 1. 0.]
 [0. 1. 0. 0.]
 [0. 1. 0. 0.]
 [0. 0. 1. 0.]
 [0. 0. 1. 0.]
 [0. 0. 0. 1.]
 [0. 0. 0. 1.]]
States:
[[0.  0.7]
 [0.  0.7]
 [0.  0.6]
 [0.  0.6]
 [0.  0.6]
 [0.  0.6]
 [0.1 0.6]
 [0.  0.6]
 [0.  0.6]
 [0.1 0.6]
 [0.  0.6]
 [0.  0.6]
 [0.  0.6]
 [0.  0.6]
 [0.  0.6]
 [0.  0.6]
 [0.1 0.6]
 [0.  0.6]
 [0.  0.6]
 [0.  0.6]
 [0.  0.7]
 [0.  0.8]
 [0.  0.8]
 [0.  0.8]
 [0.  0.7]]
Logstds:
[[0. 0. 0. 0.]
 [0. 0. 0. 0.]
 [0. 0. 0. 0.]
 [0. 0. 0. 0.]
 [0. 0. 0. 0.]
 [0. 0. 0. 0.]
 [0. 0. 0. 0.]
 [0. 0. 0. 0.]
 [0. 0. 0. 0.]
 [0. 0. 0. 0.]
 [0. 0. 0. 0.]
 [0. 0. 0. 0.]
 [0. 0. 0. 0.]
 [0. 0. 0. 0.]
 [0. 0. 0. 0.]
 [0. 0. 0. 0.]
 [0. 0. 0. 0.]
 [0. 0. 0. 0.]
 [0. 0. 0. 0.]
 [0. 0. 0. 0.]
 [0. 0. 0. 0.]
 [0. 0. 0. 0.]
 [0. 0. 0. 0.]
 [0. 0. 0. 0.]
 [0. 0. 0. 0.]]
