Baseline:
[-11.731588 -12.024343 -12.319254 -11.985928 -11.652941 -11.950833
 -11.950833 -11.622569 -11.922898 -12.250389 -11.950833 -11.950833
 -11.950833 -11.950833 -11.622569 -11.950833 -11.652941 -11.357473
 -11.652941 -11.357473 -11.652941 -11.32237  -11.025619 -11.357473
 -11.066279 -11.066279]
Returns:
[-20.6038464  -20.26112553 -19.86062825 -19.2139165  -18.59965508
 -18.18148029 -17.56349651 -16.87971797 -16.38749991 -15.69518075
 -15.02537712 -14.24128266 -13.41592006 -12.54711733 -11.59931883
 -10.693759    -9.81469773  -8.94365423  -8.0579122   -7.09440629
  -6.11133543  -4.87452799  -3.81560809  -2.58146845  -1.38497865]
Advants:
[-9.33297472 -8.99149326 -8.59361467 -8.59341292 -8.64330251 -8.26446356
 -7.9933226  -8.00320199 -7.58266349 -6.93501194 -6.95717479 -6.57466956
 -6.15957978 -5.70912967 -5.52442508 -4.72431374 -4.59583054 -4.49370158
 -3.78973887 -3.61894123 -2.84046013 -2.44885073 -2.22157589 -1.18760877
 -0.83166409]
Mus:
[[0.26045677 0.2785319  0.2674665  0.19354479]
 [0.26512167 0.27805102 0.26441002 0.19241728]
 [0.26911014 0.2769358  0.26196045 0.19199364]
 [0.26875302 0.27425835 0.26316124 0.19382745]
 [0.2684251  0.2713609  0.26501128 0.19520278]
 [0.2712291  0.27111375 0.2626056  0.1950515 ]
 [0.2712291  0.27111375 0.2626056  0.1950515 ]
 [0.27073106 0.2681101  0.2649357  0.19622315]
 [0.2730036  0.26691929 0.26429424 0.19578291]
 [0.27307528 0.27008778 0.26181394 0.19502299]
 [0.2712291  0.27111375 0.2626056  0.1950515 ]
 [0.2712291  0.27111375 0.2626056  0.1950515 ]
 [0.2712291  0.27111375 0.2626056  0.1950515 ]
 [0.2712291  0.27111375 0.2626056  0.1950515 ]
 [0.27073106 0.2681101  0.2649357  0.19622315]
 [0.2712291  0.27111375 0.2626056  0.1950515 ]
 [0.2684251  0.2713609  0.26501128 0.19520278]
 [0.26506147 0.27183095 0.26759323 0.19551438]
 [0.2684251  0.2713609  0.26501128 0.19520278]
 [0.26506147 0.27183095 0.26759323 0.19551438]
 [0.2684251  0.2713609  0.26501128 0.19520278]
 [0.26807493 0.2686845  0.2666398  0.19660072]
 [0.2649989  0.26888382 0.26909265 0.19702458]
 [0.26506147 0.27183095 0.26759323 0.19551438]
 [0.26123327 0.27195993 0.27048087 0.19632599]]
Actions:
[[1. 0. 0. 0.]
 [1. 0. 0. 0.]
 [0. 0. 0. 1.]
 [0. 0. 0. 1.]
 [1. 0. 0. 0.]
 [0. 1. 0. 0.]
 [0. 0. 0. 1.]
 [1. 0. 0. 0.]
 [0. 1. 0. 0.]
 [0. 0. 1. 0.]
 [0. 1. 0. 0.]
 [0. 1. 0. 0.]
 [0. 1. 0. 0.]
 [0. 0. 0. 1.]
 [0. 1. 0. 0.]
 [0. 0. 1. 0.]
 [0. 0. 1. 0.]
 [1. 0. 0. 0.]
 [0. 0. 1. 0.]
 [1. 0. 0. 0.]
 [0. 0. 0. 1.]
 [0. 0. 1. 0.]
 [0. 1. 0. 0.]
 [0. 0. 1. 0.]
 [0. 1. 0. 0.]]
States:
[[0.5 0.6]
 [0.6 0.6]
 [0.7 0.6]
 [0.7 0.5]
 [0.7 0.4]
 [0.8 0.4]
 [0.8 0.4]
 [0.8 0.3]
 [0.9 0.3]
 [0.9 0.4]
 [0.8 0.4]
 [0.8 0.4]
 [0.8 0.4]
 [0.8 0.4]
 [0.8 0.3]
 [0.8 0.4]
 [0.7 0.4]
 [0.6 0.4]
 [0.7 0.4]
 [0.6 0.4]
 [0.7 0.4]
 [0.7 0.3]
 [0.6 0.3]
 [0.6 0.4]
 [0.5 0.4]]
Logstds:
[[0. 0. 0. 0.]
 [0. 0. 0. 0.]
 [0. 0. 0. 0.]
 [0. 0. 0. 0.]
 [0. 0. 0. 0.]
 [0. 0. 0. 0.]
 [0. 0. 0. 0.]
 [0. 0. 0. 0.]
 [0. 0. 0. 0.]
 [0. 0. 0. 0.]
 [0. 0. 0. 0.]
 [0. 0. 0. 0.]
 [0. 0. 0. 0.]
 [0. 0. 0. 0.]
 [0. 0. 0. 0.]
 [0. 0. 0. 0.]
 [0. 0. 0. 0.]
 [0. 0. 0. 0.]
 [0. 0. 0. 0.]
 [0. 0. 0. 0.]
 [0. 0. 0. 0.]
 [0. 0. 0. 0.]
 [0. 0. 0. 0.]
 [0. 0. 0. 0.]
 [0. 0. 0. 0.]]
