Baseline:
[-4.6016665 -4.6016665 -4.708631  -4.8155603 -4.673136  -4.780551
 -4.6412773 -4.503497  -4.36659   -4.36659   -4.4779596 -4.4779596
 -4.4779596 -4.4779596 -4.6141567 -4.6141567 -4.503497  -4.6141567
 -4.7516146 -4.88939   -5.02981   -4.922489  -5.02981   -5.02981
 -5.02981   -5.02981  ]
Returns:
[-21.42414807 -20.9855274  -20.63650483 -20.22580442 -19.61789743
 -19.15719463 -18.50125917 -17.86074621 -17.2357309  -16.62807466
 -16.10283162 -15.38975291 -14.63914374 -13.96587062 -13.17327123
 -12.37859456 -11.44431093 -10.60166061  -9.58450154  -8.46472618
  -7.23711588  -5.87999974  -4.60633564  -3.22143856  -1.66886497]
Advants:
[-13.8978379  -13.71679267 -13.5262201  -13.28060594 -13.09591435
 -12.81493729 -12.59389722 -12.3964211  -12.22447749 -11.94112554
 -11.63675435 -11.26216596 -10.85566743 -10.53499576  -9.96011268
  -9.52492041  -9.06593123  -8.4788352   -7.68591859  -6.78198714
  -5.75538977  -4.83746002  -3.77390037  -2.69063696  -1.41737461]
Mus:
[[0.26350024 0.28802702 0.25979838 0.18867433]
 [0.26350024 0.28802702 0.25979838 0.18867433]
 [0.26617014 0.28751493 0.25787565 0.18843928]
 [0.26870295 0.2868224  0.25630587 0.18816872]
 [0.2695251  0.2841426  0.25720325 0.189129  ]
 [0.27166337 0.28295982 0.255776   0.18960084]
 [0.2725661  0.28009844 0.25645533 0.1908801 ]
 [0.27310598 0.2775488  0.25723097 0.19211432]
 [0.27345335 0.27544153 0.25820687 0.19289829]
 [0.27345335 0.27544153 0.25820687 0.19289829]
 [0.27496335 0.27492574 0.2571114  0.19299944]
 [0.27496335 0.27492574 0.2571114  0.19299944]
 [0.27496335 0.27492574 0.2571114  0.19299944]
 [0.27496335 0.27492574 0.2571114  0.19299944]
 [0.27471393 0.27707157 0.25590095 0.19231355]
 [0.27471393 0.27707157 0.25590095 0.19231355]
 [0.27310598 0.2775488  0.25723097 0.19211432]
 [0.27471393 0.27707157 0.25590095 0.19231355]
 [0.27422976 0.27943453 0.254839   0.19149671]
 [0.27305228 0.28239107 0.25450468 0.19005197]
 [0.27188736 0.28559473 0.2541659  0.18835205]
 [0.2706434  0.28583634 0.2552865  0.18823378]
 [0.27188736 0.28559473 0.2541659  0.18835205]
 [0.27188736 0.28559473 0.2541659  0.18835205]
 [0.27188736 0.28559473 0.2541659  0.18835205]]
Actions:
[[0. 0. 1. 0.]
 [1. 0. 0. 0.]
 [1. 0. 0. 0.]
 [0. 0. 0. 1.]
 [1. 0. 0. 0.]
 [0. 0. 0. 1.]
 [0. 0. 0. 1.]
 [0. 0. 0. 1.]
 [0. 0. 0. 1.]
 [1. 0. 0. 0.]
 [0. 0. 0. 1.]
 [0. 0. 0. 1.]
 [1. 0. 0. 0.]
 [0. 1. 0. 0.]
 [1. 0. 0. 0.]
 [0. 0. 1. 0.]
 [1. 0. 0. 0.]
 [0. 1. 0. 0.]
 [0. 1. 0. 0.]
 [0. 1. 0. 0.]
 [0. 0. 1. 0.]
 [1. 0. 0. 0.]
 [1. 0. 0. 0.]
 [0. 1. 0. 0.]
 [0. 0. 0. 1.]]
States:
[[0.6 1. ]
 [0.6 1. ]
 [0.7 1. ]
 [0.8 1. ]
 [0.8 0.9]
 [0.9 0.9]
 [0.9 0.8]
 [0.9 0.7]
 [0.9 0.6]
 [0.9 0.6]
 [1.  0.6]
 [1.  0.6]
 [1.  0.6]
 [1.  0.6]
 [1.  0.7]
 [1.  0.7]
 [0.9 0.7]
 [1.  0.7]
 [1.  0.8]
 [1.  0.9]
 [1.  1. ]
 [0.9 1. ]
 [1.  1. ]
 [1.  1. ]
 [1.  1. ]]
Logstds:
[[0. 0. 0. 0.]
 [0. 0. 0. 0.]
 [0. 0. 0. 0.]
 [0. 0. 0. 0.]
 [0. 0. 0. 0.]
 [0. 0. 0. 0.]
 [0. 0. 0. 0.]
 [0. 0. 0. 0.]
 [0. 0. 0. 0.]
 [0. 0. 0. 0.]
 [0. 0. 0. 0.]
 [0. 0. 0. 0.]
 [0. 0. 0. 0.]
 [0. 0. 0. 0.]
 [0. 0. 0. 0.]
 [0. 0. 0. 0.]
 [0. 0. 0. 0.]
 [0. 0. 0. 0.]
 [0. 0. 0. 0.]
 [0. 0. 0. 0.]
 [0. 0. 0. 0.]
 [0. 0. 0. 0.]
 [0. 0. 0. 0.]
 [0. 0. 0. 0.]
 [0. 0. 0. 0.]]
