Baseline:
[ -9.226463   -9.5545845  -9.265881   -9.5545845  -9.5545845  -9.5545845
  -9.226463   -9.226463   -9.5545845  -9.5545845  -9.226463   -8.941416
  -9.265881   -9.598888   -9.93284    -9.646051   -9.979697   -9.979697
 -10.270143  -10.61084   -10.61084   -10.950647  -11.294813  -11.58876
 -11.933485  -11.933485 ]
Returns:
[-12.84252591 -12.76026833 -12.31974815 -12.24568065 -12.14968426
 -12.04863543 -11.33425531 -11.23303749 -11.06607    -10.90798884
 -10.1335747   -9.62718164  -9.39240536  -9.09209574  -8.71991654
  -7.95101814  -7.48039903  -6.92522415  -6.45064005  -5.82326666
  -4.7539995   -3.97380863  -3.08756011  -2.25104588  -1.18868947]
Advants:
[-5.06453193 -4.87668957 -4.96167059 -4.8446497  -5.0123698  -5.19437751
 -5.10334215 -5.31936672 -5.15323302 -5.34724047 -5.26922708 -5.44068771
 -5.29041855 -5.08132467 -4.81371649 -4.79257574 -4.46367486 -4.40718861
 -4.15966781 -3.72325096 -3.19785844 -2.63342607 -1.9678512  -1.41538364
 -0.59201527]
Mus:
[[0.25815555 0.26586536 0.25557297 0.22040607]
 [0.25818747 0.26841703 0.25346765 0.21992788]
 [0.2568896  0.2685498  0.25433213 0.22022846]
 [0.25818747 0.26841703 0.25346765 0.21992788]
 [0.25818747 0.26841703 0.25346765 0.21992788]
 [0.25818747 0.26841703 0.25346765 0.21992788]
 [0.25815555 0.26586536 0.25557297 0.22040607]
 [0.25815555 0.26586536 0.25557297 0.22040607]
 [0.25818747 0.26841703 0.25346765 0.21992788]
 [0.25818747 0.26841703 0.25346765 0.21992788]
 [0.25815555 0.26586536 0.25557297 0.22040607]
 [0.25660288 0.26619866 0.25651392 0.22068462]
 [0.2568896  0.2685498  0.25433213 0.22022846]
 [0.2570938  0.27074558 0.25239378 0.2197668 ]
 [0.2574822  0.27274606 0.2502805  0.21949127]
 [0.25696608 0.27280056 0.2500919  0.2201414 ]
 [0.25748262 0.27501577 0.24782099 0.21968059]
 [0.25748262 0.27501577 0.24782099 0.21968059]
 [0.2577019  0.27532676 0.24815924 0.21881211]
 [0.25790602 0.27819282 0.24526347 0.21863773]
 [0.25790602 0.27819282 0.24526347 0.21863773]
 [0.2578627  0.28150547 0.24215011 0.21848173]
 [0.25779495 0.28501284 0.23922966 0.21796256]
 [0.25835806 0.28588936 0.23878953 0.2169631 ]
 [0.25784215 0.28955188 0.2363831  0.2162229 ]]
Actions:
[[0. 1. 0. 0.]
 [0. 0. 1. 0.]
 [1. 0. 0. 0.]
 [1. 0. 0. 0.]
 [1. 0. 0. 0.]
 [0. 0. 0. 1.]
 [1. 0. 0. 0.]
 [0. 1. 0. 0.]
 [1. 0. 0. 0.]
 [0. 0. 0. 1.]
 [0. 0. 1. 0.]
 [0. 1. 0. 0.]
 [0. 1. 0. 0.]
 [0. 1. 0. 0.]
 [0. 0. 1. 0.]
 [0. 1. 0. 0.]
 [0. 1. 0. 0.]
 [1. 0. 0. 0.]
 [0. 1. 0. 0.]
 [0. 0. 1. 0.]
 [0. 1. 0. 0.]
 [0. 1. 0. 0.]
 [1. 0. 0. 0.]
 [0. 1. 0. 0.]
 [0. 1. 0. 0.]]
States:
[[0.4 0. ]
 [0.4 0.1]
 [0.3 0.1]
 [0.4 0.1]
 [0.4 0.1]
 [0.4 0.1]
 [0.4 0. ]
 [0.4 0. ]
 [0.4 0.1]
 [0.4 0.1]
 [0.4 0. ]
 [0.3 0. ]
 [0.3 0.1]
 [0.3 0.2]
 [0.3 0.3]
 [0.2 0.3]
 [0.2 0.4]
 [0.2 0.4]
 [0.3 0.4]
 [0.3 0.5]
 [0.3 0.5]
 [0.3 0.6]
 [0.3 0.7]
 [0.4 0.7]
 [0.4 0.8]]
Logstds:
[[0. 0. 0. 0.]
 [0. 0. 0. 0.]
 [0. 0. 0. 0.]
 [0. 0. 0. 0.]
 [0. 0. 0. 0.]
 [0. 0. 0. 0.]
 [0. 0. 0. 0.]
 [0. 0. 0. 0.]
 [0. 0. 0. 0.]
 [0. 0. 0. 0.]
 [0. 0. 0. 0.]
 [0. 0. 0. 0.]
 [0. 0. 0. 0.]
 [0. 0. 0. 0.]
 [0. 0. 0. 0.]
 [0. 0. 0. 0.]
 [0. 0. 0. 0.]
 [0. 0. 0. 0.]
 [0. 0. 0. 0.]
 [0. 0. 0. 0.]
 [0. 0. 0. 0.]
 [0. 0. 0. 0.]
 [0. 0. 0. 0.]
 [0. 0. 0. 0.]
 [0. 0. 0. 0.]]
