Baseline:
[-14.061877 -14.415841 -14.769807 -15.125965 -14.825761 -15.181302
 -14.825761 -15.181302 -15.481532 -15.181302 -15.481532 -15.481532
 -15.481532 -15.481532 -15.481532 -15.481532 -15.181302 -15.481532
 -15.181302 -15.481532 -15.481532 -15.125965 -15.125965 -15.481532
 -15.481532 -15.481532]
Returns:
[-27.50992007 -27.08330036 -26.56967879 -25.96432097 -25.40664404
 -24.70932414 -23.86954184 -23.09132182 -22.40822415 -21.58372934
 -20.8212847  -19.77866893 -18.68117865 -17.52592572 -16.51483193
 -15.24556076 -14.04408366 -12.88481556 -11.55908872 -10.26903141
  -8.67103389  -6.93888316  -5.43005251  -3.6453326   -1.90368128]
Advants:
[-13.781316   -13.42090001 -12.98244003 -12.45687016 -12.66451869
 -12.08383842 -12.09702386 -11.46800029 -11.0019935  -11.02290548
 -10.51898232 -10.05047236  -9.54205135  -8.99031939  -8.60288762
  -7.97115093  -7.73387393  -6.9497674   -6.6254816   -5.74695423
  -4.87192859  -4.23733011  -3.48702725  -2.10368972  -1.12960529]
Mus:
[[0.27496335 0.27492574 0.2571114  0.19299944]
 [0.27471393 0.27707157 0.25590095 0.19231355]
 [0.27422976 0.27943453 0.254839   0.19149671]
 [0.27305228 0.28239107 0.25450468 0.19005197]
 [0.27166337 0.28295982 0.255776   0.18960084]
 [0.2706434  0.28583634 0.2552865  0.18823378]
 [0.27166337 0.28295982 0.255776   0.18960084]
 [0.2706434  0.28583634 0.2552865  0.18823378]
 [0.27188736 0.28559473 0.2541659  0.18835205]
 [0.2706434  0.28583634 0.2552865  0.18823378]
 [0.27188736 0.28559473 0.2541659  0.18835205]
 [0.27188736 0.28559473 0.2541659  0.18835205]
 [0.27188736 0.28559473 0.2541659  0.18835205]
 [0.27188736 0.28559473 0.2541659  0.18835205]
 [0.27188736 0.28559473 0.2541659  0.18835205]
 [0.27188736 0.28559473 0.2541659  0.18835205]
 [0.2706434  0.28583634 0.2552865  0.18823378]
 [0.27188736 0.28559473 0.2541659  0.18835205]
 [0.2706434  0.28583634 0.2552865  0.18823378]
 [0.27188736 0.28559473 0.2541659  0.18835205]
 [0.27188736 0.28559473 0.2541659  0.18835205]
 [0.27305228 0.28239107 0.25450468 0.19005197]
 [0.27305228 0.28239107 0.25450468 0.19005197]
 [0.27188736 0.28559473 0.2541659  0.18835205]
 [0.27188736 0.28559473 0.2541659  0.18835205]]
Actions:
[[0. 1. 0. 0.]
 [0. 1. 0. 0.]
 [0. 1. 0. 0.]
 [0. 0. 1. 0.]
 [0. 1. 0. 0.]
 [0. 0. 0. 1.]
 [0. 1. 0. 0.]
 [1. 0. 0. 0.]
 [0. 0. 1. 0.]
 [1. 0. 0. 0.]
 [0. 1. 0. 0.]
 [0. 1. 0. 0.]
 [0. 1. 0. 0.]
 [1. 0. 0. 0.]
 [0. 1. 0. 0.]
 [0. 0. 1. 0.]
 [1. 0. 0. 0.]
 [0. 0. 1. 0.]
 [1. 0. 0. 0.]
 [0. 1. 0. 0.]
 [0. 0. 0. 1.]
 [1. 0. 0. 0.]
 [0. 1. 0. 0.]
 [1. 0. 0. 0.]
 [0. 0. 1. 0.]]
States:
[[1.  0.6]
 [1.  0.7]
 [1.  0.8]
 [1.  0.9]
 [0.9 0.9]
 [0.9 1. ]
 [0.9 0.9]
 [0.9 1. ]
 [1.  1. ]
 [0.9 1. ]
 [1.  1. ]
 [1.  1. ]
 [1.  1. ]
 [1.  1. ]
 [1.  1. ]
 [1.  1. ]
 [0.9 1. ]
 [1.  1. ]
 [0.9 1. ]
 [1.  1. ]
 [1.  1. ]
 [1.  0.9]
 [1.  0.9]
 [1.  1. ]
 [1.  1. ]]
Logstds:
[[0. 0. 0. 0.]
 [0. 0. 0. 0.]
 [0. 0. 0. 0.]
 [0. 0. 0. 0.]
 [0. 0. 0. 0.]
 [0. 0. 0. 0.]
 [0. 0. 0. 0.]
 [0. 0. 0. 0.]
 [0. 0. 0. 0.]
 [0. 0. 0. 0.]
 [0. 0. 0. 0.]
 [0. 0. 0. 0.]
 [0. 0. 0. 0.]
 [0. 0. 0. 0.]
 [0. 0. 0. 0.]
 [0. 0. 0. 0.]
 [0. 0. 0. 0.]
 [0. 0. 0. 0.]
 [0. 0. 0. 0.]
 [0. 0. 0. 0.]
 [0. 0. 0. 0.]
 [0. 0. 0. 0.]
 [0. 0. 0. 0.]
 [0. 0. 0. 0.]
 [0. 0. 0. 0.]]
