Baseline:
[-12.250389 -11.950833 -11.652941 -11.32237  -11.652941 -11.32237
 -11.652941 -11.32237  -11.652941 -11.950833 -11.652941 -11.950833
 -11.950833 -12.250389 -11.950833 -11.622569 -11.32237  -11.025619
 -11.32237  -11.025619 -11.32237  -11.025619 -11.357473 -11.066279
 -11.398408 -11.398408]
Returns:
[-20.02257278 -19.58052663 -19.16918997 -18.61963803 -18.12413172
 -17.51957672 -16.96617245 -16.30067222 -15.68311508 -15.11143818
 -14.46488634 -13.82909213 -12.9820353  -12.22875673 -11.37650973
 -10.3671003   -9.54230591  -8.72905853  -7.88884568  -6.98857407
  -6.05675677  -5.06005943  -3.89141723  -2.76387211  -1.4514668 ]
Advants:
[-8.34425454 -8.48646681 -8.67847087 -8.78418523 -8.28491477 -8.35710318
 -7.8214508  -7.85415802 -7.27566115 -6.78031668 -6.82697859 -6.29341211
 -5.8543628  -5.21173061 -5.08709195 -4.84939771 -4.78980576 -4.76195031
 -4.12008915 -4.03518242 -3.33140994 -3.17931784 -2.22693807 -1.95953094
 -0.88154602]
Mus:
[[0.27307528 0.27008778 0.26181394 0.19502299]
 [0.2712291  0.27111375 0.2626056  0.1950515 ]
 [0.2684251  0.2713609  0.26501128 0.19520278]
 [0.26807493 0.2686845  0.2666398  0.19660072]
 [0.2684251  0.2713609  0.26501128 0.19520278]
 [0.26807493 0.2686845  0.2666398  0.19660072]
 [0.2684251  0.2713609  0.26501128 0.19520278]
 [0.26807493 0.2686845  0.2666398  0.19660072]
 [0.2684251  0.2713609  0.26501128 0.19520278]
 [0.2712291  0.27111375 0.2626056  0.1950515 ]
 [0.2684251  0.2713609  0.26501128 0.19520278]
 [0.2712291  0.27111375 0.2626056  0.1950515 ]
 [0.2712291  0.27111375 0.2626056  0.1950515 ]
 [0.27307528 0.27008778 0.26181394 0.19502299]
 [0.2712291  0.27111375 0.2626056  0.1950515 ]
 [0.27073106 0.2681101  0.2649357  0.19622315]
 [0.26807493 0.2686845  0.2666398  0.19660072]
 [0.2649989  0.26888382 0.26909265 0.19702458]
 [0.26807493 0.2686845  0.2666398  0.19660072]
 [0.2649989  0.26888382 0.26909265 0.19702458]
 [0.26807493 0.2686845  0.2666398  0.19660072]
 [0.2649989  0.26888382 0.26909265 0.19702458]
 [0.26506147 0.27183095 0.26759323 0.19551438]
 [0.26123327 0.27195993 0.27048087 0.19632599]
 [0.26058388 0.27552563 0.26891318 0.19497737]]
Actions:
[[0. 0. 1. 0.]
 [0. 0. 1. 0.]
 [0. 0. 0. 1.]
 [0. 1. 0. 0.]
 [0. 0. 0. 1.]
 [0. 1. 0. 0.]
 [0. 0. 0. 1.]
 [0. 1. 0. 0.]
 [1. 0. 0. 0.]
 [0. 0. 1. 0.]
 [1. 0. 0. 0.]
 [0. 1. 0. 0.]
 [1. 0. 0. 0.]
 [0. 0. 1. 0.]
 [0. 0. 0. 1.]
 [0. 0. 1. 0.]
 [0. 0. 1. 0.]
 [1. 0. 0. 0.]
 [0. 0. 1. 0.]
 [1. 0. 0. 0.]
 [0. 0. 1. 0.]
 [0. 1. 0. 0.]
 [0. 0. 1. 0.]
 [0. 1. 0. 0.]
 [0. 0. 0. 1.]]
States:
[[0.9 0.4]
 [0.8 0.4]
 [0.7 0.4]
 [0.7 0.3]
 [0.7 0.4]
 [0.7 0.3]
 [0.7 0.4]
 [0.7 0.3]
 [0.7 0.4]
 [0.8 0.4]
 [0.7 0.4]
 [0.8 0.4]
 [0.8 0.4]
 [0.9 0.4]
 [0.8 0.4]
 [0.8 0.3]
 [0.7 0.3]
 [0.6 0.3]
 [0.7 0.3]
 [0.6 0.3]
 [0.7 0.3]
 [0.6 0.3]
 [0.6 0.4]
 [0.5 0.4]
 [0.5 0.5]]
Logstds:
[[0. 0. 0. 0.]
 [0. 0. 0. 0.]
 [0. 0. 0. 0.]
 [0. 0. 0. 0.]
 [0. 0. 0. 0.]
 [0. 0. 0. 0.]
 [0. 0. 0. 0.]
 [0. 0. 0. 0.]
 [0. 0. 0. 0.]
 [0. 0. 0. 0.]
 [0. 0. 0. 0.]
 [0. 0. 0. 0.]
 [0. 0. 0. 0.]
 [0. 0. 0. 0.]
 [0. 0. 0. 0.]
 [0. 0. 0. 0.]
 [0. 0. 0. 0.]
 [0. 0. 0. 0.]
 [0. 0. 0. 0.]
 [0. 0. 0. 0.]
 [0. 0. 0. 0.]
 [0. 0. 0. 0.]
 [0. 0. 0. 0.]
 [0. 0. 0. 0.]
 [0. 0. 0. 0.]]
