Baseline:
[-10.939326 -11.264683 -11.593601 -11.922898 -12.250389 -12.55186
 -12.222819 -12.222819 -12.55186  -12.250389 -11.950833 -11.950833
 -11.652941 -11.357473 -11.652941 -11.32237  -11.652941 -11.32237
 -11.025619 -10.735263 -10.735263 -10.735263 -10.445979 -10.735263
 -10.445979 -10.445979]
Returns:
[-20.02812072 -19.70660746 -19.30907965 -18.82965489 -18.2658702
 -17.74995364 -16.97993668 -16.41079585 -15.6784092  -14.95538308
 -14.24664273 -13.42156224 -12.68606956 -11.96615089 -11.23948763
 -10.27258294  -9.33775794  -8.27076222  -7.39059148  -6.51983196
  -5.47560197  -4.3764125   -3.40518788  -2.36776744  -1.29082465]
Advants:
[-9.6027454  -9.26074822 -8.84267869 -8.34359015 -7.76075982 -7.25281425
 -7.1340013  -6.89686559 -6.16289878 -6.08366052 -6.03329913 -5.57209152
 -5.51582812 -5.49207118 -4.87315678 -4.6547071  -3.80365798 -3.4941007
 -3.35586777 -3.24062507 -2.66888544 -2.04844092 -1.86493676 -1.03809848
 -0.76852608]
Mus:
[[0.27045357 0.25918248 0.27103743 0.19932657]
 [0.2716644  0.26121718 0.26908854 0.1980299 ]
 [0.2727185  0.26373005 0.26669902 0.1968524 ]
 [0.2730036  0.26691929 0.26429424 0.19578291]
 [0.27307528 0.27008778 0.26181394 0.19502299]
 [0.27479967 0.26894513 0.26138732 0.19486786]
 [0.2746262  0.26567322 0.26405904 0.19564156]
 [0.2746262  0.26567322 0.26405904 0.19564156]
 [0.27479967 0.26894513 0.26138732 0.19486786]
 [0.27307528 0.27008778 0.26181394 0.19502299]
 [0.2712291  0.27111375 0.2626056  0.1950515 ]
 [0.2712291  0.27111375 0.2626056  0.1950515 ]
 [0.2684251  0.2713609  0.26501128 0.19520278]
 [0.26506147 0.27183095 0.26759323 0.19551438]
 [0.2684251  0.2713609  0.26501128 0.19520278]
 [0.26807493 0.2686845  0.2666398  0.19660072]
 [0.2684251  0.2713609  0.26501128 0.19520278]
 [0.26807493 0.2686845  0.2666398  0.19660072]
 [0.2649989  0.26888382 0.26909265 0.19702458]
 [0.26133934 0.26890627 0.27210242 0.19765206]
 [0.26133934 0.26890627 0.27210242 0.19765206]
 [0.26133934 0.26890627 0.27210242 0.19765206]
 [0.25725248 0.26884857 0.2747546  0.19914436]
 [0.26133934 0.26890627 0.27210242 0.19765206]
 [0.25725248 0.26884857 0.2747546  0.19914436]]
Actions:
[[0. 1. 0. 0.]
 [0. 1. 0. 0.]
 [0. 1. 0. 0.]
 [0. 1. 0. 0.]
 [1. 0. 0. 0.]
 [0. 0. 0. 1.]
 [1. 0. 0. 0.]
 [0. 1. 0. 0.]
 [0. 0. 1. 0.]
 [0. 0. 1. 0.]
 [0. 1. 0. 0.]
 [0. 0. 1. 0.]
 [0. 0. 1. 0.]
 [1. 0. 0. 0.]
 [0. 0. 0. 1.]
 [0. 1. 0. 0.]
 [0. 0. 0. 1.]
 [0. 0. 1. 0.]
 [0. 0. 1. 0.]
 [0. 0. 0. 1.]
 [0. 0. 0. 1.]
 [0. 0. 1. 0.]
 [1. 0. 0. 0.]
 [0. 0. 1. 0.]
 [0. 1. 0. 0.]]
States:
[[0.9 0. ]
 [0.9 0.1]
 [0.9 0.2]
 [0.9 0.3]
 [0.9 0.4]
 [1.  0.4]
 [1.  0.3]
 [1.  0.3]
 [1.  0.4]
 [0.9 0.4]
 [0.8 0.4]
 [0.8 0.4]
 [0.7 0.4]
 [0.6 0.4]
 [0.7 0.4]
 [0.7 0.3]
 [0.7 0.4]
 [0.7 0.3]
 [0.6 0.3]
 [0.5 0.3]
 [0.5 0.3]
 [0.5 0.3]
 [0.4 0.3]
 [0.5 0.3]
 [0.4 0.3]]
Logstds:
[[0. 0. 0. 0.]
 [0. 0. 0. 0.]
 [0. 0. 0. 0.]
 [0. 0. 0. 0.]
 [0. 0. 0. 0.]
 [0. 0. 0. 0.]
 [0. 0. 0. 0.]
 [0. 0. 0. 0.]
 [0. 0. 0. 0.]
 [0. 0. 0. 0.]
 [0. 0. 0. 0.]
 [0. 0. 0. 0.]
 [0. 0. 0. 0.]
 [0. 0. 0. 0.]
 [0. 0. 0. 0.]
 [0. 0. 0. 0.]
 [0. 0. 0. 0.]
 [0. 0. 0. 0.]
 [0. 0. 0. 0.]
 [0. 0. 0. 0.]
 [0. 0. 0. 0.]
 [0. 0. 0. 0.]
 [0. 0. 0. 0.]
 [0. 0. 0. 0.]
 [0. 0. 0. 0.]]
