Baseline:
[-0.17659383 -0.16926412 -0.17659383 -0.17920549 -0.18432446 -0.18492903
 -0.19124824 -0.19124824 -0.18851778 -0.18851778 -0.19124824 -0.19124824
 -0.18851778 -0.1803181  -0.1803181  -0.1803181  -0.18851778 -0.18851778
 -0.18851778 -0.1803181  -0.1724769  -0.17871566 -0.17153208 -0.17379372
 -0.17211352 -0.17211352]
Returns:
[-9.86586108 -9.73660484 -9.64891437 -9.53314182 -9.35834217 -9.17506983
 -8.91997729 -8.61826575 -8.34365267 -7.98257289 -7.61092441 -7.24031534
 -6.89317857 -6.42963947 -6.04646069 -5.64311461 -5.17308798 -4.6941132
 -4.14095239 -3.53255928 -2.92638805 -2.35368405 -1.74411847 -1.166647
 -0.58503544]
Advants:
[-7.40461674 -7.38396437 -7.39590688 -7.38993581 -7.32644196 -7.26322087
 -7.12465835 -6.94692996 -6.80118352 -6.56581772 -6.3162832  -6.06969159
 -5.84921568 -5.51428131 -5.24991363 -4.96302522 -4.5963868  -4.22369212
 -3.76875706 -3.25659425 -2.73528886 -2.22202674 -1.6722902  -1.13175741
 -0.57642972]
Mus:
[[0.25568086 0.28524476 0.23822485 0.22084953]
 [0.25529966 0.28516638 0.23828538 0.22124866]
 [0.25568086 0.28524476 0.23822485 0.22084953]
 [0.25630412 0.2866494  0.23789486 0.21915166]
 [0.2558718  0.2898044  0.23592407 0.21839972]
 [0.25637874 0.29151708 0.23519515 0.21690899]
 [0.25585172 0.29473436 0.23327602 0.21613789]
 [0.25585172 0.29473436 0.23327602 0.21613789]
 [0.256633   0.29624987 0.23218006 0.214937  ]
 [0.256633   0.29624987 0.23218006 0.214937  ]
 [0.25585172 0.29473436 0.23327602 0.21613789]
 [0.25585172 0.29473436 0.23327602 0.21613789]
 [0.256633   0.29624987 0.23218006 0.214937  ]
 [0.25704822 0.29309538 0.23421931 0.21563706]
 [0.25704822 0.29309538 0.23421931 0.21563706]
 [0.25704822 0.29309538 0.23421931 0.21563706]
 [0.256633   0.29624987 0.23218006 0.214937  ]
 [0.256633   0.29624987 0.23218006 0.214937  ]
 [0.256633   0.29624987 0.23218006 0.214937  ]
 [0.25704822 0.29309538 0.23421931 0.21563706]
 [0.25784215 0.28955188 0.2363831  0.2162229 ]
 [0.25715348 0.28821462 0.23720406 0.21742778]
 [0.25779495 0.28501284 0.23922966 0.21796256]
 [0.25680903 0.28386763 0.23996964 0.2193537 ]
 [0.25595528 0.2827253  0.24014407 0.22117534]]
Actions:
[[0. 0. 1. 0.]
 [1. 0. 0. 0.]
 [1. 0. 0. 0.]
 [0. 1. 0. 0.]
 [1. 0. 0. 0.]
 [0. 1. 0. 0.]
 [0. 1. 0. 0.]
 [1. 0. 0. 0.]
 [0. 1. 0. 0.]
 [0. 0. 1. 0.]
 [0. 1. 0. 0.]
 [1. 0. 0. 0.]
 [0. 0. 0. 1.]
 [1. 0. 0. 0.]
 [1. 0. 0. 0.]
 [0. 1. 0. 0.]
 [1. 0. 0. 0.]
 [0. 1. 0. 0.]
 [0. 0. 0. 1.]
 [0. 0. 0. 1.]
 [0. 0. 1. 0.]
 [0. 0. 0. 1.]
 [0. 0. 1. 0.]
 [0. 0. 1. 0.]
 [0. 0. 1. 0.]]
States:
[[0.1 0.8]
 [0.  0.8]
 [0.1 0.8]
 [0.2 0.8]
 [0.2 0.9]
 [0.3 0.9]
 [0.3 1. ]
 [0.3 1. ]
 [0.4 1. ]
 [0.4 1. ]
 [0.3 1. ]
 [0.3 1. ]
 [0.4 1. ]
 [0.4 0.9]
 [0.4 0.9]
 [0.4 0.9]
 [0.4 1. ]
 [0.4 1. ]
 [0.4 1. ]
 [0.4 0.9]
 [0.4 0.8]
 [0.3 0.8]
 [0.3 0.7]
 [0.2 0.7]
 [0.1 0.7]]
Logstds:
[[0. 0. 0. 0.]
 [0. 0. 0. 0.]
 [0. 0. 0. 0.]
 [0. 0. 0. 0.]
 [0. 0. 0. 0.]
 [0. 0. 0. 0.]
 [0. 0. 0. 0.]
 [0. 0. 0. 0.]
 [0. 0. 0. 0.]
 [0. 0. 0. 0.]
 [0. 0. 0. 0.]
 [0. 0. 0. 0.]
 [0. 0. 0. 0.]
 [0. 0. 0. 0.]
 [0. 0. 0. 0.]
 [0. 0. 0. 0.]
 [0. 0. 0. 0.]
 [0. 0. 0. 0.]
 [0. 0. 0. 0.]
 [0. 0. 0. 0.]
 [0. 0. 0. 0.]
 [0. 0. 0. 0.]
 [0. 0. 0. 0.]
 [0. 0. 0. 0.]
 [0. 0. 0. 0.]]
