Baseline:
[-8.384838  -8.110242  -8.110242  -8.435672  -8.110242  -8.384838
 -8.662199  -8.662199  -8.941416  -8.941416  -9.226463  -9.226463
 -9.5545845 -9.265881  -8.987621  -9.265881  -8.987621  -9.315075
 -8.987621  -8.662199  -8.941416  -8.941416  -8.941416  -9.226463
 -9.5545845 -9.5545845]
Returns:
[-12.68681852 -12.4186609  -11.92679797 -11.86934294 -11.27737072
 -11.24473662 -11.1950951  -10.56826545 -10.46521264  -9.76761548
  -9.60307201  -9.41073928  -9.14786135  -8.51721449  -7.88936823
  -7.60051031  -6.92441646  -6.51104367  -5.50191239  -4.50708983
  -4.08502777  -3.0516314   -1.96384575  -1.38857756  -0.7034806 ]
Advants:
[-5.31954995 -5.54592239 -5.27751685 -5.12528329 -5.10079777 -5.04674216
 -4.98436842 -4.62532364 -4.52182826 -4.10517786 -3.94656199 -4.06404371
 -3.79097256 -3.78346439 -3.78598971 -3.58344128 -3.56892719 -3.22116349
 -2.94494911 -2.69485072 -2.42690376 -1.83179262 -1.18598564 -0.77869197
 -0.22575092]
Mus:
[[0.25402623 0.2659497  0.25912005 0.22090395]
 [0.25277823 0.26619062 0.2601554  0.22087568]
 [0.25277823 0.26619062 0.2601554  0.22087568]
 [0.25345308 0.26914    0.257082   0.22032495]
 [0.25277823 0.26619062 0.2601554  0.22087568]
 [0.25402623 0.2659497  0.25912005 0.22090395]
 [0.25518367 0.26627228 0.257706   0.22083811]
 [0.25518367 0.26627228 0.257706   0.22083811]
 [0.25660288 0.26619866 0.25651392 0.22068462]
 [0.25660288 0.26619866 0.25651392 0.22068462]
 [0.25815555 0.26586536 0.25557297 0.22040607]
 [0.25815555 0.26586536 0.25557297 0.22040607]
 [0.25818747 0.26841703 0.25346765 0.21992788]
 [0.2568896  0.2685498  0.25433213 0.22022846]
 [0.25560227 0.26847625 0.255111   0.22081047]
 [0.2568896  0.2685498  0.25433213 0.22022846]
 [0.25560227 0.26847625 0.255111   0.22081047]
 [0.25605038 0.27073014 0.2528868  0.22033265]
 [0.25560227 0.26847625 0.255111   0.22081047]
 [0.25518367 0.26627228 0.257706   0.22083811]
 [0.25660288 0.26619866 0.25651392 0.22068462]
 [0.25660288 0.26619866 0.25651392 0.22068462]
 [0.25660288 0.26619866 0.25651392 0.22068462]
 [0.25815555 0.26586536 0.25557297 0.22040607]
 [0.25818747 0.26841703 0.25346765 0.21992788]]
Actions:
[[0. 0. 1. 0.]
 [0. 0. 0. 1.]
 [0. 1. 0. 0.]
 [0. 0. 0. 1.]
 [1. 0. 0. 0.]
 [1. 0. 0. 0.]
 [0. 0. 0. 1.]
 [1. 0. 0. 0.]
 [0. 0. 0. 1.]
 [1. 0. 0. 0.]
 [1. 0. 0. 0.]
 [0. 1. 0. 0.]
 [0. 0. 1. 0.]
 [0. 0. 1. 0.]
 [1. 0. 0. 0.]
 [0. 0. 1. 0.]
 [0. 1. 0. 0.]
 [0. 0. 0. 1.]
 [0. 0. 0. 1.]
 [1. 0. 0. 0.]
 [0. 0. 0. 1.]
 [0. 0. 0. 1.]
 [1. 0. 0. 0.]
 [0. 1. 0. 0.]
 [1. 0. 0. 0.]]
States:
[[0.1 0. ]
 [0.  0. ]
 [0.  0. ]
 [0.  0.1]
 [0.  0. ]
 [0.1 0. ]
 [0.2 0. ]
 [0.2 0. ]
 [0.3 0. ]
 [0.3 0. ]
 [0.4 0. ]
 [0.4 0. ]
 [0.4 0.1]
 [0.3 0.1]
 [0.2 0.1]
 [0.3 0.1]
 [0.2 0.1]
 [0.2 0.2]
 [0.2 0.1]
 [0.2 0. ]
 [0.3 0. ]
 [0.3 0. ]
 [0.3 0. ]
 [0.4 0. ]
 [0.4 0.1]]
Logstds:
[[0. 0. 0. 0.]
 [0. 0. 0. 0.]
 [0. 0. 0. 0.]
 [0. 0. 0. 0.]
 [0. 0. 0. 0.]
 [0. 0. 0. 0.]
 [0. 0. 0. 0.]
 [0. 0. 0. 0.]
 [0. 0. 0. 0.]
 [0. 0. 0. 0.]
 [0. 0. 0. 0.]
 [0. 0. 0. 0.]
 [0. 0. 0. 0.]
 [0. 0. 0. 0.]
 [0. 0. 0. 0.]
 [0. 0. 0. 0.]
 [0. 0. 0. 0.]
 [0. 0. 0. 0.]
 [0. 0. 0. 0.]
 [0. 0. 0. 0.]
 [0. 0. 0. 0.]
 [0. 0. 0. 0.]
 [0. 0. 0. 0.]
 [0. 0. 0. 0.]
 [0. 0. 0. 0.]]
