Baseline:
[-11.647    -11.355637 -11.690711 -12.030028 -12.31845  -11.982076
 -11.982076 -11.982076 -11.982076 -12.31845  -12.657968 -12.657968
 -12.370387 -12.370387 -12.370387 -12.657968 -12.370387 -12.657968
 -12.370387 -12.09137  -12.09137  -12.09137  -12.09137  -11.811144
 -11.464306 -11.464306]
Returns:
[-18.50216892 -17.99262815 -17.78053591 -17.48995577 -17.29282566
 -16.40280795 -16.1901208  -15.96623958 -15.73057515 -15.31087631
 -14.8006805  -14.19556227 -13.26624986 -12.60206068 -11.90291418
 -11.35407537 -10.27521101  -9.64070362  -8.47166181  -7.26383786
  -6.30385906  -5.29335506  -4.22966663  -2.82279483  -1.19243789]
Advants:
[-7.70423117 -7.7636519  -7.50080742 -7.15997113 -6.97308848 -6.72643336
 -6.84030856 -6.96388446 -7.09798745 -6.71979755 -6.25387786 -6.0465324
 -5.81661206 -5.57877308 -5.32067326 -4.93700302 -4.61256498 -4.16857299
 -3.77867455 -3.35457858 -2.91261615 -2.43300418 -1.91253541 -1.34053878
 -0.61922264]
Mus:
[[0.25835806 0.28588936 0.23878953 0.2169631 ]
 [0.25779495 0.28501284 0.23922966 0.21796256]
 [0.25715348 0.28821462 0.23720406 0.21742778]
 [0.25637874 0.29151708 0.23519515 0.21690899]
 [0.25704822 0.29309538 0.23421931 0.21563706]
 [0.25784215 0.28955188 0.2363831  0.2162229 ]
 [0.25784215 0.28955188 0.2363831  0.2162229 ]
 [0.25784215 0.28955188 0.2363831  0.2162229 ]
 [0.25784215 0.28955188 0.2363831  0.2162229 ]
 [0.25704822 0.29309538 0.23421931 0.21563706]
 [0.256633   0.29624987 0.23218006 0.214937  ]
 [0.256633   0.29624987 0.23218006 0.214937  ]
 [0.25585172 0.29473436 0.23327602 0.21613789]
 [0.25585172 0.29473436 0.23327602 0.21613789]
 [0.25585172 0.29473436 0.23327602 0.21613789]
 [0.256633   0.29624987 0.23218006 0.214937  ]
 [0.25585172 0.29473436 0.23327602 0.21613789]
 [0.256633   0.29624987 0.23218006 0.214937  ]
 [0.25585172 0.29473436 0.23327602 0.21613789]
 [0.2554632  0.2928517  0.23413143 0.21755369]
 [0.2554632  0.2928517  0.23413143 0.21755369]
 [0.2554632  0.2928517  0.23413143 0.21755369]
 [0.2554632  0.2928517  0.23413143 0.21755369]
 [0.2549495  0.29121298 0.23503207 0.21880545]
 [0.25544986 0.28817207 0.23637344 0.22000466]]
Actions:
[[0. 0. 1. 0.]
 [0. 1. 0. 0.]
 [0. 1. 0. 0.]
 [1. 0. 0. 0.]
 [0. 0. 0. 1.]
 [1. 0. 0. 0.]
 [1. 0. 0. 0.]
 [1. 0. 0. 0.]
 [0. 1. 0. 0.]
 [0. 1. 0. 0.]
 [0. 1. 0. 0.]
 [0. 0. 1. 0.]
 [0. 1. 0. 0.]
 [0. 1. 0. 0.]
 [1. 0. 0. 0.]
 [0. 0. 1. 0.]
 [1. 0. 0. 0.]
 [0. 0. 1. 0.]
 [0. 0. 1. 0.]
 [0. 1. 0. 0.]
 [0. 1. 0. 0.]
 [0. 1. 0. 0.]
 [0. 0. 1. 0.]
 [0. 0. 0. 1.]
 [0. 1. 0. 0.]]
States:
[[0.4 0.7]
 [0.3 0.7]
 [0.3 0.8]
 [0.3 0.9]
 [0.4 0.9]
 [0.4 0.8]
 [0.4 0.8]
 [0.4 0.8]
 [0.4 0.8]
 [0.4 0.9]
 [0.4 1. ]
 [0.4 1. ]
 [0.3 1. ]
 [0.3 1. ]
 [0.3 1. ]
 [0.4 1. ]
 [0.3 1. ]
 [0.4 1. ]
 [0.3 1. ]
 [0.2 1. ]
 [0.2 1. ]
 [0.2 1. ]
 [0.2 1. ]
 [0.1 1. ]
 [0.1 0.9]]
Logstds:
[[0. 0. 0. 0.]
 [0. 0. 0. 0.]
 [0. 0. 0. 0.]
 [0. 0. 0. 0.]
 [0. 0. 0. 0.]
 [0. 0. 0. 0.]
 [0. 0. 0. 0.]
 [0. 0. 0. 0.]
 [0. 0. 0. 0.]
 [0. 0. 0. 0.]
 [0. 0. 0. 0.]
 [0. 0. 0. 0.]
 [0. 0. 0. 0.]
 [0. 0. 0. 0.]
 [0. 0. 0. 0.]
 [0. 0. 0. 0.]
 [0. 0. 0. 0.]
 [0. 0. 0. 0.]
 [0. 0. 0. 0.]
 [0. 0. 0. 0.]
 [0. 0. 0. 0.]
 [0. 0. 0. 0.]
 [0. 0. 0. 0.]
 [0. 0. 0. 0.]
 [0. 0. 0. 0.]]
