Baseline:
[-3.8806334 -4.0063286 -4.1353025 -4.0063286 -3.89645   -4.0063286
 -3.8806334 -3.9907448 -3.9907448 -3.8806334 -3.756055  -3.6526937
 -3.6526937 -3.771781  -3.89645   -4.0063286 -3.89645   -3.789114
 -3.6666522 -3.574434  -3.4630547 -3.4630547 -3.574434  -3.574434
 -3.689446  -3.689446 ]
Returns:
[-12.1326699  -11.94827861 -11.70948004 -11.21679581 -10.84416058
 -10.61173366 -10.11253305  -9.84556257  -9.52934521  -9.07772121
  -8.5489257   -8.13416068  -7.64590123  -7.30251315  -6.89685342
  -6.45667349  -5.8335055   -5.21896738  -4.51238726  -3.91759325
  -3.23137052  -2.65710142  -2.12206737  -1.44238852  -0.79810405]
Advants:
[-7.21083079 -7.05767439 -6.8488258  -6.646329   -6.55039258 -6.37853134
 -6.17843819 -5.97787899 -5.84344165 -5.68863254 -5.47452168 -5.35978812
 -5.06985188 -4.80829085 -4.47958978 -4.13132265 -3.8211399  -3.51865989
 -3.13863822 -2.84200143 -2.47286171 -2.10405878 -1.66062231 -1.1801908
 -0.61363173]
Mus:
[[0.2568896  0.2685498  0.25433213 0.22022846]
 [0.2570938  0.27074558 0.25239378 0.2197668 ]
 [0.2574822  0.27274606 0.2502805  0.21949127]
 [0.2570938  0.27074558 0.25239378 0.2197668 ]
 [0.25605038 0.27073014 0.2528868  0.22033265]
 [0.2570938  0.27074558 0.25239378 0.2197668 ]
 [0.2568896  0.2685498  0.25433213 0.22022846]
 [0.25818747 0.26841703 0.25346765 0.21992788]
 [0.25818747 0.26841703 0.25346765 0.21992788]
 [0.2568896  0.2685498  0.25433213 0.22022846]
 [0.25660288 0.26619866 0.25651392 0.22068462]
 [0.25518367 0.26627228 0.257706   0.22083811]
 [0.25518367 0.26627228 0.257706   0.22083811]
 [0.25560227 0.26847625 0.255111   0.22081047]
 [0.25605038 0.27073014 0.2528868  0.22033265]
 [0.2570938  0.27074558 0.25239378 0.2197668 ]
 [0.25605038 0.27073014 0.2528868  0.22033265]
 [0.25527823 0.27115825 0.2531449  0.22041859]
 [0.25463745 0.26869732 0.25607818 0.22058704]
 [0.25345308 0.26914    0.257082   0.22032495]
 [0.25277823 0.26619062 0.2601554  0.22087568]
 [0.25277823 0.26619062 0.2601554  0.22087568]
 [0.25345308 0.26914    0.257082   0.22032495]
 [0.25345308 0.26914    0.257082   0.22032495]
 [0.25413185 0.27175236 0.25380087 0.22031493]]
Actions:
[[0. 1. 0. 0.]
 [0. 1. 0. 0.]
 [0. 0. 0. 1.]
 [0. 0. 1. 0.]
 [1. 0. 0. 0.]
 [0. 0. 0. 1.]
 [1. 0. 0. 0.]
 [1. 0. 0. 0.]
 [0. 0. 1. 0.]
 [0. 0. 0. 1.]
 [0. 0. 1. 0.]
 [0. 0. 0. 1.]
 [0. 1. 0. 0.]
 [0. 1. 0. 0.]
 [1. 0. 0. 0.]
 [0. 0. 1. 0.]
 [0. 0. 1. 0.]
 [0. 0. 0. 1.]
 [0. 0. 1. 0.]
 [0. 0. 0. 1.]
 [0. 0. 1. 0.]
 [0. 1. 0. 0.]
 [0. 0. 1. 0.]
 [0. 1. 0. 0.]
 [0. 0. 1. 0.]]
States:
[[0.3 0.1]
 [0.3 0.2]
 [0.3 0.3]
 [0.3 0.2]
 [0.2 0.2]
 [0.3 0.2]
 [0.3 0.1]
 [0.4 0.1]
 [0.4 0.1]
 [0.3 0.1]
 [0.3 0. ]
 [0.2 0. ]
 [0.2 0. ]
 [0.2 0.1]
 [0.2 0.2]
 [0.3 0.2]
 [0.2 0.2]
 [0.1 0.2]
 [0.1 0.1]
 [0.  0.1]
 [0.  0. ]
 [0.  0. ]
 [0.  0.1]
 [0.  0.1]
 [0.  0.2]]
Logstds:
[[0. 0. 0. 0.]
 [0. 0. 0. 0.]
 [0. 0. 0. 0.]
 [0. 0. 0. 0.]
 [0. 0. 0. 0.]
 [0. 0. 0. 0.]
 [0. 0. 0. 0.]
 [0. 0. 0. 0.]
 [0. 0. 0. 0.]
 [0. 0. 0. 0.]
 [0. 0. 0. 0.]
 [0. 0. 0. 0.]
 [0. 0. 0. 0.]
 [0. 0. 0. 0.]
 [0. 0. 0. 0.]
 [0. 0. 0. 0.]
 [0. 0. 0. 0.]
 [0. 0. 0. 0.]
 [0. 0. 0. 0.]
 [0. 0. 0. 0.]
 [0. 0. 0. 0.]
 [0. 0. 0. 0.]
 [0. 0. 0. 0.]
 [0. 0. 0. 0.]
 [0. 0. 0. 0.]]
