Baseline:
[-0.12777317 -0.12458391 -0.12002353 -0.12354421 -0.11981422 -0.11778117
 -0.11778117 -0.11362549 -0.11588836 -0.11981422 -0.11981422 -0.11981422
 -0.11588836 -0.11981422 -0.12354421 -0.12002353 -0.12458391 -0.12666802
 -0.12458391 -0.12666802 -0.13003893 -0.13460536 -0.1405219  -0.14695312
 -0.1550062  -0.1550062 ]
Returns:
[-8.25229903 -7.98316977 -7.73392537 -7.52974738 -7.31566431 -7.12061683
 -6.94549163 -6.79148645 -6.59308766 -6.35922462 -6.14031736 -5.90988866
 -5.67521965 -5.39304776 -5.11382889 -4.81098877 -4.44257421 -4.03310237
 -3.64650811 -3.19513806 -2.73590749 -2.22851514 -1.7194335  -1.20595996
 -0.63414365]
Advants:
[-6.27383721 -6.09329131 -5.93370827 -5.81193645 -5.6883243  -5.58347053
 -5.49859989 -5.44205899 -5.33644855 -5.19445372 -5.07273063 -4.94063828
 -4.80947212 -4.62258564 -4.43854857 -4.23730966 -3.95923523 -3.63793548
 -3.33947822 -2.96538311 -2.57459381 -2.12473091 -1.6611906  -1.18104773
 -0.62639332]
Mus:
[[0.260012   0.28206024 0.24247386 0.21545391]
 [0.26020825 0.27856544 0.24543029 0.21579607]
 [0.26097056 0.27460286 0.24770978 0.21671683]
 [0.2602806  0.27327022 0.24897115 0.21747795]
 [0.26117095 0.26926658 0.25090307 0.21865943]
 [0.26095232 0.2659188  0.25372934 0.2193995 ]
 [0.26095232 0.2659188  0.25372934 0.2193995 ]
 [0.26121724 0.2664132  0.25312385 0.2192457 ]
 [0.26163644 0.27011475 0.25023127 0.21801755]
 [0.26117095 0.26926658 0.25090307 0.21865943]
 [0.26117095 0.26926658 0.25090307 0.21865943]
 [0.26117095 0.26926658 0.25090307 0.21865943]
 [0.26163644 0.27011475 0.25023127 0.21801755]
 [0.26117095 0.26926658 0.25090307 0.21865943]
 [0.2602806  0.27327022 0.24897115 0.21747795]
 [0.26097056 0.27460286 0.24770978 0.21671683]
 [0.26020825 0.27856544 0.24543029 0.21579607]
 [0.25950196 0.2771861  0.24672976 0.21658213]
 [0.26020825 0.27856544 0.24543029 0.21579607]
 [0.25950196 0.2771861  0.24672976 0.21658213]
 [0.25948626 0.28070253 0.24371035 0.21610075]
 [0.25890708 0.27817583 0.24605037 0.21686669]
 [0.2583469  0.2762402  0.24751526 0.21789771]
 [0.25882447 0.2787865  0.24464741 0.21774161]
 [0.25861856 0.28220642 0.2415794  0.21759559]]
Actions:
[[0. 0. 0. 1.]
 [0. 0. 0. 1.]
 [0. 0. 1. 0.]
 [0. 0. 0. 1.]
 [0. 0. 0. 1.]
 [0. 0. 0. 1.]
 [1. 0. 0. 0.]
 [0. 1. 0. 0.]
 [0. 0. 1. 0.]
 [0. 0. 1. 0.]
 [0. 0. 1. 0.]
 [1. 0. 0. 0.]
 [0. 0. 1. 0.]
 [0. 1. 0. 0.]
 [1. 0. 0. 0.]
 [0. 1. 0. 0.]
 [0. 0. 1. 0.]
 [1. 0. 0. 0.]
 [0. 0. 1. 0.]
 [0. 1. 0. 0.]
 [0. 0. 1. 0.]
 [0. 0. 1. 0.]
 [0. 1. 0. 0.]
 [0. 1. 0. 0.]
 [0. 1. 0. 0.]]
States:
[[0.7 0.4]
 [0.7 0.3]
 [0.7 0.2]
 [0.6 0.2]
 [0.6 0.1]
 [0.6 0. ]
 [0.6 0. ]
 [0.7 0. ]
 [0.7 0.1]
 [0.6 0.1]
 [0.6 0.1]
 [0.6 0.1]
 [0.7 0.1]
 [0.6 0.1]
 [0.6 0.2]
 [0.7 0.2]
 [0.7 0.3]
 [0.6 0.3]
 [0.7 0.3]
 [0.6 0.3]
 [0.6 0.4]
 [0.5 0.4]
 [0.4 0.4]
 [0.4 0.5]
 [0.4 0.6]]
Logstds:
[[0. 0. 0. 0.]
 [0. 0. 0. 0.]
 [0. 0. 0. 0.]
 [0. 0. 0. 0.]
 [0. 0. 0. 0.]
 [0. 0. 0. 0.]
 [0. 0. 0. 0.]
 [0. 0. 0. 0.]
 [0. 0. 0. 0.]
 [0. 0. 0. 0.]
 [0. 0. 0. 0.]
 [0. 0. 0. 0.]
 [0. 0. 0. 0.]
 [0. 0. 0. 0.]
 [0. 0. 0. 0.]
 [0. 0. 0. 0.]
 [0. 0. 0. 0.]
 [0. 0. 0. 0.]
 [0. 0. 0. 0.]
 [0. 0. 0. 0.]
 [0. 0. 0. 0.]
 [0. 0. 0. 0.]
 [0. 0. 0. 0.]
 [0. 0. 0. 0.]
 [0. 0. 0. 0.]]
