Baseline:
[-1.943246  -1.9876202 -1.9876202 -1.9876202 -1.9876202 -1.943246
 -1.9876202 -1.943246  -2.005353  -2.005353  -1.9638532 -2.005353
 -1.9638532 -2.0276268 -1.987933  -2.052579  -2.052579  -1.987933
 -1.9236108 -1.8598709 -1.7975934 -1.8415833 -1.9013947 -1.9638532
 -2.0276268 -2.0276268]
Returns:
[-14.29440947 -14.07436994 -13.76664849 -13.44273117 -13.10176558
 -12.6914478  -12.38704187 -11.93910705 -11.55677035 -11.15626163
 -10.63828839 -10.22288844  -9.6557903   -9.14617134  -8.51705652
  -7.9398063   -7.28634942  -6.48871686  -5.693483    -4.90033489
  -4.10972174  -3.45934029  -2.71173479  -1.88102969  -0.9622128 ]
Advants:
[-9.90959107 -9.81100369 -9.67371768 -9.52473667 -9.36306437 -9.18036983
 -9.01966214 -8.80771413 -8.55746016 -8.3552968  -8.07932875 -7.82588415
 -7.50481692 -7.1356456  -6.74961313 -6.30857911 -5.8528852  -5.3118386
 -4.76661258 -4.2161488  -3.65947546 -3.12991449 -2.476376   -1.72257573
 -0.8608315 ]
Mus:
[[0.260012   0.28206024 0.24247386 0.21545391]
 [0.26083913 0.28319848 0.24141394 0.21454845]
 [0.26083913 0.28319848 0.24141394 0.21454845]
 [0.26083913 0.28319848 0.24141394 0.21454845]
 [0.26083913 0.28319848 0.24141394 0.21454845]
 [0.260012   0.28206024 0.24247386 0.21545391]
 [0.26083913 0.28319848 0.24141394 0.21454845]
 [0.260012   0.28206024 0.24247386 0.21545391]
 [0.25992283 0.28558153 0.23953931 0.21495633]
 [0.25992283 0.28558153 0.23953931 0.21495633]
 [0.25983584 0.28368637 0.24090892 0.21556887]
 [0.25992283 0.28558153 0.23953931 0.21495633]
 [0.25983584 0.28368637 0.24090892 0.21556887]
 [0.25979668 0.28729433 0.238097   0.21481194]
 [0.2595157  0.2845408  0.23981252 0.21613093]
 [0.25922516 0.2882292  0.23727782 0.21526782]
 [0.25922516 0.2882292  0.23727782 0.21526782]
 [0.2595157  0.2845408  0.23981252 0.21613093]
 [0.25942633 0.28104374 0.242887   0.21664292]
 [0.25890708 0.27817583 0.24605037 0.21686669]
 [0.25866643 0.2754603  0.24826841 0.2176048 ]
 [0.25950196 0.2771861  0.24672976 0.21658213]
 [0.25948626 0.28070253 0.24371035 0.21610075]
 [0.25983584 0.28368637 0.24090892 0.21556887]
 [0.25979668 0.28729433 0.238097   0.21481194]]
Actions:
[[1. 0. 0. 0.]
 [0. 1. 0. 0.]
 [0. 1. 0. 0.]
 [0. 1. 0. 0.]
 [0. 0. 1. 0.]
 [1. 0. 0. 0.]
 [0. 0. 1. 0.]
 [0. 1. 0. 0.]
 [1. 0. 0. 0.]
 [0. 0. 1. 0.]
 [1. 0. 0. 0.]
 [0. 0. 1. 0.]
 [0. 1. 0. 0.]
 [0. 0. 1. 0.]
 [0. 1. 0. 0.]
 [0. 1. 0. 0.]
 [0. 0. 0. 1.]
 [0. 0. 0. 1.]
 [0. 0. 0. 1.]
 [0. 0. 0. 1.]
 [1. 0. 0. 0.]
 [0. 1. 0. 0.]
 [0. 1. 0. 0.]
 [0. 1. 0. 0.]
 [1. 0. 0. 0.]]
States:
[[0.7 0.4]
 [0.8 0.4]
 [0.8 0.4]
 [0.8 0.4]
 [0.8 0.4]
 [0.7 0.4]
 [0.8 0.4]
 [0.7 0.4]
 [0.7 0.5]
 [0.7 0.5]
 [0.6 0.5]
 [0.7 0.5]
 [0.6 0.5]
 [0.6 0.6]
 [0.5 0.6]
 [0.5 0.7]
 [0.5 0.7]
 [0.5 0.6]
 [0.5 0.5]
 [0.5 0.4]
 [0.5 0.3]
 [0.6 0.3]
 [0.6 0.4]
 [0.6 0.5]
 [0.6 0.6]]
Logstds:
[[0. 0. 0. 0.]
 [0. 0. 0. 0.]
 [0. 0. 0. 0.]
 [0. 0. 0. 0.]
 [0. 0. 0. 0.]
 [0. 0. 0. 0.]
 [0. 0. 0. 0.]
 [0. 0. 0. 0.]
 [0. 0. 0. 0.]
 [0. 0. 0. 0.]
 [0. 0. 0. 0.]
 [0. 0. 0. 0.]
 [0. 0. 0. 0.]
 [0. 0. 0. 0.]
 [0. 0. 0. 0.]
 [0. 0. 0. 0.]
 [0. 0. 0. 0.]
 [0. 0. 0. 0.]
 [0. 0. 0. 0.]
 [0. 0. 0. 0.]
 [0. 0. 0. 0.]
 [0. 0. 0. 0.]
 [0. 0. 0. 0.]
 [0. 0. 0. 0.]
 [0. 0. 0. 0.]]
