Baseline:
[-1.356372  -1.3146285 -1.3748472 -1.435473  -1.3748472 -1.4156061
 -1.356372  -1.3993634 -1.445024  -1.4893608 -1.4893608 -1.4893608
 -1.445024  -1.4893608 -1.4319898 -1.4893608 -1.445024  -1.445024
 -1.445024  -1.445024  -1.4893608 -1.4319898 -1.389334  -1.3453165
 -1.2878214 -1.2878214]
Returns:
[-15.01238703 -14.74660358 -14.49832217 -14.19739213 -13.84751736
 -13.57369177 -13.19954965 -12.89147964 -12.52922563 -12.10754951
 -11.56220056 -10.98814903 -10.38242552  -9.84775992  -9.20249382
  -8.54529723  -7.81100257  -7.08087302  -6.3123156   -5.50330778
  -4.71184651  -3.79626919  -2.85486574  -1.90739275  -0.97137201]
Advants:
[-10.7135716  -10.65429493 -10.51505269 -10.32599134 -10.21498536
 -10.08409814  -9.958797    -9.80263682  -9.59361055  -9.32901579
  -8.98537692  -8.61246441  -8.2519886   -7.87310484  -7.48419363
  -6.96346073  -6.46251092  -5.91490943  -5.3206593   -4.67578667
  -3.9922563   -3.2727465   -2.49671424  -1.69848608  -0.90698087]
Mus:
[[0.26506147 0.27183095 0.26759323 0.19551438]
 [0.26123327 0.27195993 0.27048087 0.19632599]
 [0.26058388 0.27552563 0.26891318 0.19497737]
 [0.26045677 0.2785319  0.2674665  0.19354479]
 [0.26058388 0.27552563 0.26891318 0.19497737]
 [0.26509738 0.27520102 0.26584896 0.19385265]
 [0.26506147 0.27183095 0.26759323 0.19551438]
 [0.2684251  0.2713609  0.26501128 0.19520278]
 [0.2712291  0.27111375 0.2626056  0.1950515 ]
 [0.27307528 0.27008778 0.26181394 0.19502299]
 [0.27307528 0.27008778 0.26181394 0.19502299]
 [0.27307528 0.27008778 0.26181394 0.19502299]
 [0.2712291  0.27111375 0.2626056  0.1950515 ]
 [0.27307528 0.27008778 0.26181394 0.19502299]
 [0.2730036  0.26691929 0.26429424 0.19578291]
 [0.27307528 0.27008778 0.26181394 0.19502299]
 [0.2712291  0.27111375 0.2626056  0.1950515 ]
 [0.2712291  0.27111375 0.2626056  0.1950515 ]
 [0.2712291  0.27111375 0.2626056  0.1950515 ]
 [0.2712291  0.27111375 0.2626056  0.1950515 ]
 [0.27307528 0.27008778 0.26181394 0.19502299]
 [0.2730036  0.26691929 0.26429424 0.19578291]
 [0.27073106 0.2681101  0.2649357  0.19622315]
 [0.26807493 0.2686845  0.2666398  0.19660072]
 [0.2674641  0.2657798  0.26870856 0.19804758]]
Actions:
[[0. 0. 1. 0.]
 [0. 1. 0. 0.]
 [0. 1. 0. 0.]
 [0. 0. 0. 1.]
 [1. 0. 0. 0.]
 [0. 0. 0. 1.]
 [1. 0. 0. 0.]
 [1. 0. 0. 0.]
 [1. 0. 0. 0.]
 [0. 1. 0. 0.]
 [0. 1. 0. 0.]
 [0. 0. 1. 0.]
 [1. 0. 0. 0.]
 [0. 0. 0. 1.]
 [0. 1. 0. 0.]
 [0. 0. 1. 0.]
 [0. 1. 0. 0.]
 [0. 1. 0. 0.]
 [0. 1. 0. 0.]
 [1. 0. 0. 0.]
 [0. 0. 0. 1.]
 [0. 0. 1. 0.]
 [0. 0. 1. 0.]
 [0. 0. 0. 1.]
 [0. 1. 0. 0.]]
States:
[[0.6 0.4]
 [0.5 0.4]
 [0.5 0.5]
 [0.5 0.6]
 [0.5 0.5]
 [0.6 0.5]
 [0.6 0.4]
 [0.7 0.4]
 [0.8 0.4]
 [0.9 0.4]
 [0.9 0.4]
 [0.9 0.4]
 [0.8 0.4]
 [0.9 0.4]
 [0.9 0.3]
 [0.9 0.4]
 [0.8 0.4]
 [0.8 0.4]
 [0.8 0.4]
 [0.8 0.4]
 [0.9 0.4]
 [0.9 0.3]
 [0.8 0.3]
 [0.7 0.3]
 [0.7 0.2]]
Logstds:
[[0. 0. 0. 0.]
 [0. 0. 0. 0.]
 [0. 0. 0. 0.]
 [0. 0. 0. 0.]
 [0. 0. 0. 0.]
 [0. 0. 0. 0.]
 [0. 0. 0. 0.]
 [0. 0. 0. 0.]
 [0. 0. 0. 0.]
 [0. 0. 0. 0.]
 [0. 0. 0. 0.]
 [0. 0. 0. 0.]
 [0. 0. 0. 0.]
 [0. 0. 0. 0.]
 [0. 0. 0. 0.]
 [0. 0. 0. 0.]
 [0. 0. 0. 0.]
 [0. 0. 0. 0.]
 [0. 0. 0. 0.]
 [0. 0. 0. 0.]
 [0. 0. 0. 0.]
 [0. 0. 0. 0.]
 [0. 0. 0. 0.]
 [0. 0. 0. 0.]
 [0. 0. 0. 0.]]
