Baseline:
[-1.5493457 -1.5493457 -1.5493457 -1.4833266 -1.5493457 -1.5493457
 -1.5493457 -1.582748  -1.5161046 -1.582748  -1.5161046 -1.4833266
 -1.5161046 -1.4491483 -1.5161046 -1.582748  -1.6157205 -1.582748
 -1.6157205 -1.6495972 -1.6495972 -1.6495972 -1.5838854 -1.518915
 -1.4832304 -1.4832304]
Returns:
[-15.37196532 -15.06073278 -14.73311957 -14.37872456 -14.0570284
 -13.67658865 -13.27612575 -12.92643813 -12.4404801  -11.98000191
 -11.44423144 -10.93505049 -10.50326969  -9.93372003  -9.38239039
  -8.76096011  -8.13906055  -7.3693527   -6.67421065  -5.90647106
  -4.98650204  -4.09132505  -3.06697419  -2.03321636  -0.98929644]
Advants:
[-10.90292811 -10.76085323 -10.60667539 -10.49759048 -10.2924481
 -10.09836814  -9.88775505  -9.69883948  -9.47727221  -9.14844047
  -8.87998625  -8.60661663  -8.34801919  -8.05338834  -7.64165839
  -7.15645586  -6.70148338  -6.15889071  -5.61893845  -4.99672122
  -4.24298081  -3.50050721  -2.6779313   -1.82683533  -0.91513491]
Mus:
[[0.25180733 0.2815765  0.27556732 0.19104876]
 [0.25180733 0.2815765  0.27556732 0.19104876]
 [0.25180733 0.2815765  0.27556732 0.19104876]
 [0.2516098  0.28013137 0.27568707 0.19257182]
 [0.25180733 0.2815765  0.27556732 0.19104876]
 [0.25180733 0.2815765  0.27556732 0.19104876]
 [0.25180733 0.2815765  0.27556732 0.19104876]
 [0.2544932  0.28347293 0.2713463  0.19068755]
 [0.25390837 0.2820259  0.27197886 0.19208688]
 [0.2544932  0.28347293 0.2713463  0.19068755]
 [0.25390837 0.2820259  0.27197886 0.19208688]
 [0.2516098  0.28013137 0.27568707 0.19257182]
 [0.25390837 0.2820259  0.27197886 0.19208688]
 [0.2527904  0.28029448 0.273075   0.1938401 ]
 [0.25390837 0.2820259  0.27197886 0.19208688]
 [0.2544932  0.28347293 0.2713463  0.19068755]
 [0.2565149  0.28498226 0.268045   0.19045782]
 [0.2544932  0.28347293 0.2713463  0.19068755]
 [0.2565149  0.28498226 0.268045   0.19045782]
 [0.25859162 0.28600055 0.2651427  0.19026516]
 [0.25859162 0.28600055 0.2651427  0.19026516]
 [0.25859162 0.28600055 0.2651427  0.19026516]
 [0.25808397 0.2841792  0.266332   0.19140477]
 [0.25764704 0.2824334  0.2675286  0.19239092]
 [0.25507787 0.28148353 0.27006966 0.1933689 ]]
Actions:
[[0. 1. 0. 0.]
 [0. 1. 0. 0.]
 [0. 0. 0. 1.]
 [0. 1. 0. 0.]
 [0. 1. 0. 0.]
 [0. 1. 0. 0.]
 [1. 0. 0. 0.]
 [0. 0. 0. 1.]
 [0. 1. 0. 0.]
 [0. 0. 0. 1.]
 [0. 0. 1. 0.]
 [1. 0. 0. 0.]
 [0. 0. 0. 1.]
 [0. 1. 0. 0.]
 [0. 1. 0. 0.]
 [1. 0. 0. 0.]
 [0. 0. 1. 0.]
 [1. 0. 0. 0.]
 [1. 0. 0. 0.]
 [0. 1. 0. 0.]
 [1. 0. 0. 0.]
 [0. 0. 0. 1.]
 [0. 0. 0. 1.]
 [0. 0. 1. 0.]
 [1. 0. 0. 0.]]
States:
[[0.1 1. ]
 [0.1 1. ]
 [0.1 1. ]
 [0.1 0.9]
 [0.1 1. ]
 [0.1 1. ]
 [0.1 1. ]
 [0.2 1. ]
 [0.2 0.9]
 [0.2 1. ]
 [0.2 0.9]
 [0.1 0.9]
 [0.2 0.9]
 [0.2 0.8]
 [0.2 0.9]
 [0.2 1. ]
 [0.3 1. ]
 [0.2 1. ]
 [0.3 1. ]
 [0.4 1. ]
 [0.4 1. ]
 [0.4 1. ]
 [0.4 0.9]
 [0.4 0.8]
 [0.3 0.8]]
Logstds:
[[0. 0. 0. 0.]
 [0. 0. 0. 0.]
 [0. 0. 0. 0.]
 [0. 0. 0. 0.]
 [0. 0. 0. 0.]
 [0. 0. 0. 0.]
 [0. 0. 0. 0.]
 [0. 0. 0. 0.]
 [0. 0. 0. 0.]
 [0. 0. 0. 0.]
 [0. 0. 0. 0.]
 [0. 0. 0. 0.]
 [0. 0. 0. 0.]
 [0. 0. 0. 0.]
 [0. 0. 0. 0.]
 [0. 0. 0. 0.]
 [0. 0. 0. 0.]
 [0. 0. 0. 0.]
 [0. 0. 0. 0.]
 [0. 0. 0. 0.]
 [0. 0. 0. 0.]
 [0. 0. 0. 0.]
 [0. 0. 0. 0.]
 [0. 0. 0. 0.]
 [0. 0. 0. 0.]]
