Baseline:
[-8.830444  -9.07359   -8.830444  -8.830444  -8.830444  -8.830444
 -9.07359   -8.830444  -8.830444  -9.07359   -8.830444  -8.563589
 -8.295889  -8.563589  -8.295889  -8.027724  -8.295889  -8.531906
 -8.295889  -8.531906  -8.262816  -7.994378  -8.233356  -7.994378
 -7.7603292 -7.7603292]
Returns:
[-13.042123   -12.90487463 -12.49168516 -12.25507355 -12.00600869
 -11.74383515 -11.53825584 -11.05313907 -10.58239671 -10.31568906
  -9.76622667  -9.05542313  -8.36921891  -8.01989696  -7.27919137
  -6.56028308  -6.16656198  -5.76079277  -5.09116521  -4.62879617
  -3.73521887  -2.85331775  -2.32999295  -1.55583012  -0.77903879]
Advants:
[-4.94060695 -4.74080235 -4.76147239 -4.72450326 -4.68438483 -4.64084883
 -4.41550867 -4.40846785 -4.17810937 -3.91334973 -3.8635314  -3.68420099
 -3.53991356 -3.20138523 -3.01596808 -2.86337091 -2.5045599  -2.17181747
 -2.06016594 -1.68956684 -1.40147511 -1.13409125 -0.72377191 -0.55400443
 -0.39102173]
Mus:
[[0.2562672  0.27548006 0.24728444 0.22096835]
 [0.25709718 0.2749477  0.24724294 0.2207122 ]
 [0.2562672  0.27548006 0.24728444 0.22096835]
 [0.2562672  0.27548006 0.24728444 0.22096835]
 [0.2562672  0.27548006 0.24728444 0.22096835]
 [0.2562672  0.27548006 0.24728444 0.22096835]
 [0.25709718 0.2749477  0.24724294 0.2207122 ]
 [0.2562672  0.27548006 0.24728444 0.22096835]
 [0.2562672  0.27548006 0.24728444 0.22096835]
 [0.25709718 0.2749477  0.24724294 0.2207122 ]
 [0.2562672  0.27548006 0.24728444 0.22096835]
 [0.2551397  0.27375317 0.25066695 0.22044027]
 [0.25413185 0.27175236 0.25380087 0.22031493]
 [0.2551397  0.27375317 0.25066695 0.22044027]
 [0.25413185 0.27175236 0.25380087 0.22031493]
 [0.25345308 0.26914    0.257082   0.22032495]
 [0.25413185 0.27175236 0.25380087 0.22031493]
 [0.25527823 0.27115825 0.2531449  0.22041859]
 [0.25413185 0.27175236 0.25380087 0.22031493]
 [0.25527823 0.27115825 0.2531449  0.22041859]
 [0.25463745 0.26869732 0.25607818 0.22058704]
 [0.25402623 0.2659497  0.25912005 0.22090395]
 [0.25518367 0.26627228 0.257706   0.22083811]
 [0.25402623 0.2659497  0.25912005 0.22090395]
 [0.25277823 0.26619062 0.2601554  0.22087568]]
Actions:
[[1. 0. 0. 0.]
 [0. 0. 1. 0.]
 [0. 1. 0. 0.]
 [0. 1. 0. 0.]
 [0. 1. 0. 0.]
 [1. 0. 0. 0.]
 [0. 0. 1. 0.]
 [0. 0. 1. 0.]
 [1. 0. 0. 0.]
 [0. 0. 1. 0.]
 [0. 0. 0. 1.]
 [0. 0. 0. 1.]
 [0. 1. 0. 0.]
 [0. 0. 0. 1.]
 [0. 0. 0. 1.]
 [0. 1. 0. 0.]
 [1. 0. 0. 0.]
 [0. 0. 1. 0.]
 [1. 0. 0. 0.]
 [0. 0. 0. 1.]
 [0. 0. 0. 1.]
 [1. 0. 0. 0.]
 [0. 0. 1. 0.]
 [0. 0. 1. 0.]
 [0. 0. 1. 0.]]
States:
[[0.  0.4]
 [0.1 0.4]
 [0.  0.4]
 [0.  0.4]
 [0.  0.4]
 [0.  0.4]
 [0.1 0.4]
 [0.  0.4]
 [0.  0.4]
 [0.1 0.4]
 [0.  0.4]
 [0.  0.3]
 [0.  0.2]
 [0.  0.3]
 [0.  0.2]
 [0.  0.1]
 [0.  0.2]
 [0.1 0.2]
 [0.  0.2]
 [0.1 0.2]
 [0.1 0.1]
 [0.1 0. ]
 [0.2 0. ]
 [0.1 0. ]
 [0.  0. ]]
Logstds:
[[0. 0. 0. 0.]
 [0. 0. 0. 0.]
 [0. 0. 0. 0.]
 [0. 0. 0. 0.]
 [0. 0. 0. 0.]
 [0. 0. 0. 0.]
 [0. 0. 0. 0.]
 [0. 0. 0. 0.]
 [0. 0. 0. 0.]
 [0. 0. 0. 0.]
 [0. 0. 0. 0.]
 [0. 0. 0. 0.]
 [0. 0. 0. 0.]
 [0. 0. 0. 0.]
 [0. 0. 0. 0.]
 [0. 0. 0. 0.]
 [0. 0. 0. 0.]
 [0. 0. 0. 0.]
 [0. 0. 0. 0.]
 [0. 0. 0. 0.]
 [0. 0. 0. 0.]
 [0. 0. 0. 0.]
 [0. 0. 0. 0.]
 [0. 0. 0. 0.]
 [0. 0. 0. 0.]]
