Baseline:
[0.7177316  0.7349689  0.75815886 0.7349689  0.7177316  0.6731029
 0.7177316  0.7578075  0.79568255 0.79568255 0.7578075  0.74494654
 0.74494654 0.74494654 0.7834033  0.7834033  0.79568255 0.7834033
 0.7834033  0.7834033  0.79568255 0.7834033  0.7834033  0.74494654
 0.7578075  0.7578075 ]
Returns:
[-0.69002967 -0.68801157 -0.67391526 -0.66786577 -0.6771064  -0.71607617
 -0.68783876 -0.64173745 -0.57718188 -0.49310102 -0.49184136 -0.49306472
 -0.50928651 -0.52636208 -0.4708929  -0.39657015 -0.36428157 -0.34444349
 -0.2634655  -0.25317956 -0.2133441  -0.18556194 -0.09622177 -0.08360947
 -0.04883277]
Advants:
[-0.90275882 -0.91896797 -0.92941714 -0.90074437 -0.89311534 -0.88768036
 -0.90482161 -0.89942371 -0.87259899 -0.78576119 -0.74242435 -0.7258667
 -0.73725101 -0.74960512 -0.7269429  -0.64419045 -0.61441447 -0.57070514
 -0.47464323 -0.44767027 -0.40115329 -0.33927684 -0.2235002  -0.14216313
 -0.08672315]
Mus:
[[0.24464242 0.26394394 0.28564692 0.20576672]
 [0.24881975 0.26536024 0.2818042  0.20401584]
 [0.25309172 0.26599646 0.27871954 0.20219229]
 [0.24881975 0.26536024 0.2818042  0.20401584]
 [0.24464242 0.26394394 0.28564692 0.20576672]
 [0.2438608  0.26109055 0.28721163 0.207837  ]
 [0.24464242 0.26394394 0.28564692 0.20576672]
 [0.24530363 0.26698428 0.2842916  0.20342048]
 [0.24587768 0.2701126  0.28248024 0.20152938]
 [0.24587768 0.2701126  0.28248024 0.20152938]
 [0.24530363 0.26698428 0.2842916  0.20342048]
 [0.24178542 0.2653497  0.2881169  0.20474795]
 [0.24178542 0.2653497  0.2881169  0.20474795]
 [0.24178542 0.2653497  0.2881169  0.20474795]
 [0.24300815 0.26813772 0.28632778 0.20252633]
 [0.24300815 0.26813772 0.28632778 0.20252633]
 [0.24587768 0.2701126  0.28248024 0.20152938]
 [0.24300815 0.26813772 0.28632778 0.20252633]
 [0.24300815 0.26813772 0.28632778 0.20252633]
 [0.24300815 0.26813772 0.28632778 0.20252633]
 [0.24587768 0.2701126  0.28248024 0.20152938]
 [0.24300815 0.26813772 0.28632778 0.20252633]
 [0.24300815 0.26813772 0.28632778 0.20252633]
 [0.24178542 0.2653497  0.2881169  0.20474795]
 [0.24530363 0.26698428 0.2842916  0.20342048]]
Actions:
[[1. 0. 0. 0.]
 [1. 0. 0. 0.]
 [0. 0. 1. 0.]
 [0. 0. 1. 0.]
 [0. 0. 0. 1.]
 [0. 1. 0. 0.]
 [0. 1. 0. 0.]
 [0. 1. 0. 0.]
 [0. 1. 0. 0.]
 [0. 0. 0. 1.]
 [0. 0. 1. 0.]
 [0. 0. 1. 0.]
 [0. 0. 1. 0.]
 [0. 1. 0. 0.]
 [0. 1. 0. 0.]
 [1. 0. 0. 0.]
 [0. 0. 1. 0.]
 [0. 1. 0. 0.]
 [0. 0. 1. 0.]
 [1. 0. 0. 0.]
 [0. 0. 1. 0.]
 [0. 1. 0. 0.]
 [0. 0. 0. 1.]
 [1. 0. 0. 0.]
 [1. 0. 0. 0.]]
States:
[[0.1 0.2]
 [0.2 0.2]
 [0.3 0.2]
 [0.2 0.2]
 [0.1 0.2]
 [0.1 0.1]
 [0.1 0.2]
 [0.1 0.3]
 [0.1 0.4]
 [0.1 0.4]
 [0.1 0.3]
 [0.  0.3]
 [0.  0.3]
 [0.  0.3]
 [0.  0.4]
 [0.  0.4]
 [0.1 0.4]
 [0.  0.4]
 [0.  0.4]
 [0.  0.4]
 [0.1 0.4]
 [0.  0.4]
 [0.  0.4]
 [0.  0.3]
 [0.1 0.3]]
Logstds:
[[0. 0. 0. 0.]
 [0. 0. 0. 0.]
 [0. 0. 0. 0.]
 [0. 0. 0. 0.]
 [0. 0. 0. 0.]
 [0. 0. 0. 0.]
 [0. 0. 0. 0.]
 [0. 0. 0. 0.]
 [0. 0. 0. 0.]
 [0. 0. 0. 0.]
 [0. 0. 0. 0.]
 [0. 0. 0. 0.]
 [0. 0. 0. 0.]
 [0. 0. 0. 0.]
 [0. 0. 0. 0.]
 [0. 0. 0. 0.]
 [0. 0. 0. 0.]
 [0. 0. 0. 0.]
 [0. 0. 0. 0.]
 [0. 0. 0. 0.]
 [0. 0. 0. 0.]
 [0. 0. 0. 0.]
 [0. 0. 0. 0.]
 [0. 0. 0. 0.]
 [0. 0. 0. 0.]]
