Baseline:
[-1.7619718 -1.8074874 -1.8074874 -1.8074874 -1.7619718 -1.8074874
 -1.7619718 -1.8074874 -1.7619718 -1.815805  -1.8709524 -1.815805
 -1.8612238 -1.815805  -1.8709524 -1.929035  -1.885461  -1.8415833
 -1.7975934 -1.8598709 -1.8195996 -1.8598709 -1.9236108 -1.987933
 -1.9236108 -1.9236108]
Returns:
[-13.08133281 -12.91167153 -12.56957908 -12.20948177 -11.88997908
 -11.65761498 -11.30906667 -11.04612823 -10.6653964  -10.35650631
  -9.98772448  -9.44215969  -9.04405993  -8.51656901  -8.05094837
  -7.51590257  -6.85547081  -6.19460072  -5.53442693  -4.93160367
  -4.19833052  -3.54928801  -2.79870306  -1.96513846  -0.93182153]
Advants:
[-9.06658638 -9.00293031 -8.81468599 -8.61040566 -8.49703543 -8.38486091
 -8.25227714 -8.11925235 -7.96404214 -7.78544093 -7.54820725 -7.24522209
 -6.99138538 -6.70024438 -6.37056586 -5.96646126 -5.53565181 -5.1014743
 -4.66462135 -4.17355823 -3.64798692 -3.11904751 -2.45357361 -1.68944831
 -0.83564103]
Mus:
[[0.2615571  0.2665519  0.25272617 0.21916476]
 [0.2614564  0.26650968 0.25328302 0.21875083]
 [0.2614564  0.26650968 0.25328302 0.21875083]
 [0.2614564  0.26650968 0.25328302 0.21875083]
 [0.2615571  0.2665519  0.25272617 0.21916476]
 [0.2614564  0.26650968 0.25328302 0.21875083]
 [0.2615571  0.2665519  0.25272617 0.21916476]
 [0.2614564  0.26650968 0.25328302 0.21875083]
 [0.2615571  0.2665519  0.25272617 0.21916476]
 [0.26190236 0.27079847 0.2499197  0.21737947]
 [0.26139328 0.27560148 0.24711154 0.21589369]
 [0.26190236 0.27079847 0.2499197  0.21737947]
 [0.26159337 0.27103916 0.25024092 0.2171265 ]
 [0.26190236 0.27079847 0.2499197  0.21737947]
 [0.26139328 0.27560148 0.24711154 0.21589369]
 [0.2609231  0.27987248 0.24427333 0.21493107]
 [0.26020825 0.27856544 0.24543029 0.21579607]
 [0.25950196 0.2771861  0.24672976 0.21658213]
 [0.25866643 0.2754603  0.24826841 0.2176048 ]
 [0.25890708 0.27817583 0.24605037 0.21686669]
 [0.2583469  0.2762402  0.24751526 0.21789771]
 [0.25890708 0.27817583 0.24605037 0.21686669]
 [0.25942633 0.28104374 0.242887   0.21664292]
 [0.2595157  0.2845408  0.23981252 0.21613093]
 [0.25942633 0.28104374 0.242887   0.21664292]]
Actions:
[[1. 0. 0. 0.]
 [0. 0. 0. 1.]
 [0. 0. 0. 1.]
 [0. 0. 1. 0.]
 [1. 0. 0. 0.]
 [0. 0. 1. 0.]
 [1. 0. 0. 0.]
 [0. 0. 1. 0.]
 [0. 1. 0. 0.]
 [0. 1. 0. 0.]
 [0. 0. 0. 1.]
 [1. 0. 0. 0.]
 [0. 0. 1. 0.]
 [0. 1. 0. 0.]
 [0. 1. 0. 0.]
 [0. 0. 1. 0.]
 [0. 0. 1. 0.]
 [0. 0. 1. 0.]
 [0. 1. 0. 0.]
 [0. 0. 1. 0.]
 [1. 0. 0. 0.]
 [0. 1. 0. 0.]
 [0. 1. 0. 0.]
 [0. 0. 0. 1.]
 [0. 1. 0. 0.]]
States:
[[0.8 0. ]
 [0.9 0. ]
 [0.9 0. ]
 [0.9 0. ]
 [0.8 0. ]
 [0.9 0. ]
 [0.8 0. ]
 [0.9 0. ]
 [0.8 0. ]
 [0.8 0.1]
 [0.8 0.2]
 [0.8 0.1]
 [0.9 0.1]
 [0.8 0.1]
 [0.8 0.2]
 [0.8 0.3]
 [0.7 0.3]
 [0.6 0.3]
 [0.5 0.3]
 [0.5 0.4]
 [0.4 0.4]
 [0.5 0.4]
 [0.5 0.5]
 [0.5 0.6]
 [0.5 0.5]]
Logstds:
[[0. 0. 0. 0.]
 [0. 0. 0. 0.]
 [0. 0. 0. 0.]
 [0. 0. 0. 0.]
 [0. 0. 0. 0.]
 [0. 0. 0. 0.]
 [0. 0. 0. 0.]
 [0. 0. 0. 0.]
 [0. 0. 0. 0.]
 [0. 0. 0. 0.]
 [0. 0. 0. 0.]
 [0. 0. 0. 0.]
 [0. 0. 0. 0.]
 [0. 0. 0. 0.]
 [0. 0. 0. 0.]
 [0. 0. 0. 0.]
 [0. 0. 0. 0.]
 [0. 0. 0. 0.]
 [0. 0. 0. 0.]
 [0. 0. 0. 0.]
 [0. 0. 0. 0.]
 [0. 0. 0. 0.]
 [0. 0. 0. 0.]
 [0. 0. 0. 0.]
 [0. 0. 0. 0.]]
