Baseline:
[-10.998853 -11.331483 -11.030598 -10.729711 -11.030598 -11.331483
 -11.331483 -11.331483 -11.670822 -11.670822 -11.331483 -11.030598
 -10.729711 -11.030598 -10.729711 -10.429192 -10.767078 -10.429192
 -10.135906 -10.135906  -9.804629  -9.804629  -9.804629 -10.098501
 -10.394531 -10.394531]
Returns:
[-14.91345023 -14.78516402 -14.28222093 -13.77550386 -13.67144985
 -13.54031087 -13.37937883 -13.20997668 -12.93614853 -12.69802997
 -11.78113609 -11.12008627 -10.44694106 -10.16769953  -9.4444287
  -8.70672805  -8.28236141  -7.21254816  -6.38424737  -5.54448185
  -4.42655662  -3.31603819  -2.38930909  -1.77366819  -1.10323977]
Advants:
[-5.15558919 -4.90720451 -4.92953361 -4.96083955 -4.80071195 -4.62099484
 -4.72888572 -4.84596753 -4.52472487 -4.5960343  -4.33640448 -4.31010873
 -4.28864761 -4.07125786 -4.0294497  -3.99174356 -3.63942041 -3.32970797
 -3.23632755 -2.84984731 -2.53076754 -1.89330287 -1.45126458 -1.03960147
 -0.58351326]
Mus:
[[0.26154423 0.2667453  0.25390416 0.21780635]
 [0.26139447 0.27110624 0.25089577 0.21660353]
 [0.26159337 0.27103916 0.25024092 0.2171265 ]
 [0.26190236 0.27079847 0.2499197  0.21737947]
 [0.26159337 0.27103916 0.25024092 0.2171265 ]
 [0.26139447 0.27110624 0.25089577 0.21660353]
 [0.26139447 0.27110624 0.25089577 0.21660353]
 [0.26139447 0.27110624 0.25089577 0.21660353]
 [0.26108986 0.27594823 0.24766493 0.21529701]
 [0.26108986 0.27594823 0.24766493 0.21529701]
 [0.26139447 0.27110624 0.25089577 0.21660353]
 [0.26159337 0.27103916 0.25024092 0.2171265 ]
 [0.26190236 0.27079847 0.2499197  0.21737947]
 [0.26159337 0.27103916 0.25024092 0.2171265 ]
 [0.26190236 0.27079847 0.2499197  0.21737947]
 [0.26163644 0.27011475 0.25023127 0.21801755]
 [0.26097056 0.27460286 0.24770978 0.21671683]
 [0.26163644 0.27011475 0.25023127 0.21801755]
 [0.26117095 0.26926658 0.25090307 0.21865943]
 [0.26117095 0.26926658 0.25090307 0.21865943]
 [0.26095232 0.2659188  0.25372934 0.2193995 ]
 [0.26095232 0.2659188  0.25372934 0.2193995 ]
 [0.26095232 0.2659188  0.25372934 0.2193995 ]
 [0.26121724 0.2664132  0.25312385 0.2192457 ]
 [0.2615571  0.2665519  0.25272617 0.21916476]]
Actions:
[[0. 1. 0. 0.]
 [0. 0. 1. 0.]
 [0. 0. 1. 0.]
 [1. 0. 0. 0.]
 [1. 0. 0. 0.]
 [1. 0. 0. 0.]
 [1. 0. 0. 0.]
 [0. 1. 0. 0.]
 [1. 0. 0. 0.]
 [0. 0. 0. 1.]
 [0. 0. 1. 0.]
 [0. 0. 1. 0.]
 [1. 0. 0. 0.]
 [0. 0. 1. 0.]
 [0. 0. 1. 0.]
 [0. 1. 0. 0.]
 [0. 0. 0. 1.]
 [0. 0. 1. 0.]
 [0. 0. 1. 0.]
 [0. 0. 0. 1.]
 [0. 0. 0. 1.]
 [0. 0. 1. 0.]
 [1. 0. 0. 0.]
 [1. 0. 0. 0.]
 [0. 0. 1. 0.]]
States:
[[1.  0. ]
 [1.  0.1]
 [0.9 0.1]
 [0.8 0.1]
 [0.9 0.1]
 [1.  0.1]
 [1.  0.1]
 [1.  0.1]
 [1.  0.2]
 [1.  0.2]
 [1.  0.1]
 [0.9 0.1]
 [0.8 0.1]
 [0.9 0.1]
 [0.8 0.1]
 [0.7 0.1]
 [0.7 0.2]
 [0.7 0.1]
 [0.6 0.1]
 [0.6 0.1]
 [0.6 0. ]
 [0.6 0. ]
 [0.6 0. ]
 [0.7 0. ]
 [0.8 0. ]]
Logstds:
[[0. 0. 0. 0.]
 [0. 0. 0. 0.]
 [0. 0. 0. 0.]
 [0. 0. 0. 0.]
 [0. 0. 0. 0.]
 [0. 0. 0. 0.]
 [0. 0. 0. 0.]
 [0. 0. 0. 0.]
 [0. 0. 0. 0.]
 [0. 0. 0. 0.]
 [0. 0. 0. 0.]
 [0. 0. 0. 0.]
 [0. 0. 0. 0.]
 [0. 0. 0. 0.]
 [0. 0. 0. 0.]
 [0. 0. 0. 0.]
 [0. 0. 0. 0.]
 [0. 0. 0. 0.]
 [0. 0. 0. 0.]
 [0. 0. 0. 0.]
 [0. 0. 0. 0.]
 [0. 0. 0. 0.]
 [0. 0. 0. 0.]
 [0. 0. 0. 0.]
 [0. 0. 0. 0.]]
