Baseline:
[-9.111029 -9.111029 -9.111029 -9.389875 -9.651799 -9.651799 -9.389875
 -9.651799 -9.377149 -9.377149 -9.111029 -9.111029 -9.389875 -9.128431
 -8.867558 -9.128431 -8.867558 -9.128431 -8.867558 -8.587599 -8.332492
 -8.607554 -8.332492 -8.332492 -8.587599 -8.587599]
Returns:
[-17.82131647 -17.40765295 -16.97221766 -16.54544301 -16.14956976
 -15.68995565 -15.14803252 -14.67861135 -13.99100889 -13.32809713
 -12.72186395 -12.03980818 -11.35343304 -10.63482701  -9.92882665
  -9.2684827   -8.49056948  -7.75452777  -6.89693272  -5.94234002
  -5.10086662  -4.17402902  -3.12167886  -2.07765896  -1.09651673]
Advants:
[-8.68364772 -8.52431112 -8.35140108 -7.90884619 -7.5161803  -7.33006837
 -7.33821057 -6.89693383 -6.78598969 -6.43030967 -6.41308089 -6.06032106
 -5.4225955  -5.30668942 -5.21812208 -4.65534702 -4.51129365 -3.88830586
 -3.67891041 -3.40373262 -3.23271514 -2.44437492 -2.09183662 -1.47646034
 -0.66713619]
Mus:
[[0.27045357 0.25918248 0.27103743 0.19932657]
 [0.27045357 0.25918248 0.27103743 0.19932657]
 [0.27045357 0.25918248 0.27103743 0.19932657]
 [0.2716644  0.26121718 0.26908854 0.1980299 ]
 [0.27337047 0.26058477 0.26844305 0.19760163]
 [0.27337047 0.26058477 0.26844305 0.19760163]
 [0.2716644  0.26121718 0.26908854 0.1980299 ]
 [0.27337047 0.26058477 0.26844305 0.19760163]
 [0.2724651  0.25857595 0.2704278  0.19853121]
 [0.2724651  0.25857595 0.2704278  0.19853121]
 [0.27045357 0.25918248 0.27103743 0.19932657]
 [0.27045357 0.25918248 0.27103743 0.19932657]
 [0.2716644  0.26121718 0.26908854 0.1980299 ]
 [0.26942575 0.26173177 0.27014214 0.1987003 ]
 [0.2667143  0.2626433  0.2712128  0.19942966]
 [0.26942575 0.26173177 0.27014214 0.1987003 ]
 [0.2667143  0.2626433  0.2712128  0.19942966]
 [0.26942575 0.26173177 0.27014214 0.1987003 ]
 [0.2667143  0.2626433  0.2712128  0.19942966]
 [0.2652432  0.26003522 0.27376205 0.20095958]
 [0.2625047  0.26057243 0.2751999  0.20172296]
 [0.2634895  0.26353425 0.27297568 0.20000052]
 [0.2625047  0.26057243 0.2751999  0.20172296]
 [0.2625047  0.26057243 0.2751999  0.20172296]
 [0.2652432  0.26003522 0.27376205 0.20095958]]
Actions:
[[0. 0. 0. 1.]
 [0. 0. 0. 1.]
 [0. 1. 0. 0.]
 [1. 0. 0. 0.]
 [1. 0. 0. 0.]
 [0. 0. 1. 0.]
 [1. 0. 0. 0.]
 [0. 0. 0. 1.]
 [0. 0. 0. 1.]
 [0. 0. 1. 0.]
 [0. 0. 0. 1.]
 [0. 1. 0. 0.]
 [0. 0. 1. 0.]
 [0. 0. 1. 0.]
 [1. 0. 0. 0.]
 [0. 0. 1. 0.]
 [1. 0. 0. 0.]
 [0. 0. 1. 0.]
 [0. 0. 0. 1.]
 [0. 0. 1. 0.]
 [0. 1. 0. 0.]
 [0. 0. 0. 1.]
 [0. 0. 0. 1.]
 [1. 0. 0. 0.]
 [0. 0. 1. 0.]]
States:
[[0.9 0. ]
 [0.9 0. ]
 [0.9 0. ]
 [0.9 0.1]
 [1.  0.1]
 [1.  0.1]
 [0.9 0.1]
 [1.  0.1]
 [1.  0. ]
 [1.  0. ]
 [0.9 0. ]
 [0.9 0. ]
 [0.9 0.1]
 [0.8 0.1]
 [0.7 0.1]
 [0.8 0.1]
 [0.7 0.1]
 [0.8 0.1]
 [0.7 0.1]
 [0.7 0. ]
 [0.6 0. ]
 [0.6 0.1]
 [0.6 0. ]
 [0.6 0. ]
 [0.7 0. ]]
Logstds:
[[0. 0. 0. 0.]
 [0. 0. 0. 0.]
 [0. 0. 0. 0.]
 [0. 0. 0. 0.]
 [0. 0. 0. 0.]
 [0. 0. 0. 0.]
 [0. 0. 0. 0.]
 [0. 0. 0. 0.]
 [0. 0. 0. 0.]
 [0. 0. 0. 0.]
 [0. 0. 0. 0.]
 [0. 0. 0. 0.]
 [0. 0. 0. 0.]
 [0. 0. 0. 0.]
 [0. 0. 0. 0.]
 [0. 0. 0. 0.]
 [0. 0. 0. 0.]
 [0. 0. 0. 0.]
 [0. 0. 0. 0.]
 [0. 0. 0. 0.]
 [0. 0. 0. 0.]
 [0. 0. 0. 0.]
 [0. 0. 0. 0.]
 [0. 0. 0. 0.]
 [0. 0. 0. 0.]]
