Baseline:
[ -9.430189  -9.150198  -8.867558  -9.150198  -9.430189  -9.150198
  -8.887351  -9.150198  -9.430189  -9.16732   -8.906846  -9.192728
  -9.451429  -9.711086  -9.973703  -9.973703  -9.973703  -9.711086
  -9.430189  -9.711086  -9.996006 -10.281863 -10.571266 -10.312935
 -10.601802 -10.601802]
Returns:
[-18.95875641 -18.51533409 -18.11019555 -17.77423297 -17.36779199
 -16.8406347  -16.44893483 -16.12156935 -15.62814607 -15.11082538
 -14.6168854  -14.07139123 -13.55851136 -12.97602238 -12.32117115
 -11.47844225 -10.5913592   -9.69895796  -8.70817665  -7.77145666
  -6.73131686  -5.58274099  -4.31898841  -2.96015486  -1.54535127]
Advants:
[-9.34428264 -9.45479601 -9.62579159 -9.30655117 -8.92375381 -8.99844351
 -9.21487928 -8.98111611 -8.57059584 -8.70208317 -8.8802122  -8.46978122
 -8.13114035 -7.73277079 -7.26850705 -6.89152595 -6.48243089 -6.35187606
 -6.16179356 -5.47060068 -4.67582799 -3.77249241 -2.74764075 -2.18641055
 -1.0152607 ]
Mus:
[[0.26807493 0.2686845  0.2666398  0.19660072]
 [0.2674641  0.2657798  0.26870856 0.19804758]
 [0.2667143  0.2626433  0.2712128  0.19942966]
 [0.2674641  0.2657798  0.26870856 0.19804758]
 [0.26807493 0.2686845  0.2666398  0.19660072]
 [0.2674641  0.2657798  0.26870856 0.19804758]
 [0.26433307 0.26634073 0.27074865 0.19857754]
 [0.2674641  0.2657798  0.26870856 0.19804758]
 [0.26807493 0.2686845  0.2666398  0.19660072]
 [0.2649989  0.26888382 0.26909265 0.19702458]
 [0.26133934 0.26890627 0.27210242 0.19765206]
 [0.26123327 0.27195993 0.27048087 0.19632599]
 [0.26506147 0.27183095 0.26759323 0.19551438]
 [0.2684251  0.2713609  0.26501128 0.19520278]
 [0.2712291  0.27111375 0.2626056  0.1950515 ]
 [0.2712291  0.27111375 0.2626056  0.1950515 ]
 [0.2712291  0.27111375 0.2626056  0.1950515 ]
 [0.2684251  0.2713609  0.26501128 0.19520278]
 [0.26807493 0.2686845  0.2666398  0.19660072]
 [0.2684251  0.2713609  0.26501128 0.19520278]
 [0.26875302 0.27425835 0.26316124 0.19382745]
 [0.26911014 0.2769358  0.26196045 0.19199364]
 [0.2689665  0.279596   0.2607683  0.19066921]
 [0.26514602 0.28084964 0.26286966 0.19113463]
 [0.26445377 0.28340918 0.26194772 0.19018933]]
Actions:
[[0. 0. 0. 1.]
 [0. 0. 0. 1.]
 [0. 1. 0. 0.]
 [0. 1. 0. 0.]
 [0. 0. 0. 1.]
 [0. 0. 1. 0.]
 [1. 0. 0. 0.]
 [0. 1. 0. 0.]
 [0. 0. 1. 0.]
 [0. 0. 1. 0.]
 [0. 1. 0. 0.]
 [1. 0. 0. 0.]
 [1. 0. 0. 0.]
 [1. 0. 0. 0.]
 [0. 1. 0. 0.]
 [0. 1. 0. 0.]
 [0. 0. 1. 0.]
 [0. 0. 0. 1.]
 [0. 1. 0. 0.]
 [0. 1. 0. 0.]
 [0. 1. 0. 0.]
 [0. 1. 0. 0.]
 [0. 0. 1. 0.]
 [0. 1. 0. 0.]
 [0. 1. 0. 0.]]
States:
[[0.7 0.3]
 [0.7 0.2]
 [0.7 0.1]
 [0.7 0.2]
 [0.7 0.3]
 [0.7 0.2]
 [0.6 0.2]
 [0.7 0.2]
 [0.7 0.3]
 [0.6 0.3]
 [0.5 0.3]
 [0.5 0.4]
 [0.6 0.4]
 [0.7 0.4]
 [0.8 0.4]
 [0.8 0.4]
 [0.8 0.4]
 [0.7 0.4]
 [0.7 0.3]
 [0.7 0.4]
 [0.7 0.5]
 [0.7 0.6]
 [0.7 0.7]
 [0.6 0.7]
 [0.6 0.8]]
Logstds:
[[0. 0. 0. 0.]
 [0. 0. 0. 0.]
 [0. 0. 0. 0.]
 [0. 0. 0. 0.]
 [0. 0. 0. 0.]
 [0. 0. 0. 0.]
 [0. 0. 0. 0.]
 [0. 0. 0. 0.]
 [0. 0. 0. 0.]
 [0. 0. 0. 0.]
 [0. 0. 0. 0.]
 [0. 0. 0. 0.]
 [0. 0. 0. 0.]
 [0. 0. 0. 0.]
 [0. 0. 0. 0.]
 [0. 0. 0. 0.]
 [0. 0. 0. 0.]
 [0. 0. 0. 0.]
 [0. 0. 0. 0.]
 [0. 0. 0. 0.]
 [0. 0. 0. 0.]
 [0. 0. 0. 0.]
 [0. 0. 0. 0.]
 [0. 0. 0. 0.]
 [0. 0. 0. 0.]]
