Baseline:
[-10.939326  -11.264683  -10.939326  -10.6408205 -10.966638  -10.668712
 -10.375618  -10.698133  -10.698133  -11.025619  -10.698133  -11.025619
 -10.698133  -10.996692  -10.698133  -10.698133  -10.996692  -11.32237
 -11.652941  -11.357473  -11.025619  -10.735263  -10.735263  -11.025619
 -11.32237   -11.32237  ]
Returns:
[-18.1300347  -17.70862217 -17.19222365 -16.88775877 -16.4413189
 -16.08029431 -15.75799484 -15.27266548 -14.89211205 -14.30055145
 -13.6134256  -12.95456571 -12.1965985  -11.59601158 -10.96399314
 -10.35666749  -9.65924209  -8.75225387  -7.73741156  -6.7570372
  -5.60423579  -4.63945755  -3.49626048  -2.42187043  -1.24970031]
Advants:
[-7.86211072 -7.37183376 -7.45322501 -7.74272382 -7.26720876 -7.52417957
 -7.8414053  -7.3845185  -7.37305005 -6.82610718 -6.85914461 -6.26842358
 -6.2539535  -5.77845037 -5.8944083  -5.75600155 -5.23807929 -4.48607595
 -3.62066161 -3.43546075 -3.13139836 -2.99703374 -2.40454325 -1.59520926
 -0.68358231]
Mus:
[[0.27045357 0.25918248 0.27103743 0.19932657]
 [0.2716644  0.26121718 0.26908854 0.1980299 ]
 [0.27045357 0.25918248 0.27103743 0.19932657]
 [0.26785615 0.25958893 0.272403   0.20015188]
 [0.26942575 0.26173177 0.27014214 0.1987003 ]
 [0.2667143  0.2626433  0.2712128  0.19942966]
 [0.2634895  0.26353425 0.27297568 0.20000052]
 [0.26433307 0.26634073 0.27074865 0.19857754]
 [0.26433307 0.26634073 0.27074865 0.19857754]
 [0.2649989  0.26888382 0.26909265 0.19702458]
 [0.26433307 0.26634073 0.27074865 0.19857754]
 [0.2649989  0.26888382 0.26909265 0.19702458]
 [0.26433307 0.26634073 0.27074865 0.19857754]
 [0.2674641  0.2657798  0.26870856 0.19804758]
 [0.26433307 0.26634073 0.27074865 0.19857754]
 [0.26433307 0.26634073 0.27074865 0.19857754]
 [0.2674641  0.2657798  0.26870856 0.19804758]
 [0.26807493 0.2686845  0.2666398  0.19660072]
 [0.2684251  0.2713609  0.26501128 0.19520278]
 [0.26506147 0.27183095 0.26759323 0.19551438]
 [0.2649989  0.26888382 0.26909265 0.19702458]
 [0.26133934 0.26890627 0.27210242 0.19765206]
 [0.26133934 0.26890627 0.27210242 0.19765206]
 [0.2649989  0.26888382 0.26909265 0.19702458]
 [0.26807493 0.2686845  0.2666398  0.19660072]]
Actions:
[[0. 1. 0. 0.]
 [0. 0. 0. 1.]
 [0. 0. 1. 0.]
 [0. 1. 0. 0.]
 [0. 0. 1. 0.]
 [0. 0. 1. 0.]
 [0. 1. 0. 0.]
 [0. 0. 1. 0.]
 [0. 1. 0. 0.]
 [0. 0. 0. 1.]
 [0. 1. 0. 0.]
 [0. 0. 0. 1.]
 [1. 0. 0. 0.]
 [0. 0. 1. 0.]
 [0. 0. 1. 0.]
 [1. 0. 0. 0.]
 [0. 1. 0. 0.]
 [0. 1. 0. 0.]
 [0. 0. 1. 0.]
 [0. 0. 0. 1.]
 [0. 0. 1. 0.]
 [0. 0. 0. 1.]
 [1. 0. 0. 0.]
 [1. 0. 0. 0.]
 [0. 0. 1. 0.]]
States:
[[0.9 0. ]
 [0.9 0.1]
 [0.9 0. ]
 [0.8 0. ]
 [0.8 0.1]
 [0.7 0.1]
 [0.6 0.1]
 [0.6 0.2]
 [0.6 0.2]
 [0.6 0.3]
 [0.6 0.2]
 [0.6 0.3]
 [0.6 0.2]
 [0.7 0.2]
 [0.6 0.2]
 [0.6 0.2]
 [0.7 0.2]
 [0.7 0.3]
 [0.7 0.4]
 [0.6 0.4]
 [0.6 0.3]
 [0.5 0.3]
 [0.5 0.3]
 [0.6 0.3]
 [0.7 0.3]]
Logstds:
[[0. 0. 0. 0.]
 [0. 0. 0. 0.]
 [0. 0. 0. 0.]
 [0. 0. 0. 0.]
 [0. 0. 0. 0.]
 [0. 0. 0. 0.]
 [0. 0. 0. 0.]
 [0. 0. 0. 0.]
 [0. 0. 0. 0.]
 [0. 0. 0. 0.]
 [0. 0. 0. 0.]
 [0. 0. 0. 0.]
 [0. 0. 0. 0.]
 [0. 0. 0. 0.]
 [0. 0. 0. 0.]
 [0. 0. 0. 0.]
 [0. 0. 0. 0.]
 [0. 0. 0. 0.]
 [0. 0. 0. 0.]
 [0. 0. 0. 0.]
 [0. 0. 0. 0.]
 [0. 0. 0. 0.]
 [0. 0. 0. 0.]
 [0. 0. 0. 0.]
 [0. 0. 0. 0.]]
