Baseline:
[-15.125965 -15.125965 -14.825761 -15.181302 -14.882664 -14.882664
 -15.181302 -15.481532 -15.481532 -15.125965 -15.481532 -15.125965
 -15.481532 -15.481532 -15.181302 -15.481532 -15.481532 -15.181302
 -15.181302 -15.481532 -15.125965 -15.125965 -15.481532 -15.481532
 -15.481532 -15.481532]
Returns:
[-27.52525879 -27.09992159 -26.60201312 -25.96760738 -25.37676059
 -24.64599921 -24.08003483 -23.44897469 -22.74962032 -21.75844782
 -20.83311714 -19.74107606 -18.70956792 -17.76077109 -16.69167348
 -15.67175222 -14.35810842 -13.10992331 -11.69790915 -10.41515818
  -8.77480347  -7.36260019  -5.67959332  -3.84004643  -1.90368128]
Advants:
[-12.71698588 -12.68904111 -12.91646763 -12.35725018 -12.52342547
 -12.2674945  -11.89143213 -11.46149631 -11.28457717 -11.19625424
 -10.46964413 -10.31189934  -9.50995352  -9.16678792  -9.03136389
  -8.35778688  -7.70517075  -7.44523565  -6.73618246  -5.86708538
  -5.31726152  -4.65895499  -3.37545069  -2.29840332  -1.12960529]
Mus:
[[0.27305228 0.28239107 0.25450468 0.19005197]
 [0.27305228 0.28239107 0.25450468 0.19005197]
 [0.27166337 0.28295982 0.255776   0.18960084]
 [0.2706434  0.28583634 0.2552865  0.18823378]
 [0.26870295 0.2868224  0.25630587 0.18816872]
 [0.26870295 0.2868224  0.25630587 0.18816872]
 [0.2706434  0.28583634 0.2552865  0.18823378]
 [0.27188736 0.28559473 0.2541659  0.18835205]
 [0.27188736 0.28559473 0.2541659  0.18835205]
 [0.27305228 0.28239107 0.25450468 0.19005197]
 [0.27188736 0.28559473 0.2541659  0.18835205]
 [0.27305228 0.28239107 0.25450468 0.19005197]
 [0.27188736 0.28559473 0.2541659  0.18835205]
 [0.27188736 0.28559473 0.2541659  0.18835205]
 [0.2706434  0.28583634 0.2552865  0.18823378]
 [0.27188736 0.28559473 0.2541659  0.18835205]
 [0.27188736 0.28559473 0.2541659  0.18835205]
 [0.2706434  0.28583634 0.2552865  0.18823378]
 [0.2706434  0.28583634 0.2552865  0.18823378]
 [0.27188736 0.28559473 0.2541659  0.18835205]
 [0.27305228 0.28239107 0.25450468 0.19005197]
 [0.27305228 0.28239107 0.25450468 0.19005197]
 [0.27188736 0.28559473 0.2541659  0.18835205]
 [0.27188736 0.28559473 0.2541659  0.18835205]
 [0.27188736 0.28559473 0.2541659  0.18835205]]
Actions:
[[1. 0. 0. 0.]
 [0. 0. 1. 0.]
 [0. 1. 0. 0.]
 [0. 0. 1. 0.]
 [0. 1. 0. 0.]
 [1. 0. 0. 0.]
 [1. 0. 0. 0.]
 [1. 0. 0. 0.]
 [0. 0. 0. 1.]
 [0. 1. 0. 0.]
 [0. 0. 0. 1.]
 [0. 1. 0. 0.]
 [1. 0. 0. 0.]
 [0. 0. 1. 0.]
 [1. 0. 0. 0.]
 [0. 1. 0. 0.]
 [0. 0. 1. 0.]
 [0. 1. 0. 0.]
 [1. 0. 0. 0.]
 [0. 0. 0. 1.]
 [1. 0. 0. 0.]
 [0. 1. 0. 0.]
 [0. 1. 0. 0.]
 [0. 1. 0. 0.]
 [0. 0. 1. 0.]]
States:
[[1.  0.9]
 [1.  0.9]
 [0.9 0.9]
 [0.9 1. ]
 [0.8 1. ]
 [0.8 1. ]
 [0.9 1. ]
 [1.  1. ]
 [1.  1. ]
 [1.  0.9]
 [1.  1. ]
 [1.  0.9]
 [1.  1. ]
 [1.  1. ]
 [0.9 1. ]
 [1.  1. ]
 [1.  1. ]
 [0.9 1. ]
 [0.9 1. ]
 [1.  1. ]
 [1.  0.9]
 [1.  0.9]
 [1.  1. ]
 [1.  1. ]
 [1.  1. ]]
Logstds:
[[0. 0. 0. 0.]
 [0. 0. 0. 0.]
 [0. 0. 0. 0.]
 [0. 0. 0. 0.]
 [0. 0. 0. 0.]
 [0. 0. 0. 0.]
 [0. 0. 0. 0.]
 [0. 0. 0. 0.]
 [0. 0. 0. 0.]
 [0. 0. 0. 0.]
 [0. 0. 0. 0.]
 [0. 0. 0. 0.]
 [0. 0. 0. 0.]
 [0. 0. 0. 0.]
 [0. 0. 0. 0.]
 [0. 0. 0. 0.]
 [0. 0. 0. 0.]
 [0. 0. 0. 0.]
 [0. 0. 0. 0.]
 [0. 0. 0. 0.]
 [0. 0. 0. 0.]
 [0. 0. 0. 0.]
 [0. 0. 0. 0.]
 [0. 0. 0. 0.]
 [0. 0. 0. 0.]]
