Baseline:
[-12.55186  -12.55186  -12.250389 -12.250389 -12.250389 -11.950833
 -11.652941 -11.985928 -12.319254 -12.024343 -11.731588 -11.43888
 -11.107282 -10.776322 -11.066279 -11.357473 -11.690713 -12.024343
 -11.731588 -11.398408 -11.107282 -11.398408 -11.690713 -11.357473
 -11.025619 -11.025619]
Returns:
[-20.68255158 -20.11451717 -19.62497041 -19.04289996 -18.43019422
 -17.90433867 -17.4047816  -16.78518448 -16.07348577 -15.38689229
 -14.71566824 -14.06111132 -13.24837069 -12.46256882 -11.8453349
 -11.15353297 -10.24460841  -9.22532911  -8.22981227  -7.06695306
  -6.08610366  -5.07704532  -3.97259825  -2.60593559  -1.23465514]
Advants:
[-8.61962339 -8.32713662 -8.43226371 -8.15037222 -7.84446719 -7.94410398
 -8.08990567 -7.48492547 -6.78479532 -6.7552747  -6.75811283 -6.79886365
 -6.73973619 -6.7287913  -6.27525572 -5.75415884 -4.97482356 -4.08232797
 -3.85746527 -3.52073739 -3.34462713 -2.56159585 -1.68285373 -1.17960668
 -0.6833744 ]
Mus:
[[0.27479967 0.26894513 0.26138732 0.19486786]
 [0.27479967 0.26894513 0.26138732 0.19486786]
 [0.27307528 0.27008778 0.26181394 0.19502299]
 [0.27307528 0.27008778 0.26181394 0.19502299]
 [0.27307528 0.27008778 0.26181394 0.19502299]
 [0.2712291  0.27111375 0.2626056  0.1950515 ]
 [0.2684251  0.2713609  0.26501128 0.19520278]
 [0.26875302 0.27425835 0.26316124 0.19382745]
 [0.26911014 0.2769358  0.26196045 0.19199364]
 [0.26512167 0.27805102 0.26441002 0.19241728]
 [0.26045677 0.2785319  0.2674665  0.19354479]
 [0.25606734 0.27875936 0.27041394 0.19475937]
 [0.25602612 0.27602908 0.2717875  0.19615735]
 [0.25677955 0.27203348 0.2734272  0.19775978]
 [0.26123327 0.27195993 0.27048087 0.19632599]
 [0.26506147 0.27183095 0.26759323 0.19551438]
 [0.26509738 0.27520102 0.26584896 0.19385265]
 [0.26512167 0.27805102 0.26441002 0.19241728]
 [0.26045677 0.2785319  0.2674665  0.19354479]
 [0.26058388 0.27552563 0.26891318 0.19497737]
 [0.25602612 0.27602908 0.2717875  0.19615735]
 [0.26058388 0.27552563 0.26891318 0.19497737]
 [0.26509738 0.27520102 0.26584896 0.19385265]
 [0.26506147 0.27183095 0.26759323 0.19551438]
 [0.2649989  0.26888382 0.26909265 0.19702458]]
Actions:
[[0. 1. 0. 0.]
 [0. 0. 1. 0.]
 [0. 1. 0. 0.]
 [0. 1. 0. 0.]
 [0. 0. 1. 0.]
 [0. 0. 1. 0.]
 [0. 1. 0. 0.]
 [0. 1. 0. 0.]
 [0. 0. 1. 0.]
 [0. 0. 1. 0.]
 [0. 0. 1. 0.]
 [0. 0. 0. 1.]
 [0. 0. 0. 1.]
 [1. 0. 0. 0.]
 [1. 0. 0. 0.]
 [0. 1. 0. 0.]
 [0. 1. 0. 0.]
 [0. 0. 1. 0.]
 [0. 0. 0. 1.]
 [0. 0. 1. 0.]
 [1. 0. 0. 0.]
 [1. 0. 0. 0.]
 [0. 0. 0. 1.]
 [0. 0. 0. 1.]
 [1. 0. 0. 0.]]
States:
[[1.  0.4]
 [1.  0.4]
 [0.9 0.4]
 [0.9 0.4]
 [0.9 0.4]
 [0.8 0.4]
 [0.7 0.4]
 [0.7 0.5]
 [0.7 0.6]
 [0.6 0.6]
 [0.5 0.6]
 [0.4 0.6]
 [0.4 0.5]
 [0.4 0.4]
 [0.5 0.4]
 [0.6 0.4]
 [0.6 0.5]
 [0.6 0.6]
 [0.5 0.6]
 [0.5 0.5]
 [0.4 0.5]
 [0.5 0.5]
 [0.6 0.5]
 [0.6 0.4]
 [0.6 0.3]]
Logstds:
[[0. 0. 0. 0.]
 [0. 0. 0. 0.]
 [0. 0. 0. 0.]
 [0. 0. 0. 0.]
 [0. 0. 0. 0.]
 [0. 0. 0. 0.]
 [0. 0. 0. 0.]
 [0. 0. 0. 0.]
 [0. 0. 0. 0.]
 [0. 0. 0. 0.]
 [0. 0. 0. 0.]
 [0. 0. 0. 0.]
 [0. 0. 0. 0.]
 [0. 0. 0. 0.]
 [0. 0. 0. 0.]
 [0. 0. 0. 0.]
 [0. 0. 0. 0.]
 [0. 0. 0. 0.]
 [0. 0. 0. 0.]
 [0. 0. 0. 0.]
 [0. 0. 0. 0.]
 [0. 0. 0. 0.]
 [0. 0. 0. 0.]
 [0. 0. 0. 0.]
 [0. 0. 0. 0.]]
