Baseline:
[ -9.281913   -9.591354   -9.591354   -9.281913   -9.01266    -9.281913
  -8.9754715  -9.248426   -9.52342    -9.52342    -9.834686  -10.150547
  -9.87044    -9.556894   -9.87044   -10.185839  -10.467653  -10.749292
 -11.067623  -10.78503   -11.105834  -10.824424  -11.146763  -10.868832
 -11.19837   -11.19837  ]
Returns:
[-17.48651771 -17.16473458 -16.76836338 -16.33889264 -16.1243433
 -15.90938533 -15.50422017 -15.26672681 -14.97337149 -14.62345072
 -14.1334069  -13.55984564 -13.02928644 -12.35957327 -11.72996085
 -11.00919352 -10.33413546  -9.58155437  -8.61425872  -7.63019833
  -6.54175491  -5.42318364  -4.20211286  -2.9337624   -1.56389546]
Advants:
[-8.46486074 -8.09003404 -7.95964375 -8.12454286 -8.49013829 -8.32832784
 -8.57641506 -8.42653482 -8.23189231 -8.27669123 -7.87894236 -7.39995163
 -7.58714897 -7.69489671 -7.22600428 -6.67245781 -6.20972495 -5.67975259
 -4.9015675  -4.72907382 -3.85027797 -3.5628642  -2.56829915 -2.14284653
 -1.00397682]
Mus:
[[0.24827895 0.26860222 0.2809211  0.20219773]
 [0.24885069 0.2715303  0.2792185  0.20040055]
 [0.24885069 0.2715303  0.2792185  0.20040055]
 [0.24827895 0.26860222 0.2809211  0.20219773]
 [0.24530363 0.26698428 0.2842916  0.20342048]
 [0.24827895 0.26860222 0.2809211  0.20219773]
 [0.24881975 0.26536024 0.2818042  0.20401584]
 [0.25309172 0.26599646 0.27871954 0.20219229]
 [0.25700617 0.2663656  0.27639094 0.20023732]
 [0.25700617 0.2663656  0.27639094 0.20023732]
 [0.25725248 0.26884857 0.2747546  0.19914436]
 [0.25677955 0.27203348 0.2734272  0.19775978]
 [0.2523132  0.27232686 0.27621904 0.19914082]
 [0.2526539  0.2689793  0.27774104 0.20062578]
 [0.2523132  0.27232686 0.27621904 0.19914082]
 [0.25213057 0.2755329  0.27473772 0.19759884]
 [0.25602612 0.27602908 0.2717875  0.19615735]
 [0.26058388 0.27552563 0.26891318 0.19497737]
 [0.26045677 0.2785319  0.2674665  0.19354479]
 [0.25606734 0.27875936 0.27041394 0.19475937]
 [0.2569528  0.28054097 0.26900348 0.19350275]
 [0.2541132  0.27939978 0.27173036 0.19475664]
 [0.25507787 0.28148353 0.27006966 0.1933689 ]
 [0.2527904  0.28029448 0.273075   0.1938401 ]
 [0.25390837 0.2820259  0.27197886 0.19208688]]
Actions:
[[0. 1. 0. 0.]
 [0. 1. 0. 0.]
 [0. 0. 0. 1.]
 [0. 0. 1. 0.]
 [1. 0. 0. 0.]
 [0. 0. 0. 1.]
 [1. 0. 0. 0.]
 [1. 0. 0. 0.]
 [1. 0. 0. 0.]
 [0. 1. 0. 0.]
 [0. 1. 0. 0.]
 [0. 0. 1. 0.]
 [0. 0. 0. 1.]
 [0. 1. 0. 0.]
 [0. 1. 0. 0.]
 [1. 0. 0. 0.]
 [1. 0. 0. 0.]
 [0. 1. 0. 0.]
 [0. 0. 1. 0.]
 [0. 1. 0. 0.]
 [0. 0. 1. 0.]
 [0. 1. 0. 0.]
 [0. 0. 1. 0.]
 [0. 1. 0. 0.]
 [0. 0. 0. 1.]]
States:
[[0.2 0.3]
 [0.2 0.4]
 [0.2 0.4]
 [0.2 0.3]
 [0.1 0.3]
 [0.2 0.3]
 [0.2 0.2]
 [0.3 0.2]
 [0.4 0.2]
 [0.4 0.2]
 [0.4 0.3]
 [0.4 0.4]
 [0.3 0.4]
 [0.3 0.3]
 [0.3 0.4]
 [0.3 0.5]
 [0.4 0.5]
 [0.5 0.5]
 [0.5 0.6]
 [0.4 0.6]
 [0.4 0.7]
 [0.3 0.7]
 [0.3 0.8]
 [0.2 0.8]
 [0.2 0.9]]
Logstds:
[[0. 0. 0. 0.]
 [0. 0. 0. 0.]
 [0. 0. 0. 0.]
 [0. 0. 0. 0.]
 [0. 0. 0. 0.]
 [0. 0. 0. 0.]
 [0. 0. 0. 0.]
 [0. 0. 0. 0.]
 [0. 0. 0. 0.]
 [0. 0. 0. 0.]
 [0. 0. 0. 0.]
 [0. 0. 0. 0.]
 [0. 0. 0. 0.]
 [0. 0. 0. 0.]
 [0. 0. 0. 0.]
 [0. 0. 0. 0.]
 [0. 0. 0. 0.]
 [0. 0. 0. 0.]
 [0. 0. 0. 0.]
 [0. 0. 0. 0.]
 [0. 0. 0. 0.]
 [0. 0. 0. 0.]
 [0. 0. 0. 0.]
 [0. 0. 0. 0.]
 [0. 0. 0. 0.]]
