Baseline:
[1.1331342 1.1513786 1.1051478 1.0871246 1.1331342 1.1513786 1.1051478
 1.1207597 1.1051478 1.1513786 1.1331342 1.1513786 1.1051478 1.0570674
 1.0714772 1.0245715 1.0451345 1.0006788 1.0006788 1.0006788 0.9806989
 1.0006788 1.0006788 1.0451345 1.0245715 1.0245715]
Returns:
[-3.75763504 -3.69057685 -3.58565274 -3.50718715 -3.38689154 -3.30032053
 -3.17485661 -3.08228249 -2.96695942 -2.80521099 -2.66927685 -2.54493665
 -2.37971569 -2.22161432 -2.0927782  -1.92452305 -1.78381586 -1.60444084
 -1.4308448  -1.26754386 -1.09456245 -0.92317535 -0.71372322 -0.46096799
 -0.22989798]
Advants:
[-3.55860724 -3.54606151 -3.42958929 -3.36775352 -3.32877512 -3.29665064
 -3.15893181 -3.1164595  -3.01890302 -2.93603463 -2.81251824 -2.73641528
 -2.55097157 -2.36663667 -2.27237936 -2.07245125 -1.96512156 -1.74827434
 -1.57688782 -1.41093409 -1.20912611 -1.04343593 -0.8120062  -0.57341463
 -0.28112656]
Mus:
[[0.25919223 0.30164802 0.2284222  0.21073751]
 [0.25934857 0.30337563 0.22730306 0.20997274]
 [0.25953948 0.30044404 0.22928064 0.21073581]
 [0.25962454 0.2985617  0.2302689  0.21154492]
 [0.25919223 0.30164802 0.2284222  0.21073751]
 [0.25934857 0.30337563 0.22730306 0.20997274]
 [0.25953948 0.30044404 0.22928064 0.21073581]
 [0.25941777 0.30208194 0.22850005 0.21000017]
 [0.25953948 0.30044404 0.22928064 0.21073581]
 [0.25934857 0.30337563 0.22730306 0.20997274]
 [0.25919223 0.30164802 0.2284222  0.21073751]
 [0.25934857 0.30337563 0.22730306 0.20997274]
 [0.25953948 0.30044404 0.22928064 0.21073581]
 [0.25957286 0.2974508  0.23138697 0.21158926]
 [0.25988448 0.29883233 0.23036462 0.21091855]
 [0.26043135 0.2953836  0.23232113 0.21186392]
 [0.26140937 0.2962299  0.23143066 0.21093006]
 [0.26207826 0.29235667 0.23387787 0.2116872 ]
 [0.26207826 0.29235667 0.23387787 0.2116872 ]
 [0.26207826 0.29235667 0.23387787 0.2116872 ]
 [0.26112112 0.29140964 0.2347545  0.2127147 ]
 [0.26207826 0.29235667 0.23387787 0.2116872 ]
 [0.26207826 0.29235667 0.23387787 0.2116872 ]
 [0.26140937 0.2962299  0.23143066 0.21093006]
 [0.26043135 0.2953836  0.23232113 0.21186392]]
Actions:
[[1. 0. 0. 0.]
 [0. 0. 0. 1.]
 [0. 0. 1. 0.]
 [0. 1. 0. 0.]
 [1. 0. 0. 0.]
 [0. 0. 0. 1.]
 [1. 0. 0. 0.]
 [0. 0. 1. 0.]
 [0. 1. 0. 0.]
 [0. 0. 1. 0.]
 [1. 0. 0. 0.]
 [0. 0. 0. 1.]
 [0. 0. 0. 1.]
 [1. 0. 0. 0.]
 [0. 0. 0. 1.]
 [1. 0. 0. 0.]
 [0. 0. 0. 1.]
 [0. 0. 0. 1.]
 [1. 0. 0. 0.]
 [0. 0. 1. 0.]
 [1. 0. 0. 0.]
 [0. 0. 0. 1.]
 [0. 1. 0. 0.]
 [0. 0. 1. 0.]
 [1. 0. 0. 0.]]
States:
[[0.7 1. ]
 [0.8 1. ]
 [0.8 0.9]
 [0.7 0.9]
 [0.7 1. ]
 [0.8 1. ]
 [0.8 0.9]
 [0.9 0.9]
 [0.8 0.9]
 [0.8 1. ]
 [0.7 1. ]
 [0.8 1. ]
 [0.8 0.9]
 [0.8 0.8]
 [0.9 0.8]
 [0.9 0.7]
 [1.  0.7]
 [1.  0.6]
 [1.  0.6]
 [1.  0.6]
 [0.9 0.6]
 [1.  0.6]
 [1.  0.6]
 [1.  0.7]
 [0.9 0.7]]
Logstds:
[[0. 0. 0. 0.]
 [0. 0. 0. 0.]
 [0. 0. 0. 0.]
 [0. 0. 0. 0.]
 [0. 0. 0. 0.]
 [0. 0. 0. 0.]
 [0. 0. 0. 0.]
 [0. 0. 0. 0.]
 [0. 0. 0. 0.]
 [0. 0. 0. 0.]
 [0. 0. 0. 0.]
 [0. 0. 0. 0.]
 [0. 0. 0. 0.]
 [0. 0. 0. 0.]
 [0. 0. 0. 0.]
 [0. 0. 0. 0.]
 [0. 0. 0. 0.]
 [0. 0. 0. 0.]
 [0. 0. 0. 0.]
 [0. 0. 0. 0.]
 [0. 0. 0. 0.]
 [0. 0. 0. 0.]
 [0. 0. 0. 0.]
 [0. 0. 0. 0.]
 [0. 0. 0. 0.]]
