Baseline:
[-3.0252738 -2.9154525 -2.8120914 -2.7145388 -2.8260489 -2.9485111
 -3.081767  -2.9803348 -3.081767  -2.9485111 -2.8260489 -2.931178
 -2.8120914 -2.7145388 -2.7145388 -2.7145388 -2.7145388 -2.8260489
 -2.9485111 -2.848843  -2.9803348 -2.9803348 -3.081767  -2.9485111
 -3.081767  -3.081767 ]
Returns:
[-12.64439477 -12.35409186 -12.09567739 -11.87008451 -11.62017965
 -11.30872155 -10.93336565 -10.53782683 -10.20109716  -9.71167987
  -9.25171231  -8.89473048  -8.40602401  -7.98623885  -7.54226322
  -7.07492045  -6.5829807   -6.05480721  -5.45043478  -4.82004012
  -4.14340322  -3.4333522   -2.7227028   -1.83968582  -0.96595961]
Advants:
[-7.9808345  -7.95270877 -7.95819438 -8.0004089  -7.81257479 -7.55360166
 -7.21911009 -7.10486081 -6.84832598 -6.67824878 -6.53224154 -6.26364929
 -6.09260226 -5.97589222 -5.7412158  -5.48654795 -5.21018567 -4.78466026
 -4.26774759 -3.94841161 -3.3446876  -2.83449357 -2.21417814 -1.64933089
 -0.81187105]
Mus:
[[0.25659248 0.26101372 0.27890578 0.20348805]
 [0.2528523  0.26022097 0.28171742 0.20520934]
 [0.24808921 0.25947255 0.28498164 0.20745656]
 [0.24324597 0.25935122 0.28816402 0.20923875]
 [0.2438608  0.26109055 0.28721163 0.207837  ]
 [0.24464242 0.26394394 0.28564692 0.20576672]
 [0.24530363 0.26698428 0.2842916  0.20342048]
 [0.24178542 0.2653497  0.2881169  0.20474795]
 [0.24530363 0.26698428 0.2842916  0.20342048]
 [0.24464242 0.26394394 0.28564692 0.20576672]
 [0.2438608  0.26109055 0.28721163 0.207837  ]
 [0.24854293 0.26212177 0.28331977 0.20601548]
 [0.24808921 0.25947255 0.28498164 0.20745656]
 [0.24324597 0.25935122 0.28816402 0.20923875]
 [0.24324597 0.25935122 0.28816402 0.20923875]
 [0.24324597 0.25935122 0.28816402 0.20923875]
 [0.24324597 0.25935122 0.28816402 0.20923875]
 [0.2438608  0.26109055 0.28721163 0.207837  ]
 [0.24464242 0.26394394 0.28564692 0.20576672]
 [0.24081329 0.26245892 0.28949165 0.20723614]
 [0.24178542 0.2653497  0.2881169  0.20474795]
 [0.24178542 0.2653497  0.2881169  0.20474795]
 [0.24530363 0.26698428 0.2842916  0.20342048]
 [0.24464242 0.26394394 0.28564692 0.20576672]
 [0.24530363 0.26698428 0.2842916  0.20342048]]
Actions:
[[0. 0. 1. 0.]
 [0. 0. 1. 0.]
 [0. 0. 1. 0.]
 [0. 1. 0. 0.]
 [0. 1. 0. 0.]
 [0. 1. 0. 0.]
 [0. 0. 1. 0.]
 [1. 0. 0. 0.]
 [0. 0. 0. 1.]
 [0. 0. 0. 1.]
 [1. 0. 0. 0.]
 [0. 0. 0. 1.]
 [0. 0. 1. 0.]
 [0. 0. 0. 1.]
 [0. 0. 0. 1.]
 [0. 0. 0. 1.]
 [0. 1. 0. 0.]
 [0. 1. 0. 0.]
 [0. 0. 1. 0.]
 [0. 1. 0. 0.]
 [0. 0. 1. 0.]
 [1. 0. 0. 0.]
 [0. 0. 0. 1.]
 [0. 1. 0. 0.]
 [0. 1. 0. 0.]]
States:
[[0.4 0. ]
 [0.3 0. ]
 [0.2 0. ]
 [0.1 0. ]
 [0.1 0.1]
 [0.1 0.2]
 [0.1 0.3]
 [0.  0.3]
 [0.1 0.3]
 [0.1 0.2]
 [0.1 0.1]
 [0.2 0.1]
 [0.2 0. ]
 [0.1 0. ]
 [0.1 0. ]
 [0.1 0. ]
 [0.1 0. ]
 [0.1 0.1]
 [0.1 0.2]
 [0.  0.2]
 [0.  0.3]
 [0.  0.3]
 [0.1 0.3]
 [0.1 0.2]
 [0.1 0.3]]
Logstds:
[[0. 0. 0. 0.]
 [0. 0. 0. 0.]
 [0. 0. 0. 0.]
 [0. 0. 0. 0.]
 [0. 0. 0. 0.]
 [0. 0. 0. 0.]
 [0. 0. 0. 0.]
 [0. 0. 0. 0.]
 [0. 0. 0. 0.]
 [0. 0. 0. 0.]
 [0. 0. 0. 0.]
 [0. 0. 0. 0.]
 [0. 0. 0. 0.]
 [0. 0. 0. 0.]
 [0. 0. 0. 0.]
 [0. 0. 0. 0.]
 [0. 0. 0. 0.]
 [0. 0. 0. 0.]
 [0. 0. 0. 0.]
 [0. 0. 0. 0.]
 [0. 0. 0. 0.]
 [0. 0. 0. 0.]
 [0. 0. 0. 0.]
 [0. 0. 0. 0.]
 [0. 0. 0. 0.]]
