Baseline:
[-8.815882 -8.622181 -8.815882 -8.622181 -8.815882 -8.815882 -9.01106
 -9.01106  -8.785395 -9.01106  -8.785395 -8.562144 -8.344117 -8.562144
 -8.562144 -8.365716 -8.562144 -8.365716 -8.169942 -7.975309 -7.750396
 -7.975309 -7.781863 -8.009627 -8.241698 -8.241698]
Returns:
[-23.69892841 -23.13776486 -22.7206764  -22.1080259  -21.63674065
 -20.97851599 -20.40508987 -19.75835575 -18.89017245 -18.09566658
 -17.13997332 -16.18660604 -15.23631007 -14.35625911 -13.49021598
 -12.46083783 -11.53834643 -10.4062383   -9.25974242  -8.09715062
  -6.85845908  -5.67022019  -4.36281047  -3.0335613   -1.58136463]
Advants:
[-13.24352517 -13.18533204 -12.8912672  -12.8030662  -12.4764372
 -12.16503607 -11.7490294  -11.46492697 -11.1960612  -10.54982064
 -10.20299953  -9.86615297  -9.53800805  -8.84451877  -8.39074551
  -7.97942495  -7.28344567  -6.77779734  -6.26433588  -5.74094993
  -5.17826195  -4.21092199  -3.54629537  -2.42874222  -1.16928005]
Mus:
[[0.2706434  0.28583634 0.2552865  0.18823378]
 [0.26870295 0.2868224  0.25630587 0.18816872]
 [0.2706434  0.28583634 0.2552865  0.18823378]
 [0.26870295 0.2868224  0.25630587 0.18816872]
 [0.2706434  0.28583634 0.2552865  0.18823378]
 [0.2706434  0.28583634 0.2552865  0.18823378]
 [0.27188736 0.28559473 0.2541659  0.18835205]
 [0.27188736 0.28559473 0.2541659  0.18835205]
 [0.27305228 0.28239107 0.25450468 0.19005197]
 [0.27188736 0.28559473 0.2541659  0.18835205]
 [0.27305228 0.28239107 0.25450468 0.19005197]
 [0.27422976 0.27943453 0.254839   0.19149671]
 [0.27471393 0.27707157 0.25590095 0.19231355]
 [0.27422976 0.27943453 0.254839   0.19149671]
 [0.27422976 0.27943453 0.254839   0.19149671]
 [0.2725661  0.28009844 0.25645533 0.1908801 ]
 [0.27422976 0.27943453 0.254839   0.19149671]
 [0.2725661  0.28009844 0.25645533 0.1908801 ]
 [0.27068874 0.28129444 0.25799772 0.1900191 ]
 [0.26765636 0.28250727 0.25977683 0.19005963]
 [0.2689665  0.279596   0.2607683  0.19066921]
 [0.26765636 0.28250727 0.25977683 0.19005963]
 [0.26445377 0.28340918 0.26194772 0.19018933]
 [0.26390362 0.28572625 0.26089567 0.18947445]
 [0.26350024 0.28802702 0.25979838 0.18867433]]
Actions:
[[0. 0. 1. 0.]
 [1. 0. 0. 0.]
 [0. 0. 1. 0.]
 [1. 0. 0. 0.]
 [0. 1. 0. 0.]
 [1. 0. 0. 0.]
 [1. 0. 0. 0.]
 [0. 0. 0. 1.]
 [0. 1. 0. 0.]
 [0. 0. 0. 1.]
 [0. 0. 0. 1.]
 [0. 0. 0. 1.]
 [0. 1. 0. 0.]
 [1. 0. 0. 0.]
 [0. 0. 1. 0.]
 [1. 0. 0. 0.]
 [0. 0. 1. 0.]
 [0. 0. 1. 0.]
 [0. 0. 1. 0.]
 [0. 0. 0. 1.]
 [0. 1. 0. 0.]
 [0. 0. 1. 0.]
 [0. 1. 0. 0.]
 [0. 1. 0. 0.]
 [0. 1. 0. 0.]]
States:
[[0.9 1. ]
 [0.8 1. ]
 [0.9 1. ]
 [0.8 1. ]
 [0.9 1. ]
 [0.9 1. ]
 [1.  1. ]
 [1.  1. ]
 [1.  0.9]
 [1.  1. ]
 [1.  0.9]
 [1.  0.8]
 [1.  0.7]
 [1.  0.8]
 [1.  0.8]
 [0.9 0.8]
 [1.  0.8]
 [0.9 0.8]
 [0.8 0.8]
 [0.7 0.8]
 [0.7 0.7]
 [0.7 0.8]
 [0.6 0.8]
 [0.6 0.9]
 [0.6 1. ]]
Logstds:
[[0. 0. 0. 0.]
 [0. 0. 0. 0.]
 [0. 0. 0. 0.]
 [0. 0. 0. 0.]
 [0. 0. 0. 0.]
 [0. 0. 0. 0.]
 [0. 0. 0. 0.]
 [0. 0. 0. 0.]
 [0. 0. 0. 0.]
 [0. 0. 0. 0.]
 [0. 0. 0. 0.]
 [0. 0. 0. 0.]
 [0. 0. 0. 0.]
 [0. 0. 0. 0.]
 [0. 0. 0. 0.]
 [0. 0. 0. 0.]
 [0. 0. 0. 0.]
 [0. 0. 0. 0.]
 [0. 0. 0. 0.]
 [0. 0. 0. 0.]
 [0. 0. 0. 0.]
 [0. 0. 0. 0.]
 [0. 0. 0. 0.]
 [0. 0. 0. 0.]
 [0. 0. 0. 0.]]
