Baseline:
[-10.837916 -11.183145 -11.183145 -11.529564 -11.811144 -11.529564
 -11.529564 -11.811144 -11.811144 -11.464306 -11.116855 -10.837916
 -11.116855 -10.775305 -10.441243 -10.775305 -10.441243 -10.157887
 -10.441243 -10.157887 -10.157887 -10.157887 -10.157887 -10.157887
 -10.441243 -10.441243]
Returns:
[-18.66827986 -18.48230208 -17.95119438 -17.6598974  -17.45455348
 -16.77163061 -16.08116472 -15.79272961 -15.3009776  -14.32736711
 -13.36589316 -12.60268491 -12.24291971 -11.23489432 -10.23730371
  -9.72279521  -8.64562043  -7.77453181  -7.26617577  -6.3224848
  -5.15998922  -3.93630967  -2.85236218  -1.71136483  -0.88389474]
Advants:
[-8.40793353 -8.15167617 -7.90251381 -7.55103729 -7.35967751 -7.26666423
 -6.88943921 -6.64171974 -6.48451024 -6.2013946  -5.9413129  -5.82615745
 -5.56825841 -5.29441495 -5.03644405 -4.60173509 -4.28475673 -4.14128242
 -3.80718829 -3.62303125 -2.94132473 -2.20154553 -1.60919662 -0.96638717
 -0.36183262]
Mus:
[[0.25529966 0.28516638 0.23828538 0.22124866]
 [0.25500414 0.28770223 0.23664138 0.22065221]
 [0.25500414 0.28770223 0.23664138 0.22065221]
 [0.25450787 0.29069108 0.2352045  0.21959655]
 [0.2549495  0.29121298 0.23503207 0.21880545]
 [0.25450787 0.29069108 0.2352045  0.21959655]
 [0.25450787 0.29069108 0.2352045  0.21959655]
 [0.2549495  0.29121298 0.23503207 0.21880545]
 [0.2549495  0.29121298 0.23503207 0.21880545]
 [0.25544986 0.28817207 0.23637344 0.22000466]
 [0.25568086 0.28524476 0.23822485 0.22084953]
 [0.25529966 0.28516638 0.23828538 0.22124866]
 [0.25568086 0.28524476 0.23822485 0.22084953]
 [0.25595528 0.2827253  0.24014407 0.22117534]
 [0.25631383 0.28038588 0.24212594 0.22117443]
 [0.25595528 0.2827253  0.24014407 0.22117534]
 [0.25631383 0.28038588 0.24212594 0.22117443]
 [0.25570232 0.28053162 0.2418136  0.22195251]
 [0.25631383 0.28038588 0.24212594 0.22117443]
 [0.25570232 0.28053162 0.2418136  0.22195251]
 [0.25570232 0.28053162 0.2418136  0.22195251]
 [0.25570232 0.28053162 0.2418136  0.22195251]
 [0.25570232 0.28053162 0.2418136  0.22195251]
 [0.25570232 0.28053162 0.2418136  0.22195251]
 [0.25631383 0.28038588 0.24212594 0.22117443]]
Actions:
[[0. 1. 0. 0.]
 [0. 0. 1. 0.]
 [0. 1. 0. 0.]
 [1. 0. 0. 0.]
 [0. 0. 1. 0.]
 [0. 0. 1. 0.]
 [1. 0. 0. 0.]
 [0. 1. 0. 0.]
 [0. 0. 0. 1.]
 [0. 0. 0. 1.]
 [0. 0. 1. 0.]
 [1. 0. 0. 0.]
 [0. 0. 0. 1.]
 [0. 0. 0. 1.]
 [0. 1. 0. 0.]
 [0. 0. 0. 1.]
 [0. 0. 1. 0.]
 [1. 0. 0. 0.]
 [0. 0. 1. 0.]
 [0. 0. 0. 1.]
 [0. 0. 0. 1.]
 [0. 0. 1. 0.]
 [0. 0. 1. 0.]
 [1. 0. 0. 0.]
 [1. 0. 0. 0.]]
States:
[[0.  0.8]
 [0.  0.9]
 [0.  0.9]
 [0.  1. ]
 [0.1 1. ]
 [0.  1. ]
 [0.  1. ]
 [0.1 1. ]
 [0.1 1. ]
 [0.1 0.9]
 [0.1 0.8]
 [0.  0.8]
 [0.1 0.8]
 [0.1 0.7]
 [0.1 0.6]
 [0.1 0.7]
 [0.1 0.6]
 [0.  0.6]
 [0.1 0.6]
 [0.  0.6]
 [0.  0.6]
 [0.  0.6]
 [0.  0.6]
 [0.  0.6]
 [0.1 0.6]]
Logstds:
[[0. 0. 0. 0.]
 [0. 0. 0. 0.]
 [0. 0. 0. 0.]
 [0. 0. 0. 0.]
 [0. 0. 0. 0.]
 [0. 0. 0. 0.]
 [0. 0. 0. 0.]
 [0. 0. 0. 0.]
 [0. 0. 0. 0.]
 [0. 0. 0. 0.]
 [0. 0. 0. 0.]
 [0. 0. 0. 0.]
 [0. 0. 0. 0.]
 [0. 0. 0. 0.]
 [0. 0. 0. 0.]
 [0. 0. 0. 0.]
 [0. 0. 0. 0.]
 [0. 0. 0. 0.]
 [0. 0. 0. 0.]
 [0. 0. 0. 0.]
 [0. 0. 0. 0.]
 [0. 0. 0. 0.]
 [0. 0. 0. 0.]
 [0. 0. 0. 0.]
 [0. 0. 0. 0.]]
