Baseline:
[-10.022605 -10.022605 -10.022605 -10.320344 -10.022605 -10.320344
 -10.320344 -10.622984 -10.928493 -11.271697 -11.620936 -11.970481
 -11.970481 -11.970481 -11.620936 -11.316682 -11.620936 -11.620936
 -11.970481 -12.319659 -11.970481 -11.970481 -11.970481 -11.665811
 -11.970481 -11.970481]
Returns:
[-14.73938585 -14.09826505 -13.42340105 -13.39807021 -12.92175028
 -12.87001676 -12.10387375 -11.99012269 -11.85190956 -11.59333446
 -11.26372165 -10.85890551 -10.50571098 -10.13392726  -8.97691894
  -8.08237352  -7.64966528  -7.17333503  -6.55323538  -5.84086403
  -4.39504544  -3.70164775  -2.97175545  -1.69217756  -0.87848008]
Advants:
[-6.33320673 -5.95583591 -5.54631792 -5.50120624 -5.61873842 -5.57979605
 -5.12694093 -5.03764845 -4.93516706 -4.68508547 -4.3668961  -3.98059049
 -4.01588131 -4.05417845 -3.66675637 -3.5140324  -3.22911954 -3.22861576
 -2.74534324 -2.17876655 -1.58534753 -1.41659432 -1.23346549 -0.82174676
 -0.27995586]
Mus:
[[0.26121724 0.2664132  0.25312385 0.2192457 ]
 [0.26121724 0.2664132  0.25312385 0.2192457 ]
 [0.26121724 0.2664132  0.25312385 0.2192457 ]
 [0.2615571  0.2665519  0.25272617 0.21916476]
 [0.26121724 0.2664132  0.25312385 0.2192457 ]
 [0.2615571  0.2665519  0.25272617 0.21916476]
 [0.2615571  0.2665519  0.25272617 0.21916476]
 [0.2614564  0.26650968 0.25328302 0.21875083]
 [0.26154423 0.2667453  0.25390416 0.21780635]
 [0.26139447 0.27110624 0.25089577 0.21660353]
 [0.26108986 0.27594823 0.24766493 0.21529701]
 [0.2616318  0.28082067 0.24340923 0.21413825]
 [0.2616318  0.28082067 0.24340923 0.21413825]
 [0.2616318  0.28082067 0.24340923 0.21413825]
 [0.26108986 0.27594823 0.24766493 0.21529701]
 [0.261404   0.2761095  0.24711935 0.2153671 ]
 [0.26108986 0.27594823 0.24766493 0.21529701]
 [0.26108986 0.27594823 0.24766493 0.21529701]
 [0.2616318  0.28082067 0.24340923 0.21413825]
 [0.26213208 0.28531942 0.23953825 0.21301027]
 [0.2616318  0.28082067 0.24340923 0.21413825]
 [0.2616318  0.28082067 0.24340923 0.21413825]
 [0.2616318  0.28082067 0.24340923 0.21413825]
 [0.26145628 0.28072163 0.24355027 0.2142718 ]
 [0.2616318  0.28082067 0.24340923 0.21413825]]
Actions:
[[0. 0. 0. 1.]
 [0. 0. 0. 1.]
 [1. 0. 0. 0.]
 [0. 0. 1. 0.]
 [1. 0. 0. 0.]
 [0. 0. 0. 1.]
 [1. 0. 0. 0.]
 [1. 0. 0. 0.]
 [0. 1. 0. 0.]
 [0. 1. 0. 0.]
 [0. 1. 0. 0.]
 [1. 0. 0. 0.]
 [1. 0. 0. 0.]
 [0. 0. 0. 1.]
 [0. 0. 1. 0.]
 [1. 0. 0. 0.]
 [1. 0. 0. 0.]
 [0. 1. 0. 0.]
 [0. 1. 0. 0.]
 [0. 0. 0. 1.]
 [1. 0. 0. 0.]
 [1. 0. 0. 0.]
 [0. 0. 1. 0.]
 [1. 0. 0. 0.]
 [1. 0. 0. 0.]]
States:
[[0.7 0. ]
 [0.7 0. ]
 [0.7 0. ]
 [0.8 0. ]
 [0.7 0. ]
 [0.8 0. ]
 [0.8 0. ]
 [0.9 0. ]
 [1.  0. ]
 [1.  0.1]
 [1.  0.2]
 [1.  0.3]
 [1.  0.3]
 [1.  0.3]
 [1.  0.2]
 [0.9 0.2]
 [1.  0.2]
 [1.  0.2]
 [1.  0.3]
 [1.  0.4]
 [1.  0.3]
 [1.  0.3]
 [1.  0.3]
 [0.9 0.3]
 [1.  0.3]]
Logstds:
[[0. 0. 0. 0.]
 [0. 0. 0. 0.]
 [0. 0. 0. 0.]
 [0. 0. 0. 0.]
 [0. 0. 0. 0.]
 [0. 0. 0. 0.]
 [0. 0. 0. 0.]
 [0. 0. 0. 0.]
 [0. 0. 0. 0.]
 [0. 0. 0. 0.]
 [0. 0. 0. 0.]
 [0. 0. 0. 0.]
 [0. 0. 0. 0.]
 [0. 0. 0. 0.]
 [0. 0. 0. 0.]
 [0. 0. 0. 0.]
 [0. 0. 0. 0.]
 [0. 0. 0. 0.]
 [0. 0. 0. 0.]
 [0. 0. 0. 0.]
 [0. 0. 0. 0.]
 [0. 0. 0. 0.]
 [0. 0. 0. 0.]
 [0. 0. 0. 0.]
 [0. 0. 0. 0.]]
