Baseline:
[ -9.483228  -9.763187 -10.045828 -10.307461 -10.569103 -10.85238
 -10.590214 -10.325817 -10.606714 -10.347059 -10.606714 -10.325817
 -10.606714 -10.869332 -10.869332 -10.606714 -10.869332 -10.869332
 -10.590214 -10.869332 -10.869332 -10.606714 -10.347059 -10.088359
 -10.374214 -10.374214]
Returns:
[-15.50214518 -15.42388585 -15.28935686 -15.15870374 -14.98927135
 -14.70904645 -14.16141946 -13.61687831 -13.28114802 -12.66588519
 -12.34613165 -11.52730299 -11.08159505 -10.6466462  -10.06525284
  -9.24800277  -8.71654906  -8.03357164  -6.95480087  -6.23344186
  -5.41977459  -4.35802566  -3.27312481  -2.16414313  -1.23811388]
Advants:
[-6.86271792 -6.75145252 -6.58937215 -6.46177374 -6.30460261 -6.02090868
 -6.03026261 -6.06138386 -5.76346698 -5.74272159 -5.50878097 -5.32910984
 -4.96881258 -4.64718366 -4.45577262 -4.30718982 -3.92919911 -3.67662498
 -3.31930896 -2.76790616 -2.41640474 -2.09409391 -1.76076492 -1.4180085
 -0.71940231]
Mus:
[[0.26121724 0.2664132  0.25312385 0.2192457 ]
 [0.26163644 0.27011475 0.25023127 0.21801755]
 [0.26097056 0.27460286 0.24770978 0.21671683]
 [0.26139328 0.27560148 0.24711154 0.21589369]
 [0.261404   0.2761095  0.24711935 0.2153671 ]
 [0.26145628 0.28072163 0.24355027 0.2142718 ]
 [0.2609231  0.27987248 0.24427333 0.21493107]
 [0.26020825 0.27856544 0.24543029 0.21579607]
 [0.260012   0.28206024 0.24247386 0.21545391]
 [0.25948626 0.28070253 0.24371035 0.21610075]
 [0.260012   0.28206024 0.24247386 0.21545391]
 [0.26020825 0.27856544 0.24543029 0.21579607]
 [0.260012   0.28206024 0.24247386 0.21545391]
 [0.26083913 0.28319848 0.24141394 0.21454845]
 [0.26083913 0.28319848 0.24141394 0.21454845]
 [0.260012   0.28206024 0.24247386 0.21545391]
 [0.26083913 0.28319848 0.24141394 0.21454845]
 [0.26083913 0.28319848 0.24141394 0.21454845]
 [0.2609231  0.27987248 0.24427333 0.21493107]
 [0.26083913 0.28319848 0.24141394 0.21454845]
 [0.26083913 0.28319848 0.24141394 0.21454845]
 [0.260012   0.28206024 0.24247386 0.21545391]
 [0.25948626 0.28070253 0.24371035 0.21610075]
 [0.25890708 0.27817583 0.24605037 0.21686669]
 [0.25942633 0.28104374 0.242887   0.21664292]]
Actions:
[[0. 1. 0. 0.]
 [0. 1. 0. 0.]
 [1. 0. 0. 0.]
 [1. 0. 0. 0.]
 [0. 1. 0. 0.]
 [0. 0. 1. 0.]
 [0. 0. 1. 0.]
 [0. 1. 0. 0.]
 [0. 0. 1. 0.]
 [1. 0. 0. 0.]
 [0. 0. 0. 1.]
 [0. 1. 0. 0.]
 [1. 0. 0. 0.]
 [0. 1. 0. 0.]
 [0. 0. 1. 0.]
 [1. 0. 0. 0.]
 [0. 1. 0. 0.]
 [0. 0. 0. 1.]
 [0. 1. 0. 0.]
 [0. 1. 0. 0.]
 [0. 0. 1. 0.]
 [0. 0. 1. 0.]
 [0. 0. 1. 0.]
 [0. 1. 0. 0.]
 [0. 0. 1. 0.]]
States:
[[0.7 0. ]
 [0.7 0.1]
 [0.7 0.2]
 [0.8 0.2]
 [0.9 0.2]
 [0.9 0.3]
 [0.8 0.3]
 [0.7 0.3]
 [0.7 0.4]
 [0.6 0.4]
 [0.7 0.4]
 [0.7 0.3]
 [0.7 0.4]
 [0.8 0.4]
 [0.8 0.4]
 [0.7 0.4]
 [0.8 0.4]
 [0.8 0.4]
 [0.8 0.3]
 [0.8 0.4]
 [0.8 0.4]
 [0.7 0.4]
 [0.6 0.4]
 [0.5 0.4]
 [0.5 0.5]]
Logstds:
[[0. 0. 0. 0.]
 [0. 0. 0. 0.]
 [0. 0. 0. 0.]
 [0. 0. 0. 0.]
 [0. 0. 0. 0.]
 [0. 0. 0. 0.]
 [0. 0. 0. 0.]
 [0. 0. 0. 0.]
 [0. 0. 0. 0.]
 [0. 0. 0. 0.]
 [0. 0. 0. 0.]
 [0. 0. 0. 0.]
 [0. 0. 0. 0.]
 [0. 0. 0. 0.]
 [0. 0. 0. 0.]
 [0. 0. 0. 0.]
 [0. 0. 0. 0.]
 [0. 0. 0. 0.]
 [0. 0. 0. 0.]
 [0. 0. 0. 0.]
 [0. 0. 0. 0.]
 [0. 0. 0. 0.]
 [0. 0. 0. 0.]
 [0. 0. 0. 0.]
 [0. 0. 0. 0.]]
