Baseline:
[-11.512378 -11.512378 -11.219657 -10.929118 -11.277766 -10.985948
 -10.699145 -10.417566 -10.417566 -10.417566 -10.699145 -10.417566
 -10.417566 -10.417566 -10.417566 -10.417566 -10.417566 -10.081079
 -10.358553 -10.699145 -10.699145 -10.358553 -10.020013 -10.358553
 -10.699145 -10.699145]
Returns:
[-16.64203101 -16.14858533 -15.87070114 -15.64243299 -15.05392784
 -14.74758694 -14.47760949 -14.24171546 -14.0401981  -13.41651617
 -12.96455645 -12.64902805 -11.95212664 -11.2185462  -10.44635628
  -9.63352477  -8.77791266  -8.03970568  -7.37267863  -6.42770553
  -5.36271321  -4.39771438  -3.46951812  -2.3919987   -1.18488455]
Advants:
[-5.96539043 -5.68652682 -5.93468427 -6.25207821 -5.56279642 -5.81681186
 -6.12556999 -6.48947137 -6.62704602 -6.35205299 -5.97421986 -6.32522815
 -6.02452411 -5.69820393 -5.34408545 -4.9598006  -4.54277962 -4.60458972
 -4.13389332 -3.32273412 -2.73962352 -2.6188388  -2.55746838 -1.67090257
 -0.64992809]
Mus:
[[0.26133934 0.26890627 0.27210242 0.19765206]
 [0.26133934 0.26890627 0.27210242 0.19765206]
 [0.25725248 0.26884857 0.2747546  0.19914436]
 [0.2526539  0.2689793  0.27774104 0.20062578]
 [0.2523132  0.27232686 0.27621904 0.19914082]
 [0.24885069 0.2715303  0.2792185  0.20040055]
 [0.24587768 0.2701126  0.28248024 0.20152938]
 [0.24300815 0.26813772 0.28632778 0.20252633]
 [0.24300815 0.26813772 0.28632778 0.20252633]
 [0.24300815 0.26813772 0.28632778 0.20252633]
 [0.24587768 0.2701126  0.28248024 0.20152938]
 [0.24300815 0.26813772 0.28632778 0.20252633]
 [0.24300815 0.26813772 0.28632778 0.20252633]
 [0.24300815 0.26813772 0.28632778 0.20252633]
 [0.24300815 0.26813772 0.28632778 0.20252633]
 [0.24300815 0.26813772 0.28632778 0.20252633]
 [0.24300815 0.26813772 0.28632778 0.20252633]
 [0.24178542 0.2653497  0.2881169  0.20474795]
 [0.24530363 0.26698428 0.2842916  0.20342048]
 [0.24587768 0.2701126  0.28248024 0.20152938]
 [0.24587768 0.2701126  0.28248024 0.20152938]
 [0.24530363 0.26698428 0.2842916  0.20342048]
 [0.24464242 0.26394394 0.28564692 0.20576672]
 [0.24530363 0.26698428 0.2842916  0.20342048]
 [0.24587768 0.2701126  0.28248024 0.20152938]]
Actions:
[[0. 0. 0. 1.]
 [0. 0. 1. 0.]
 [0. 0. 1. 0.]
 [0. 1. 0. 0.]
 [0. 0. 1. 0.]
 [0. 0. 1. 0.]
 [0. 0. 1. 0.]
 [0. 0. 1. 0.]
 [0. 1. 0. 0.]
 [1. 0. 0. 0.]
 [0. 0. 1. 0.]
 [0. 1. 0. 0.]
 [0. 1. 0. 0.]
 [0. 1. 0. 0.]
 [0. 1. 0. 0.]
 [0. 1. 0. 0.]
 [0. 0. 0. 1.]
 [1. 0. 0. 0.]
 [0. 1. 0. 0.]
 [0. 1. 0. 0.]
 [0. 0. 0. 1.]
 [0. 0. 0. 1.]
 [0. 1. 0. 0.]
 [0. 1. 0. 0.]
 [0. 0. 0. 1.]]
States:
[[0.5 0.3]
 [0.5 0.3]
 [0.4 0.3]
 [0.3 0.3]
 [0.3 0.4]
 [0.2 0.4]
 [0.1 0.4]
 [0.  0.4]
 [0.  0.4]
 [0.  0.4]
 [0.1 0.4]
 [0.  0.4]
 [0.  0.4]
 [0.  0.4]
 [0.  0.4]
 [0.  0.4]
 [0.  0.4]
 [0.  0.3]
 [0.1 0.3]
 [0.1 0.4]
 [0.1 0.4]
 [0.1 0.3]
 [0.1 0.2]
 [0.1 0.3]
 [0.1 0.4]]
Logstds:
[[0. 0. 0. 0.]
 [0. 0. 0. 0.]
 [0. 0. 0. 0.]
 [0. 0. 0. 0.]
 [0. 0. 0. 0.]
 [0. 0. 0. 0.]
 [0. 0. 0. 0.]
 [0. 0. 0. 0.]
 [0. 0. 0. 0.]
 [0. 0. 0. 0.]
 [0. 0. 0. 0.]
 [0. 0. 0. 0.]
 [0. 0. 0. 0.]
 [0. 0. 0. 0.]
 [0. 0. 0. 0.]
 [0. 0. 0. 0.]
 [0. 0. 0. 0.]
 [0. 0. 0. 0.]
 [0. 0. 0. 0.]
 [0. 0. 0. 0.]
 [0. 0. 0. 0.]
 [0. 0. 0. 0.]
 [0. 0. 0. 0.]
 [0. 0. 0. 0.]
 [0. 0. 0. 0.]]
