Baseline:
[ -9.802476  -9.802476 -10.062949  -9.78298   -9.78298   -9.78298
  -9.78298   -9.78298  -10.045828 -10.307461 -10.569103 -10.285505
 -10.024061 -10.285505 -10.024061 -10.285505 -10.00666  -10.272779
 -10.00666  -10.272779 -10.272779 -10.272779 -10.00666  -10.285505
 -10.569103 -10.569103]
Returns:
[-15.35179297 -14.81784109 -14.68326547 -14.07809511 -13.65201289
 -13.20350528 -12.73139201 -12.23443067 -11.97485127 -11.66975049
 -11.31668897 -10.48762016  -9.8338366   -9.42770009  -8.71813127
  -8.25327343  -7.32011613  -6.79468108  -5.96855139  -5.37198135
  -4.71415811  -4.0217126   -3.0496372   -2.24864721  -1.35344982]
Advants:
[-6.60784518 -6.31918042 -6.17809568 -6.11843584 -5.96733837 -5.80336932
 -5.62543221 -5.43233713 -5.22350382 -4.97955093 -4.69611338 -4.49325779
 -4.46058604 -4.1626652  -4.10183119 -3.77334904 -3.53050878 -3.16099804
 -3.04166292 -2.63050879 -2.44234117 -2.23814409 -2.04019363 -1.47824391
 -0.82499409]
Mus:
[[0.25866643 0.2754603  0.24826841 0.2176048 ]
 [0.25866643 0.2754603  0.24826841 0.2176048 ]
 [0.25950196 0.2771861  0.24672976 0.21658213]
 [0.2602806  0.27327022 0.24897115 0.21747795]
 [0.2602806  0.27327022 0.24897115 0.21747795]
 [0.2602806  0.27327022 0.24897115 0.21747795]
 [0.2602806  0.27327022 0.24897115 0.21747795]
 [0.2602806  0.27327022 0.24897115 0.21747795]
 [0.26097056 0.27460286 0.24770978 0.21671683]
 [0.26139328 0.27560148 0.24711154 0.21589369]
 [0.261404   0.2761095  0.24711935 0.2153671 ]
 [0.26159337 0.27103916 0.25024092 0.2171265 ]
 [0.26190236 0.27079847 0.2499197  0.21737947]
 [0.26159337 0.27103916 0.25024092 0.2171265 ]
 [0.26190236 0.27079847 0.2499197  0.21737947]
 [0.26159337 0.27103916 0.25024092 0.2171265 ]
 [0.2614564  0.26650968 0.25328302 0.21875083]
 [0.26154423 0.2667453  0.25390416 0.21780635]
 [0.2614564  0.26650968 0.25328302 0.21875083]
 [0.26154423 0.2667453  0.25390416 0.21780635]
 [0.26154423 0.2667453  0.25390416 0.21780635]
 [0.26154423 0.2667453  0.25390416 0.21780635]
 [0.2614564  0.26650968 0.25328302 0.21875083]
 [0.26159337 0.27103916 0.25024092 0.2171265 ]
 [0.261404   0.2761095  0.24711935 0.2153671 ]]
Actions:
[[0. 0. 0. 1.]
 [1. 0. 0. 0.]
 [0. 0. 0. 1.]
 [0. 0. 1. 0.]
 [0. 0. 1. 0.]
 [0. 0. 1. 0.]
 [0. 0. 1. 0.]
 [1. 0. 0. 0.]
 [1. 0. 0. 0.]
 [1. 0. 0. 0.]
 [0. 0. 0. 1.]
 [0. 0. 1. 0.]
 [1. 0. 0. 0.]
 [0. 0. 1. 0.]
 [1. 0. 0. 0.]
 [0. 0. 0. 1.]
 [1. 0. 0. 0.]
 [0. 0. 1. 0.]
 [1. 0. 0. 0.]
 [1. 0. 0. 0.]
 [1. 0. 0. 0.]
 [0. 0. 1. 0.]
 [0. 1. 0. 0.]
 [0. 1. 0. 0.]
 [0. 0. 0. 1.]]
States:
[[0.5 0.3]
 [0.5 0.3]
 [0.6 0.3]
 [0.6 0.2]
 [0.6 0.2]
 [0.6 0.2]
 [0.6 0.2]
 [0.6 0.2]
 [0.7 0.2]
 [0.8 0.2]
 [0.9 0.2]
 [0.9 0.1]
 [0.8 0.1]
 [0.9 0.1]
 [0.8 0.1]
 [0.9 0.1]
 [0.9 0. ]
 [1.  0. ]
 [0.9 0. ]
 [1.  0. ]
 [1.  0. ]
 [1.  0. ]
 [0.9 0. ]
 [0.9 0.1]
 [0.9 0.2]]
Logstds:
[[0. 0. 0. 0.]
 [0. 0. 0. 0.]
 [0. 0. 0. 0.]
 [0. 0. 0. 0.]
 [0. 0. 0. 0.]
 [0. 0. 0. 0.]
 [0. 0. 0. 0.]
 [0. 0. 0. 0.]
 [0. 0. 0. 0.]
 [0. 0. 0. 0.]
 [0. 0. 0. 0.]
 [0. 0. 0. 0.]
 [0. 0. 0. 0.]
 [0. 0. 0. 0.]
 [0. 0. 0. 0.]
 [0. 0. 0. 0.]
 [0. 0. 0. 0.]
 [0. 0. 0. 0.]
 [0. 0. 0. 0.]
 [0. 0. 0. 0.]
 [0. 0. 0. 0.]
 [0. 0. 0. 0.]
 [0. 0. 0. 0.]
 [0. 0. 0. 0.]
 [0. 0. 0. 0.]]
