Baseline:
[-12.530375  -12.816638  -12.4981365 -12.4981365 -12.4981365 -12.4981365
 -12.4981365 -12.4981365 -12.4981365 -12.211565  -11.9253025 -11.639037
 -11.958223  -12.244042  -11.9253025 -12.211565  -12.211565  -12.211565
 -11.9253025 -12.211565  -11.9253025 -11.9253025 -12.244042  -12.565314
 -12.886314  -12.886314 ]
Returns:
[-22.77051014 -22.3630291  -21.66618458 -21.21124409 -20.51794226
 -20.00256797 -19.46006871 -18.88901686 -18.28790966 -17.57012671
 -16.86335809 -16.16902509 -15.4151519  -14.70022145 -13.69748056
 -12.90365069 -11.82023141 -10.67979007  -9.61037215  -8.6014313
  -7.42262607  -6.09953497  -4.7740192   -3.32065051  -1.73145676]
Advants:
[-10.51881438 -10.1440586  -10.10017726  -9.99411923  -9.65797785
  -9.51425009  -9.35827857  -9.18902027  -9.00534333  -9.01378593
  -9.05738143  -9.14033008  -8.56692806  -8.07744982  -7.92711791
  -7.39275248  -6.86804142  -6.2986317   -6.11093083  -5.42184951
  -5.15945802  -4.47927823  -3.48184956  -2.35425179  -1.08714104]
Mus:
[[0.27310598 0.2775488  0.25723097 0.19211432]
 [0.27471393 0.27707157 0.25590095 0.19231355]
 [0.27496335 0.27492574 0.2571114  0.19299944]
 [0.27496335 0.27492574 0.2571114  0.19299944]
 [0.27496335 0.27492574 0.2571114  0.19299944]
 [0.27496335 0.27492574 0.2571114  0.19299944]
 [0.27496335 0.27492574 0.2571114  0.19299944]
 [0.27496335 0.27492574 0.2571114  0.19299944]
 [0.27496335 0.27492574 0.2571114  0.19299944]
 [0.27345335 0.27544153 0.25820687 0.19289829]
 [0.2718355  0.27606794 0.2596092  0.1924874 ]
 [0.26911014 0.2769358  0.26196045 0.19199364]
 [0.2689665  0.279596   0.2607683  0.19066921]
 [0.27150512 0.2785818  0.2586924  0.19122064]
 [0.2718355  0.27606794 0.2596092  0.1924874 ]
 [0.27345335 0.27544153 0.25820687 0.19289829]
 [0.27345335 0.27544153 0.25820687 0.19289829]
 [0.27345335 0.27544153 0.25820687 0.19289829]
 [0.2718355  0.27606794 0.2596092  0.1924874 ]
 [0.27345335 0.27544153 0.25820687 0.19289829]
 [0.2718355  0.27606794 0.2596092  0.1924874 ]
 [0.2718355  0.27606794 0.2596092  0.1924874 ]
 [0.27150512 0.2785818  0.2586924  0.19122064]
 [0.27068874 0.28129444 0.25799772 0.1900191 ]
 [0.2695251  0.2841426  0.25720325 0.189129  ]]
Actions:
[[1. 0. 0. 0.]
 [0. 0. 0. 1.]
 [1. 0. 0. 0.]
 [0. 0. 0. 1.]
 [1. 0. 0. 0.]
 [1. 0. 0. 0.]
 [1. 0. 0. 0.]
 [1. 0. 0. 0.]
 [0. 0. 1. 0.]
 [0. 0. 1. 0.]
 [0. 0. 1. 0.]
 [0. 1. 0. 0.]
 [1. 0. 0. 0.]
 [0. 0. 0. 1.]
 [1. 0. 0. 0.]
 [0. 0. 0. 1.]
 [0. 0. 0. 1.]
 [0. 0. 1. 0.]
 [1. 0. 0. 0.]
 [0. 0. 1. 0.]
 [0. 0. 0. 1.]
 [0. 1. 0. 0.]
 [0. 1. 0. 0.]
 [0. 1. 0. 0.]
 [0. 1. 0. 0.]]
States:
[[0.9 0.7]
 [1.  0.7]
 [1.  0.6]
 [1.  0.6]
 [1.  0.6]
 [1.  0.6]
 [1.  0.6]
 [1.  0.6]
 [1.  0.6]
 [0.9 0.6]
 [0.8 0.6]
 [0.7 0.6]
 [0.7 0.7]
 [0.8 0.7]
 [0.8 0.6]
 [0.9 0.6]
 [0.9 0.6]
 [0.9 0.6]
 [0.8 0.6]
 [0.9 0.6]
 [0.8 0.6]
 [0.8 0.6]
 [0.8 0.7]
 [0.8 0.8]
 [0.8 0.9]]
Logstds:
[[0. 0. 0. 0.]
 [0. 0. 0. 0.]
 [0. 0. 0. 0.]
 [0. 0. 0. 0.]
 [0. 0. 0. 0.]
 [0. 0. 0. 0.]
 [0. 0. 0. 0.]
 [0. 0. 0. 0.]
 [0. 0. 0. 0.]
 [0. 0. 0. 0.]
 [0. 0. 0. 0.]
 [0. 0. 0. 0.]
 [0. 0. 0. 0.]
 [0. 0. 0. 0.]
 [0. 0. 0. 0.]
 [0. 0. 0. 0.]
 [0. 0. 0. 0.]
 [0. 0. 0. 0.]
 [0. 0. 0. 0.]
 [0. 0. 0. 0.]
 [0. 0. 0. 0.]
 [0. 0. 0. 0.]
 [0. 0. 0. 0.]
 [0. 0. 0. 0.]
 [0. 0. 0. 0.]]
