Baseline:
[-11.628777  -11.975544  -12.324928  -12.615864  -12.324928  -12.681746
 -12.965151  -12.681746  -12.965151  -12.615864  -12.906896  -13.2560005
 -12.906896  -12.906896  -12.906896  -12.906896  -12.561499  -12.561499
 -12.906896  -12.906896  -13.2560005 -12.965151  -12.965151  -12.681746
 -12.399168  -12.399168 ]
Returns:
[-22.69418892 -22.30511775 -21.83075894 -21.45596129 -21.0105578
 -20.40469072 -19.8914101  -19.27492818 -18.70218637 -17.85869451
 -17.23358727 -16.35362023 -15.34448517 -14.54880728 -13.7112516
 -12.82961404 -11.71136956 -10.78520077  -9.62878848  -8.53228445
  -7.1943541   -5.86542411  -4.36153181  -2.92768787  -1.46552587]
Advants:
[-11.32982525 -10.93598347 -10.457893   -10.14666898 -10.37213141
  -9.79196986  -9.38575173  -9.46610607  -9.0321285   -8.98077347
  -8.51687415  -7.74055459  -7.55143206  -7.24216905  -6.90656079
  -6.542363    -6.30713189  -5.93573221  -4.98950432  -4.46199787
  -3.34025478  -2.88351682  -1.96397768  -1.41209191  -0.84556675]
Mus:
[[0.25160366 0.27844897 0.27444822 0.19549908]
 [0.2527904  0.28029448 0.273075   0.1938401 ]
 [0.25390837 0.2820259  0.27197886 0.19208688]
 [0.25586447 0.28340423 0.2688695  0.19186173]
 [0.25390837 0.2820259  0.27197886 0.19208688]
 [0.2544932  0.28347293 0.2713463  0.19068755]
 [0.2565149  0.28498226 0.268045   0.19045782]
 [0.2544932  0.28347293 0.2713463  0.19068755]
 [0.2565149  0.28498226 0.268045   0.19045782]
 [0.25586447 0.28340423 0.2688695  0.19186173]
 [0.25808397 0.2841792  0.266332   0.19140477]
 [0.25859162 0.28600055 0.2651427  0.19026516]
 [0.25808397 0.2841792  0.266332   0.19140477]
 [0.25808397 0.2841792  0.266332   0.19140477]
 [0.25808397 0.2841792  0.266332   0.19140477]
 [0.25808397 0.2841792  0.266332   0.19140477]
 [0.25764704 0.2824334  0.2675286  0.19239092]
 [0.25764704 0.2824334  0.2675286  0.19239092]
 [0.25808397 0.2841792  0.266332   0.19140477]
 [0.25808397 0.2841792  0.266332   0.19140477]
 [0.25859162 0.28600055 0.2651427  0.19026516]
 [0.2565149  0.28498226 0.268045   0.19045782]
 [0.2565149  0.28498226 0.268045   0.19045782]
 [0.2544932  0.28347293 0.2713463  0.19068755]
 [0.25180733 0.2815765  0.27556732 0.19104876]]
Actions:
[[0. 1. 0. 0.]
 [0. 1. 0. 0.]
 [1. 0. 0. 0.]
 [0. 0. 1. 0.]
 [0. 1. 0. 0.]
 [1. 0. 0. 0.]
 [0. 0. 1. 0.]
 [1. 0. 0. 0.]
 [0. 0. 0. 1.]
 [1. 0. 0. 0.]
 [0. 1. 0. 0.]
 [0. 0. 0. 1.]
 [1. 0. 0. 0.]
 [1. 0. 0. 0.]
 [1. 0. 0. 0.]
 [0. 0. 0. 1.]
 [1. 0. 0. 0.]
 [0. 1. 0. 0.]
 [1. 0. 0. 0.]
 [0. 1. 0. 0.]
 [0. 0. 1. 0.]
 [0. 1. 0. 0.]
 [0. 0. 1. 0.]
 [0. 0. 1. 0.]
 [1. 0. 0. 0.]]
States:
[[0.2 0.7]
 [0.2 0.8]
 [0.2 0.9]
 [0.3 0.9]
 [0.2 0.9]
 [0.2 1. ]
 [0.3 1. ]
 [0.2 1. ]
 [0.3 1. ]
 [0.3 0.9]
 [0.4 0.9]
 [0.4 1. ]
 [0.4 0.9]
 [0.4 0.9]
 [0.4 0.9]
 [0.4 0.9]
 [0.4 0.8]
 [0.4 0.8]
 [0.4 0.9]
 [0.4 0.9]
 [0.4 1. ]
 [0.3 1. ]
 [0.3 1. ]
 [0.2 1. ]
 [0.1 1. ]]
Logstds:
[[0. 0. 0. 0.]
 [0. 0. 0. 0.]
 [0. 0. 0. 0.]
 [0. 0. 0. 0.]
 [0. 0. 0. 0.]
 [0. 0. 0. 0.]
 [0. 0. 0. 0.]
 [0. 0. 0. 0.]
 [0. 0. 0. 0.]
 [0. 0. 0. 0.]
 [0. 0. 0. 0.]
 [0. 0. 0. 0.]
 [0. 0. 0. 0.]
 [0. 0. 0. 0.]
 [0. 0. 0. 0.]
 [0. 0. 0. 0.]
 [0. 0. 0. 0.]
 [0. 0. 0. 0.]
 [0. 0. 0. 0.]
 [0. 0. 0. 0.]
 [0. 0. 0. 0.]
 [0. 0. 0. 0.]
 [0. 0. 0. 0.]
 [0. 0. 0. 0.]
 [0. 0. 0. 0.]]
