Baseline:
[-3.9907448 -3.8658762 -3.756055  -3.6526937 -3.6526937 -3.756055
 -3.6526937 -3.555142  -3.555142  -3.6526937 -3.555142  -3.6526937
 -3.756055  -3.8806334 -3.756055  -3.6526937 -3.555142  -3.6666522
 -3.771781  -3.89645   -4.027236  -3.9223695 -4.027236  -3.9223695
 -4.0610437 -4.0610437]
Returns:
[-11.59297044 -11.15746368 -10.83998656 -10.54580368 -10.18447281
  -9.99603317  -9.65743169  -9.34099119  -8.95464388  -8.73431059
  -8.36928476  -8.1181431   -7.82094926  -7.45184836  -6.8374806
  -6.33263951  -5.84120995  -5.43862826  -4.99517573  -4.46807718
  -3.8686645   -3.10143063  -2.45107184  -1.60922782  -0.84719801]
Advants:
[-6.6645404  -6.49953664 -6.44349884 -6.41130973 -6.21094966 -6.08480721
 -6.02206217 -5.98359313 -5.78108589 -5.65287054 -5.5829511  -5.4378572
 -5.24585717 -4.96323076 -4.68732496 -4.50553232 -4.33787436 -4.05337348
 -3.73697478 -3.31701129 -2.81578001 -2.38139963 -1.85022546 -1.3335922
 -0.64414597]
Mus:
[[0.25818747 0.26841703 0.25346765 0.21992788]
 [0.25815555 0.26586536 0.25557297 0.22040607]
 [0.25660288 0.26619866 0.25651392 0.22068462]
 [0.25518367 0.26627228 0.257706   0.22083811]
 [0.25518367 0.26627228 0.257706   0.22083811]
 [0.25660288 0.26619866 0.25651392 0.22068462]
 [0.25518367 0.26627228 0.257706   0.22083811]
 [0.25402623 0.2659497  0.25912005 0.22090395]
 [0.25402623 0.2659497  0.25912005 0.22090395]
 [0.25518367 0.26627228 0.257706   0.22083811]
 [0.25402623 0.2659497  0.25912005 0.22090395]
 [0.25518367 0.26627228 0.257706   0.22083811]
 [0.25660288 0.26619866 0.25651392 0.22068462]
 [0.2568896  0.2685498  0.25433213 0.22022846]
 [0.25660288 0.26619866 0.25651392 0.22068462]
 [0.25518367 0.26627228 0.257706   0.22083811]
 [0.25402623 0.2659497  0.25912005 0.22090395]
 [0.25463745 0.26869732 0.25607818 0.22058704]
 [0.25560227 0.26847625 0.255111   0.22081047]
 [0.25605038 0.27073014 0.2528868  0.22033265]
 [0.25696608 0.27280056 0.2500919  0.2201414 ]
 [0.2560523  0.27317333 0.25027758 0.22049676]
 [0.25696608 0.27280056 0.2500919  0.2201414 ]
 [0.2560523  0.27317333 0.25027758 0.22049676]
 [0.25709718 0.2749477  0.24724294 0.2207122 ]]
Actions:
[[0. 0. 0. 1.]
 [0. 0. 1. 0.]
 [0. 0. 1. 0.]
 [0. 0. 0. 1.]
 [1. 0. 0. 0.]
 [0. 0. 1. 0.]
 [0. 0. 1. 0.]
 [0. 0. 0. 1.]
 [1. 0. 0. 0.]
 [0. 0. 1. 0.]
 [1. 0. 0. 0.]
 [1. 0. 0. 0.]
 [0. 1. 0. 0.]
 [0. 0. 0. 1.]
 [0. 0. 1. 0.]
 [0. 0. 1. 0.]
 [0. 1. 0. 0.]
 [1. 0. 0. 0.]
 [0. 1. 0. 0.]
 [0. 1. 0. 0.]
 [0. 0. 1. 0.]
 [1. 0. 0. 0.]
 [0. 0. 1. 0.]
 [0. 1. 0. 0.]
 [0. 1. 0. 0.]]
States:
[[0.4 0.1]
 [0.4 0. ]
 [0.3 0. ]
 [0.2 0. ]
 [0.2 0. ]
 [0.3 0. ]
 [0.2 0. ]
 [0.1 0. ]
 [0.1 0. ]
 [0.2 0. ]
 [0.1 0. ]
 [0.2 0. ]
 [0.3 0. ]
 [0.3 0.1]
 [0.3 0. ]
 [0.2 0. ]
 [0.1 0. ]
 [0.1 0.1]
 [0.2 0.1]
 [0.2 0.2]
 [0.2 0.3]
 [0.1 0.3]
 [0.2 0.3]
 [0.1 0.3]
 [0.1 0.4]]
Logstds:
[[0. 0. 0. 0.]
 [0. 0. 0. 0.]
 [0. 0. 0. 0.]
 [0. 0. 0. 0.]
 [0. 0. 0. 0.]
 [0. 0. 0. 0.]
 [0. 0. 0. 0.]
 [0. 0. 0. 0.]
 [0. 0. 0. 0.]
 [0. 0. 0. 0.]
 [0. 0. 0. 0.]
 [0. 0. 0. 0.]
 [0. 0. 0. 0.]
 [0. 0. 0. 0.]
 [0. 0. 0. 0.]
 [0. 0. 0. 0.]
 [0. 0. 0. 0.]
 [0. 0. 0. 0.]
 [0. 0. 0. 0.]
 [0. 0. 0. 0.]
 [0. 0. 0. 0.]
 [0. 0. 0. 0.]
 [0. 0. 0. 0.]
 [0. 0. 0. 0.]
 [0. 0. 0. 0.]]
