Baseline:
[-4.2456703 -4.1366863 -4.2456703 -4.1033087 -3.9610434 -4.0676727
 -4.0676727 -4.174431  -4.3168545 -4.423784  -4.531292  -4.673136
 -4.531292  -4.423784  -4.5662074 -4.423784  -4.531292  -4.673136
 -4.531292  -4.6412773 -4.780551  -4.6412773 -4.531292  -4.6412773
 -4.780551  -4.780551 ]
Returns:
[-19.83446098 -19.44909673 -19.19356678 -18.74316351 -18.3203714
 -18.05440339 -17.64799178 -17.30558057 -16.81759854 -16.34250888
 -15.79900725 -15.09511341 -14.26790728 -13.47080069 -12.68876031
 -11.77567034 -10.99180879 -10.0349045   -8.94137159  -7.96528355
  -6.80482391  -5.49876367  -4.19633413  -2.97050728  -1.54716468]
Advants:
[-12.78929536 -12.74801366 -12.62735187 -12.57440865 -12.56203522
 -12.46891099 -12.35321075 -12.20562564 -11.88299839 -11.61697533
 -11.28874692 -10.76712956 -10.41230327 -10.06006904  -9.47311705
  -9.04487923  -8.49754116  -7.73814882  -7.12529216  -6.37332458
  -5.39596037  -4.54291847  -3.65406681  -2.60639528  -1.30813694]
Mus:
[[0.25808397 0.2841792  0.266332   0.19140477]
 [0.25586447 0.28340423 0.2688695  0.19186173]
 [0.25808397 0.2841792  0.266332   0.19140477]
 [0.25764704 0.2824334  0.2675286  0.19239092]
 [0.2569528  0.28054097 0.26900348 0.19350275]
 [0.26061618 0.28126755 0.26584566 0.19227064]
 [0.26061618 0.28126755 0.26584566 0.19227064]
 [0.26514602 0.28084964 0.26286966 0.19113463]
 [0.26445377 0.28340918 0.26194772 0.19018933]
 [0.26765636 0.28250727 0.25977683 0.19005963]
 [0.27068874 0.28129444 0.25799772 0.1900191 ]
 [0.2695251  0.2841426  0.25720325 0.189129  ]
 [0.27068874 0.28129444 0.25799772 0.1900191 ]
 [0.26765636 0.28250727 0.25977683 0.19005963]
 [0.26682475 0.28523836 0.25864798 0.18928894]
 [0.26765636 0.28250727 0.25977683 0.19005963]
 [0.27068874 0.28129444 0.25799772 0.1900191 ]
 [0.2695251  0.2841426  0.25720325 0.189129  ]
 [0.27068874 0.28129444 0.25799772 0.1900191 ]
 [0.2725661  0.28009844 0.25645533 0.1908801 ]
 [0.27166337 0.28295982 0.255776   0.18960084]
 [0.2725661  0.28009844 0.25645533 0.1908801 ]
 [0.27068874 0.28129444 0.25799772 0.1900191 ]
 [0.2725661  0.28009844 0.25645533 0.1908801 ]
 [0.27166337 0.28295982 0.255776   0.18960084]]
Actions:
[[0. 0. 1. 0.]
 [1. 0. 0. 0.]
 [0. 0. 0. 1.]
 [0. 0. 0. 1.]
 [1. 0. 0. 0.]
 [0. 1. 0. 0.]
 [1. 0. 0. 0.]
 [0. 1. 0. 0.]
 [1. 0. 0. 0.]
 [1. 0. 0. 0.]
 [0. 1. 0. 0.]
 [0. 0. 0. 1.]
 [0. 0. 1. 0.]
 [0. 1. 0. 0.]
 [0. 0. 0. 1.]
 [1. 0. 0. 0.]
 [0. 1. 0. 0.]
 [0. 0. 0. 1.]
 [1. 0. 0. 0.]
 [0. 1. 0. 0.]
 [0. 0. 0. 1.]
 [0. 0. 1. 0.]
 [1. 0. 0. 0.]
 [0. 1. 0. 0.]
 [0. 1. 0. 0.]]
States:
[[0.4 0.9]
 [0.3 0.9]
 [0.4 0.9]
 [0.4 0.8]
 [0.4 0.7]
 [0.5 0.7]
 [0.5 0.7]
 [0.6 0.7]
 [0.6 0.8]
 [0.7 0.8]
 [0.8 0.8]
 [0.8 0.9]
 [0.8 0.8]
 [0.7 0.8]
 [0.7 0.9]
 [0.7 0.8]
 [0.8 0.8]
 [0.8 0.9]
 [0.8 0.8]
 [0.9 0.8]
 [0.9 0.9]
 [0.9 0.8]
 [0.8 0.8]
 [0.9 0.8]
 [0.9 0.9]]
Logstds:
[[0. 0. 0. 0.]
 [0. 0. 0. 0.]
 [0. 0. 0. 0.]
 [0. 0. 0. 0.]
 [0. 0. 0. 0.]
 [0. 0. 0. 0.]
 [0. 0. 0. 0.]
 [0. 0. 0. 0.]
 [0. 0. 0. 0.]
 [0. 0. 0. 0.]
 [0. 0. 0. 0.]
 [0. 0. 0. 0.]
 [0. 0. 0. 0.]
 [0. 0. 0. 0.]
 [0. 0. 0. 0.]
 [0. 0. 0. 0.]
 [0. 0. 0. 0.]
 [0. 0. 0. 0.]
 [0. 0. 0. 0.]
 [0. 0. 0. 0.]
 [0. 0. 0. 0.]
 [0. 0. 0. 0.]
 [0. 0. 0. 0.]
 [0. 0. 0. 0.]
 [0. 0. 0. 0.]]
