Baseline:
[0.1394224  0.13816975 0.13816975 0.13430719 0.1307803  0.13275333
 0.1307803  0.13275333 0.13548945 0.13652138 0.13674824 0.14080746
 0.13674824 0.13486691 0.13412112 0.13652138 0.13548945 0.13652138
 0.13674824 0.13652138 0.14040929 0.1394224  0.14040929 0.1394224
 0.13548945 0.13548945]
Returns:
[-11.15052061 -10.93178666 -10.73508665 -10.49366521 -10.27016432
 -10.03576537  -9.81458296  -9.55620604  -9.30285145  -8.95744056
  -8.56373047  -8.17076412  -7.70524348  -7.2468599   -6.81408681
  -6.38714447  -5.91315335  -5.38933728  -4.80783229  -4.21849895
  -3.62517684  -2.9770986   -2.26735687  -1.54781442  -0.79328316]
Advants:
[-8.58679301 -8.47890238 -8.39776397 -8.27029989 -8.16410729 -8.05562178
 -7.96006316 -7.83419571 -7.7174826  -7.50776506 -7.24824512 -6.99268517
 -6.65328891 -6.32006258 -6.01099654 -5.7083789  -5.35097524 -4.93966158
 -4.46137211 -3.96534007 -3.45917149 -2.88039102 -2.2259879  -1.54215598
 -0.80005765]
Mus:
[[0.27471393 0.27707157 0.25590095 0.19231355]
 [0.27496335 0.27492574 0.2571114  0.19299944]
 [0.27496335 0.27492574 0.2571114  0.19299944]
 [0.27345335 0.27544153 0.25820687 0.19289829]
 [0.2718355  0.27606794 0.2596092  0.1924874 ]
 [0.27150512 0.2785818  0.2586924  0.19122064]
 [0.2718355  0.27606794 0.2596092  0.1924874 ]
 [0.27150512 0.2785818  0.2586924  0.19122064]
 [0.27310598 0.2775488  0.25723097 0.19211432]
 [0.2725661  0.28009844 0.25645533 0.1908801 ]
 [0.27166337 0.28295982 0.255776   0.18960084]
 [0.27305228 0.28239107 0.25450468 0.19005197]
 [0.27166337 0.28295982 0.255776   0.18960084]
 [0.2695251  0.2841426  0.25720325 0.189129  ]
 [0.27068874 0.28129444 0.25799772 0.1900191 ]
 [0.2725661  0.28009844 0.25645533 0.1908801 ]
 [0.27310598 0.2775488  0.25723097 0.19211432]
 [0.2725661  0.28009844 0.25645533 0.1908801 ]
 [0.27166337 0.28295982 0.255776   0.18960084]
 [0.2725661  0.28009844 0.25645533 0.1908801 ]
 [0.27422976 0.27943453 0.254839   0.19149671]
 [0.27471393 0.27707157 0.25590095 0.19231355]
 [0.27422976 0.27943453 0.254839   0.19149671]
 [0.27471393 0.27707157 0.25590095 0.19231355]
 [0.27310598 0.2775488  0.25723097 0.19211432]]
Actions:
[[0. 0. 0. 1.]
 [0. 0. 0. 1.]
 [0. 0. 1. 0.]
 [0. 0. 1. 0.]
 [0. 1. 0. 0.]
 [0. 0. 0. 1.]
 [0. 1. 0. 0.]
 [1. 0. 0. 0.]
 [0. 1. 0. 0.]
 [0. 1. 0. 0.]
 [1. 0. 0. 0.]
 [0. 0. 1. 0.]
 [0. 0. 1. 0.]
 [0. 0. 0. 1.]
 [1. 0. 0. 0.]
 [0. 0. 0. 1.]
 [0. 1. 0. 0.]
 [0. 1. 0. 0.]
 [0. 0. 0. 1.]
 [1. 0. 0. 0.]
 [0. 0. 0. 1.]
 [0. 1. 0. 0.]
 [0. 0. 0. 1.]
 [0. 0. 1. 0.]
 [0. 1. 0. 0.]]
States:
[[1.  0.7]
 [1.  0.6]
 [1.  0.6]
 [0.9 0.6]
 [0.8 0.6]
 [0.8 0.7]
 [0.8 0.6]
 [0.8 0.7]
 [0.9 0.7]
 [0.9 0.8]
 [0.9 0.9]
 [1.  0.9]
 [0.9 0.9]
 [0.8 0.9]
 [0.8 0.8]
 [0.9 0.8]
 [0.9 0.7]
 [0.9 0.8]
 [0.9 0.9]
 [0.9 0.8]
 [1.  0.8]
 [1.  0.7]
 [1.  0.8]
 [1.  0.7]
 [0.9 0.7]]
Logstds:
[[0. 0. 0. 0.]
 [0. 0. 0. 0.]
 [0. 0. 0. 0.]
 [0. 0. 0. 0.]
 [0. 0. 0. 0.]
 [0. 0. 0. 0.]
 [0. 0. 0. 0.]
 [0. 0. 0. 0.]
 [0. 0. 0. 0.]
 [0. 0. 0. 0.]
 [0. 0. 0. 0.]
 [0. 0. 0. 0.]
 [0. 0. 0. 0.]
 [0. 0. 0. 0.]
 [0. 0. 0. 0.]
 [0. 0. 0. 0.]
 [0. 0. 0. 0.]
 [0. 0. 0. 0.]
 [0. 0. 0. 0.]
 [0. 0. 0. 0.]
 [0. 0. 0. 0.]
 [0. 0. 0. 0.]
 [0. 0. 0. 0.]
 [0. 0. 0. 0.]
 [0. 0. 0. 0.]]
