Baseline:
[-3.2947001 -3.1657257 -3.276255  -3.4060235 -3.5394201 -3.4060235
 -3.5394201 -3.4296513 -3.5394201 -3.650457  -3.7867692 -3.6772206
 -3.818976  -3.712753  -3.818976  -3.9255633 -3.818976  -3.712753
 -3.8553991 -3.712753  -3.6066976 -3.712753  -3.818976  -3.6772206
 -3.5702772 -3.5702772]
Returns:
[-15.98258707 -15.71706292 -15.57265849 -15.3042454  -14.97656889
 -14.56567408 -14.19912541 -13.78681271 -13.45368453 -13.06183936
 -12.53216758 -11.9340085  -11.3381002  -10.66917333 -10.08467106
  -9.42926587  -8.61458403  -7.80231419  -6.98330293  -6.03293567
  -5.12968646  -4.2929914   -3.37290061  -2.24524611  -1.15270972]
Advants:
[-10.43182898 -10.4912775  -10.44115427 -10.25291535 -10.00540912
  -9.95108891  -9.67787092  -9.61201169  -9.41226437  -9.15769206
  -8.74057322  -8.50691622  -8.02311034  -7.7184867   -7.28646418
  -6.78164581  -6.33073336  -5.88194087  -5.16971042  -4.60768317
  -4.05245789  -3.34313153  -2.53838477  -1.76243552  -0.97419548]
Mus:
[[0.2526539  0.2689793  0.27774104 0.20062578]
 [0.25309172 0.26599646 0.27871954 0.20219229]
 [0.25700617 0.2663656  0.27639094 0.20023732]
 [0.25725248 0.26884857 0.2747546  0.19914436]
 [0.25677955 0.27203348 0.2734272  0.19775978]
 [0.25725248 0.26884857 0.2747546  0.19914436]
 [0.25677955 0.27203348 0.2734272  0.19775978]
 [0.2523132  0.27232686 0.27621904 0.19914082]
 [0.25677955 0.27203348 0.2734272  0.19775978]
 [0.26123327 0.27195993 0.27048087 0.19632599]
 [0.26058388 0.27552563 0.26891318 0.19497737]
 [0.25602612 0.27602908 0.2717875  0.19615735]
 [0.25606734 0.27875936 0.27041394 0.19475937]
 [0.2527682  0.27766064 0.27345628 0.19611494]
 [0.25606734 0.27875936 0.27041394 0.19475937]
 [0.26045677 0.2785319  0.2674665  0.19354479]
 [0.25606734 0.27875936 0.27041394 0.19475937]
 [0.2527682  0.27766064 0.27345628 0.19611494]
 [0.2541132  0.27939978 0.27173036 0.19475664]
 [0.2527682  0.27766064 0.27345628 0.19611494]
 [0.25020963 0.27651122 0.2760601  0.19721901]
 [0.2527682  0.27766064 0.27345628 0.19611494]
 [0.25606734 0.27875936 0.27041394 0.19475937]
 [0.25602612 0.27602908 0.2717875  0.19615735]
 [0.25213057 0.2755329  0.27473772 0.19759884]]
Actions:
[[0. 0. 0. 1.]
 [1. 0. 0. 0.]
 [0. 1. 0. 0.]
 [0. 1. 0. 0.]
 [0. 0. 0. 1.]
 [0. 1. 0. 0.]
 [0. 0. 1. 0.]
 [1. 0. 0. 0.]
 [1. 0. 0. 0.]
 [0. 1. 0. 0.]
 [0. 0. 1. 0.]
 [0. 1. 0. 0.]
 [0. 0. 1. 0.]
 [1. 0. 0. 0.]
 [1. 0. 0. 0.]
 [0. 0. 1. 0.]
 [0. 0. 1. 0.]
 [0. 1. 0. 0.]
 [0. 0. 0. 1.]
 [0. 0. 1. 0.]
 [1. 0. 0. 0.]
 [1. 0. 0. 0.]
 [0. 0. 0. 1.]
 [0. 0. 1. 0.]
 [0. 0. 0. 1.]]
States:
[[0.3 0.3]
 [0.3 0.2]
 [0.4 0.2]
 [0.4 0.3]
 [0.4 0.4]
 [0.4 0.3]
 [0.4 0.4]
 [0.3 0.4]
 [0.4 0.4]
 [0.5 0.4]
 [0.5 0.5]
 [0.4 0.5]
 [0.4 0.6]
 [0.3 0.6]
 [0.4 0.6]
 [0.5 0.6]
 [0.4 0.6]
 [0.3 0.6]
 [0.3 0.7]
 [0.3 0.6]
 [0.2 0.6]
 [0.3 0.6]
 [0.4 0.6]
 [0.4 0.5]
 [0.3 0.5]]
Logstds:
[[0. 0. 0. 0.]
 [0. 0. 0. 0.]
 [0. 0. 0. 0.]
 [0. 0. 0. 0.]
 [0. 0. 0. 0.]
 [0. 0. 0. 0.]
 [0. 0. 0. 0.]
 [0. 0. 0. 0.]
 [0. 0. 0. 0.]
 [0. 0. 0. 0.]
 [0. 0. 0. 0.]
 [0. 0. 0. 0.]
 [0. 0. 0. 0.]
 [0. 0. 0. 0.]
 [0. 0. 0. 0.]
 [0. 0. 0. 0.]
 [0. 0. 0. 0.]
 [0. 0. 0. 0.]
 [0. 0. 0. 0.]
 [0. 0. 0. 0.]
 [0. 0. 0. 0.]
 [0. 0. 0. 0.]
 [0. 0. 0. 0.]
 [0. 0. 0. 0.]
 [0. 0. 0. 0.]]
