Baseline:
[-3.8363757 -3.6892223 -3.8363757 -3.8363757 -3.6892223 -3.6892223
 -3.5424442 -3.6410973 -3.5424442 -3.6892223 -3.6892223 -3.5424442
 -3.5424442 -3.5424442 -3.6410973 -3.4987361 -3.3989987 -3.3989987
 -3.5424442 -3.3989987 -3.5424442 -3.3989987 -3.3989987 -3.3989987
 -3.4987361 -3.4987361]
Returns:
[-16.24941685 -15.80344001 -15.42859546 -14.98985608 -14.47758657
 -14.04202619 -13.52962747 -13.16974769 -12.67514866 -12.18122777
 -11.62480639 -10.98518559 -10.41859698  -9.82218792  -9.26717974
  -8.51510802  -7.82926174  -7.14967472  -6.41028888  -5.5472844
  -4.72356223  -3.77178266  -2.87864412  -1.93849828  -1.01350737]
Advants:
[-10.34020765 -10.23947185  -9.9162915   -9.67973716  -9.52273773
  -9.29955224  -9.15309007  -8.91820395  -8.75271097  -8.34228099
  -8.01853571  -7.76294733  -7.43630085  -7.08182827  -6.67049716
  -6.30490285  -5.96557857  -5.53278115  -4.89045848  -4.40964245
  -3.67164275  -3.08699923  -2.4089837   -1.67320994  -0.83857083]
Mus:
[[0.24847582 0.2775015  0.280943   0.19307972]
 [0.24768008 0.27621937 0.2814319  0.19466865]
 [0.24847582 0.2775015  0.280943   0.19307972]
 [0.24847582 0.2775015  0.280943   0.19307972]
 [0.24768008 0.27621937 0.2814319  0.19466865]
 [0.24768008 0.27621937 0.2814319  0.19466865]
 [0.24626715 0.27472165 0.2823628  0.19664836]
 [0.24924172 0.27718598 0.2775636  0.19600873]
 [0.24626715 0.27472165 0.2823628  0.19664836]
 [0.24768008 0.27621937 0.2814319  0.19466865]
 [0.24768008 0.27621937 0.2814319  0.19466865]
 [0.24626715 0.27472165 0.2823628  0.19664836]
 [0.24626715 0.27472165 0.2823628  0.19664836]
 [0.24626715 0.27472165 0.2823628  0.19664836]
 [0.24924172 0.27718598 0.2775636  0.19600873]
 [0.24796636 0.27523673 0.2789434  0.19785348]
 [0.24515374 0.27291837 0.2831931  0.19873483]
 [0.24515374 0.27291837 0.2831931  0.19873483]
 [0.24626715 0.27472165 0.2823628  0.19664836]
 [0.24515374 0.27291837 0.2831931  0.19873483]
 [0.24626715 0.27472165 0.2823628  0.19664836]
 [0.24515374 0.27291837 0.2831931  0.19873483]
 [0.24515374 0.27291837 0.2831931  0.19873483]
 [0.24515374 0.27291837 0.2831931  0.19873483]
 [0.24796636 0.27523673 0.2789434  0.19785348]]
Actions:
[[0. 0. 0. 1.]
 [0. 1. 0. 0.]
 [0. 0. 1. 0.]
 [0. 0. 0. 1.]
 [0. 0. 1. 0.]
 [0. 0. 0. 1.]
 [1. 0. 0. 0.]
 [0. 0. 1. 0.]
 [0. 1. 0. 0.]
 [0. 0. 1. 0.]
 [0. 0. 0. 1.]
 [0. 0. 1. 0.]
 [0. 0. 1. 0.]
 [1. 0. 0. 0.]
 [0. 0. 0. 1.]
 [0. 0. 1. 0.]
 [0. 0. 1. 0.]
 [0. 1. 0. 0.]
 [0. 0. 0. 1.]
 [0. 1. 0. 0.]
 [0. 0. 0. 1.]
 [0. 0. 1. 0.]
 [0. 0. 1. 0.]
 [1. 0. 0. 0.]
 [1. 0. 0. 0.]]
States:
[[0.  0.9]
 [0.  0.8]
 [0.  0.9]
 [0.  0.9]
 [0.  0.8]
 [0.  0.8]
 [0.  0.7]
 [0.1 0.7]
 [0.  0.7]
 [0.  0.8]
 [0.  0.8]
 [0.  0.7]
 [0.  0.7]
 [0.  0.7]
 [0.1 0.7]
 [0.1 0.6]
 [0.  0.6]
 [0.  0.6]
 [0.  0.7]
 [0.  0.6]
 [0.  0.7]
 [0.  0.6]
 [0.  0.6]
 [0.  0.6]
 [0.1 0.6]]
Logstds:
[[0. 0. 0. 0.]
 [0. 0. 0. 0.]
 [0. 0. 0. 0.]
 [0. 0. 0. 0.]
 [0. 0. 0. 0.]
 [0. 0. 0. 0.]
 [0. 0. 0. 0.]
 [0. 0. 0. 0.]
 [0. 0. 0. 0.]
 [0. 0. 0. 0.]
 [0. 0. 0. 0.]
 [0. 0. 0. 0.]
 [0. 0. 0. 0.]
 [0. 0. 0. 0.]
 [0. 0. 0. 0.]
 [0. 0. 0. 0.]
 [0. 0. 0. 0.]
 [0. 0. 0. 0.]
 [0. 0. 0. 0.]
 [0. 0. 0. 0.]
 [0. 0. 0. 0.]
 [0. 0. 0. 0.]
 [0. 0. 0. 0.]
 [0. 0. 0. 0.]
 [0. 0. 0. 0.]]
