Baseline:
[0.87816304 0.850411   0.82214946 0.82214946 0.794743   0.82214946
 0.794743   0.8292771  0.8643051  0.90114546 0.93796676 0.90114546
 0.8643051  0.8373931  0.80081254 0.80081254 0.8292771  0.8643051
 0.90114546 0.93796676 0.90114546 0.9270835  0.9535967  0.9799573
 0.9452383  0.9452383 ]
Returns:
[-1.54546923 -1.50286255 -1.47261705 -1.51348932 -1.49871319 -1.49158082
 -1.47565162 -1.42015356 -1.34648731 -1.25385275 -1.14199628 -1.10929491
 -1.092512   -1.04669934 -1.05583937 -1.03602943 -1.00317036 -0.90755763
 -0.7918215  -0.6556476  -0.59734893 -0.49817512 -0.38018626 -0.2415925
 -0.14140666]
Advants:
[-1.64795163 -1.58429647 -1.53125459 -1.57932166 -1.54364217 -1.57160037
 -1.53526312 -1.52124539 -1.48895006 -1.43831356 -1.36655477 -1.29843738
 -1.24468065 -1.16956202 -1.13867489 -1.11451207 -1.10525793 -1.0375258
 -0.94843373 -0.83494345 -0.72153959 -0.62619738 -0.50790296 -0.36309524
 -0.18866861]
Mus:
[[0.2724651  0.25857595 0.2704278  0.19853121]
 [0.27045357 0.25918248 0.27103743 0.19932657]
 [0.26785615 0.25958893 0.272403   0.20015188]
 [0.26785615 0.25958893 0.272403   0.20015188]
 [0.2652432  0.26003522 0.27376205 0.20095958]
 [0.26785615 0.25958893 0.272403   0.20015188]
 [0.2652432  0.26003522 0.27376205 0.20095958]
 [0.2667143  0.2626433  0.2712128  0.19942966]
 [0.2674641  0.2657798  0.26870856 0.19804758]
 [0.26807493 0.2686845  0.2666398  0.19660072]
 [0.2684251  0.2713609  0.26501128 0.19520278]
 [0.26807493 0.2686845  0.2666398  0.19660072]
 [0.2674641  0.2657798  0.26870856 0.19804758]
 [0.26433307 0.26634073 0.27074865 0.19857754]
 [0.2634895  0.26353425 0.27297568 0.20000052]
 [0.2634895  0.26353425 0.27297568 0.20000052]
 [0.2667143  0.2626433  0.2712128  0.19942966]
 [0.2674641  0.2657798  0.26870856 0.19804758]
 [0.26807493 0.2686845  0.2666398  0.19660072]
 [0.2684251  0.2713609  0.26501128 0.19520278]
 [0.26807493 0.2686845  0.2666398  0.19660072]
 [0.27073106 0.2681101  0.2649357  0.19622315]
 [0.2730036  0.26691929 0.26429424 0.19578291]
 [0.2746262  0.26567322 0.26405904 0.19564156]
 [0.27411455 0.26293564 0.2663685  0.19658132]]
Actions:
[[0. 0. 1. 0.]
 [0. 0. 1. 0.]
 [0. 0. 0. 1.]
 [0. 0. 1. 0.]
 [1. 0. 0. 0.]
 [0. 0. 1. 0.]
 [0. 1. 0. 0.]
 [0. 1. 0. 0.]
 [0. 1. 0. 0.]
 [0. 1. 0. 0.]
 [0. 0. 0. 1.]
 [0. 0. 0. 1.]
 [0. 0. 1. 0.]
 [0. 0. 0. 1.]
 [0. 0. 1. 0.]
 [1. 0. 0. 0.]
 [0. 1. 0. 0.]
 [0. 1. 0. 0.]
 [0. 1. 0. 0.]
 [0. 0. 0. 1.]
 [1. 0. 0. 0.]
 [1. 0. 0. 0.]
 [1. 0. 0. 0.]
 [0. 0. 0. 1.]
 [0. 0. 1. 0.]]
States:
[[1.  0. ]
 [0.9 0. ]
 [0.8 0. ]
 [0.8 0. ]
 [0.7 0. ]
 [0.8 0. ]
 [0.7 0. ]
 [0.7 0.1]
 [0.7 0.2]
 [0.7 0.3]
 [0.7 0.4]
 [0.7 0.3]
 [0.7 0.2]
 [0.6 0.2]
 [0.6 0.1]
 [0.6 0.1]
 [0.7 0.1]
 [0.7 0.2]
 [0.7 0.3]
 [0.7 0.4]
 [0.7 0.3]
 [0.8 0.3]
 [0.9 0.3]
 [1.  0.3]
 [1.  0.2]]
Logstds:
[[0. 0. 0. 0.]
 [0. 0. 0. 0.]
 [0. 0. 0. 0.]
 [0. 0. 0. 0.]
 [0. 0. 0. 0.]
 [0. 0. 0. 0.]
 [0. 0. 0. 0.]
 [0. 0. 0. 0.]
 [0. 0. 0. 0.]
 [0. 0. 0. 0.]
 [0. 0. 0. 0.]
 [0. 0. 0. 0.]
 [0. 0. 0. 0.]
 [0. 0. 0. 0.]
 [0. 0. 0. 0.]
 [0. 0. 0. 0.]
 [0. 0. 0. 0.]
 [0. 0. 0. 0.]
 [0. 0. 0. 0.]
 [0. 0. 0. 0.]
 [0. 0. 0. 0.]
 [0. 0. 0. 0.]
 [0. 0. 0. 0.]
 [0. 0. 0. 0.]
 [0. 0. 0. 0.]]
