Baseline:
[-1.7586261 -1.7007936 -1.7007936 -1.7007936 -1.643882  -1.6000706
 -1.643882  -1.7007936 -1.7586261 -1.7007936 -1.643882  -1.643882
 -1.643882  -1.643882  -1.6000706 -1.657935  -1.7176273 -1.657935
 -1.7007936 -1.7007936 -1.657935  -1.7176273 -1.6773192 -1.7376875
 -1.7981347 -1.7981347]
Returns:
[-17.96671369 -17.53525661 -17.17672924 -16.799332   -16.348537
 -15.90030648 -15.53647947 -15.04816482 -14.49355599 -13.87930114
 -13.2748203  -12.6812464  -12.10727227 -11.45224848 -10.74631857
 -10.04782776  -9.27160393  -8.42190151  -7.62494393  -6.74482116
  -5.74913009  -4.74665901  -3.64388312  -2.53020551  -1.31608438]
Advants:
[-12.78841963 -12.61320882 -12.45890909 -12.29146499 -12.113238
 -11.93033881 -11.75048342 -11.43558185 -11.05414435 -10.73119551
 -10.42005353 -10.0646894   -9.73146582  -9.31744283  -8.8963777
  -8.37821802  -7.77493539  -7.21294302  -6.59459509  -5.92758654
  -5.17655387  -4.30053045  -3.4071997   -2.38038838  -1.22617757]
Mus:
[[0.27422976 0.27943453 0.254839   0.19149671]
 [0.27471393 0.27707157 0.25590095 0.19231355]
 [0.27471393 0.27707157 0.25590095 0.19231355]
 [0.27471393 0.27707157 0.25590095 0.19231355]
 [0.27496335 0.27492574 0.2571114  0.19299944]
 [0.27345335 0.27544153 0.25820687 0.19289829]
 [0.27496335 0.27492574 0.2571114  0.19299944]
 [0.27471393 0.27707157 0.25590095 0.19231355]
 [0.27422976 0.27943453 0.254839   0.19149671]
 [0.27471393 0.27707157 0.25590095 0.19231355]
 [0.27496335 0.27492574 0.2571114  0.19299944]
 [0.27496335 0.27492574 0.2571114  0.19299944]
 [0.27496335 0.27492574 0.2571114  0.19299944]
 [0.27496335 0.27492574 0.2571114  0.19299944]
 [0.27345335 0.27544153 0.25820687 0.19289829]
 [0.27310598 0.2775488  0.25723097 0.19211432]
 [0.2725661  0.28009844 0.25645533 0.1908801 ]
 [0.27310598 0.2775488  0.25723097 0.19211432]
 [0.27471393 0.27707157 0.25590095 0.19231355]
 [0.27471393 0.27707157 0.25590095 0.19231355]
 [0.27310598 0.2775488  0.25723097 0.19211432]
 [0.2725661  0.28009844 0.25645533 0.1908801 ]
 [0.27068874 0.28129444 0.25799772 0.1900191 ]
 [0.2695251  0.2841426  0.25720325 0.189129  ]
 [0.26870295 0.2868224  0.25630587 0.18816872]]
Actions:
[[0. 0. 0. 1.]
 [1. 0. 0. 0.]
 [1. 0. 0. 0.]
 [0. 0. 0. 1.]
 [0. 0. 1. 0.]
 [1. 0. 0. 0.]
 [0. 1. 0. 0.]
 [0. 1. 0. 0.]
 [0. 0. 0. 1.]
 [0. 0. 0. 1.]
 [0. 0. 0. 1.]
 [1. 0. 0. 0.]
 [0. 0. 0. 1.]
 [0. 0. 1. 0.]
 [0. 1. 0. 0.]
 [0. 1. 0. 0.]
 [0. 0. 0. 1.]
 [1. 0. 0. 0.]
 [1. 0. 0. 0.]
 [0. 0. 1. 0.]
 [0. 1. 0. 0.]
 [0. 0. 1. 0.]
 [0. 1. 0. 0.]
 [0. 1. 0. 0.]
 [0. 0. 0. 1.]]
States:
[[1.  0.8]
 [1.  0.7]
 [1.  0.7]
 [1.  0.7]
 [1.  0.6]
 [0.9 0.6]
 [1.  0.6]
 [1.  0.7]
 [1.  0.8]
 [1.  0.7]
 [1.  0.6]
 [1.  0.6]
 [1.  0.6]
 [1.  0.6]
 [0.9 0.6]
 [0.9 0.7]
 [0.9 0.8]
 [0.9 0.7]
 [1.  0.7]
 [1.  0.7]
 [0.9 0.7]
 [0.9 0.8]
 [0.8 0.8]
 [0.8 0.9]
 [0.8 1. ]]
Logstds:
[[0. 0. 0. 0.]
 [0. 0. 0. 0.]
 [0. 0. 0. 0.]
 [0. 0. 0. 0.]
 [0. 0. 0. 0.]
 [0. 0. 0. 0.]
 [0. 0. 0. 0.]
 [0. 0. 0. 0.]
 [0. 0. 0. 0.]
 [0. 0. 0. 0.]
 [0. 0. 0. 0.]
 [0. 0. 0. 0.]
 [0. 0. 0. 0.]
 [0. 0. 0. 0.]
 [0. 0. 0. 0.]
 [0. 0. 0. 0.]
 [0. 0. 0. 0.]
 [0. 0. 0. 0.]
 [0. 0. 0. 0.]
 [0. 0. 0. 0.]
 [0. 0. 0. 0.]
 [0. 0. 0. 0.]
 [0. 0. 0. 0.]
 [0. 0. 0. 0.]
 [0. 0. 0. 0.]]
