Baseline:
[0.80161142 0.81441814 0.82607204 0.87277848 0.86034548 0.87277848
 0.91964829 0.93200165 0.94312251 0.96018022 1.00736499 1.05706739
 1.10514784 1.15137863 1.10514784 1.12075973 1.16935039 1.12075973
 1.16935039 1.18464899 0.        ]
Returns:
[-2.81599517 -2.8159131  -2.80572404 -2.75848855 -2.73445419 -2.70683518
 -2.63715747 -2.58206748 -2.51552656 -2.43737838 -2.29865768 -2.13514895
 -1.94624833 -1.73077825 -1.52270685 -1.34317747 -1.08248978 -0.83036529
 -0.54268748 -0.28912425]
Advants:
[-2.68711667 -2.73285377 -2.77018861 -2.80856886 -2.81319754 -2.84213873
 -2.86651172 -2.87365341 -2.87064666 -2.86454506 -2.82985132 -2.77420963
 -2.69215371 -2.58145045 -2.38280577 -2.27421749 -2.11560331 -1.86362659
 -1.67003532 -1.47377324]
Mus:
[[0.2577019  0.27532676 0.24815924 0.21881211]
 [0.2583469  0.2762402  0.24751526 0.21789771]
 [0.25890708 0.27817583 0.24605037 0.21686669]
 [0.25942633 0.28104374 0.242887   0.21664292]
 [0.25882447 0.2787865  0.24464741 0.21774161]
 [0.25942633 0.28104374 0.242887   0.21664292]
 [0.2595157  0.2845408  0.23981252 0.21613093]
 [0.25979668 0.28729433 0.238097   0.21481194]
 [0.2596395  0.28929067 0.23689438 0.21417549]
 [0.26016685 0.29051405 0.23579814 0.21352105]
 [0.259691   0.29433227 0.23337223 0.2126045 ]
 [0.25957286 0.2974508  0.23138697 0.21158926]
 [0.25953948 0.30044404 0.22928064 0.21073581]
 [0.25934857 0.30337563 0.22730306 0.20997274]
 [0.25953948 0.30044404 0.22928064 0.21073581]
 [0.25941777 0.30208194 0.22850005 0.21000017]
 [0.25929862 0.30494922 0.22654337 0.20920882]
 [0.25941777 0.30208194 0.22850005 0.21000017]
 [0.25929862 0.30494922 0.22654337 0.20920882]
 [0.259718   0.30611315 0.22571214 0.20845671]]
Actions:
[[1. 0. 0. 0.]
 [1. 0. 0. 0.]
 [0. 1. 0. 0.]
 [0. 0. 1. 0.]
 [1. 0. 0. 0.]
 [0. 1. 0. 0.]
 [1. 0. 0. 0.]
 [1. 0. 0. 0.]
 [1. 0. 0. 0.]
 [0. 1. 0. 0.]
 [0. 1. 0. 0.]
 [0. 1. 0. 0.]
 [0. 1. 0. 0.]
 [0. 0. 0. 1.]
 [1. 0. 0. 0.]
 [0. 1. 0. 0.]
 [0. 0. 0. 1.]
 [0. 1. 0. 0.]
 [1. 0. 0. 0.]
 [0. 0. 1. 0.]]
States:
[[0.3 0.4]
 [0.4 0.4]
 [0.5 0.4]
 [0.5 0.5]
 [0.4 0.5]
 [0.5 0.5]
 [0.5 0.6]
 [0.6 0.6]
 [0.7 0.6]
 [0.8 0.6]
 [0.8 0.7]
 [0.8 0.8]
 [0.8 0.9]
 [0.8 1. ]
 [0.8 0.9]
 [0.9 0.9]
 [0.9 1. ]
 [0.9 0.9]
 [0.9 1. ]
 [1.  1. ]]
Logstds:
[[0. 0. 0. 0.]
 [0. 0. 0. 0.]
 [0. 0. 0. 0.]
 [0. 0. 0. 0.]
 [0. 0. 0. 0.]
 [0. 0. 0. 0.]
 [0. 0. 0. 0.]
 [0. 0. 0. 0.]
 [0. 0. 0. 0.]
 [0. 0. 0. 0.]
 [0. 0. 0. 0.]
 [0. 0. 0. 0.]
 [0. 0. 0. 0.]
 [0. 0. 0. 0.]
 [0. 0. 0. 0.]
 [0. 0. 0. 0.]
 [0. 0. 0. 0.]
 [0. 0. 0. 0.]
 [0. 0. 0. 0.]
 [0. 0. 0. 0.]]
