Baseline:
[-5.207193  -5.0961227 -5.0961227 -5.207193  -5.3185616 -5.4547596
 -5.4547596 -5.344099  -5.4547596 -5.592217  -5.4818797 -5.344099
 -5.233767  -5.0961227 -5.233767  -5.344099  -5.233767  -5.3718944
 -5.264386  -5.3718944 -5.233767  -5.344099  -5.207193  -5.0961227
 -5.233767  -5.233767 ]
Returns:
[-18.77375802 -18.37052429 -17.88761127 -17.6536604  -17.37163253
 -16.95279418 -16.55190052 -15.94388662 -15.52905219 -14.96095512
 -14.21942709 -13.38372579 -12.64798619 -11.81600698 -11.1875683
 -10.55900209  -9.67459283  -8.8819314   -7.89905784  -7.08670739
  -5.91302048  -5.00684649  -3.73424473  -2.53945768  -1.42277956]
Advants:
[-11.50459621 -11.44732795 -11.2043846  -11.10910506 -10.97455798
 -10.6832554  -10.5561638  -10.34055505 -10.10455283  -9.69133112
  -9.35785469  -8.96142486  -8.64384842  -8.26209353  -7.8115251
  -7.39216739  -6.9409103   -6.33165487  -5.7781402   -5.17910057
  -4.45966163  -3.75476808  -2.92210539  -2.13371881  -1.16109133]
Mus:
[[0.26112112 0.29140964 0.2347545  0.2127147 ]
 [0.26016685 0.29051405 0.23579814 0.21352105]
 [0.26016685 0.29051405 0.23579814 0.21352105]
 [0.26112112 0.29140964 0.2347545  0.2127147 ]
 [0.26207826 0.29235667 0.23387787 0.2116872 ]
 [0.26140937 0.2962299  0.23143066 0.21093006]
 [0.26140937 0.2962299  0.23143066 0.21093006]
 [0.26043135 0.2953836  0.23232113 0.21186392]
 [0.26140937 0.2962299  0.23143066 0.21093006]
 [0.2606076  0.29963258 0.2295155  0.21024439]
 [0.25988448 0.29883233 0.23036462 0.21091855]
 [0.26043135 0.2953836  0.23232113 0.21186392]
 [0.259691   0.29433227 0.23337223 0.2126045 ]
 [0.26016685 0.29051405 0.23579814 0.21352105]
 [0.259691   0.29433227 0.23337223 0.2126045 ]
 [0.26043135 0.2953836  0.23232113 0.21186392]
 [0.259691   0.29433227 0.23337223 0.2126045 ]
 [0.25957286 0.2974508  0.23138697 0.21158926]
 [0.25969306 0.2955919  0.23233508 0.21237999]
 [0.25957286 0.2974508  0.23138697 0.21158926]
 [0.259691   0.29433227 0.23337223 0.2126045 ]
 [0.26043135 0.2953836  0.23232113 0.21186392]
 [0.26112112 0.29140964 0.2347545  0.2127147 ]
 [0.26016685 0.29051405 0.23579814 0.21352105]
 [0.259691   0.29433227 0.23337223 0.2126045 ]]
Actions:
[[0. 0. 1. 0.]
 [0. 0. 0. 1.]
 [1. 0. 0. 0.]
 [1. 0. 0. 0.]
 [0. 1. 0. 0.]
 [1. 0. 0. 0.]
 [0. 0. 1. 0.]
 [1. 0. 0. 0.]
 [0. 1. 0. 0.]
 [0. 0. 1. 0.]
 [0. 0. 0. 1.]
 [0. 0. 1. 0.]
 [0. 0. 0. 1.]
 [0. 1. 0. 0.]
 [1. 0. 0. 0.]
 [0. 0. 1. 0.]
 [0. 1. 0. 0.]
 [0. 0. 1. 0.]
 [1. 0. 0. 0.]
 [0. 0. 0. 1.]
 [1. 0. 0. 0.]
 [0. 0. 0. 1.]
 [0. 0. 1. 0.]
 [0. 1. 0. 0.]
 [0. 0. 0. 1.]]
States:
[[0.9 0.6]
 [0.8 0.6]
 [0.8 0.6]
 [0.9 0.6]
 [1.  0.6]
 [1.  0.7]
 [1.  0.7]
 [0.9 0.7]
 [1.  0.7]
 [1.  0.8]
 [0.9 0.8]
 [0.9 0.7]
 [0.8 0.7]
 [0.8 0.6]
 [0.8 0.7]
 [0.9 0.7]
 [0.8 0.7]
 [0.8 0.8]
 [0.7 0.8]
 [0.8 0.8]
 [0.8 0.7]
 [0.9 0.7]
 [0.9 0.6]
 [0.8 0.6]
 [0.8 0.7]]
Logstds:
[[0. 0. 0. 0.]
 [0. 0. 0. 0.]
 [0. 0. 0. 0.]
 [0. 0. 0. 0.]
 [0. 0. 0. 0.]
 [0. 0. 0. 0.]
 [0. 0. 0. 0.]
 [0. 0. 0. 0.]
 [0. 0. 0. 0.]
 [0. 0. 0. 0.]
 [0. 0. 0. 0.]
 [0. 0. 0. 0.]
 [0. 0. 0. 0.]
 [0. 0. 0. 0.]
 [0. 0. 0. 0.]
 [0. 0. 0. 0.]
 [0. 0. 0. 0.]
 [0. 0. 0. 0.]
 [0. 0. 0. 0.]
 [0. 0. 0. 0.]
 [0. 0. 0. 0.]
 [0. 0. 0. 0.]
 [0. 0. 0. 0.]
 [0. 0. 0. 0.]
 [0. 0. 0. 0.]]
