Baseline:
[-8.53524   -8.7340975 -8.7340975 -8.53524   -8.319638  -8.122155
 -7.9248495 -8.137231  -8.351436  -8.137231  -7.9248495 -7.7100635
 -7.513236  -7.7100635 -7.9069057 -8.103716  -7.8918505 -8.103716
 -7.9069057 -8.103716  -7.8918505 -7.691539  -7.9069057 -7.691539
 -7.8918505 -7.8918505]
Returns:
[-16.6725264  -16.42888349 -16.05613288 -15.5151471  -14.85354914
 -14.33834417 -13.83081456 -13.48850196 -13.07600039 -12.30459584
 -11.54511302 -10.79915027 -10.19548747  -9.8006491   -9.35095422
  -8.84306417  -7.93392267  -7.31225173  -6.45564649  -5.79537181
  -4.72582546  -3.78735834  -2.9835625   -1.80364951  -0.94154787]
Advants:
[-7.98668192 -7.7693347  -7.62938926 -7.52931769 -7.33220397 -7.27473957
 -7.23734934 -6.96157602 -6.6181681  -6.35116692 -6.10206489 -5.87784492
 -5.79153281 -5.52939572 -5.220462   -4.86032966 -4.5154104  -4.0384666
 -3.74523495 -3.25943215 -2.77813694 -2.4255997  -1.79338443 -1.21891724
 -0.54695511]
Mus:
[[0.26168966 0.28449368 0.24018049 0.21363623]
 [0.26213208 0.28531942 0.23953825 0.21301027]
 [0.26213208 0.28531942 0.23953825 0.21301027]
 [0.26168966 0.28449368 0.24018049 0.21363623]
 [0.26145628 0.28072163 0.24355027 0.2142718 ]
 [0.2609231  0.27987248 0.24427333 0.21493107]
 [0.26020825 0.27856544 0.24543029 0.21579607]
 [0.260012   0.28206024 0.24247386 0.21545391]
 [0.25992283 0.28558153 0.23953931 0.21495633]
 [0.260012   0.28206024 0.24247386 0.21545391]
 [0.26020825 0.27856544 0.24543029 0.21579607]
 [0.26097056 0.27460286 0.24770978 0.21671683]
 [0.2602806  0.27327022 0.24897115 0.21747795]
 [0.26097056 0.27460286 0.24770978 0.21671683]
 [0.26139328 0.27560148 0.24711154 0.21589369]
 [0.261404   0.2761095  0.24711935 0.2153671 ]
 [0.26159337 0.27103916 0.25024092 0.2171265 ]
 [0.261404   0.2761095  0.24711935 0.2153671 ]
 [0.26139328 0.27560148 0.24711154 0.21589369]
 [0.261404   0.2761095  0.24711935 0.2153671 ]
 [0.26159337 0.27103916 0.25024092 0.2171265 ]
 [0.26190236 0.27079847 0.2499197  0.21737947]
 [0.26139328 0.27560148 0.24711154 0.21589369]
 [0.26190236 0.27079847 0.2499197  0.21737947]
 [0.26159337 0.27103916 0.25024092 0.2171265 ]]
Actions:
[[1. 0. 0. 0.]
 [0. 1. 0. 0.]
 [0. 0. 1. 0.]
 [0. 0. 0. 1.]
 [0. 0. 1. 0.]
 [0. 0. 1. 0.]
 [0. 1. 0. 0.]
 [0. 1. 0. 0.]
 [0. 0. 0. 1.]
 [0. 0. 0. 1.]
 [0. 0. 0. 1.]
 [0. 0. 1. 0.]
 [1. 0. 0. 0.]
 [1. 0. 0. 0.]
 [1. 0. 0. 0.]
 [0. 0. 0. 1.]
 [0. 1. 0. 0.]
 [0. 0. 1. 0.]
 [1. 0. 0. 0.]
 [0. 0. 0. 1.]
 [0. 0. 1. 0.]
 [0. 1. 0. 0.]
 [0. 0. 0. 1.]
 [1. 0. 0. 0.]
 [1. 0. 0. 0.]]
States:
[[0.9 0.4]
 [1.  0.4]
 [1.  0.4]
 [0.9 0.4]
 [0.9 0.3]
 [0.8 0.3]
 [0.7 0.3]
 [0.7 0.4]
 [0.7 0.5]
 [0.7 0.4]
 [0.7 0.3]
 [0.7 0.2]
 [0.6 0.2]
 [0.7 0.2]
 [0.8 0.2]
 [0.9 0.2]
 [0.9 0.1]
 [0.9 0.2]
 [0.8 0.2]
 [0.9 0.2]
 [0.9 0.1]
 [0.8 0.1]
 [0.8 0.2]
 [0.8 0.1]
 [0.9 0.1]]
Logstds:
[[0. 0. 0. 0.]
 [0. 0. 0. 0.]
 [0. 0. 0. 0.]
 [0. 0. 0. 0.]
 [0. 0. 0. 0.]
 [0. 0. 0. 0.]
 [0. 0. 0. 0.]
 [0. 0. 0. 0.]
 [0. 0. 0. 0.]
 [0. 0. 0. 0.]
 [0. 0. 0. 0.]
 [0. 0. 0. 0.]
 [0. 0. 0. 0.]
 [0. 0. 0. 0.]
 [0. 0. 0. 0.]
 [0. 0. 0. 0.]
 [0. 0. 0. 0.]
 [0. 0. 0. 0.]
 [0. 0. 0. 0.]
 [0. 0. 0. 0.]
 [0. 0. 0. 0.]
 [0. 0. 0. 0.]
 [0. 0. 0. 0.]
 [0. 0. 0. 0.]
 [0. 0. 0. 0.]]
