Baseline:
[ -8.24837    -8.520117   -8.795154   -8.795154   -9.11033    -8.795154
  -9.072178   -9.072178   -9.072178   -9.354646   -9.672684   -9.3863735
  -9.672684   -9.9938345 -10.31941   -10.649754  -10.980713  -10.649754
 -10.939712  -10.608694  -10.939712  -11.230905  -11.564144  -11.230905
 -10.899051  -10.899051 ]
Returns:
[-13.26363052 -13.33025903 -13.3806745  -12.91865163 -12.86667935
 -12.31316546 -12.289073   -11.73650266 -11.15484966 -11.04769438
 -10.85761578 -10.34567527 -10.15247274  -9.86223272  -9.50154377
  -9.06435196  -8.54676037  -7.44417297  -6.94951571  -5.7936735
  -5.13735016  -4.49981428  -3.69323098  -2.27563506  -0.84414613]
Advants:
[-6.08489945 -6.11966912 -6.14842284 -5.94706918 -5.85144239 -5.90038357
 -5.90170676 -5.66025015 -5.39822453 -5.34340633 -5.18290027 -5.32751433
 -5.23495653 -5.02457494 -4.75225557 -4.41019069 -3.99711153 -3.67418603
 -3.3522302  -3.00396764 -2.50325006 -2.07387469 -1.44069114 -0.87259715
 -0.29919338]
Mus:
[[0.25277823 0.26619062 0.2601554  0.22087568]
 [0.25402623 0.2659497  0.25912005 0.22090395]
 [0.25518367 0.26627228 0.257706   0.22083811]
 [0.25518367 0.26627228 0.257706   0.22083811]
 [0.25560227 0.26847625 0.255111   0.22081047]
 [0.25518367 0.26627228 0.257706   0.22083811]
 [0.25660288 0.26619866 0.25651392 0.22068462]
 [0.25660288 0.26619866 0.25651392 0.22068462]
 [0.25660288 0.26619866 0.25651392 0.22068462]
 [0.25815555 0.26586536 0.25557297 0.22040607]
 [0.25818747 0.26841703 0.25346765 0.21992788]
 [0.2568896  0.2685498  0.25433213 0.22022846]
 [0.25818747 0.26841703 0.25346765 0.21992788]
 [0.25845334 0.27101848 0.25122532 0.21930292]
 [0.25798878 0.27386254 0.2495488  0.21859986]
 [0.2583469  0.2762402  0.24751526 0.21789771]
 [0.25882447 0.2787865  0.24464741 0.21774161]
 [0.2583469  0.2762402  0.24751526 0.21789771]
 [0.25890708 0.27817583 0.24605037 0.21686669]
 [0.25866643 0.2754603  0.24826841 0.2176048 ]
 [0.25890708 0.27817583 0.24605037 0.21686669]
 [0.25948626 0.28070253 0.24371035 0.21610075]
 [0.25983584 0.28368637 0.24090892 0.21556887]
 [0.25948626 0.28070253 0.24371035 0.21610075]
 [0.25950196 0.2771861  0.24672976 0.21658213]]
Actions:
[[1. 0. 0. 0.]
 [1. 0. 0. 0.]
 [0. 0. 0. 1.]
 [0. 1. 0. 0.]
 [0. 0. 0. 1.]
 [1. 0. 0. 0.]
 [0. 0. 0. 1.]
 [0. 0. 0. 1.]
 [1. 0. 0. 0.]
 [0. 1. 0. 0.]
 [0. 0. 1. 0.]
 [1. 0. 0. 0.]
 [0. 1. 0. 0.]
 [0. 1. 0. 0.]
 [0. 1. 0. 0.]
 [0. 1. 0. 0.]
 [0. 0. 0. 1.]
 [1. 0. 0. 0.]
 [0. 0. 0. 1.]
 [0. 1. 0. 0.]
 [1. 0. 0. 0.]
 [0. 1. 0. 0.]
 [0. 0. 0. 1.]
 [0. 0. 0. 1.]
 [1. 0. 0. 0.]]
States:
[[0.  0. ]
 [0.1 0. ]
 [0.2 0. ]
 [0.2 0. ]
 [0.2 0.1]
 [0.2 0. ]
 [0.3 0. ]
 [0.3 0. ]
 [0.3 0. ]
 [0.4 0. ]
 [0.4 0.1]
 [0.3 0.1]
 [0.4 0.1]
 [0.4 0.2]
 [0.4 0.3]
 [0.4 0.4]
 [0.4 0.5]
 [0.4 0.4]
 [0.5 0.4]
 [0.5 0.3]
 [0.5 0.4]
 [0.6 0.4]
 [0.6 0.5]
 [0.6 0.4]
 [0.6 0.3]]
Logstds:
[[0. 0. 0. 0.]
 [0. 0. 0. 0.]
 [0. 0. 0. 0.]
 [0. 0. 0. 0.]
 [0. 0. 0. 0.]
 [0. 0. 0. 0.]
 [0. 0. 0. 0.]
 [0. 0. 0. 0.]
 [0. 0. 0. 0.]
 [0. 0. 0. 0.]
 [0. 0. 0. 0.]
 [0. 0. 0. 0.]
 [0. 0. 0. 0.]
 [0. 0. 0. 0.]
 [0. 0. 0. 0.]
 [0. 0. 0. 0.]
 [0. 0. 0. 0.]
 [0. 0. 0. 0.]
 [0. 0. 0. 0.]
 [0. 0. 0. 0.]
 [0. 0. 0. 0.]
 [0. 0. 0. 0.]
 [0. 0. 0. 0.]
 [0. 0. 0. 0.]
 [0. 0. 0. 0.]]
