Baseline:
[1.0621285 1.1046951 1.0817512 1.1256403 1.1484909 1.1936996 1.1936996
 1.2154832 1.237015  1.1908542 1.2110181 1.1908542 1.1467136 1.1052802
 1.1301606 1.0905718 1.1301606 1.1301606 1.1052802 1.0663658 1.0905718
 1.0905718 1.1301606 1.1688545 1.1467136 1.1467136]
Returns:
[-3.13926258 -3.0676601  -3.04779618 -2.97039803 -2.92058125 -2.80996602
 -2.6801879  -2.58747536 -2.47602444 -2.38728002 -2.26561487 -2.14664572
 -2.05616442 -1.97697706 -1.86058529 -1.77477092 -1.60637787 -1.45634792
 -1.32237005 -1.22089825 -1.07890165 -0.91613933 -0.70255514 -0.46292251
 -0.2631892 ]
Advants:
[-2.95883707 -2.95299332 -2.93402953 -2.92535918 -2.92451375 -2.88543019
 -2.78020368 -2.73372409 -2.66755614 -2.55425298 -2.47305486 -2.35165139
 -2.23210587 -2.12411526 -2.04347972 -1.92600044 -1.80181144 -1.65214979
 -1.4887781  -1.33915225 -1.20769169 -1.0250611  -0.82412361 -0.58773309
 -0.32052493]
Mus:
[[0.2689665  0.279596   0.2607683  0.19066921]
 [0.26765636 0.28250727 0.25977683 0.19005963]
 [0.26445377 0.28340918 0.26194772 0.19018933]
 [0.26390362 0.28572625 0.26089567 0.18947445]
 [0.26682475 0.28523836 0.25864798 0.18928894]
 [0.26617014 0.28751493 0.25787565 0.18843928]
 [0.26617014 0.28751493 0.25787565 0.18843928]
 [0.26870295 0.2868224  0.25630587 0.18816872]
 [0.2706434  0.28583634 0.2552865  0.18823378]
 [0.27166337 0.28295982 0.255776   0.18960084]
 [0.27305228 0.28239107 0.25450468 0.19005197]
 [0.27166337 0.28295982 0.255776   0.18960084]
 [0.2725661  0.28009844 0.25645533 0.1908801 ]
 [0.27310598 0.2775488  0.25723097 0.19211432]
 [0.27471393 0.27707157 0.25590095 0.19231355]
 [0.27496335 0.27492574 0.2571114  0.19299944]
 [0.27471393 0.27707157 0.25590095 0.19231355]
 [0.27471393 0.27707157 0.25590095 0.19231355]
 [0.27310598 0.2775488  0.25723097 0.19211432]
 [0.27345335 0.27544153 0.25820687 0.19289829]
 [0.27496335 0.27492574 0.2571114  0.19299944]
 [0.27496335 0.27492574 0.2571114  0.19299944]
 [0.27471393 0.27707157 0.25590095 0.19231355]
 [0.27422976 0.27943453 0.254839   0.19149671]
 [0.2725661  0.28009844 0.25645533 0.1908801 ]]
Actions:
[[0. 1. 0. 0.]
 [0. 0. 1. 0.]
 [0. 1. 0. 0.]
 [1. 0. 0. 0.]
 [0. 1. 0. 0.]
 [0. 1. 0. 0.]
 [1. 0. 0. 0.]
 [1. 0. 0. 0.]
 [0. 0. 0. 1.]
 [1. 0. 0. 0.]
 [0. 0. 1. 0.]
 [0. 0. 0. 1.]
 [0. 0. 0. 1.]
 [1. 0. 0. 0.]
 [0. 0. 0. 1.]
 [0. 1. 0. 0.]
 [1. 0. 0. 0.]
 [0. 0. 1. 0.]
 [0. 0. 0. 1.]
 [1. 0. 0. 0.]
 [1. 0. 0. 0.]
 [0. 1. 0. 0.]
 [0. 1. 0. 0.]
 [0. 0. 1. 0.]
 [0. 1. 0. 0.]]
States:
[[0.7 0.7]
 [0.7 0.8]
 [0.6 0.8]
 [0.6 0.9]
 [0.7 0.9]
 [0.7 1. ]
 [0.7 1. ]
 [0.8 1. ]
 [0.9 1. ]
 [0.9 0.9]
 [1.  0.9]
 [0.9 0.9]
 [0.9 0.8]
 [0.9 0.7]
 [1.  0.7]
 [1.  0.6]
 [1.  0.7]
 [1.  0.7]
 [0.9 0.7]
 [0.9 0.6]
 [1.  0.6]
 [1.  0.6]
 [1.  0.7]
 [1.  0.8]
 [0.9 0.8]]
Logstds:
[[0. 0. 0. 0.]
 [0. 0. 0. 0.]
 [0. 0. 0. 0.]
 [0. 0. 0. 0.]
 [0. 0. 0. 0.]
 [0. 0. 0. 0.]
 [0. 0. 0. 0.]
 [0. 0. 0. 0.]
 [0. 0. 0. 0.]
 [0. 0. 0. 0.]
 [0. 0. 0. 0.]
 [0. 0. 0. 0.]
 [0. 0. 0. 0.]
 [0. 0. 0. 0.]
 [0. 0. 0. 0.]
 [0. 0. 0. 0.]
 [0. 0. 0. 0.]
 [0. 0. 0. 0.]
 [0. 0. 0. 0.]
 [0. 0. 0. 0.]
 [0. 0. 0. 0.]
 [0. 0. 0. 0.]
 [0. 0. 0. 0.]
 [0. 0. 0. 0.]
 [0. 0. 0. 0.]]
