Baseline:
[-0.17920549 -0.17659383 -0.18107401 -0.18555433 -0.18555433 -0.17922609
 -0.17922609 -0.17470935 -0.17922609 -0.17470935 -0.16926412 -0.17659383
 -0.16926412 -0.16381887 -0.16381887 -0.16381887 -0.17211352 -0.16381887
 -0.17211352 -0.16748486 -0.17211352 -0.16381887 -0.17211352 -0.17659383
 -0.17920549 -0.17920549]
Returns:
[-9.00377563 -8.80209286 -8.61668117 -8.39007222 -8.11869457 -7.83054788
 -7.55415384 -7.2239619  -6.95110774 -6.58917653 -6.24059639 -5.96890547
 -5.6345463  -5.26841241 -4.95873583 -4.63276048 -4.30535676 -3.9161277
 -3.55100646 -3.08569309 -2.66091155 -2.18513274 -1.72890651 -1.20212768
 -0.64178741]
Advants:
[-6.87270107 -6.77412372 -6.68741346 -6.56114845 -6.39513161 -6.21893333
 -6.0486087  -5.82796621 -5.65599696 -5.40190898 -5.16029018 -4.98280413
 -4.75584433 -4.49259474 -4.27908015 -4.04737685 -3.80359881 -3.51063375
 -3.22113207 -2.83726204 -2.47792945 -2.07203433 -1.65998241 -1.16923126
 -0.63282716]
Mus:
[[0.25630412 0.2866494  0.23789486 0.21915166]
 [0.25568086 0.28524476 0.23822485 0.22084953]
 [0.25544986 0.28817207 0.23637344 0.22000466]
 [0.2549495  0.29121298 0.23503207 0.21880545]
 [0.2549495  0.29121298 0.23503207 0.21880545]
 [0.25450787 0.29069108 0.2352045  0.21959655]
 [0.25450787 0.29069108 0.2352045  0.21959655]
 [0.25500414 0.28770223 0.23664138 0.22065221]
 [0.25450787 0.29069108 0.2352045  0.21959655]
 [0.25500414 0.28770223 0.23664138 0.22065221]
 [0.25529966 0.28516638 0.23828538 0.22124866]
 [0.25568086 0.28524476 0.23822485 0.22084953]
 [0.25529966 0.28516638 0.23828538 0.22124866]
 [0.2553593  0.28294805 0.23984177 0.22185096]
 [0.2553593  0.28294805 0.23984177 0.22185096]
 [0.2553593  0.28294805 0.23984177 0.22185096]
 [0.25595528 0.2827253  0.24014407 0.22117534]
 [0.2553593  0.28294805 0.23984177 0.22185096]
 [0.25595528 0.2827253  0.24014407 0.22117534]
 [0.25631383 0.28038588 0.24212594 0.22117443]
 [0.25595528 0.2827253  0.24014407 0.22117534]
 [0.2553593  0.28294805 0.23984177 0.22185096]
 [0.25595528 0.2827253  0.24014407 0.22117534]
 [0.25568086 0.28524476 0.23822485 0.22084953]
 [0.25630412 0.2866494  0.23789486 0.21915166]]
Actions:
[[0. 0. 1. 0.]
 [0. 1. 0. 0.]
 [0. 1. 0. 0.]
 [0. 1. 0. 0.]
 [0. 0. 1. 0.]
 [0. 0. 1. 0.]
 [0. 0. 0. 1.]
 [0. 1. 0. 0.]
 [0. 0. 0. 1.]
 [0. 0. 0. 1.]
 [1. 0. 0. 0.]
 [0. 0. 1. 0.]
 [0. 0. 0. 1.]
 [0. 0. 1. 0.]
 [0. 0. 1. 0.]
 [1. 0. 0. 0.]
 [0. 0. 1. 0.]
 [1. 0. 0. 0.]
 [0. 0. 0. 1.]
 [0. 1. 0. 0.]
 [0. 0. 1. 0.]
 [1. 0. 0. 0.]
 [0. 1. 0. 0.]
 [1. 0. 0. 0.]
 [0. 0. 1. 0.]]
States:
[[0.2 0.8]
 [0.1 0.8]
 [0.1 0.9]
 [0.1 1. ]
 [0.1 1. ]
 [0.  1. ]
 [0.  1. ]
 [0.  0.9]
 [0.  1. ]
 [0.  0.9]
 [0.  0.8]
 [0.1 0.8]
 [0.  0.8]
 [0.  0.7]
 [0.  0.7]
 [0.  0.7]
 [0.1 0.7]
 [0.  0.7]
 [0.1 0.7]
 [0.1 0.6]
 [0.1 0.7]
 [0.  0.7]
 [0.1 0.7]
 [0.1 0.8]
 [0.2 0.8]]
Logstds:
[[0. 0. 0. 0.]
 [0. 0. 0. 0.]
 [0. 0. 0. 0.]
 [0. 0. 0. 0.]
 [0. 0. 0. 0.]
 [0. 0. 0. 0.]
 [0. 0. 0. 0.]
 [0. 0. 0. 0.]
 [0. 0. 0. 0.]
 [0. 0. 0. 0.]
 [0. 0. 0. 0.]
 [0. 0. 0. 0.]
 [0. 0. 0. 0.]
 [0. 0. 0. 0.]
 [0. 0. 0. 0.]
 [0. 0. 0. 0.]
 [0. 0. 0. 0.]
 [0. 0. 0. 0.]
 [0. 0. 0. 0.]
 [0. 0. 0. 0.]
 [0. 0. 0. 0.]
 [0. 0. 0. 0.]
 [0. 0. 0. 0.]
 [0. 0. 0. 0.]
 [0. 0. 0. 0.]]
