Baseline:
[-10.63299  -10.953824 -10.63299  -10.953824 -11.234755 -11.557094
 -11.234755 -11.557094 -11.836968 -11.557094 -11.882398 -12.211155
 -11.944624 -12.211155 -12.486626 -12.486626 -12.160957 -12.160957
 -11.836968 -11.516164 -11.836968 -11.557094 -11.882398 -11.557094
 -11.279161 -11.279161]
Returns:
[-17.99616231 -17.8784284  -17.27125387 -17.11536689 -17.01394735
 -16.75771774 -16.0007123  -15.69115453 -15.4457507  -14.76601473
 -14.32713324 -13.80092741 -12.93891192 -12.45801148 -11.93344189
 -11.19017276  -9.99249668  -9.37501501  -8.14056521  -6.90036252
  -6.08721535  -4.9149249   -3.957565    -2.4676154   -1.1321013 ]
Advants:
[-8.08967603 -7.92716045 -7.93153201 -7.75554459 -7.68772124 -7.43257952
 -7.3354481  -7.05029723 -6.8850561  -6.86353722 -6.48628873 -6.02478206
 -5.83785484 -5.51066808 -5.14192865 -4.84371442 -4.42770513 -4.28597003
 -3.8636232  -3.44548669 -2.82042598 -2.45265266 -1.69965329 -1.07377275
 -0.56814289]
Mus:
[[0.25720176 0.2809932  0.24223013 0.21957496]
 [0.25680903 0.28386763 0.23996964 0.2193537 ]
 [0.25720176 0.2809932  0.24223013 0.21957496]
 [0.25680903 0.28386763 0.23996964 0.2193537 ]
 [0.25779495 0.28501284 0.23922966 0.21796256]
 [0.25715348 0.28821462 0.23720406 0.21742778]
 [0.25779495 0.28501284 0.23922966 0.21796256]
 [0.25715348 0.28821462 0.23720406 0.21742778]
 [0.25784215 0.28955188 0.2363831  0.2162229 ]
 [0.25715348 0.28821462 0.23720406 0.21742778]
 [0.25637874 0.29151708 0.23519515 0.21690899]
 [0.25585172 0.29473436 0.23327602 0.21613789]
 [0.2554632  0.2928517  0.23413143 0.21755369]
 [0.25585172 0.29473436 0.23327602 0.21613789]
 [0.256633   0.29624987 0.23218006 0.214937  ]
 [0.256633   0.29624987 0.23218006 0.214937  ]
 [0.25704822 0.29309538 0.23421931 0.21563706]
 [0.25704822 0.29309538 0.23421931 0.21563706]
 [0.25784215 0.28955188 0.2363831  0.2162229 ]
 [0.25835806 0.28588936 0.23878953 0.2169631 ]
 [0.25784215 0.28955188 0.2363831  0.2162229 ]
 [0.25715348 0.28821462 0.23720406 0.21742778]
 [0.25637874 0.29151708 0.23519515 0.21690899]
 [0.25715348 0.28821462 0.23720406 0.21742778]
 [0.25630412 0.2866494  0.23789486 0.21915166]]
Actions:
[[0. 1. 0. 0.]
 [0. 0. 0. 1.]
 [0. 1. 0. 0.]
 [1. 0. 0. 0.]
 [0. 1. 0. 0.]
 [0. 0. 0. 1.]
 [0. 1. 0. 0.]
 [1. 0. 0. 0.]
 [0. 0. 1. 0.]
 [0. 1. 0. 0.]
 [0. 1. 0. 0.]
 [0. 0. 1. 0.]
 [1. 0. 0. 0.]
 [1. 0. 0. 0.]
 [0. 1. 0. 0.]
 [0. 0. 0. 1.]
 [1. 0. 0. 0.]
 [0. 0. 0. 1.]
 [0. 0. 0. 1.]
 [0. 1. 0. 0.]
 [0. 0. 1. 0.]
 [0. 1. 0. 0.]
 [0. 0. 0. 1.]
 [0. 0. 1. 0.]
 [0. 1. 0. 0.]]
States:
[[0.2 0.6]
 [0.2 0.7]
 [0.2 0.6]
 [0.2 0.7]
 [0.3 0.7]
 [0.3 0.8]
 [0.3 0.7]
 [0.3 0.8]
 [0.4 0.8]
 [0.3 0.8]
 [0.3 0.9]
 [0.3 1. ]
 [0.2 1. ]
 [0.3 1. ]
 [0.4 1. ]
 [0.4 1. ]
 [0.4 0.9]
 [0.4 0.9]
 [0.4 0.8]
 [0.4 0.7]
 [0.4 0.8]
 [0.3 0.8]
 [0.3 0.9]
 [0.3 0.8]
 [0.2 0.8]]
Logstds:
[[0. 0. 0. 0.]
 [0. 0. 0. 0.]
 [0. 0. 0. 0.]
 [0. 0. 0. 0.]
 [0. 0. 0. 0.]
 [0. 0. 0. 0.]
 [0. 0. 0. 0.]
 [0. 0. 0. 0.]
 [0. 0. 0. 0.]
 [0. 0. 0. 0.]
 [0. 0. 0. 0.]
 [0. 0. 0. 0.]
 [0. 0. 0. 0.]
 [0. 0. 0. 0.]
 [0. 0. 0. 0.]
 [0. 0. 0. 0.]
 [0. 0. 0. 0.]
 [0. 0. 0. 0.]
 [0. 0. 0. 0.]
 [0. 0. 0. 0.]
 [0. 0. 0. 0.]
 [0. 0. 0. 0.]
 [0. 0. 0. 0.]
 [0. 0. 0. 0.]
 [0. 0. 0. 0.]]
