Baseline:
[-8.14431   -7.946825  -8.169942  -7.975309  -7.781863  -7.781863
 -8.009627  -8.241698  -8.241698  -8.431708  -8.431708  -8.201089
 -7.975309  -7.781863  -7.781863  -7.975309  -8.169942  -7.946825
 -8.169942  -7.946825  -7.7279415 -7.7279415 -7.52975   -7.7279415
 -7.927345  -7.927345 ]
Returns:
[-22.05534159 -21.57763342 -21.12007886 -20.58171529 -20.0591211
 -19.55268781 -19.02290588 -18.41225366 -17.70202767 -17.0851046
 -16.27668897 -15.35511962 -14.44108327 -13.59529792 -12.74866341
 -11.97064323 -11.1080351   -9.98319301  -8.91540474  -7.67516105
  -6.42487042  -5.16447461  -3.89666194  -2.70582971  -1.40886366]
Advants:
[-12.38342663 -12.3946427  -12.00918534 -11.975187   -11.97197633
 -11.80358309 -11.38944511 -10.89332009 -10.53725257 -10.08969021
  -9.64625581  -9.3300099   -9.02709139  -8.77274073  -8.33181358
  -7.77057119  -7.12580063  -6.64379466  -5.76843869  -5.17080286
  -4.56272337  -3.72273596  -3.0762559   -2.10345999  -1.01249647]
Mus:
[[0.27310598 0.2775488  0.25723097 0.19211432]
 [0.27150512 0.2785818  0.2586924  0.19122064]
 [0.27068874 0.28129444 0.25799772 0.1900191 ]
 [0.26765636 0.28250727 0.25977683 0.19005963]
 [0.26445377 0.28340918 0.26194772 0.19018933]
 [0.26445377 0.28340918 0.26194772 0.19018933]
 [0.26390362 0.28572625 0.26089567 0.18947445]
 [0.26350024 0.28802702 0.25979838 0.18867433]
 [0.26350024 0.28802702 0.25979838 0.18867433]
 [0.26617014 0.28751493 0.25787565 0.18843928]
 [0.26617014 0.28751493 0.25787565 0.18843928]
 [0.26682475 0.28523836 0.25864798 0.18928894]
 [0.26765636 0.28250727 0.25977683 0.19005963]
 [0.26445377 0.28340918 0.26194772 0.19018933]
 [0.26445377 0.28340918 0.26194772 0.19018933]
 [0.26765636 0.28250727 0.25977683 0.19005963]
 [0.27068874 0.28129444 0.25799772 0.1900191 ]
 [0.27150512 0.2785818  0.2586924  0.19122064]
 [0.27068874 0.28129444 0.25799772 0.1900191 ]
 [0.27150512 0.2785818  0.2586924  0.19122064]
 [0.2718355  0.27606794 0.2596092  0.1924874 ]
 [0.2718355  0.27606794 0.2596092  0.1924874 ]
 [0.26911014 0.2769358  0.26196045 0.19199364]
 [0.2718355  0.27606794 0.2596092  0.1924874 ]
 [0.27345335 0.27544153 0.25820687 0.19289829]]
Actions:
[[0. 0. 1. 0.]
 [0. 1. 0. 0.]
 [0. 0. 1. 0.]
 [0. 0. 1. 0.]
 [0. 0. 1. 0.]
 [0. 1. 0. 0.]
 [0. 1. 0. 0.]
 [0. 0. 1. 0.]
 [1. 0. 0. 0.]
 [0. 1. 0. 0.]
 [0. 0. 0. 1.]
 [0. 0. 0. 1.]
 [0. 0. 1. 0.]
 [0. 0. 1. 0.]
 [1. 0. 0. 0.]
 [1. 0. 0. 0.]
 [0. 0. 0. 1.]
 [0. 1. 0. 0.]
 [0. 0. 0. 1.]
 [0. 0. 0. 1.]
 [0. 0. 0. 1.]
 [0. 0. 1. 0.]
 [1. 0. 0. 0.]
 [1. 0. 0. 0.]
 [1. 0. 0. 0.]]
States:
[[0.9 0.7]
 [0.8 0.7]
 [0.8 0.8]
 [0.7 0.8]
 [0.6 0.8]
 [0.6 0.8]
 [0.6 0.9]
 [0.6 1. ]
 [0.6 1. ]
 [0.7 1. ]
 [0.7 1. ]
 [0.7 0.9]
 [0.7 0.8]
 [0.6 0.8]
 [0.6 0.8]
 [0.7 0.8]
 [0.8 0.8]
 [0.8 0.7]
 [0.8 0.8]
 [0.8 0.7]
 [0.8 0.6]
 [0.8 0.6]
 [0.7 0.6]
 [0.8 0.6]
 [0.9 0.6]]
Logstds:
[[0. 0. 0. 0.]
 [0. 0. 0. 0.]
 [0. 0. 0. 0.]
 [0. 0. 0. 0.]
 [0. 0. 0. 0.]
 [0. 0. 0. 0.]
 [0. 0. 0. 0.]
 [0. 0. 0. 0.]
 [0. 0. 0. 0.]
 [0. 0. 0. 0.]
 [0. 0. 0. 0.]
 [0. 0. 0. 0.]
 [0. 0. 0. 0.]
 [0. 0. 0. 0.]
 [0. 0. 0. 0.]
 [0. 0. 0. 0.]
 [0. 0. 0. 0.]
 [0. 0. 0. 0.]
 [0. 0. 0. 0.]
 [0. 0. 0. 0.]
 [0. 0. 0. 0.]
 [0. 0. 0. 0.]
 [0. 0. 0. 0.]
 [0. 0. 0. 0.]
 [0. 0. 0. 0.]]
