Baseline:
[ -9.569428  -9.854476  -9.854476  -9.854476  -9.569428  -9.569428
  -9.893894  -9.615635  -9.338425  -9.665708  -9.389868  -9.063686
  -9.338425  -9.01285   -9.01285   -9.338425  -9.063686  -9.338425
  -9.615635  -9.290213  -9.615635  -9.893894  -9.615635  -9.943089
 -10.226902 -10.226902]
Returns:
[-13.79972491 -13.51238486 -13.12625104 -12.71979438 -12.51995506
 -12.13287205 -11.60554228 -11.32879474 -11.08987585 -10.52502108
 -10.21254408  -9.69179517  -9.27259715  -8.73619464  -8.2497934
  -7.60536858  -7.21969275  -6.67038407  -6.0408839   -5.28642868
  -4.44210001  -3.64433147  -2.94857284  -1.91258602  -0.91647881]
Advants:
[-5.38856951 -5.0279828  -4.85975055 -4.67718706 -5.00799697 -4.87546609
 -4.27356284 -4.54630097 -4.88010939 -4.281071   -4.56136816 -4.70471518
 -4.35601835 -4.51331912 -4.41136323 -3.82855851 -4.13436866 -3.73708562
 -3.26545049 -3.29528682 -2.58731653 -1.9791283  -2.05640998 -1.18773089
 -0.4051342 ]
Mus:
[[0.2528523  0.26022097 0.28171742 0.20520934]
 [0.25659248 0.26101372 0.27890578 0.20348805]
 [0.25659248 0.26101372 0.27890578 0.20348805]
 [0.25659248 0.26101372 0.27890578 0.20348805]
 [0.2528523  0.26022097 0.28171742 0.20520934]
 [0.2528523  0.26022097 0.28171742 0.20520934]
 [0.25334868 0.26303935 0.2801229  0.20348899]
 [0.24854293 0.26212177 0.28331977 0.20601548]
 [0.2438608  0.26109055 0.28721163 0.207837  ]
 [0.24464242 0.26394394 0.28564692 0.20576672]
 [0.24081329 0.26245892 0.28949165 0.20723614]
 [0.2399224  0.26025698 0.29062265 0.20919794]
 [0.2438608  0.26109055 0.28721163 0.207837  ]
 [0.24324597 0.25935122 0.28816402 0.20923875]
 [0.24324597 0.25935122 0.28816402 0.20923875]
 [0.2438608  0.26109055 0.28721163 0.207837  ]
 [0.2399224  0.26025698 0.29062265 0.20919794]
 [0.2438608  0.26109055 0.28721163 0.207837  ]
 [0.24854293 0.26212177 0.28331977 0.20601548]
 [0.24808921 0.25947255 0.28498164 0.20745656]
 [0.24854293 0.26212177 0.28331977 0.20601548]
 [0.25334868 0.26303935 0.2801229  0.20348899]
 [0.24854293 0.26212177 0.28331977 0.20601548]
 [0.24881975 0.26536024 0.2818042  0.20401584]
 [0.25309172 0.26599646 0.27871954 0.20219229]]
Actions:
[[1. 0. 0. 0.]
 [0. 0. 0. 1.]
 [0. 0. 0. 1.]
 [0. 0. 1. 0.]
 [0. 0. 0. 1.]
 [0. 1. 0. 0.]
 [0. 0. 1. 0.]
 [0. 0. 1. 0.]
 [0. 1. 0. 0.]
 [0. 0. 1. 0.]
 [0. 0. 0. 1.]
 [1. 0. 0. 0.]
 [0. 0. 0. 1.]
 [0. 0. 0. 1.]
 [0. 1. 0. 0.]
 [0. 0. 1. 0.]
 [1. 0. 0. 0.]
 [1. 0. 0. 0.]
 [0. 0. 0. 1.]
 [0. 1. 0. 0.]
 [1. 0. 0. 0.]
 [0. 0. 1. 0.]
 [0. 1. 0. 0.]
 [1. 0. 0. 0.]
 [0. 0. 1. 0.]]
States:
[[0.3 0. ]
 [0.4 0. ]
 [0.4 0. ]
 [0.4 0. ]
 [0.3 0. ]
 [0.3 0. ]
 [0.3 0.1]
 [0.2 0.1]
 [0.1 0.1]
 [0.1 0.2]
 [0.  0.2]
 [0.  0.1]
 [0.1 0.1]
 [0.1 0. ]
 [0.1 0. ]
 [0.1 0.1]
 [0.  0.1]
 [0.1 0.1]
 [0.2 0.1]
 [0.2 0. ]
 [0.2 0.1]
 [0.3 0.1]
 [0.2 0.1]
 [0.2 0.2]
 [0.3 0.2]]
Logstds:
[[0. 0. 0. 0.]
 [0. 0. 0. 0.]
 [0. 0. 0. 0.]
 [0. 0. 0. 0.]
 [0. 0. 0. 0.]
 [0. 0. 0. 0.]
 [0. 0. 0. 0.]
 [0. 0. 0. 0.]
 [0. 0. 0. 0.]
 [0. 0. 0. 0.]
 [0. 0. 0. 0.]
 [0. 0. 0. 0.]
 [0. 0. 0. 0.]
 [0. 0. 0. 0.]
 [0. 0. 0. 0.]
 [0. 0. 0. 0.]
 [0. 0. 0. 0.]
 [0. 0. 0. 0.]
 [0. 0. 0. 0.]
 [0. 0. 0. 0.]
 [0. 0. 0. 0.]
 [0. 0. 0. 0.]
 [0. 0. 0. 0.]
 [0. 0. 0. 0.]
 [0. 0. 0. 0.]]
