Baseline:
[-10.707849 -11.053779 -11.053779 -11.336784 -11.053779 -10.707849
 -10.707849 -10.994105 -10.707849 -10.994105 -10.707849 -11.053779
 -10.707849 -11.053779 -11.336784 -11.686351 -11.336784 -11.053779
 -11.336784 -11.053779 -10.707849 -10.994105 -11.286112 -11.578661
 -11.286112 -11.286112]
Returns:
[-18.52959166 -18.0609231  -17.76491492 -17.39565415 -17.0167728
 -16.4481993  -15.93060459 -15.5243501  -15.13464243 -14.6864952
 -14.25268991 -13.55892126 -12.80835557 -12.03856933 -11.36792195
 -10.41985098  -9.38046422  -8.57973076  -7.72703924  -6.83928342
  -5.73505259  -4.7921901   -3.75495073  -2.61643004  -1.44423485]
Advants:
[-8.42455347 -7.87802211 -7.86376236 -7.49707285 -7.70813569 -7.81169286
 -7.63207875 -7.28492158 -7.55304566 -7.19915588 -7.45997383 -6.83127264
 -6.8601323  -6.18033229 -5.67023609 -4.81380693 -4.58144667 -4.5441355
 -3.89465629 -3.79883938 -3.56937456 -2.87612701 -2.08729115 -1.19840733
 -0.87992954]
Mus:
[[0.24515374 0.27291837 0.2831931  0.19873483]
 [0.24626715 0.27472165 0.2823628  0.19664836]
 [0.24626715 0.27472165 0.2823628  0.19664836]
 [0.24924172 0.27718598 0.2775636  0.19600873]
 [0.24626715 0.27472165 0.2823628  0.19664836]
 [0.24515374 0.27291837 0.2831931  0.19873483]
 [0.24515374 0.27291837 0.2831931  0.19873483]
 [0.24796636 0.27523673 0.2789434  0.19785348]
 [0.24515374 0.27291837 0.2831931  0.19873483]
 [0.24796636 0.27523673 0.2789434  0.19785348]
 [0.24515374 0.27291837 0.2831931  0.19873483]
 [0.24626715 0.27472165 0.2823628  0.19664836]
 [0.24515374 0.27291837 0.2831931  0.19873483]
 [0.24626715 0.27472165 0.2823628  0.19664836]
 [0.24924172 0.27718598 0.2775636  0.19600873]
 [0.25051224 0.2786596  0.2766165  0.19421163]
 [0.24924172 0.27718598 0.2775636  0.19600873]
 [0.24626715 0.27472165 0.2823628  0.19664836]
 [0.24924172 0.27718598 0.2775636  0.19600873]
 [0.24626715 0.27472165 0.2823628  0.19664836]
 [0.24515374 0.27291837 0.2831931  0.19873483]
 [0.24796636 0.27523673 0.2789434  0.19785348]
 [0.25020963 0.27651122 0.2760601  0.19721901]
 [0.2527682  0.27766064 0.27345628 0.19611494]
 [0.25020963 0.27651122 0.2760601  0.19721901]]
Actions:
[[0. 1. 0. 0.]
 [0. 0. 1. 0.]
 [1. 0. 0. 0.]
 [0. 0. 1. 0.]
 [0. 0. 0. 1.]
 [0. 0. 0. 1.]
 [1. 0. 0. 0.]
 [0. 0. 1. 0.]
 [1. 0. 0. 0.]
 [0. 0. 1. 0.]
 [0. 1. 0. 0.]
 [0. 0. 0. 1.]
 [0. 1. 0. 0.]
 [1. 0. 0. 0.]
 [0. 1. 0. 0.]
 [0. 0. 0. 1.]
 [0. 0. 1. 0.]
 [1. 0. 0. 0.]
 [0. 0. 1. 0.]
 [0. 0. 0. 1.]
 [1. 0. 0. 0.]
 [1. 0. 0. 0.]
 [1. 0. 0. 0.]
 [0. 0. 1. 0.]
 [0. 1. 0. 0.]]
States:
[[0.  0.6]
 [0.  0.7]
 [0.  0.7]
 [0.1 0.7]
 [0.  0.7]
 [0.  0.6]
 [0.  0.6]
 [0.1 0.6]
 [0.  0.6]
 [0.1 0.6]
 [0.  0.6]
 [0.  0.7]
 [0.  0.6]
 [0.  0.7]
 [0.1 0.7]
 [0.1 0.8]
 [0.1 0.7]
 [0.  0.7]
 [0.1 0.7]
 [0.  0.7]
 [0.  0.6]
 [0.1 0.6]
 [0.2 0.6]
 [0.3 0.6]
 [0.2 0.6]]
Logstds:
[[0. 0. 0. 0.]
 [0. 0. 0. 0.]
 [0. 0. 0. 0.]
 [0. 0. 0. 0.]
 [0. 0. 0. 0.]
 [0. 0. 0. 0.]
 [0. 0. 0. 0.]
 [0. 0. 0. 0.]
 [0. 0. 0. 0.]
 [0. 0. 0. 0.]
 [0. 0. 0. 0.]
 [0. 0. 0. 0.]
 [0. 0. 0. 0.]
 [0. 0. 0. 0.]
 [0. 0. 0. 0.]
 [0. 0. 0. 0.]
 [0. 0. 0. 0.]
 [0. 0. 0. 0.]
 [0. 0. 0. 0.]
 [0. 0. 0. 0.]
 [0. 0. 0. 0.]
 [0. 0. 0. 0.]
 [0. 0. 0. 0.]
 [0. 0. 0. 0.]
 [0. 0. 0. 0.]]
