Baseline:
[-3.771781  -3.8806334 -4.0063286 -3.89645   -4.0063286 -3.89645
 -3.771781  -3.6526937 -3.756055  -3.8806334 -3.756055  -3.6526937
 -3.555142  -3.6526937 -3.771781  -3.6526937 -3.555142  -3.555142
 -3.4630547 -3.555142  -3.6526937 -3.555142  -3.6526937 -3.756055
 -3.8658762 -3.8658762]
Returns:
[-11.53602558 -11.37986353 -11.15585085 -10.78000799 -10.54420462
 -10.13616985  -9.65075656  -9.19093818  -8.95020724  -8.64054097
  -8.08873599  -7.64975045  -7.22764251  -6.91641441  -6.53463229
  -5.91080737  -5.39717611  -4.80325959  -4.27113279  -3.83725219
  -3.3475825   -2.69904467  -2.14946931  -1.53813475  -0.85947645]
Advants:
[-6.84694477 -6.735723   -6.5420935  -6.43727756 -6.25578036 -6.12657421
 -5.93801528 -5.77359948 -5.6102004  -5.35861137 -5.11638693 -4.97114488
 -4.84315115 -4.63503576 -4.33643397 -4.03558395 -3.82789241 -3.44174707
 -3.21356874 -2.90124292 -2.52770181 -2.19155802 -1.75756086 -1.2520467
 -0.66618252]
Mus:
[[0.25560227 0.26847625 0.255111   0.22081047]
 [0.2568896  0.2685498  0.25433213 0.22022846]
 [0.2570938  0.27074558 0.25239378 0.2197668 ]
 [0.25605038 0.27073014 0.2528868  0.22033265]
 [0.2570938  0.27074558 0.25239378 0.2197668 ]
 [0.25605038 0.27073014 0.2528868  0.22033265]
 [0.25560227 0.26847625 0.255111   0.22081047]
 [0.25518367 0.26627228 0.257706   0.22083811]
 [0.25660288 0.26619866 0.25651392 0.22068462]
 [0.2568896  0.2685498  0.25433213 0.22022846]
 [0.25660288 0.26619866 0.25651392 0.22068462]
 [0.25518367 0.26627228 0.257706   0.22083811]
 [0.25402623 0.2659497  0.25912005 0.22090395]
 [0.25518367 0.26627228 0.257706   0.22083811]
 [0.25560227 0.26847625 0.255111   0.22081047]
 [0.25518367 0.26627228 0.257706   0.22083811]
 [0.25402623 0.2659497  0.25912005 0.22090395]
 [0.25402623 0.2659497  0.25912005 0.22090395]
 [0.25277823 0.26619062 0.2601554  0.22087568]
 [0.25402623 0.2659497  0.25912005 0.22090395]
 [0.25518367 0.26627228 0.257706   0.22083811]
 [0.25402623 0.2659497  0.25912005 0.22090395]
 [0.25518367 0.26627228 0.257706   0.22083811]
 [0.25660288 0.26619866 0.25651392 0.22068462]
 [0.25815555 0.26586536 0.25557297 0.22040607]]
Actions:
[[1. 0. 0. 0.]
 [0. 1. 0. 0.]
 [0. 0. 1. 0.]
 [1. 0. 0. 0.]
 [0. 0. 1. 0.]
 [0. 0. 0. 1.]
 [0. 0. 0. 1.]
 [1. 0. 0. 0.]
 [0. 1. 0. 0.]
 [0. 0. 0. 1.]
 [0. 0. 1. 0.]
 [0. 0. 1. 0.]
 [1. 0. 0. 0.]
 [0. 1. 0. 0.]
 [0. 0. 0. 1.]
 [0. 0. 1. 0.]
 [0. 0. 0. 1.]
 [0. 0. 1. 0.]
 [1. 0. 0. 0.]
 [1. 0. 0. 0.]
 [0. 0. 1. 0.]
 [1. 0. 0. 0.]
 [1. 0. 0. 0.]
 [1. 0. 0. 0.]
 [0. 0. 1. 0.]]
States:
[[0.2 0.1]
 [0.3 0.1]
 [0.3 0.2]
 [0.2 0.2]
 [0.3 0.2]
 [0.2 0.2]
 [0.2 0.1]
 [0.2 0. ]
 [0.3 0. ]
 [0.3 0.1]
 [0.3 0. ]
 [0.2 0. ]
 [0.1 0. ]
 [0.2 0. ]
 [0.2 0.1]
 [0.2 0. ]
 [0.1 0. ]
 [0.1 0. ]
 [0.  0. ]
 [0.1 0. ]
 [0.2 0. ]
 [0.1 0. ]
 [0.2 0. ]
 [0.3 0. ]
 [0.4 0. ]]
Logstds:
[[0. 0. 0. 0.]
 [0. 0. 0. 0.]
 [0. 0. 0. 0.]
 [0. 0. 0. 0.]
 [0. 0. 0. 0.]
 [0. 0. 0. 0.]
 [0. 0. 0. 0.]
 [0. 0. 0. 0.]
 [0. 0. 0. 0.]
 [0. 0. 0. 0.]
 [0. 0. 0. 0.]
 [0. 0. 0. 0.]
 [0. 0. 0. 0.]
 [0. 0. 0. 0.]
 [0. 0. 0. 0.]
 [0. 0. 0. 0.]
 [0. 0. 0. 0.]
 [0. 0. 0. 0.]
 [0. 0. 0. 0.]
 [0. 0. 0. 0.]
 [0. 0. 0. 0.]
 [0. 0. 0. 0.]
 [0. 0. 0. 0.]
 [0. 0. 0. 0.]
 [0. 0. 0. 0.]]
