Baseline:
[0.14040929 0.13652138 0.13548945 0.13652138 0.13548945 0.1394224
 0.13548945 0.1394224  0.14040929 0.14040929 0.14080746 0.14019544
 0.14019544 0.14019544 0.14019544 0.14080746 0.13674824 0.13486691
 0.13674824 0.13486691 0.13108282 0.13486691 0.13674824 0.14080746
 0.14040929 0.14040929]
Returns:
[-11.69102039 -11.4403482  -11.23231517 -10.988455   -10.75663811
 -10.5365814  -10.25514315 -10.00869197  -9.66903411  -9.33306059
  -8.92756314  -8.46970766  -8.0134356   -7.47639919  -6.96784773
  -6.4323733   -5.87535841  -5.32066509  -4.7868616   -4.17487898
  -3.56080378  -2.96444122  -2.30662594  -1.58433831  -0.79693317]
Advants:
[-9.02324969 -8.88751612 -8.80093425 -8.68351292 -8.57955259 -8.49661274
 -8.34694508 -8.24419006 -8.04671393 -7.85357234 -7.59094358 -7.27290392
 -6.95491082 -6.55132362 -6.17186113 -5.76054223 -5.31618318 -4.86905256
 -4.43944647 -3.91762911 -3.3805486  -2.85730301 -2.25632162 -1.57551371
 -0.80395365]
Mus:
[[0.27422976 0.27943453 0.254839   0.19149671]
 [0.2725661  0.28009844 0.25645533 0.1908801 ]
 [0.27310598 0.2775488  0.25723097 0.19211432]
 [0.2725661  0.28009844 0.25645533 0.1908801 ]
 [0.27310598 0.2775488  0.25723097 0.19211432]
 [0.27471393 0.27707157 0.25590095 0.19231355]
 [0.27310598 0.2775488  0.25723097 0.19211432]
 [0.27471393 0.27707157 0.25590095 0.19231355]
 [0.27422976 0.27943453 0.254839   0.19149671]
 [0.27422976 0.27943453 0.254839   0.19149671]
 [0.27305228 0.28239107 0.25450468 0.19005197]
 [0.27188736 0.28559473 0.2541659  0.18835205]
 [0.27188736 0.28559473 0.2541659  0.18835205]
 [0.27188736 0.28559473 0.2541659  0.18835205]
 [0.27188736 0.28559473 0.2541659  0.18835205]
 [0.27305228 0.28239107 0.25450468 0.19005197]
 [0.27166337 0.28295982 0.255776   0.18960084]
 [0.2695251  0.2841426  0.25720325 0.189129  ]
 [0.27166337 0.28295982 0.255776   0.18960084]
 [0.2695251  0.2841426  0.25720325 0.189129  ]
 [0.26682475 0.28523836 0.25864798 0.18928894]
 [0.2695251  0.2841426  0.25720325 0.189129  ]
 [0.27166337 0.28295982 0.255776   0.18960084]
 [0.27305228 0.28239107 0.25450468 0.19005197]
 [0.27422976 0.27943453 0.254839   0.19149671]]
Actions:
[[0. 0. 1. 0.]
 [0. 0. 0. 1.]
 [0. 1. 0. 0.]
 [0. 0. 0. 1.]
 [1. 0. 0. 0.]
 [0. 0. 1. 0.]
 [1. 0. 0. 0.]
 [0. 1. 0. 0.]
 [1. 0. 0. 0.]
 [0. 1. 0. 0.]
 [0. 1. 0. 0.]
 [1. 0. 0. 0.]
 [0. 1. 0. 0.]
 [1. 0. 0. 0.]
 [0. 0. 0. 1.]
 [0. 0. 1. 0.]
 [0. 0. 1. 0.]
 [1. 0. 0. 0.]
 [0. 0. 1. 0.]
 [0. 0. 1. 0.]
 [1. 0. 0. 0.]
 [1. 0. 0. 0.]
 [1. 0. 0. 0.]
 [0. 0. 0. 1.]
 [0. 0. 0. 1.]]
States:
[[1.  0.8]
 [0.9 0.8]
 [0.9 0.7]
 [0.9 0.8]
 [0.9 0.7]
 [1.  0.7]
 [0.9 0.7]
 [1.  0.7]
 [1.  0.8]
 [1.  0.8]
 [1.  0.9]
 [1.  1. ]
 [1.  1. ]
 [1.  1. ]
 [1.  1. ]
 [1.  0.9]
 [0.9 0.9]
 [0.8 0.9]
 [0.9 0.9]
 [0.8 0.9]
 [0.7 0.9]
 [0.8 0.9]
 [0.9 0.9]
 [1.  0.9]
 [1.  0.8]]
Logstds:
[[0. 0. 0. 0.]
 [0. 0. 0. 0.]
 [0. 0. 0. 0.]
 [0. 0. 0. 0.]
 [0. 0. 0. 0.]
 [0. 0. 0. 0.]
 [0. 0. 0. 0.]
 [0. 0. 0. 0.]
 [0. 0. 0. 0.]
 [0. 0. 0. 0.]
 [0. 0. 0. 0.]
 [0. 0. 0. 0.]
 [0. 0. 0. 0.]
 [0. 0. 0. 0.]
 [0. 0. 0. 0.]
 [0. 0. 0. 0.]
 [0. 0. 0. 0.]
 [0. 0. 0. 0.]
 [0. 0. 0. 0.]
 [0. 0. 0. 0.]
 [0. 0. 0. 0.]
 [0. 0. 0. 0.]
 [0. 0. 0. 0.]
 [0. 0. 0. 0.]
 [0. 0. 0. 0.]]
