Baseline:
[ -9.935081  -9.935081 -10.218494 -10.218494 -10.501312 -10.501312
 -10.501312 -10.501312 -10.238493  -9.973703  -9.973703 -10.238493
 -10.238493  -9.973703  -9.694584  -9.973703 -10.238493 -10.501312
 -10.218494 -10.501312 -10.501312 -10.501312 -10.238493 -10.501312
 -10.238493 -10.238493]
Returns:
[-20.35036259 -20.05826692 -19.64451104 -19.26304823 -18.75372115
 -18.27410124 -17.65757283 -17.12026091 -16.47412195 -15.84279727
 -15.18541712 -14.60414052 -13.83789201 -13.06781839 -12.20728195
 -11.41248453 -10.63263253  -9.76848581  -8.64116672  -7.57279324
  -6.50470344  -5.38039839  -4.11637193  -2.90926412  -1.51517797]
Advants:
[-10.19717378 -10.19958634  -9.80045139  -9.73061498  -9.25214288
  -9.09808296  -8.81578032  -8.6245479   -8.60493447  -8.62175167
  -8.36004968  -7.9172018   -7.56482182  -7.49303474  -7.36406236
  -6.74791802  -6.16773716  -5.50994331  -5.14846313  -4.27965037
  -3.70199776  -3.07513655  -2.58278434  -1.61959841  -1.00325298]
Mus:
[[0.27411455 0.26293564 0.2663685  0.19658132]
 [0.27411455 0.26293564 0.2663685  0.19658132]
 [0.2746262  0.26567322 0.26405904 0.19564156]
 [0.2746262  0.26567322 0.26405904 0.19564156]
 [0.27479967 0.26894513 0.26138732 0.19486786]
 [0.27479967 0.26894513 0.26138732 0.19486786]
 [0.27479967 0.26894513 0.26138732 0.19486786]
 [0.27479967 0.26894513 0.26138732 0.19486786]
 [0.27307528 0.27008778 0.26181394 0.19502299]
 [0.2712291  0.27111375 0.2626056  0.1950515 ]
 [0.2712291  0.27111375 0.2626056  0.1950515 ]
 [0.27307528 0.27008778 0.26181394 0.19502299]
 [0.27307528 0.27008778 0.26181394 0.19502299]
 [0.2712291  0.27111375 0.2626056  0.1950515 ]
 [0.27073106 0.2681101  0.2649357  0.19622315]
 [0.2712291  0.27111375 0.2626056  0.1950515 ]
 [0.27307528 0.27008778 0.26181394 0.19502299]
 [0.27479967 0.26894513 0.26138732 0.19486786]
 [0.2746262  0.26567322 0.26405904 0.19564156]
 [0.27479967 0.26894513 0.26138732 0.19486786]
 [0.27479967 0.26894513 0.26138732 0.19486786]
 [0.27479967 0.26894513 0.26138732 0.19486786]
 [0.27307528 0.27008778 0.26181394 0.19502299]
 [0.27479967 0.26894513 0.26138732 0.19486786]
 [0.27307528 0.27008778 0.26181394 0.19502299]]
Actions:
[[1. 0. 0. 0.]
 [0. 1. 0. 0.]
 [1. 0. 0. 0.]
 [0. 1. 0. 0.]
 [1. 0. 0. 0.]
 [0. 1. 0. 0.]
 [1. 0. 0. 0.]
 [0. 0. 1. 0.]
 [0. 0. 1. 0.]
 [0. 1. 0. 0.]
 [1. 0. 0. 0.]
 [0. 1. 0. 0.]
 [0. 0. 1. 0.]
 [0. 0. 0. 1.]
 [0. 1. 0. 0.]
 [1. 0. 0. 0.]
 [1. 0. 0. 0.]
 [0. 0. 0. 1.]
 [0. 1. 0. 0.]
 [1. 0. 0. 0.]
 [1. 0. 0. 0.]
 [0. 0. 1. 0.]
 [1. 0. 0. 0.]
 [0. 0. 1. 0.]
 [0. 0. 0. 1.]]
States:
[[1.  0.2]
 [1.  0.2]
 [1.  0.3]
 [1.  0.3]
 [1.  0.4]
 [1.  0.4]
 [1.  0.4]
 [1.  0.4]
 [0.9 0.4]
 [0.8 0.4]
 [0.8 0.4]
 [0.9 0.4]
 [0.9 0.4]
 [0.8 0.4]
 [0.8 0.3]
 [0.8 0.4]
 [0.9 0.4]
 [1.  0.4]
 [1.  0.3]
 [1.  0.4]
 [1.  0.4]
 [1.  0.4]
 [0.9 0.4]
 [1.  0.4]
 [0.9 0.4]]
Logstds:
[[0. 0. 0. 0.]
 [0. 0. 0. 0.]
 [0. 0. 0. 0.]
 [0. 0. 0. 0.]
 [0. 0. 0. 0.]
 [0. 0. 0. 0.]
 [0. 0. 0. 0.]
 [0. 0. 0. 0.]
 [0. 0. 0. 0.]
 [0. 0. 0. 0.]
 [0. 0. 0. 0.]
 [0. 0. 0. 0.]
 [0. 0. 0. 0.]
 [0. 0. 0. 0.]
 [0. 0. 0. 0.]
 [0. 0. 0. 0.]
 [0. 0. 0. 0.]
 [0. 0. 0. 0.]
 [0. 0. 0. 0.]
 [0. 0. 0. 0.]
 [0. 0. 0. 0.]
 [0. 0. 0. 0.]
 [0. 0. 0. 0.]
 [0. 0. 0. 0.]
 [0. 0. 0. 0.]]
