Baseline:
[-10.80566  -11.102541 -11.443052 -11.743135 -11.404679 -11.06695
 -11.404679 -11.707148 -11.404679 -11.06695  -10.729711 -10.394531
 -10.394531 -10.098501 -10.098501 -10.429192 -10.767078 -10.429192
 -10.729711 -10.394531 -10.729711 -10.429192 -10.729711 -10.429192
 -10.767078 -10.767078]
Returns:
[-16.41994213 -16.4193674  -16.28707299 -16.21321117 -15.40533491
 -14.61811375 -14.42095781 -14.26504776 -13.62367389 -12.7426811
 -11.87998729 -11.03838775 -10.21766974  -9.5941368   -8.72620266
  -8.35868113  -7.91599624  -6.8269006   -6.37895948  -5.24783216
  -4.66974508  -3.68074529  -3.06721705  -1.99387368  -1.21619892]
Advants:
[-6.66738277 -6.62407645 -6.41244772 -6.31036286 -6.12144351 -5.96244608
 -5.72625785 -5.57784554 -5.56482983 -5.35841604 -5.18225532 -5.03922084
 -4.58746224 -4.65021925 -4.17894735 -3.88959397 -3.52856898 -3.20941342
 -2.90666466 -2.569779   -2.12643663 -1.92661815 -1.51459166 -1.26265182
 -0.677845  ]
Mus:
[[0.25950196 0.2771861  0.24672976 0.21658213]
 [0.26020825 0.27856544 0.24543029 0.21579607]
 [0.260012   0.28206024 0.24247386 0.21545391]
 [0.26083913 0.28319848 0.24141394 0.21454845]
 [0.2609231  0.27987248 0.24427333 0.21493107]
 [0.26139328 0.27560148 0.24711154 0.21589369]
 [0.2609231  0.27987248 0.24427333 0.21493107]
 [0.26145628 0.28072163 0.24355027 0.2142718 ]
 [0.2609231  0.27987248 0.24427333 0.21493107]
 [0.26139328 0.27560148 0.24711154 0.21589369]
 [0.26190236 0.27079847 0.2499197  0.21737947]
 [0.2615571  0.2665519  0.25272617 0.21916476]
 [0.2615571  0.2665519  0.25272617 0.21916476]
 [0.26121724 0.2664132  0.25312385 0.2192457 ]
 [0.26121724 0.2664132  0.25312385 0.2192457 ]
 [0.26163644 0.27011475 0.25023127 0.21801755]
 [0.26097056 0.27460286 0.24770978 0.21671683]
 [0.26163644 0.27011475 0.25023127 0.21801755]
 [0.26190236 0.27079847 0.2499197  0.21737947]
 [0.2615571  0.2665519  0.25272617 0.21916476]
 [0.26190236 0.27079847 0.2499197  0.21737947]
 [0.26163644 0.27011475 0.25023127 0.21801755]
 [0.26190236 0.27079847 0.2499197  0.21737947]
 [0.26163644 0.27011475 0.25023127 0.21801755]
 [0.26097056 0.27460286 0.24770978 0.21671683]]
Actions:
[[1. 0. 0. 0.]
 [0. 1. 0. 0.]
 [1. 0. 0. 0.]
 [0. 0. 0. 1.]
 [0. 0. 0. 1.]
 [0. 1. 0. 0.]
 [1. 0. 0. 0.]
 [0. 0. 1. 0.]
 [0. 0. 0. 1.]
 [0. 0. 0. 1.]
 [0. 0. 0. 1.]
 [0. 0. 0. 1.]
 [0. 0. 1. 0.]
 [0. 0. 0. 1.]
 [0. 1. 0. 0.]
 [0. 1. 0. 0.]
 [0. 0. 0. 1.]
 [1. 0. 0. 0.]
 [0. 0. 0. 1.]
 [0. 1. 0. 0.]
 [0. 0. 1. 0.]
 [1. 0. 0. 0.]
 [0. 0. 1. 0.]
 [0. 1. 0. 0.]
 [0. 0. 1. 0.]]
States:
[[0.6 0.3]
 [0.7 0.3]
 [0.7 0.4]
 [0.8 0.4]
 [0.8 0.3]
 [0.8 0.2]
 [0.8 0.3]
 [0.9 0.3]
 [0.8 0.3]
 [0.8 0.2]
 [0.8 0.1]
 [0.8 0. ]
 [0.8 0. ]
 [0.7 0. ]
 [0.7 0. ]
 [0.7 0.1]
 [0.7 0.2]
 [0.7 0.1]
 [0.8 0.1]
 [0.8 0. ]
 [0.8 0.1]
 [0.7 0.1]
 [0.8 0.1]
 [0.7 0.1]
 [0.7 0.2]]
Logstds:
[[0. 0. 0. 0.]
 [0. 0. 0. 0.]
 [0. 0. 0. 0.]
 [0. 0. 0. 0.]
 [0. 0. 0. 0.]
 [0. 0. 0. 0.]
 [0. 0. 0. 0.]
 [0. 0. 0. 0.]
 [0. 0. 0. 0.]
 [0. 0. 0. 0.]
 [0. 0. 0. 0.]
 [0. 0. 0. 0.]
 [0. 0. 0. 0.]
 [0. 0. 0. 0.]
 [0. 0. 0. 0.]
 [0. 0. 0. 0.]
 [0. 0. 0. 0.]
 [0. 0. 0. 0.]
 [0. 0. 0. 0.]
 [0. 0. 0. 0.]
 [0. 0. 0. 0.]
 [0. 0. 0. 0.]
 [0. 0. 0. 0.]
 [0. 0. 0. 0.]
 [0. 0. 0. 0.]]
