Baseline:
[-10.569103 -10.830709 -10.547428 -10.830709 -10.830709 -10.547428
 -10.285505 -10.00666   -9.743828  -9.483228  -9.743828  -9.743828
  -9.743828 -10.00666  -10.285505 -10.00666  -10.272779 -10.547428
 -10.547428 -10.272779 -10.00666  -10.00666  -10.285505 -10.00666
 -10.00666  -10.00666 ]
Returns:
[-15.92966421 -15.76913716 -15.14175543 -14.88935812 -14.64259733
 -13.95592402 -13.45116677 -12.7915828  -12.31485365 -11.84751822
 -11.62008544 -10.95746739 -10.25997471  -9.91935761  -9.47993185
  -8.61133553  -8.15385939  -7.58691601  -6.99960807  -5.96632835
  -5.09660115  -4.05435376  -3.30624359  -2.11271631  -0.91342235]
Advants:
[-6.24095928 -6.04655919 -5.93895051 -5.6433416  -5.64946995 -5.50803435
 -5.54196096 -5.44978378 -5.54241514 -5.66192612 -5.51283764 -5.19754494
 -4.85539333 -4.61889146 -4.27661377 -4.07664522 -3.75365832 -3.32077265
 -3.15882341 -2.83832355 -2.6915007  -2.1127162  -1.55694447 -1.12529493
 -0.41308975]
Mus:
[[0.261404   0.2761095  0.24711935 0.2153671 ]
 [0.26108986 0.27594823 0.24766493 0.21529701]
 [0.26139447 0.27110624 0.25089577 0.21660353]
 [0.26108986 0.27594823 0.24766493 0.21529701]
 [0.26108986 0.27594823 0.24766493 0.21529701]
 [0.26139447 0.27110624 0.25089577 0.21660353]
 [0.26159337 0.27103916 0.25024092 0.2171265 ]
 [0.2614564  0.26650968 0.25328302 0.21875083]
 [0.2615571  0.2665519  0.25272617 0.21916476]
 [0.26121724 0.2664132  0.25312385 0.2192457 ]
 [0.2615571  0.2665519  0.25272617 0.21916476]
 [0.2615571  0.2665519  0.25272617 0.21916476]
 [0.2615571  0.2665519  0.25272617 0.21916476]
 [0.2614564  0.26650968 0.25328302 0.21875083]
 [0.26159337 0.27103916 0.25024092 0.2171265 ]
 [0.2614564  0.26650968 0.25328302 0.21875083]
 [0.26154423 0.2667453  0.25390416 0.21780635]
 [0.26139447 0.27110624 0.25089577 0.21660353]
 [0.26139447 0.27110624 0.25089577 0.21660353]
 [0.26154423 0.2667453  0.25390416 0.21780635]
 [0.2614564  0.26650968 0.25328302 0.21875083]
 [0.2614564  0.26650968 0.25328302 0.21875083]
 [0.26159337 0.27103916 0.25024092 0.2171265 ]
 [0.2614564  0.26650968 0.25328302 0.21875083]
 [0.2614564  0.26650968 0.25328302 0.21875083]]
Actions:
[[1. 0. 0. 0.]
 [0. 0. 0. 1.]
 [0. 1. 0. 0.]
 [1. 0. 0. 0.]
 [0. 0. 0. 1.]
 [0. 0. 1. 0.]
 [0. 0. 0. 1.]
 [0. 0. 1. 0.]
 [0. 0. 1. 0.]
 [1. 0. 0. 0.]
 [0. 0. 0. 1.]
 [0. 0. 0. 1.]
 [1. 0. 0. 0.]
 [0. 1. 0. 0.]
 [0. 0. 0. 1.]
 [1. 0. 0. 0.]
 [0. 1. 0. 0.]
 [1. 0. 0. 0.]
 [0. 0. 0. 1.]
 [0. 0. 1. 0.]
 [0. 0. 0. 1.]
 [0. 1. 0. 0.]
 [0. 0. 0. 1.]
 [0. 0. 0. 1.]
 [0. 1. 0. 0.]]
States:
[[0.9 0.2]
 [1.  0.2]
 [1.  0.1]
 [1.  0.2]
 [1.  0.2]
 [1.  0.1]
 [0.9 0.1]
 [0.9 0. ]
 [0.8 0. ]
 [0.7 0. ]
 [0.8 0. ]
 [0.8 0. ]
 [0.8 0. ]
 [0.9 0. ]
 [0.9 0.1]
 [0.9 0. ]
 [1.  0. ]
 [1.  0.1]
 [1.  0.1]
 [1.  0. ]
 [0.9 0. ]
 [0.9 0. ]
 [0.9 0.1]
 [0.9 0. ]
 [0.9 0. ]]
Logstds:
[[0. 0. 0. 0.]
 [0. 0. 0. 0.]
 [0. 0. 0. 0.]
 [0. 0. 0. 0.]
 [0. 0. 0. 0.]
 [0. 0. 0. 0.]
 [0. 0. 0. 0.]
 [0. 0. 0. 0.]
 [0. 0. 0. 0.]
 [0. 0. 0. 0.]
 [0. 0. 0. 0.]
 [0. 0. 0. 0.]
 [0. 0. 0. 0.]
 [0. 0. 0. 0.]
 [0. 0. 0. 0.]
 [0. 0. 0. 0.]
 [0. 0. 0. 0.]
 [0. 0. 0. 0.]
 [0. 0. 0. 0.]
 [0. 0. 0. 0.]
 [0. 0. 0. 0.]
 [0. 0. 0. 0.]
 [0. 0. 0. 0.]
 [0. 0. 0. 0.]
 [0. 0. 0. 0.]]
