Baseline:
[-10.349316  -10.036839  -10.036839  -10.3271    -10.036839  -10.036839
 -10.036839  -10.3271    -10.036839  -10.3271    -10.036839  -10.349316
 -10.637754  -10.953085  -11.268359  -11.580772  -11.580772  -11.580772
 -11.872702  -11.580772  -11.872702  -11.872702  -11.5580845 -11.5580845
 -11.2425785 -11.2425785]
Returns:
[-18.63399483 -18.22325971 -17.85494631 -17.60494527 -17.29070748
 -16.87331238 -16.43394912 -16.10915875 -15.71619535 -15.35362847
 -14.92090032 -14.39972586 -13.91170032 -13.24174939 -12.47931767
 -11.61999277 -10.65779539  -9.64495604  -8.70213677  -7.6072875
  -6.55722251  -5.41048567  -4.01364645  -2.78592922  -1.31577218]
Advants:
[-8.55101153 -8.72863014 -8.64830377 -8.40385236 -8.70014455 -8.61739157
 -8.5275891  -8.27285434 -8.55798718 -8.30584195 -8.5937849  -8.20142484
 -7.87982977 -7.35769451 -6.74925805 -6.05052488 -5.57186851 -5.05243674
 -4.31493997 -4.02679743 -3.20192932 -2.58090478 -2.03570793 -1.35279295
 -0.75364304]
Mus:
[[0.26942575 0.26173177 0.27014214 0.1987003 ]
 [0.26785615 0.25958893 0.272403   0.20015188]
 [0.26785615 0.25958893 0.272403   0.20015188]
 [0.27045357 0.25918248 0.27103743 0.19932657]
 [0.26785615 0.25958893 0.272403   0.20015188]
 [0.26785615 0.25958893 0.272403   0.20015188]
 [0.26785615 0.25958893 0.272403   0.20015188]
 [0.27045357 0.25918248 0.27103743 0.19932657]
 [0.26785615 0.25958893 0.272403   0.20015188]
 [0.27045357 0.25918248 0.27103743 0.19932657]
 [0.26785615 0.25958893 0.272403   0.20015188]
 [0.26942575 0.26173177 0.27014214 0.1987003 ]
 [0.2716644  0.26121718 0.26908854 0.1980299 ]
 [0.2727185  0.26373005 0.26669902 0.1968524 ]
 [0.2730036  0.26691929 0.26429424 0.19578291]
 [0.27307528 0.27008778 0.26181394 0.19502299]
 [0.27307528 0.27008778 0.26181394 0.19502299]
 [0.27307528 0.27008778 0.26181394 0.19502299]
 [0.27479967 0.26894513 0.26138732 0.19486786]
 [0.27307528 0.27008778 0.26181394 0.19502299]
 [0.27479967 0.26894513 0.26138732 0.19486786]
 [0.27479967 0.26894513 0.26138732 0.19486786]
 [0.2746262  0.26567322 0.26405904 0.19564156]
 [0.2746262  0.26567322 0.26405904 0.19564156]
 [0.27411455 0.26293564 0.2663685  0.19658132]]
Actions:
[[0. 0. 0. 1.]
 [0. 0. 0. 1.]
 [1. 0. 0. 0.]
 [0. 0. 1. 0.]
 [0. 0. 0. 1.]
 [0. 0. 0. 1.]
 [1. 0. 0. 0.]
 [0. 0. 1. 0.]
 [1. 0. 0. 0.]
 [0. 0. 1. 0.]
 [0. 1. 0. 0.]
 [1. 0. 0. 0.]
 [0. 1. 0. 0.]
 [0. 1. 0. 0.]
 [0. 1. 0. 0.]
 [0. 1. 0. 0.]
 [0. 1. 0. 0.]
 [1. 0. 0. 0.]
 [0. 0. 1. 0.]
 [1. 0. 0. 0.]
 [1. 0. 0. 0.]
 [0. 0. 0. 1.]
 [1. 0. 0. 0.]
 [0. 0. 0. 1.]
 [1. 0. 0. 0.]]
States:
[[0.8 0.1]
 [0.8 0. ]
 [0.8 0. ]
 [0.9 0. ]
 [0.8 0. ]
 [0.8 0. ]
 [0.8 0. ]
 [0.9 0. ]
 [0.8 0. ]
 [0.9 0. ]
 [0.8 0. ]
 [0.8 0.1]
 [0.9 0.1]
 [0.9 0.2]
 [0.9 0.3]
 [0.9 0.4]
 [0.9 0.4]
 [0.9 0.4]
 [1.  0.4]
 [0.9 0.4]
 [1.  0.4]
 [1.  0.4]
 [1.  0.3]
 [1.  0.3]
 [1.  0.2]]
Logstds:
[[0. 0. 0. 0.]
 [0. 0. 0. 0.]
 [0. 0. 0. 0.]
 [0. 0. 0. 0.]
 [0. 0. 0. 0.]
 [0. 0. 0. 0.]
 [0. 0. 0. 0.]
 [0. 0. 0. 0.]
 [0. 0. 0. 0.]
 [0. 0. 0. 0.]
 [0. 0. 0. 0.]
 [0. 0. 0. 0.]
 [0. 0. 0. 0.]
 [0. 0. 0. 0.]
 [0. 0. 0. 0.]
 [0. 0. 0. 0.]
 [0. 0. 0. 0.]
 [0. 0. 0. 0.]
 [0. 0. 0. 0.]
 [0. 0. 0. 0.]
 [0. 0. 0. 0.]
 [0. 0. 0. 0.]
 [0. 0. 0. 0.]
 [0. 0. 0. 0.]
 [0. 0. 0. 0.]]
