Baseline:
[-11.107282 -11.398408 -11.107282 -11.398408 -11.731588 -12.064932
 -12.357816 -12.693208 -12.693208 -13.028601 -13.363994 -13.363994
 -13.028601 -12.693208 -13.028601 -13.322906 -13.618712 -13.914883
 -14.249973 -13.953802 -13.658298 -13.953802 -13.953802 -13.658298
 -13.953802 -13.953802]
Returns:
[-22.70762283 -22.57338129 -22.40865969 -22.25868325 -21.90955669
 -21.48069966 -21.13018801 -20.56412047 -20.0133727  -19.32862625
 -18.54659681 -17.66132158 -16.67021971 -15.6983425  -14.7864892
 -13.93332376 -12.99648513 -11.97177185 -10.68170085  -9.33125536
  -7.95416385  -6.64685532  -5.05650366  -3.45442522  -1.91028833]
Advants:
[-11.72533263 -11.65623014 -12.17315969 -12.14220634 -11.88388639
 -11.55821816 -11.36864251 -10.9317826  -10.86817898 -10.34513158
  -9.73258708  -9.36781938  -9.25667916  -9.19146918  -8.52558758
  -7.97351781  -7.34886982  -6.64692631  -5.64316716  -5.23062435
  -4.81198514  -3.87902255  -2.96639796  -2.35487565  -1.2125988 ]
Mus:
[[0.25602612 0.27602908 0.2717875  0.19615735]
 [0.26058388 0.27552563 0.26891318 0.19497737]
 [0.25602612 0.27602908 0.2717875  0.19615735]
 [0.26058388 0.27552563 0.26891318 0.19497737]
 [0.26045677 0.2785319  0.2674665  0.19354479]
 [0.26061618 0.28126755 0.26584566 0.19227064]
 [0.26514602 0.28084964 0.26286966 0.19113463]
 [0.26445377 0.28340918 0.26194772 0.19018933]
 [0.26445377 0.28340918 0.26194772 0.19018933]
 [0.26390362 0.28572625 0.26089567 0.18947445]
 [0.26350024 0.28802702 0.25979838 0.18867433]
 [0.26350024 0.28802702 0.25979838 0.18867433]
 [0.26390362 0.28572625 0.26089567 0.18947445]
 [0.26445377 0.28340918 0.26194772 0.19018933]
 [0.26390362 0.28572625 0.26089567 0.18947445]
 [0.26682475 0.28523836 0.25864798 0.18928894]
 [0.2695251  0.2841426  0.25720325 0.189129  ]
 [0.27166337 0.28295982 0.255776   0.18960084]
 [0.2706434  0.28583634 0.2552865  0.18823378]
 [0.26870295 0.2868224  0.25630587 0.18816872]
 [0.26617014 0.28751493 0.25787565 0.18843928]
 [0.26870295 0.2868224  0.25630587 0.18816872]
 [0.26870295 0.2868224  0.25630587 0.18816872]
 [0.26617014 0.28751493 0.25787565 0.18843928]
 [0.26870295 0.2868224  0.25630587 0.18816872]]
Actions:
[[1. 0. 0. 0.]
 [0. 0. 1. 0.]
 [1. 0. 0. 0.]
 [0. 1. 0. 0.]
 [0. 1. 0. 0.]
 [1. 0. 0. 0.]
 [0. 1. 0. 0.]
 [0. 0. 1. 0.]
 [0. 1. 0. 0.]
 [0. 1. 0. 0.]
 [0. 1. 0. 0.]
 [0. 0. 0. 1.]
 [0. 0. 0. 1.]
 [0. 1. 0. 0.]
 [1. 0. 0. 0.]
 [1. 0. 0. 0.]
 [1. 0. 0. 0.]
 [0. 1. 0. 0.]
 [0. 0. 1. 0.]
 [0. 0. 1. 0.]
 [1. 0. 0. 0.]
 [0. 1. 0. 0.]
 [0. 0. 1. 0.]
 [1. 0. 0. 0.]
 [0. 0. 0. 1.]]
States:
[[0.4 0.5]
 [0.5 0.5]
 [0.4 0.5]
 [0.5 0.5]
 [0.5 0.6]
 [0.5 0.7]
 [0.6 0.7]
 [0.6 0.8]
 [0.6 0.8]
 [0.6 0.9]
 [0.6 1. ]
 [0.6 1. ]
 [0.6 0.9]
 [0.6 0.8]
 [0.6 0.9]
 [0.7 0.9]
 [0.8 0.9]
 [0.9 0.9]
 [0.9 1. ]
 [0.8 1. ]
 [0.7 1. ]
 [0.8 1. ]
 [0.8 1. ]
 [0.7 1. ]
 [0.8 1. ]]
Logstds:
[[0. 0. 0. 0.]
 [0. 0. 0. 0.]
 [0. 0. 0. 0.]
 [0. 0. 0. 0.]
 [0. 0. 0. 0.]
 [0. 0. 0. 0.]
 [0. 0. 0. 0.]
 [0. 0. 0. 0.]
 [0. 0. 0. 0.]
 [0. 0. 0. 0.]
 [0. 0. 0. 0.]
 [0. 0. 0. 0.]
 [0. 0. 0. 0.]
 [0. 0. 0. 0.]
 [0. 0. 0. 0.]
 [0. 0. 0. 0.]
 [0. 0. 0. 0.]
 [0. 0. 0. 0.]
 [0. 0. 0. 0.]
 [0. 0. 0. 0.]
 [0. 0. 0. 0.]
 [0. 0. 0. 0.]
 [0. 0. 0. 0.]
 [0. 0. 0. 0.]
 [0. 0. 0. 0.]]
