Baseline:
[0.8989273  0.8989273  0.8989273  0.8989273  0.9431225  0.8989273
 0.85847956 0.8989273  0.8989273  0.85847956 0.84180653 0.88388455
 0.8727785  0.82607204 0.8727785  0.82607204 0.8727785  0.9196483
 0.90588427 0.94894975 0.98913956 0.98913956 0.94894975 0.9297735
 0.91070336 0.91070336]
Returns:
[-2.79181853 -2.74102992 -2.68756823 -2.63129276 -2.53258197 -2.44007015
 -2.35975955 -2.26484799 -2.18632409 -2.09265844 -2.02773976 -1.92719648
 -1.84861469 -1.76017284 -1.65790834 -1.55942931 -1.44659936 -1.31059345
 -1.19376342 -1.03963618 -0.86062085 -0.6947447  -0.50406619 -0.33946347
 -0.17840159]
Advants:
[-2.64665436 -2.61949852 -2.59002934 -2.55804977 -2.52821374 -2.41406056
 -2.31404264 -2.28040153 -2.22204564 -2.1056705  -2.04080462 -1.99868183
 -1.92395473 -1.80086182 -1.75666782 -1.61932421 -1.55966552 -1.47478821
 -1.34477673 -1.23091228 -1.08475171 -0.90578547 -0.65357172 -0.44094507
 -0.2239368 ]
Mus:
[[0.25992283 0.28558153 0.23953931 0.21495633]
 [0.25992283 0.28558153 0.23953931 0.21495633]
 [0.25992283 0.28558153 0.23953931 0.21495633]
 [0.25992283 0.28558153 0.23953931 0.21495633]
 [0.2596395  0.28929067 0.23689438 0.21417549]
 [0.25992283 0.28558153 0.23953931 0.21495633]
 [0.260012   0.28206024 0.24247386 0.21545391]
 [0.25992283 0.28558153 0.23953931 0.21495633]
 [0.25992283 0.28558153 0.23953931 0.21495633]
 [0.260012   0.28206024 0.24247386 0.21545391]
 [0.25948626 0.28070253 0.24371035 0.21610075]
 [0.25983584 0.28368637 0.24090892 0.21556887]
 [0.25942633 0.28104374 0.242887   0.21664292]
 [0.25890708 0.27817583 0.24605037 0.21686669]
 [0.25942633 0.28104374 0.242887   0.21664292]
 [0.25890708 0.27817583 0.24605037 0.21686669]
 [0.25942633 0.28104374 0.242887   0.21664292]
 [0.2595157  0.2845408  0.23981252 0.21613093]
 [0.25861856 0.28220642 0.2415794  0.21759559]
 [0.25835806 0.28588936 0.23878953 0.2169631 ]
 [0.25784215 0.28955188 0.2363831  0.2162229 ]
 [0.25784215 0.28955188 0.2363831  0.2162229 ]
 [0.25835806 0.28588936 0.23878953 0.2169631 ]
 [0.25779495 0.28501284 0.23922966 0.21796256]
 [0.25680903 0.28386763 0.23996964 0.2193537 ]]
Actions:
[[1. 0. 0. 0.]
 [1. 0. 0. 0.]
 [1. 0. 0. 0.]
 [0. 1. 0. 0.]
 [0. 0. 0. 1.]
 [0. 0. 0. 1.]
 [0. 1. 0. 0.]
 [1. 0. 0. 0.]
 [0. 0. 0. 1.]
 [0. 0. 1. 0.]
 [0. 1. 0. 0.]
 [0. 0. 1. 0.]
 [0. 0. 0. 1.]
 [0. 1. 0. 0.]
 [0. 0. 0. 1.]
 [0. 1. 0. 0.]
 [0. 1. 0. 0.]
 [0. 0. 1. 0.]
 [0. 1. 0. 0.]
 [0. 1. 0. 0.]
 [1. 0. 0. 0.]
 [0. 0. 0. 1.]
 [0. 0. 1. 0.]
 [0. 0. 1. 0.]
 [0. 0. 0. 1.]]
States:
[[0.7 0.5]
 [0.7 0.5]
 [0.7 0.5]
 [0.7 0.5]
 [0.7 0.6]
 [0.7 0.5]
 [0.7 0.4]
 [0.7 0.5]
 [0.7 0.5]
 [0.7 0.4]
 [0.6 0.4]
 [0.6 0.5]
 [0.5 0.5]
 [0.5 0.4]
 [0.5 0.5]
 [0.5 0.4]
 [0.5 0.5]
 [0.5 0.6]
 [0.4 0.6]
 [0.4 0.7]
 [0.4 0.8]
 [0.4 0.8]
 [0.4 0.7]
 [0.3 0.7]
 [0.2 0.7]]
Logstds:
[[0. 0. 0. 0.]
 [0. 0. 0. 0.]
 [0. 0. 0. 0.]
 [0. 0. 0. 0.]
 [0. 0. 0. 0.]
 [0. 0. 0. 0.]
 [0. 0. 0. 0.]
 [0. 0. 0. 0.]
 [0. 0. 0. 0.]
 [0. 0. 0. 0.]
 [0. 0. 0. 0.]
 [0. 0. 0. 0.]
 [0. 0. 0. 0.]
 [0. 0. 0. 0.]
 [0. 0. 0. 0.]
 [0. 0. 0. 0.]
 [0. 0. 0. 0.]
 [0. 0. 0. 0.]
 [0. 0. 0. 0.]
 [0. 0. 0. 0.]
 [0. 0. 0. 0.]
 [0. 0. 0. 0.]
 [0. 0. 0. 0.]
 [0. 0. 0. 0.]
 [0. 0. 0. 0.]]
