Baseline:
[-14.061877 -14.415841 -14.115474 -14.469438 -14.769807 -15.125965
 -15.481532 -15.181302 -15.181302 -15.181302 -14.882664 -14.882664
 -14.882664 -14.882664 -14.882664 -14.584023 -14.584023 -14.882664
 -14.882664 -15.181302 -15.481532 -15.481532 -15.481532 -15.481532
 -15.181302 -15.181302]
Returns:
[-27.11419659 -26.66674933 -26.30753238 -25.79014898 -25.36806773
 -24.69946722 -23.92892703 -23.18446921 -22.30269431 -21.3745102
 -20.54192145 -19.55669486 -18.51961424 -17.42795043 -16.27883062
 -15.22421973 -13.99300555 -12.90136492 -11.51400377 -10.25688173
  -8.89828722  -7.22814526  -5.67506303  -3.8352777   -2.03325939]
Advants:
[-13.29646907 -12.89475033 -13.26782211 -12.83824135 -12.57284557
 -12.0123835  -11.35529715 -11.40630608 -11.03468536 -10.63140732
 -10.65056291 -10.23508803  -9.78422001  -9.2949438   -8.76398754
  -8.65546116  -8.08876629  -7.37661465  -6.6822413   -5.83038687
  -4.88412761  -3.93560019  -3.11757107  -2.01855565  -1.27419376]
Mus:
[[0.27496335 0.27492574 0.2571114  0.19299944]
 [0.27471393 0.27707157 0.25590095 0.19231355]
 [0.27310598 0.2775488  0.25723097 0.19211432]
 [0.2725661  0.28009844 0.25645533 0.1908801 ]
 [0.27422976 0.27943453 0.254839   0.19149671]
 [0.27305228 0.28239107 0.25450468 0.19005197]
 [0.27188736 0.28559473 0.2541659  0.18835205]
 [0.2706434  0.28583634 0.2552865  0.18823378]
 [0.2706434  0.28583634 0.2552865  0.18823378]
 [0.2706434  0.28583634 0.2552865  0.18823378]
 [0.26870295 0.2868224  0.25630587 0.18816872]
 [0.26870295 0.2868224  0.25630587 0.18816872]
 [0.26870295 0.2868224  0.25630587 0.18816872]
 [0.26870295 0.2868224  0.25630587 0.18816872]
 [0.26870295 0.2868224  0.25630587 0.18816872]
 [0.26617014 0.28751493 0.25787565 0.18843928]
 [0.26617014 0.28751493 0.25787565 0.18843928]
 [0.26870295 0.2868224  0.25630587 0.18816872]
 [0.26870295 0.2868224  0.25630587 0.18816872]
 [0.2706434  0.28583634 0.2552865  0.18823378]
 [0.27188736 0.28559473 0.2541659  0.18835205]
 [0.27188736 0.28559473 0.2541659  0.18835205]
 [0.27188736 0.28559473 0.2541659  0.18835205]
 [0.27188736 0.28559473 0.2541659  0.18835205]
 [0.2706434  0.28583634 0.2552865  0.18823378]]
Actions:
[[0. 1. 0. 0.]
 [0. 0. 1. 0.]
 [0. 1. 0. 0.]
 [1. 0. 0. 0.]
 [0. 1. 0. 0.]
 [0. 1. 0. 0.]
 [0. 0. 1. 0.]
 [0. 1. 0. 0.]
 [0. 1. 0. 0.]
 [0. 0. 1. 0.]
 [0. 1. 0. 0.]
 [0. 1. 0. 0.]
 [0. 1. 0. 0.]
 [0. 1. 0. 0.]
 [0. 0. 1. 0.]
 [0. 1. 0. 0.]
 [1. 0. 0. 0.]
 [0. 1. 0. 0.]
 [1. 0. 0. 0.]
 [1. 0. 0. 0.]
 [0. 1. 0. 0.]
 [1. 0. 0. 0.]
 [0. 1. 0. 0.]
 [0. 0. 1. 0.]
 [0. 0. 0. 1.]]
States:
[[1.  0.6]
 [1.  0.7]
 [0.9 0.7]
 [0.9 0.8]
 [1.  0.8]
 [1.  0.9]
 [1.  1. ]
 [0.9 1. ]
 [0.9 1. ]
 [0.9 1. ]
 [0.8 1. ]
 [0.8 1. ]
 [0.8 1. ]
 [0.8 1. ]
 [0.8 1. ]
 [0.7 1. ]
 [0.7 1. ]
 [0.8 1. ]
 [0.8 1. ]
 [0.9 1. ]
 [1.  1. ]
 [1.  1. ]
 [1.  1. ]
 [1.  1. ]
 [0.9 1. ]]
Logstds:
[[0. 0. 0. 0.]
 [0. 0. 0. 0.]
 [0. 0. 0. 0.]
 [0. 0. 0. 0.]
 [0. 0. 0. 0.]
 [0. 0. 0. 0.]
 [0. 0. 0. 0.]
 [0. 0. 0. 0.]
 [0. 0. 0. 0.]
 [0. 0. 0. 0.]
 [0. 0. 0. 0.]
 [0. 0. 0. 0.]
 [0. 0. 0. 0.]
 [0. 0. 0. 0.]
 [0. 0. 0. 0.]
 [0. 0. 0. 0.]
 [0. 0. 0. 0.]
 [0. 0. 0. 0.]
 [0. 0. 0. 0.]
 [0. 0. 0. 0.]
 [0. 0. 0. 0.]
 [0. 0. 0. 0.]
 [0. 0. 0. 0.]
 [0. 0. 0. 0.]
 [0. 0. 0. 0.]]
