Baseline:
[-12.011323 -12.359046 -12.056252 -12.359046 -12.708175 -13.012843
 -12.708175 -13.057437 -13.362023 -13.057437 -12.708175 -12.404587
 -12.102078 -11.755283 -12.056252 -12.404587 -12.708175 -13.012843
 -13.362023 -13.012843 -13.362023 -13.362023 -13.362023 -13.057437
 -12.708175 -12.708175]
Returns:
[-20.79812287 -20.38360958 -20.16315992 -19.83744315 -19.30484412
 -18.83245052 -18.38700145 -17.71307574 -17.09562062 -16.47609885
 -15.66420236 -15.11151079 -14.59101317 -13.87100342 -13.25442682
 -12.41386073 -11.61710456 -10.74009308  -9.62862401  -8.40434757
  -7.16994452  -5.80401696  -4.36619847  -3.07670712  -1.55957949]
Advants:
[-9.46150651 -9.00492888 -9.42151706 -9.13628448 -8.59980926 -8.1733776
 -8.40874214 -7.76209673 -7.22015735 -7.30796407 -7.26807329 -7.4700199
 -7.73476295 -7.87386094 -7.48389334 -6.83074217 -6.27775632 -5.65351548
 -4.75261671 -4.4578896  -3.45513881 -2.67727856 -1.83315457 -1.46205764
 -0.92417049]
Mus:
[[0.2716644  0.26121718 0.26908854 0.1980299 ]
 [0.2727185  0.26373005 0.26669902 0.1968524 ]
 [0.27025497 0.26483846 0.26748982 0.19741683]
 [0.2727185  0.26373005 0.26669902 0.1968524 ]
 [0.2730036  0.26691929 0.26429424 0.19578291]
 [0.2746262  0.26567322 0.26405904 0.19564156]
 [0.2730036  0.26691929 0.26429424 0.19578291]
 [0.27307528 0.27008778 0.26181394 0.19502299]
 [0.27479967 0.26894513 0.26138732 0.19486786]
 [0.27307528 0.27008778 0.26181394 0.19502299]
 [0.2730036  0.26691929 0.26429424 0.19578291]
 [0.27073106 0.2681101  0.2649357  0.19622315]
 [0.26807493 0.2686845  0.2666398  0.19660072]
 [0.2674641  0.2657798  0.26870856 0.19804758]
 [0.27025497 0.26483846 0.26748982 0.19741683]
 [0.27073106 0.2681101  0.2649357  0.19622315]
 [0.2730036  0.26691929 0.26429424 0.19578291]
 [0.2746262  0.26567322 0.26405904 0.19564156]
 [0.27479967 0.26894513 0.26138732 0.19486786]
 [0.2746262  0.26567322 0.26405904 0.19564156]
 [0.27479967 0.26894513 0.26138732 0.19486786]
 [0.27479967 0.26894513 0.26138732 0.19486786]
 [0.27479967 0.26894513 0.26138732 0.19486786]
 [0.27307528 0.27008778 0.26181394 0.19502299]
 [0.2730036  0.26691929 0.26429424 0.19578291]]
Actions:
[[0. 1. 0. 0.]
 [0. 0. 1. 0.]
 [1. 0. 0. 0.]
 [0. 1. 0. 0.]
 [1. 0. 0. 0.]
 [0. 0. 1. 0.]
 [0. 1. 0. 0.]
 [1. 0. 0. 0.]
 [0. 0. 1. 0.]
 [0. 0. 0. 1.]
 [0. 0. 1. 0.]
 [0. 0. 1. 0.]
 [0. 0. 0. 1.]
 [1. 0. 0. 0.]
 [0. 1. 0. 0.]
 [1. 0. 0. 0.]
 [1. 0. 0. 0.]
 [0. 1. 0. 0.]
 [0. 0. 0. 1.]
 [0. 1. 0. 0.]
 [0. 1. 0. 0.]
 [0. 1. 0. 0.]
 [0. 0. 1. 0.]
 [0. 0. 0. 1.]
 [0. 1. 0. 0.]]
States:
[[0.9 0.1]
 [0.9 0.2]
 [0.8 0.2]
 [0.9 0.2]
 [0.9 0.3]
 [1.  0.3]
 [0.9 0.3]
 [0.9 0.4]
 [1.  0.4]
 [0.9 0.4]
 [0.9 0.3]
 [0.8 0.3]
 [0.7 0.3]
 [0.7 0.2]
 [0.8 0.2]
 [0.8 0.3]
 [0.9 0.3]
 [1.  0.3]
 [1.  0.4]
 [1.  0.3]
 [1.  0.4]
 [1.  0.4]
 [1.  0.4]
 [0.9 0.4]
 [0.9 0.3]]
Logstds:
[[0. 0. 0. 0.]
 [0. 0. 0. 0.]
 [0. 0. 0. 0.]
 [0. 0. 0. 0.]
 [0. 0. 0. 0.]
 [0. 0. 0. 0.]
 [0. 0. 0. 0.]
 [0. 0. 0. 0.]
 [0. 0. 0. 0.]
 [0. 0. 0. 0.]
 [0. 0. 0. 0.]
 [0. 0. 0. 0.]
 [0. 0. 0. 0.]
 [0. 0. 0. 0.]
 [0. 0. 0. 0.]
 [0. 0. 0. 0.]
 [0. 0. 0. 0.]
 [0. 0. 0. 0.]
 [0. 0. 0. 0.]
 [0. 0. 0. 0.]
 [0. 0. 0. 0.]
 [0. 0. 0. 0.]
 [0. 0. 0. 0.]
 [0. 0. 0. 0.]
 [0. 0. 0. 0.]]
