Baseline:
[0.10362551 0.10888329 0.11561622 0.11216427 0.1179514  0.1179514
 0.1179514  0.11559912 0.10888963 0.11559912 0.1179514  0.11559912
 0.11559912 0.10888963 0.10601172 0.10073455 0.09869112 0.09869112
 0.0998615  0.0998615  0.1002792  0.10181224 0.10198133 0.10181224
 0.10334515 0.10334515]
Returns:
[-9.0299776  -8.94550572 -8.82987209 -8.62652774 -8.43924882 -8.21494054
 -7.97882657 -7.67738397 -7.36508779 -7.08379235 -6.75347205 -6.38753711
 -6.0274205  -5.62828413 -5.20164656 -4.75856548 -4.32084115 -3.85152774
 -3.39437547 -2.93969709 -2.4681678  -2.00293505 -1.54514312 -1.02566731
 -0.51537865]
Advants:
[-6.97678906 -6.99387467 -6.98610913 -6.88266766 -6.80772202 -6.6920989
 -6.56662617 -6.37350207 -6.16472878 -6.00127321 -5.78375911 -5.52394476
 -5.27040391 -4.96766078 -4.636747   -4.28152329 -3.92922292 -3.54031317
 -3.15748175 -2.7681231  -2.35332522 -1.93639517 -1.51537291 -1.01937497
 -0.5205459 ]
Mus:
[[0.24924172 0.27718598 0.2775636  0.19600873]
 [0.25160366 0.27844897 0.27444822 0.19549908]
 [0.2541132  0.27939978 0.27173036 0.19475664]
 [0.25507787 0.28148353 0.27006966 0.1933689 ]
 [0.25764704 0.2824334  0.2675286  0.19239092]
 [0.25764704 0.2824334  0.2675286  0.19239092]
 [0.25764704 0.2824334  0.2675286  0.19239092]
 [0.25808397 0.2841792  0.266332   0.19140477]
 [0.25586447 0.28340423 0.2688695  0.19186173]
 [0.25808397 0.2841792  0.266332   0.19140477]
 [0.25764704 0.2824334  0.2675286  0.19239092]
 [0.25808397 0.2841792  0.266332   0.19140477]
 [0.25808397 0.2841792  0.266332   0.19140477]
 [0.25586447 0.28340423 0.2688695  0.19186173]
 [0.2565149  0.28498226 0.268045   0.19045782]
 [0.2544932  0.28347293 0.2713463  0.19068755]
 [0.25180733 0.2815765  0.27556732 0.19104876]
 [0.25180733 0.2815765  0.27556732 0.19104876]
 [0.24891886 0.2795183  0.28047144 0.19109136]
 [0.24891886 0.2795183  0.28047144 0.19109136]
 [0.24847582 0.2775015  0.280943   0.19307972]
 [0.24768008 0.27621937 0.2814319  0.19466865]
 [0.25051224 0.2786596  0.2766165  0.19421163]
 [0.24768008 0.27621937 0.2814319  0.19466865]
 [0.24626715 0.27472165 0.2823628  0.19664836]]
Actions:
[[1. 0. 0. 0.]
 [1. 0. 0. 0.]
 [0. 1. 0. 0.]
 [1. 0. 0. 0.]
 [1. 0. 0. 0.]
 [1. 0. 0. 0.]
 [0. 1. 0. 0.]
 [0. 0. 1. 0.]
 [1. 0. 0. 0.]
 [0. 0. 0. 1.]
 [0. 1. 0. 0.]
 [1. 0. 0. 0.]
 [0. 0. 1. 0.]
 [0. 1. 0. 0.]
 [0. 0. 1. 0.]
 [0. 0. 1. 0.]
 [0. 1. 0. 0.]
 [0. 0. 1. 0.]
 [0. 0. 1. 0.]
 [0. 0. 0. 1.]
 [0. 0. 0. 1.]
 [1. 0. 0. 0.]
 [0. 0. 1. 0.]
 [0. 0. 0. 1.]
 [0. 0. 1. 0.]]
States:
[[0.1 0.7]
 [0.2 0.7]
 [0.3 0.7]
 [0.3 0.8]
 [0.4 0.8]
 [0.4 0.8]
 [0.4 0.8]
 [0.4 0.9]
 [0.3 0.9]
 [0.4 0.9]
 [0.4 0.8]
 [0.4 0.9]
 [0.4 0.9]
 [0.3 0.9]
 [0.3 1. ]
 [0.2 1. ]
 [0.1 1. ]
 [0.1 1. ]
 [0.  1. ]
 [0.  1. ]
 [0.  0.9]
 [0.  0.8]
 [0.1 0.8]
 [0.  0.8]
 [0.  0.7]]
Logstds:
[[0. 0. 0. 0.]
 [0. 0. 0. 0.]
 [0. 0. 0. 0.]
 [0. 0. 0. 0.]
 [0. 0. 0. 0.]
 [0. 0. 0. 0.]
 [0. 0. 0. 0.]
 [0. 0. 0. 0.]
 [0. 0. 0. 0.]
 [0. 0. 0. 0.]
 [0. 0. 0. 0.]
 [0. 0. 0. 0.]
 [0. 0. 0. 0.]
 [0. 0. 0. 0.]
 [0. 0. 0. 0.]
 [0. 0. 0. 0.]
 [0. 0. 0. 0.]
 [0. 0. 0. 0.]
 [0. 0. 0. 0.]
 [0. 0. 0. 0.]
 [0. 0. 0. 0.]
 [0. 0. 0. 0.]
 [0. 0. 0. 0.]
 [0. 0. 0. 0.]
 [0. 0. 0. 0.]]
