Baseline:
[-10.56781  -10.284456 -10.284456 -10.621627 -10.901872 -11.191004
 -10.901872 -11.191004 -11.528863 -11.191004 -10.857162 -11.191004
 -10.901872 -11.191004 -10.901872 -11.243423 -11.528863 -11.817279
 -11.528863 -11.869587 -12.156598 -12.44502  -12.156598 -12.44502
 -12.784535 -12.784535]
Returns:
[-19.35714933 -19.14412482 -18.96516005 -18.57242738 -18.28326337
 -17.93500341 -17.5169527  -17.12836059 -16.50472787 -15.76270345
 -15.05261136 -14.37865221 -13.77342512 -13.18780525 -12.519902
 -11.69058073 -10.93607865 -10.09664233  -9.13633542  -8.03150433
  -6.97964235  -5.83261637  -4.52136044  -3.24495119  -1.69357419]
Advants:
[-9.23078315 -9.61272837 -9.76639007 -9.3748744  -9.15506884 -8.87734848
 -9.13475372 -8.85530278 -8.29627623 -8.31635998 -8.38886234 -7.83687403
 -8.00564417 -7.63000756 -7.78115532 -7.14913151 -6.66177963 -6.09870765
 -6.01892939 -5.17121842 -4.43971102 -3.61897351 -3.23158029 -2.30792551
 -1.05434704]
Mus:
[[0.24796636 0.27523673 0.2789434  0.19785348]
 [0.24515374 0.27291837 0.2831931  0.19873483]
 [0.24515374 0.27291837 0.2831931  0.19873483]
 [0.24626715 0.27472165 0.2823628  0.19664836]
 [0.24924172 0.27718598 0.2775636  0.19600873]
 [0.25160366 0.27844897 0.27444822 0.19549908]
 [0.24924172 0.27718598 0.2775636  0.19600873]
 [0.25160366 0.27844897 0.27444822 0.19549908]
 [0.2527904  0.28029448 0.273075   0.1938401 ]
 [0.25160366 0.27844897 0.27444822 0.19549908]
 [0.25020963 0.27651122 0.2760601  0.19721901]
 [0.25160366 0.27844897 0.27444822 0.19549908]
 [0.24924172 0.27718598 0.2775636  0.19600873]
 [0.25160366 0.27844897 0.27444822 0.19549908]
 [0.24924172 0.27718598 0.2775636  0.19600873]
 [0.25051224 0.2786596  0.2766165  0.19421163]
 [0.2527904  0.28029448 0.273075   0.1938401 ]
 [0.25507787 0.28148353 0.27006966 0.1933689 ]
 [0.2527904  0.28029448 0.273075   0.1938401 ]
 [0.25390837 0.2820259  0.27197886 0.19208688]
 [0.25586447 0.28340423 0.2688695  0.19186173]
 [0.25808397 0.2841792  0.266332   0.19140477]
 [0.25586447 0.28340423 0.2688695  0.19186173]
 [0.25808397 0.2841792  0.266332   0.19140477]
 [0.25859162 0.28600055 0.2651427  0.19026516]]
Actions:
[[0. 0. 1. 0.]
 [0. 0. 1. 0.]
 [0. 1. 0. 0.]
 [1. 0. 0. 0.]
 [1. 0. 0. 0.]
 [0. 0. 1. 0.]
 [1. 0. 0. 0.]
 [0. 1. 0. 0.]
 [0. 0. 0. 1.]
 [0. 0. 0. 1.]
 [0. 1. 0. 0.]
 [0. 0. 1. 0.]
 [1. 0. 0. 0.]
 [0. 0. 1. 0.]
 [0. 1. 0. 0.]
 [1. 0. 0. 0.]
 [1. 0. 0. 0.]
 [0. 0. 1. 0.]
 [0. 1. 0. 0.]
 [1. 0. 0. 0.]
 [1. 0. 0. 0.]
 [0. 0. 1. 0.]
 [1. 0. 0. 0.]
 [0. 1. 0. 0.]
 [0. 1. 0. 0.]]
States:
[[0.1 0.6]
 [0.  0.6]
 [0.  0.6]
 [0.  0.7]
 [0.1 0.7]
 [0.2 0.7]
 [0.1 0.7]
 [0.2 0.7]
 [0.2 0.8]
 [0.2 0.7]
 [0.2 0.6]
 [0.2 0.7]
 [0.1 0.7]
 [0.2 0.7]
 [0.1 0.7]
 [0.1 0.8]
 [0.2 0.8]
 [0.3 0.8]
 [0.2 0.8]
 [0.2 0.9]
 [0.3 0.9]
 [0.4 0.9]
 [0.3 0.9]
 [0.4 0.9]
 [0.4 1. ]]
Logstds:
[[0. 0. 0. 0.]
 [0. 0. 0. 0.]
 [0. 0. 0. 0.]
 [0. 0. 0. 0.]
 [0. 0. 0. 0.]
 [0. 0. 0. 0.]
 [0. 0. 0. 0.]
 [0. 0. 0. 0.]
 [0. 0. 0. 0.]
 [0. 0. 0. 0.]
 [0. 0. 0. 0.]
 [0. 0. 0. 0.]
 [0. 0. 0. 0.]
 [0. 0. 0. 0.]
 [0. 0. 0. 0.]
 [0. 0. 0. 0.]
 [0. 0. 0. 0.]
 [0. 0. 0. 0.]
 [0. 0. 0. 0.]
 [0. 0. 0. 0.]
 [0. 0. 0. 0.]
 [0. 0. 0. 0.]
 [0. 0. 0. 0.]
 [0. 0. 0. 0.]
 [0. 0. 0. 0.]]
