Baseline:
[-1.7165247 -1.7700952 -1.815805  -1.7619718 -1.815805  -1.8612238
 -1.8074874 -1.8074874 -1.7619718 -1.8074874 -1.8612238 -1.9164171
 -1.8709524 -1.9164171 -1.8612238 -1.9064721 -1.8543609 -1.8074874
 -1.8612238 -1.9064721 -1.9620138 -1.9164171 -1.9724928 -2.0315983
 -2.0315983 -2.0315983]
Returns:
[-13.22479606 -13.08456283 -12.91127895 -12.56364701 -12.35466485
 -12.10985483 -11.68210194 -11.27529531 -10.90662491 -10.62250533
 -10.2761223   -9.86663351  -9.33889455  -8.89860424  -8.25789335
  -7.76445548  -7.07025093  -6.44387032  -5.87755914  -5.25884053
  -4.54789045  -3.70300672  -2.90163051  -2.01228529  -1.03194118]
Advants:
[-9.18083762 -9.13869836 -9.07751601 -8.94588545 -8.85092472 -8.73387331
 -8.53621934 -8.30821722 -8.1691044  -8.02899435 -7.82217041 -7.55287837
 -7.26772324 -6.98085606 -6.59306012 -6.25227871 -5.80509037 -5.41916899
 -4.99002134 -4.51268156 -3.92500908 -3.29505441 -2.59484067 -1.78768918
 -0.93036127]
Mus:
[[0.26121724 0.2664132  0.25312385 0.2192457 ]
 [0.26163644 0.27011475 0.25023127 0.21801755]
 [0.26190236 0.27079847 0.2499197  0.21737947]
 [0.2615571  0.2665519  0.25272617 0.21916476]
 [0.26190236 0.27079847 0.2499197  0.21737947]
 [0.26159337 0.27103916 0.25024092 0.2171265 ]
 [0.2614564  0.26650968 0.25328302 0.21875083]
 [0.2614564  0.26650968 0.25328302 0.21875083]
 [0.2615571  0.2665519  0.25272617 0.21916476]
 [0.2614564  0.26650968 0.25328302 0.21875083]
 [0.26159337 0.27103916 0.25024092 0.2171265 ]
 [0.261404   0.2761095  0.24711935 0.2153671 ]
 [0.26139328 0.27560148 0.24711154 0.21589369]
 [0.261404   0.2761095  0.24711935 0.2153671 ]
 [0.26159337 0.27103916 0.25024092 0.2171265 ]
 [0.26139447 0.27110624 0.25089577 0.21660353]
 [0.26154423 0.2667453  0.25390416 0.21780635]
 [0.2614564  0.26650968 0.25328302 0.21875083]
 [0.26159337 0.27103916 0.25024092 0.2171265 ]
 [0.26139447 0.27110624 0.25089577 0.21660353]
 [0.26108986 0.27594823 0.24766493 0.21529701]
 [0.261404   0.2761095  0.24711935 0.2153671 ]
 [0.26145628 0.28072163 0.24355027 0.2142718 ]
 [0.26168966 0.28449368 0.24018049 0.21363623]
 [0.26168966 0.28449368 0.24018049 0.21363623]]
Actions:
[[0. 1. 0. 0.]
 [1. 0. 0. 0.]
 [0. 0. 0. 1.]
 [0. 1. 0. 0.]
 [1. 0. 0. 0.]
 [0. 0. 0. 1.]
 [0. 0. 0. 1.]
 [0. 0. 1. 0.]
 [1. 0. 0. 0.]
 [0. 1. 0. 0.]
 [0. 1. 0. 0.]
 [0. 0. 1. 0.]
 [1. 0. 0. 0.]
 [0. 0. 0. 1.]
 [1. 0. 0. 0.]
 [0. 0. 0. 1.]
 [0. 0. 1. 0.]
 [0. 1. 0. 0.]
 [1. 0. 0. 0.]
 [0. 1. 0. 0.]
 [0. 0. 1. 0.]
 [0. 1. 0. 0.]
 [0. 1. 0. 0.]
 [0. 1. 0. 0.]
 [0. 1. 0. 0.]]
States:
[[0.7 0. ]
 [0.7 0.1]
 [0.8 0.1]
 [0.8 0. ]
 [0.8 0.1]
 [0.9 0.1]
 [0.9 0. ]
 [0.9 0. ]
 [0.8 0. ]
 [0.9 0. ]
 [0.9 0.1]
 [0.9 0.2]
 [0.8 0.2]
 [0.9 0.2]
 [0.9 0.1]
 [1.  0.1]
 [1.  0. ]
 [0.9 0. ]
 [0.9 0.1]
 [1.  0.1]
 [1.  0.2]
 [0.9 0.2]
 [0.9 0.3]
 [0.9 0.4]
 [0.9 0.4]]
Logstds:
[[0. 0. 0. 0.]
 [0. 0. 0. 0.]
 [0. 0. 0. 0.]
 [0. 0. 0. 0.]
 [0. 0. 0. 0.]
 [0. 0. 0. 0.]
 [0. 0. 0. 0.]
 [0. 0. 0. 0.]
 [0. 0. 0. 0.]
 [0. 0. 0. 0.]
 [0. 0. 0. 0.]
 [0. 0. 0. 0.]
 [0. 0. 0. 0.]
 [0. 0. 0. 0.]
 [0. 0. 0. 0.]
 [0. 0. 0. 0.]
 [0. 0. 0. 0.]
 [0. 0. 0. 0.]
 [0. 0. 0. 0.]
 [0. 0. 0. 0.]
 [0. 0. 0. 0.]
 [0. 0. 0. 0.]
 [0. 0. 0. 0.]
 [0. 0. 0. 0.]
 [0. 0. 0. 0.]]
