Baseline:
[0.97767305 0.9350199  0.9209767  0.9350199  0.8925281  0.9350199
 0.8925281  0.8774341  0.8684939  0.8774341  0.8684939  0.8774341
 0.9209767  0.9350199  0.9209767  0.9111467  0.8684939  0.8684939
 0.8684939  0.8774341  0.9209767  0.96449715 0.9209767  0.8774341
 0.8774341  0.8774341 ]
Returns:
[-1.30836498 -1.2793901  -1.24734064 -1.20422384 -1.1848231  -1.08857702
 -1.0630896  -1.03507205 -1.01969965 -0.99026199 -0.97253118 -0.94061096
 -0.84414791 -0.77981044 -0.72146731 -0.67420476 -0.64947949 -0.63771911
 -0.6161545  -0.56547762 -0.44927071 -0.31356082 -0.24385074 -0.18537562
 -0.13867044]
Advants:
[-1.58827043 -1.52568842 -1.48798685 -1.46711997 -1.41221907 -1.36438948
 -1.30073725 -1.2609879  -1.23957204 -1.22158409 -1.19681153 -1.17518093
 -1.12208822 -1.07005146 -0.99353546 -0.93019572 -0.85395438 -0.83221196
 -0.79914802 -0.74364158 -0.65378724 -0.54009212 -0.40002195 -0.26572298
 -0.18254215]
Mus:
[[0.2527904  0.28029448 0.273075   0.1938401 ]
 [0.25160366 0.27844897 0.27444822 0.19549908]
 [0.24924172 0.27718598 0.2775636  0.19600873]
 [0.25160366 0.27844897 0.27444822 0.19549908]
 [0.25020963 0.27651122 0.2760601  0.19721901]
 [0.25160366 0.27844897 0.27444822 0.19549908]
 [0.25020963 0.27651122 0.2760601  0.19721901]
 [0.24796636 0.27523673 0.2789434  0.19785348]
 [0.24515374 0.27291837 0.2831931  0.19873483]
 [0.24796636 0.27523673 0.2789434  0.19785348]
 [0.24515374 0.27291837 0.2831931  0.19873483]
 [0.24796636 0.27523673 0.2789434  0.19785348]
 [0.24924172 0.27718598 0.2775636  0.19600873]
 [0.25160366 0.27844897 0.27444822 0.19549908]
 [0.24924172 0.27718598 0.2775636  0.19600873]
 [0.24626715 0.27472165 0.2823628  0.19664836]
 [0.24515374 0.27291837 0.2831931  0.19873483]
 [0.24515374 0.27291837 0.2831931  0.19873483]
 [0.24515374 0.27291837 0.2831931  0.19873483]
 [0.24796636 0.27523673 0.2789434  0.19785348]
 [0.24924172 0.27718598 0.2775636  0.19600873]
 [0.25051224 0.2786596  0.2766165  0.19421163]
 [0.24924172 0.27718598 0.2775636  0.19600873]
 [0.24796636 0.27523673 0.2789434  0.19785348]
 [0.24796636 0.27523673 0.2789434  0.19785348]]
Actions:
[[0. 0. 0. 1.]
 [0. 0. 1. 0.]
 [1. 0. 0. 0.]
 [0. 0. 0. 1.]
 [0. 1. 0. 0.]
 [0. 0. 0. 1.]
 [0. 0. 1. 0.]
 [0. 0. 1. 0.]
 [1. 0. 0. 0.]
 [0. 0. 1. 0.]
 [1. 0. 0. 0.]
 [0. 1. 0. 0.]
 [1. 0. 0. 0.]
 [0. 0. 1. 0.]
 [0. 0. 1. 0.]
 [0. 0. 0. 1.]
 [0. 0. 0. 1.]
 [0. 0. 1. 0.]
 [1. 0. 0. 0.]
 [0. 1. 0. 0.]
 [0. 1. 0. 0.]
 [0. 0. 0. 1.]
 [0. 0. 0. 1.]
 [0. 0. 0. 1.]
 [0. 1. 0. 0.]]
States:
[[0.2 0.8]
 [0.2 0.7]
 [0.1 0.7]
 [0.2 0.7]
 [0.2 0.6]
 [0.2 0.7]
 [0.2 0.6]
 [0.1 0.6]
 [0.  0.6]
 [0.1 0.6]
 [0.  0.6]
 [0.1 0.6]
 [0.1 0.7]
 [0.2 0.7]
 [0.1 0.7]
 [0.  0.7]
 [0.  0.6]
 [0.  0.6]
 [0.  0.6]
 [0.1 0.6]
 [0.1 0.7]
 [0.1 0.8]
 [0.1 0.7]
 [0.1 0.6]
 [0.1 0.6]]
Logstds:
[[0. 0. 0. 0.]
 [0. 0. 0. 0.]
 [0. 0. 0. 0.]
 [0. 0. 0. 0.]
 [0. 0. 0. 0.]
 [0. 0. 0. 0.]
 [0. 0. 0. 0.]
 [0. 0. 0. 0.]
 [0. 0. 0. 0.]
 [0. 0. 0. 0.]
 [0. 0. 0. 0.]
 [0. 0. 0. 0.]
 [0. 0. 0. 0.]
 [0. 0. 0. 0.]
 [0. 0. 0. 0.]
 [0. 0. 0. 0.]
 [0. 0. 0. 0.]
 [0. 0. 0. 0.]
 [0. 0. 0. 0.]
 [0. 0. 0. 0.]
 [0. 0. 0. 0.]
 [0. 0. 0. 0.]
 [0. 0. 0. 0.]
 [0. 0. 0. 0.]
 [0. 0. 0. 0.]]
