Baseline:
[ -9.999689   -9.700049   -9.402445   -9.402445   -9.645895   -9.943882
  -9.700049   -9.402445   -9.700049   -9.999689  -10.245678  -10.545947
 -10.789307  -10.486384  -10.7325535 -10.439159  -10.7325535 -10.985443
 -10.985443  -11.2801485 -10.985443  -11.2801485 -11.029783  -11.2801485
 -11.2801485 -11.2801485]
Returns:
[-16.75399812 -16.1712611  -15.61769664 -15.2611809  -15.14639028
 -14.91240648 -14.41674538 -13.77083798 -13.49244252 -13.13942649
 -12.81480735 -12.33753172 -11.89802111 -10.93747629 -10.45311854
  -9.44153908  -8.79076233  -8.16888072  -7.4880811   -6.64463533
  -5.34420817  -4.38792698  -3.12253091  -2.15155699  -1.10336256]
Advants:
[-7.50306615 -7.48389383 -7.50642639 -7.44110057 -7.38777545 -7.17024307
 -7.25185003 -7.25461542 -7.04177552 -6.76303167 -6.58053979 -6.20012504
 -5.92709707 -5.69389076 -5.40134142 -5.13623112 -4.65453059 -4.25457146
 -4.06797674 -3.43092979 -2.93789504 -2.20457961 -1.71992577 -1.03637117
 -0.53935528]
Mus:
[[0.25529966 0.28516638 0.23828538 0.22124866]
 [0.2553593  0.28294805 0.23984177 0.22185096]
 [0.25570232 0.28053162 0.2418136  0.22195251]
 [0.25570232 0.28053162 0.2418136  0.22195251]
 [0.25631383 0.28038588 0.24212594 0.22117443]
 [0.25595528 0.2827253  0.24014407 0.22117534]
 [0.2553593  0.28294805 0.23984177 0.22185096]
 [0.25570232 0.28053162 0.2418136  0.22195251]
 [0.2553593  0.28294805 0.23984177 0.22185096]
 [0.25529966 0.28516638 0.23828538 0.22124866]
 [0.25568086 0.28524476 0.23822485 0.22084953]
 [0.25544986 0.28817207 0.23637344 0.22000466]
 [0.2558718  0.2898044  0.23592407 0.21839972]
 [0.25630412 0.2866494  0.23789486 0.21915166]
 [0.25715348 0.28821462 0.23720406 0.21742778]
 [0.25779495 0.28501284 0.23922966 0.21796256]
 [0.25715348 0.28821462 0.23720406 0.21742778]
 [0.25784215 0.28955188 0.2363831  0.2162229 ]
 [0.25784215 0.28955188 0.2363831  0.2162229 ]
 [0.25704822 0.29309538 0.23421931 0.21563706]
 [0.25784215 0.28955188 0.2363831  0.2162229 ]
 [0.25704822 0.29309538 0.23421931 0.21563706]
 [0.25637874 0.29151708 0.23519515 0.21690899]
 [0.25704822 0.29309538 0.23421931 0.21563706]
 [0.25704822 0.29309538 0.23421931 0.21563706]]
Actions:
[[0. 0. 0. 1.]
 [0. 0. 0. 1.]
 [0. 0. 1. 0.]
 [1. 0. 0. 0.]
 [0. 1. 0. 0.]
 [0. 0. 1. 0.]
 [0. 0. 0. 1.]
 [0. 1. 0. 0.]
 [0. 1. 0. 0.]
 [1. 0. 0. 0.]
 [0. 1. 0. 0.]
 [1. 0. 0. 0.]
 [0. 0. 0. 1.]
 [1. 0. 0. 0.]
 [0. 0. 0. 1.]
 [0. 1. 0. 0.]
 [1. 0. 0. 0.]
 [1. 0. 0. 0.]
 [0. 1. 0. 0.]
 [0. 0. 0. 1.]
 [0. 1. 0. 0.]
 [0. 0. 1. 0.]
 [1. 0. 0. 0.]
 [1. 0. 0. 0.]
 [1. 0. 0. 0.]]
States:
[[0.  0.8]
 [0.  0.7]
 [0.  0.6]
 [0.  0.6]
 [0.1 0.6]
 [0.1 0.7]
 [0.  0.7]
 [0.  0.6]
 [0.  0.7]
 [0.  0.8]
 [0.1 0.8]
 [0.1 0.9]
 [0.2 0.9]
 [0.2 0.8]
 [0.3 0.8]
 [0.3 0.7]
 [0.3 0.8]
 [0.4 0.8]
 [0.4 0.8]
 [0.4 0.9]
 [0.4 0.8]
 [0.4 0.9]
 [0.3 0.9]
 [0.4 0.9]
 [0.4 0.9]]
Logstds:
[[0. 0. 0. 0.]
 [0. 0. 0. 0.]
 [0. 0. 0. 0.]
 [0. 0. 0. 0.]
 [0. 0. 0. 0.]
 [0. 0. 0. 0.]
 [0. 0. 0. 0.]
 [0. 0. 0. 0.]
 [0. 0. 0. 0.]
 [0. 0. 0. 0.]
 [0. 0. 0. 0.]
 [0. 0. 0. 0.]
 [0. 0. 0. 0.]
 [0. 0. 0. 0.]
 [0. 0. 0. 0.]
 [0. 0. 0. 0.]
 [0. 0. 0. 0.]
 [0. 0. 0. 0.]
 [0. 0. 0. 0.]
 [0. 0. 0. 0.]
 [0. 0. 0. 0.]
 [0. 0. 0. 0.]
 [0. 0. 0. 0.]
 [0. 0. 0. 0.]
 [0. 0. 0. 0.]]
