Baseline:
[0.11769221 0.11998754 0.12306634 0.11893849 0.12434915 0.12434915
 0.11961424 0.        ]
Returns:
[-2.21875716 -1.87902251 -1.55413016 -1.22330348 -0.92022436 -0.6341749
 -0.31589592]
Advants:
[-2.15581501 -1.864813   -1.58343964 -1.28201086 -1.01151788 -0.74611201
 -0.43551016]
Mus:
[[0.24827895 0.26860222 0.2809211  0.20219773]
 [0.24881975 0.26536024 0.2818042  0.20401584]
 [0.24854293 0.26212177 0.28331977 0.20601548]
 [0.2438608  0.26109055 0.28721163 0.207837  ]
 [0.24324597 0.25935122 0.28816402 0.20923875]
 [0.24324597 0.25935122 0.28816402 0.20923875]
 [0.23914075 0.25845698 0.2918959  0.21050641]]
Actions:
[[0. 0. 0. 1.]
 [0. 0. 0. 1.]
 [0. 0. 1. 0.]
 [0. 0. 0. 1.]
 [0. 0. 0. 1.]
 [0. 0. 1. 0.]
 [1. 0. 0. 0.]]
States:
[[0.2 0.3]
 [0.2 0.2]
 [0.2 0.1]
 [0.1 0.1]
 [0.1 0. ]
 [0.1 0. ]
 [0.  0. ]]
Logstds:
[[0. 0. 0. 0.]
 [0. 0. 0. 0.]
 [0. 0. 0. 0.]
 [0. 0. 0. 0.]
 [0. 0. 0. 0.]
 [0. 0. 0. 0.]
 [0. 0. 0. 0.]]
