Baseline:
[-0.11956355 -0.11956355 -0.11956355 -0.11956355 -0.11956355 -0.11956355
 -0.11956355 -0.11471435 -0.11471435 -0.11866713 -0.12210938 -0.12210938
 -0.12523551 -0.12523551 -0.12777317 -0.12458391 -0.12666802 -0.12458391
 -0.12666802 -0.13003893 -0.1354603  -0.1419382  -0.148611   -0.1567495
 -0.16568439 -0.16568439]
Returns:
[-9.96575049 -9.7200507  -9.46141934 -9.23506598 -8.95090911 -8.69768679
 -8.38524681 -8.03829305 -7.76481621 -7.45207126 -7.13525591 -6.76741736
 -6.3967881  -6.01791116 -5.63335816 -5.22638991 -4.85817152 -4.51500196
 -4.10934211 -3.69822754 -3.23288982 -2.71079646 -2.12824719 -1.48196495
 -0.76864582]
Advants:
[-7.63646999 -7.49945295 -7.35076381 -7.23671772 -7.0656469  -6.9273125
 -6.72988432 -6.50200847 -6.34403311 -6.14288132 -5.93810784 -5.6842147
 -5.42255198 -5.15359875 -4.87382403 -4.57401494 -4.30508655 -4.06346201
 -3.75104105 -3.42717975 -3.04020531 -2.58620855 -2.05969037 -1.45307529
 -0.76036161]
Mus:
[[0.26213208 0.28531942 0.23953825 0.21301027]
 [0.26213208 0.28531942 0.23953825 0.21301027]
 [0.26213208 0.28531942 0.23953825 0.21301027]
 [0.26213208 0.28531942 0.23953825 0.21301027]
 [0.26213208 0.28531942 0.23953825 0.21301027]
 [0.26213208 0.28531942 0.23953825 0.21301027]
 [0.26213208 0.28531942 0.23953825 0.21301027]
 [0.2616318  0.28082067 0.24340923 0.21413825]
 [0.2616318  0.28082067 0.24340923 0.21413825]
 [0.26145628 0.28072163 0.24355027 0.2142718 ]
 [0.26168966 0.28449368 0.24018049 0.21363623]
 [0.26168966 0.28449368 0.24018049 0.21363623]
 [0.26083913 0.28319848 0.24141394 0.21454845]
 [0.26083913 0.28319848 0.24141394 0.21454845]
 [0.260012   0.28206024 0.24247386 0.21545391]
 [0.26020825 0.27856544 0.24543029 0.21579607]
 [0.25950196 0.2771861  0.24672976 0.21658213]
 [0.26020825 0.27856544 0.24543029 0.21579607]
 [0.25950196 0.2771861  0.24672976 0.21658213]
 [0.25948626 0.28070253 0.24371035 0.21610075]
 [0.25983584 0.28368637 0.24090892 0.21556887]
 [0.25979668 0.28729433 0.238097   0.21481194]
 [0.2597676  0.29067332 0.23568544 0.21387368]
 [0.25962207 0.2935534  0.23368803 0.21313655]
 [0.2591561  0.2966036  0.23169684 0.2125435 ]]
Actions:
[[0. 1. 0. 0.]
 [0. 1. 0. 0.]
 [1. 0. 0. 0.]
 [0. 1. 0. 0.]
 [1. 0. 0. 0.]
 [0. 1. 0. 0.]
 [0. 0. 0. 1.]
 [1. 0. 0. 0.]
 [0. 0. 1. 0.]
 [0. 1. 0. 0.]
 [0. 1. 0. 0.]
 [0. 0. 1. 0.]
 [0. 1. 0. 0.]
 [0. 0. 1. 0.]
 [0. 0. 0. 1.]
 [0. 0. 1. 0.]
 [1. 0. 0. 0.]
 [0. 0. 1. 0.]
 [0. 1. 0. 0.]
 [0. 1. 0. 0.]
 [0. 1. 0. 0.]
 [0. 1. 0. 0.]
 [0. 1. 0. 0.]
 [0. 1. 0. 0.]
 [0. 0. 1. 0.]]
States:
[[1.  0.4]
 [1.  0.4]
 [1.  0.4]
 [1.  0.4]
 [1.  0.4]
 [1.  0.4]
 [1.  0.4]
 [1.  0.3]
 [1.  0.3]
 [0.9 0.3]
 [0.9 0.4]
 [0.9 0.4]
 [0.8 0.4]
 [0.8 0.4]
 [0.7 0.4]
 [0.7 0.3]
 [0.6 0.3]
 [0.7 0.3]
 [0.6 0.3]
 [0.6 0.4]
 [0.6 0.5]
 [0.6 0.6]
 [0.6 0.7]
 [0.6 0.8]
 [0.6 0.9]]
Logstds:
[[0. 0. 0. 0.]
 [0. 0. 0. 0.]
 [0. 0. 0. 0.]
 [0. 0. 0. 0.]
 [0. 0. 0. 0.]
 [0. 0. 0. 0.]
 [0. 0. 0. 0.]
 [0. 0. 0. 0.]
 [0. 0. 0. 0.]
 [0. 0. 0. 0.]
 [0. 0. 0. 0.]
 [0. 0. 0. 0.]
 [0. 0. 0. 0.]
 [0. 0. 0. 0.]
 [0. 0. 0. 0.]
 [0. 0. 0. 0.]
 [0. 0. 0. 0.]
 [0. 0. 0. 0.]
 [0. 0. 0. 0.]
 [0. 0. 0. 0.]
 [0. 0. 0. 0.]
 [0. 0. 0. 0.]
 [0. 0. 0. 0.]
 [0. 0. 0. 0.]
 [0. 0. 0. 0.]]
