Baseline:
[-1.8074874 -1.8543609 -1.8074874 -1.8543609 -1.8543609 -1.8543609
 -1.8074874 -1.8543609 -1.8074874 -1.8543609 -1.8074874 -1.8074874
 -1.7619718 -1.7619718 -1.815805  -1.8612238 -1.9064721 -1.9620138
 -2.0175712 -2.0175712 -1.9724928 -1.929035  -1.9876202 -1.943246
 -2.005353  -2.005353 ]
Returns:
[-13.26186696 -13.06935088 -12.75871237 -12.53971447 -12.27677203
 -11.99999051 -11.63306988 -11.35482763 -10.95395106 -10.63996572
 -10.20146484  -9.71672994  -9.26602978  -8.77001186  -8.36136468
  -7.90638098  -7.39444246  -6.79589249  -6.12049041  -5.40689039
  -4.56375223  -3.71303626  -2.90458023  -1.95756849  -1.04988766]
Advants:
[-9.13034031 -9.03982771 -8.92946453 -8.82183989 -8.72249258 -8.61468215
 -8.46810201 -8.32117519 -8.14959202 -7.97553223 -7.7745047  -7.48161425
 -7.27208544 -6.97304993 -6.71002887 -6.41060055 -6.05427592 -5.59792754
 -5.05894973 -4.53161561 -3.91100711 -3.27135006 -2.55937148 -1.79708943
 -0.94962001]
Mus:
[[0.2614564  0.26650968 0.25328302 0.21875083]
 [0.26154423 0.2667453  0.25390416 0.21780635]
 [0.2614564  0.26650968 0.25328302 0.21875083]
 [0.26154423 0.2667453  0.25390416 0.21780635]
 [0.26154423 0.2667453  0.25390416 0.21780635]
 [0.26154423 0.2667453  0.25390416 0.21780635]
 [0.2614564  0.26650968 0.25328302 0.21875083]
 [0.26154423 0.2667453  0.25390416 0.21780635]
 [0.2614564  0.26650968 0.25328302 0.21875083]
 [0.26154423 0.2667453  0.25390416 0.21780635]
 [0.2614564  0.26650968 0.25328302 0.21875083]
 [0.2614564  0.26650968 0.25328302 0.21875083]
 [0.2615571  0.2665519  0.25272617 0.21916476]
 [0.2615571  0.2665519  0.25272617 0.21916476]
 [0.26190236 0.27079847 0.2499197  0.21737947]
 [0.26159337 0.27103916 0.25024092 0.2171265 ]
 [0.26139447 0.27110624 0.25089577 0.21660353]
 [0.26108986 0.27594823 0.24766493 0.21529701]
 [0.2616318  0.28082067 0.24340923 0.21413825]
 [0.2616318  0.28082067 0.24340923 0.21413825]
 [0.26145628 0.28072163 0.24355027 0.2142718 ]
 [0.2609231  0.27987248 0.24427333 0.21493107]
 [0.26083913 0.28319848 0.24141394 0.21454845]
 [0.260012   0.28206024 0.24247386 0.21545391]
 [0.25992283 0.28558153 0.23953931 0.21495633]]
Actions:
[[1. 0. 0. 0.]
 [0. 0. 1. 0.]
 [1. 0. 0. 0.]
 [1. 0. 0. 0.]
 [1. 0. 0. 0.]
 [0. 0. 1. 0.]
 [1. 0. 0. 0.]
 [0. 0. 1. 0.]
 [1. 0. 0. 0.]
 [0. 0. 1. 0.]
 [0. 0. 0. 1.]
 [0. 0. 1. 0.]
 [0. 0. 0. 1.]
 [0. 1. 0. 0.]
 [1. 0. 0. 0.]
 [1. 0. 0. 0.]
 [0. 1. 0. 0.]
 [0. 1. 0. 0.]
 [1. 0. 0. 0.]
 [0. 0. 1. 0.]
 [0. 0. 1. 0.]
 [0. 1. 0. 0.]
 [0. 0. 1. 0.]
 [0. 1. 0. 0.]
 [0. 0. 1. 0.]]
States:
[[0.9 0. ]
 [1.  0. ]
 [0.9 0. ]
 [1.  0. ]
 [1.  0. ]
 [1.  0. ]
 [0.9 0. ]
 [1.  0. ]
 [0.9 0. ]
 [1.  0. ]
 [0.9 0. ]
 [0.9 0. ]
 [0.8 0. ]
 [0.8 0. ]
 [0.8 0.1]
 [0.9 0.1]
 [1.  0.1]
 [1.  0.2]
 [1.  0.3]
 [1.  0.3]
 [0.9 0.3]
 [0.8 0.3]
 [0.8 0.4]
 [0.7 0.4]
 [0.7 0.5]]
Logstds:
[[0. 0. 0. 0.]
 [0. 0. 0. 0.]
 [0. 0. 0. 0.]
 [0. 0. 0. 0.]
 [0. 0. 0. 0.]
 [0. 0. 0. 0.]
 [0. 0. 0. 0.]
 [0. 0. 0. 0.]
 [0. 0. 0. 0.]
 [0. 0. 0. 0.]
 [0. 0. 0. 0.]
 [0. 0. 0. 0.]
 [0. 0. 0. 0.]
 [0. 0. 0. 0.]
 [0. 0. 0. 0.]
 [0. 0. 0. 0.]
 [0. 0. 0. 0.]
 [0. 0. 0. 0.]
 [0. 0. 0. 0.]
 [0. 0. 0. 0.]
 [0. 0. 0. 0.]
 [0. 0. 0. 0.]
 [0. 0. 0. 0.]
 [0. 0. 0. 0.]
 [0. 0. 0. 0.]]
