Baseline:
[-9.860999 -9.57724  -9.324224 -9.324224 -9.07359  -8.830444 -9.07359
 -8.830444 -8.830444 -9.07359  -8.800497 -9.07359  -9.07359  -8.830444
 -8.830444 -8.563589 -8.830444 -8.563589 -8.563589 -8.800497 -8.563589
 -8.295889 -8.295889 -8.531906 -8.295889 -8.295889]
Returns:
[-14.28076583 -13.64559104 -13.19003961 -12.93578208 -12.48274063
 -12.04733358 -11.85772787 -11.38942541 -10.93638234 -10.68830551
  -9.99091413  -9.64746208  -9.2350345   -8.62869555  -8.03035091
  -7.22818548  -6.76707589  -5.89842231  -5.21657574  -4.71476731
  -3.9315655   -2.97568457  -2.19794787  -1.58330422  -0.69380885]
Advants:
[-5.16503004 -5.00292634 -4.99956593 -4.95358708 -4.97094228 -5.01121729
 -4.81742779 -4.84462533 -4.65142187 -4.4269824  -4.27907042 -3.9433885
 -3.82299474 -3.76547932 -3.48034644 -3.26837358 -2.86877663 -2.60470585
 -2.26826912 -1.8815405  -1.70032339 -1.387035   -0.9920734  -0.5304865
 -0.27901459]
Mus:
[[0.25790602 0.27819282 0.24526347 0.21863773]
 [0.2577019  0.27532676 0.24815924 0.21881211]
 [0.25748262 0.27501577 0.24782099 0.21968059]
 [0.25748262 0.27501577 0.24782099 0.21968059]
 [0.25709718 0.2749477  0.24724294 0.2207122 ]
 [0.2562672  0.27548006 0.24728444 0.22096835]
 [0.25709718 0.2749477  0.24724294 0.2207122 ]
 [0.2562672  0.27548006 0.24728444 0.22096835]
 [0.2562672  0.27548006 0.24728444 0.22096835]
 [0.25709718 0.2749477  0.24724294 0.2207122 ]
 [0.2560523  0.27317333 0.25027758 0.22049676]
 [0.25709718 0.2749477  0.24724294 0.2207122 ]
 [0.25709718 0.2749477  0.24724294 0.2207122 ]
 [0.2562672  0.27548006 0.24728444 0.22096835]
 [0.2562672  0.27548006 0.24728444 0.22096835]
 [0.2551397  0.27375317 0.25066695 0.22044027]
 [0.2562672  0.27548006 0.24728444 0.22096835]
 [0.2551397  0.27375317 0.25066695 0.22044027]
 [0.2551397  0.27375317 0.25066695 0.22044027]
 [0.2560523  0.27317333 0.25027758 0.22049676]
 [0.2551397  0.27375317 0.25066695 0.22044027]
 [0.25413185 0.27175236 0.25380087 0.22031493]
 [0.25413185 0.27175236 0.25380087 0.22031493]
 [0.25527823 0.27115825 0.2531449  0.22041859]
 [0.25413185 0.27175236 0.25380087 0.22031493]]
Actions:
[[0. 0. 0. 1.]
 [0. 0. 1. 0.]
 [0. 1. 0. 0.]
 [0. 0. 1. 0.]
 [0. 0. 1. 0.]
 [1. 0. 0. 0.]
 [0. 0. 1. 0.]
 [0. 0. 1. 0.]
 [1. 0. 0. 0.]
 [0. 0. 0. 1.]
 [0. 1. 0. 0.]
 [0. 1. 0. 0.]
 [0. 0. 1. 0.]
 [0. 0. 1. 0.]
 [0. 0. 0. 1.]
 [0. 1. 0. 0.]
 [0. 0. 0. 1.]
 [0. 0. 1. 0.]
 [1. 0. 0. 0.]
 [0. 0. 1. 0.]
 [0. 0. 0. 1.]
 [0. 0. 1. 0.]
 [1. 0. 0. 0.]
 [0. 0. 1. 0.]
 [1. 0. 0. 0.]]
States:
[[0.3 0.5]
 [0.3 0.4]
 [0.2 0.4]
 [0.2 0.4]
 [0.1 0.4]
 [0.  0.4]
 [0.1 0.4]
 [0.  0.4]
 [0.  0.4]
 [0.1 0.4]
 [0.1 0.3]
 [0.1 0.4]
 [0.1 0.4]
 [0.  0.4]
 [0.  0.4]
 [0.  0.3]
 [0.  0.4]
 [0.  0.3]
 [0.  0.3]
 [0.1 0.3]
 [0.  0.3]
 [0.  0.2]
 [0.  0.2]
 [0.1 0.2]
 [0.  0.2]]
Logstds:
[[0. 0. 0. 0.]
 [0. 0. 0. 0.]
 [0. 0. 0. 0.]
 [0. 0. 0. 0.]
 [0. 0. 0. 0.]
 [0. 0. 0. 0.]
 [0. 0. 0. 0.]
 [0. 0. 0. 0.]
 [0. 0. 0. 0.]
 [0. 0. 0. 0.]
 [0. 0. 0. 0.]
 [0. 0. 0. 0.]
 [0. 0. 0. 0.]
 [0. 0. 0. 0.]
 [0. 0. 0. 0.]
 [0. 0. 0. 0.]
 [0. 0. 0. 0.]
 [0. 0. 0. 0.]
 [0. 0. 0. 0.]
 [0. 0. 0. 0.]
 [0. 0. 0. 0.]
 [0. 0. 0. 0.]
 [0. 0. 0. 0.]
 [0. 0. 0. 0.]
 [0. 0. 0. 0.]]
