Baseline:
[-1.4215008 -1.475932  -1.475932  -1.4319898 -1.3768479 -1.4319898
 -1.4893608 -1.5321821 -1.5321821 -1.475932  -1.475932  -1.4215008
 -1.475932  -1.4215008 -1.4215008 -1.4215008 -1.475932  -1.4319898
 -1.4893608 -1.445024  -1.389334  -1.4319898 -1.3768479 -1.3327272
 -1.2781597 -1.2781597]
Returns:
[-15.58470391 -15.26310016 -14.94434985 -14.54674981 -14.19312374
 -13.83994848 -13.42682845 -13.01198866 -12.47276772 -11.92299054
 -11.42844499 -10.86754636 -10.29767116  -9.67725813  -9.10444246
  -8.50147861  -7.80707353  -7.03382736  -6.26249043  -5.40804804
  -4.57122038  -3.77061717  -2.84982623  -1.90308936  -0.97084254]
Advants:
[-11.18972892 -10.98679934 -10.8460425  -10.67460313 -10.56462843
 -10.34825113 -10.07149925  -9.80992702  -9.46682239  -9.17085448
  -8.8754024   -8.56932473  -8.14317027  -7.7747158   -7.39853835
  -6.99031541  -6.42964957  -5.88199008  -5.22476994  -4.57570595
  -3.94516999  -3.23926148  -2.49589088  -1.69805376  -0.90693462]
Mus:
[[0.27411455 0.26293564 0.2663685  0.19658132]
 [0.2746262  0.26567322 0.26405904 0.19564156]
 [0.2746262  0.26567322 0.26405904 0.19564156]
 [0.2730036  0.26691929 0.26429424 0.19578291]
 [0.2727185  0.26373005 0.26669902 0.1968524 ]
 [0.2730036  0.26691929 0.26429424 0.19578291]
 [0.27307528 0.27008778 0.26181394 0.19502299]
 [0.27479967 0.26894513 0.26138732 0.19486786]
 [0.27479967 0.26894513 0.26138732 0.19486786]
 [0.2746262  0.26567322 0.26405904 0.19564156]
 [0.2746262  0.26567322 0.26405904 0.19564156]
 [0.27411455 0.26293564 0.2663685  0.19658132]
 [0.2746262  0.26567322 0.26405904 0.19564156]
 [0.27411455 0.26293564 0.2663685  0.19658132]
 [0.27411455 0.26293564 0.2663685  0.19658132]
 [0.27411455 0.26293564 0.2663685  0.19658132]
 [0.2746262  0.26567322 0.26405904 0.19564156]
 [0.2730036  0.26691929 0.26429424 0.19578291]
 [0.27307528 0.27008778 0.26181394 0.19502299]
 [0.2712291  0.27111375 0.2626056  0.1950515 ]
 [0.27073106 0.2681101  0.2649357  0.19622315]
 [0.2730036  0.26691929 0.26429424 0.19578291]
 [0.2727185  0.26373005 0.26669902 0.1968524 ]
 [0.27025497 0.26483846 0.26748982 0.19741683]
 [0.26942575 0.26173177 0.27014214 0.1987003 ]]
Actions:
[[0. 1. 0. 0.]
 [1. 0. 0. 0.]
 [0. 0. 1. 0.]
 [0. 0. 0. 1.]
 [0. 1. 0. 0.]
 [0. 1. 0. 0.]
 [1. 0. 0. 0.]
 [0. 1. 0. 0.]
 [0. 0. 0. 1.]
 [1. 0. 0. 0.]
 [0. 0. 0. 1.]
 [0. 1. 0. 0.]
 [0. 0. 0. 1.]
 [1. 0. 0. 0.]
 [1. 0. 0. 0.]
 [0. 1. 0. 0.]
 [0. 0. 1. 0.]
 [0. 1. 0. 0.]
 [0. 0. 1. 0.]
 [0. 0. 0. 1.]
 [1. 0. 0. 0.]
 [0. 0. 0. 1.]
 [0. 0. 1. 0.]
 [0. 0. 0. 1.]
 [0. 1. 0. 0.]]
States:
[[1.  0.2]
 [1.  0.3]
 [1.  0.3]
 [0.9 0.3]
 [0.9 0.2]
 [0.9 0.3]
 [0.9 0.4]
 [1.  0.4]
 [1.  0.4]
 [1.  0.3]
 [1.  0.3]
 [1.  0.2]
 [1.  0.3]
 [1.  0.2]
 [1.  0.2]
 [1.  0.2]
 [1.  0.3]
 [0.9 0.3]
 [0.9 0.4]
 [0.8 0.4]
 [0.8 0.3]
 [0.9 0.3]
 [0.9 0.2]
 [0.8 0.2]
 [0.8 0.1]]
Logstds:
[[0. 0. 0. 0.]
 [0. 0. 0. 0.]
 [0. 0. 0. 0.]
 [0. 0. 0. 0.]
 [0. 0. 0. 0.]
 [0. 0. 0. 0.]
 [0. 0. 0. 0.]
 [0. 0. 0. 0.]
 [0. 0. 0. 0.]
 [0. 0. 0. 0.]
 [0. 0. 0. 0.]
 [0. 0. 0. 0.]
 [0. 0. 0. 0.]
 [0. 0. 0. 0.]
 [0. 0. 0. 0.]
 [0. 0. 0. 0.]
 [0. 0. 0. 0.]
 [0. 0. 0. 0.]
 [0. 0. 0. 0.]
 [0. 0. 0. 0.]
 [0. 0. 0. 0.]
 [0. 0. 0. 0.]
 [0. 0. 0. 0.]
 [0. 0. 0. 0.]
 [0. 0. 0. 0.]]
