Baseline:
[1.0210018 1.0643462 1.0873529 1.0453584 1.0873529 1.0873529 1.1140306
 1.1140306 1.0873529 1.0873529 1.0453584 1.0873529 1.0643462 1.0520623
 1.0520623 1.0643462 1.0520623 1.0427556 1.0427556 1.0427556 1.0427556
 1.0427556 1.0427556 1.0520623 1.0643462 1.0643462]
Returns:
[-2.43678427 -2.36684994 -2.32661779 -2.30889341 -2.21971458 -2.11272515
 -2.04541998 -1.91559408 -1.84496627 -1.71825325 -1.66850967 -1.54562644
 -1.46870667 -1.40000501 -1.27456348 -1.19035186 -1.10699994 -1.03173426
 -0.96624579 -0.83069188 -0.68800356 -0.60442399 -0.44982684 -0.33447228
 -0.20078218]
Advants:
[-2.43712064 -2.42970255 -2.43274934 -2.39318278 -2.36640804 -2.27825795
 -2.25681824 -2.1437994  -2.06172314 -1.9476178  -1.86672423 -1.79510197
 -1.70214097 -1.62620945 -1.50237289 -1.42996235 -1.3308447  -1.23987829
 -1.16542565 -1.01595155 -0.85374418 -0.74639785 -0.56122796 -0.41872309
 -0.25399947]
Mus:
[[0.25390837 0.2820259  0.27197886 0.19208688]
 [0.2544932  0.28347293 0.2713463  0.19068755]
 [0.2565149  0.28498226 0.268045   0.19045782]
 [0.25586447 0.28340423 0.2688695  0.19186173]
 [0.2565149  0.28498226 0.268045   0.19045782]
 [0.2565149  0.28498226 0.268045   0.19045782]
 [0.25859162 0.28600055 0.2651427  0.19026516]
 [0.25859162 0.28600055 0.2651427  0.19026516]
 [0.2565149  0.28498226 0.268045   0.19045782]
 [0.2565149  0.28498226 0.268045   0.19045782]
 [0.25586447 0.28340423 0.2688695  0.19186173]
 [0.2565149  0.28498226 0.268045   0.19045782]
 [0.2544932  0.28347293 0.2713463  0.19068755]
 [0.25180733 0.2815765  0.27556732 0.19104876]
 [0.25180733 0.2815765  0.27556732 0.19104876]
 [0.2544932  0.28347293 0.2713463  0.19068755]
 [0.25180733 0.2815765  0.27556732 0.19104876]
 [0.24891886 0.2795183  0.28047144 0.19109136]
 [0.24891886 0.2795183  0.28047144 0.19109136]
 [0.24891886 0.2795183  0.28047144 0.19109136]
 [0.24891886 0.2795183  0.28047144 0.19109136]
 [0.24891886 0.2795183  0.28047144 0.19109136]
 [0.24891886 0.2795183  0.28047144 0.19109136]
 [0.25180733 0.2815765  0.27556732 0.19104876]
 [0.2544932  0.28347293 0.2713463  0.19068755]]
Actions:
[[0. 1. 0. 0.]
 [1. 0. 0. 0.]
 [0. 0. 0. 1.]
 [0. 1. 0. 0.]
 [0. 1. 0. 0.]
 [1. 0. 0. 0.]
 [0. 1. 0. 0.]
 [0. 0. 1. 0.]
 [0. 1. 0. 0.]
 [0. 0. 0. 1.]
 [0. 1. 0. 0.]
 [0. 0. 1. 0.]
 [0. 0. 1. 0.]
 [0. 1. 0. 0.]
 [1. 0. 0. 0.]
 [0. 0. 1. 0.]
 [0. 0. 1. 0.]
 [0. 0. 1. 0.]
 [0. 1. 0. 0.]
 [0. 1. 0. 0.]
 [0. 0. 1. 0.]
 [0. 1. 0. 0.]
 [1. 0. 0. 0.]
 [1. 0. 0. 0.]
 [0. 1. 0. 0.]]
States:
[[0.2 0.9]
 [0.2 1. ]
 [0.3 1. ]
 [0.3 0.9]
 [0.3 1. ]
 [0.3 1. ]
 [0.4 1. ]
 [0.4 1. ]
 [0.3 1. ]
 [0.3 1. ]
 [0.3 0.9]
 [0.3 1. ]
 [0.2 1. ]
 [0.1 1. ]
 [0.1 1. ]
 [0.2 1. ]
 [0.1 1. ]
 [0.  1. ]
 [0.  1. ]
 [0.  1. ]
 [0.  1. ]
 [0.  1. ]
 [0.  1. ]
 [0.1 1. ]
 [0.2 1. ]]
Logstds:
[[0. 0. 0. 0.]
 [0. 0. 0. 0.]
 [0. 0. 0. 0.]
 [0. 0. 0. 0.]
 [0. 0. 0. 0.]
 [0. 0. 0. 0.]
 [0. 0. 0. 0.]
 [0. 0. 0. 0.]
 [0. 0. 0. 0.]
 [0. 0. 0. 0.]
 [0. 0. 0. 0.]
 [0. 0. 0. 0.]
 [0. 0. 0. 0.]
 [0. 0. 0. 0.]
 [0. 0. 0. 0.]
 [0. 0. 0. 0.]
 [0. 0. 0. 0.]
 [0. 0. 0. 0.]
 [0. 0. 0. 0.]
 [0. 0. 0. 0.]
 [0. 0. 0. 0.]
 [0. 0. 0. 0.]
 [0. 0. 0. 0.]
 [0. 0. 0. 0.]
 [0. 0. 0. 0.]]
