Baseline:
[-12.159093 -11.865275 -12.217683 -11.865275 -11.512378 -11.219657
 -11.571427 -11.923837 -12.275544 -11.923837 -11.629775 -11.629775
 -11.277766 -10.985948 -10.699145 -10.985948 -10.699145 -10.417566
 -10.699145 -10.985948 -10.699145 -10.985948 -10.699145 -10.699145
 -10.985948 -10.985948]
Returns:
[-17.9995756  -17.66729253 -17.0391111  -16.39462065 -15.8024892
 -15.50638943 -14.87219941 -14.13481173 -13.28845585 -12.41459484
 -11.81820186 -11.24469741 -10.40455776  -9.85351317  -9.32595289
  -8.61170242  -8.01878369  -7.44295145  -6.67659359  -5.82290316
  -5.08320552  -4.14565255  -3.31767856  -2.08900062  -0.99385792]
Advants:
[-6.95847705 -7.19469397 -6.48186035 -6.47130812 -6.53018877 -6.85021542
 -6.1847166  -5.4089762  -4.51466899 -4.30599896 -4.33450428 -4.10228275
 -3.96941112 -4.08769054 -4.24914967 -3.65361827 -3.77810001 -3.94202702
 -3.35889054 -2.68752046 -2.72970303 -2.00473424 -1.98875217 -1.2920034
 -0.444561  ]
Mus:
[[0.26506147 0.27183095 0.26759323 0.19551438]
 [0.26123327 0.27195993 0.27048087 0.19632599]
 [0.26058388 0.27552563 0.26891318 0.19497737]
 [0.26123327 0.27195993 0.27048087 0.19632599]
 [0.26133934 0.26890627 0.27210242 0.19765206]
 [0.25725248 0.26884857 0.2747546  0.19914436]
 [0.25677955 0.27203348 0.2734272  0.19775978]
 [0.25602612 0.27602908 0.2717875  0.19615735]
 [0.25606734 0.27875936 0.27041394 0.19475937]
 [0.25602612 0.27602908 0.2717875  0.19615735]
 [0.25213057 0.2755329  0.27473772 0.19759884]
 [0.25213057 0.2755329  0.27473772 0.19759884]
 [0.2523132  0.27232686 0.27621904 0.19914082]
 [0.24885069 0.2715303  0.2792185  0.20040055]
 [0.24587768 0.2701126  0.28248024 0.20152938]
 [0.24885069 0.2715303  0.2792185  0.20040055]
 [0.24587768 0.2701126  0.28248024 0.20152938]
 [0.24300815 0.26813772 0.28632778 0.20252633]
 [0.24587768 0.2701126  0.28248024 0.20152938]
 [0.24885069 0.2715303  0.2792185  0.20040055]
 [0.24587768 0.2701126  0.28248024 0.20152938]
 [0.24885069 0.2715303  0.2792185  0.20040055]
 [0.24587768 0.2701126  0.28248024 0.20152938]
 [0.24587768 0.2701126  0.28248024 0.20152938]
 [0.24885069 0.2715303  0.2792185  0.20040055]]
Actions:
[[0. 0. 1. 0.]
 [0. 1. 0. 0.]
 [0. 0. 0. 1.]
 [0. 0. 0. 1.]
 [0. 0. 1. 0.]
 [0. 1. 0. 0.]
 [0. 1. 0. 0.]
 [0. 1. 0. 0.]
 [0. 0. 0. 1.]
 [0. 0. 1. 0.]
 [0. 0. 1. 0.]
 [0. 0. 0. 1.]
 [0. 0. 1. 0.]
 [0. 0. 1. 0.]
 [1. 0. 0. 0.]
 [0. 0. 1. 0.]
 [0. 0. 1. 0.]
 [1. 0. 0. 0.]
 [1. 0. 0. 0.]
 [0. 0. 1. 0.]
 [1. 0. 0. 0.]
 [0. 0. 1. 0.]
 [0. 1. 0. 0.]
 [1. 0. 0. 0.]
 [0. 0. 1. 0.]]
States:
[[0.6 0.4]
 [0.5 0.4]
 [0.5 0.5]
 [0.5 0.4]
 [0.5 0.3]
 [0.4 0.3]
 [0.4 0.4]
 [0.4 0.5]
 [0.4 0.6]
 [0.4 0.5]
 [0.3 0.5]
 [0.3 0.5]
 [0.3 0.4]
 [0.2 0.4]
 [0.1 0.4]
 [0.2 0.4]
 [0.1 0.4]
 [0.  0.4]
 [0.1 0.4]
 [0.2 0.4]
 [0.1 0.4]
 [0.2 0.4]
 [0.1 0.4]
 [0.1 0.4]
 [0.2 0.4]]
Logstds:
[[0. 0. 0. 0.]
 [0. 0. 0. 0.]
 [0. 0. 0. 0.]
 [0. 0. 0. 0.]
 [0. 0. 0. 0.]
 [0. 0. 0. 0.]
 [0. 0. 0. 0.]
 [0. 0. 0. 0.]
 [0. 0. 0. 0.]
 [0. 0. 0. 0.]
 [0. 0. 0. 0.]
 [0. 0. 0. 0.]
 [0. 0. 0. 0.]
 [0. 0. 0. 0.]
 [0. 0. 0. 0.]
 [0. 0. 0. 0.]
 [0. 0. 0. 0.]
 [0. 0. 0. 0.]
 [0. 0. 0. 0.]
 [0. 0. 0. 0.]
 [0. 0. 0. 0.]
 [0. 0. 0. 0.]
 [0. 0. 0. 0.]
 [0. 0. 0. 0.]
 [0. 0. 0. 0.]]
