Baseline:
[0.72646844 0.6947886  0.72646844 0.6947886  0.67757195 0.71219975
 0.67757195 0.71219975 0.72646844 0.6947886  0.67757195 0.64771813
 0.6323659  0.6622453  0.6323659  0.64771813 0.6323659  0.6191696
 0.6191696  0.65076596 0.68769985 0.68769985 0.7002395  0.68769985
 0.65076596 0.65076596]
Returns:
[-1.30016044 -1.25263644 -1.19353534 -1.14039949 -1.11730454 -1.0617936
 -1.01063908 -0.94951417 -0.88725983 -0.81800422 -0.77794109 -0.72773116
 -0.70747042 -0.65536926 -0.60762152 -0.56397034 -0.53509061 -0.51452716
 -0.48329902 -0.42874549 -0.35642698 -0.30998621 -0.23386916 -0.17078621
 -0.09013987]
Advants:
[-1.45628254 -1.3887221  -1.37308809 -1.29844055 -1.26791657 -1.25700893
 -1.17939884 -1.16095063 -1.12021548 -1.02402643 -0.97012588 -0.89125305
 -0.85583098 -0.83312909 -0.75258013 -0.72023525 -0.67024465 -0.62919163
 -0.58908308 -0.555779   -0.50807163 -0.44682207 -0.365208   -0.26767346
 -0.12267816]
Mus:
[[0.2570938  0.27074558 0.25239378 0.2197668 ]
 [0.2568896  0.2685498  0.25433213 0.22022846]
 [0.2570938  0.27074558 0.25239378 0.2197668 ]
 [0.2568896  0.2685498  0.25433213 0.22022846]
 [0.25560227 0.26847625 0.255111   0.22081047]
 [0.25605038 0.27073014 0.2528868  0.22033265]
 [0.25560227 0.26847625 0.255111   0.22081047]
 [0.25605038 0.27073014 0.2528868  0.22033265]
 [0.2570938  0.27074558 0.25239378 0.2197668 ]
 [0.2568896  0.2685498  0.25433213 0.22022846]
 [0.25560227 0.26847625 0.255111   0.22081047]
 [0.25518367 0.26627228 0.257706   0.22083811]
 [0.25402623 0.2659497  0.25912005 0.22090395]
 [0.25463745 0.26869732 0.25607818 0.22058704]
 [0.25402623 0.2659497  0.25912005 0.22090395]
 [0.25518367 0.26627228 0.257706   0.22083811]
 [0.25402623 0.2659497  0.25912005 0.22090395]
 [0.25277823 0.26619062 0.2601554  0.22087568]
 [0.25277823 0.26619062 0.2601554  0.22087568]
 [0.25345308 0.26914    0.257082   0.22032495]
 [0.25413185 0.27175236 0.25380087 0.22031493]
 [0.25413185 0.27175236 0.25380087 0.22031493]
 [0.25527823 0.27115825 0.2531449  0.22041859]
 [0.25413185 0.27175236 0.25380087 0.22031493]
 [0.25345308 0.26914    0.257082   0.22032495]]
Actions:
[[0. 0. 0. 1.]
 [0. 1. 0. 0.]
 [0. 0. 0. 1.]
 [0. 0. 1. 0.]
 [0. 1. 0. 0.]
 [0. 0. 0. 1.]
 [0. 1. 0. 0.]
 [1. 0. 0. 0.]
 [0. 0. 0. 1.]
 [0. 0. 1. 0.]
 [0. 0. 0. 1.]
 [0. 0. 1. 0.]
 [0. 1. 0. 0.]
 [0. 0. 0. 1.]
 [1. 0. 0. 0.]
 [0. 0. 1. 0.]
 [0. 0. 1. 0.]
 [0. 0. 0. 1.]
 [0. 1. 0. 0.]
 [0. 1. 0. 0.]
 [0. 0. 1. 0.]
 [1. 0. 0. 0.]
 [0. 0. 1. 0.]
 [0. 0. 0. 1.]
 [0. 1. 0. 0.]]
States:
[[0.3 0.2]
 [0.3 0.1]
 [0.3 0.2]
 [0.3 0.1]
 [0.2 0.1]
 [0.2 0.2]
 [0.2 0.1]
 [0.2 0.2]
 [0.3 0.2]
 [0.3 0.1]
 [0.2 0.1]
 [0.2 0. ]
 [0.1 0. ]
 [0.1 0.1]
 [0.1 0. ]
 [0.2 0. ]
 [0.1 0. ]
 [0.  0. ]
 [0.  0. ]
 [0.  0.1]
 [0.  0.2]
 [0.  0.2]
 [0.1 0.2]
 [0.  0.2]
 [0.  0.1]]
Logstds:
[[0. 0. 0. 0.]
 [0. 0. 0. 0.]
 [0. 0. 0. 0.]
 [0. 0. 0. 0.]
 [0. 0. 0. 0.]
 [0. 0. 0. 0.]
 [0. 0. 0. 0.]
 [0. 0. 0. 0.]
 [0. 0. 0. 0.]
 [0. 0. 0. 0.]
 [0. 0. 0. 0.]
 [0. 0. 0. 0.]
 [0. 0. 0. 0.]
 [0. 0. 0. 0.]
 [0. 0. 0. 0.]
 [0. 0. 0. 0.]
 [0. 0. 0. 0.]
 [0. 0. 0. 0.]
 [0. 0. 0. 0.]
 [0. 0. 0. 0.]
 [0. 0. 0. 0.]
 [0. 0. 0. 0.]
 [0. 0. 0. 0.]
 [0. 0. 0. 0.]
 [0. 0. 0. 0.]]
