Baseline:
[-1.3231868 -1.2781597 -1.3231868 -1.3676285 -1.4215008 -1.475932
 -1.4215008 -1.3676285 -1.3231868 -1.2781597 -1.2254492 -1.2711824
 -1.2254492 -1.1797905 -1.1797905 -1.2254492 -1.2254492 -1.1797905
 -1.2326267 -1.1881543 -1.1347598 -1.1347598 -1.1881543 -1.1881543
 -1.2326267 -1.2326267]
Returns:
[-13.82057945 -13.49556677 -13.24278616 -12.93839448 -12.51879634
 -12.03582904 -11.506898   -10.99379083 -10.47620694  -9.97517465
  -9.51254416  -9.09041449  -8.55897241  -8.04171618  -7.56343423
  -7.07644418  -6.50558123  -5.88025178  -5.24409641  -4.55110526
  -3.88498482  -3.22796435  -2.49102242  -1.69435126  -0.89732397]
Advants:
[-9.96866938 -9.85112693 -9.72039005 -9.542071   -9.23899706 -8.8698901
 -8.56334286 -8.27216473 -7.96676242 -7.67868313 -7.4383163  -7.13998039
 -6.82321809 -6.52037361 -6.21042808 -5.84398227 -5.43582504 -5.01479243
 -4.476644   -3.97176086 -3.49595632 -2.96720087 -2.29161262 -1.59482534
 -0.83569264]
Mus:
[[0.2716644  0.26121718 0.26908854 0.1980299 ]
 [0.26942575 0.26173177 0.27014214 0.1987003 ]
 [0.2716644  0.26121718 0.26908854 0.1980299 ]
 [0.27337047 0.26058477 0.26844305 0.19760163]
 [0.27411455 0.26293564 0.2663685  0.19658132]
 [0.2746262  0.26567322 0.26405904 0.19564156]
 [0.27411455 0.26293564 0.2663685  0.19658132]
 [0.27337047 0.26058477 0.26844305 0.19760163]
 [0.2716644  0.26121718 0.26908854 0.1980299 ]
 [0.26942575 0.26173177 0.27014214 0.1987003 ]
 [0.26785615 0.25958893 0.272403   0.20015188]
 [0.27045357 0.25918248 0.27103743 0.19932657]
 [0.26785615 0.25958893 0.272403   0.20015188]
 [0.2652432  0.26003522 0.27376205 0.20095958]
 [0.2652432  0.26003522 0.27376205 0.20095958]
 [0.26785615 0.25958893 0.272403   0.20015188]
 [0.26785615 0.25958893 0.272403   0.20015188]
 [0.2652432  0.26003522 0.27376205 0.20095958]
 [0.2667143  0.2626433  0.2712128  0.19942966]
 [0.2634895  0.26353425 0.27297568 0.20000052]
 [0.2625047  0.26057243 0.2751999  0.20172296]
 [0.2625047  0.26057243 0.2751999  0.20172296]
 [0.2634895  0.26353425 0.27297568 0.20000052]
 [0.2634895  0.26353425 0.27297568 0.20000052]
 [0.2667143  0.2626433  0.2712128  0.19942966]]
Actions:
[[0. 0. 1. 0.]
 [1. 0. 0. 0.]
 [1. 0. 0. 0.]
 [0. 1. 0. 0.]
 [0. 1. 0. 0.]
 [0. 0. 0. 1.]
 [0. 0. 0. 1.]
 [0. 0. 1. 0.]
 [0. 0. 1. 0.]
 [0. 0. 0. 1.]
 [1. 0. 0. 0.]
 [0. 0. 1. 0.]
 [0. 0. 1. 0.]
 [0. 0. 0. 1.]
 [1. 0. 0. 0.]
 [0. 0. 0. 1.]
 [0. 0. 1. 0.]
 [0. 1. 0. 0.]
 [0. 0. 1. 0.]
 [0. 0. 0. 1.]
 [0. 0. 0. 1.]
 [0. 1. 0. 0.]
 [0. 0. 1. 0.]
 [1. 0. 0. 0.]
 [0. 0. 0. 1.]]
States:
[[0.9 0.1]
 [0.8 0.1]
 [0.9 0.1]
 [1.  0.1]
 [1.  0.2]
 [1.  0.3]
 [1.  0.2]
 [1.  0.1]
 [0.9 0.1]
 [0.8 0.1]
 [0.8 0. ]
 [0.9 0. ]
 [0.8 0. ]
 [0.7 0. ]
 [0.7 0. ]
 [0.8 0. ]
 [0.8 0. ]
 [0.7 0. ]
 [0.7 0.1]
 [0.6 0.1]
 [0.6 0. ]
 [0.6 0. ]
 [0.6 0.1]
 [0.6 0.1]
 [0.7 0.1]]
Logstds:
[[0. 0. 0. 0.]
 [0. 0. 0. 0.]
 [0. 0. 0. 0.]
 [0. 0. 0. 0.]
 [0. 0. 0. 0.]
 [0. 0. 0. 0.]
 [0. 0. 0. 0.]
 [0. 0. 0. 0.]
 [0. 0. 0. 0.]
 [0. 0. 0. 0.]
 [0. 0. 0. 0.]
 [0. 0. 0. 0.]
 [0. 0. 0. 0.]
 [0. 0. 0. 0.]
 [0. 0. 0. 0.]
 [0. 0. 0. 0.]
 [0. 0. 0. 0.]
 [0. 0. 0. 0.]
 [0. 0. 0. 0.]
 [0. 0. 0. 0.]
 [0. 0. 0. 0.]
 [0. 0. 0. 0.]
 [0. 0. 0. 0.]
 [0. 0. 0. 0.]
 [0. 0. 0. 0.]]
