Baseline:
[-0.11063898 -0.11362549 -0.11063898 -0.11362549 -0.11778117 -0.11362549
 -0.11063898 -0.1077703  -0.10490186 -0.10490186 -0.1077703  -0.10490186
 -0.1077703  -0.10938556 -0.11379684 -0.11067713 -0.11471435 -0.11866713
 -0.11471435 -0.11866713 -0.11379684 -0.11067713 -0.11067713 -0.11379684
 -0.11688178 -0.11688178]
Returns:
[-8.3815679  -8.24540214 -8.13559625 -7.98648461 -7.85846675 -7.75251289
 -7.61676545 -7.45074775 -7.25309331 -6.97522271 -6.71245029 -6.47593808
 -6.18688753 -5.90907325 -5.58098488 -5.23012461 -4.80489444 -4.33636414
 -3.89259889 -3.37605303 -2.826874   -2.33106053 -1.78569781 -1.18968185
 -0.58919501]
Advants:
[-6.26947972 -6.21132788 -6.1891054  -6.12410669 -6.08236447 -6.07555283
 -6.04176406 -5.98097253 -5.89123926 -5.71877658 -5.55930736 -5.43365362
 -5.24989557 -5.07919878 -4.854411   -4.61280313 -4.28543324 -3.90891511
 -3.55964017 -3.12129376 -2.64930134 -2.21984636 -1.72624268 -1.16474528
 -0.5833509 ]
Mus:
[[0.2615571  0.2665519  0.25272617 0.21916476]
 [0.26121724 0.2664132  0.25312385 0.2192457 ]
 [0.2615571  0.2665519  0.25272617 0.21916476]
 [0.26121724 0.2664132  0.25312385 0.2192457 ]
 [0.26095232 0.2659188  0.25372934 0.2193995 ]
 [0.26121724 0.2664132  0.25312385 0.2192457 ]
 [0.2615571  0.2665519  0.25272617 0.21916476]
 [0.2614564  0.26650968 0.25328302 0.21875083]
 [0.26154423 0.2667453  0.25390416 0.21780635]
 [0.26154423 0.2667453  0.25390416 0.21780635]
 [0.2614564  0.26650968 0.25328302 0.21875083]
 [0.26154423 0.2667453  0.25390416 0.21780635]
 [0.2614564  0.26650968 0.25328302 0.21875083]
 [0.26159337 0.27103916 0.25024092 0.2171265 ]
 [0.261404   0.2761095  0.24711935 0.2153671 ]
 [0.26108986 0.27594823 0.24766493 0.21529701]
 [0.2616318  0.28082067 0.24340923 0.21413825]
 [0.26145628 0.28072163 0.24355027 0.2142718 ]
 [0.2616318  0.28082067 0.24340923 0.21413825]
 [0.26145628 0.28072163 0.24355027 0.2142718 ]
 [0.261404   0.2761095  0.24711935 0.2153671 ]
 [0.26108986 0.27594823 0.24766493 0.21529701]
 [0.26108986 0.27594823 0.24766493 0.21529701]
 [0.261404   0.2761095  0.24711935 0.2153671 ]
 [0.26139328 0.27560148 0.24711154 0.21589369]]
Actions:
[[0. 0. 1. 0.]
 [1. 0. 0. 0.]
 [0. 0. 1. 0.]
 [0. 0. 1. 0.]
 [1. 0. 0. 0.]
 [1. 0. 0. 0.]
 [1. 0. 0. 0.]
 [1. 0. 0. 0.]
 [0. 0. 0. 1.]
 [0. 0. 1. 0.]
 [1. 0. 0. 0.]
 [0. 0. 1. 0.]
 [0. 1. 0. 0.]
 [0. 1. 0. 0.]
 [1. 0. 0. 0.]
 [0. 1. 0. 0.]
 [0. 0. 1. 0.]
 [1. 0. 0. 0.]
 [0. 0. 1. 0.]
 [0. 0. 0. 1.]
 [1. 0. 0. 0.]
 [1. 0. 0. 0.]
 [0. 0. 1. 0.]
 [0. 0. 1. 0.]
 [1. 0. 0. 0.]]
States:
[[0.8 0. ]
 [0.7 0. ]
 [0.8 0. ]
 [0.7 0. ]
 [0.6 0. ]
 [0.7 0. ]
 [0.8 0. ]
 [0.9 0. ]
 [1.  0. ]
 [1.  0. ]
 [0.9 0. ]
 [1.  0. ]
 [0.9 0. ]
 [0.9 0.1]
 [0.9 0.2]
 [1.  0.2]
 [1.  0.3]
 [0.9 0.3]
 [1.  0.3]
 [0.9 0.3]
 [0.9 0.2]
 [1.  0.2]
 [1.  0.2]
 [0.9 0.2]
 [0.8 0.2]]
Logstds:
[[0. 0. 0. 0.]
 [0. 0. 0. 0.]
 [0. 0. 0. 0.]
 [0. 0. 0. 0.]
 [0. 0. 0. 0.]
 [0. 0. 0. 0.]
 [0. 0. 0. 0.]
 [0. 0. 0. 0.]
 [0. 0. 0. 0.]
 [0. 0. 0. 0.]
 [0. 0. 0. 0.]
 [0. 0. 0. 0.]
 [0. 0. 0. 0.]
 [0. 0. 0. 0.]
 [0. 0. 0. 0.]
 [0. 0. 0. 0.]
 [0. 0. 0. 0.]
 [0. 0. 0. 0.]
 [0. 0. 0. 0.]
 [0. 0. 0. 0.]
 [0. 0. 0. 0.]
 [0. 0. 0. 0.]
 [0. 0. 0. 0.]
 [0. 0. 0. 0.]
 [0. 0. 0. 0.]]
