Baseline:
[ -8.879394   -8.56351    -8.56351    -8.835692   -9.11033    -8.795154
  -9.11033    -9.427293   -9.70905    -9.9938345  -9.70905    -9.9938345
 -10.31941   -10.649754  -10.939712  -11.230905  -11.526373  -11.859359
 -11.526373  -11.824265  -11.496001  -11.79633   -12.096252  -12.425293
 -12.425293  -12.425293 ]
Returns:
[-13.32759611 -12.79971742 -12.53100765 -12.51326712 -12.47723788
 -11.90322707 -11.7978114  -11.63432718 -11.48712285 -11.31125407
 -10.75443449 -10.54000317 -10.21498635  -9.81534415  -9.44548537
  -9.03469345  -8.57961068  -7.96186369  -6.74031075  -6.13861996
  -4.85328305  -4.1659081   -3.4148215   -2.48834722  -1.57766128]
Advants:
[-5.8874616  -5.92908992 -5.92729896 -5.91806549 -5.9023917  -5.95567311
 -5.86077926 -5.71891577 -5.6441135  -5.55354304 -5.67470262 -5.58673796
 -5.36230767 -5.07221142 -4.86934946 -4.64153546 -4.38233549 -3.93540647
 -3.56607937 -3.20214779 -2.79675609 -2.37718284 -1.91019659 -1.24962414
 -0.95639706]
Mus:
[[0.25413185 0.27175236 0.25380087 0.22031493]
 [0.25345308 0.26914    0.257082   0.22032495]
 [0.25345308 0.26914    0.257082   0.22032495]
 [0.25463745 0.26869732 0.25607818 0.22058704]
 [0.25560227 0.26847625 0.255111   0.22081047]
 [0.25518367 0.26627228 0.257706   0.22083811]
 [0.25560227 0.26847625 0.255111   0.22081047]
 [0.25605038 0.27073014 0.2528868  0.22033265]
 [0.2570938  0.27074558 0.25239378 0.2197668 ]
 [0.25845334 0.27101848 0.25122532 0.21930292]
 [0.2570938  0.27074558 0.25239378 0.2197668 ]
 [0.25845334 0.27101848 0.25122532 0.21930292]
 [0.25798878 0.27386254 0.2495488  0.21859986]
 [0.2583469  0.2762402  0.24751526 0.21789771]
 [0.25890708 0.27817583 0.24605037 0.21686669]
 [0.25948626 0.28070253 0.24371035 0.21610075]
 [0.260012   0.28206024 0.24247386 0.21545391]
 [0.25992283 0.28558153 0.23953931 0.21495633]
 [0.260012   0.28206024 0.24247386 0.21545391]
 [0.26083913 0.28319848 0.24141394 0.21454845]
 [0.2609231  0.27987248 0.24427333 0.21493107]
 [0.26145628 0.28072163 0.24355027 0.2142718 ]
 [0.2616318  0.28082067 0.24340923 0.21413825]
 [0.26213208 0.28531942 0.23953825 0.21301027]
 [0.26213208 0.28531942 0.23953825 0.21301027]]
Actions:
[[0. 0. 0. 1.]
 [0. 0. 1. 0.]
 [1. 0. 0. 0.]
 [1. 0. 0. 0.]
 [0. 0. 0. 1.]
 [0. 1. 0. 0.]
 [0. 1. 0. 0.]
 [1. 0. 0. 0.]
 [1. 0. 0. 0.]
 [0. 0. 1. 0.]
 [1. 0. 0. 0.]
 [0. 1. 0. 0.]
 [0. 1. 0. 0.]
 [1. 0. 0. 0.]
 [1. 0. 0. 0.]
 [1. 0. 0. 0.]
 [0. 1. 0. 0.]
 [0. 0. 0. 1.]
 [1. 0. 0. 0.]
 [0. 0. 0. 1.]
 [1. 0. 0. 0.]
 [1. 0. 0. 0.]
 [0. 1. 0. 0.]
 [1. 0. 0. 0.]
 [0. 0. 0. 1.]]
States:
[[0.  0.2]
 [0.  0.1]
 [0.  0.1]
 [0.1 0.1]
 [0.2 0.1]
 [0.2 0. ]
 [0.2 0.1]
 [0.2 0.2]
 [0.3 0.2]
 [0.4 0.2]
 [0.3 0.2]
 [0.4 0.2]
 [0.4 0.3]
 [0.4 0.4]
 [0.5 0.4]
 [0.6 0.4]
 [0.7 0.4]
 [0.7 0.5]
 [0.7 0.4]
 [0.8 0.4]
 [0.8 0.3]
 [0.9 0.3]
 [1.  0.3]
 [1.  0.4]
 [1.  0.4]]
Logstds:
[[0. 0. 0. 0.]
 [0. 0. 0. 0.]
 [0. 0. 0. 0.]
 [0. 0. 0. 0.]
 [0. 0. 0. 0.]
 [0. 0. 0. 0.]
 [0. 0. 0. 0.]
 [0. 0. 0. 0.]
 [0. 0. 0. 0.]
 [0. 0. 0. 0.]
 [0. 0. 0. 0.]
 [0. 0. 0. 0.]
 [0. 0. 0. 0.]
 [0. 0. 0. 0.]
 [0. 0. 0. 0.]
 [0. 0. 0. 0.]
 [0. 0. 0. 0.]
 [0. 0. 0. 0.]
 [0. 0. 0. 0.]
 [0. 0. 0. 0.]
 [0. 0. 0. 0.]
 [0. 0. 0. 0.]
 [0. 0. 0. 0.]
 [0. 0. 0. 0.]
 [0. 0. 0. 0.]]
