Baseline:
[-5.1448674 -5.343616  -5.516651  -5.317343  -5.516651  -5.697866
 -5.493048  -5.317343  -5.516651  -5.343616  -5.1448674 -5.1448674
 -5.317343  -5.516651  -5.720973  -5.9088287 -6.1243277 -6.3165054
 -6.1243277 -5.9088287 -6.100046  -5.9088287 -6.100046  -6.3165054
 -6.5092907 -6.5092907]
Returns:
[-14.06144784 -13.84027347 -13.66026254 -13.31401519 -13.01152912
 -12.74480271 -12.30872693 -11.9963633  -11.62452712 -11.26627347
 -10.83515296 -10.53660134 -10.23272229  -9.7680629   -9.22583562
  -8.71166286  -8.02328671  -7.35547607  -6.55949108  -5.67512905
  -4.93154174  -4.06721774  -3.23900352  -2.22379632  -1.2101779 ]
Advants:
[-8.13360714 -7.90976831 -7.75859097 -7.82617256 -7.54165465 -7.31564506
 -7.3180717  -7.43077812 -7.11257767 -7.19612186 -7.24822149 -7.24914093
 -7.0830356  -6.73521194 -6.30864884 -5.9321531  -5.35358647 -4.82002139
 -4.55176979 -4.22636122 -3.63535728 -3.31452111 -2.64584006 -1.75671092
 -0.88471317]
Mus:
[[0.2399224  0.26025698 0.29062265 0.20919794]
 [0.24081329 0.26245892 0.28949165 0.20723614]
 [0.24464242 0.26394394 0.28564692 0.20576672]
 [0.2438608  0.26109055 0.28721163 0.207837  ]
 [0.24464242 0.26394394 0.28564692 0.20576672]
 [0.24881975 0.26536024 0.2818042  0.20401584]
 [0.24854293 0.26212177 0.28331977 0.20601548]
 [0.2438608  0.26109055 0.28721163 0.207837  ]
 [0.24464242 0.26394394 0.28564692 0.20576672]
 [0.24081329 0.26245892 0.28949165 0.20723614]
 [0.2399224  0.26025698 0.29062265 0.20919794]
 [0.2399224  0.26025698 0.29062265 0.20919794]
 [0.2438608  0.26109055 0.28721163 0.207837  ]
 [0.24464242 0.26394394 0.28564692 0.20576672]
 [0.24530363 0.26698428 0.2842916  0.20342048]
 [0.24827895 0.26860222 0.2809211  0.20219773]
 [0.24885069 0.2715303  0.2792185  0.20040055]
 [0.2523132  0.27232686 0.27621904 0.19914082]
 [0.24885069 0.2715303  0.2792185  0.20040055]
 [0.24827895 0.26860222 0.2809211  0.20219773]
 [0.2526539  0.2689793  0.27774104 0.20062578]
 [0.24827895 0.26860222 0.2809211  0.20219773]
 [0.2526539  0.2689793  0.27774104 0.20062578]
 [0.2523132  0.27232686 0.27621904 0.19914082]
 [0.25677955 0.27203348 0.2734272  0.19775978]]
Actions:
[[0. 1. 0. 0.]
 [1. 0. 0. 0.]
 [0. 0. 0. 1.]
 [0. 1. 0. 0.]
 [1. 0. 0. 0.]
 [0. 0. 0. 1.]
 [0. 0. 1. 0.]
 [0. 1. 0. 0.]
 [0. 0. 1. 0.]
 [0. 0. 0. 1.]
 [0. 0. 1. 0.]
 [1. 0. 0. 0.]
 [0. 1. 0. 0.]
 [0. 1. 0. 0.]
 [1. 0. 0. 0.]
 [0. 1. 0. 0.]
 [1. 0. 0. 0.]
 [0. 0. 1. 0.]
 [0. 0. 0. 1.]
 [1. 0. 0. 0.]
 [0. 0. 1. 0.]
 [1. 0. 0. 0.]
 [0. 1. 0. 0.]
 [1. 0. 0. 0.]
 [0. 1. 0. 0.]]
States:
[[0.  0.1]
 [0.  0.2]
 [0.1 0.2]
 [0.1 0.1]
 [0.1 0.2]
 [0.2 0.2]
 [0.2 0.1]
 [0.1 0.1]
 [0.1 0.2]
 [0.  0.2]
 [0.  0.1]
 [0.  0.1]
 [0.1 0.1]
 [0.1 0.2]
 [0.1 0.3]
 [0.2 0.3]
 [0.2 0.4]
 [0.3 0.4]
 [0.2 0.4]
 [0.2 0.3]
 [0.3 0.3]
 [0.2 0.3]
 [0.3 0.3]
 [0.3 0.4]
 [0.4 0.4]]
Logstds:
[[0. 0. 0. 0.]
 [0. 0. 0. 0.]
 [0. 0. 0. 0.]
 [0. 0. 0. 0.]
 [0. 0. 0. 0.]
 [0. 0. 0. 0.]
 [0. 0. 0. 0.]
 [0. 0. 0. 0.]
 [0. 0. 0. 0.]
 [0. 0. 0. 0.]
 [0. 0. 0. 0.]
 [0. 0. 0. 0.]
 [0. 0. 0. 0.]
 [0. 0. 0. 0.]
 [0. 0. 0. 0.]
 [0. 0. 0. 0.]
 [0. 0. 0. 0.]
 [0. 0. 0. 0.]
 [0. 0. 0. 0.]
 [0. 0. 0. 0.]
 [0. 0. 0. 0.]
 [0. 0. 0. 0.]
 [0. 0. 0. 0.]
 [0. 0. 0. 0.]
 [0. 0. 0. 0.]]
