Baseline:
[-1.0010072  -1.0556132  -1.1133449  -1.0721841  -1.1133449  -1.0721841
 -1.0311397  -0.9914152  -0.9914152  -1.0311397  -0.9733522  -0.91964245
 -0.9576688  -1.0135629  -0.9733522  -0.93465376 -0.9914152  -1.0539374
 -1.0539374  -1.090115   -1.0539374  -1.0539374  -0.9914152  -0.93465376
 -0.9733522  -0.9733522 ]
Returns:
[-10.5078178  -10.26655579  -9.97366856  -9.65593832  -9.38958085
  -9.04110916  -8.71637609  -8.41452934  -8.13686492  -7.86661451
  -7.5107819   -7.1819396   -6.90161842  -6.5079972   -6.09254271
  -5.69679512  -5.27445713  -4.78789326  -4.27381173  -3.76143409
  -3.15399949  -2.55392355  -1.90782322  -1.27319067  -0.68058735]
Advants:
[-7.57397831 -7.39833226 -7.16733275 -7.01201911 -6.82657522 -6.6422334
 -6.48321529 -6.34827716 -6.20004372 -6.02093869 -5.85569412 -5.71616571
 -5.53512825 -5.22071749 -4.98048203 -4.75889945 -4.4119891  -3.98937083
 -3.59663121 -3.16278899 -2.69834929 -2.19563117 -1.69965567 -1.1989775
 -0.63191974]
Mus:
[[0.2528523  0.26022097 0.28171742 0.20520934]
 [0.25334868 0.26303935 0.2801229  0.20348899]
 [0.25309172 0.26599646 0.27871954 0.20219229]
 [0.24881975 0.26536024 0.2818042  0.20401584]
 [0.25309172 0.26599646 0.27871954 0.20219229]
 [0.24881975 0.26536024 0.2818042  0.20401584]
 [0.24464242 0.26394394 0.28564692 0.20576672]
 [0.24081329 0.26245892 0.28949165 0.20723614]
 [0.24081329 0.26245892 0.28949165 0.20723614]
 [0.24464242 0.26394394 0.28564692 0.20576672]
 [0.2438608  0.26109055 0.28721163 0.207837  ]
 [0.24324597 0.25935122 0.28816402 0.20923875]
 [0.24808921 0.25947255 0.28498164 0.20745656]
 [0.24854293 0.26212177 0.28331977 0.20601548]
 [0.2438608  0.26109055 0.28721163 0.207837  ]
 [0.2399224  0.26025698 0.29062265 0.20919794]
 [0.24081329 0.26245892 0.28949165 0.20723614]
 [0.24178542 0.2653497  0.2881169  0.20474795]
 [0.24178542 0.2653497  0.2881169  0.20474795]
 [0.24530363 0.26698428 0.2842916  0.20342048]
 [0.24178542 0.2653497  0.2881169  0.20474795]
 [0.24178542 0.2653497  0.2881169  0.20474795]
 [0.24081329 0.26245892 0.28949165 0.20723614]
 [0.2399224  0.26025698 0.29062265 0.20919794]
 [0.2438608  0.26109055 0.28721163 0.207837  ]]
Actions:
[[0. 1. 0. 0.]
 [0. 1. 0. 0.]
 [0. 0. 1. 0.]
 [1. 0. 0. 0.]
 [0. 0. 1. 0.]
 [0. 0. 1. 0.]
 [0. 0. 1. 0.]
 [0. 0. 1. 0.]
 [1. 0. 0. 0.]
 [0. 0. 0. 1.]
 [0. 0. 0. 1.]
 [1. 0. 0. 0.]
 [0. 1. 0. 0.]
 [0. 0. 1. 0.]
 [0. 0. 1. 0.]
 [0. 1. 0. 0.]
 [0. 1. 0. 0.]
 [0. 0. 1. 0.]
 [1. 0. 0. 0.]
 [0. 0. 1. 0.]
 [0. 0. 1. 0.]
 [0. 0. 0. 1.]
 [0. 0. 0. 1.]
 [1. 0. 0. 0.]
 [0. 0. 1. 0.]]
States:
[[0.3 0. ]
 [0.3 0.1]
 [0.3 0.2]
 [0.2 0.2]
 [0.3 0.2]
 [0.2 0.2]
 [0.1 0.2]
 [0.  0.2]
 [0.  0.2]
 [0.1 0.2]
 [0.1 0.1]
 [0.1 0. ]
 [0.2 0. ]
 [0.2 0.1]
 [0.1 0.1]
 [0.  0.1]
 [0.  0.2]
 [0.  0.3]
 [0.  0.3]
 [0.1 0.3]
 [0.  0.3]
 [0.  0.3]
 [0.  0.2]
 [0.  0.1]
 [0.1 0.1]]
Logstds:
[[0. 0. 0. 0.]
 [0. 0. 0. 0.]
 [0. 0. 0. 0.]
 [0. 0. 0. 0.]
 [0. 0. 0. 0.]
 [0. 0. 0. 0.]
 [0. 0. 0. 0.]
 [0. 0. 0. 0.]
 [0. 0. 0. 0.]
 [0. 0. 0. 0.]
 [0. 0. 0. 0.]
 [0. 0. 0. 0.]
 [0. 0. 0. 0.]
 [0. 0. 0. 0.]
 [0. 0. 0. 0.]
 [0. 0. 0. 0.]
 [0. 0. 0. 0.]
 [0. 0. 0. 0.]
 [0. 0. 0. 0.]
 [0. 0. 0. 0.]
 [0. 0. 0. 0.]
 [0. 0. 0. 0.]
 [0. 0. 0. 0.]
 [0. 0. 0. 0.]
 [0. 0. 0. 0.]]
