Baseline:
[-3.9907448 -4.1168575 -4.2466264 -4.1353025 -4.027236  -4.1634893
 -4.2702537 -4.380023  -4.517823  -4.380023  -4.2702537 -4.1353025
 -4.2702537 -4.1634893 -4.0610437 -3.9223695 -4.0610437 -4.0610437
 -4.0610437 -4.0610437 -4.0610437 -3.95758   -3.8209376 -3.8209376
 -3.8209376 -3.8209376]
Returns:
[-13.36194122 -13.20896023 -13.00196885 -12.63001881 -12.28099889
 -12.04772875 -11.79439686 -11.49720792 -11.10326012 -10.43668053
  -9.87874028  -9.23629733  -8.80864327  -8.20615611  -7.61530967
  -6.92701009  -6.44486355  -5.89227952  -5.31061212  -4.69833064
  -4.05382382  -3.28688765  -2.40843742  -1.64643399  -0.84432513]
Advants:
[-8.06662222 -7.95759481 -7.79497261 -7.71525854 -7.66317669 -7.48718545
 -7.32597083 -7.12225008 -6.79460661 -6.47096527 -6.23154693 -5.93489488
 -5.58368999 -5.30204402 -5.03085205 -4.69994011 -4.29726362 -3.9643165
 -3.60300654 -3.21091761 -2.78542772 -2.33911023 -1.81001367 -1.25527435
 -0.65327835]
Mus:
[[0.25818747 0.26841703 0.25346765 0.21992788]
 [0.25845334 0.27101848 0.25122532 0.21930292]
 [0.25798878 0.27386254 0.2495488  0.21859986]
 [0.2574822  0.27274606 0.2502805  0.21949127]
 [0.25696608 0.27280056 0.2500919  0.2201414 ]
 [0.25748262 0.27501577 0.24782099 0.21968059]
 [0.2577019  0.27532676 0.24815924 0.21881211]
 [0.2583469  0.2762402  0.24751526 0.21789771]
 [0.25882447 0.2787865  0.24464741 0.21774161]
 [0.2583469  0.2762402  0.24751526 0.21789771]
 [0.2577019  0.27532676 0.24815924 0.21881211]
 [0.2574822  0.27274606 0.2502805  0.21949127]
 [0.2577019  0.27532676 0.24815924 0.21881211]
 [0.25748262 0.27501577 0.24782099 0.21968059]
 [0.25709718 0.2749477  0.24724294 0.2207122 ]
 [0.2560523  0.27317333 0.25027758 0.22049676]
 [0.25709718 0.2749477  0.24724294 0.2207122 ]
 [0.25709718 0.2749477  0.24724294 0.2207122 ]
 [0.25709718 0.2749477  0.24724294 0.2207122 ]
 [0.25709718 0.2749477  0.24724294 0.2207122 ]
 [0.25709718 0.2749477  0.24724294 0.2207122 ]
 [0.2562672  0.27548006 0.24728444 0.22096835]
 [0.2551397  0.27375317 0.25066695 0.22044027]
 [0.2551397  0.27375317 0.25066695 0.22044027]
 [0.2551397  0.27375317 0.25066695 0.22044027]]
Actions:
[[0. 1. 0. 0.]
 [0. 1. 0. 0.]
 [0. 0. 1. 0.]
 [0. 0. 1. 0.]
 [0. 1. 0. 0.]
 [1. 0. 0. 0.]
 [1. 0. 0. 0.]
 [0. 1. 0. 0.]
 [0. 0. 0. 1.]
 [0. 0. 1. 0.]
 [0. 0. 0. 1.]
 [0. 1. 0. 0.]
 [0. 0. 1. 0.]
 [0. 0. 1. 0.]
 [0. 0. 0. 1.]
 [0. 1. 0. 0.]
 [0. 1. 0. 0.]
 [0. 1. 0. 0.]
 [0. 1. 0. 0.]
 [0. 1. 0. 0.]
 [0. 0. 1. 0.]
 [0. 0. 0. 1.]
 [0. 0. 1. 0.]
 [0. 0. 1. 0.]
 [0. 0. 1. 0.]]
States:
[[0.4 0.1]
 [0.4 0.2]
 [0.4 0.3]
 [0.3 0.3]
 [0.2 0.3]
 [0.2 0.4]
 [0.3 0.4]
 [0.4 0.4]
 [0.4 0.5]
 [0.4 0.4]
 [0.3 0.4]
 [0.3 0.3]
 [0.3 0.4]
 [0.2 0.4]
 [0.1 0.4]
 [0.1 0.3]
 [0.1 0.4]
 [0.1 0.4]
 [0.1 0.4]
 [0.1 0.4]
 [0.1 0.4]
 [0.  0.4]
 [0.  0.3]
 [0.  0.3]
 [0.  0.3]]
Logstds:
[[0. 0. 0. 0.]
 [0. 0. 0. 0.]
 [0. 0. 0. 0.]
 [0. 0. 0. 0.]
 [0. 0. 0. 0.]
 [0. 0. 0. 0.]
 [0. 0. 0. 0.]
 [0. 0. 0. 0.]
 [0. 0. 0. 0.]
 [0. 0. 0. 0.]
 [0. 0. 0. 0.]
 [0. 0. 0. 0.]
 [0. 0. 0. 0.]
 [0. 0. 0. 0.]
 [0. 0. 0. 0.]
 [0. 0. 0. 0.]
 [0. 0. 0. 0.]
 [0. 0. 0. 0.]
 [0. 0. 0. 0.]
 [0. 0. 0. 0.]
 [0. 0. 0. 0.]
 [0. 0. 0. 0.]
 [0. 0. 0. 0.]
 [0. 0. 0. 0.]
 [0. 0. 0. 0.]]
