Baseline:
[-11.363415 -11.652906 -11.337685 -11.337685 -11.337685 -11.337685
 -11.048084 -10.759645 -11.048084 -10.73743  -11.0278   -10.73743
 -11.0278   -11.0278   -10.73743  -10.73743  -11.0278   -10.73743
 -10.447169 -10.163854  -9.880638 -10.186294 -10.186294 -10.471743
 -10.784936 -10.784936]
Returns:
[-15.15777063 -14.99365204 -14.28021399 -14.08553567 -13.88061112
 -13.66490106 -13.13348361 -12.60432013 -12.37799998 -11.61663905
 -11.3550999  -10.76064434 -10.45405284  -9.61900514  -8.93317617
  -8.05037211  -7.6011347   -6.80910203  -6.00601758  -5.19337869
  -4.37029989  -3.76232582  -2.83277467  -2.14657003  -1.33749247]
Advants:
[-5.15392707 -4.91945702 -4.74673209 -4.79073335 -4.83848296 -4.89030022
 -4.93132254 -4.99008608 -4.78440707 -4.65517197 -4.43504881 -4.48160874
 -4.24670021 -3.77872146 -3.76937071 -3.27826417 -2.94084609 -2.86011908
 -2.78822932 -2.72103137 -2.66596337 -2.2501707  -1.83211651 -1.38548169
 -0.79824543]
Mus:
[[0.261404   0.2761095  0.24711935 0.2153671 ]
 [0.26108986 0.27594823 0.24766493 0.21529701]
 [0.26139447 0.27110624 0.25089577 0.21660353]
 [0.26139447 0.27110624 0.25089577 0.21660353]
 [0.26139447 0.27110624 0.25089577 0.21660353]
 [0.26139447 0.27110624 0.25089577 0.21660353]
 [0.26159337 0.27103916 0.25024092 0.2171265 ]
 [0.26190236 0.27079847 0.2499197  0.21737947]
 [0.26159337 0.27103916 0.25024092 0.2171265 ]
 [0.2614564  0.26650968 0.25328302 0.21875083]
 [0.26154423 0.2667453  0.25390416 0.21780635]
 [0.2614564  0.26650968 0.25328302 0.21875083]
 [0.26154423 0.2667453  0.25390416 0.21780635]
 [0.26154423 0.2667453  0.25390416 0.21780635]
 [0.2614564  0.26650968 0.25328302 0.21875083]
 [0.2614564  0.26650968 0.25328302 0.21875083]
 [0.26154423 0.2667453  0.25390416 0.21780635]
 [0.2614564  0.26650968 0.25328302 0.21875083]
 [0.2615571  0.2665519  0.25272617 0.21916476]
 [0.26121724 0.2664132  0.25312385 0.2192457 ]
 [0.26095232 0.2659188  0.25372934 0.2193995 ]
 [0.26117095 0.26926658 0.25090307 0.21865943]
 [0.26117095 0.26926658 0.25090307 0.21865943]
 [0.26163644 0.27011475 0.25023127 0.21801755]
 [0.26097056 0.27460286 0.24770978 0.21671683]]
Actions:
[[1. 0. 0. 0.]
 [0. 0. 0. 1.]
 [1. 0. 0. 0.]
 [1. 0. 0. 0.]
 [1. 0. 0. 0.]
 [0. 0. 1. 0.]
 [0. 0. 1. 0.]
 [1. 0. 0. 0.]
 [0. 0. 0. 1.]
 [1. 0. 0. 0.]
 [0. 0. 1. 0.]
 [1. 0. 0. 0.]
 [0. 0. 0. 1.]
 [0. 0. 1. 0.]
 [0. 0. 0. 1.]
 [1. 0. 0. 0.]
 [0. 0. 1. 0.]
 [0. 0. 1. 0.]
 [0. 0. 1. 0.]
 [0. 0. 1. 0.]
 [0. 1. 0. 0.]
 [0. 0. 1. 0.]
 [1. 0. 0. 0.]
 [0. 1. 0. 0.]
 [0. 0. 0. 1.]]
States:
[[0.9 0.2]
 [1.  0.2]
 [1.  0.1]
 [1.  0.1]
 [1.  0.1]
 [1.  0.1]
 [0.9 0.1]
 [0.8 0.1]
 [0.9 0.1]
 [0.9 0. ]
 [1.  0. ]
 [0.9 0. ]
 [1.  0. ]
 [1.  0. ]
 [0.9 0. ]
 [0.9 0. ]
 [1.  0. ]
 [0.9 0. ]
 [0.8 0. ]
 [0.7 0. ]
 [0.6 0. ]
 [0.6 0.1]
 [0.6 0.1]
 [0.7 0.1]
 [0.7 0.2]]
Logstds:
[[0. 0. 0. 0.]
 [0. 0. 0. 0.]
 [0. 0. 0. 0.]
 [0. 0. 0. 0.]
 [0. 0. 0. 0.]
 [0. 0. 0. 0.]
 [0. 0. 0. 0.]
 [0. 0. 0. 0.]
 [0. 0. 0. 0.]
 [0. 0. 0. 0.]
 [0. 0. 0. 0.]
 [0. 0. 0. 0.]
 [0. 0. 0. 0.]
 [0. 0. 0. 0.]
 [0. 0. 0. 0.]
 [0. 0. 0. 0.]
 [0. 0. 0. 0.]
 [0. 0. 0. 0.]
 [0. 0. 0. 0.]
 [0. 0. 0. 0.]
 [0. 0. 0. 0.]
 [0. 0. 0. 0.]
 [0. 0. 0. 0.]
 [0. 0. 0. 0.]
 [0. 0. 0. 0.]]
