Baseline:
[-11.368355 -11.707148 -11.404679 -11.743135 -12.045106 -11.707148
 -12.045106 -11.707148 -11.368355 -11.707148 -11.368355 -11.670822
 -11.368355 -11.030598 -11.368355 -11.707148 -11.368355 -11.06695
 -10.767078 -11.102541 -10.80566  -10.467932 -10.467932 -10.767078
 -11.102541 -11.102541]
Returns:
[-17.10549507 -17.01049156 -16.51361473 -16.35936632 -16.26356936
 -15.434292   -15.19461924 -14.30908135 -13.43805643 -13.15002983
 -12.2180022  -11.96577034 -11.24933454 -10.28081074  -9.88340946
  -9.40829617  -8.27933519  -7.39046466  -6.4760759   -5.87721957
  -4.83929021  -3.55013428  -2.48572259  -1.79203296  -0.94664806]
Advants:
[-6.84248547 -6.66687174 -6.74662712 -6.53620359 -6.43246156 -6.24501938
 -5.97928693 -5.75324008 -5.55347009 -5.26804875 -5.02694667 -4.83722204
 -4.80651538 -4.57215237 -4.24442844 -3.84749352 -3.48537832 -3.34426216
 -3.19511119 -2.73690548 -2.48960991 -2.04457135 -1.49676617 -1.03383893
 -0.3915205 ]
Mus:
[[0.261404   0.2761095  0.24711935 0.2153671 ]
 [0.26145628 0.28072163 0.24355027 0.2142718 ]
 [0.2609231  0.27987248 0.24427333 0.21493107]
 [0.26083913 0.28319848 0.24141394 0.21454845]
 [0.26168966 0.28449368 0.24018049 0.21363623]
 [0.26145628 0.28072163 0.24355027 0.2142718 ]
 [0.26168966 0.28449368 0.24018049 0.21363623]
 [0.26145628 0.28072163 0.24355027 0.2142718 ]
 [0.261404   0.2761095  0.24711935 0.2153671 ]
 [0.26145628 0.28072163 0.24355027 0.2142718 ]
 [0.261404   0.2761095  0.24711935 0.2153671 ]
 [0.26108986 0.27594823 0.24766493 0.21529701]
 [0.261404   0.2761095  0.24711935 0.2153671 ]
 [0.26159337 0.27103916 0.25024092 0.2171265 ]
 [0.261404   0.2761095  0.24711935 0.2153671 ]
 [0.26145628 0.28072163 0.24355027 0.2142718 ]
 [0.261404   0.2761095  0.24711935 0.2153671 ]
 [0.26139328 0.27560148 0.24711154 0.21589369]
 [0.26097056 0.27460286 0.24770978 0.21671683]
 [0.26020825 0.27856544 0.24543029 0.21579607]
 [0.25950196 0.2771861  0.24672976 0.21658213]
 [0.2602806  0.27327022 0.24897115 0.21747795]
 [0.2602806  0.27327022 0.24897115 0.21747795]
 [0.26097056 0.27460286 0.24770978 0.21671683]
 [0.26020825 0.27856544 0.24543029 0.21579607]]
Actions:
[[0. 1. 0. 0.]
 [0. 0. 1. 0.]
 [0. 1. 0. 0.]
 [1. 0. 0. 0.]
 [0. 0. 0. 1.]
 [0. 1. 0. 0.]
 [0. 0. 0. 1.]
 [0. 0. 0. 1.]
 [0. 1. 0. 0.]
 [0. 0. 0. 1.]
 [1. 0. 0. 0.]
 [0. 0. 1. 0.]
 [0. 0. 0. 1.]
 [0. 1. 0. 0.]
 [0. 1. 0. 0.]
 [0. 0. 0. 1.]
 [0. 0. 1. 0.]
 [0. 0. 1. 0.]
 [0. 1. 0. 0.]
 [0. 0. 1. 0.]
 [0. 0. 0. 1.]
 [0. 0. 1. 0.]
 [1. 0. 0. 0.]
 [0. 1. 0. 0.]
 [0. 1. 0. 0.]]
States:
[[0.9 0.2]
 [0.9 0.3]
 [0.8 0.3]
 [0.8 0.4]
 [0.9 0.4]
 [0.9 0.3]
 [0.9 0.4]
 [0.9 0.3]
 [0.9 0.2]
 [0.9 0.3]
 [0.9 0.2]
 [1.  0.2]
 [0.9 0.2]
 [0.9 0.1]
 [0.9 0.2]
 [0.9 0.3]
 [0.9 0.2]
 [0.8 0.2]
 [0.7 0.2]
 [0.7 0.3]
 [0.6 0.3]
 [0.6 0.2]
 [0.6 0.2]
 [0.7 0.2]
 [0.7 0.3]]
Logstds:
[[0. 0. 0. 0.]
 [0. 0. 0. 0.]
 [0. 0. 0. 0.]
 [0. 0. 0. 0.]
 [0. 0. 0. 0.]
 [0. 0. 0. 0.]
 [0. 0. 0. 0.]
 [0. 0. 0. 0.]
 [0. 0. 0. 0.]
 [0. 0. 0. 0.]
 [0. 0. 0. 0.]
 [0. 0. 0. 0.]
 [0. 0. 0. 0.]
 [0. 0. 0. 0.]
 [0. 0. 0. 0.]
 [0. 0. 0. 0.]
 [0. 0. 0. 0.]
 [0. 0. 0. 0.]
 [0. 0. 0. 0.]
 [0. 0. 0. 0.]
 [0. 0. 0. 0.]
 [0. 0. 0. 0.]
 [0. 0. 0. 0.]
 [0. 0. 0. 0.]
 [0. 0. 0. 0.]]
