Baseline:
[-12.334989  -12.039932  -12.396196  -12.104676  -11.822959  -11.461324
 -11.7456045 -12.039932  -11.7456045 -11.461324  -11.822959  -11.822959
 -11.822959  -11.461324  -11.461324  -11.461324  -11.7456045 -12.039932
 -11.686503  -11.980722  -12.334989  -12.690499  -13.04912   -13.341737
 -13.04912   -13.04912  ]
Returns:
[-19.94432483 -19.60610324 -18.98858554 -18.55519251 -18.15051021
 -17.55000304 -17.12306662 -16.6256288  -16.16586569 -15.73398694
 -14.9873245  -14.44366257 -13.87138685 -13.04566267 -12.49876539
 -11.92308406 -11.199994   -10.39081552  -9.37618095  -8.48886195
  -7.3151255   -6.01187546  -4.57378269  -3.19199752  -1.73067355]
Advants:
[-8.35763583 -8.61222173 -7.93143868 -8.10313651 -8.31665112 -8.43553524
 -8.09055356 -7.67173424 -7.90589944 -8.18737774 -7.51043083 -7.4180509
 -7.31780139 -7.3515963  -7.32808151 -7.30256357 -6.8610672  -6.33751139
 -6.28521086 -5.7279069  -4.83005739 -3.80382885 -2.63796214 -1.59636159
 -1.07821751]
Mus:
[[0.2541132  0.27939978 0.27173036 0.19475664]
 [0.25160366 0.27844897 0.27444822 0.19549908]
 [0.2527904  0.28029448 0.273075   0.1938401 ]
 [0.25051224 0.2786596  0.2766165  0.19421163]
 [0.24768008 0.27621937 0.2814319  0.19466865]
 [0.24626715 0.27472165 0.2823628  0.19664836]
 [0.24924172 0.27718598 0.2775636  0.19600873]
 [0.25160366 0.27844897 0.27444822 0.19549908]
 [0.24924172 0.27718598 0.2775636  0.19600873]
 [0.24626715 0.27472165 0.2823628  0.19664836]
 [0.24768008 0.27621937 0.2814319  0.19466865]
 [0.24768008 0.27621937 0.2814319  0.19466865]
 [0.24768008 0.27621937 0.2814319  0.19466865]
 [0.24626715 0.27472165 0.2823628  0.19664836]
 [0.24626715 0.27472165 0.2823628  0.19664836]
 [0.24626715 0.27472165 0.2823628  0.19664836]
 [0.24924172 0.27718598 0.2775636  0.19600873]
 [0.25160366 0.27844897 0.27444822 0.19549908]
 [0.25020963 0.27651122 0.2760601  0.19721901]
 [0.2527682  0.27766064 0.27345628 0.19611494]
 [0.2541132  0.27939978 0.27173036 0.19475664]
 [0.25507787 0.28148353 0.27006966 0.1933689 ]
 [0.25586447 0.28340423 0.2688695  0.19186173]
 [0.25808397 0.2841792  0.266332   0.19140477]
 [0.25586447 0.28340423 0.2688695  0.19186173]]
Actions:
[[0. 0. 1. 0.]
 [0. 1. 0. 0.]
 [0. 0. 1. 0.]
 [0. 0. 1. 0.]
 [0. 0. 0. 1.]
 [1. 0. 0. 0.]
 [1. 0. 0. 0.]
 [0. 0. 1. 0.]
 [0. 0. 1. 0.]
 [0. 1. 0. 0.]
 [0. 0. 1. 0.]
 [0. 0. 1. 0.]
 [0. 0. 0. 1.]
 [0. 0. 1. 0.]
 [0. 0. 1. 0.]
 [1. 0. 0. 0.]
 [1. 0. 0. 0.]
 [0. 0. 0. 1.]
 [1. 0. 0. 0.]
 [0. 1. 0. 0.]
 [0. 1. 0. 0.]
 [0. 1. 0. 0.]
 [1. 0. 0. 0.]
 [0. 0. 1. 0.]
 [0. 1. 0. 0.]]
States:
[[0.3 0.7]
 [0.2 0.7]
 [0.2 0.8]
 [0.1 0.8]
 [0.  0.8]
 [0.  0.7]
 [0.1 0.7]
 [0.2 0.7]
 [0.1 0.7]
 [0.  0.7]
 [0.  0.8]
 [0.  0.8]
 [0.  0.8]
 [0.  0.7]
 [0.  0.7]
 [0.  0.7]
 [0.1 0.7]
 [0.2 0.7]
 [0.2 0.6]
 [0.3 0.6]
 [0.3 0.7]
 [0.3 0.8]
 [0.3 0.9]
 [0.4 0.9]
 [0.3 0.9]]
Logstds:
[[0. 0. 0. 0.]
 [0. 0. 0. 0.]
 [0. 0. 0. 0.]
 [0. 0. 0. 0.]
 [0. 0. 0. 0.]
 [0. 0. 0. 0.]
 [0. 0. 0. 0.]
 [0. 0. 0. 0.]
 [0. 0. 0. 0.]
 [0. 0. 0. 0.]
 [0. 0. 0. 0.]
 [0. 0. 0. 0.]
 [0. 0. 0. 0.]
 [0. 0. 0. 0.]
 [0. 0. 0. 0.]
 [0. 0. 0. 0.]
 [0. 0. 0. 0.]
 [0. 0. 0. 0.]
 [0. 0. 0. 0.]
 [0. 0. 0. 0.]
 [0. 0. 0. 0.]
 [0. 0. 0. 0.]
 [0. 0. 0. 0.]
 [0. 0. 0. 0.]
 [0. 0. 0. 0.]]
