Baseline:
[1.0427556  1.0427556  0.99876064 1.0081946  1.0210018  1.0453584
 1.0210018  1.0453584  1.0722547  1.0453584  1.0036161  1.0453584
 1.0036161  0.96171314 1.0036161  1.0453584  1.0210018  1.0453584
 1.0722547  1.0303547  1.0722547  1.0453584  1.0722547  1.0303547
 1.0036161  1.0036161 ]
Returns:
[-1.98823948 -1.97309338 -1.97331478 -1.95224701 -1.91767691 -1.86853583
 -1.82376041 -1.76967635 -1.69952784 -1.63314542 -1.59451757 -1.4807667
 -1.43411892 -1.40041408 -1.2894445  -1.15963716 -1.07755128 -0.98419306
 -0.87270332 -0.78182799 -0.61216536 -0.48855333 -0.35097729 -0.23264269
 -0.10372555]
Advants:
[-2.08969209 -2.0876327  -2.05670686 -2.05865538 -2.05095882 -2.04067243
 -1.98513539 -1.96924168 -1.93966393 -1.85833975 -1.78845676 -1.72560171
 -1.64441115 -1.57427775 -1.50901586 -1.42235602 -1.31414634 -1.24109295
 -1.14948625 -1.00499389 -0.86056453 -0.6873149  -0.5485334  -0.35284755
 -0.15390635]
Mus:
[[0.24891886 0.2795183  0.28047144 0.19109136]
 [0.24891886 0.2795183  0.28047144 0.19109136]
 [0.24847582 0.2775015  0.280943   0.19307972]
 [0.2516098  0.28013137 0.27568707 0.19257182]
 [0.25390837 0.2820259  0.27197886 0.19208688]
 [0.25586447 0.28340423 0.2688695  0.19186173]
 [0.25390837 0.2820259  0.27197886 0.19208688]
 [0.25586447 0.28340423 0.2688695  0.19186173]
 [0.25808397 0.2841792  0.266332   0.19140477]
 [0.25586447 0.28340423 0.2688695  0.19186173]
 [0.25507787 0.28148353 0.27006966 0.1933689 ]
 [0.25586447 0.28340423 0.2688695  0.19186173]
 [0.25507787 0.28148353 0.27006966 0.1933689 ]
 [0.2541132  0.27939978 0.27173036 0.19475664]
 [0.25507787 0.28148353 0.27006966 0.1933689 ]
 [0.25586447 0.28340423 0.2688695  0.19186173]
 [0.25390837 0.2820259  0.27197886 0.19208688]
 [0.25586447 0.28340423 0.2688695  0.19186173]
 [0.25808397 0.2841792  0.266332   0.19140477]
 [0.25764704 0.2824334  0.2675286  0.19239092]
 [0.25808397 0.2841792  0.266332   0.19140477]
 [0.25586447 0.28340423 0.2688695  0.19186173]
 [0.25808397 0.2841792  0.266332   0.19140477]
 [0.25764704 0.2824334  0.2675286  0.19239092]
 [0.25507787 0.28148353 0.27006966 0.1933689 ]]
Actions:
[[0. 0. 1. 0.]
 [0. 0. 0. 1.]
 [1. 0. 0. 0.]
 [1. 0. 0. 0.]
 [1. 0. 0. 0.]
 [0. 0. 1. 0.]
 [1. 0. 0. 0.]
 [1. 0. 0. 0.]
 [0. 0. 1. 0.]
 [0. 0. 0. 1.]
 [0. 1. 0. 0.]
 [0. 0. 0. 1.]
 [0. 0. 0. 1.]
 [0. 1. 0. 0.]
 [0. 1. 0. 0.]
 [0. 0. 1. 0.]
 [1. 0. 0. 0.]
 [1. 0. 0. 0.]
 [0. 0. 0. 1.]
 [0. 1. 0. 0.]
 [0. 0. 1. 0.]
 [1. 0. 0. 0.]
 [0. 0. 0. 1.]
 [0. 0. 1. 0.]
 [0. 0. 0. 1.]]
States:
[[0.  1. ]
 [0.  1. ]
 [0.  0.9]
 [0.1 0.9]
 [0.2 0.9]
 [0.3 0.9]
 [0.2 0.9]
 [0.3 0.9]
 [0.4 0.9]
 [0.3 0.9]
 [0.3 0.8]
 [0.3 0.9]
 [0.3 0.8]
 [0.3 0.7]
 [0.3 0.8]
 [0.3 0.9]
 [0.2 0.9]
 [0.3 0.9]
 [0.4 0.9]
 [0.4 0.8]
 [0.4 0.9]
 [0.3 0.9]
 [0.4 0.9]
 [0.4 0.8]
 [0.3 0.8]]
Logstds:
[[0. 0. 0. 0.]
 [0. 0. 0. 0.]
 [0. 0. 0. 0.]
 [0. 0. 0. 0.]
 [0. 0. 0. 0.]
 [0. 0. 0. 0.]
 [0. 0. 0. 0.]
 [0. 0. 0. 0.]
 [0. 0. 0. 0.]
 [0. 0. 0. 0.]
 [0. 0. 0. 0.]
 [0. 0. 0. 0.]
 [0. 0. 0. 0.]
 [0. 0. 0. 0.]
 [0. 0. 0. 0.]
 [0. 0. 0. 0.]
 [0. 0. 0. 0.]
 [0. 0. 0. 0.]
 [0. 0. 0. 0.]
 [0. 0. 0. 0.]
 [0. 0. 0. 0.]
 [0. 0. 0. 0.]
 [0. 0. 0. 0.]
 [0. 0. 0. 0.]
 [0. 0. 0. 0.]]
