Baseline:
[1.1513786 1.1513786 1.1051478 1.1207597 1.0714772 1.0570674 1.0714772
 1.0882246 1.0451345 1.0451345 1.0451345 1.0882246 1.0451345 1.0245715
 0.9806989 0.9806989 0.9601802 0.9806989 1.0006788 1.0451345 1.0882246
 1.135074  1.135074  1.1207597 1.0714772 1.0714772]
Returns:
[-3.78323248 -3.6477573  -3.54057953 -3.46725398 -3.35630711 -3.27163328
 -3.19806132 -3.11133125 -2.98654948 -2.89211754 -2.79271551 -2.63073226
 -2.48065581 -2.35588515 -2.21663977 -2.08607098 -1.96681973 -1.85096499
 -1.71938855 -1.51956307 -1.29057181 -1.031294   -0.8079308  -0.56236265
 -0.29852676]
Advants:
[-3.58855893 -3.48684424 -3.36532747 -3.34043743 -3.21087228 -3.14200072
 -3.11379449 -3.07524041 -2.93628247 -2.870307   -2.79871126 -2.70631602
 -2.53593045 -2.4108236  -2.24399199 -2.12705882 -1.9977633  -1.91084537
 -1.80493269 -1.65092574 -1.46075388 -1.23712098 -0.99469071 -0.70607933
 -0.35210061]
Mus:
[[0.25934857 0.30337563 0.22730306 0.20997274]
 [0.25934857 0.30337563 0.22730306 0.20997274]
 [0.25953948 0.30044404 0.22928064 0.21073581]
 [0.25941777 0.30208194 0.22850005 0.21000017]
 [0.25988448 0.29883233 0.23036462 0.21091855]
 [0.25957286 0.2974508  0.23138697 0.21158926]
 [0.25988448 0.29883233 0.23036462 0.21091855]
 [0.2606076  0.29963258 0.2295155  0.21024439]
 [0.26140937 0.2962299  0.23143066 0.21093006]
 [0.26140937 0.2962299  0.23143066 0.21093006]
 [0.26140937 0.2962299  0.23143066 0.21093006]
 [0.2606076  0.29963258 0.2295155  0.21024439]
 [0.26140937 0.2962299  0.23143066 0.21093006]
 [0.26043135 0.2953836  0.23232113 0.21186392]
 [0.26112112 0.29140964 0.2347545  0.2127147 ]
 [0.26112112 0.29140964 0.2347545  0.2127147 ]
 [0.26016685 0.29051405 0.23579814 0.21352105]
 [0.26112112 0.29140964 0.2347545  0.2127147 ]
 [0.26207826 0.29235667 0.23387787 0.2116872 ]
 [0.26140937 0.2962299  0.23143066 0.21093006]
 [0.2606076  0.29963258 0.2295155  0.21024439]
 [0.2601313  0.3029988  0.22755642 0.2093135 ]
 [0.2601313  0.3029988  0.22755642 0.2093135 ]
 [0.25941777 0.30208194 0.22850005 0.21000017]
 [0.25988448 0.29883233 0.23036462 0.21091855]]
Actions:
[[0. 1. 0. 0.]
 [0. 0. 0. 1.]
 [1. 0. 0. 0.]
 [0. 0. 0. 1.]
 [0. 0. 1. 0.]
 [1. 0. 0. 0.]
 [1. 0. 0. 0.]
 [0. 0. 0. 1.]
 [1. 0. 0. 0.]
 [1. 0. 0. 0.]
 [0. 1. 0. 0.]
 [0. 0. 0. 1.]
 [0. 0. 1. 0.]
 [0. 0. 0. 1.]
 [0. 0. 0. 1.]
 [0. 0. 1. 0.]
 [1. 0. 0. 0.]
 [1. 0. 0. 0.]
 [0. 1. 0. 0.]
 [0. 1. 0. 0.]
 [0. 1. 0. 0.]
 [1. 0. 0. 0.]
 [0. 0. 1. 0.]
 [0. 0. 0. 1.]
 [0. 1. 0. 0.]]
States:
[[0.8 1. ]
 [0.8 1. ]
 [0.8 0.9]
 [0.9 0.9]
 [0.9 0.8]
 [0.8 0.8]
 [0.9 0.8]
 [1.  0.8]
 [1.  0.7]
 [1.  0.7]
 [1.  0.7]
 [1.  0.8]
 [1.  0.7]
 [0.9 0.7]
 [0.9 0.6]
 [0.9 0.6]
 [0.8 0.6]
 [0.9 0.6]
 [1.  0.6]
 [1.  0.7]
 [1.  0.8]
 [1.  0.9]
 [1.  0.9]
 [0.9 0.9]
 [0.9 0.8]]
Logstds:
[[0. 0. 0. 0.]
 [0. 0. 0. 0.]
 [0. 0. 0. 0.]
 [0. 0. 0. 0.]
 [0. 0. 0. 0.]
 [0. 0. 0. 0.]
 [0. 0. 0. 0.]
 [0. 0. 0. 0.]
 [0. 0. 0. 0.]
 [0. 0. 0. 0.]
 [0. 0. 0. 0.]
 [0. 0. 0. 0.]
 [0. 0. 0. 0.]
 [0. 0. 0. 0.]
 [0. 0. 0. 0.]
 [0. 0. 0. 0.]
 [0. 0. 0. 0.]
 [0. 0. 0. 0.]
 [0. 0. 0. 0.]
 [0. 0. 0. 0.]
 [0. 0. 0. 0.]
 [0. 0. 0. 0.]
 [0. 0. 0. 0.]
 [0. 0. 0. 0.]
 [0. 0. 0. 0.]]
