Baseline:
[-10.737193 -11.068893 -11.401435 -11.401435 -11.673571 -11.673571
 -11.944624 -11.6087   -11.340814 -11.6087   -11.340814 -11.068893
 -11.401435 -11.401435 -11.673571 -11.340814 -11.068893 -11.401435
 -11.401435 -11.401435 -11.673571 -11.944624 -11.673571 -11.673571
 -11.401435 -11.401435]
Returns:
[-18.13759347 -17.94667578 -17.68146992 -17.33809309 -17.12454801
 -16.72836484 -16.46528798 -15.60440722 -14.92626105 -14.62228686
 -13.89245015 -13.15499437 -12.63759475 -11.80186929 -11.29694401
 -10.19283017  -9.26065755  -8.53829284  -7.71369616  -6.61881814
  -5.8411007   -5.00500993  -3.70701192  -2.60464265  -1.21028149]
Advants:
[-8.16590152 -7.92120992 -7.60657735 -7.55981352 -7.38099111 -7.30555419
 -7.10297437 -6.92157617 -6.87145232 -6.67272102 -6.6013979  -6.54536893
 -6.11353234 -5.70568211 -5.36891145 -5.05149611 -4.86343536 -4.28831956
 -3.95888264 -3.36748386 -2.83152865 -2.24781914 -1.75713712 -1.20261986
 -0.6402092 ]
Mus:
[[0.25529966 0.28516638 0.23828538 0.22124866]
 [0.25500414 0.28770223 0.23664138 0.22065221]
 [0.25450787 0.29069108 0.2352045  0.21959655]
 [0.25450787 0.29069108 0.2352045  0.21959655]
 [0.2549495  0.29121298 0.23503207 0.21880545]
 [0.2549495  0.29121298 0.23503207 0.21880545]
 [0.2554632  0.2928517  0.23413143 0.21755369]
 [0.2558718  0.2898044  0.23592407 0.21839972]
 [0.25544986 0.28817207 0.23637344 0.22000466]
 [0.2558718  0.2898044  0.23592407 0.21839972]
 [0.25544986 0.28817207 0.23637344 0.22000466]
 [0.25500414 0.28770223 0.23664138 0.22065221]
 [0.25450787 0.29069108 0.2352045  0.21959655]
 [0.25450787 0.29069108 0.2352045  0.21959655]
 [0.2549495  0.29121298 0.23503207 0.21880545]
 [0.25544986 0.28817207 0.23637344 0.22000466]
 [0.25500414 0.28770223 0.23664138 0.22065221]
 [0.25450787 0.29069108 0.2352045  0.21959655]
 [0.25450787 0.29069108 0.2352045  0.21959655]
 [0.25450787 0.29069108 0.2352045  0.21959655]
 [0.2549495  0.29121298 0.23503207 0.21880545]
 [0.2554632  0.2928517  0.23413143 0.21755369]
 [0.2549495  0.29121298 0.23503207 0.21880545]
 [0.2549495  0.29121298 0.23503207 0.21880545]
 [0.25450787 0.29069108 0.2352045  0.21959655]]
Actions:
[[0. 1. 0. 0.]
 [0. 1. 0. 0.]
 [0. 1. 0. 0.]
 [1. 0. 0. 0.]
 [0. 1. 0. 0.]
 [1. 0. 0. 0.]
 [0. 0. 0. 1.]
 [0. 0. 1. 0.]
 [1. 0. 0. 0.]
 [0. 0. 1. 0.]
 [0. 0. 1. 0.]
 [0. 1. 0. 0.]
 [0. 0. 1. 0.]
 [1. 0. 0. 0.]
 [0. 0. 0. 1.]
 [0. 0. 1. 0.]
 [0. 1. 0. 0.]
 [0. 1. 0. 0.]
 [0. 0. 1. 0.]
 [1. 0. 0. 0.]
 [1. 0. 0. 0.]
 [0. 0. 1. 0.]
 [0. 1. 0. 0.]
 [0. 0. 1. 0.]
 [0. 1. 0. 0.]]
States:
[[0.  0.8]
 [0.  0.9]
 [0.  1. ]
 [0.  1. ]
 [0.1 1. ]
 [0.1 1. ]
 [0.2 1. ]
 [0.2 0.9]
 [0.1 0.9]
 [0.2 0.9]
 [0.1 0.9]
 [0.  0.9]
 [0.  1. ]
 [0.  1. ]
 [0.1 1. ]
 [0.1 0.9]
 [0.  0.9]
 [0.  1. ]
 [0.  1. ]
 [0.  1. ]
 [0.1 1. ]
 [0.2 1. ]
 [0.1 1. ]
 [0.1 1. ]
 [0.  1. ]]
Logstds:
[[0. 0. 0. 0.]
 [0. 0. 0. 0.]
 [0. 0. 0. 0.]
 [0. 0. 0. 0.]
 [0. 0. 0. 0.]
 [0. 0. 0. 0.]
 [0. 0. 0. 0.]
 [0. 0. 0. 0.]
 [0. 0. 0. 0.]
 [0. 0. 0. 0.]
 [0. 0. 0. 0.]
 [0. 0. 0. 0.]
 [0. 0. 0. 0.]
 [0. 0. 0. 0.]
 [0. 0. 0. 0.]
 [0. 0. 0. 0.]
 [0. 0. 0. 0.]
 [0. 0. 0. 0.]
 [0. 0. 0. 0.]
 [0. 0. 0. 0.]
 [0. 0. 0. 0.]
 [0. 0. 0. 0.]
 [0. 0. 0. 0.]
 [0. 0. 0. 0.]
 [0. 0. 0. 0.]]
