Baseline:
[-3.7228813 -3.6068325 -3.4907835 -3.6123743 -3.4995868 -3.4995868
 -3.6286712 -3.7615755 -3.872519  -3.7615755 -3.872519  -4.0079756
 -3.8973513 -3.7615755 -3.8973513 -4.0342484 -4.174431  -4.0676727
 -4.0676727 -3.9255633 -3.818976  -3.712753  -3.8553991 -3.7470489
 -3.6066976 -3.6066976]
Returns:
[-17.16166171 -16.82537402 -16.51823446 -16.22238156 -15.87879956
 -15.56240295 -15.21365667 -14.80275343 -14.40031664 -13.85623372
 -13.40398011 -12.81023462 -12.13088532 -11.4376202  -10.78319403
 -10.04708073  -9.2252455   -8.30100225  -7.38125373  -6.37280289
  -5.39725458  -4.41565162  -3.41839496  -2.32246954  -1.16587257]
Advants:
[-10.99244072 -10.97262586 -10.993123   -10.79238057 -10.78960964
 -10.71087611 -10.4761764  -10.17939251  -9.91820092  -9.74533751
  -9.44716998  -8.98302238  -8.68434169  -8.40265909  -7.88731962
  -7.28558594  -6.58820113  -6.03260954  -5.36861883  -4.75302778
  -4.12930305  -3.49297689  -2.5772373   -1.80237789  -0.98553801]
Mus:
[[0.2716644  0.26121718 0.26908854 0.1980299 ]
 [0.26942575 0.26173177 0.27014214 0.1987003 ]
 [0.2667143  0.2626433  0.2712128  0.19942966]
 [0.2674641  0.2657798  0.26870856 0.19804758]
 [0.26433307 0.26634073 0.27074865 0.19857754]
 [0.26433307 0.26634073 0.27074865 0.19857754]
 [0.2649989  0.26888382 0.26909265 0.19702458]
 [0.26506147 0.27183095 0.26759323 0.19551438]
 [0.2684251  0.2713609  0.26501128 0.19520278]
 [0.26506147 0.27183095 0.26759323 0.19551438]
 [0.2684251  0.2713609  0.26501128 0.19520278]
 [0.26875302 0.27425835 0.26316124 0.19382745]
 [0.26509738 0.27520102 0.26584896 0.19385265]
 [0.26506147 0.27183095 0.26759323 0.19551438]
 [0.26509738 0.27520102 0.26584896 0.19385265]
 [0.26512167 0.27805102 0.26441002 0.19241728]
 [0.26514602 0.28084964 0.26286966 0.19113463]
 [0.26061618 0.28126755 0.26584566 0.19227064]
 [0.26061618 0.28126755 0.26584566 0.19227064]
 [0.26045677 0.2785319  0.2674665  0.19354479]
 [0.25606734 0.27875936 0.27041394 0.19475937]
 [0.2527682  0.27766064 0.27345628 0.19611494]
 [0.2541132  0.27939978 0.27173036 0.19475664]
 [0.25160366 0.27844897 0.27444822 0.19549908]
 [0.25020963 0.27651122 0.2760601  0.19721901]]
Actions:
[[0. 0. 1. 0.]
 [0. 0. 1. 0.]
 [0. 1. 0. 0.]
 [0. 0. 1. 0.]
 [0. 0. 1. 0.]
 [0. 1. 0. 0.]
 [0. 1. 0. 0.]
 [1. 0. 0. 0.]
 [0. 0. 1. 0.]
 [1. 0. 0. 0.]
 [0. 1. 0. 0.]
 [0. 0. 1. 0.]
 [0. 0. 0. 1.]
 [0. 1. 0. 0.]
 [0. 1. 0. 0.]
 [0. 1. 0. 0.]
 [0. 0. 1. 0.]
 [0. 1. 0. 0.]
 [0. 0. 0. 1.]
 [0. 0. 1. 0.]
 [0. 0. 1. 0.]
 [0. 1. 0. 0.]
 [0. 0. 1. 0.]
 [0. 0. 0. 1.]
 [0. 0. 0. 1.]]
States:
[[0.9 0.1]
 [0.8 0.1]
 [0.7 0.1]
 [0.7 0.2]
 [0.6 0.2]
 [0.6 0.2]
 [0.6 0.3]
 [0.6 0.4]
 [0.7 0.4]
 [0.6 0.4]
 [0.7 0.4]
 [0.7 0.5]
 [0.6 0.5]
 [0.6 0.4]
 [0.6 0.5]
 [0.6 0.6]
 [0.6 0.7]
 [0.5 0.7]
 [0.5 0.7]
 [0.5 0.6]
 [0.4 0.6]
 [0.3 0.6]
 [0.3 0.7]
 [0.2 0.7]
 [0.2 0.6]]
Logstds:
[[0. 0. 0. 0.]
 [0. 0. 0. 0.]
 [0. 0. 0. 0.]
 [0. 0. 0. 0.]
 [0. 0. 0. 0.]
 [0. 0. 0. 0.]
 [0. 0. 0. 0.]
 [0. 0. 0. 0.]
 [0. 0. 0. 0.]
 [0. 0. 0. 0.]
 [0. 0. 0. 0.]
 [0. 0. 0. 0.]
 [0. 0. 0. 0.]
 [0. 0. 0. 0.]
 [0. 0. 0. 0.]
 [0. 0. 0. 0.]
 [0. 0. 0. 0.]
 [0. 0. 0. 0.]
 [0. 0. 0. 0.]
 [0. 0. 0. 0.]
 [0. 0. 0. 0.]
 [0. 0. 0. 0.]
 [0. 0. 0. 0.]
 [0. 0. 0. 0.]
 [0. 0. 0. 0.]]
