Baseline:
[-0.14712287 -0.1550062  -0.14712287 -0.15543075 -0.16363129 -0.1724769
 -0.1803181  -0.1803181  -0.18851778 -0.18851778 -0.18851778 -0.18851778
 -0.18851778 -0.18851778 -0.18851778 -0.1803181  -0.1803181  -0.18851778
 -0.18851778 -0.1803181  -0.18492903 -0.17871566 -0.1724769  -0.17871566
 -0.1724769  -0.1724769 ]
Returns:
[-10.17575101 -10.02279757  -9.91597469  -9.74176276  -9.53440817
  -9.33556289  -9.09300717  -8.85000563  -8.54876274  -8.19847823
  -7.82975768  -7.4416308   -7.03307618  -6.60301868  -6.19930341
  -5.69924457  -5.27762395  -4.78836097  -4.24016057  -3.63698896
  -3.06920474  -2.46286253  -1.92343553  -1.29794455  -0.69720608]
Advants:
[-7.68253452 -7.62703002 -7.63933567 -7.57189288 -7.47455113 -7.38872053
 -7.26282056 -7.14740603 -6.96684889 -6.74559566 -6.50549449 -6.24493977
 -5.96218912 -5.65535175 -5.37286732 -4.99735417 -4.68895092 -4.29896488
 -3.8504421  -3.34523781 -2.85255445 -2.32036705 -1.84441765 -1.25526472
 -0.68858224]
Mus:
[[0.2595157  0.2845408  0.23981252 0.21613093]
 [0.25861856 0.28220642 0.2415794  0.21759559]
 [0.2595157  0.2845408  0.23981252 0.21613093]
 [0.25922516 0.2882292  0.23727782 0.21526782]
 [0.25835806 0.28588936 0.23878953 0.2169631 ]
 [0.25784215 0.28955188 0.2363831  0.2162229 ]
 [0.25704822 0.29309538 0.23421931 0.21563706]
 [0.25704822 0.29309538 0.23421931 0.21563706]
 [0.256633   0.29624987 0.23218006 0.214937  ]
 [0.256633   0.29624987 0.23218006 0.214937  ]
 [0.256633   0.29624987 0.23218006 0.214937  ]
 [0.256633   0.29624987 0.23218006 0.214937  ]
 [0.256633   0.29624987 0.23218006 0.214937  ]
 [0.256633   0.29624987 0.23218006 0.214937  ]
 [0.256633   0.29624987 0.23218006 0.214937  ]
 [0.25704822 0.29309538 0.23421931 0.21563706]
 [0.25704822 0.29309538 0.23421931 0.21563706]
 [0.256633   0.29624987 0.23218006 0.214937  ]
 [0.256633   0.29624987 0.23218006 0.214937  ]
 [0.25704822 0.29309538 0.23421931 0.21563706]
 [0.25637874 0.29151708 0.23519515 0.21690899]
 [0.25715348 0.28821462 0.23720406 0.21742778]
 [0.25784215 0.28955188 0.2363831  0.2162229 ]
 [0.25715348 0.28821462 0.23720406 0.21742778]
 [0.25784215 0.28955188 0.2363831  0.2162229 ]]
Actions:
[[0. 0. 1. 0.]
 [1. 0. 0. 0.]
 [0. 1. 0. 0.]
 [0. 0. 1. 0.]
 [0. 1. 0. 0.]
 [0. 1. 0. 0.]
 [1. 0. 0. 0.]
 [0. 1. 0. 0.]
 [0. 1. 0. 0.]
 [0. 1. 0. 0.]
 [0. 1. 0. 0.]
 [0. 1. 0. 0.]
 [0. 1. 0. 0.]
 [1. 0. 0. 0.]
 [0. 0. 0. 1.]
 [1. 0. 0. 0.]
 [0. 1. 0. 0.]
 [0. 1. 0. 0.]
 [0. 0. 0. 1.]
 [0. 0. 1. 0.]
 [0. 0. 0. 1.]
 [1. 0. 0. 0.]
 [0. 0. 1. 0.]
 [1. 0. 0. 0.]
 [0. 1. 0. 0.]]
States:
[[0.5 0.6]
 [0.4 0.6]
 [0.5 0.6]
 [0.5 0.7]
 [0.4 0.7]
 [0.4 0.8]
 [0.4 0.9]
 [0.4 0.9]
 [0.4 1. ]
 [0.4 1. ]
 [0.4 1. ]
 [0.4 1. ]
 [0.4 1. ]
 [0.4 1. ]
 [0.4 1. ]
 [0.4 0.9]
 [0.4 0.9]
 [0.4 1. ]
 [0.4 1. ]
 [0.4 0.9]
 [0.3 0.9]
 [0.3 0.8]
 [0.4 0.8]
 [0.3 0.8]
 [0.4 0.8]]
Logstds:
[[0. 0. 0. 0.]
 [0. 0. 0. 0.]
 [0. 0. 0. 0.]
 [0. 0. 0. 0.]
 [0. 0. 0. 0.]
 [0. 0. 0. 0.]
 [0. 0. 0. 0.]
 [0. 0. 0. 0.]
 [0. 0. 0. 0.]
 [0. 0. 0. 0.]
 [0. 0. 0. 0.]
 [0. 0. 0. 0.]
 [0. 0. 0. 0.]
 [0. 0. 0. 0.]
 [0. 0. 0. 0.]
 [0. 0. 0. 0.]
 [0. 0. 0. 0.]
 [0. 0. 0. 0.]
 [0. 0. 0. 0.]
 [0. 0. 0. 0.]
 [0. 0. 0. 0.]
 [0. 0. 0. 0.]
 [0. 0. 0. 0.]
 [0. 0. 0. 0.]
 [0. 0. 0. 0.]]
