Baseline:
[-8.384838 -8.110242 -8.110242 -8.110242 -8.110242 -8.384838 -8.710411
 -9.037693 -9.364871 -9.037693 -9.315075 -9.037693 -8.710411 -9.037693
 -9.315075 -9.037693 -9.315075 -9.646051 -9.93284  -9.598888 -9.93284
 -9.598888 -9.315075 -8.987621 -8.662199 -8.662199]
Returns:
[-13.24209769 -13.0031653  -12.78665498 -12.55874938 -12.07425952
 -12.08356695 -12.01531703 -11.88750036 -11.69790031 -10.92578262
 -10.76814934 -10.21768566  -9.43570722  -9.17212161  -8.92219038
  -8.27457097  -7.97740023  -7.56450922  -7.16901642  -6.0948375
  -5.56490786  -4.40630218  -3.48600183  -2.31765783  -1.15524292]
Advants:
[-5.48701765 -5.7276562  -5.72688601 -5.72605022 -5.47298926 -5.45063959
 -5.30827115 -5.11197245 -4.86005743 -4.68878307 -4.53729096 -4.56344017
 -4.41940216 -4.14738321 -3.94977076 -3.92587078 -3.70938831 -3.3310882
 -3.02441447 -2.66889863 -2.19578265 -1.76967799 -1.5460058  -1.12708944
 -0.72213268]
Mus:
[[0.25402623 0.2659497  0.25912005 0.22090395]
 [0.25277823 0.26619062 0.2601554  0.22087568]
 [0.25277823 0.26619062 0.2601554  0.22087568]
 [0.25277823 0.26619062 0.2601554  0.22087568]
 [0.25277823 0.26619062 0.2601554  0.22087568]
 [0.25402623 0.2659497  0.25912005 0.22090395]
 [0.25463745 0.26869732 0.25607818 0.22058704]
 [0.25527823 0.27115825 0.2531449  0.22041859]
 [0.2560523  0.27317333 0.25027758 0.22049676]
 [0.25527823 0.27115825 0.2531449  0.22041859]
 [0.25605038 0.27073014 0.2528868  0.22033265]
 [0.25527823 0.27115825 0.2531449  0.22041859]
 [0.25463745 0.26869732 0.25607818 0.22058704]
 [0.25527823 0.27115825 0.2531449  0.22041859]
 [0.25605038 0.27073014 0.2528868  0.22033265]
 [0.25527823 0.27115825 0.2531449  0.22041859]
 [0.25605038 0.27073014 0.2528868  0.22033265]
 [0.25696608 0.27280056 0.2500919  0.2201414 ]
 [0.2574822  0.27274606 0.2502805  0.21949127]
 [0.2570938  0.27074558 0.25239378 0.2197668 ]
 [0.2574822  0.27274606 0.2502805  0.21949127]
 [0.2570938  0.27074558 0.25239378 0.2197668 ]
 [0.25605038 0.27073014 0.2528868  0.22033265]
 [0.25560227 0.26847625 0.255111   0.22081047]
 [0.25518367 0.26627228 0.257706   0.22083811]]
Actions:
[[0. 0. 1. 0.]
 [0. 0. 1. 0.]
 [0. 0. 1. 0.]
 [0. 0. 0. 1.]
 [1. 0. 0. 0.]
 [0. 1. 0. 0.]
 [0. 1. 0. 0.]
 [0. 1. 0. 0.]
 [0. 0. 0. 1.]
 [1. 0. 0. 0.]
 [0. 0. 1. 0.]
 [0. 0. 0. 1.]
 [0. 1. 0. 0.]
 [1. 0. 0. 0.]
 [0. 0. 1. 0.]
 [1. 0. 0. 0.]
 [0. 1. 0. 0.]
 [1. 0. 0. 0.]
 [0. 0. 0. 1.]
 [0. 1. 0. 0.]
 [0. 0. 0. 1.]
 [0. 0. 1. 0.]
 [0. 0. 0. 1.]
 [0. 0. 0. 1.]
 [0. 0. 0. 1.]]
States:
[[0.1 0. ]
 [0.  0. ]
 [0.  0. ]
 [0.  0. ]
 [0.  0. ]
 [0.1 0. ]
 [0.1 0.1]
 [0.1 0.2]
 [0.1 0.3]
 [0.1 0.2]
 [0.2 0.2]
 [0.1 0.2]
 [0.1 0.1]
 [0.1 0.2]
 [0.2 0.2]
 [0.1 0.2]
 [0.2 0.2]
 [0.2 0.3]
 [0.3 0.3]
 [0.3 0.2]
 [0.3 0.3]
 [0.3 0.2]
 [0.2 0.2]
 [0.2 0.1]
 [0.2 0. ]]
Logstds:
[[0. 0. 0. 0.]
 [0. 0. 0. 0.]
 [0. 0. 0. 0.]
 [0. 0. 0. 0.]
 [0. 0. 0. 0.]
 [0. 0. 0. 0.]
 [0. 0. 0. 0.]
 [0. 0. 0. 0.]
 [0. 0. 0. 0.]
 [0. 0. 0. 0.]
 [0. 0. 0. 0.]
 [0. 0. 0. 0.]
 [0. 0. 0. 0.]
 [0. 0. 0. 0.]
 [0. 0. 0. 0.]
 [0. 0. 0. 0.]
 [0. 0. 0. 0.]
 [0. 0. 0. 0.]
 [0. 0. 0. 0.]
 [0. 0. 0. 0.]
 [0. 0. 0. 0.]
 [0. 0. 0. 0.]
 [0. 0. 0. 0.]
 [0. 0. 0. 0.]
 [0. 0. 0. 0.]]
