Baseline:
[ -9.70905   -10.032574  -10.31941   -10.649754  -10.3597975 -10.649754
 -10.31941   -10.649754  -10.3597975 -10.032574  -10.31941   -10.649754
 -10.3597975 -10.071647  -10.3597975 -10.032574  -10.3597975 -10.690345
 -11.020563  -10.690345  -10.3597975 -10.690345  -10.980713  -11.312311
 -10.980713  -10.980713 ]
Returns:
[-15.22599769 -15.16897497 -15.1440698  -15.00385304 -14.5019064
 -14.39914321 -13.66698565 -13.44902763 -12.86524807 -12.08449751
 -11.89725142 -11.58614948 -10.90432371 -10.22119084  -9.91179074
  -8.97559506  -8.53432386  -8.01235643  -7.40286667  -6.20750887
  -5.01342504  -4.30614715  -3.62321112  -2.7606797   -1.29196692]
Advants:
[-6.50398713 -6.3663818  -6.30863495 -6.09915366 -6.16392585 -6.0594
 -5.95790245 -5.71854325 -5.7508923  -5.63729737 -5.51744185 -5.24056105
 -5.23219214 -5.2411644  -5.06349854 -4.89134646 -4.57311466 -4.1828531
 -3.71571319 -3.33664167 -2.97387359 -2.44737717 -1.9988589  -1.33728784
 -0.74293137]
Mus:
[[0.2570938  0.27074558 0.25239378 0.2197668 ]
 [0.2574822  0.27274606 0.2502805  0.21949127]
 [0.25798878 0.27386254 0.2495488  0.21859986]
 [0.2583469  0.2762402  0.24751526 0.21789771]
 [0.2577019  0.27532676 0.24815924 0.21881211]
 [0.2583469  0.2762402  0.24751526 0.21789771]
 [0.25798878 0.27386254 0.2495488  0.21859986]
 [0.2583469  0.2762402  0.24751526 0.21789771]
 [0.2577019  0.27532676 0.24815924 0.21881211]
 [0.2574822  0.27274606 0.2502805  0.21949127]
 [0.25798878 0.27386254 0.2495488  0.21859986]
 [0.2583469  0.2762402  0.24751526 0.21789771]
 [0.2577019  0.27532676 0.24815924 0.21881211]
 [0.25748262 0.27501577 0.24782099 0.21968059]
 [0.2577019  0.27532676 0.24815924 0.21881211]
 [0.2574822  0.27274606 0.2502805  0.21949127]
 [0.2577019  0.27532676 0.24815924 0.21881211]
 [0.25790602 0.27819282 0.24526347 0.21863773]
 [0.2578627  0.28150547 0.24215011 0.21848173]
 [0.25790602 0.27819282 0.24526347 0.21863773]
 [0.2577019  0.27532676 0.24815924 0.21881211]
 [0.25790602 0.27819282 0.24526347 0.21863773]
 [0.25882447 0.2787865  0.24464741 0.21774161]
 [0.25861856 0.28220642 0.2415794  0.21759559]
 [0.25882447 0.2787865  0.24464741 0.21774161]]
Actions:
[[0. 1. 0. 0.]
 [1. 0. 0. 0.]
 [0. 1. 0. 0.]
 [0. 0. 1. 0.]
 [1. 0. 0. 0.]
 [0. 0. 0. 1.]
 [0. 1. 0. 0.]
 [0. 0. 1. 0.]
 [0. 0. 0. 1.]
 [1. 0. 0. 0.]
 [0. 1. 0. 0.]
 [0. 0. 1. 0.]
 [0. 0. 1. 0.]
 [1. 0. 0. 0.]
 [0. 0. 0. 1.]
 [0. 1. 0. 0.]
 [0. 1. 0. 0.]
 [0. 1. 0. 0.]
 [0. 0. 0. 1.]
 [0. 0. 0. 1.]
 [0. 1. 0. 0.]
 [1. 0. 0. 0.]
 [0. 1. 0. 0.]
 [0. 0. 0. 1.]
 [0. 0. 1. 0.]]
States:
[[0.3 0.2]
 [0.3 0.3]
 [0.4 0.3]
 [0.4 0.4]
 [0.3 0.4]
 [0.4 0.4]
 [0.4 0.3]
 [0.4 0.4]
 [0.3 0.4]
 [0.3 0.3]
 [0.4 0.3]
 [0.4 0.4]
 [0.3 0.4]
 [0.2 0.4]
 [0.3 0.4]
 [0.3 0.3]
 [0.3 0.4]
 [0.3 0.5]
 [0.3 0.6]
 [0.3 0.5]
 [0.3 0.4]
 [0.3 0.5]
 [0.4 0.5]
 [0.4 0.6]
 [0.4 0.5]]
Logstds:
[[0. 0. 0. 0.]
 [0. 0. 0. 0.]
 [0. 0. 0. 0.]
 [0. 0. 0. 0.]
 [0. 0. 0. 0.]
 [0. 0. 0. 0.]
 [0. 0. 0. 0.]
 [0. 0. 0. 0.]
 [0. 0. 0. 0.]
 [0. 0. 0. 0.]
 [0. 0. 0. 0.]
 [0. 0. 0. 0.]
 [0. 0. 0. 0.]
 [0. 0. 0. 0.]
 [0. 0. 0. 0.]
 [0. 0. 0. 0.]
 [0. 0. 0. 0.]
 [0. 0. 0. 0.]
 [0. 0. 0. 0.]
 [0. 0. 0. 0.]
 [0. 0. 0. 0.]
 [0. 0. 0. 0.]
 [0. 0. 0. 0.]
 [0. 0. 0. 0.]
 [0. 0. 0. 0.]]
