Baseline:
[-11.824872 -12.178792 -12.534664 -12.890175 -13.245685 -13.245685
 -13.245685 -13.541657 -13.18609  -12.830393 -12.47493  -12.12048
 -11.824872 -12.178792 -11.824872 -11.529505 -11.233179 -10.881471
 -11.233179 -11.588132 -11.943644 -11.943644 -12.299371 -12.006755
 -12.299371 -12.299371]
Returns:
[-20.23484514 -20.16025416 -20.0120664  -19.78227419 -19.46578208
 -19.05677535 -18.21627042 -17.98832815 -16.85893202 -15.73295568
 -14.61131321 -13.49454087 -12.61533405 -12.13971617 -10.91677919
  -9.91948068  -8.88932667  -7.61047449  -6.97024511  -6.22880193
  -5.37837176  -4.61276322  -3.60403807  -2.0487692   -1.05293822]
Advants:
[-9.22901759 -9.1171289  -8.94107348 -8.69361544 -8.36745411 -8.32109929
 -7.84814456 -7.70688694 -7.32437986 -6.95493508 -6.60003998 -6.26046105
 -6.11756792 -5.74062356 -5.33587775 -5.11605789 -4.88271472 -4.47001742
 -4.00567118 -3.44790228 -2.78917457 -2.59371732 -1.80578592 -1.12971522
 -0.43797016]
Mus:
[[0.25979668 0.28729433 0.238097   0.21481194]
 [0.2597676  0.29067332 0.23568544 0.21387368]
 [0.25962207 0.2935534  0.23368803 0.21313655]
 [0.2591561  0.2966036  0.23169684 0.2125435 ]
 [0.2584849  0.29996115 0.22948857 0.21206535]
 [0.2584849  0.29996115 0.22948857 0.21206535]
 [0.2584849  0.29996115 0.22948857 0.21206535]
 [0.25919223 0.30164802 0.2284222  0.21073751]
 [0.25962454 0.2985617  0.2302689  0.21154492]
 [0.25969306 0.2955919  0.23233508 0.21237999]
 [0.2596946  0.292632   0.2344327  0.21324068]
 [0.2596395  0.28929067 0.23689438 0.21417549]
 [0.25979668 0.28729433 0.238097   0.21481194]
 [0.2597676  0.29067332 0.23568544 0.21387368]
 [0.25979668 0.28729433 0.238097   0.21481194]
 [0.2595157  0.2845408  0.23981252 0.21613093]
 [0.25861856 0.28220642 0.2415794  0.21759559]
 [0.25882447 0.2787865  0.24464741 0.21774161]
 [0.25861856 0.28220642 0.2415794  0.21759559]
 [0.25835806 0.28588936 0.23878953 0.2169631 ]
 [0.25784215 0.28955188 0.2363831  0.2162229 ]
 [0.25784215 0.28955188 0.2363831  0.2162229 ]
 [0.25704822 0.29309538 0.23421931 0.21563706]
 [0.25637874 0.29151708 0.23519515 0.21690899]
 [0.25704822 0.29309538 0.23421931 0.21563706]]
Actions:
[[0. 1. 0. 0.]
 [0. 1. 0. 0.]
 [0. 1. 0. 0.]
 [0. 1. 0. 0.]
 [0. 1. 0. 0.]
 [0. 0. 1. 0.]
 [1. 0. 0. 0.]
 [0. 0. 0. 1.]
 [0. 0. 0. 1.]
 [0. 0. 0. 1.]
 [0. 0. 0. 1.]
 [0. 0. 1. 0.]
 [0. 1. 0. 0.]
 [0. 0. 0. 1.]
 [0. 0. 1. 0.]
 [0. 0. 1. 0.]
 [0. 0. 0. 1.]
 [0. 1. 0. 0.]
 [0. 1. 0. 0.]
 [0. 1. 0. 0.]
 [1. 0. 0. 0.]
 [0. 1. 0. 0.]
 [0. 0. 1. 0.]
 [1. 0. 0. 0.]
 [1. 0. 0. 0.]]
States:
[[0.6 0.6]
 [0.6 0.7]
 [0.6 0.8]
 [0.6 0.9]
 [0.6 1. ]
 [0.6 1. ]
 [0.6 1. ]
 [0.7 1. ]
 [0.7 0.9]
 [0.7 0.8]
 [0.7 0.7]
 [0.7 0.6]
 [0.6 0.6]
 [0.6 0.7]
 [0.6 0.6]
 [0.5 0.6]
 [0.4 0.6]
 [0.4 0.5]
 [0.4 0.6]
 [0.4 0.7]
 [0.4 0.8]
 [0.4 0.8]
 [0.4 0.9]
 [0.3 0.9]
 [0.4 0.9]]
Logstds:
[[0. 0. 0. 0.]
 [0. 0. 0. 0.]
 [0. 0. 0. 0.]
 [0. 0. 0. 0.]
 [0. 0. 0. 0.]
 [0. 0. 0. 0.]
 [0. 0. 0. 0.]
 [0. 0. 0. 0.]
 [0. 0. 0. 0.]
 [0. 0. 0. 0.]
 [0. 0. 0. 0.]
 [0. 0. 0. 0.]
 [0. 0. 0. 0.]
 [0. 0. 0. 0.]
 [0. 0. 0. 0.]
 [0. 0. 0. 0.]
 [0. 0. 0. 0.]
 [0. 0. 0. 0.]
 [0. 0. 0. 0.]
 [0. 0. 0. 0.]
 [0. 0. 0. 0.]
 [0. 0. 0. 0.]
 [0. 0. 0. 0.]
 [0. 0. 0. 0.]
 [0. 0. 0. 0.]]
