Baseline:
[-11.959497  -11.626866  -11.626866  -11.626866  -11.32329   -11.022544
 -11.32329   -11.658609  -11.357723  -11.057205  -11.357723  -11.6949625
 -11.996368  -12.298836  -11.996368  -12.298836  -11.996368  -12.335162
 -12.637975  -12.335162  -12.637975  -12.335162  -11.996368  -12.335162
 -12.637975  -12.637975 ]
Returns:
[-18.75542422 -18.24205959 -17.88938409 -17.40398991 -17.0903177
 -16.81990144 -16.47565638 -15.93582717 -15.52792364 -15.15777355
 -14.70407643 -14.04839179 -13.43435472 -12.74740163 -12.03523602
 -11.27464509 -10.48496598  -9.50193901  -8.54819017  -7.53945055
  -6.48241284  -5.36494809  -4.05161262  -2.7299881   -1.41982079]
Advants:
[-7.66060759 -7.7581279  -7.69650228 -7.5119395  -7.82799007 -8.2131876
 -7.93334642 -7.42738702 -7.71769946 -8.07709099 -7.76512031 -7.22140489
 -6.76512431 -6.24338129 -6.32852872 -5.76959335 -5.81438012 -5.0289968
 -4.31570833 -4.17750041 -3.39167535 -3.17475166 -2.81871706 -1.77814161
 -0.78792191]
Mus:
[[0.27337047 0.26058477 0.26844305 0.19760163]
 [0.2724651  0.25857595 0.2704278  0.19853121]
 [0.2724651  0.25857595 0.2704278  0.19853121]
 [0.2724651  0.25857595 0.2704278  0.19853121]
 [0.27045357 0.25918248 0.27103743 0.19932657]
 [0.26785615 0.25958893 0.272403   0.20015188]
 [0.27045357 0.25918248 0.27103743 0.19932657]
 [0.2716644  0.26121718 0.26908854 0.1980299 ]
 [0.26942575 0.26173177 0.27014214 0.1987003 ]
 [0.2667143  0.2626433  0.2712128  0.19942966]
 [0.26942575 0.26173177 0.27014214 0.1987003 ]
 [0.27025497 0.26483846 0.26748982 0.19741683]
 [0.2727185  0.26373005 0.26669902 0.1968524 ]
 [0.27411455 0.26293564 0.2663685  0.19658132]
 [0.2727185  0.26373005 0.26669902 0.1968524 ]
 [0.27411455 0.26293564 0.2663685  0.19658132]
 [0.2727185  0.26373005 0.26669902 0.1968524 ]
 [0.2730036  0.26691929 0.26429424 0.19578291]
 [0.2746262  0.26567322 0.26405904 0.19564156]
 [0.2730036  0.26691929 0.26429424 0.19578291]
 [0.2746262  0.26567322 0.26405904 0.19564156]
 [0.2730036  0.26691929 0.26429424 0.19578291]
 [0.2727185  0.26373005 0.26669902 0.1968524 ]
 [0.2730036  0.26691929 0.26429424 0.19578291]
 [0.2746262  0.26567322 0.26405904 0.19564156]]
Actions:
[[0. 0. 0. 1.]
 [1. 0. 0. 0.]
 [0. 0. 0. 1.]
 [0. 0. 1. 0.]
 [0. 0. 1. 0.]
 [1. 0. 0. 0.]
 [0. 1. 0. 0.]
 [0. 0. 1. 0.]
 [0. 0. 1. 0.]
 [1. 0. 0. 0.]
 [0. 1. 0. 0.]
 [1. 0. 0. 0.]
 [1. 0. 0. 0.]
 [0. 0. 1. 0.]
 [1. 0. 0. 0.]
 [0. 0. 1. 0.]
 [0. 1. 0. 0.]
 [1. 0. 0. 0.]
 [0. 0. 1. 0.]
 [1. 0. 0. 0.]
 [0. 0. 1. 0.]
 [0. 0. 0. 1.]
 [0. 1. 0. 0.]
 [1. 0. 0. 0.]
 [1. 0. 0. 0.]]
States:
[[1.  0.1]
 [1.  0. ]
 [1.  0. ]
 [1.  0. ]
 [0.9 0. ]
 [0.8 0. ]
 [0.9 0. ]
 [0.9 0.1]
 [0.8 0.1]
 [0.7 0.1]
 [0.8 0.1]
 [0.8 0.2]
 [0.9 0.2]
 [1.  0.2]
 [0.9 0.2]
 [1.  0.2]
 [0.9 0.2]
 [0.9 0.3]
 [1.  0.3]
 [0.9 0.3]
 [1.  0.3]
 [0.9 0.3]
 [0.9 0.2]
 [0.9 0.3]
 [1.  0.3]]
Logstds:
[[0. 0. 0. 0.]
 [0. 0. 0. 0.]
 [0. 0. 0. 0.]
 [0. 0. 0. 0.]
 [0. 0. 0. 0.]
 [0. 0. 0. 0.]
 [0. 0. 0. 0.]
 [0. 0. 0. 0.]
 [0. 0. 0. 0.]
 [0. 0. 0. 0.]
 [0. 0. 0. 0.]
 [0. 0. 0. 0.]
 [0. 0. 0. 0.]
 [0. 0. 0. 0.]
 [0. 0. 0. 0.]
 [0. 0. 0. 0.]
 [0. 0. 0. 0.]
 [0. 0. 0. 0.]
 [0. 0. 0. 0.]
 [0. 0. 0. 0.]
 [0. 0. 0. 0.]
 [0. 0. 0. 0.]
 [0. 0. 0. 0.]
 [0. 0. 0. 0.]
 [0. 0. 0. 0.]]
