Baseline:
[ -9.895747  -10.149395   -9.895747  -10.149395   -9.860999  -10.116482
 -10.374214  -10.661367  -10.950233  -11.208565  -10.950233  -11.208565
 -11.466896  -11.724913  -12.0140915 -12.302959  -12.594164  -12.594164
 -12.594164  -12.302959  -12.044971  -12.338344  -12.338344  -12.083051
 -12.083051  -12.083051 ]
Returns:
[-17.17573174 -17.11588629 -16.72403407 -16.64041507 -16.07051974
 -15.97365373 -15.84515985 -15.58471512 -15.25487197 -14.96842748
 -14.30893528 -13.97270466 -13.59006707 -13.15741155 -12.54383649
 -11.83881723 -11.03543657 -10.12659318  -9.16991592  -7.82206963
  -6.61012121  -5.56665316  -4.40597913  -2.99128869  -1.5339942 ]
Advants:
[-7.94913427 -7.90810279 -8.06129546 -8.02981867 -8.07145145 -8.05886494
 -8.02939996 -7.85201833 -7.61592819 -7.4695162  -7.48824806 -7.33095936
 -7.14468999 -6.9260915  -6.50770621 -6.00871071 -5.41732221 -5.02643188
 -4.60224269 -4.09077147 -3.69891901 -2.93072625 -2.35124362 -1.78668956
 -0.92984104]
Mus:
[[0.25720176 0.2809932  0.24223013 0.21957496]
 [0.2578627  0.28150547 0.24215011 0.21848173]
 [0.25720176 0.2809932  0.24223013 0.21957496]
 [0.2578627  0.28150547 0.24215011 0.21848173]
 [0.25790602 0.27819282 0.24526347 0.21863773]
 [0.25882447 0.2787865  0.24464741 0.21774161]
 [0.25942633 0.28104374 0.242887   0.21664292]
 [0.2595157  0.2845408  0.23981252 0.21613093]
 [0.25922516 0.2882292  0.23727782 0.21526782]
 [0.2597676  0.29067332 0.23568544 0.21387368]
 [0.25922516 0.2882292  0.23727782 0.21526782]
 [0.2597676  0.29067332 0.23568544 0.21387368]
 [0.2596946  0.292632   0.2344327  0.21324068]
 [0.259691   0.29433227 0.23337223 0.2126045 ]
 [0.25957286 0.2974508  0.23138697 0.21158926]
 [0.25953948 0.30044404 0.22928064 0.21073581]
 [0.25934857 0.30337563 0.22730306 0.20997274]
 [0.25934857 0.30337563 0.22730306 0.20997274]
 [0.25934857 0.30337563 0.22730306 0.20997274]
 [0.25953948 0.30044404 0.22928064 0.21073581]
 [0.25962454 0.2985617  0.2302689  0.21154492]
 [0.25919223 0.30164802 0.2284222  0.21073751]
 [0.25919223 0.30164802 0.2284222  0.21073751]
 [0.2584849  0.29996115 0.22948857 0.21206535]
 [0.2584849  0.29996115 0.22948857 0.21206535]]
Actions:
[[1. 0. 0. 0.]
 [0. 0. 1. 0.]
 [1. 0. 0. 0.]
 [0. 0. 0. 1.]
 [1. 0. 0. 0.]
 [1. 0. 0. 0.]
 [0. 1. 0. 0.]
 [0. 1. 0. 0.]
 [1. 0. 0. 0.]
 [0. 0. 1. 0.]
 [1. 0. 0. 0.]
 [1. 0. 0. 0.]
 [1. 0. 0. 0.]
 [0. 1. 0. 0.]
 [0. 1. 0. 0.]
 [0. 1. 0. 0.]
 [0. 1. 0. 0.]
 [0. 1. 0. 0.]
 [0. 0. 0. 1.]
 [0. 0. 1. 0.]
 [0. 1. 0. 0.]
 [0. 1. 0. 0.]
 [0. 0. 1. 0.]
 [0. 0. 1. 0.]
 [0. 0. 1. 0.]]
States:
[[0.2 0.6]
 [0.3 0.6]
 [0.2 0.6]
 [0.3 0.6]
 [0.3 0.5]
 [0.4 0.5]
 [0.5 0.5]
 [0.5 0.6]
 [0.5 0.7]
 [0.6 0.7]
 [0.5 0.7]
 [0.6 0.7]
 [0.7 0.7]
 [0.8 0.7]
 [0.8 0.8]
 [0.8 0.9]
 [0.8 1. ]
 [0.8 1. ]
 [0.8 1. ]
 [0.8 0.9]
 [0.7 0.9]
 [0.7 1. ]
 [0.7 1. ]
 [0.6 1. ]
 [0.6 1. ]]
Logstds:
[[0. 0. 0. 0.]
 [0. 0. 0. 0.]
 [0. 0. 0. 0.]
 [0. 0. 0. 0.]
 [0. 0. 0. 0.]
 [0. 0. 0. 0.]
 [0. 0. 0. 0.]
 [0. 0. 0. 0.]
 [0. 0. 0. 0.]
 [0. 0. 0. 0.]
 [0. 0. 0. 0.]
 [0. 0. 0. 0.]
 [0. 0. 0. 0.]
 [0. 0. 0. 0.]
 [0. 0. 0. 0.]
 [0. 0. 0. 0.]
 [0. 0. 0. 0.]
 [0. 0. 0. 0.]
 [0. 0. 0. 0.]
 [0. 0. 0. 0.]
 [0. 0. 0. 0.]
 [0. 0. 0. 0.]
 [0. 0. 0. 0.]
 [0. 0. 0. 0.]
 [0. 0. 0. 0.]]
