Baseline:
[1.0817512 1.0817512 1.1256403 1.1484909 1.1046951 1.1484909 1.1936996
 1.1484909 1.1936996 1.2154832 1.1936996 1.1484909 1.1700742 1.1908542
 1.2110181 1.255876  1.255876  1.237015  1.255876  1.237015  1.255876
 1.237015  1.255876  1.255876  1.255876  1.255876 ]
Returns:
[-3.2079146  -3.20905185 -3.14014084 -3.09925789 -3.08661505 -2.99805813
 -2.89152063 -2.85189378 -2.73766342 -2.64797591 -2.56322809 -2.50632269
 -2.41875957 -2.31292748 -2.18734904 -1.99602054 -1.82666338 -1.67004861
 -1.49642143 -1.32242552 -1.13050238 -0.93724757 -0.72505191 -0.48880166
 -0.24011719]
Advants:
[-2.96338615 -2.98424665 -2.97985414 -2.98365099 -2.94915549 -2.92682251
 -2.88793563 -2.82483001 -2.77725467 -2.73052387 -2.64367451 -2.55976098
 -2.51149154 -2.44302796 -2.35235489 -2.21735146 -2.05520052 -1.88211786
 -1.7251619  -1.52396417 -1.33649811 -1.1021912  -0.87879548 -0.60261671
 -0.30291104]
Mus:
[[0.26445377 0.28340918 0.26194772 0.19018933]
 [0.26445377 0.28340918 0.26194772 0.19018933]
 [0.26390362 0.28572625 0.26089567 0.18947445]
 [0.26682475 0.28523836 0.25864798 0.18928894]
 [0.26765636 0.28250727 0.25977683 0.19005963]
 [0.26682475 0.28523836 0.25864798 0.18928894]
 [0.26617014 0.28751493 0.25787565 0.18843928]
 [0.26682475 0.28523836 0.25864798 0.18928894]
 [0.26617014 0.28751493 0.25787565 0.18843928]
 [0.26870295 0.2868224  0.25630587 0.18816872]
 [0.26617014 0.28751493 0.25787565 0.18843928]
 [0.26682475 0.28523836 0.25864798 0.18928894]
 [0.2695251  0.2841426  0.25720325 0.189129  ]
 [0.27166337 0.28295982 0.255776   0.18960084]
 [0.27305228 0.28239107 0.25450468 0.19005197]
 [0.27188736 0.28559473 0.2541659  0.18835205]
 [0.27188736 0.28559473 0.2541659  0.18835205]
 [0.2706434  0.28583634 0.2552865  0.18823378]
 [0.27188736 0.28559473 0.2541659  0.18835205]
 [0.2706434  0.28583634 0.2552865  0.18823378]
 [0.27188736 0.28559473 0.2541659  0.18835205]
 [0.2706434  0.28583634 0.2552865  0.18823378]
 [0.27188736 0.28559473 0.2541659  0.18835205]
 [0.27188736 0.28559473 0.2541659  0.18835205]
 [0.27188736 0.28559473 0.2541659  0.18835205]]
Actions:
[[0. 0. 1. 0.]
 [0. 1. 0. 0.]
 [1. 0. 0. 0.]
 [0. 0. 0. 1.]
 [0. 1. 0. 0.]
 [0. 1. 0. 0.]
 [0. 0. 0. 1.]
 [0. 1. 0. 0.]
 [1. 0. 0. 0.]
 [0. 0. 1. 0.]
 [0. 0. 0. 1.]
 [1. 0. 0. 0.]
 [1. 0. 0. 0.]
 [1. 0. 0. 0.]
 [0. 1. 0. 0.]
 [1. 0. 0. 0.]
 [0. 0. 1. 0.]
 [1. 0. 0. 0.]
 [0. 0. 1. 0.]
 [1. 0. 0. 0.]
 [0. 0. 1. 0.]
 [1. 0. 0. 0.]
 [1. 0. 0. 0.]
 [1. 0. 0. 0.]
 [0. 0. 1. 0.]]
States:
[[0.6 0.8]
 [0.6 0.8]
 [0.6 0.9]
 [0.7 0.9]
 [0.7 0.8]
 [0.7 0.9]
 [0.7 1. ]
 [0.7 0.9]
 [0.7 1. ]
 [0.8 1. ]
 [0.7 1. ]
 [0.7 0.9]
 [0.8 0.9]
 [0.9 0.9]
 [1.  0.9]
 [1.  1. ]
 [1.  1. ]
 [0.9 1. ]
 [1.  1. ]
 [0.9 1. ]
 [1.  1. ]
 [0.9 1. ]
 [1.  1. ]
 [1.  1. ]
 [1.  1. ]]
Logstds:
[[0. 0. 0. 0.]
 [0. 0. 0. 0.]
 [0. 0. 0. 0.]
 [0. 0. 0. 0.]
 [0. 0. 0. 0.]
 [0. 0. 0. 0.]
 [0. 0. 0. 0.]
 [0. 0. 0. 0.]
 [0. 0. 0. 0.]
 [0. 0. 0. 0.]
 [0. 0. 0. 0.]
 [0. 0. 0. 0.]
 [0. 0. 0. 0.]
 [0. 0. 0. 0.]
 [0. 0. 0. 0.]
 [0. 0. 0. 0.]
 [0. 0. 0. 0.]
 [0. 0. 0. 0.]
 [0. 0. 0. 0.]
 [0. 0. 0. 0.]
 [0. 0. 0. 0.]
 [0. 0. 0. 0.]
 [0. 0. 0. 0.]
 [0. 0. 0. 0.]
 [0. 0. 0. 0.]]
