Baseline:
[-11.066279  -10.776322  -10.486365  -10.1591425  -9.835616  -10.120402
 -10.120402   -9.835616  -10.120402  -10.445979  -10.776322  -11.107282
 -11.43888   -11.107282  -10.816914  -11.107282  -11.398408  -11.066279
 -10.776322  -10.486365  -10.1591425 -10.445979  -10.120402  -10.120402
  -9.835616   -9.835616 ]
Returns:
[-17.53191589 -17.17728689 -16.85970786 -16.38325493 -15.9550789
 -15.67670653 -15.34130533 -15.07974971 -14.75530738 -14.23462586
 -13.6250539  -12.92157175 -12.11920188 -11.20425549 -10.49220527
  -9.7579527   -8.94214958  -7.88492924  -7.0225641   -6.17052597
  -5.13148453  -4.22728892  -3.11150157  -2.1147738   -1.15708494]
Advants:
[-6.92789315 -7.10056788 -7.3296573  -7.45439217 -7.64380854 -7.38234909
 -7.3639751  -7.7319583  -7.47800809 -6.99111972 -6.41211941 -5.73734559
 -4.95861268 -4.7427194  -4.70675349 -4.06901809 -3.34769565 -3.01863464
 -2.8582906  -2.72599232 -2.45855389 -1.71292078 -1.38161237 -0.85205245
 -0.66530323]
Mus:
[[0.26123327 0.27195993 0.27048087 0.19632599]
 [0.25677955 0.27203348 0.2734272  0.19775978]
 [0.2523132  0.27232686 0.27621904 0.19914082]
 [0.2526539  0.2689793  0.27774104 0.20062578]
 [0.25309172 0.26599646 0.27871954 0.20219229]
 [0.25700617 0.2663656  0.27639094 0.20023732]
 [0.25700617 0.2663656  0.27639094 0.20023732]
 [0.25309172 0.26599646 0.27871954 0.20219229]
 [0.25700617 0.2663656  0.27639094 0.20023732]
 [0.25725248 0.26884857 0.2747546  0.19914436]
 [0.25677955 0.27203348 0.2734272  0.19775978]
 [0.25602612 0.27602908 0.2717875  0.19615735]
 [0.25606734 0.27875936 0.27041394 0.19475937]
 [0.25602612 0.27602908 0.2717875  0.19615735]
 [0.25213057 0.2755329  0.27473772 0.19759884]
 [0.25602612 0.27602908 0.2717875  0.19615735]
 [0.26058388 0.27552563 0.26891318 0.19497737]
 [0.26123327 0.27195993 0.27048087 0.19632599]
 [0.25677955 0.27203348 0.2734272  0.19775978]
 [0.2523132  0.27232686 0.27621904 0.19914082]
 [0.2526539  0.2689793  0.27774104 0.20062578]
 [0.25725248 0.26884857 0.2747546  0.19914436]
 [0.25700617 0.2663656  0.27639094 0.20023732]
 [0.25700617 0.2663656  0.27639094 0.20023732]
 [0.25309172 0.26599646 0.27871954 0.20219229]]
Actions:
[[0. 0. 1. 0.]
 [0. 0. 1. 0.]
 [0. 0. 0. 1.]
 [0. 0. 0. 1.]
 [1. 0. 0. 0.]
 [1. 0. 0. 0.]
 [0. 0. 1. 0.]
 [1. 0. 0. 0.]
 [0. 1. 0. 0.]
 [0. 1. 0. 0.]
 [0. 1. 0. 0.]
 [0. 1. 0. 0.]
 [0. 0. 0. 1.]
 [0. 0. 1. 0.]
 [1. 0. 0. 0.]
 [1. 0. 0. 0.]
 [0. 0. 0. 1.]
 [0. 0. 1. 0.]
 [0. 0. 1. 0.]
 [0. 0. 0. 1.]
 [1. 0. 0. 0.]
 [0. 0. 0. 1.]
 [1. 0. 0. 0.]
 [0. 0. 1. 0.]
 [0. 0. 0. 1.]]
States:
[[0.5 0.4]
 [0.4 0.4]
 [0.3 0.4]
 [0.3 0.3]
 [0.3 0.2]
 [0.4 0.2]
 [0.4 0.2]
 [0.3 0.2]
 [0.4 0.2]
 [0.4 0.3]
 [0.4 0.4]
 [0.4 0.5]
 [0.4 0.6]
 [0.4 0.5]
 [0.3 0.5]
 [0.4 0.5]
 [0.5 0.5]
 [0.5 0.4]
 [0.4 0.4]
 [0.3 0.4]
 [0.3 0.3]
 [0.4 0.3]
 [0.4 0.2]
 [0.4 0.2]
 [0.3 0.2]]
Logstds:
[[0. 0. 0. 0.]
 [0. 0. 0. 0.]
 [0. 0. 0. 0.]
 [0. 0. 0. 0.]
 [0. 0. 0. 0.]
 [0. 0. 0. 0.]
 [0. 0. 0. 0.]
 [0. 0. 0. 0.]
 [0. 0. 0. 0.]
 [0. 0. 0. 0.]
 [0. 0. 0. 0.]
 [0. 0. 0. 0.]
 [0. 0. 0. 0.]
 [0. 0. 0. 0.]
 [0. 0. 0. 0.]
 [0. 0. 0. 0.]
 [0. 0. 0. 0.]
 [0. 0. 0. 0.]
 [0. 0. 0. 0.]
 [0. 0. 0. 0.]
 [0. 0. 0. 0.]
 [0. 0. 0. 0.]
 [0. 0. 0. 0.]
 [0. 0. 0. 0.]
 [0. 0. 0. 0.]]
