Baseline:
[-10.590214 -10.85238  -11.114122 -11.114122 -11.114122 -10.85238
 -10.569103 -10.307461 -10.590214 -10.869332 -10.590214 -10.325817
 -10.062949 -10.347059 -10.606714 -10.891636 -10.891636 -10.891636
 -10.606714 -10.891636 -10.891636 -10.606714 -10.891636 -10.632925
 -10.374214 -10.374214]
Returns:
[-16.27588118 -16.12193554 -15.92794355 -15.69206347 -15.44376865
 -14.90257153 -14.20795425 -13.69306925 -13.38071299 -12.99755988
 -12.18005165 -11.53122798 -10.88034771 -10.43453472  -9.99734169
  -9.41705634  -8.85209173  -8.25739215  -7.16799257  -6.43879411
  -5.71707886  -4.49397859  -3.62404255  -2.44578617  -1.23811388]
Advants:
[-6.54314737 -6.36305817 -6.14935727 -6.16883373 -6.18996933 -6.19425417
 -6.07810252 -6.13736296 -5.86297186 -5.52825656 -5.32867584 -5.30003089
 -5.28610774 -4.93956695 -4.63720784 -4.17333764 -4.02642506 -3.86699741
 -3.50998997 -2.95009524 -2.69897807 -2.24247034 -1.57459917 -1.15508526
 -0.71940231]
Mus:
[[0.2609231  0.27987248 0.24427333 0.21493107]
 [0.26145628 0.28072163 0.24355027 0.2142718 ]
 [0.2616318  0.28082067 0.24340923 0.21413825]
 [0.2616318  0.28082067 0.24340923 0.21413825]
 [0.2616318  0.28082067 0.24340923 0.21413825]
 [0.26145628 0.28072163 0.24355027 0.2142718 ]
 [0.261404   0.2761095  0.24711935 0.2153671 ]
 [0.26139328 0.27560148 0.24711154 0.21589369]
 [0.2609231  0.27987248 0.24427333 0.21493107]
 [0.26083913 0.28319848 0.24141394 0.21454845]
 [0.2609231  0.27987248 0.24427333 0.21493107]
 [0.26020825 0.27856544 0.24543029 0.21579607]
 [0.25950196 0.2771861  0.24672976 0.21658213]
 [0.25948626 0.28070253 0.24371035 0.21610075]
 [0.260012   0.28206024 0.24247386 0.21545391]
 [0.25992283 0.28558153 0.23953931 0.21495633]
 [0.25992283 0.28558153 0.23953931 0.21495633]
 [0.25992283 0.28558153 0.23953931 0.21495633]
 [0.260012   0.28206024 0.24247386 0.21545391]
 [0.25992283 0.28558153 0.23953931 0.21495633]
 [0.25992283 0.28558153 0.23953931 0.21495633]
 [0.260012   0.28206024 0.24247386 0.21545391]
 [0.25992283 0.28558153 0.23953931 0.21495633]
 [0.25983584 0.28368637 0.24090892 0.21556887]
 [0.25942633 0.28104374 0.242887   0.21664292]]
Actions:
[[1. 0. 0. 0.]
 [1. 0. 0. 0.]
 [1. 0. 0. 0.]
 [1. 0. 0. 0.]
 [0. 0. 1. 0.]
 [0. 0. 0. 1.]
 [0. 0. 1. 0.]
 [0. 1. 0. 0.]
 [0. 1. 0. 0.]
 [0. 0. 0. 1.]
 [0. 0. 1. 0.]
 [0. 0. 1. 0.]
 [0. 1. 0. 0.]
 [1. 0. 0. 0.]
 [0. 1. 0. 0.]
 [1. 0. 0. 0.]
 [1. 0. 0. 0.]
 [0. 0. 0. 1.]
 [0. 1. 0. 0.]
 [1. 0. 0. 0.]
 [0. 0. 0. 1.]
 [0. 1. 0. 0.]
 [0. 0. 1. 0.]
 [0. 0. 1. 0.]
 [0. 0. 1. 0.]]
States:
[[0.8 0.3]
 [0.9 0.3]
 [1.  0.3]
 [1.  0.3]
 [1.  0.3]
 [0.9 0.3]
 [0.9 0.2]
 [0.8 0.2]
 [0.8 0.3]
 [0.8 0.4]
 [0.8 0.3]
 [0.7 0.3]
 [0.6 0.3]
 [0.6 0.4]
 [0.7 0.4]
 [0.7 0.5]
 [0.7 0.5]
 [0.7 0.5]
 [0.7 0.4]
 [0.7 0.5]
 [0.7 0.5]
 [0.7 0.4]
 [0.7 0.5]
 [0.6 0.5]
 [0.5 0.5]]
Logstds:
[[0. 0. 0. 0.]
 [0. 0. 0. 0.]
 [0. 0. 0. 0.]
 [0. 0. 0. 0.]
 [0. 0. 0. 0.]
 [0. 0. 0. 0.]
 [0. 0. 0. 0.]
 [0. 0. 0. 0.]
 [0. 0. 0. 0.]
 [0. 0. 0. 0.]
 [0. 0. 0. 0.]
 [0. 0. 0. 0.]
 [0. 0. 0. 0.]
 [0. 0. 0. 0.]
 [0. 0. 0. 0.]
 [0. 0. 0. 0.]
 [0. 0. 0. 0.]
 [0. 0. 0. 0.]
 [0. 0. 0. 0.]
 [0. 0. 0. 0.]
 [0. 0. 0. 0.]
 [0. 0. 0. 0.]
 [0. 0. 0. 0.]
 [0. 0. 0. 0.]
 [0. 0. 0. 0.]]
