Baseline:
[-11.7456045 -11.461324  -11.7456045 -11.393106  -11.393106  -11.393106
 -11.686503  -11.393106  -11.7456045 -11.461324  -11.822959  -11.461324
 -11.822959  -12.104676  -12.396196  -12.104676  -12.470943  -12.104676
 -11.7456045 -12.039932  -12.334989  -12.039932  -12.396196  -12.039932
 -12.334989  -12.334989 ]
Returns:
[-19.93871939 -19.70541189 -19.39191803 -18.89844879 -18.4690903
 -18.01713399 -17.63262314 -17.32207819 -16.69094132 -16.28669812
 -15.56912575 -14.83275625 -14.03866062 -13.360259   -12.5972692
 -11.82749111 -10.77053503  -9.64549872  -8.54999739  -7.60134541
  -6.5551656   -5.51225143  -4.15295205  -2.72060115  -1.41754007]
Advants:
[-8.71937788 -9.07015413 -8.77923385 -8.96689705 -8.88088953 -8.78755527
 -8.4778527  -8.85974604 -8.27872417 -8.59196237 -7.94948089 -8.0370868
 -7.34733703 -6.86320055 -6.29260744 -6.32469783 -5.41128091 -5.18227999
 -4.99797105 -4.3157033  -3.54146405 -3.38577378 -2.25976429 -1.79017202
 -0.80078983]
Mus:
[[0.24924172 0.27718598 0.2775636  0.19600873]
 [0.24626715 0.27472165 0.2823628  0.19664836]
 [0.24924172 0.27718598 0.2775636  0.19600873]
 [0.24796636 0.27523673 0.2789434  0.19785348]
 [0.24796636 0.27523673 0.2789434  0.19785348]
 [0.24796636 0.27523673 0.2789434  0.19785348]
 [0.25020963 0.27651122 0.2760601  0.19721901]
 [0.24796636 0.27523673 0.2789434  0.19785348]
 [0.24924172 0.27718598 0.2775636  0.19600873]
 [0.24626715 0.27472165 0.2823628  0.19664836]
 [0.24768008 0.27621937 0.2814319  0.19466865]
 [0.24626715 0.27472165 0.2823628  0.19664836]
 [0.24768008 0.27621937 0.2814319  0.19466865]
 [0.25051224 0.2786596  0.2766165  0.19421163]
 [0.2527904  0.28029448 0.273075   0.1938401 ]
 [0.25051224 0.2786596  0.2766165  0.19421163]
 [0.2516098  0.28013137 0.27568707 0.19257182]
 [0.25051224 0.2786596  0.2766165  0.19421163]
 [0.24924172 0.27718598 0.2775636  0.19600873]
 [0.25160366 0.27844897 0.27444822 0.19549908]
 [0.2541132  0.27939978 0.27173036 0.19475664]
 [0.25160366 0.27844897 0.27444822 0.19549908]
 [0.2527904  0.28029448 0.273075   0.1938401 ]
 [0.25160366 0.27844897 0.27444822 0.19549908]
 [0.2541132  0.27939978 0.27173036 0.19475664]]
Actions:
[[0. 0. 1. 0.]
 [1. 0. 0. 0.]
 [0. 0. 0. 1.]
 [0. 0. 0. 1.]
 [0. 0. 0. 1.]
 [1. 0. 0. 0.]
 [0. 0. 1. 0.]
 [0. 1. 0. 0.]
 [0. 0. 1. 0.]
 [0. 1. 0. 0.]
 [0. 0. 0. 1.]
 [0. 1. 0. 0.]
 [1. 0. 0. 0.]
 [1. 0. 0. 0.]
 [0. 0. 1. 0.]
 [0. 1. 0. 0.]
 [0. 0. 0. 1.]
 [0. 0. 0. 1.]
 [1. 0. 0. 0.]
 [1. 0. 0. 0.]
 [0. 0. 1. 0.]
 [0. 1. 0. 0.]
 [0. 0. 0. 1.]
 [1. 0. 0. 0.]
 [1. 0. 0. 0.]]
States:
[[0.1 0.7]
 [0.  0.7]
 [0.1 0.7]
 [0.1 0.6]
 [0.1 0.6]
 [0.1 0.6]
 [0.2 0.6]
 [0.1 0.6]
 [0.1 0.7]
 [0.  0.7]
 [0.  0.8]
 [0.  0.7]
 [0.  0.8]
 [0.1 0.8]
 [0.2 0.8]
 [0.1 0.8]
 [0.1 0.9]
 [0.1 0.8]
 [0.1 0.7]
 [0.2 0.7]
 [0.3 0.7]
 [0.2 0.7]
 [0.2 0.8]
 [0.2 0.7]
 [0.3 0.7]]
Logstds:
[[0. 0. 0. 0.]
 [0. 0. 0. 0.]
 [0. 0. 0. 0.]
 [0. 0. 0. 0.]
 [0. 0. 0. 0.]
 [0. 0. 0. 0.]
 [0. 0. 0. 0.]
 [0. 0. 0. 0.]
 [0. 0. 0. 0.]
 [0. 0. 0. 0.]
 [0. 0. 0. 0.]
 [0. 0. 0. 0.]
 [0. 0. 0. 0.]
 [0. 0. 0. 0.]
 [0. 0. 0. 0.]
 [0. 0. 0. 0.]
 [0. 0. 0. 0.]
 [0. 0. 0. 0.]
 [0. 0. 0. 0.]
 [0. 0. 0. 0.]
 [0. 0. 0. 0.]
 [0. 0. 0. 0.]
 [0. 0. 0. 0.]
 [0. 0. 0. 0.]
 [0. 0. 0. 0.]]
