Baseline:
[-7.26169   -7.4782743 -7.4782743 -7.6943827 -7.4782743 -7.2799234
 -7.064002  -7.2799234 -7.4782743 -7.4782743 -7.26169   -7.054067
 -6.8521366 -6.651826  -6.8521366 -7.054067  -6.8521366 -6.651826
 -6.446331  -6.446331  -6.2445774 -6.446331  -6.446331  -6.6485944
 -6.8521366 -6.8521366]
Returns:
[-18.84445265 -18.41050552 -17.99740464 -17.46808561 -16.80769038
 -16.2268803  -15.60452121 -15.0455966  -14.49956731 -13.88062758
 -13.08832978 -12.31011779 -11.60417514 -10.91145094 -10.29030193
  -9.59404382  -8.7451499   -7.90195069  -7.00316928  -6.11365618
  -5.23772103  -4.40950538  -3.38348365  -2.41671563  -1.26284826]
Advants:
[-10.52334377 -10.12067408  -9.96377291  -9.47331543  -9.29197766
  -9.18303893  -9.06085216  -8.57050716  -8.11184209  -7.78381415
  -7.50598887  -7.24101756  -7.05306966  -6.88841554  -6.39723046
  -5.82967223  -5.52149579  -5.22637118  -4.88903171  -4.35827746
  -4.05256542  -3.39059973  -2.73219827  -1.92594764  -0.92024136]
Mus:
[[0.27411455 0.26293564 0.2663685  0.19658132]
 [0.2746262  0.26567322 0.26405904 0.19564156]
 [0.2746262  0.26567322 0.26405904 0.19564156]
 [0.27479967 0.26894513 0.26138732 0.19486786]
 [0.2746262  0.26567322 0.26405904 0.19564156]
 [0.2730036  0.26691929 0.26429424 0.19578291]
 [0.2727185  0.26373005 0.26669902 0.1968524 ]
 [0.2730036  0.26691929 0.26429424 0.19578291]
 [0.2746262  0.26567322 0.26405904 0.19564156]
 [0.2746262  0.26567322 0.26405904 0.19564156]
 [0.27411455 0.26293564 0.2663685  0.19658132]
 [0.27337047 0.26058477 0.26844305 0.19760163]
 [0.2716644  0.26121718 0.26908854 0.1980299 ]
 [0.26942575 0.26173177 0.27014214 0.1987003 ]
 [0.2716644  0.26121718 0.26908854 0.1980299 ]
 [0.27337047 0.26058477 0.26844305 0.19760163]
 [0.2716644  0.26121718 0.26908854 0.1980299 ]
 [0.26942575 0.26173177 0.27014214 0.1987003 ]
 [0.26785615 0.25958893 0.272403   0.20015188]
 [0.26785615 0.25958893 0.272403   0.20015188]
 [0.2652432  0.26003522 0.27376205 0.20095958]
 [0.26785615 0.25958893 0.272403   0.20015188]
 [0.26785615 0.25958893 0.272403   0.20015188]
 [0.27045357 0.25918248 0.27103743 0.19932657]
 [0.2716644  0.26121718 0.26908854 0.1980299 ]]
Actions:
[[0. 1. 0. 0.]
 [1. 0. 0. 0.]
 [0. 1. 0. 0.]
 [0. 0. 0. 1.]
 [0. 0. 1. 0.]
 [0. 0. 0. 1.]
 [0. 1. 0. 0.]
 [1. 0. 0. 0.]
 [1. 0. 0. 0.]
 [0. 0. 0. 1.]
 [0. 0. 0. 1.]
 [0. 0. 1. 0.]
 [0. 0. 1. 0.]
 [1. 0. 0. 0.]
 [1. 0. 0. 0.]
 [0. 0. 1. 0.]
 [0. 0. 1. 0.]
 [0. 0. 0. 1.]
 [0. 0. 0. 1.]
 [0. 0. 1. 0.]
 [1. 0. 0. 0.]
 [0. 0. 0. 1.]
 [1. 0. 0. 0.]
 [0. 1. 0. 0.]
 [0. 1. 0. 0.]]
States:
[[1.  0.2]
 [1.  0.3]
 [1.  0.3]
 [1.  0.4]
 [1.  0.3]
 [0.9 0.3]
 [0.9 0.2]
 [0.9 0.3]
 [1.  0.3]
 [1.  0.3]
 [1.  0.2]
 [1.  0.1]
 [0.9 0.1]
 [0.8 0.1]
 [0.9 0.1]
 [1.  0.1]
 [0.9 0.1]
 [0.8 0.1]
 [0.8 0. ]
 [0.8 0. ]
 [0.7 0. ]
 [0.8 0. ]
 [0.8 0. ]
 [0.9 0. ]
 [0.9 0.1]]
Logstds:
[[0. 0. 0. 0.]
 [0. 0. 0. 0.]
 [0. 0. 0. 0.]
 [0. 0. 0. 0.]
 [0. 0. 0. 0.]
 [0. 0. 0. 0.]
 [0. 0. 0. 0.]
 [0. 0. 0. 0.]
 [0. 0. 0. 0.]
 [0. 0. 0. 0.]
 [0. 0. 0. 0.]
 [0. 0. 0. 0.]
 [0. 0. 0. 0.]
 [0. 0. 0. 0.]
 [0. 0. 0. 0.]
 [0. 0. 0. 0.]
 [0. 0. 0. 0.]
 [0. 0. 0. 0.]
 [0. 0. 0. 0.]
 [0. 0. 0. 0.]
 [0. 0. 0. 0.]
 [0. 0. 0. 0.]
 [0. 0. 0. 0.]
 [0. 0. 0. 0.]
 [0. 0. 0. 0.]]
