Baseline:
[-5.344099  -5.4818797 -5.621154  -5.729993  -5.592217  -5.4818797
 -5.621154  -5.7630925 -5.656163  -5.5137396 -5.40681   -5.264386
 -5.40681   -5.264386  -5.3718944 -5.5137396 -5.3718944 -5.5137396
 -5.40681   -5.5137396 -5.656163  -5.5137396 -5.3718944 -5.4818797
 -5.344099  -5.344099 ]
Returns:
[-20.07019408 -19.78348589 -19.42751207 -19.10053192 -18.43490399
 -17.87621537 -17.41985888 -16.88493121 -16.18713267 -15.39336965
 -14.70405802 -13.91836966 -13.33518016 -12.4774456  -11.90606293
 -11.17763453 -10.16981056  -9.35000045  -8.34261676  -7.50576229
  -6.49096433  -5.18687667  -3.86374964  -2.80461966  -1.36813903]
Advants:
[-12.4818542  -12.30850235 -12.07046867 -11.9002956  -11.6443943
 -11.47729384 -11.16845184 -10.78187034 -10.48774013 -10.13827373
  -9.86546897  -9.53825827  -9.13318131  -8.74358908  -8.39716773
  -7.86077004  -7.3303261   -6.70304717  -6.1376051   -5.52818239
  -4.69801534  -3.85533852  -2.98368311  -2.11441238  -1.10093403]
Mus:
[[0.26043135 0.2953836  0.23232113 0.21186392]
 [0.25988448 0.29883233 0.23036462 0.21091855]
 [0.25941777 0.30208194 0.22850005 0.21000017]
 [0.2601313  0.3029988  0.22755642 0.2093135 ]
 [0.2606076  0.29963258 0.2295155  0.21024439]
 [0.25988448 0.29883233 0.23036462 0.21091855]
 [0.25941777 0.30208194 0.22850005 0.21000017]
 [0.25929862 0.30494922 0.22654337 0.20920882]
 [0.25934857 0.30337563 0.22730306 0.20997274]
 [0.25953948 0.30044404 0.22928064 0.21073581]
 [0.25962454 0.2985617  0.2302689  0.21154492]
 [0.25969306 0.2955919  0.23233508 0.21237999]
 [0.25962454 0.2985617  0.2302689  0.21154492]
 [0.25969306 0.2955919  0.23233508 0.21237999]
 [0.25957286 0.2974508  0.23138697 0.21158926]
 [0.25953948 0.30044404 0.22928064 0.21073581]
 [0.25957286 0.2974508  0.23138697 0.21158926]
 [0.25953948 0.30044404 0.22928064 0.21073581]
 [0.25962454 0.2985617  0.2302689  0.21154492]
 [0.25953948 0.30044404 0.22928064 0.21073581]
 [0.25934857 0.30337563 0.22730306 0.20997274]
 [0.25953948 0.30044404 0.22928064 0.21073581]
 [0.25957286 0.2974508  0.23138697 0.21158926]
 [0.25988448 0.29883233 0.23036462 0.21091855]
 [0.26043135 0.2953836  0.23232113 0.21186392]]
Actions:
[[0. 1. 0. 0.]
 [0. 1. 0. 0.]
 [1. 0. 0. 0.]
 [0. 0. 0. 1.]
 [0. 0. 1. 0.]
 [0. 1. 0. 0.]
 [0. 1. 0. 0.]
 [0. 0. 1. 0.]
 [0. 0. 0. 1.]
 [0. 0. 1. 0.]
 [0. 0. 0. 1.]
 [0. 1. 0. 0.]
 [0. 0. 0. 1.]
 [1. 0. 0. 0.]
 [0. 1. 0. 0.]
 [0. 0. 0. 1.]
 [0. 1. 0. 0.]
 [0. 0. 1. 0.]
 [1. 0. 0. 0.]
 [0. 1. 0. 0.]
 [0. 0. 0. 1.]
 [0. 0. 0. 1.]
 [1. 0. 0. 0.]
 [0. 0. 0. 1.]
 [0. 0. 1. 0.]]
States:
[[0.9 0.7]
 [0.9 0.8]
 [0.9 0.9]
 [1.  0.9]
 [1.  0.8]
 [0.9 0.8]
 [0.9 0.9]
 [0.9 1. ]
 [0.8 1. ]
 [0.8 0.9]
 [0.7 0.9]
 [0.7 0.8]
 [0.7 0.9]
 [0.7 0.8]
 [0.8 0.8]
 [0.8 0.9]
 [0.8 0.8]
 [0.8 0.9]
 [0.7 0.9]
 [0.8 0.9]
 [0.8 1. ]
 [0.8 0.9]
 [0.8 0.8]
 [0.9 0.8]
 [0.9 0.7]]
Logstds:
[[0. 0. 0. 0.]
 [0. 0. 0. 0.]
 [0. 0. 0. 0.]
 [0. 0. 0. 0.]
 [0. 0. 0. 0.]
 [0. 0. 0. 0.]
 [0. 0. 0. 0.]
 [0. 0. 0. 0.]
 [0. 0. 0. 0.]
 [0. 0. 0. 0.]
 [0. 0. 0. 0.]
 [0. 0. 0. 0.]
 [0. 0. 0. 0.]
 [0. 0. 0. 0.]
 [0. 0. 0. 0.]
 [0. 0. 0. 0.]
 [0. 0. 0. 0.]
 [0. 0. 0. 0.]
 [0. 0. 0. 0.]
 [0. 0. 0. 0.]
 [0. 0. 0. 0.]
 [0. 0. 0. 0.]
 [0. 0. 0. 0.]
 [0. 0. 0. 0.]
 [0. 0. 0. 0.]]
