Baseline:
[0.9679454  0.97908276 1.0210611  1.0346743  1.0346743  1.0518895
 1.0713722  1.0518895  1.0346743  1.0518895  1.0713722  1.0713722
 1.0518895  1.0713722  1.0299135  1.0299135  1.0109854  0.9930808
 0.97908276 0.9679454  0.9259419  0.8839744  0.89551526 0.8839744
 0.84196264 0.84196264]
Returns:
[-2.9789624  -2.94854325 -2.87922426 -2.81982167 -2.71453006 -2.63706942
 -2.54626621 -2.43843143 -2.33596606 -2.238581   -2.12680471 -2.00024655
 -1.86367389 -1.73216565 -1.56285984 -1.42045041 -1.2694849  -1.12243956
 -0.97966138 -0.84199344 -0.68423333 -0.53441351 -0.40281828 -0.27156349
 -0.1162442 ]
Advants:
[-2.84619351 -2.85461794 -2.85649809 -2.84100261 -2.7653291  -2.73536165
 -2.6946925  -2.59669999 -2.5051409  -2.45300875 -2.38828674 -2.28773484
 -2.15507476 -2.0649726  -1.87148076 -1.74341088 -1.58382387 -1.42495703
 -1.26993338 -1.11842768 -0.90955535 -0.70195181 -0.56102092 -0.39115389
 -0.15834236]
Mus:
[[0.25500414 0.28770223 0.23664138 0.22065221]
 [0.25544986 0.28817207 0.23637344 0.22000466]
 [0.2549495  0.29121298 0.23503207 0.21880545]
 [0.2554632  0.2928517  0.23413143 0.21755369]
 [0.2554632  0.2928517  0.23413143 0.21755369]
 [0.25585172 0.29473436 0.23327602 0.21613789]
 [0.256633   0.29624987 0.23218006 0.214937  ]
 [0.25585172 0.29473436 0.23327602 0.21613789]
 [0.2554632  0.2928517  0.23413143 0.21755369]
 [0.25585172 0.29473436 0.23327602 0.21613789]
 [0.256633   0.29624987 0.23218006 0.214937  ]
 [0.256633   0.29624987 0.23218006 0.214937  ]
 [0.25585172 0.29473436 0.23327602 0.21613789]
 [0.256633   0.29624987 0.23218006 0.214937  ]
 [0.25704822 0.29309538 0.23421931 0.21563706]
 [0.25704822 0.29309538 0.23421931 0.21563706]
 [0.25637874 0.29151708 0.23519515 0.21690899]
 [0.2558718  0.2898044  0.23592407 0.21839972]
 [0.25544986 0.28817207 0.23637344 0.22000466]
 [0.25500414 0.28770223 0.23664138 0.22065221]
 [0.25529966 0.28516638 0.23828538 0.22124866]
 [0.2553593  0.28294805 0.23984177 0.22185096]
 [0.25595528 0.2827253  0.24014407 0.22117534]
 [0.2553593  0.28294805 0.23984177 0.22185096]
 [0.25570232 0.28053162 0.2418136  0.22195251]]
Actions:
[[1. 0. 0. 0.]
 [0. 1. 0. 0.]
 [1. 0. 0. 0.]
 [0. 1. 0. 0.]
 [1. 0. 0. 0.]
 [1. 0. 0. 0.]
 [0. 0. 1. 0.]
 [0. 0. 1. 0.]
 [1. 0. 0. 0.]
 [1. 0. 0. 0.]
 [1. 0. 0. 0.]
 [0. 0. 1. 0.]
 [1. 0. 0. 0.]
 [0. 0. 0. 1.]
 [1. 0. 0. 0.]
 [0. 0. 1. 0.]
 [0. 0. 1. 0.]
 [0. 0. 1. 0.]
 [0. 0. 1. 0.]
 [0. 0. 0. 1.]
 [0. 0. 0. 1.]
 [1. 0. 0. 0.]
 [0. 0. 1. 0.]
 [0. 0. 0. 1.]
 [0. 0. 1. 0.]]
States:
[[0.  0.9]
 [0.1 0.9]
 [0.1 1. ]
 [0.2 1. ]
 [0.2 1. ]
 [0.3 1. ]
 [0.4 1. ]
 [0.3 1. ]
 [0.2 1. ]
 [0.3 1. ]
 [0.4 1. ]
 [0.4 1. ]
 [0.3 1. ]
 [0.4 1. ]
 [0.4 0.9]
 [0.4 0.9]
 [0.3 0.9]
 [0.2 0.9]
 [0.1 0.9]
 [0.  0.9]
 [0.  0.8]
 [0.  0.7]
 [0.1 0.7]
 [0.  0.7]
 [0.  0.6]]
Logstds:
[[0. 0. 0. 0.]
 [0. 0. 0. 0.]
 [0. 0. 0. 0.]
 [0. 0. 0. 0.]
 [0. 0. 0. 0.]
 [0. 0. 0. 0.]
 [0. 0. 0. 0.]
 [0. 0. 0. 0.]
 [0. 0. 0. 0.]
 [0. 0. 0. 0.]
 [0. 0. 0. 0.]
 [0. 0. 0. 0.]
 [0. 0. 0. 0.]
 [0. 0. 0. 0.]
 [0. 0. 0. 0.]
 [0. 0. 0. 0.]
 [0. 0. 0. 0.]
 [0. 0. 0. 0.]
 [0. 0. 0. 0.]
 [0. 0. 0. 0.]
 [0. 0. 0. 0.]
 [0. 0. 0. 0.]
 [0. 0. 0. 0.]
 [0. 0. 0. 0.]
 [0. 0. 0. 0.]]
