Baseline:
[-4.0342484 -3.8973513 -3.7867692 -3.650457  -3.5394201 -3.6772206
 -3.818976  -3.9255633 -4.0342484 -4.174431  -4.0676727 -3.9610434
 -3.818976  -3.9610434 -3.8553991 -3.7470489 -3.6410973 -3.5424442
 -3.6892223 -3.8363757 -3.6892223 -3.8363757 -3.9290931 -4.0757575
 -3.9840057 -3.9840057]
Returns:
[-17.49080792 -17.02707256 -16.61741446 -16.20029574 -15.84652479
 -15.50183455 -15.09370657 -14.70193483 -14.24842284 -13.64771087
 -12.95622896 -12.27291583 -11.56133914 -10.90006126 -10.15318658
  -9.41172389  -8.67636709  -7.94527435  -7.20241271  -6.3748825
  -5.40919334  -4.48728317  -3.56109951  -2.45714914  -1.23862529]
Advants:
[-11.13661266 -11.01821878 -10.93609415 -10.8820357  -10.87785811
 -10.63932361 -10.33717153 -10.09223436  -9.78765963  -9.30341945
  -8.97912969  -8.66723011  -8.36744736  -7.83196001  -7.46157404
  -7.10279757  -6.75163183  -6.40157465  -5.79085797  -5.08871268
  -4.54061676  -3.73196693  -2.96415169  -1.94733317  -1.03942513]
Mus:
[[0.26512167 0.27805102 0.26441002 0.19241728]
 [0.26509738 0.27520102 0.26584896 0.19385265]
 [0.26058388 0.27552563 0.26891318 0.19497737]
 [0.26123327 0.27195993 0.27048087 0.19632599]
 [0.25677955 0.27203348 0.2734272  0.19775978]
 [0.25602612 0.27602908 0.2717875  0.19615735]
 [0.25606734 0.27875936 0.27041394 0.19475937]
 [0.26045677 0.2785319  0.2674665  0.19354479]
 [0.26512167 0.27805102 0.26441002 0.19241728]
 [0.26514602 0.28084964 0.26286966 0.19113463]
 [0.26061618 0.28126755 0.26584566 0.19227064]
 [0.2569528  0.28054097 0.26900348 0.19350275]
 [0.25606734 0.27875936 0.27041394 0.19475937]
 [0.2569528  0.28054097 0.26900348 0.19350275]
 [0.2541132  0.27939978 0.27173036 0.19475664]
 [0.25160366 0.27844897 0.27444822 0.19549908]
 [0.24924172 0.27718598 0.2775636  0.19600873]
 [0.24626715 0.27472165 0.2823628  0.19664836]
 [0.24768008 0.27621937 0.2814319  0.19466865]
 [0.24847582 0.2775015  0.280943   0.19307972]
 [0.24768008 0.27621937 0.2814319  0.19466865]
 [0.24847582 0.2775015  0.280943   0.19307972]
 [0.2516098  0.28013137 0.27568707 0.19257182]
 [0.25180733 0.2815765  0.27556732 0.19104876]
 [0.24891886 0.2795183  0.28047144 0.19109136]]
Actions:
[[0. 0. 0. 1.]
 [0. 0. 1. 0.]
 [0. 0. 0. 1.]
 [0. 0. 1. 0.]
 [0. 1. 0. 0.]
 [0. 1. 0. 0.]
 [1. 0. 0. 0.]
 [1. 0. 0. 0.]
 [0. 1. 0. 0.]
 [0. 0. 1. 0.]
 [0. 0. 1. 0.]
 [0. 0. 0. 1.]
 [0. 1. 0. 0.]
 [0. 0. 1. 0.]
 [0. 0. 1. 0.]
 [0. 0. 1. 0.]
 [0. 0. 1. 0.]
 [0. 1. 0. 0.]
 [0. 1. 0. 0.]
 [0. 0. 0. 1.]
 [0. 1. 0. 0.]
 [1. 0. 0. 0.]
 [0. 1. 0. 0.]
 [0. 0. 1. 0.]
 [0. 0. 1. 0.]]
States:
[[0.6 0.6]
 [0.6 0.5]
 [0.5 0.5]
 [0.5 0.4]
 [0.4 0.4]
 [0.4 0.5]
 [0.4 0.6]
 [0.5 0.6]
 [0.6 0.6]
 [0.6 0.7]
 [0.5 0.7]
 [0.4 0.7]
 [0.4 0.6]
 [0.4 0.7]
 [0.3 0.7]
 [0.2 0.7]
 [0.1 0.7]
 [0.  0.7]
 [0.  0.8]
 [0.  0.9]
 [0.  0.8]
 [0.  0.9]
 [0.1 0.9]
 [0.1 1. ]
 [0.  1. ]]
Logstds:
[[0. 0. 0. 0.]
 [0. 0. 0. 0.]
 [0. 0. 0. 0.]
 [0. 0. 0. 0.]
 [0. 0. 0. 0.]
 [0. 0. 0. 0.]
 [0. 0. 0. 0.]
 [0. 0. 0. 0.]
 [0. 0. 0. 0.]
 [0. 0. 0. 0.]
 [0. 0. 0. 0.]
 [0. 0. 0. 0.]
 [0. 0. 0. 0.]
 [0. 0. 0. 0.]
 [0. 0. 0. 0.]
 [0. 0. 0. 0.]
 [0. 0. 0. 0.]
 [0. 0. 0. 0.]
 [0. 0. 0. 0.]
 [0. 0. 0. 0.]
 [0. 0. 0. 0.]
 [0. 0. 0. 0.]
 [0. 0. 0. 0.]
 [0. 0. 0. 0.]
 [0. 0. 0. 0.]]
