Baseline:
[-4.0079756 -3.8973513 -4.0079756 -3.8973513 -4.0079756 -3.8973513
 -3.7867692 -3.9255633 -3.818976  -3.6772206 -3.5394201 -3.6772206
 -3.5394201 -3.4060235 -3.5394201 -3.4296513 -3.3228865 -3.186633
 -3.2947001 -3.4060235 -3.5394201 -3.4296513 -3.3228865 -3.2204409
 -3.2204409 -3.2204409]
Returns:
[-16.75869782 -16.28716238 -15.9193819  -15.40367194 -14.98939196
 -14.42473516 -13.87811194 -13.34551395 -12.73695043 -12.10214066
 -11.48698581 -10.91284614 -10.23509684  -9.57465087  -8.94541676
  -8.25659308  -7.57698194  -6.85443907  -6.24089322  -5.55402251
  -4.71317638  -3.8016032   -2.88751891  -1.96929333  -1.00989401]
Advants:
[-10.62102528 -10.46188146 -10.18763579  -9.99157273  -9.67726277
  -9.43772247  -9.22095979  -8.76676047  -8.48495437  -8.21557669
  -7.96618987  -7.47961851  -7.16753747  -6.87146693  -6.33590459
  -5.98535263  -5.64275807  -5.28820241  -4.79574626  -4.22154355
  -3.46024167  -2.86472005  -2.25628755  -1.63110699  -0.84887171]
Mus:
[[0.26875302 0.27425835 0.26316124 0.19382745]
 [0.26509738 0.27520102 0.26584896 0.19385265]
 [0.26875302 0.27425835 0.26316124 0.19382745]
 [0.26509738 0.27520102 0.26584896 0.19385265]
 [0.26875302 0.27425835 0.26316124 0.19382745]
 [0.26509738 0.27520102 0.26584896 0.19385265]
 [0.26058388 0.27552563 0.26891318 0.19497737]
 [0.26045677 0.2785319  0.2674665  0.19354479]
 [0.25606734 0.27875936 0.27041394 0.19475937]
 [0.25602612 0.27602908 0.2717875  0.19615735]
 [0.25677955 0.27203348 0.2734272  0.19775978]
 [0.25602612 0.27602908 0.2717875  0.19615735]
 [0.25677955 0.27203348 0.2734272  0.19775978]
 [0.25725248 0.26884857 0.2747546  0.19914436]
 [0.25677955 0.27203348 0.2734272  0.19775978]
 [0.2523132  0.27232686 0.27621904 0.19914082]
 [0.24885069 0.2715303  0.2792185  0.20040055]
 [0.24827895 0.26860222 0.2809211  0.20219773]
 [0.2526539  0.2689793  0.27774104 0.20062578]
 [0.25725248 0.26884857 0.2747546  0.19914436]
 [0.25677955 0.27203348 0.2734272  0.19775978]
 [0.2523132  0.27232686 0.27621904 0.19914082]
 [0.24885069 0.2715303  0.2792185  0.20040055]
 [0.24587768 0.2701126  0.28248024 0.20152938]
 [0.24587768 0.2701126  0.28248024 0.20152938]]
Actions:
[[0. 0. 1. 0.]
 [1. 0. 0. 0.]
 [0. 0. 1. 0.]
 [1. 0. 0. 0.]
 [0. 0. 1. 0.]
 [0. 0. 1. 0.]
 [0. 1. 0. 0.]
 [0. 0. 1. 0.]
 [0. 0. 0. 1.]
 [0. 0. 0. 1.]
 [0. 1. 0. 0.]
 [0. 0. 0. 1.]
 [0. 0. 0. 1.]
 [0. 1. 0. 0.]
 [0. 0. 1. 0.]
 [0. 0. 1. 0.]
 [0. 0. 0. 1.]
 [1. 0. 0. 0.]
 [1. 0. 0. 0.]
 [0. 1. 0. 0.]
 [0. 0. 1. 0.]
 [0. 0. 1. 0.]
 [0. 0. 1. 0.]
 [0. 1. 0. 0.]
 [0. 1. 0. 0.]]
States:
[[0.7 0.5]
 [0.6 0.5]
 [0.7 0.5]
 [0.6 0.5]
 [0.7 0.5]
 [0.6 0.5]
 [0.5 0.5]
 [0.5 0.6]
 [0.4 0.6]
 [0.4 0.5]
 [0.4 0.4]
 [0.4 0.5]
 [0.4 0.4]
 [0.4 0.3]
 [0.4 0.4]
 [0.3 0.4]
 [0.2 0.4]
 [0.2 0.3]
 [0.3 0.3]
 [0.4 0.3]
 [0.4 0.4]
 [0.3 0.4]
 [0.2 0.4]
 [0.1 0.4]
 [0.1 0.4]]
Logstds:
[[0. 0. 0. 0.]
 [0. 0. 0. 0.]
 [0. 0. 0. 0.]
 [0. 0. 0. 0.]
 [0. 0. 0. 0.]
 [0. 0. 0. 0.]
 [0. 0. 0. 0.]
 [0. 0. 0. 0.]
 [0. 0. 0. 0.]
 [0. 0. 0. 0.]
 [0. 0. 0. 0.]
 [0. 0. 0. 0.]
 [0. 0. 0. 0.]
 [0. 0. 0. 0.]
 [0. 0. 0. 0.]
 [0. 0. 0. 0.]
 [0. 0. 0. 0.]
 [0. 0. 0. 0.]
 [0. 0. 0. 0.]
 [0. 0. 0. 0.]
 [0. 0. 0. 0.]
 [0. 0. 0. 0.]
 [0. 0. 0. 0.]
 [0. 0. 0. 0.]
 [0. 0. 0. 0.]]
