Baseline:
[0.76200217 0.7446672  0.7446672  0.7762416  0.792449   0.7762416
 0.7762416  0.80738074 0.84180653 0.80738074 0.84180653 0.80738074
 0.7909224  0.7909224  0.80738074 0.82398504 0.85847956 0.8989273
 0.8989273  0.9431225  0.93200165 0.97895104 0.9651851  0.9651851
 0.9651851  0.9651851 ]
Returns:
[-2.35838528 -2.35376642 -2.36062964 -2.32885005 -2.30059074 -2.27706218
 -2.2642689  -2.2110554  -2.1375882  -2.06970861 -1.98880211 -1.91309167
 -1.86499283 -1.8108251  -1.7516195  -1.68059517 -1.5676427  -1.43104077
 -1.30863228 -1.14030778 -0.9924492  -0.80251321 -0.63057959 -0.41736133
 -0.19292104]
Advants:
[-2.12578753 -2.11493434 -2.13405613 -2.14714744 -2.14915193 -2.12344087
 -2.12547156 -2.1188013  -2.09526872 -2.00662927 -1.97354108 -1.87453198
 -1.82005322 -1.77514714 -1.74112846 -1.69449745 -1.62206552 -1.52947683
 -1.40715177 -1.27927396 -1.11130978 -0.95415079 -0.74732826 -0.50459324
 -0.2411803 ]
Mus:
[[0.26163644 0.27011475 0.25023127 0.21801755]
 [0.26117095 0.26926658 0.25090307 0.21865943]
 [0.26117095 0.26926658 0.25090307 0.21865943]
 [0.2602806  0.27327022 0.24897115 0.21747795]
 [0.26097056 0.27460286 0.24770978 0.21671683]
 [0.2602806  0.27327022 0.24897115 0.21747795]
 [0.2602806  0.27327022 0.24897115 0.21747795]
 [0.25950196 0.2771861  0.24672976 0.21658213]
 [0.25948626 0.28070253 0.24371035 0.21610075]
 [0.25950196 0.2771861  0.24672976 0.21658213]
 [0.25948626 0.28070253 0.24371035 0.21610075]
 [0.25950196 0.2771861  0.24672976 0.21658213]
 [0.25866643 0.2754603  0.24826841 0.2176048 ]
 [0.25866643 0.2754603  0.24826841 0.2176048 ]
 [0.25950196 0.2771861  0.24672976 0.21658213]
 [0.26020825 0.27856544 0.24543029 0.21579607]
 [0.260012   0.28206024 0.24247386 0.21545391]
 [0.25992283 0.28558153 0.23953931 0.21495633]
 [0.25992283 0.28558153 0.23953931 0.21495633]
 [0.2596395  0.28929067 0.23689438 0.21417549]
 [0.25979668 0.28729433 0.238097   0.21481194]
 [0.2597676  0.29067332 0.23568544 0.21387368]
 [0.25922516 0.2882292  0.23727782 0.21526782]
 [0.25922516 0.2882292  0.23727782 0.21526782]
 [0.25922516 0.2882292  0.23727782 0.21526782]]
Actions:
[[0. 0. 1. 0.]
 [0. 0. 1. 0.]
 [0. 1. 0. 0.]
 [1. 0. 0. 0.]
 [0. 0. 1. 0.]
 [0. 0. 1. 0.]
 [0. 1. 0. 0.]
 [0. 1. 0. 0.]
 [0. 0. 0. 1.]
 [0. 1. 0. 0.]
 [0. 0. 0. 1.]
 [0. 0. 1. 0.]
 [0. 0. 0. 1.]
 [1. 0. 0. 0.]
 [1. 0. 0. 0.]
 [0. 1. 0. 0.]
 [0. 1. 0. 0.]
 [1. 0. 0. 0.]
 [0. 1. 0. 0.]
 [0. 0. 1. 0.]
 [0. 1. 0. 0.]
 [0. 0. 1. 0.]
 [0. 1. 0. 0.]
 [0. 1. 0. 0.]
 [0. 0. 1. 0.]]
States:
[[0.7 0.1]
 [0.6 0.1]
 [0.6 0.1]
 [0.6 0.2]
 [0.7 0.2]
 [0.6 0.2]
 [0.6 0.2]
 [0.6 0.3]
 [0.6 0.4]
 [0.6 0.3]
 [0.6 0.4]
 [0.6 0.3]
 [0.5 0.3]
 [0.5 0.3]
 [0.6 0.3]
 [0.7 0.3]
 [0.7 0.4]
 [0.7 0.5]
 [0.7 0.5]
 [0.7 0.6]
 [0.6 0.6]
 [0.6 0.7]
 [0.5 0.7]
 [0.5 0.7]
 [0.5 0.7]]
Logstds:
[[0. 0. 0. 0.]
 [0. 0. 0. 0.]
 [0. 0. 0. 0.]
 [0. 0. 0. 0.]
 [0. 0. 0. 0.]
 [0. 0. 0. 0.]
 [0. 0. 0. 0.]
 [0. 0. 0. 0.]
 [0. 0. 0. 0.]
 [0. 0. 0. 0.]
 [0. 0. 0. 0.]
 [0. 0. 0. 0.]
 [0. 0. 0. 0.]
 [0. 0. 0. 0.]
 [0. 0. 0. 0.]
 [0. 0. 0. 0.]
 [0. 0. 0. 0.]
 [0. 0. 0. 0.]
 [0. 0. 0. 0.]
 [0. 0. 0. 0.]
 [0. 0. 0. 0.]
 [0. 0. 0. 0.]
 [0. 0. 0. 0.]
 [0. 0. 0. 0.]
 [0. 0. 0. 0.]]
