Baseline:
[-10.081799 -10.081799 -10.407057 -10.737193 -11.068893 -11.068893
 -11.401435 -11.068893 -11.401435 -11.673571 -11.944624 -11.673571
 -11.944624 -11.944624 -11.944624 -11.944624 -11.944624 -12.211155
 -12.486626 -12.160957 -12.486626 -12.486626 -12.211155 -12.486626
 -12.160957 -12.160957]
Returns:
[-17.86053556 -17.37716104 -17.27375402 -17.10164035 -16.85619882
 -16.30774413 -15.95627871 -15.12486536 -14.71114317 -14.35933756
 -13.97157505 -13.14550152 -12.6938529  -12.04098601 -11.35375771
 -10.63035949  -9.86888768  -9.22640702  -8.53175298  -7.19416008
  -6.26650343  -5.39564231  -4.06523958  -3.09894515  -1.47541499]
Advants:
[-8.64574559 -8.46185889 -8.34493709 -8.16545239 -7.92072253 -7.71603405
 -7.38392313 -7.25149483 -6.87981112 -6.64306121 -6.38404547 -6.24571697
 -5.95285259 -5.74624776 -5.52204284 -5.27873854 -5.01470782 -4.61739948
 -4.172565   -3.69938238 -2.99192996 -2.6865093  -2.21255875 -1.56286263
 -0.86736679]
Mus:
[[0.25570232 0.28053162 0.2418136  0.22195251]
 [0.25570232 0.28053162 0.2418136  0.22195251]
 [0.2553593  0.28294805 0.23984177 0.22185096]
 [0.25529966 0.28516638 0.23828538 0.22124866]
 [0.25500414 0.28770223 0.23664138 0.22065221]
 [0.25500414 0.28770223 0.23664138 0.22065221]
 [0.25450787 0.29069108 0.2352045  0.21959655]
 [0.25500414 0.28770223 0.23664138 0.22065221]
 [0.25450787 0.29069108 0.2352045  0.21959655]
 [0.2549495  0.29121298 0.23503207 0.21880545]
 [0.2554632  0.2928517  0.23413143 0.21755369]
 [0.2549495  0.29121298 0.23503207 0.21880545]
 [0.2554632  0.2928517  0.23413143 0.21755369]
 [0.2554632  0.2928517  0.23413143 0.21755369]
 [0.2554632  0.2928517  0.23413143 0.21755369]
 [0.2554632  0.2928517  0.23413143 0.21755369]
 [0.2554632  0.2928517  0.23413143 0.21755369]
 [0.25585172 0.29473436 0.23327602 0.21613789]
 [0.256633   0.29624987 0.23218006 0.214937  ]
 [0.25704822 0.29309538 0.23421931 0.21563706]
 [0.256633   0.29624987 0.23218006 0.214937  ]
 [0.256633   0.29624987 0.23218006 0.214937  ]
 [0.25585172 0.29473436 0.23327602 0.21613789]
 [0.256633   0.29624987 0.23218006 0.214937  ]
 [0.25704822 0.29309538 0.23421931 0.21563706]]
Actions:
[[0. 0. 0. 1.]
 [0. 1. 0. 0.]
 [0. 1. 0. 0.]
 [0. 1. 0. 0.]
 [0. 0. 1. 0.]
 [0. 1. 0. 0.]
 [0. 0. 0. 1.]
 [0. 1. 0. 0.]
 [1. 0. 0. 0.]
 [1. 0. 0. 0.]
 [0. 0. 1. 0.]
 [1. 0. 0. 0.]
 [0. 1. 0. 0.]
 [0. 1. 0. 0.]
 [0. 1. 0. 0.]
 [0. 1. 0. 0.]
 [1. 0. 0. 0.]
 [1. 0. 0. 0.]
 [0. 0. 0. 1.]
 [0. 1. 0. 0.]
 [1. 0. 0. 0.]
 [0. 0. 1. 0.]
 [1. 0. 0. 0.]
 [0. 0. 0. 1.]
 [0. 0. 1. 0.]]
States:
[[0.  0.6]
 [0.  0.6]
 [0.  0.7]
 [0.  0.8]
 [0.  0.9]
 [0.  0.9]
 [0.  1. ]
 [0.  0.9]
 [0.  1. ]
 [0.1 1. ]
 [0.2 1. ]
 [0.1 1. ]
 [0.2 1. ]
 [0.2 1. ]
 [0.2 1. ]
 [0.2 1. ]
 [0.2 1. ]
 [0.3 1. ]
 [0.4 1. ]
 [0.4 0.9]
 [0.4 1. ]
 [0.4 1. ]
 [0.3 1. ]
 [0.4 1. ]
 [0.4 0.9]]
Logstds:
[[0. 0. 0. 0.]
 [0. 0. 0. 0.]
 [0. 0. 0. 0.]
 [0. 0. 0. 0.]
 [0. 0. 0. 0.]
 [0. 0. 0. 0.]
 [0. 0. 0. 0.]
 [0. 0. 0. 0.]
 [0. 0. 0. 0.]
 [0. 0. 0. 0.]
 [0. 0. 0. 0.]
 [0. 0. 0. 0.]
 [0. 0. 0. 0.]
 [0. 0. 0. 0.]
 [0. 0. 0. 0.]
 [0. 0. 0. 0.]
 [0. 0. 0. 0.]
 [0. 0. 0. 0.]
 [0. 0. 0. 0.]
 [0. 0. 0. 0.]
 [0. 0. 0. 0.]
 [0. 0. 0. 0.]
 [0. 0. 0. 0.]
 [0. 0. 0. 0.]
 [0. 0. 0. 0.]]
