Baseline:
[-13.5791645 -13.874604  -13.541276  -13.874604  -13.5791645 -13.874604
 -13.5791645 -13.914883  -13.618712  -13.914883  -14.249973  -13.914883
 -13.618712  -13.953802  -13.953802  -13.953802  -14.249973  -14.249973
 -13.914883  -13.618712  -13.953802  -13.953802  -13.658298  -13.322906
 -13.028601  -13.028601 ]
Returns:
[-25.4627551  -25.11112679 -24.4576581  -23.90819956 -23.34728706
 -22.88431833 -22.26951735 -21.58356885 -20.87597286 -20.26596947
 -19.41243519 -18.37723946 -17.5008893  -16.54246305 -15.47293285
 -14.34711159 -13.33704598 -12.05777703 -10.63549403  -9.35168358
  -7.96435177  -6.44334203  -4.91425508  -3.20778614  -1.62255883]
Advants:
[-11.93924552 -11.64444031 -11.69666972 -11.19067124 -11.3258727
 -10.97881598 -11.09597008 -10.51640722 -10.57202284 -10.14465069
  -9.43885286  -9.24105298  -9.18802474  -8.42656094  -7.90132839
  -7.33135275  -6.5879134   -5.87982066  -5.3788368   -4.99679721
  -3.87829449  -2.96560787  -2.35401826  -1.61551503  -0.97112846]
Mus:
[[0.2725661  0.28009844 0.25645533 0.1908801 ]
 [0.27422976 0.27943453 0.254839   0.19149671]
 [0.27471393 0.27707157 0.25590095 0.19231355]
 [0.27422976 0.27943453 0.254839   0.19149671]
 [0.2725661  0.28009844 0.25645533 0.1908801 ]
 [0.27422976 0.27943453 0.254839   0.19149671]
 [0.2725661  0.28009844 0.25645533 0.1908801 ]
 [0.27166337 0.28295982 0.255776   0.18960084]
 [0.2695251  0.2841426  0.25720325 0.189129  ]
 [0.27166337 0.28295982 0.255776   0.18960084]
 [0.2706434  0.28583634 0.2552865  0.18823378]
 [0.27166337 0.28295982 0.255776   0.18960084]
 [0.2695251  0.2841426  0.25720325 0.189129  ]
 [0.26870295 0.2868224  0.25630587 0.18816872]
 [0.26870295 0.2868224  0.25630587 0.18816872]
 [0.26870295 0.2868224  0.25630587 0.18816872]
 [0.2706434  0.28583634 0.2552865  0.18823378]
 [0.2706434  0.28583634 0.2552865  0.18823378]
 [0.27166337 0.28295982 0.255776   0.18960084]
 [0.2695251  0.2841426  0.25720325 0.189129  ]
 [0.26870295 0.2868224  0.25630587 0.18816872]
 [0.26870295 0.2868224  0.25630587 0.18816872]
 [0.26617014 0.28751493 0.25787565 0.18843928]
 [0.26682475 0.28523836 0.25864798 0.18928894]
 [0.26390362 0.28572625 0.26089567 0.18947445]]
Actions:
[[1. 0. 0. 0.]
 [0. 0. 0. 1.]
 [0. 1. 0. 0.]
 [0. 0. 1. 0.]
 [1. 0. 0. 0.]
 [0. 0. 1. 0.]
 [0. 1. 0. 0.]
 [0. 0. 1. 0.]
 [1. 0. 0. 0.]
 [0. 1. 0. 0.]
 [0. 0. 0. 1.]
 [0. 0. 1. 0.]
 [0. 1. 0. 0.]
 [0. 1. 0. 0.]
 [0. 1. 0. 0.]
 [1. 0. 0. 0.]
 [0. 1. 0. 0.]
 [0. 0. 0. 1.]
 [0. 0. 1. 0.]
 [0. 1. 0. 0.]
 [0. 1. 0. 0.]
 [0. 0. 1. 0.]
 [0. 0. 0. 1.]
 [0. 0. 1. 0.]
 [0. 0. 1. 0.]]
States:
[[0.9 0.8]
 [1.  0.8]
 [1.  0.7]
 [1.  0.8]
 [0.9 0.8]
 [1.  0.8]
 [0.9 0.8]
 [0.9 0.9]
 [0.8 0.9]
 [0.9 0.9]
 [0.9 1. ]
 [0.9 0.9]
 [0.8 0.9]
 [0.8 1. ]
 [0.8 1. ]
 [0.8 1. ]
 [0.9 1. ]
 [0.9 1. ]
 [0.9 0.9]
 [0.8 0.9]
 [0.8 1. ]
 [0.8 1. ]
 [0.7 1. ]
 [0.7 0.9]
 [0.6 0.9]]
Logstds:
[[0. 0. 0. 0.]
 [0. 0. 0. 0.]
 [0. 0. 0. 0.]
 [0. 0. 0. 0.]
 [0. 0. 0. 0.]
 [0. 0. 0. 0.]
 [0. 0. 0. 0.]
 [0. 0. 0. 0.]
 [0. 0. 0. 0.]
 [0. 0. 0. 0.]
 [0. 0. 0. 0.]
 [0. 0. 0. 0.]
 [0. 0. 0. 0.]
 [0. 0. 0. 0.]
 [0. 0. 0. 0.]
 [0. 0. 0. 0.]
 [0. 0. 0. 0.]
 [0. 0. 0. 0.]
 [0. 0. 0. 0.]
 [0. 0. 0. 0.]
 [0. 0. 0. 0.]
 [0. 0. 0. 0.]
 [0. 0. 0. 0.]
 [0. 0. 0. 0.]
 [0. 0. 0. 0.]]
