Baseline:
[0.10858496 0.11093028 0.11035994 0.11093028 0.11035994 0.11035994
 0.11681606 0.11035994 0.10839428 0.11035994 0.11093028 0.11769221
 0.11998754 0.12306634 0.11998754 0.12365453 0.12735927 0.12365453
 0.12256286 0.1224911  0.12065869 0.1249938  0.12065869 0.12065869
 0.12065869 0.12065869]
Returns:
[-6.73364696 -6.66861707 -6.51380608 -6.39294735 -6.22362742 -6.01747065
 -5.86074884 -5.66411604 -5.4869965  -5.32854246 -5.14530143 -4.97056795
 -4.77566544 -4.60322798 -4.37285876 -4.15849673 -3.92724814 -3.63566577
 -3.29923535 -2.91618586 -2.48420559 -2.0591678  -1.5741564  -1.09092945
 -0.58226949]
Advants:
[-5.17129887 -5.17594889 -5.08883264 -5.03890435 -4.94011366 -4.80473721
 -4.72663407 -4.59557391 -4.48911468 -4.40659924 -4.2985534  -4.20636879
 -4.09004771 -3.99823584 -3.84172057 -3.70799563 -3.55694127 -3.33552702
 -3.067732   -2.74842854 -2.3704532  -1.99733311 -1.54448817 -1.08592707
 -0.58830243]
Mus:
[[0.24178542 0.2653497  0.2881169  0.20474795]
 [0.24530363 0.26698428 0.2842916  0.20342048]
 [0.24587768 0.2701126  0.28248024 0.20152938]
 [0.24530363 0.26698428 0.2842916  0.20342048]
 [0.24587768 0.2701126  0.28248024 0.20152938]
 [0.24587768 0.2701126  0.28248024 0.20152938]
 [0.24885069 0.2715303  0.2792185  0.20040055]
 [0.24587768 0.2701126  0.28248024 0.20152938]
 [0.24300815 0.26813772 0.28632778 0.20252633]
 [0.24587768 0.2701126  0.28248024 0.20152938]
 [0.24530363 0.26698428 0.2842916  0.20342048]
 [0.24827895 0.26860222 0.2809211  0.20219773]
 [0.24881975 0.26536024 0.2818042  0.20401584]
 [0.24854293 0.26212177 0.28331977 0.20601548]
 [0.24881975 0.26536024 0.2818042  0.20401584]
 [0.25309172 0.26599646 0.27871954 0.20219229]
 [0.25334868 0.26303935 0.2801229  0.20348899]
 [0.25309172 0.26599646 0.27871954 0.20219229]
 [0.2526539  0.2689793  0.27774104 0.20062578]
 [0.2523132  0.27232686 0.27621904 0.19914082]
 [0.25213057 0.2755329  0.27473772 0.19759884]
 [0.25602612 0.27602908 0.2717875  0.19615735]
 [0.25213057 0.2755329  0.27473772 0.19759884]
 [0.25213057 0.2755329  0.27473772 0.19759884]
 [0.25213057 0.2755329  0.27473772 0.19759884]]
Actions:
[[1. 0. 0. 0.]
 [0. 1. 0. 0.]
 [0. 0. 0. 1.]
 [0. 1. 0. 0.]
 [0. 1. 0. 0.]
 [1. 0. 0. 0.]
 [0. 0. 1. 0.]
 [0. 0. 1. 0.]
 [1. 0. 0. 0.]
 [0. 0. 0. 1.]
 [1. 0. 0. 0.]
 [0. 0. 0. 1.]
 [0. 0. 0. 1.]
 [0. 1. 0. 0.]
 [1. 0. 0. 0.]
 [0. 0. 0. 1.]
 [0. 1. 0. 0.]
 [0. 1. 0. 0.]
 [0. 1. 0. 0.]
 [0. 1. 0. 0.]
 [1. 0. 0. 0.]
 [0. 0. 1. 0.]
 [0. 0. 1. 0.]
 [0. 0. 1. 0.]
 [0. 1. 0. 0.]]
States:
[[0.  0.3]
 [0.1 0.3]
 [0.1 0.4]
 [0.1 0.3]
 [0.1 0.4]
 [0.1 0.4]
 [0.2 0.4]
 [0.1 0.4]
 [0.  0.4]
 [0.1 0.4]
 [0.1 0.3]
 [0.2 0.3]
 [0.2 0.2]
 [0.2 0.1]
 [0.2 0.2]
 [0.3 0.2]
 [0.3 0.1]
 [0.3 0.2]
 [0.3 0.3]
 [0.3 0.4]
 [0.3 0.5]
 [0.4 0.5]
 [0.3 0.5]
 [0.3 0.5]
 [0.3 0.5]]
Logstds:
[[0. 0. 0. 0.]
 [0. 0. 0. 0.]
 [0. 0. 0. 0.]
 [0. 0. 0. 0.]
 [0. 0. 0. 0.]
 [0. 0. 0. 0.]
 [0. 0. 0. 0.]
 [0. 0. 0. 0.]
 [0. 0. 0. 0.]
 [0. 0. 0. 0.]
 [0. 0. 0. 0.]
 [0. 0. 0. 0.]
 [0. 0. 0. 0.]
 [0. 0. 0. 0.]
 [0. 0. 0. 0.]
 [0. 0. 0. 0.]
 [0. 0. 0. 0.]
 [0. 0. 0. 0.]
 [0. 0. 0. 0.]
 [0. 0. 0. 0.]
 [0. 0. 0. 0.]
 [0. 0. 0. 0.]
 [0. 0. 0. 0.]
 [0. 0. 0. 0.]
 [0. 0. 0. 0.]]
