Baseline:
[0.60440636 0.599874   0.59147316 0.5909831  0.60668784 0.6164774
 0.60629094 0.61441636 0.6181183  0.6174437  0.60784125 0.6075857
 0.60938734 0.6016469  0.58526415 0.58621037 0.5981343  0.5767127
 0.56582755 0.5379348  0.53616315 0.51697034 0.48902312 0.4590276
 0.42662948 0.3880232  0.37512803 0.35199255 0.3366647  0.34125194
 0.32938963 0.28683552 0.23193836 0.22555183 0.2566996  0.24597351
 0.2479897  0.2579037  0.27856424 0.29321587 0.2877316  0.27287668
 0.26802254 0.2673017  0.2605229  0.26780367 0.234996   0.23107316
 0.22468519 0.2357393  0.24829422 0.23074226 0.22592527 0.22226952
 0.24774724 0.25397846 0.2531898  0.26649797 0.29215556 0.311512
 0.30961516 0.33021507 0.37049788 0.3606448  0.32433984 0.33873934
 0.3617823  0.34246355 0.35162532 0.3358243  0.2998916  0.29079217
 0.2981168  0.28702012 0.26301423 0.27190238 0.2870998  0.31178886
 0.3099293  0.29347104 0.27027476 0.27278554 0.28232136 0.29336488
 0.31826845 0.3035135  0.3035261  0.29396245 0.29982272 0.2780012
 0.26350638 0.2929093  0.30223674 0.28268754 0.28151152 0.2762337
 0.27530885 0.29137784 0.3089001  0.32925677 0.34995922 0.3651215
 0.388648   0.38858888 0.4064916  0.42481562 0.45010275 0.45147297
 0.46481848 0.4852286  0.49074855 0.50199085 0.49719384 0.49814063
 0.48846945 0.49783218 0.5069761  0.50002044 0.4952993  0.49863583
 0.5316561  0.54615545 0.5821314  0.5678497  0.57438135 0.59303385
 0.5522408  0.5390324  0.5455519  0.55458474 0.52607554 0.51771677
 0.50186795 0.5185497  0.50885504 0.51263785 0.48537952 0.5027647
 0.47035685 0.4790446  0.4786174  0.45910403 0.45774075 0.4475899
 0.4263539  0.4068085  0.39041266 0.37620488 0.37976345 0.3060614
 0.27521855 0.27587846 0.26849702 0.27016962 0.29187343 0.2837594
 0.29049477 0.2972946  0.2918337  0.30999255 0.32516134 0.31312314
 0.31180203 0.31256136 0.31566882 0.32519615 0.30821344 0.3076732
 0.30086756 0.295406   0.29934064 0.29003105 0.29584652 0.31857204
 0.3165916  0.32253912 0.3308786  0.29120305 0.28393126 0.30006656
 0.29533982 0.28909302 0.29823485 0.3078757  0.3082583  0.30379668
 0.32762834 0.32830197 0.33391538 0.35106283 0.3478094  0.3729823
 0.3613872  0.33607382 0.3323959  0.34101072 0.34725937 0.35760278
 0.3975618  0.38671565 0.38671565]
Returns:
[3.33501186 3.34691947 3.33727372 3.24691722 3.03385745 2.93252077
 2.87288311 2.80976104 2.7579288  2.72372956 2.67168347 2.62246663
 2.3434075  2.29111532 2.17793246 2.07435328 1.79424198 1.49015296
 1.34508899 1.17031462 0.92094083 0.73169864 0.58845298 0.55017796
 0.50729736 0.40341858 0.24416946 0.22720248 0.15776256 0.15415462
 0.25120153 0.30480105 0.39461299 0.50290587 0.20885696 0.26470431
 0.35705224 0.44367825 0.43696229 0.49169839 0.54643814 0.59920124
 0.72526195 0.85395515 0.94231931 0.8329816  0.82001876 0.93821857
 1.07855199 1.24828983 1.12066947 1.20262499 1.28718536 0.9951671
 1.03362006 1.18566131 1.33595867 1.45790578 1.41286745 1.51264218
 1.67777981 1.62479497 1.36107822 1.44049903 1.42643153 1.5224106
 1.54171973 1.66372939 1.76315856 1.85504094 2.00990762 1.98738266
 2.09283447 2.22624522 2.2484528  2.35548649 2.35677801 2.38768972
 2.55487694 2.69742698 2.67263344 2.79463633 2.9542804  3.06290811
 3.05928327 3.22418371 3.3845494  3.41956141 3.55291789 3.5426887
 3.62390781 3.4609417  3.61637733 3.6896287  3.80793124 3.81179514
 3.80781421 3.94071294 4.07859935 4.1024724  4.22875088 4.3161395
 4.29950156 4.37384238 4.30290092 4.38873506 4.2214041  4.28113175
 4.35494474 4.30152266 4.38720206 4.43486236 4.44039058 4.51087028
 4.54115533 4.60941395 4.63196146 4.52066207 4.57669936 4.64566637
 4.48807924 4.47854041 4.08667187 4.08183686 3.94777032 3.81619224
 3.4791212  3.41287198 3.31305434 3.15511674 3.00060455 3.00532979
 2.99177245 2.80511414 2.80986233 2.69853838 2.67861142 2.34754967
 2.24929219 2.1125416  1.79975376 1.78004771 1.60764122 1.519905
 1.55543136 1.6046583  1.67267165 1.75392079 1.73656821 1.76313274
 1.7591493  1.79394733 1.62231846 1.69208785 1.57040423 1.59747669
 1.65271066 1.66075043 1.68375916 1.63749304 1.62762836 1.63973761
 1.70440624 1.72448025 1.77323935 1.60731652 1.64211056 1.69987688
 1.76023036 1.76073224 1.70675658 1.62757929 1.50163119 1.26014364
 1.29241479 1.29517681 1.20693957 1.08606256 1.11623803 1.00623981
 1.0289113  1.02889871 1.03875918 1.04697762 0.99969297 0.95452208
 0.9118723  0.79785532 0.686233   0.67336599 0.71721633 0.58314532
 0.56489872 0.38326232 0.43654967 0.28404217 0.26213786 0.29725994
 0.05006365 0.04964802]
Advants:
[ 2.10178373e+00  2.14961629e+00  2.18239977e+00  2.12668113e+00
  1.92789815e+00  1.84587064e+00  1.82646752e+00  1.78562432e+00
  1.76136692e+00  1.76074658e+00  1.75269755e+00  1.73954661e+00
  1.48886039e+00  1.47567578e+00  1.40992102e+00  1.33585292e+00
  1.06783762e+00  8.02493939e-01  6.82964842e-01  5.47438144e-01
  3.04500369e-01  1.34253493e-01  1.51747568e-02  2.53687925e-03
 -1.29994547e-02 -8.57750398e-02 -2.44797626e-01 -2.52186227e-01
 -3.22683881e-01 -3.48913926e-01 -2.56207594e-01 -1.74663319e-01
 -4.13325534e-02  6.45460298e-02 -2.80258796e-01 -2.32904946e-01
 -1.60636270e-01 -1.01153539e-01 -1.48073770e-01 -1.27958114e-01
 -8.75413984e-02 -3.93267727e-02  7.45806911e-02  1.89541015e-01
  2.71941587e-01  1.37888456e-01  1.39427160e-01  2.45461263e-01
  3.79261323e-01  5.28830738e-01  3.74429411e-01  4.61576516e-01
  5.40304812e-01  2.31467671e-01  2.22625360e-01  3.49268859e-01
  4.84228367e-01  5.78727007e-01  4.90499720e-01  5.54380392e-01
  7.08634420e-01  6.18904698e-01  2.87982756e-01  3.50801917e-01
  3.45018756e-01  3.98713786e-01  3.64604511e-01  4.77340912e-01
  5.39372397e-01  6.19744951e-01  7.86807987e-01  7.47208810e-01
  8.19967554e-01  9.41414794e-01  9.64032933e-01  1.03960855e+00
  1.00077998e+00  9.80149310e-01  1.12528344e+00  1.26325986e+00
  1.23878966e+00  1.33715597e+00  1.46898131e+00  1.54974319e+00
  1.50207710e+00  1.66652087e+00  1.81532586e+00  1.84874831e+00
  1.96808439e+00  1.97117999e+00  2.06063357e+00  1.85552138e+00
  1.99231963e+00  2.07788727e+00  2.19321199e+00  2.19812874e+00
  2.19039328e+00  2.30575828e+00  2.42825553e+00  2.43419545e+00
  2.54566673e+00  2.62652431e+00  2.59448419e+00  2.68000161e+00
  2.60047423e+00  2.68018273e+00  2.49484488e+00  2.56290765e+00
  2.63577733e+00  2.57312039e+00  2.66788628e+00  2.72128126e+00
  2.75034903e+00  2.84237159e+00  2.90796910e+00  2.99651212e+00
  3.04250289e+00  2.97029526e+00  3.06780651e+00  3.17535048e+00
  3.02433204e+00  3.04251181e+00  2.64724943e+00  2.69234592e+00
  2.58608603e+00  2.46847264e+00  2.19842717e+00  2.17221307e+00
  2.09169916e+00  1.94758780e+00  1.84249420e+00  1.87867347e+00
  1.90609849e+00  1.72374415e+00  1.76140709e+00  1.66793849e+00
  1.69897806e+00  1.36548225e+00  1.31382082e+00  1.17928124e+00
  8.69087121e-01  8.71239563e-01  6.97451305e-01  6.14487452e-01
  6.67168677e-01  7.33639227e-01  8.18161120e-01  9.16692615e-01
  8.98471231e-01  1.00475776e+00  1.03898059e+00  1.08216522e+00
  9.22655143e-01  9.97998964e-01  8.58041215e-01  8.98037814e-01
  9.53256203e-01  9.61826778e-01  9.99132002e-01  9.42302760e-01
  9.24737858e-01  9.57736959e-01  1.03537329e+00  1.06792405e+00
  1.12935126e+00  9.65594216e-01  1.03166153e+00  1.10727935e+00
  1.19530148e+00  1.22408963e+00  1.18915740e+00  1.14206433e+00
  1.03094033e+00  7.80953551e-01  8.31702671e-01  8.46321523e-01
  7.66078965e-01  7.00091725e-01  7.55207446e-01  6.44346452e-01
  6.89165598e-01  7.14497603e-01  7.35963136e-01  7.57011007e-01
  7.32253971e-01  7.15147494e-01  6.72223382e-01  5.79549763e-01
  4.82580715e-01  4.73631145e-01  5.45051070e-01  4.07269711e-01
  4.23703347e-01  2.87597267e-01  3.68263528e-01  2.27878082e-01
  2.21357796e-01  2.70378315e-01  6.48852140e-04  3.03122401e-02]
Mus:
[[-2.59289388e-02 -1.10291000e-02]
 [-2.60977838e-02 -1.13546718e-02]
 [-2.63575967e-02 -1.18748751e-02]
 [-2.59347502e-02 -1.13255158e-02]
 [-2.54392829e-02 -1.19672166e-02]
 [-2.44111847e-02 -1.13738682e-02]
 [-2.44896207e-02 -1.17577165e-02]
 [-2.36182567e-02 -1.14962310e-02]
 [-2.33757105e-02 -1.16733592e-02]
 [-2.27238741e-02 -1.14747966e-02]
 [-2.19040401e-02 -1.10612642e-02]
 [-2.11286377e-02 -1.09388744e-02]
 [-2.15055160e-02 -1.20721804e-02]
 [-1.97115839e-02 -1.14572532e-02]
 [-1.77438445e-02 -1.09729478e-02]
 [-1.62627306e-02 -1.07158562e-02]
 [-1.61850825e-02 -1.13980193e-02]
 [-1.58211458e-02 -1.16112260e-02]
 [-1.45604964e-02 -1.10284230e-02]
 [-1.35809211e-02 -1.06752422e-02]
 [-1.11170756e-02 -9.35213827e-03]
 [-1.01367980e-02 -9.25809704e-03]
 [-8.25127773e-03 -8.65023397e-03]
 [-6.39818050e-03 -8.15759413e-03]
 [-5.08903712e-03 -7.97536131e-03]
 [-4.04581008e-03 -8.14940501e-03]
 [-3.88532790e-04 -6.50592381e-03]
 [ 1.36808958e-03 -5.75380586e-03]
 [ 2.09075632e-03 -5.25610754e-03]
 [ 2.19535851e-03 -4.75407206e-03]
 [ 3.10175092e-04 -5.52026602e-03]
 [ 5.99277206e-03 -1.70419877e-03]
 [ 1.01144854e-02  1.30650320e-03]
 [ 1.10984333e-02  1.81710278e-03]
 [ 1.32652530e-02  3.77547578e-03]
 [ 1.35650812e-02  4.19604126e-03]
 [ 1.33645386e-02  3.94463306e-03]
 [ 1.36741176e-02  4.13535256e-03]
 [ 1.29291154e-02  3.26181529e-03]
 [ 1.25226574e-02  2.94458936e-03]
 [ 1.12712244e-02  1.89103943e-03]
 [ 1.07388208e-02  1.22903753e-03]
 [ 1.09810689e-02  1.35184708e-03]
 [ 1.13615952e-02  1.68051489e-03]
 [ 1.10947639e-02  1.02583505e-03]
 [ 9.17416252e-03 -4.67942940e-04]
 [ 1.25252986e-02  1.73366419e-03]
 [ 1.35764908e-02  2.24374491e-03]
 [ 1.48421014e-02  3.24266870e-03]
 [ 1.57093760e-02  3.65905673e-03]
 [ 1.86184328e-02  6.14880398e-03]
 [ 1.81219373e-02  6.05165353e-03]
 [ 1.78288072e-02  5.40590519e-03]
 [ 2.09449604e-02  8.58791731e-03]
 [ 2.25033704e-02  9.31387395e-03]
 [ 2.27085873e-02  9.44724865e-03]
 [ 2.24105511e-02  9.41856951e-03]
 [ 2.25290060e-02  9.07305162e-03]
 [ 2.18695104e-02  7.79188983e-03]
 [ 2.13547852e-02  7.07825134e-03]
 [ 2.17377115e-02  7.48196151e-03]
 [ 1.93212125e-02  5.26843779e-03]
 [ 2.17059590e-02  6.95225131e-03]
 [ 2.17963755e-02  7.59050762e-03]
 [ 1.91538706e-02  6.36326382e-03]
 [ 1.69917792e-02  4.98559140e-03]
 [ 1.43082840e-02  3.26389098e-03]
 [ 1.21106086e-02  2.06626346e-03]
 [ 1.01419603e-02  7.75104156e-04]
 [ 1.10299131e-02  1.63797289e-03]
 [ 1.25724105e-02  3.47521831e-03]
 [ 1.30508030e-02  4.65196511e-03]
 [ 1.10803749e-02  3.23420041e-03]
 [ 9.77108348e-03  2.64570978e-03]
 [ 8.16079043e-03  1.55682059e-03]
 [ 8.82810540e-03  2.30045058e-03]
 [ 7.00091105e-03  6.65311818e-04]
 [ 6.96628354e-03  5.99776453e-04]
 [ 6.10029604e-03  2.09415317e-04]
 [ 4.88286745e-03 -4.29100270e-04]
 [ 5.36069460e-03  6.02907094e-04]
 [ 4.28298628e-03 -4.50706953e-04]
 [ 4.41846438e-03 -3.42225831e-04]
 [ 4.81924554e-03  2.48963916e-04]
 [ 4.67170775e-03  5.53083024e-04]
 [ 3.09882220e-03  2.46891268e-05]
 [ 2.10571336e-03 -9.29912712e-05]
 [-3.07779730e-04 -1.87808671e-03]
 [-5.07890130e-04 -1.55127246e-03]
 [-2.31176824e-03 -2.84557883e-03]
 [-1.57282781e-03 -1.91547268e-03]
 [-1.38588110e-03 -1.54997385e-03]
 [-2.36103754e-03 -2.08431296e-03]
 [-2.92695686e-03 -1.72707892e-03]
 [-2.75974581e-03 -1.06439542e-03]
 [-1.40929490e-03  3.44946660e-04]
 [ 1.42646744e-03  1.65965490e-03]
 [ 2.05137185e-03  2.44017877e-03]
 [ 2.33679172e-03  2.62174592e-03]
 [ 2.76277005e-03  2.21423595e-03]
 [ 2.39117420e-03  1.60972460e-03]
 [ 2.50405655e-03  1.11049577e-03]
 [ 1.10626873e-03  2.05519173e-04]
 [ 1.98849686e-03  1.13471597e-03]
 [ 1.14982435e-03  1.61596877e-03]
 [ 3.12481046e-04  1.44407921e-03]
 [ 8.58325438e-05 -1.13198905e-04]
 [ 1.54999998e-05  3.89484310e-04]
 [ 2.77756444e-05  1.85364755e-04]
 [-1.16895768e-03 -1.24179514e-03]
 [-1.61651929e-03 -1.72999885e-03]
 [-1.75291614e-03 -1.81063497e-03]
 [-9.24811349e-04 -8.80963926e-04]
 [-7.73985055e-04 -5.12264553e-04]
 [-1.04602915e-03 -8.06807657e-04]
 [-1.38282706e-03 -1.07655255e-03]
 [-2.32501072e-03 -2.14312575e-03]
 [-7.23423029e-04 -5.25451091e-04]
 [-6.40630606e-04 -4.54368681e-04]
 [-5.72828285e-04 -3.39635939e-04]
 [-1.11660524e-03 -8.21685244e-04]
 [-1.26413838e-03 -7.18793715e-04]
 [-8.69446143e-04 -3.87002772e-04]
 [-3.13989841e-03 -1.20397366e-03]
 [-4.99967206e-03 -2.99266423e-03]
 [-5.38333552e-03 -3.41079314e-03]
 [-8.36958084e-03 -4.76271519e-03]
 [-9.14662518e-03 -5.68124233e-03]
 [-8.18922557e-03 -5.02154930e-03]
 [-9.33594629e-03 -6.34886976e-03]
 [-8.78998730e-03 -5.47071686e-03]
 [-8.99082981e-03 -5.79572190e-03]
 [-8.20963830e-03 -5.50331827e-03]
 [-9.19546466e-03 -6.30060444e-03]
 [-9.42878984e-03 -6.57902565e-03]
 [-1.09961294e-02 -7.86753651e-03]
 [-1.00412415e-02 -7.27296202e-03]
 [-8.21339712e-03 -6.29690755e-03]
 [-7.27027189e-03 -5.36014792e-03]
 [-8.56387895e-03 -6.57577813e-03]
 [-1.11654345e-02 -8.83392803e-03]
 [-1.06304353e-02 -8.73505883e-03]
 [-8.17221124e-03 -7.32852239e-03]
 [-7.97270983e-03 -7.08917109e-03]
 [-9.38737299e-03 -7.71253137e-03]
 [-1.08763119e-02 -8.25927500e-03]
 [-1.32850986e-02 -9.40237101e-03]
 [-1.54652689e-02 -1.04321735e-02]
 [-1.57217178e-02 -1.02009196e-02]
 [-1.30355461e-02 -7.08519109e-03]
 [-1.40184322e-02 -7.00046401e-03]
 [-1.33862738e-02 -6.42782217e-03]
 [-1.18266204e-02 -4.90583340e-03]
 [-1.24693485e-02 -5.10392198e-03]
 [-1.28778750e-02 -5.23457769e-03]
 [-1.36938319e-02 -5.32275485e-03]
 [-1.45057589e-02 -5.59298554e-03]
 [-1.66084021e-02 -6.76815817e-03]
 [-1.73543021e-02 -7.16268970e-03]
 [-1.83963533e-02 -7.74215534e-03]
 [-1.95762496e-02 -8.37776996e-03]
 [-1.96000431e-02 -8.01051501e-03]
 [-2.00515669e-02 -8.08426272e-03]
 [-2.13725921e-02 -8.87342449e-03]
 [-2.20514648e-02 -9.29672644e-03]
 [-2.44220663e-02 -1.10952472e-02]
 [-2.46821865e-02 -1.11375181e-02]
 [-2.52149235e-02 -1.15524111e-02]
 [-2.46758610e-02 -1.12183625e-02]
 [-2.33162679e-02 -1.02116149e-02]
 [-2.19512973e-02 -9.24460124e-03]
 [-2.30049174e-02 -1.01720886e-02]
 [-2.50970908e-02 -1.19133415e-02]
 [-2.46085022e-02 -1.17964502e-02]
 [-2.45316830e-02 -1.16235735e-02]
 [-2.48246212e-02 -1.17219072e-02]
 [-2.49374378e-02 -1.14892311e-02]
 [-2.37714592e-02 -1.00693041e-02]
 [-2.35520769e-02 -9.76776704e-03]
 [-2.30361819e-02 -9.37052909e-03]
 [-2.48253066e-02 -1.02137066e-02]
 [-2.40816120e-02 -9.60063096e-03]
 [-2.40327381e-02 -9.47078038e-03]
 [-2.43640747e-02 -9.51905083e-03]
 [-2.32272632e-02 -8.65121000e-03]
 [-2.18521338e-02 -7.60806073e-03]
 [-2.25200392e-02 -7.88148399e-03]
 [-2.03141719e-02 -6.39184006e-03]
 [-1.78767405e-02 -4.82371496e-03]
 [-1.83883402e-02 -5.07119345e-03]
 [-1.73692591e-02 -4.44458285e-03]
 [-1.82985812e-02 -5.26470738e-03]
 [-1.90199055e-02 -5.76728070e-03]
 [-1.62199717e-02 -3.86612420e-03]
 [-1.57590937e-02 -3.62213398e-03]
 [-1.23653887e-02 -1.61247805e-03]
 [-9.08327848e-03  8.35023748e-05]
 [-6.05986221e-03  1.52133883e-03]
 [-2.11431854e-03  2.61015794e-03]
 [-6.60765741e-04  2.88496166e-03]]
Actions:
[[-0.14534556  0.05312813]
 [-0.24781217  0.0695293 ]
 [ 0.13015332 -0.17628559]
 [-0.09062042  0.46026158]
 [ 0.18322784  0.022167  ]
 [-0.27347885  0.06213547]
 [ 0.07308982  0.11598704]
 [-0.09788311  0.17223674]
 [-0.04185421  0.05303135]
 [-0.07322117 -0.09950381]
 [-0.0436056   0.08627131]
 [-0.34694658  0.38528577]
 [-0.0466087  -0.02856194]
 [-0.27644017 -0.07376489]
 [ 0.01926461  0.15650985]
 [ 0.02532016  0.44398419]
 [-0.32970358  0.39279515]
 [ 0.16408878 -0.0619091 ]
 [-0.12225767 -0.30411305]
 [ 0.34904102  0.01750281]
 [-0.04110811  0.33716135]
 [-0.03804743  0.2893254 ]
 [-0.08447258  0.02502276]
 [-0.16817329 -0.11994306]
 [-0.31520416  0.17125943]
 [ 0.29822405  0.27738523]
 [ 0.15307347  0.18712368]
 [ 0.18363912 -0.30520033]
 [ 0.27973425  0.01209715]
 [-0.01928629  0.05250033]
 [ 0.1776942   0.10487701]
 [-0.13957973 -0.09484262]
 [-0.08824251 -0.09804873]
 [ 0.62280874  0.02630701]
 [-0.04816264 -0.19995348]
 [-0.05674783  0.0336382 ]
 [ 0.09434219  0.0500342 ]
 [ 0.0381848   0.31493603]
 [ 0.10049989  0.16425573]
 [-0.19666697  0.10739835]
 [-0.25690327  0.00348453]
 [-0.03548612 -0.03237535]
 [ 0.04120899 -0.04001376]
 [-0.20358383  0.11620215]
 [-0.17286986  0.4663188 ]
 [-0.09802997  0.39530269]
 [-0.08699369  0.19078329]
 [ 0.00113025 -0.17263805]
 [ 0.0698535   0.09046296]
 [ 0.50705639 -0.15029784]
 [-0.22041257 -0.19442329]
 [-0.29759402  0.04308706]
 [ 0.40741117 -0.49690129]
 [ 0.30828367  0.16660689]
 [ 0.0554169   0.00543045]
 [-0.03205383 -0.07733221]
 [ 0.02916437  0.2006048 ]
 [-0.02895849  0.45423533]
 [ 0.06552726  0.26863773]
 [ 0.08219007 -0.0688876 ]
 [-0.11493397  0.46100015]
 [ 0.64071024  0.15314   ]
 [ 0.16897123 -0.21647264]
 [-0.33084588 -0.25115619]
 [ 0.0151972   0.23387868]
 [ 0.06433329  0.36123317]
 [-0.19658957 -0.03625297]
 [ 0.01724204  0.26063506]
 [ 0.06574337 -0.25253923]
 [ 0.08239154  0.0333111 ]
 [ 0.19055233 -0.36966451]
 [-0.07665152  0.2058938 ]
 [-0.11703459 -0.10161715]
 [-0.37406565 -0.11672064]
 [ 0.21003715 -0.07722751]
 [-0.10262191  0.38010029]
 [ 0.24951455  0.23458628]
 [-0.00216823  0.00207398]
 [-0.19230597 -0.10889026]
 [ 0.00145294 -0.44822103]
 [-0.17306962  0.16194402]
 [ 0.11740667  0.06698241]
 [ 0.2507762  -0.01258106]
 [ 0.3804761   0.13763624]
 [-0.09347896 -0.14885146]
 [ 0.09903856 -0.06591786]
 [-0.37840629  0.07644286]
 [ 0.20027897 -0.03644465]
 [-0.47316392 -0.10365795]
 [-0.04182836 -0.35222506]
 [ 0.49542571  0.25918745]
 [ 0.03224197  0.10229742]
 [-0.06490679 -0.34119673]
 [ 0.14443919 -0.20176841]
 [ 0.06084855 -0.44110417]
 [-0.33595614 -0.31238746]
 [ 0.00419837 -0.19444755]
 [-0.1586756  -0.06771472]
 [-0.36634822  0.11035233]
 [-0.13333813  0.14678246]
 [-0.23750103  0.11225116]
 [ 0.21812548  0.2996867 ]
 [-0.06125917 -0.25324034]
 [ 0.39904345 -0.06583922]
 [ 0.13862854  0.02903442]
 [-0.18745098  0.48478993]
 [ 0.06215348 -0.18378982]
 [ 0.04423211  0.10181551]
 [-0.08639072  0.3720691 ]
 [-0.06833838  0.10787712]
 [ 0.12678052  0.10153575]
 [ 0.12058621 -0.22096691]
 [ 0.06844206 -0.10504353]
 [-0.26242902 -0.09152595]
 [ 0.0330425   0.07725697]
 [-0.15075384  0.24274006]
 [ 0.19995085 -0.35979097]
 [-0.12743846 -0.10577472]
 [ 0.00605908 -0.05431909]
 [ 0.2951648   0.30309039]
 [ 0.19047182  0.05244121]
 [ 0.52281466  0.3022553 ]
 [-0.20448244 -0.16080873]
 [-0.23199082  0.37738358]
 [ 0.20395696  0.31276549]
 [-0.58900556 -0.27128196]
 [-0.34601334  0.06787185]
 [ 0.26757699  0.04757366]
 [-0.09895722  0.42083832]
 [-0.07696572 -0.39170106]
 [-0.13448623  0.03517086]
 [-0.16994669 -0.11462241]
 [ 0.17898667  0.36591425]
 [-0.08615123  0.05324151]
 [-0.03728966  0.37216798]
 [-0.09113085 -0.19341252]
 [ 0.51464502  0.16722216]
 [-0.02370382 -0.35109886]
 [-0.04180922  0.38105495]
 [-0.26336221  0.51690828]
 [ 0.02499668  0.19694577]
 [ 0.41177466 -0.08179214]
 [ 0.18810379  0.25477619]
 [-0.01132544  0.07561476]
 [ 0.02073349 -0.06595462]
 [-0.13474757 -0.12852843]
 [-0.11052082 -0.00098064]
 [ 0.25655403  0.05315929]
 [ 0.1172626  -0.19368031]
 [-0.24194509  0.20512452]
 [ 0.16198144 -0.08746586]
 [ 0.3333394  -0.36151691]
 [-0.10540726 -0.06445072]
 [ 0.29782921  0.27004262]
 [-0.10495145 -0.18616747]
 [ 0.02839122  0.05698341]
 [-0.20890516  0.17414015]
 [-0.23129172 -0.07063528]
 [ 0.11410083  0.27239654]
 [ 0.05802476  0.22947031]
 [ 0.03219298 -0.21700383]
 [-0.00778938 -0.03576824]
 [-0.20165217  0.09799644]
 [-0.04300456  0.11546273]
 [-0.24404822  0.42766258]
 [-0.1454034  -0.17642047]
 [-0.06485353  0.06611084]
 [ 0.00792919 -0.11066733]
 [ 0.12725657 -0.23910339]
 [ 0.29961692 -0.10183907]
 [-0.439843    0.04453895]
 [-0.2788539   0.3530757 ]
 [ 0.37816398  0.30934592]
 [ 0.07591903 -0.03646772]
 [ 0.12871366  0.09397282]
 [ 0.24634257  0.19522544]
 [ 0.00766427 -0.4324993 ]
 [ 0.00586701 -0.14151386]
 [ 0.2879949   0.18344037]
 [-0.18856445  0.04534116]
 [ 0.09610491 -0.16391038]
 [ 0.11523422  0.07152045]
 [ 0.09864227  0.09682359]
 [ 0.21950611 -0.10992102]
 [ 0.17605512 -0.18926703]
 [ 0.08331357  0.24427867]
 [ 0.30304848 -0.1374597 ]
 [ 0.31069005 -0.07287247]
 [-0.06250358  0.21829354]
 [-0.01318745 -0.00419606]
 [-0.14301128  0.42289731]
 [-0.33634679  0.0234334 ]
 [ 0.08615006 -0.4518312 ]
 [-0.13194213 -0.05247006]
 [ 0.31314867 -0.26443062]
 [ 0.16226462 -0.16498197]
 [ 0.09422451 -0.06194892]
 [ 0.12324456  0.52672871]
 [-0.28200118 -0.00791566]
 [-0.34558691 -0.18060879]]
States:
[[0.99993975 0.99961214 0.50167793 0.51895254 0.51305552 0.59709687]
 [0.99988585 0.99956821 0.49870851 0.51999661 0.47577972 0.6110359 ]
 [0.99954414 0.9994061  0.48787    0.52344997 0.41296179 0.62900715]
 ...
 [0.67507263 0.         0.98623663 0.63988605 0.87256067 0.44569496]
 [0.62012426 0.         1.         0.65155388 0.89708484 0.58672646]
 [0.56785084 0.         1.         0.65319264 0.81710491 0.58485359]]
Logstds:
[[-3. -3.]
 [-3. -3.]
 [-3. -3.]
 [-3. -3.]
 [-3. -3.]
 [-3. -3.]
 [-3. -3.]
 [-3. -3.]
 [-3. -3.]
 [-3. -3.]
 [-3. -3.]
 [-3. -3.]
 [-3. -3.]
 [-3. -3.]
 [-3. -3.]
 [-3. -3.]
 [-3. -3.]
 [-3. -3.]
 [-3. -3.]
 [-3. -3.]
 [-3. -3.]
 [-3. -3.]
 [-3. -3.]
 [-3. -3.]
 [-3. -3.]
 [-3. -3.]
 [-3. -3.]
 [-3. -3.]
 [-3. -3.]
 [-3. -3.]
 [-3. -3.]
 [-3. -3.]
 [-3. -3.]
 [-3. -3.]
 [-3. -3.]
 [-3. -3.]
 [-3. -3.]
 [-3. -3.]
 [-3. -3.]
 [-3. -3.]
 [-3. -3.]
 [-3. -3.]
 [-3. -3.]
 [-3. -3.]
 [-3. -3.]
 [-3. -3.]
 [-3. -3.]
 [-3. -3.]
 [-3. -3.]
 [-3. -3.]
 [-3. -3.]
 [-3. -3.]
 [-3. -3.]
 [-3. -3.]
 [-3. -3.]
 [-3. -3.]
 [-3. -3.]
 [-3. -3.]
 [-3. -3.]
 [-3. -3.]
 [-3. -3.]
 [-3. -3.]
 [-3. -3.]
 [-3. -3.]
 [-3. -3.]
 [-3. -3.]
 [-3. -3.]
 [-3. -3.]
 [-3. -3.]
 [-3. -3.]
 [-3. -3.]
 [-3. -3.]
 [-3. -3.]
 [-3. -3.]
 [-3. -3.]
 [-3. -3.]
 [-3. -3.]
 [-3. -3.]
 [-3. -3.]
 [-3. -3.]
 [-3. -3.]
 [-3. -3.]
 [-3. -3.]
 [-3. -3.]
 [-3. -3.]
 [-3. -3.]
 [-3. -3.]
 [-3. -3.]
 [-3. -3.]
 [-3. -3.]
 [-3. -3.]
 [-3. -3.]
 [-3. -3.]
 [-3. -3.]
 [-3. -3.]
 [-3. -3.]
 [-3. -3.]
 [-3. -3.]
 [-3. -3.]
 [-3. -3.]
 [-3. -3.]
 [-3. -3.]
 [-3. -3.]
 [-3. -3.]
 [-3. -3.]
 [-3. -3.]
 [-3. -3.]
 [-3. -3.]
 [-3. -3.]
 [-3. -3.]
 [-3. -3.]
 [-3. -3.]
 [-3. -3.]
 [-3. -3.]
 [-3. -3.]
 [-3. -3.]
 [-3. -3.]
 [-3. -3.]
 [-3. -3.]
 [-3. -3.]
 [-3. -3.]
 [-3. -3.]
 [-3. -3.]
 [-3. -3.]
 [-3. -3.]
 [-3. -3.]
 [-3. -3.]
 [-3. -3.]
 [-3. -3.]
 [-3. -3.]
 [-3. -3.]
 [-3. -3.]
 [-3. -3.]
 [-3. -3.]
 [-3. -3.]
 [-3. -3.]
 [-3. -3.]
 [-3. -3.]
 [-3. -3.]
 [-3. -3.]
 [-3. -3.]
 [-3. -3.]
 [-3. -3.]
 [-3. -3.]
 [-3. -3.]
 [-3. -3.]
 [-3. -3.]
 [-3. -3.]
 [-3. -3.]
 [-3. -3.]
 [-3. -3.]
 [-3. -3.]
 [-3. -3.]
 [-3. -3.]
 [-3. -3.]
 [-3. -3.]
 [-3. -3.]
 [-3. -3.]
 [-3. -3.]
 [-3. -3.]
 [-3. -3.]
 [-3. -3.]
 [-3. -3.]
 [-3. -3.]
 [-3. -3.]
 [-3. -3.]
 [-3. -3.]
 [-3. -3.]
 [-3. -3.]
 [-3. -3.]
 [-3. -3.]
 [-3. -3.]
 [-3. -3.]
 [-3. -3.]
 [-3. -3.]
 [-3. -3.]
 [-3. -3.]
 [-3. -3.]
 [-3. -3.]
 [-3. -3.]
 [-3. -3.]
 [-3. -3.]
 [-3. -3.]
 [-3. -3.]
 [-3. -3.]
 [-3. -3.]
 [-3. -3.]
 [-3. -3.]
 [-3. -3.]
 [-3. -3.]
 [-3. -3.]
 [-3. -3.]
 [-3. -3.]
 [-3. -3.]
 [-3. -3.]
 [-3. -3.]
 [-3. -3.]
 [-3. -3.]
 [-3. -3.]
 [-3. -3.]]
