Baseline:
[1.3057986  1.3177967  1.3148158  1.3188753  1.354295   1.3555839
 1.3406239  1.3105642  1.287878   1.2668834  1.255619   1.2447104
 1.2510437  1.2131937  1.1880528  1.1764839  1.162693   1.1551144
 1.1544157  1.1368254  1.1043931  1.0704683  1.04866    1.0182999
 1.0070965  1.0267392  1.0122163  1.0074899  1.0140882  0.98063093
 0.98401535 0.96359056 0.9496     0.9176041  0.9099247  0.8871637
 0.8695509  0.85838413 0.8673584  0.8613389  0.87092537 0.8407923
 0.98099977 1.0040122  1.0277909  1.0370831  1.0207503  1.0651057
 1.0543855  1.0576881  1.0376889  1.0341051  1.0333741  1.0004368
 0.97372574 0.95508105 1.0036106  1.0340844  1.0296006  1.0361004
 1.0217521  1.0336206  1.0360917  1.0184776  1.0211135  1.0249821
 1.0290645  1.0054529  0.9981356  0.9903984  1.0060887  1.0200905
 1.0390327  1.052309   1.0546634  1.0386298  0.9993289  0.989536
 1.0058699  0.96835035 0.9657476  0.9823485  1.0072464  1.0350128
 1.0278659  1.0600128  1.0735133  1.0615524  1.0578161  1.0917797
 1.09636    1.1255136  1.1414285  1.1512218  1.1408347  1.155832
 1.1862601  1.1753033  1.1575503  1.129941   1.1201677  1.089016
 1.0754641  1.0435127  1.0301266  0.9851447  0.97100747 0.9747836
 0.9931312  1.0624609  1.0536363  1.0264695  1.0244582  1.0276387
 1.0179546  1.0411859  1.0543005  1.0185266  1.0082738  0.9897587
 1.0044012  1.0075853  1.0000147  0.98743    1.0057702  1.0303843
 1.0279833  1.0279105  1.027637   1.0142426  1.0009098  0.96252245
 0.96012783 0.9693485  0.9848302  1.0243888  1.0518272  1.0566757
 1.0582328  1.0692685  1.0777953  1.0748672  1.0653399  1.0827997
 1.114373   1.1258956  1.1504614  1.1408715  1.1546504  1.1842611
 1.1994302  1.2037804  1.2072282  1.2289698  1.2259214  1.262429
 1.2926347  1.3335156  1.3525302  1.3528779  1.3625178  1.3716176
 1.3676661  1.3975317  1.407482   1.4102577  1.4220102  1.4119573
 1.425267   1.425062   1.4208624  1.4164355  1.403198   1.4046528
 1.413526   1.4101353  1.421629   1.4236038  1.4317548  1.4078305
 1.4071559  1.4016551  1.4087951  1.3886727  1.3892226  1.3960859
 1.3940461  1.415527   1.422612   1.4105451  1.3975759  1.401012
 1.3861432  1.3677965  1.3488113  1.3566408  1.3226721  1.3133314
 1.3041492  1.2906293  1.2906293 ]
Returns:
[5.4771739  5.47906086 5.46261721 5.45757375 5.16895254 5.22107659
 5.19424886 4.83386084 4.77147898 4.50427253 4.48338102 4.36478836
 4.10951452 3.90758319 3.81569468 3.80200931 3.78681355 3.77532714
 3.69558964 3.71584746 3.58531029 3.58234883 3.62518889 3.67491615
 3.66799688 3.4742403  3.5137179  3.32010665 3.30114759 3.27940527
 3.30737691 3.36372544 3.35947923 3.33208226 3.41005588 3.45012653
 3.4660414  3.53785071 3.49153641 3.54628356 3.62329322 3.21652594
 3.21361702 3.20035756 2.80000122 2.83865517 2.75562916 2.46749888
 2.52152165 2.58876872 2.58320009 2.60642371 2.657637   2.54969904
 2.49543823 2.34489065 2.28947489 2.31525244 2.36472232 2.40084291
 2.4371508  2.45773249 2.49054061 2.52131372 2.52735244 2.55866752
 2.63527203 2.6424781  2.65578696 2.69332127 2.70918006 2.73329826
 2.70899711 2.76730955 2.7597207  2.71980056 2.52761335 2.58760548
 2.49966527 2.30388781 2.23861226 2.30031619 2.25223425 2.25555836
 2.28586826 2.20668501 2.27600142 2.26503642 2.36481455 2.30466425
 2.41702694 2.37434761 2.44880546 2.55804891 2.68879621 2.61503909
 2.35517951 2.34646019 2.4808823  2.61217703 2.7508508  2.8598574
 2.95432275 3.05658716 3.04317387 2.86957812 2.91218036 2.98902467
 3.08131372 2.96609539 2.96643353 2.83135653 2.90631483 2.99826645
 3.08342104 2.9340631  2.99126188 2.79128832 2.85580202 2.62824306
 2.71040662 2.7257385  2.64194994 2.64821085 2.56115835 2.53287092
 2.64877021 2.78061817 2.87860974 2.933037   3.00305688 2.70958486
 2.68996354 2.79691799 2.84301651 2.78606786 2.75943237 2.90515936
 3.00702344 3.06277512 3.16758327 3.32258894 3.46241432 3.39890818
 3.27977123 3.39771793 3.39819745 3.4626448  3.5513149  3.30167301
 3.3550676  3.49907384 3.6644766  3.8283204  3.97167305 4.01586603
 4.05723014 4.00530234 4.18821614 4.28761976 4.45196402 4.5499513
 4.50659461 4.47509833 4.61155134 4.73557911 4.84719488 4.85605862
 4.29459173 4.28213126 4.2167354  4.19843028 4.22933351 3.87643248
 3.85217441 3.8967085  3.61985986 3.62605269 3.57446546 3.31199365
 3.2812077  3.28371094 3.17228162 3.03023538 2.95124961 2.72054049
 2.53960694 2.23453058 2.19169066 1.98924166 1.83343555 1.74567174
 1.54382064 1.30343876 1.20208816 1.00379037 0.63464465 0.5209332
 0.38677139 0.26048875]
Advants:
[2.9877989  3.0055611  3.02192987 3.04491806 2.74568024 2.82500353
 2.84368388 2.53628951 2.52025365 2.29210253 2.30177674 2.21170797
 1.96112582 1.80393379 1.74259809 1.74628909 1.75114289 1.75390607
 1.67966205 1.72388399 1.62966175 1.66579615 1.73805539 1.82887896
 1.84494631 1.63773413 1.70011886 1.51449079 1.49167723 1.50673188
 1.53570382 1.61960979 1.63739582 1.65086363 1.74879011 1.826884
 1.87801102 1.98265194 1.94916385 2.0354675  2.13268834 1.77674169
 1.65164885 1.63381413 1.21656932 1.25431628 1.19466008 0.85952771
 0.92340072 0.98837899 1.00437777 1.033716   1.09001317 1.01741658
 0.99162373 0.85754781 0.74802955 0.7371404  0.78604236 0.81109719
 0.85836514 0.86367094 0.89124862 0.93813795 0.94002036 0.96666591
 1.0405617  1.07382333 1.09773942 1.14798134 1.15354884 1.16983718
 1.13195391 1.18419968 1.18177271 1.16530411 1.01573914 1.09128672
 0.99004111 0.83017501 0.76381878 0.80631951 0.72825865 0.69754644
 0.72935783 0.60845805 0.65561539 0.64724584 0.74379852 0.63921913
 0.73897802 0.65621641 0.70471024 0.79633111 0.93333416 0.83735133
 0.53024177 0.51429337 0.65143995 0.79894989 0.9396232  1.07568056
 1.18258792 1.31975038 1.3229201  1.19379767 1.25174013 1.32837359
 1.40847087 1.2248955  1.23539701 1.12560234 1.20290734 1.29478794
 1.39593411 1.22485185 1.27193479 1.10591116 1.18101053 0.96586282
 1.02884824 1.03644975 0.9529409  0.96445732 0.84785157 0.78114561
 0.88812432 1.01183911 1.10423825 1.16779177 1.24909077 0.98388826
 0.95514899 1.0434122  1.06469851 0.95508115 0.885108   1.01308984
 1.10250385 1.13678193 1.22471394 1.37847157 1.52791169 1.44453654
 1.28655061 1.3883706  1.35854318 1.42863998 1.50157131 1.21155527
 1.23928259 1.3718654  1.53115349 1.67475643 1.82731414 1.84191819
 1.8609298  1.77377299 1.94887451 2.06315075 2.23915652 2.35390925
 2.34135389 2.3072313  2.46720629 2.62853203 2.77497129 2.84501673
 2.30794775 2.33623312 2.31713853 2.34851936 2.44313977 2.13260436
 2.14600188 2.2459014  2.00504352 2.06092152 2.05539645 1.86830259
 1.89309682 1.96093113 1.90362184 1.84440579 1.8304599  1.65671709
 1.54155751 1.27406408 1.2866905  1.1583001  1.07831827 1.05250719
 0.93070104 0.77252719 0.75691596 0.61685423 0.34300443 0.30195729
 0.24183035 0.1959573 ]
Mus:
[[-1.68820042e-02 -5.63541241e-03]
 [-1.74521878e-02 -6.10122085e-03]
 [-1.66219547e-02 -5.41635277e-03]
 [-1.74087007e-02 -6.15951000e-03]
 [-1.62673574e-02 -5.13821933e-03]
 [-1.62437744e-02 -5.06752590e-03]
 [-1.68541968e-02 -5.66282682e-03]
 [-1.56369060e-02 -4.60132351e-03]
 [-1.52830342e-02 -4.50482033e-03]
 [-1.49414483e-02 -3.98560893e-03]
 [-1.53210238e-02 -4.29552235e-03]
 [-1.66714638e-02 -4.70056571e-03]
 [-1.89912673e-02 -5.23386151e-03]
 [-1.92339066e-02 -5.68674086e-03]
 [-1.91166960e-02 -6.42640982e-03]
 [-2.04247404e-02 -7.31536560e-03]
 [-2.18595471e-02 -8.32882244e-03]
 [-2.34122649e-02 -9.03364364e-03]
 [-2.52338890e-02 -9.63441934e-03]
 [-2.54439395e-02 -9.77133866e-03]
 [-2.42655221e-02 -9.33200587e-03]
 [-2.39131041e-02 -9.51600447e-03]
 [-2.46503111e-02 -9.88300890e-03]
 [-2.48782858e-02 -1.00734625e-02]
 [-2.68559791e-02 -1.10450108e-02]
 [-3.10088210e-02 -1.26322722e-02]
 [-3.03181782e-02 -1.22700371e-02]
 [-2.97295917e-02 -1.15245190e-02]
 [-3.11729927e-02 -1.21137798e-02]
 [-3.03168520e-02 -1.20339673e-02]
 [-3.11447103e-02 -1.25486152e-02]
 [-3.09639052e-02 -1.26645025e-02]
 [-3.16910706e-02 -1.33133177e-02]
 [-2.81624198e-02 -1.17015885e-02]
 [-2.69336700e-02 -1.11376047e-02]
 [-2.43653432e-02 -9.90399066e-03]
 [-2.11492497e-02 -8.28395411e-03]
 [-1.77487954e-02 -6.95509976e-03]
 [-1.35124810e-02 -4.89776907e-03]
 [-9.77038499e-03 -3.58046335e-03]
 [-4.71113436e-03 -1.44177454e-03]
 [ 5.97642362e-03  2.71434151e-03]
 [-1.04271062e-02 -6.01459201e-03]
 [-1.03760511e-02 -6.20373385e-03]
 [-4.77399025e-03 -3.03562335e-03]
 [-3.47167091e-03 -2.26730923e-03]
 [-1.66366331e-03 -1.38641987e-03]
 [-2.49570818e-03 -1.56364532e-03]
 [-4.75178519e-03 -2.70873122e-03]
 [-6.39781775e-03 -3.47671262e-03]
 [-4.12678113e-03 -2.19550147e-03]
 [-2.49785022e-03 -1.16957165e-03]
 [-2.04614480e-03 -7.45219178e-04]
 [-2.97265500e-03 -1.47501996e-03]
 [-1.17047620e-03 -5.67449548e-04]
 [ 1.26118062e-03  1.08586380e-03]
 [ 1.50379245e-04 -3.19965096e-04]
 [-1.47583347e-03 -1.13930192e-03]
 [-2.41030683e-03 -1.69869279e-03]
 [-4.02535824e-03 -2.54216651e-03]
 [-2.67025689e-03 -1.90288946e-03]
 [-1.86341745e-03 -1.38516561e-03]
 [-4.10854630e-03 -2.59497645e-03]
 [-2.56145815e-03 -1.85068627e-03]
 [-1.06558895e-04 -4.70577041e-04]
 [-2.32369150e-03 -1.73180946e-03]
 [-2.44016293e-03 -1.79387408e-03]
 [-9.51763825e-04 -1.16700085e-03]
 [ 1.92357285e-03  3.35859542e-04]
 [ 2.05119560e-03  9.24744963e-05]
 [ 5.73904079e-04 -7.46100908e-04]
 [-1.45308522e-03 -1.82793057e-03]
 [ 1.21698552e-03 -3.19101353e-04]
 [ 7.65972771e-04 -4.39170777e-04]
 [ 3.50247952e-03  1.19304773e-03]
 [ 2.03163345e-05 -8.14995612e-04]
 [-1.26440136e-03 -1.76340423e-03]
 [-1.39312726e-03 -2.00018822e-03]
 [-5.61037706e-03 -4.28031571e-03]
 [-5.78580005e-03 -4.94772242e-03]
 [-6.55030739e-03 -5.85516635e-03]
 [-6.96893921e-03 -6.10508723e-03]
 [-3.92302871e-03 -3.99198197e-03]
 [-6.65760483e-04 -2.04233523e-03]
 [ 3.00556654e-03  3.26638065e-06]
 [ 6.57546381e-03  1.99596351e-03]
 [ 8.95035733e-03  3.53343086e-03]
 [ 1.04415836e-02  4.42484813e-03]
 [ 9.16120131e-03  3.55460541e-03]
 [ 1.12384586e-02  5.10312710e-03]
 [ 9.98455938e-03  4.38380009e-03]
 [ 1.18301995e-02  5.85261360e-03]
 [ 1.23526473e-02  6.44394243e-03]
 [ 1.25873694e-02  6.82721380e-03]
 [ 1.09688574e-02  5.84677653e-03]
 [ 1.29235415e-02  7.38014327e-03]
 [ 1.41031137e-02  8.74645542e-03]
 [ 1.22204311e-02  8.48903507e-03]
 [ 1.10421376e-02  7.85282720e-03]
 [ 9.96701699e-03  7.16494117e-03]
 [ 9.20914207e-03  6.83051301e-03]
 [ 8.48507322e-03  6.14670152e-03]
 [ 7.26567581e-03  5.76490490e-03]
 [ 5.96031547e-03  5.10183955e-03]
 [ 4.59694583e-03  4.98354994e-03]
 [ 3.08371824e-03  3.63523280e-03]
 [ 3.81816900e-03  3.43268062e-03]
 [ 4.67809383e-03  3.41437617e-03]
 [ 4.94401902e-03  3.14399926e-03]
 [ 3.93693289e-03  1.93060865e-03]
 [ 1.48056052e-03  2.89551477e-04]
 [-1.92603061e-03 -1.72363885e-03]
 [-1.10298384e-03 -1.32286223e-03]
 [-6.68383553e-04 -1.10418443e-03]
 [ 4.77209642e-06 -8.36532970e-04]
 [ 2.81455903e-03  9.19469283e-04]
 [ 1.90491602e-03  4.66897123e-04]
 [-1.37775904e-03 -1.52802211e-03]
 [ 6.36588666e-04 -5.80342312e-04]
 [-9.71468631e-04 -1.78315141e-03]
 [-1.61955552e-03 -2.07924889e-03]
 [-5.35959261e-04 -1.54896744e-03]
 [-9.66577325e-04 -1.86686870e-03]
 [-1.80579210e-03 -2.62142043e-03]
 [-5.03628282e-03 -4.46335087e-03]
 [-2.34049279e-03 -2.80357106e-03]
 [-1.83880760e-03 -2.58191186e-03]
 [-7.53600849e-04 -2.02698703e-03]
 [ 2.86354101e-03 -1.35470866e-04]
 [ 3.43237980e-03  1.09009903e-04]
 [ 4.57395473e-03  7.02155754e-04]
 [ 6.16751565e-03  1.51729386e-03]
 [ 4.97905631e-03  1.03728462e-03]
 [ 6.37512421e-03  2.28763488e-03]
 [ 4.05647466e-03  1.20920979e-03]
 [ 5.06614335e-03  1.91351469e-03]
 [ 6.33765012e-03  2.71021947e-03]
 [ 5.68438182e-03  2.80677713e-03]
 [ 2.25679390e-03  1.25786057e-03]
 [-3.76635493e-04 -1.06833022e-05]
 [ 1.02531386e-03  1.10976445e-03]
 [-2.98266736e-04  8.64512112e-04]
 [-2.65026349e-03  1.17508453e-05]
 [ 2.47962744e-04  2.04509241e-03]
 [ 1.98449925e-04  2.05066754e-03]
 [-1.36004746e-04  2.03711935e-03]
 [ 3.63632978e-04  2.46263877e-03]
 [ 2.23562564e-03  3.52067524e-03]
 [ 1.07974047e-03  2.85473932e-03]
 [-2.32433272e-03  1.00104674e-03]
 [-5.69278048e-03 -9.00918385e-04]
 [-8.55939649e-03 -2.39585200e-03]
 [-1.13921650e-02 -3.81164369e-03]
 [-1.33375656e-02 -4.46731877e-03]
 [-1.66930333e-02 -6.16600644e-03]
 [-1.77865904e-02 -6.26891013e-03]
 [-1.83537602e-02 -6.23130240e-03]
 [-1.72773656e-02 -5.50440326e-03]
 [-1.72943920e-02 -5.58691658e-03]
 [-1.89300813e-02 -6.68078708e-03]
 [-1.96200721e-02 -7.13436538e-03]
 [-1.97929461e-02 -7.41851470e-03]
 [-1.99016538e-02 -7.79367192e-03]
 [-1.80918649e-02 -6.59091957e-03]
 [-1.76680367e-02 -6.41591800e-03]
 [-1.65922325e-02 -5.94135979e-03]
 [-1.58629082e-02 -5.56044327e-03]
 [-1.50604518e-02 -5.17238257e-03]
 [-9.93327703e-03 -1.94545544e-03]
 [-8.37270170e-03 -1.10065588e-03]
 [-7.36931805e-03 -5.78075473e-04]
 [-7.07133906e-03 -3.77343444e-04]
 [-7.96663202e-03 -8.42235051e-04]
 [-1.10038240e-02 -2.22642999e-03]
 [-1.00264652e-02 -1.62226451e-03]
 [-1.07400948e-02 -1.93108781e-03]
 [-7.43678212e-03 -2.01372401e-04]
 [-7.13182101e-03 -1.60546024e-05]
 [-6.19847374e-03  5.09885023e-04]
 [-8.10545404e-03 -5.96341968e-04]
 [-8.03718064e-03 -4.98663518e-04]
 [-8.56435765e-03 -7.41242198e-04]
 [-7.57314870e-03 -1.46437887e-04]
 [-7.60089373e-03 -3.11084528e-04]
 [-7.54943630e-03 -1.88473598e-04]
 [-7.14896712e-03  2.09456761e-04]
 [-9.03077144e-03 -8.09512334e-04]
 [-9.77591053e-03 -8.31296435e-04]
 [-1.02700926e-02 -1.04543183e-03]
 [-9.10415966e-03 -6.66818931e-04]
 [-1.01503776e-02 -1.48025306e-03]
 [-1.11053139e-02 -1.93320692e-03]
 [-1.04496572e-02 -1.69297750e-03]
 [-9.52112861e-03 -1.42941612e-03]
 [-1.14561478e-02 -2.43722834e-03]
 [-1.30460812e-02 -2.84836930e-03]
 [-1.50360297e-02 -4.27430775e-03]
 [-1.58759989e-02 -4.63825138e-03]
 [-1.78982448e-02 -5.61689585e-03]
 [-1.89741571e-02 -6.19591353e-03]]
Actions:
[[-2.84594622e-02  2.57554521e-01]
 [ 1.26990781e-01 -1.95536875e-01]
 [-1.83318555e-01  2.57156166e-01]
 [ 5.23393444e-01  1.09740716e-01]
 [-3.52293081e-02  2.29589800e-02]
 [-3.41547239e-01  5.91408318e-02]
 [ 1.29291467e-02 -5.98347945e-01]
 [-1.88499702e-01 -2.38037536e-01]
 [ 6.80216204e-02 -4.86162389e-01]
 [-7.21580028e-02 -1.27341429e-01]
 [ 9.96351885e-02 -2.60037634e-01]
 [ 4.06327743e-01 -1.28460336e-01]
 [-3.41733713e-01 -3.39150737e-01]
 [-3.84916612e-01  3.50932989e-02]
 [-4.76779851e-02  9.63447440e-02]
 [-1.52600999e-01  1.46585049e-01]
 [ 7.00179825e-02  7.34467587e-02]
 [ 2.18889307e-01  9.39592783e-02]
 [-1.19489063e-02 -1.04738943e-01]
 [-7.32982592e-02 -3.89664082e-01]
 [-2.91728091e-01 -9.55823366e-02]
 [-4.29172637e-02  9.40703828e-03]
 [-8.90107480e-02 -6.38273078e-02]
 [-1.17069297e-01  2.54561058e-01]
 [ 1.25042380e-01  4.63960766e-01]
 [ 6.88377536e-02 -1.08432746e-01]
 [ 4.01077684e-01 -1.57510472e-01]
 [ 7.81797198e-02  2.43297307e-01]
 [-3.40948114e-01 -2.14842077e-01]
 [-6.02324159e-02  2.06102810e-01]
 [-2.51816222e-01 -8.26657635e-02]
 [-3.79224260e-01  5.67160934e-02]
 [-3.70677778e-04 -3.39367880e-01]
 [ 3.79908644e-02  7.79558332e-03]
 [-3.62373652e-03 -2.22516467e-01]
 [ 6.75956482e-02 -2.60379627e-01]
 [-2.07667075e-01 -1.08004900e-01]
 [ 3.22496250e-01 -9.30449392e-02]
 [-2.51676849e-01 -1.01759741e-01]
 [ 5.43752019e-02 -1.22715700e-01]
 [-5.45877647e-01 -4.84018761e-01]
 [ 1.69643290e-01  2.08625766e-01]
 [ 2.12967820e-01 -2.20643043e-01]
 [ 6.50806382e-01 -1.10315633e-01]
 [ 1.89980518e-01  3.75543212e-02]
 [-4.47387073e-02 -4.12362193e-01]
 [ 3.74837920e-01  4.35057983e-01]
 [-1.77856487e-01  1.56114705e-02]
 [-2.31820138e-02  1.07752990e-01]
 [ 5.31775300e-02 -2.92814534e-01]
 [ 1.75919045e-01 -1.26358216e-01]
 [ 1.27776970e-01 -5.61655672e-02]
 [-3.97156835e-01 -2.52799399e-01]
 [-1.07742272e-01 -3.57165257e-01]
 [ 1.55226784e-01 -4.27124671e-01]
 [-1.02996336e-01  3.18142825e-01]
 [ 1.10878234e-01  8.96686834e-02]
 [-1.24489888e-01 -7.43371443e-02]
 [-5.01638649e-02  1.58767231e-01]
 [-5.98459615e-02 -1.88804367e-01]
 [ 1.74322684e-01  7.24081574e-02]
 [-1.38382452e-01  1.45836904e-01]
 [-6.27673124e-02 -2.19316575e-01]
 [ 2.08228608e-01 -1.05308734e-01]
 [-1.63415478e-01  1.62370744e-01]
 [ 9.33376092e-03  4.99586780e-02]
 [-1.54324695e-01 -2.67414601e-01]
 [ 1.06642266e-01 -2.21261527e-01]
 [-2.30099894e-01 -4.35168917e-02]
 [-3.40744329e-02 -2.64415582e-01]
 [-5.73831280e-02  2.58509719e-01]
 [ 3.13911486e-01  3.05977284e-02]
 [ 1.10955969e-01  1.45050326e-01]
 [ 2.40575774e-01 -1.75235035e-01]
 [-3.68464057e-01  9.25001582e-02]
 [-4.96985438e-01 -2.43316653e-01]
 [-2.19140725e-01 -3.72237234e-02]
 [-1.84665326e-01  3.94126245e-01]
 [-5.59528273e-01 -1.02189683e-01]
 [-3.81673374e-01  2.04421860e-01]
 [-1.33622859e-02  2.42075314e-01]
 [ 3.84659534e-01 -6.05530119e-02]
 [ 3.17516279e-01  9.59581833e-02]
 [ 4.69413226e-02 -2.89181375e-01]
 [ 3.90768591e-01  2.10918549e-01]
 [ 2.28434534e-01 -4.88861860e-02]
 [-8.86571861e-02 -3.51282436e-01]
 [-1.86155121e-01  1.00013546e-01]
 [ 4.24445881e-01  8.57306144e-02]
 [-5.80412724e-02  1.63571954e-01]
 [ 4.15545824e-01 -3.83808838e-02]
 [ 2.45812096e-01 -1.56041554e-02]
 [ 1.92661329e-01 -2.53786928e-02]
 [-1.74617619e-01  2.56709427e-02]
 [ 4.05425116e-01 -2.13484103e-01]
 [ 5.97735805e-01 -1.68696103e-01]
 [ 1.92532634e-01 -3.23925448e-01]
 [ 8.54635540e-03  5.59918409e-02]
 [-1.08240000e-01 -6.51120640e-02]
 [ 9.07362623e-02 -1.32231573e-02]
 [-1.77443828e-01 -1.17649038e-01]
 [ 1.31282100e-01 -1.73292565e-01]
 [-6.76261467e-02 -2.08781898e-01]
 [ 2.36920718e-01 -2.92741992e-01]
 [-5.16973577e-01 -2.19058813e-01]
 [-2.77918035e-01 -1.26189816e-02]
 [-1.12564644e-01  9.74874163e-02]
 [-3.24855141e-02  6.03064073e-02]
 [ 1.45169782e-01 -4.37250698e-01]
 [-3.22158210e-01 -9.01755466e-02]
 [-4.93203481e-01 -1.07981980e-01]
 [ 7.59710097e-03 -1.33262740e-01]
 [ 3.34408391e-02  1.95107157e-02]
 [-8.19368261e-02 -1.35204057e-01]
 [ 4.48453013e-01 -1.33927020e-01]
 [ 5.73575495e-02  1.73658144e-01]
 [-5.58937096e-01 -1.18165200e-01]
 [-2.76525916e-02 -1.85497604e-01]
 [-4.29621449e-01 -3.85492545e-01]
 [ 3.88449907e-02  6.89581442e-02]
 [ 1.99202335e-02 -2.70958457e-01]
 [-1.90081743e-01 -3.88238369e-01]
 [-3.31153983e-01 -3.15039765e-02]
 [-1.23401672e-01  4.31325784e-01]
 [ 3.49313508e-01  5.56024983e-02]
 [-5.24152760e-02  1.23348175e-02]
 [-2.78146016e-02 -2.26753544e-02]
 [ 8.75422379e-02 -1.70816020e-01]
 [-2.29257043e-01 -2.10181789e-01]
 [-2.03375922e-01 -2.01123271e-01]
 [-5.08711136e-01 -4.34419901e-01]
 [-4.18978137e-01  1.20169855e-02]
 [ 9.42141102e-02 -1.85028094e-01]
 [-1.28314297e-01  3.21507814e-01]
 [ 4.08038125e-01  1.69863927e-01]
 [ 2.96623971e-01  2.98873377e-01]
 [ 1.83758747e-02 -7.19754858e-02]
 [-1.30496549e-01  2.12978802e-01]
 [ 2.97668609e-03  3.33427971e-01]
 [ 2.00324868e-01 -1.28402501e-01]
 [-3.22393912e-02 -1.05312611e-01]
 [-1.71301129e-01 -9.04654239e-02]
 [ 3.54539193e-01 -2.97357541e-01]
 [ 3.26270482e-01  3.85578717e-01]
 [ 1.38860350e-01  7.97600206e-02]
 [ 3.43447192e-01  1.43886285e-01]
 [ 1.00860939e-01 -2.93469855e-01]
 [ 5.16853752e-02  2.47228338e-01]
 [ 9.59141946e-02  6.22581029e-01]
 [-7.01616567e-02  3.45548589e-01]
 [-1.46468382e-01  1.37529683e-01]
 [-1.57503514e-01  4.26900586e-02]
 [ 1.13208445e-01  1.01822747e-01]
 [-2.67921705e-01 -1.94057609e-02]
 [ 2.80779858e-01  2.15747101e-01]
 [ 2.16825329e-01 -2.83166794e-01]
 [ 3.86067654e-01  2.25077793e-01]
 [ 2.81021966e-02 -1.48877159e-02]
 [-3.45749308e-01  6.79086939e-02]
 [-1.52568002e-01  1.47125523e-01]
 [-2.16993397e-01  2.70997304e-01]
 [-4.41486557e-01 -2.40046197e-01]
 [ 2.81222862e-01 -2.36580355e-01]
 [-8.18539280e-02  9.25548016e-02]
 [-1.38178291e-01 -3.99960002e-02]
 [ 9.09153435e-03  1.74702929e-01]
 [-2.76429322e-01 -2.23983184e-01]
 [ 4.04466532e-01 -6.42616185e-01]
 [-3.56886144e-02 -2.74929631e-01]
 [-7.30921947e-02 -3.25329296e-01]
 [-4.77495550e-02 -2.56002548e-01]
 [-2.09835422e-01 -9.34644334e-02]
 [ 3.68645014e-02  6.62374511e-01]
 [ 2.03872721e-01 -2.86023831e-02]
 [-7.90124458e-02  7.00765816e-02]
 [ 3.39522051e-01 -3.52278187e-01]
 [ 6.49446578e-02 -2.41770787e-02]
 [ 2.09241978e-01 -2.84370792e-02]
 [-5.59738410e-01 -1.08777893e-01]
 [ 4.90723047e-02 -8.69848080e-02]
 [-6.53954116e-02 -4.87427237e-02]
 [ 2.48009347e-01 -1.39760127e-01]
 [-2.43450931e-01 -2.89151974e-01]
 [ 1.83097617e-01 -1.21231932e-01]
 [ 3.48504391e-01 -2.03485471e-01]
 [-1.17524083e-01  4.32418017e-01]
 [ 4.47138622e-01  1.64114263e-01]
 [ 6.75758672e-02  1.41272907e-01]
 [-1.53549911e-01 -3.54195400e-01]
 [-3.33197515e-01  2.41109189e-01]
 [ 2.24928351e-02  2.20817420e-01]
 [-1.58937742e-01 -3.44136077e-01]
 [-1.15025320e-01 -3.83360567e-01]
 [-2.11575777e-01  6.87388596e-02]
 [ 2.67079850e-01  1.84486215e-01]
 [-5.68509885e-01  8.53505751e-02]
 [ 9.06028642e-03 -9.02058928e-03]
 [-7.29756778e-02  1.71908158e-01]
 [-1.26909791e-01 -1.10769503e-03]
 [-1.34379565e-01  3.84492697e-01]]
States:
[[0.99872372 0.9996413  0.54585993 0.51822644 0.51331947 0.59722627]
 [0.9987632  0.99941136 0.54529492 0.52334603 0.50599393 0.66472282]
 [0.99866155 0.99905617 0.54673221 0.52955703 0.53872454 0.6121302 ]
 ...
 [0.55377989 0.89313934 1.         0.20134947 0.33503224 0.4945605 ]
 [0.58230561 0.88532118 1.         0.19186324 0.31982382 0.54164902]
 [0.61387163 0.87972258 1.         0.18534819 0.2910992  0.54246986]]
Logstds:
[[-3. -3.]
 [-3. -3.]
 [-3. -3.]
 [-3. -3.]
 [-3. -3.]
 [-3. -3.]
 [-3. -3.]
 [-3. -3.]
 [-3. -3.]
 [-3. -3.]
 [-3. -3.]
 [-3. -3.]
 [-3. -3.]
 [-3. -3.]
 [-3. -3.]
 [-3. -3.]
 [-3. -3.]
 [-3. -3.]
 [-3. -3.]
 [-3. -3.]
 [-3. -3.]
 [-3. -3.]
 [-3. -3.]
 [-3. -3.]
 [-3. -3.]
 [-3. -3.]
 [-3. -3.]
 [-3. -3.]
 [-3. -3.]
 [-3. -3.]
 [-3. -3.]
 [-3. -3.]
 [-3. -3.]
 [-3. -3.]
 [-3. -3.]
 [-3. -3.]
 [-3. -3.]
 [-3. -3.]
 [-3. -3.]
 [-3. -3.]
 [-3. -3.]
 [-3. -3.]
 [-3. -3.]
 [-3. -3.]
 [-3. -3.]
 [-3. -3.]
 [-3. -3.]
 [-3. -3.]
 [-3. -3.]
 [-3. -3.]
 [-3. -3.]
 [-3. -3.]
 [-3. -3.]
 [-3. -3.]
 [-3. -3.]
 [-3. -3.]
 [-3. -3.]
 [-3. -3.]
 [-3. -3.]
 [-3. -3.]
 [-3. -3.]
 [-3. -3.]
 [-3. -3.]
 [-3. -3.]
 [-3. -3.]
 [-3. -3.]
 [-3. -3.]
 [-3. -3.]
 [-3. -3.]
 [-3. -3.]
 [-3. -3.]
 [-3. -3.]
 [-3. -3.]
 [-3. -3.]
 [-3. -3.]
 [-3. -3.]
 [-3. -3.]
 [-3. -3.]
 [-3. -3.]
 [-3. -3.]
 [-3. -3.]
 [-3. -3.]
 [-3. -3.]
 [-3. -3.]
 [-3. -3.]
 [-3. -3.]
 [-3. -3.]
 [-3. -3.]
 [-3. -3.]
 [-3. -3.]
 [-3. -3.]
 [-3. -3.]
 [-3. -3.]
 [-3. -3.]
 [-3. -3.]
 [-3. -3.]
 [-3. -3.]
 [-3. -3.]
 [-3. -3.]
 [-3. -3.]
 [-3. -3.]
 [-3. -3.]
 [-3. -3.]
 [-3. -3.]
 [-3. -3.]
 [-3. -3.]
 [-3. -3.]
 [-3. -3.]
 [-3. -3.]
 [-3. -3.]
 [-3. -3.]
 [-3. -3.]
 [-3. -3.]
 [-3. -3.]
 [-3. -3.]
 [-3. -3.]
 [-3. -3.]
 [-3. -3.]
 [-3. -3.]
 [-3. -3.]
 [-3. -3.]
 [-3. -3.]
 [-3. -3.]
 [-3. -3.]
 [-3. -3.]
 [-3. -3.]
 [-3. -3.]
 [-3. -3.]
 [-3. -3.]
 [-3. -3.]
 [-3. -3.]
 [-3. -3.]
 [-3. -3.]
 [-3. -3.]
 [-3. -3.]
 [-3. -3.]
 [-3. -3.]
 [-3. -3.]
 [-3. -3.]
 [-3. -3.]
 [-3. -3.]
 [-3. -3.]
 [-3. -3.]
 [-3. -3.]
 [-3. -3.]
 [-3. -3.]
 [-3. -3.]
 [-3. -3.]
 [-3. -3.]
 [-3. -3.]
 [-3. -3.]
 [-3. -3.]
 [-3. -3.]
 [-3. -3.]
 [-3. -3.]
 [-3. -3.]
 [-3. -3.]
 [-3. -3.]
 [-3. -3.]
 [-3. -3.]
 [-3. -3.]
 [-3. -3.]
 [-3. -3.]
 [-3. -3.]
 [-3. -3.]
 [-3. -3.]
 [-3. -3.]
 [-3. -3.]
 [-3. -3.]
 [-3. -3.]
 [-3. -3.]
 [-3. -3.]
 [-3. -3.]
 [-3. -3.]
 [-3. -3.]
 [-3. -3.]
 [-3. -3.]
 [-3. -3.]
 [-3. -3.]
 [-3. -3.]
 [-3. -3.]
 [-3. -3.]
 [-3. -3.]
 [-3. -3.]
 [-3. -3.]
 [-3. -3.]
 [-3. -3.]
 [-3. -3.]
 [-3. -3.]
 [-3. -3.]
 [-3. -3.]
 [-3. -3.]
 [-3. -3.]
 [-3. -3.]
 [-3. -3.]
 [-3. -3.]
 [-3. -3.]
 [-3. -3.]
 [-3. -3.]
 [-3. -3.]]
