Baseline:
[1.3318636  1.3617798  1.3605196  1.3391731  1.3611449  1.3654845
 1.3609385  1.3705742  1.3604285  1.3542628  1.336215   1.3291584
 1.347211   1.3595123  1.3934108  1.4000233  1.3644257  1.3618917
 1.365412   1.3923761  1.3781978  1.3326228  1.3237883  1.3190739
 1.3064241  1.3127586  1.2898798  1.2701133  1.2664485  1.2329961
 1.2321006  1.228251   1.2058281  1.194746   1.1738255  1.1976864
 1.1978414  1.2131338  1.1779082  1.149187   1.1481876  1.1650686
 1.1553377  1.1641109  1.1312959  1.1140423  1.1003721  1.0581288
 1.0602939  1.0310886  1.015551   1.009254   0.9962062  0.99366564
 1.0073103  1.003268   0.99583113 0.9756164  0.99814934 1.0224121
 1.0409454  1.0648918  1.0962698  1.0911546  1.1023383  1.1234082
 1.1269368  1.1232247  1.1313815  1.1122434  1.1312573  1.1247101
 1.1243114  1.1570938  1.186465   1.219096   1.2119156  1.2308767
 1.2639946  1.2609336  1.2677991  1.2536737  1.2682354  1.2767726
 1.2933197  1.3089473  1.295124   1.332137   1.326859   1.3122762
 1.3345253  1.324337   1.3369422  1.3321673  1.3230997  1.3405148
 1.3203102  1.3035427  1.29166    1.266517   1.2669406  1.2551091
 1.2372899  1.2408705  1.2415311  1.2261577  1.2372859  1.2471886
 1.2594501  1.251848   1.2726798  1.263278   1.279377   1.2949221
 1.3030565  1.3209699  1.2940781  1.2909374  1.2964203  1.2965547
 1.2561102  1.2460986  1.2627258  1.2564061  1.2816305  1.3041301
 1.2918224  1.2815802  1.2932675  1.3093086  1.3129201  1.322413
 1.3281354  1.356931   1.3588321  1.3587434  1.3680866  1.3777293
 1.3957283  1.3841262  1.3934274  1.3935552  1.4099826  1.4226248
 1.4085896  1.3907216  1.3986616  1.3656626  1.3373046  1.3168094
 1.2950716  1.298136   1.2805164  1.2568426  1.2534447  1.227602
 1.223104   1.2388649  1.2109373  1.1781528  1.1746737  1.155198
 1.1317878  1.1197096  1.1301985  1.0988579  1.0945415  1.106539
 1.1281615  1.1308197  1.1404144  1.1625351  1.1458344  1.1800058
 1.1436362  1.1656895  1.1623067  1.1787711  1.1690501  1.1730342
 1.1708525  1.1729336  1.1805103  1.1916518  1.1807371  1.1910328
 1.2023678  1.1746553  1.1508977  1.1613157  1.1577296  1.1657561
 1.1430609  1.1582311  1.1790751  1.173537   1.1601511  1.1634498
 1.171721   1.1913536  1.1913536 ]
Returns:
[6.70854135 6.61020707 6.62993757 6.58186982 6.47996468 6.49520187
 6.56269618 6.57810326 6.62258659 6.68308971 6.68146915 6.69244714
 6.68426973 6.60163817 6.38568493 6.41009841 6.24544097 6.13258561
 6.15905143 6.08127874 6.08440795 5.87839857 5.87382276 5.89831284
 5.88158592 5.86646127 5.68108686 5.45549232 5.34382093 5.14835897
 5.1027218  5.0106918  4.84311347 4.77834713 4.73075508 4.57260206
 4.53336794 4.37116282 4.2266598  4.06010204 3.9495384  3.77877561
 3.70057129 3.56562842 3.33180278 3.30602846 3.29845106 3.05026104
 3.04963064 2.97387253 2.94028118 3.00988187 3.07467212 3.17338054
 3.22219904 3.32589916 3.44124748 3.51667879 3.38696189 3.44845522
 3.52814484 3.66256783 3.73225161 3.82078177 3.99085967 4.02940059
 4.22193427 4.42578536 4.09780007 3.75316751 3.82143561 4.02357282
 4.22507978 4.32710526 4.33146236 4.41657102 4.56607078 4.75405898
 4.8399145  5.00007259 5.15114056 5.17271511 5.34814525 5.52977123
 5.70513671 5.85316846 5.74460064 5.67368036 5.74540545 5.79266622
 5.81121278 5.83682145 5.73388823 5.81657041 5.90579869 5.843895
 5.86431184 5.91372396 5.93102218 5.93624373 5.96487675 6.02829642
 6.08163427 6.08747214 6.12019928 5.79804893 5.80623704 5.83241199
 5.81119021 5.80810477 5.7714396  5.66503473 5.57260935 5.55015607
 5.54606495 5.51677024 5.41072644 5.42157187 5.43734886 5.46690039
 5.04538314 5.00312355 5.03152141 4.76435169 4.52104502 4.46012026
 4.37509913 4.28295168 4.28975547 4.2212662  4.0532981  4.06014698
 4.08559503 3.89870771 3.94289948 3.97107584 3.99011857 4.01352087
 3.99381343 3.90179524 3.51945787 3.46741751 3.41598865 3.36849899
 3.25222926 3.24128209 3.15665162 3.02811636 3.01663388 3.03779239
 3.0701803  2.91448417 2.90663867 2.96331203 2.97177579 2.97699365
 2.98431507 2.81505412 2.83774608 2.84385546 2.79856264 2.86026408
 2.92680133 2.99753893 2.94533683 2.93937101 2.95841652 2.62915467
 2.49636121 2.5340625  2.59876352 2.57903336 2.52823992 2.18305558
 1.75020839 1.60475377 1.59314659 1.54518258 1.56207336 1.56918275
 1.60449354 1.64797204 1.64629509 1.66813011 1.6342995  1.64705563
 1.66138034 1.55864426 1.43062563 1.43499457 1.47376706 1.41467787
 1.07729787 0.99312203 0.80022995 0.60590595 0.52859514 0.47093936
 0.31361697 0.16206107]
Advants:
[3.59952452 3.48220596 3.51570883 3.50173933 3.3878691  3.40996301
 3.49638129 3.51793406 3.59137846 3.68052726 3.72185766 3.7674746
 3.77036533 3.70409792 3.4776261  3.52134916 3.41642837 3.32889016
 3.37726937 3.29689362 3.34117264 3.20504563 3.23581403 3.29468972
 3.32268522 3.33536736 3.20489567 3.02745379 2.94691109 2.80969438
 2.79047392 2.72726157 2.60471175 2.57389852 2.57122132 2.40961646
 2.39115684 2.23088205 2.13691494 2.01142989 1.91188077 1.72930187
 1.66420715 1.51971268 1.31164047 1.29519317 1.29287265 1.0714263
 1.05172441 0.98538512 0.94530101 0.99963899 1.05648805 1.13809149
 1.15303401 1.24215399 1.34852781 1.42932264 1.25624765 1.27203059
 1.31180347 1.40249194 1.42050851 1.49503275 1.63809096 1.63891738
 1.81570553 2.01643049 1.66247153 1.30757559 1.32644701 1.50861458
 1.68798896 1.73492293 1.68492562 1.71191494 1.84578106 1.99527849
 2.02845377 2.17549198 2.30659515 2.329184   2.48079972 2.64920084
 2.80784413 2.94415326 2.85071617 2.74086367 2.81816542 2.88224582
 2.88085624 2.92027025 2.80508351 2.89562727 3.00031258 2.92547463
 2.97221474 3.0470812  3.0865916  3.12910453 3.17136972 3.26420137
 3.35663718 3.38205584 3.44024849 3.15233539 3.16977512 3.2086666
 3.19869381 3.22886342 3.19742646 3.12570317 3.04125583 3.02821026
 3.04268521 3.02299189 2.97125072 3.01541529 3.05877697 3.12498853
 2.77205877 2.76935383 2.81354838 2.57981677 2.33240906 2.26932745
 2.21644085 2.15351826 2.1690834  2.10412926 1.9484871  1.96305637
 2.00207161 1.80065094 1.85972687 1.90708107 1.93779603 1.97478685
 1.96112435 1.90431353 1.52617848 1.48705083 1.43124724 1.38233488
 1.28911379 1.30602997 1.22144328 1.13161632 1.15520926 1.20544092
 1.27054947 1.11879716 1.13647873 1.22789198 1.25212929 1.29758035
 1.32538167 1.15198092 1.21677709 1.27225807 1.24715132 1.34896928
 1.46409777 1.57680091 1.5446045  1.60385635 1.66470375 1.35356879
 1.22706759 1.29348742 1.38434765 1.38000202 1.38555502 1.03748975
 0.66270596 0.51355938 0.52500603 0.47993166 0.52836927 0.55527632
 0.61973596 0.69167818 0.71528511 0.76196927 0.77740117 0.82155235
 0.8698768  0.84172954 0.78511357 0.83058124 0.93015515 0.92305311
 0.66376182 0.62145539 0.46300767 0.32838127 0.32125251 0.3200473
 0.21417147 0.10249341]
Mus:
[[-1.60997547e-02 -5.47611807e-03]
 [-1.57923605e-02 -5.11072297e-03]
 [-1.65361762e-02 -5.77740511e-03]
 [-1.58868246e-02 -5.23744943e-03]
 [-1.55129423e-02 -4.67328634e-03]
 [-1.60278454e-02 -5.17651206e-03]
 [-1.58598311e-02 -5.00533404e-03]
 [-1.56113161e-02 -4.66341712e-03]
 [-1.59992296e-02 -5.03370631e-03]
 [-1.59095284e-02 -4.97736828e-03]
 [-1.62771828e-02 -5.49466722e-03]
 [-1.70483552e-02 -6.31656451e-03]
 [-1.76138207e-02 -6.76959753e-03]
 [-1.62967946e-02 -5.79967815e-03]
 [-1.51349464e-02 -4.90205688e-03]
 [-1.54422456e-02 -5.03181200e-03]
 [-1.49614010e-02 -4.59782686e-03]
 [-1.44427260e-02 -3.92778590e-03]
 [-1.45918410e-02 -3.89816891e-03]
 [-1.46235870e-02 -3.85731948e-03]
 [-1.51509847e-02 -4.14559757e-03]
 [-1.50480233e-02 -4.19182889e-03]
 [-1.50420712e-02 -4.51487722e-03]
 [-1.49279861e-02 -4.69993753e-03]
 [-1.45937754e-02 -4.92264517e-03]
 [-1.42952660e-02 -4.81053907e-03]
 [-1.30048525e-02 -4.02420713e-03]
 [-1.20259775e-02 -3.26126954e-03]
 [-1.18943229e-02 -3.03307991e-03]
 [-1.06842015e-02 -3.21114459e-03]
 [-1.13143073e-02 -3.71051021e-03]
 [-1.15204705e-02 -4.47832793e-03]
 [-1.11153759e-02 -4.22405219e-03]
 [-1.04874009e-02 -4.59986599e-03]
 [-9.37741995e-03 -4.68013529e-03]
 [-9.89930704e-03 -5.08249691e-03]
 [-9.71074495e-03 -5.09245042e-03]
 [-1.04319165e-02 -5.01978304e-03]
 [-8.96930601e-03 -4.94514499e-03]
 [-7.12786755e-03 -5.12229232e-03]
 [-6.31521409e-03 -5.55443252e-03]
 [-5.61456708e-03 -4.94933687e-03]
 [-4.07789974e-03 -4.20815637e-03]
 [-4.77785105e-03 -3.97412572e-03]
 [-3.69107910e-03 -3.44992522e-03]
 [-3.16597638e-03 -3.30880354e-03]
 [-2.21962854e-03 -3.05889803e-03]
 [ 9.83611215e-04 -1.96884223e-03]
 [ 1.72977417e-03 -1.69817521e-03]
 [ 4.24070144e-03 -6.28501992e-04]
 [ 5.44948922e-03  3.41417908e-04]
 [ 6.17754832e-03  8.37177853e-04]
 [ 6.73805177e-03  1.46091380e-03]
 [ 6.64939359e-03  1.70699926e-03]
 [ 7.67946150e-03  2.79704225e-03]
 [ 8.61025974e-03  3.70265520e-03]
 [ 1.00671006e-02  4.83446009e-03]
 [ 1.11696552e-02  5.24827931e-03]
 [ 1.44745279e-02  7.59516703e-03]
 [ 1.54079935e-02  8.31348728e-03]
 [ 1.58413667e-02  9.14022513e-03]
 [ 1.64993480e-02  9.35773179e-03]
 [ 1.47431837e-02  6.72948267e-03]
 [ 1.24174394e-02  5.35889994e-03]
 [ 1.23408372e-02  5.39875356e-03]
 [ 1.49280597e-02  7.17798015e-03]
 [ 1.47709781e-02  7.18620466e-03]
 [ 1.35555081e-02  6.56150328e-03]
 [ 9.43724532e-03  3.95634072e-03]
 [-3.92236194e-04 -1.20891957e-03]
 [-2.69991485e-03 -2.12311954e-03]
 [-6.06144173e-03 -3.60113569e-03]
 [-8.46621580e-03 -4.39998740e-03]
 [-8.82863533e-03 -4.00709640e-03]
 [-7.26040686e-03 -2.43345089e-03]
 [-9.08787083e-03 -3.05773737e-03]
 [-1.25391046e-02 -4.76552127e-03]
 [-1.46188485e-02 -5.44232782e-03]
 [-1.71798766e-02 -6.42612344e-03]
 [-2.00622119e-02 -7.78718339e-03]
 [-2.37920862e-02 -9.58746020e-03]
 [-2.64531896e-02 -1.07844798e-02]
 [-2.87648570e-02 -1.17148431e-02]
 [-3.03638801e-02 -1.24467937e-02]
 [-3.16414982e-02 -1.29089728e-02]
 [-3.16554010e-02 -1.26352413e-02]
 [-2.98451670e-02 -1.13819940e-02]
 [-3.11247613e-02 -1.17450897e-02]
 [-3.02196164e-02 -1.12008974e-02]
 [-2.89881099e-02 -1.07807154e-02]
 [-3.03865410e-02 -1.15078976e-02]
 [-2.95209493e-02 -1.17023531e-02]
 [-2.85176393e-02 -1.09149441e-02]
 [-2.75694281e-02 -1.08872773e-02]
 [-2.62518879e-02 -1.05127078e-02]
 [-2.61990838e-02 -1.02522401e-02]
 [-2.46216916e-02 -9.78607591e-03]
 [-2.35473234e-02 -9.60724615e-03]
 [-2.34716441e-02 -1.01065608e-02]
 [-2.17897743e-02 -9.74152517e-03]
 [-2.26736590e-02 -1.04060508e-02]
 [-2.12767366e-02 -1.01070469e-02]
 [-1.92189589e-02 -1.00061893e-02]
 [-1.78165957e-02 -1.02769332e-02]
 [-1.49876568e-02 -9.74400900e-03]
 [-9.28691588e-03 -7.12974090e-03]
 [-7.44740805e-03 -6.68031955e-03]
 [-4.98297345e-03 -5.71261020e-03]
 [-2.89685745e-03 -4.69546858e-03]
 [ 5.99952240e-04 -3.13816243e-03]
 [ 1.56891567e-03 -3.14395595e-03]
 [ 5.63747901e-03 -9.48796631e-04]
 [ 6.92468649e-03  6.21126892e-05]
 [ 7.58029241e-03  4.26920044e-04]
 [ 8.31186119e-03  9.84114129e-04]
 [ 9.05565079e-03  1.08797941e-03]
 [ 1.05952118e-02  2.07314128e-03]
 [ 1.16196284e-02  2.34627095e-03]
 [ 1.24988304e-02  2.54723593e-03]
 [ 1.34821916e-02  2.90007610e-03]
 [ 1.61054898e-02  3.41412891e-03]
 [ 1.78471785e-02  4.02356358e-03]
 [ 1.82098392e-02  4.26669419e-03]
 [ 2.03376040e-02  6.31533237e-03]
 [ 2.06319634e-02  7.48215569e-03]
 [ 2.03495342e-02  7.83743523e-03]
 [ 1.97353084e-02  7.37516768e-03]
 [ 1.91543270e-02  7.24626752e-03]
 [ 1.75852105e-02  6.26414735e-03]
 [ 1.63468905e-02  6.52067875e-03]
 [ 1.46415243e-02  4.92598768e-03]
 [ 1.32210646e-02  4.81386669e-03]
 [ 1.16530526e-02  4.54049278e-03]
 [ 9.90600046e-03  4.77294344e-03]
 [ 8.25848058e-03  4.01661592e-03]
 [ 6.70747506e-03  3.29659763e-03]
 [ 4.85827448e-03  2.43605254e-03]
 [ 3.21778585e-03  2.13298784e-03]
 [ 1.28308416e-03  1.53990544e-03]
 [-9.40426107e-05  4.94113367e-04]
 [ 2.79412576e-04  1.39642390e-03]
 [-5.17537701e-04  1.25454704e-03]
 [-1.47522485e-03  1.09547074e-03]
 [-2.45254068e-03  8.26381147e-04]
 [-3.44714615e-03  6.21198793e-04]
 [-5.68559393e-03 -5.18878107e-04]
 [-7.03941239e-03 -8.39283457e-04]
 [-7.58707384e-03 -1.10496173e-03]
 [-8.67719669e-03 -1.54735812e-03]
 [-1.04764728e-02 -2.19008094e-03]
 [-1.19314594e-02 -2.81885848e-03]
 [-1.39589673e-02 -3.52264382e-03]
 [-1.37959234e-02 -3.32551822e-03]
 [-1.41211636e-02 -3.55784153e-03]
 [-1.47189843e-02 -3.73560516e-03]
 [-1.44505035e-02 -3.60391755e-03]
 [-1.45517793e-02 -3.41496407e-03]
 [-1.47947650e-02 -3.20159341e-03]
 [-1.37519184e-02 -2.95861461e-03]
 [-1.26818949e-02 -2.85969768e-03]
 [-1.24528883e-02 -2.32472271e-03]
 [-1.15131848e-02 -1.95919396e-03]
 [-1.03137167e-02 -1.72268390e-03]
 [-9.41264257e-03 -1.21900602e-03]
 [-8.15869030e-03 -3.11463111e-04]
 [-7.52629340e-03 -1.12564296e-04]
 [-6.83851959e-03  5.49126358e-04]
 [-5.16554201e-03  2.08097557e-03]
 [-2.27094791e-03  3.33887571e-03]
 [-2.97578023e-04  4.39511426e-03]
 [ 1.72750826e-03  5.09604113e-03]
 [ 4.11882810e-03  5.93624869e-03]
 [ 3.86827113e-03  5.40906796e-03]
 [ 5.73509932e-03  5.84764453e-03]
 [ 1.55170111e-03  3.57584353e-03]
 [ 4.05446021e-03  4.85430146e-03]
 [ 2.67640036e-03  4.01166035e-03]
 [ 2.96111801e-03  4.03386727e-03]
 [ 1.59217452e-03  3.24843172e-03]
 [ 2.45232182e-03  3.71917663e-03]
 [ 2.98771658e-03  3.98278888e-03]
 [ 3.57126747e-03  4.25064424e-03]
 [ 5.36894985e-03  5.13741653e-03]
 [ 5.36081754e-03  5.01733832e-03]
 [ 2.86292308e-03  3.52373184e-03]
 [ 1.10440655e-03  2.56804796e-03]
 [-6.77672098e-04  1.63321593e-03]
 [-3.36326007e-03  2.23254072e-04]
 [-7.80910952e-03 -2.02286360e-03]
 [-1.05822952e-02 -3.26300040e-03]
 [-1.34609053e-02 -4.49196808e-03]
 [-1.29685439e-02 -3.83076188e-03]
 [-9.74744931e-03 -2.10487773e-03]
 [-1.20043671e-02 -2.97162496e-03]
 [-1.11254565e-02 -2.20467825e-03]
 [-9.22661182e-03 -1.02521083e-03]
 [-1.00593306e-02 -1.73480890e-03]
 [-9.96564608e-03 -1.53102737e-03]
 [-1.32944249e-02 -3.17951897e-03]
 [-1.58129930e-02 -4.27943049e-03]]
Actions:
[[ 3.13340414e-01  1.49431507e-01]
 [-2.24890546e-01  1.94864008e-01]
 [-4.01913384e-02 -3.19485000e-01]
 [ 3.37804236e-01 -1.06324215e-02]
 [-1.47979785e-01  2.19709239e-01]
 [-1.65763096e-02 -8.55853053e-02]
 [ 1.59395840e-01 -1.21455434e-02]
 [-2.16504960e-01  3.39729366e-02]
 [-5.39732675e-02 -5.58570894e-02]
 [-3.23827909e-01  3.40427589e-02]
 [-2.79144646e-01  1.98540899e-01]
 [ 4.88442555e-02  2.69822860e-01]
 [ 2.92139941e-01 -1.03538388e-01]
 [ 4.39379784e-01  1.12053596e-01]
 [-1.08436263e-02  1.25515873e-01]
 [-2.09437693e-01 -4.05683757e-01]
 [ 1.98834711e-01 -2.45723306e-01]
 [ 4.03940687e-02  2.84109469e-03]
 [ 1.81973467e-01  2.55890572e-01]
 [-2.02783965e-01 -5.58803723e-02]
 [-3.65843918e-01 -3.38917638e-01]
 [-2.07027654e-01  7.65280778e-02]
 [-1.06758230e-01  5.41353921e-02]
 [-2.15868535e-01  3.36604900e-02]
 [ 1.03641275e-01  2.99723764e-02]
 [ 4.69582897e-02 -4.02568549e-01]
 [ 9.55151125e-02 -4.16621086e-01]
 [ 1.19398276e-01 -1.90443999e-01]
 [-4.39666229e-01 -1.45751261e-01]
 [ 6.88045177e-03  3.94635993e-02]
 [-2.18781955e-01  2.35592217e-01]
 [ 2.92607954e-02 -3.38236349e-01]
 [-2.17079670e-01  1.26689306e-01]
 [-2.20723133e-01 -4.66996826e-02]
 [ 2.12024034e-01  2.67142929e-01]
 [ 3.84477169e-02  1.51195059e-02]
 [ 3.04664414e-01  6.95502521e-03]
 [-3.71854981e-01 -1.89035361e-01]
 [-4.49446402e-01 -2.14078734e-02]
 [-2.36907680e-01  2.49449987e-01]
 [ 2.91127406e-01  1.13545502e-01]
 [ 6.72980170e-04 -2.19287493e-01]
 [ 2.61000935e-01 -6.25239643e-02]
 [-1.58517371e-01 -4.62675849e-01]
 [-9.78643501e-02 -1.27969199e-01]
 [-1.00716555e-01 -3.59923609e-02]
 [-3.40700382e-01 -4.22538783e-01]
 [ 3.87534456e-02  1.91047912e-01]
 [-2.25538097e-01 -2.83362308e-01]
 [-4.26875093e-02 -2.74147054e-01]
 [-3.50607744e-03  1.81818453e-02]
 [-6.03236592e-02 -1.38709203e-01]
 [-5.25588761e-02  7.61464439e-02]
 [ 2.09827646e-01 -2.19193444e-04]
 [ 8.47527827e-02 -6.73544614e-02]
 [ 5.73841570e-02 -1.31354954e-01]
 [-3.16809510e-01  4.81754100e-02]
 [ 4.05655669e-01 -3.09555594e-01]
 [ 2.22004272e-01  2.05972970e-01]
 [ 1.64125450e-01 -2.00451097e-01]
 [ 1.16393517e-01  6.73742584e-02]
 [-6.97052172e-02 -2.97116974e-01]
 [-2.33154623e-01 -1.98025611e-01]
 [ 6.88647627e-02  1.19625714e-01]
 [ 3.25250117e-01 -1.97117118e-01]
 [ 1.25162528e-02  8.54745509e-03]
 [-9.98537967e-02  7.02001672e-02]
 [-1.65636784e-01  7.20433448e-01]
 [-6.30239304e-01  4.04953043e-01]
 [ 9.95574274e-02  3.63192365e-01]
 [-1.43210070e-01 -5.65460308e-02]
 [-6.95975224e-02 -1.57678895e-01]
 [ 3.18612960e-01  2.19544776e-02]
 [ 3.44435132e-01 -2.74103145e-01]
 [ 2.33706149e-01  2.27252997e-01]
 [-2.79507686e-01  1.61201190e-02]
 [ 1.00848409e-01  8.30318115e-02]
 [ 1.84480987e-01  2.78736230e-01]
 [-2.74005085e-01 -1.11756851e-01]
 [-2.43898902e-01  1.43104580e-01]
 [-4.37709553e-01 -2.22243027e-01]
 [-3.91654605e-02  1.03481219e-01]
 [-8.54203621e-02  5.08350804e-02]
 [ 2.60712301e-03  5.42471918e-02]
 [ 9.20394708e-02 -7.70434941e-02]
 [-5.49822272e-03 -5.02556374e-01]
 [ 2.88569326e-01  2.89016477e-01]
 [-5.77365130e-02 -2.33404740e-01]
 [-1.76342321e-01 -2.27039066e-01]
 [ 7.45355550e-02  2.98730928e-01]
 [-3.76362315e-01  5.75612484e-02]
 [ 3.50906907e-01 -1.47594081e-01]
 [-1.96075801e-01  4.07571737e-02]
 [-1.05699950e-01 -9.09248253e-02]
 [ 3.28055020e-01  3.09052482e-02]
 [-2.27927395e-01 -1.76298258e-01]
 [-1.94750039e-01 -9.92055607e-02]
 [-2.86971914e-01  1.38507082e-01]
 [-2.93517245e-01 -1.36062029e-01]
 [-2.26237582e-02  2.05164321e-01]
 [-7.13945834e-02 -4.67620576e-02]
 [-2.15221627e-01  3.07162566e-02]
 [-1.25949426e-01  2.35074387e-01]
 [-2.11312730e-01  1.01165482e-01]
 [ 3.68085970e-01 -3.91281695e-01]
 [ 4.35181824e-02  1.36167310e-01]
 [ 7.82826270e-02  2.22266589e-02]
 [ 1.81955049e-01  1.16157488e-02]
 [-1.97196086e-02 -1.91434736e-01]
 [ 1.09066401e-02  2.72630082e-01]
 [ 1.03076643e-01 -3.42186707e-01]
 [ 2.98315063e-01 -3.63938875e-02]
 [ 1.31601292e-01  1.12158924e-01]
 [ 1.25939273e-01  2.22655045e-03]
 [ 2.92928348e-02  2.20880556e-01]
 [-1.07021005e-01 -3.49776821e-01]
 [-1.20415375e-01  6.32443236e-03]
 [-5.89269160e-02  9.96206172e-02]
 [-7.51283663e-02  2.08422406e-02]
 [-6.59733056e-01 -2.37191826e-01]
 [-2.18033294e-01 -9.72937064e-02]
 [ 2.58908242e-02  9.33744093e-02]
 [ 1.69028459e-01 -4.73612951e-01]
 [ 4.81415536e-01 -1.12537558e-01]
 [ 2.57035416e-01 -9.78250658e-03]
 [-3.13731302e-01 -1.35206234e-01]
 [-2.20760284e-01 -2.36971641e-01]
 [-1.10439865e-01  1.82840153e-01]
 [ 2.29333841e-01 -1.49582498e-01]
 [-3.32692051e-01  3.72646361e-01]
 [ 6.75295983e-02 -6.83860246e-02]
 [-2.52609717e-02 -1.07880233e-01]
 [ 3.90704681e-01 -1.70749479e-01]
 [-1.21415995e-01  4.18937772e-02]
 [-1.62953410e-01  1.22533648e-02]
 [-4.53784380e-02  1.78830752e-01]
 [ 7.27592748e-02 -8.12293516e-02]
 [ 1.73697766e-01  1.89877990e-01]
 [-4.02824516e-01  1.23143509e-01]
 [ 2.31539435e-01 -5.56657540e-01]
 [-1.00058587e-02 -2.47591818e-01]
 [ 2.37752103e-01 -6.22230662e-02]
 [ 2.40632514e-01  1.02697286e-01]
 [-4.65809456e-02 -3.61732982e-01]
 [-1.43357196e-01  2.16884890e-01]
 [ 2.86283588e-01  1.37500777e-01]
 [-2.44379646e-01 -3.30811278e-01]
 [-9.88505289e-02 -1.78914338e-01]
 [ 1.89392432e-02 -1.73454137e-02]
 [-4.92712070e-02  1.33246633e-01]
 [ 1.73784453e-01  4.03178027e-01]
 [ 2.86036191e-03 -2.40159165e-01]
 [-1.36576477e-01  2.59419527e-02]
 [ 1.16048838e-01  1.81564471e-01]
 [-1.20565967e-01 -2.21947917e-01]
 [ 1.78905294e-01  7.88990770e-03]
 [ 3.74128762e-01  2.33770332e-01]
 [-2.29594042e-01 -1.29153267e-01]
 [-3.14530350e-01 -7.39890082e-03]
 [ 2.17093200e-01 -1.91321026e-01]
 [-6.07823909e-02 -9.61868681e-02]
 [-1.76066209e-01  3.51971219e-02]
 [ 4.58488400e-02 -9.98765525e-02]
 [ 3.07252285e-01  6.55337087e-02]
 [-2.30384068e-01 -2.54602452e-01]
 [ 1.64717179e-01 -1.14960378e-01]
 [ 5.72929475e-01 -1.24897909e-01]
 [ 1.76071094e-01  3.88910871e-01]
 [ 1.35828599e-01 -9.24927450e-02]
 [-5.97622957e-02  1.16138818e-01]
 [ 1.17195172e-01  2.79462790e-01]
 [-3.83706907e-01  2.95122655e-02]
 [ 2.51085530e-01  5.73631638e-01]
 [-7.17204435e-01 -8.88416616e-03]
 [ 3.97840168e-01  4.89702393e-02]
 [-1.77066714e-01  1.41120630e-01]
 [ 1.43942947e-01  2.16765397e-01]
 [-1.97616636e-01  1.87959993e-02]
 [ 1.42851776e-01 -3.83460246e-02]
 [ 3.85768941e-02 -6.56313319e-02]
 [ 6.90915632e-02 -1.42053582e-02]
 [ 2.03237012e-01 -4.36187805e-02]
 [ 6.56816528e-02  1.55735629e-01]
 [-3.32004684e-01  9.22756462e-02]
 [-3.09524989e-02  2.10850570e-01]
 [-7.42539156e-03  1.95284916e-01]
 [-4.18156260e-01 -1.49886297e-01]
 [-4.63829104e-01  1.36807546e-02]
 [-2.45944180e-03  1.85636103e-01]
 [-1.37251703e-01 -5.49213122e-03]
 [ 1.89944550e-01 -2.22086788e-01]
 [-2.42909512e-02 -5.90160910e-01]
 [ 1.09449716e-01  2.26612380e-01]
 [ 3.71880927e-01  4.16755199e-03]
 [ 1.65486552e-01 -3.53845710e-01]
 [-2.80219723e-01  8.14708963e-02]
 [ 1.10149150e-01 -3.09630996e-02]
 [-1.19099414e-01  3.44918853e-01]
 [ 9.36458690e-02  2.93552317e-01]
 [-3.49454157e-01 -1.57032163e-01]]
States:
[[0.99982351 0.99884452 0.49606512 0.53270018 0.513537   0.59698665]
 [0.99995089 0.99862783 0.50244497 0.53563112 0.59387361 0.63611857]
 [0.99999926 0.99778055 0.51044389 0.54529755 0.53458594 0.68643699]
 ...
 [0.39573106 0.17895625 1.         0.07327202 0.46977827 0.5771445 ]
 [0.40461084 0.18251641 1.         0.0712755  0.44007003 0.66793239]
 [0.41383021 0.19785815 1.         0.06306088 0.46554519 0.74345837]]
Logstds:
[[-3. -3.]
 [-3. -3.]
 [-3. -3.]
 [-3. -3.]
 [-3. -3.]
 [-3. -3.]
 [-3. -3.]
 [-3. -3.]
 [-3. -3.]
 [-3. -3.]
 [-3. -3.]
 [-3. -3.]
 [-3. -3.]
 [-3. -3.]
 [-3. -3.]
 [-3. -3.]
 [-3. -3.]
 [-3. -3.]
 [-3. -3.]
 [-3. -3.]
 [-3. -3.]
 [-3. -3.]
 [-3. -3.]
 [-3. -3.]
 [-3. -3.]
 [-3. -3.]
 [-3. -3.]
 [-3. -3.]
 [-3. -3.]
 [-3. -3.]
 [-3. -3.]
 [-3. -3.]
 [-3. -3.]
 [-3. -3.]
 [-3. -3.]
 [-3. -3.]
 [-3. -3.]
 [-3. -3.]
 [-3. -3.]
 [-3. -3.]
 [-3. -3.]
 [-3. -3.]
 [-3. -3.]
 [-3. -3.]
 [-3. -3.]
 [-3. -3.]
 [-3. -3.]
 [-3. -3.]
 [-3. -3.]
 [-3. -3.]
 [-3. -3.]
 [-3. -3.]
 [-3. -3.]
 [-3. -3.]
 [-3. -3.]
 [-3. -3.]
 [-3. -3.]
 [-3. -3.]
 [-3. -3.]
 [-3. -3.]
 [-3. -3.]
 [-3. -3.]
 [-3. -3.]
 [-3. -3.]
 [-3. -3.]
 [-3. -3.]
 [-3. -3.]
 [-3. -3.]
 [-3. -3.]
 [-3. -3.]
 [-3. -3.]
 [-3. -3.]
 [-3. -3.]
 [-3. -3.]
 [-3. -3.]
 [-3. -3.]
 [-3. -3.]
 [-3. -3.]
 [-3. -3.]
 [-3. -3.]
 [-3. -3.]
 [-3. -3.]
 [-3. -3.]
 [-3. -3.]
 [-3. -3.]
 [-3. -3.]
 [-3. -3.]
 [-3. -3.]
 [-3. -3.]
 [-3. -3.]
 [-3. -3.]
 [-3. -3.]
 [-3. -3.]
 [-3. -3.]
 [-3. -3.]
 [-3. -3.]
 [-3. -3.]
 [-3. -3.]
 [-3. -3.]
 [-3. -3.]
 [-3. -3.]
 [-3. -3.]
 [-3. -3.]
 [-3. -3.]
 [-3. -3.]
 [-3. -3.]
 [-3. -3.]
 [-3. -3.]
 [-3. -3.]
 [-3. -3.]
 [-3. -3.]
 [-3. -3.]
 [-3. -3.]
 [-3. -3.]
 [-3. -3.]
 [-3. -3.]
 [-3. -3.]
 [-3. -3.]
 [-3. -3.]
 [-3. -3.]
 [-3. -3.]
 [-3. -3.]
 [-3. -3.]
 [-3. -3.]
 [-3. -3.]
 [-3. -3.]
 [-3. -3.]
 [-3. -3.]
 [-3. -3.]
 [-3. -3.]
 [-3. -3.]
 [-3. -3.]
 [-3. -3.]
 [-3. -3.]
 [-3. -3.]
 [-3. -3.]
 [-3. -3.]
 [-3. -3.]
 [-3. -3.]
 [-3. -3.]
 [-3. -3.]
 [-3. -3.]
 [-3. -3.]
 [-3. -3.]
 [-3. -3.]
 [-3. -3.]
 [-3. -3.]
 [-3. -3.]
 [-3. -3.]
 [-3. -3.]
 [-3. -3.]
 [-3. -3.]
 [-3. -3.]
 [-3. -3.]
 [-3. -3.]
 [-3. -3.]
 [-3. -3.]
 [-3. -3.]
 [-3. -3.]
 [-3. -3.]
 [-3. -3.]
 [-3. -3.]
 [-3. -3.]
 [-3. -3.]
 [-3. -3.]
 [-3. -3.]
 [-3. -3.]
 [-3. -3.]
 [-3. -3.]
 [-3. -3.]
 [-3. -3.]
 [-3. -3.]
 [-3. -3.]
 [-3. -3.]
 [-3. -3.]
 [-3. -3.]
 [-3. -3.]
 [-3. -3.]
 [-3. -3.]
 [-3. -3.]
 [-3. -3.]
 [-3. -3.]
 [-3. -3.]
 [-3. -3.]
 [-3. -3.]
 [-3. -3.]
 [-3. -3.]
 [-3. -3.]
 [-3. -3.]
 [-3. -3.]
 [-3. -3.]
 [-3. -3.]
 [-3. -3.]
 [-3. -3.]
 [-3. -3.]
 [-3. -3.]
 [-3. -3.]
 [-3. -3.]
 [-3. -3.]
 [-3. -3.]]
