Baseline:
[0.5547767  0.5333966  0.5238537  0.5191464  0.50265044 0.49718574
 0.49992183 0.48994383 0.4926001  0.46889463 0.4932641  0.48605713
 0.49012288 0.47109428 0.47498235 0.4813668  0.4785165  0.4735808
 0.4791256  0.47762573 0.4603716  0.45285463 0.45144218 0.45615384
 0.4523773  0.45704252 0.47272736 0.48526862 0.49806073 0.4835984
 0.49961567 0.49188286 0.4732535  0.46234205 0.45353973 0.45126346
 0.4510521  0.4501337  0.45637837 0.46592557 0.47929326 0.48138693
 0.47700348 0.4703893  0.4631497  0.46999642 0.46831095 0.46903196
 0.47636035 0.45781276 0.44835457 0.4301442  0.4260529  0.39934048
 0.40408805 0.4019642  0.40433982 0.41076514 0.40309414 0.40893027
 0.40727398 0.41457084 0.41483584 0.41064113 0.40049183 0.400275
 0.38705325 0.39186946 0.3908405  0.40394887 0.3968092  0.40794012
 0.42069644 0.43420783 0.4337294  0.42950064 0.42540884 0.4262577
 0.42338535 0.43186527 0.43051168 0.4154698  0.39627185 0.39876193
 0.38290647 0.38153532 0.36320695 0.34768653 0.34465718 0.36768985
 0.37384936 0.37244934 0.375276   0.37375623 0.38417456 0.39443725
 0.4087076  0.41004238 0.42884374 0.44452253 0.45625517 0.4546223
 0.45857975 0.4515568  0.4534845  0.44902757 0.43425477 0.4199238
 0.4040561  0.39714622 0.3905432  0.38204584 0.37001207 0.36483827
 0.35332778 0.36269888 0.35192084 0.36274394 0.36191082 0.35866022
 0.34500656 0.3321397  0.33477166 0.34442458 0.35075226 0.3595466
 0.3553371  0.35953903 0.35319942 0.35809037 0.35218188 0.36074433
 0.35457784 0.35423002 0.35827276 0.36822936 0.36375937 0.34727374
 0.3338044  0.32896283 0.3218176  0.3167689  0.31269795 0.31976184
 0.31012842 0.31010526 0.29757422 0.28043863 0.2667846  0.2716943
 0.2588834  0.25398755 0.25190616 0.25109643 0.2445058  0.22644415
 0.22847451 0.21526805 0.18554291 0.17294794 0.15683356 0.14905931
 0.13920583 0.13537282 0.12868546 0.13169691 0.13999057 0.1488855
 0.15721913 0.16264805 0.18353905 0.19436723 0.2235983  0.20914854
 0.20327048 0.17275801 0.16373056 0.14691265 0.18382418 0.1862688
 0.18629737 0.18704784 0.1975737  0.19568588 0.19958861 0.20807356
 0.17745304 0.17385688 0.1790447  0.1764908  0.19775066 0.20788549
 0.24794927 0.2703563  0.2629094  0.28700343 0.28696647 0.32166925
 0.32000577 0.3130512  0.3130512 ]
Returns:
[ 2.85005735e+00  2.74805820e+00  2.73786670e+00  2.68683483e+00
  2.61764923e+00  2.61471539e+00  2.58444804e+00  2.59978482e+00
  2.57768553e+00  2.49732308e+00  2.21895775e+00  2.22725068e+00
  2.12912822e+00  2.00858085e+00  2.00096154e+00  1.99425966e+00
  1.88444107e+00  1.93614169e+00  1.92015246e+00  1.98160238e+00
  1.95403274e+00  2.04340636e+00  1.81048631e+00  1.81497162e+00
  1.94893692e+00  2.08521848e+00  2.16947325e+00  2.15504921e+00
  2.29471685e+00  2.23055891e+00  2.24877960e+00  2.35962938e+00
  2.34127768e+00  2.44912444e+00  2.51952678e+00  2.57393586e+00
  2.59774923e+00  2.36506048e+00  2.39413082e+00  2.25175117e+00
  2.06850483e+00  2.01335778e+00  1.99133636e+00  1.95142026e+00
  1.92062210e+00  1.83577750e+00  1.76249593e+00  1.56462405e+00
  1.34255959e+00  1.28820682e+00  1.29747566e+00  1.29879051e+00
  1.27604136e+00  1.14825867e+00  1.22680267e+00  1.34319320e+00
  1.47262175e+00  1.53453876e+00  1.55139528e+00  1.72580027e+00
  1.82584793e+00  1.99056495e+00  2.13611773e+00  2.28838610e+00
  2.41041496e+00  2.53759560e+00  2.46313995e+00  2.60218150e+00
  2.73719914e+00  2.79734882e+00  2.77610987e+00  2.87697848e+00
  2.95581845e+00  3.00752317e+00  3.00623285e+00  2.88812304e+00
  2.64960063e+00  2.63649508e+00  2.30696336e+00  2.24429674e+00
  2.18350117e+00  1.94311573e+00  1.72042667e+00  1.56294986e+00
  1.42979239e+00  1.33237975e+00  1.36263200e+00  1.43536928e+00
  1.38229762e+00  8.52200466e-01  9.47120271e-01  1.05097528e+00
  1.11879533e+00  1.18030313e+00  1.27219580e+00  1.36512430e+00
  1.50016479e+00  1.35862932e+00  1.44413037e+00  1.60340492e+00
  1.76531331e+00  1.46877231e+00  1.46112795e+00  1.01248561e+00
  1.05258118e+00  1.12444374e+00  1.06442913e+00  1.01923127e+00
  1.01243422e+00  9.10175262e-01  5.97619945e-01  5.20425966e-01
  5.37791556e-01  4.52792996e-01  4.36443147e-01  2.29599347e-01
  9.22682311e-02 -5.92073615e-02 -3.02507810e-02  1.01716966e-02
 -1.10337342e-01 -1.44273759e-01 -7.24590465e-02 -1.97313381e-02
 -1.61370473e-01 -1.83245307e-01 -1.16305671e-01 -1.42101825e-01
 -8.51135510e-02  1.62498933e-02  4.05221374e-02  8.01858558e-02
  1.42516677e-01  2.27428993e-01  2.45195602e-01  9.63470542e-02
  1.17413392e-01  1.93821809e-01  2.78758648e-01  2.23692847e-01
  1.37093237e-01  4.94369616e-02  1.13980869e-01  1.46037570e-01
  1.23434827e-01  1.67847040e-01  2.35511381e-01  3.14363324e-01
  2.24821027e-01  2.28934472e-01  3.02135322e-01  3.79139534e-01
  4.40619108e-01  4.61493539e-01  3.97636250e-01  3.43441446e-01
  2.84801797e-01  3.22566990e-01  2.31542492e-03  6.30280746e-03
  3.99140660e-02  7.56884818e-02  1.14033976e-01  2.17293683e-02
  7.43310267e-02  9.50100353e-02  1.72505120e-01  2.61964024e-01
  3.58821657e-01  3.33926384e-01  4.06219022e-01  4.16265603e-01
  1.72531851e-01  2.16287885e-01  2.61018500e-01  7.86073429e-02
  1.18923430e-01 -1.16023009e-01 -1.45738663e-01 -8.22443104e-02
 -4.29300923e-02  1.28422642e-02  9.89461829e-03 -6.34002593e-02
  6.84755197e-02  2.04696316e-01 -2.13749390e-01 -1.24371848e-01
  3.59394980e-03 -9.52235980e-02 -1.47809472e-01 -3.10477108e-02
 -3.58161268e-02  1.24954772e-02  1.42446275e-01  5.84074018e-02
  2.00903830e-01  9.71354273e-02  2.34683818e-01  1.50912881e-01]
Advants:
[ 1.61453683e+00  1.54442188e+00  1.55515210e+00  1.51974293e+00
  1.47726897e+00  1.49096402e+00  1.46905507e+00  1.50719239e+00
  1.49558602e+00  1.45144614e+00  1.15293183e+00  1.17349113e+00
  1.07363286e+00  9.71502731e-01  9.58976035e-01  9.44378811e-01
  8.32462614e-01  8.85481143e-01  8.59355183e-01  9.19268725e-01
  9.05339313e-01  1.00130475e+00  7.61633134e-01  7.52540276e-01
  8.84920392e-01  1.01478884e+00  1.08358273e+00  1.05602648e+00
  1.18618469e+00  1.13851445e+00  1.14298396e+00  1.26769314e+00
  1.27462794e+00  1.40428325e+00  1.49776297e+00  1.57169259e+00
  1.61517362e+00  1.39734880e+00  1.43601393e+00  1.29657711e+00
  1.10743627e+00  1.05653499e+00  1.04523101e+00  1.01777269e+00
  9.99826956e-01  9.11390743e-01  8.41112730e-01  6.37808182e-01
  3.96207703e-01  3.46047603e-01  3.49775992e-01  3.53628754e-01
  3.17386291e-01  1.94107514e-01  2.46085954e-01  3.44589148e-01
  4.53855642e-01  4.91761970e-01  4.97964646e-01  6.51861100e-01
  7.40788257e-01  8.89211850e-01  1.02923009e+00  1.18481383e+00
  1.32012571e+00  1.45486398e+00  1.39970239e+00  1.54466862e+00
  1.69657872e+00  1.76228979e+00  1.76801464e+00  1.88204059e+00
  1.97652541e+00  2.04672057e+00  2.08061152e+00  2.00086750e+00
  1.79623149e+00  1.81417818e+00  1.51203463e+00  1.46529194e+00
  1.43049429e+00  1.22492507e+00  1.03659929e+00  8.88142173e-01
  7.79702496e-01  6.90307923e-01  7.47604219e-01  8.48049676e-01
  8.09685671e-01  2.52121852e-01  3.38815619e-01  4.45083395e-01
  5.13185917e-01  5.81536774e-01  6.71307714e-01  7.65533534e-01
  9.02583657e-01  7.72961538e-01  8.56100813e-01  1.02197770e+00
  1.20097726e+00  9.28227460e-01  9.40312792e-01  5.10740094e-01
  5.63161299e-01  6.57308720e-01  6.30014360e-01  6.17669092e-01
  6.47119754e-01  5.70937879e-01  2.76323131e-01  2.17805226e-01
  2.59159626e-01  1.89839534e-01  1.96250047e-01 -1.44436687e-02
 -1.38919284e-01 -3.03983096e-01 -2.76272707e-01 -2.33505376e-01
 -3.44648456e-01 -3.71022620e-01 -3.05456673e-01 -2.64974572e-01
 -4.20331251e-01 -4.59968345e-01 -3.96350595e-01 -4.35449384e-01
 -3.80038916e-01 -2.89174601e-01 -2.64146392e-01 -2.37674641e-01
 -1.72082768e-01 -8.73386747e-02 -7.37503380e-02 -2.37614052e-01
 -2.16777454e-01 -1.26110471e-01 -2.70775915e-02 -7.81750719e-02
 -1.61034452e-01 -2.49891958e-01 -1.85937311e-01 -1.65228760e-01
 -1.83248423e-01 -1.42919317e-01 -6.46997096e-02  3.21124146e-02
 -4.52280940e-02 -4.76248875e-02  3.93101348e-02  1.24745075e-01
  1.94107866e-01  2.22758734e-01  1.71281136e-01  1.40312641e-01
  8.33708878e-02  1.39964846e-01 -1.53445709e-01 -1.39480306e-01
 -9.10566362e-02 -4.75739891e-02  2.04403234e-03 -8.76238619e-02
 -2.77993707e-02 -9.00429856e-03  6.35609435e-02  1.50266943e-01
  2.48194062e-01  2.27136137e-01  2.90183162e-01  3.02014800e-01
  3.42955056e-02  9.99938488e-02  1.60298568e-01  1.42240000e-02
  7.14138916e-02 -1.44946123e-01 -2.11714771e-01 -1.48930416e-01
 -1.06547362e-01 -4.64624908e-02 -5.48584265e-02 -1.22963827e-01
  1.25500481e-02  1.52419708e-01 -2.34232647e-01 -1.37110699e-01
 -6.03383487e-03 -9.62688719e-02 -1.65856322e-01 -5.13106137e-02
 -8.89360161e-02 -5.44095325e-02  9.65939368e-02 -1.18443341e-04
  1.59216577e-01  3.46957186e-02  1.93351812e-01  1.35260314e-01]
Mus:
[[-2.66605113e-02 -1.12242671e-02]
 [-2.76401751e-02 -1.17904516e-02]
 [-2.76314132e-02 -1.22806439e-02]
 [-2.64100675e-02 -1.25455009e-02]
 [-2.47823317e-02 -1.21407704e-02]
 [-2.33110320e-02 -1.16634937e-02]
 [-2.24462170e-02 -1.13188121e-02]
 [-2.10039169e-02 -1.10088428e-02]
 [-2.00510360e-02 -1.05857700e-02]
 [-1.79949105e-02 -9.95242409e-03]
 [-1.62764303e-02 -9.75264795e-03]
 [-1.39084635e-02 -8.79586209e-03]
 [-1.10054519e-02 -8.45315866e-03]
 [-6.52824482e-03 -7.38231884e-03]
 [-2.46011885e-03 -5.98509423e-03]
 [ 9.93811991e-04 -4.77904128e-03]
 [ 4.79531661e-03 -4.18222928e-03]
 [ 8.84721056e-03 -2.74476153e-03]
 [ 1.15365293e-02 -1.85166451e-03]
 [ 1.47867091e-02 -4.04620485e-04]
 [ 1.71285346e-02  1.39839423e-03]
 [ 1.77352466e-02  2.07315898e-03]
 [ 1.64003968e-02  1.71704078e-03]
 [ 1.29431970e-02  4.29629290e-04]
 [ 9.41149890e-03 -2.44467956e-04]
 [ 5.05829882e-03 -1.27790694e-03]
 [ 7.10971563e-06 -2.88623781e-03]
 [-3.31473001e-03 -3.73098557e-03]
 [-6.46002218e-03 -4.83793998e-03]
 [-7.01373396e-03 -3.85344517e-03]
 [-1.15026562e-02 -5.92184346e-03]
 [-1.32509461e-02 -6.08415529e-03]
 [-1.22942468e-02 -4.94992780e-03]
 [-1.36247482e-02 -5.16965007e-03]
 [-1.39739681e-02 -5.02213370e-03]
 [-1.52998455e-02 -5.55179920e-03]
 [-1.62453651e-02 -6.05640048e-03]
 [-1.57002602e-02 -5.59317879e-03]
 [-1.83255225e-02 -7.05179852e-03]
 [-2.10369900e-02 -8.92721768e-03]
 [-2.26571225e-02 -1.08165853e-02]
 [-2.06791535e-02 -1.08125061e-02]
 [-1.71466544e-02 -9.91525874e-03]
 [-1.24671757e-02 -8.48751236e-03]
 [-8.33656453e-03 -7.15026632e-03]
 [-4.96513397e-03 -6.50792196e-03]
 [-3.12471733e-04 -4.89472877e-03]
 [ 3.45384586e-03 -3.61694233e-03]
 [ 4.30754106e-03 -3.94603377e-03]
 [ 8.03564955e-03 -2.13805144e-03]
 [ 9.30271856e-03 -1.52676878e-03]
 [ 1.05081871e-02 -5.54617378e-04]
 [ 1.06209638e-02 -5.85343980e-04]
 [ 1.21310549e-02  1.15724211e-03]
 [ 1.12412916e-02  8.28669639e-04]
 [ 1.11672319e-02  1.21743442e-03]
 [ 1.04421722e-02  1.27688434e-03]
 [ 8.49190168e-03  4.95933869e-04]
 [ 8.89094733e-03  1.34389743e-03]
 [ 7.70558091e-03  1.10948936e-03]
 [ 6.17832039e-03  1.03997614e-03]
 [ 3.39846197e-03  9.38810335e-05]
 [ 5.57189167e-04 -6.59255311e-04]
 [-2.40711099e-03 -1.40729046e-03]
 [-4.82222391e-03 -1.74263550e-03]
 [-7.42040854e-03 -2.59874226e-03]
 [-8.12086836e-03 -2.09191930e-03]
 [-1.06822923e-02 -3.28987138e-03]
 [-1.19281169e-02 -3.62404203e-03]
 [-1.31013021e-02 -4.29442478e-03]
 [-1.18455645e-02 -3.67715373e-03]
 [-1.34872254e-02 -4.61409800e-03]
 [-1.52464965e-02 -5.77154523e-03]
 [-1.81030426e-02 -7.48077361e-03]
 [-1.75677147e-02 -7.26481341e-03]
 [-1.47711253e-02 -5.99592971e-03]
 [-1.16695426e-02 -4.68258932e-03]
 [-9.98922251e-03 -4.32064803e-03]
 [-8.57120939e-03 -3.64647782e-03]
 [-7.16935797e-03 -4.14914964e-03]
 [-4.93876263e-03 -3.73808458e-03]
 [-5.23351948e-04 -1.76987995e-03]
 [ 4.77159582e-03  4.73726803e-04]
 [ 8.17916356e-03  1.10769947e-03]
 [ 1.04208672e-02  2.31750333e-03]
 [ 1.20652802e-02  2.26619188e-03]
 [ 1.29918251e-02  2.72117858e-03]
 [ 1.27148498e-02  2.52435054e-03]
 [ 1.17140422e-02  1.56788155e-03]
 [ 9.60017461e-03  8.31389567e-04]
 [ 8.57453980e-03  3.31336109e-04]
 [ 6.93645189e-03 -9.92277546e-06]
 [ 6.08993554e-03 -8.89028539e-04]
 [ 3.93202156e-03 -2.15312140e-03]
 [ 4.20013384e-04 -2.80534104e-03]
 [-2.97129736e-03 -4.28894861e-03]
 [-7.14018848e-03 -5.69719356e-03]
 [-1.18148178e-02 -7.74461450e-03]
 [-1.69651005e-02 -9.54710413e-03]
 [-2.22274624e-02 -1.13038216e-02]
 [-2.70288624e-02 -1.28406966e-02]
 [-2.86124181e-02 -1.26086315e-02]
 [-3.35243940e-02 -1.47362882e-02]
 [-3.45624052e-02 -1.49353892e-02]
 [-3.81158143e-02 -1.65432710e-02]
 [-3.91904004e-02 -1.70429572e-02]
 [-3.81915644e-02 -1.67158898e-02]
 [-3.81118394e-02 -1.70575418e-02]
 [-3.81273516e-02 -1.72647126e-02]
 [-4.02126350e-02 -1.85382292e-02]
 [-4.02258746e-02 -1.86362732e-02]
 [-3.90240252e-02 -1.87989213e-02]
 [-3.56365815e-02 -1.78801976e-02]
 [-3.03142369e-02 -1.65083110e-02]
 [-2.29732208e-02 -1.38671882e-02]
 [-1.67593639e-02 -1.21060219e-02]
 [-9.79606993e-03 -9.26806964e-03]
 [-5.94735518e-03 -8.29566643e-03]
 [-1.53610343e-03 -6.74421294e-03]
 [ 2.03424785e-03 -5.34212124e-03]
 [ 6.04805583e-03 -3.04834242e-03]
 [ 8.35553836e-03 -1.60240184e-03]
 [ 8.59710760e-03 -1.38182472e-03]
 [ 6.88188197e-03 -2.09291605e-03]
 [ 5.26148360e-03 -2.21121963e-03]
 [ 3.85157694e-03 -1.84899801e-03]
 [ 1.02913892e-03 -2.72284169e-03]
 [-3.27469152e-03 -3.57595482e-03]
 [-7.62361661e-03 -5.19810244e-03]
 [-1.07172383e-02 -6.03910303e-03]
 [-1.53595498e-02 -7.90940598e-03]
 [-1.66737773e-02 -8.02768208e-03]
 [-2.04692259e-02 -9.68795922e-03]
 [-2.22876985e-02 -1.01172244e-02]
 [-2.61585489e-02 -1.16598634e-02]
 [-2.53030770e-02 -1.07283434e-02]
 [-2.49518845e-02 -1.03505999e-02]
 [-2.57664677e-02 -1.07007232e-02]
 [-2.63334569e-02 -1.08814510e-02]
 [-2.98753250e-02 -1.24624660e-02]
 [-2.87906751e-02 -1.16882613e-02]
 [-3.23840640e-02 -1.34097496e-02]
 [-3.55155580e-02 -1.48963304e-02]
 [-3.66431959e-02 -1.51818637e-02]
 [-3.63414548e-02 -1.48873432e-02]
 [-3.69498283e-02 -1.49874780e-02]
 [-3.73820513e-02 -1.52703030e-02]
 [-3.82919908e-02 -1.58908945e-02]
 [-4.23821434e-02 -1.80670898e-02]
 [-4.42190841e-02 -1.85982101e-02]
 [-4.52325493e-02 -1.92525852e-02]
 [-4.64511625e-02 -1.98098123e-02]
 [-4.77816649e-02 -2.06819046e-02]
 [-4.86253873e-02 -2.08255928e-02]
 [-4.91224937e-02 -2.19231192e-02]
 [-4.67098542e-02 -2.09747106e-02]
 [-4.63771448e-02 -2.05309298e-02]
 [-4.48899530e-02 -2.04151887e-02]
 [-3.95309553e-02 -1.84250884e-02]
 [-3.57782282e-02 -1.68401264e-02]
 [-3.17874700e-02 -1.55059341e-02]
 [-2.80072391e-02 -1.39643298e-02]
 [-2.35379077e-02 -1.20263984e-02]
 [-2.01627873e-02 -1.02174822e-02]
 [-1.60391834e-02 -8.74494482e-03]
 [-1.29336417e-02 -7.47065572e-03]
 [-9.56188701e-03 -6.40628673e-03]
 [-6.04995480e-03 -5.04894136e-03]
 [-1.90548354e-03 -3.42552597e-03]
 [ 3.87953524e-03 -4.00244870e-04]
 [-1.97221432e-03 -4.71076416e-03]
 [-5.40472451e-04 -4.02447954e-03]
 [-2.81028077e-03 -5.64300315e-03]
 [-7.83745025e-04 -4.40266449e-03]
 [ 1.88910728e-03 -2.77779065e-03]
 [ 2.54482753e-03 -2.45041307e-03]
 [ 5.86809264e-03 -6.15000608e-04]
 [ 1.01194177e-02  1.44364324e-03]
 [ 7.32839759e-03 -5.30264224e-04]
 [ 6.82324683e-03 -1.18304254e-03]
 [ 5.78974606e-03 -2.12916569e-03]
 [ 5.54426387e-03 -2.60848575e-03]
 [ 9.69887711e-03  1.77808088e-05]
 [ 6.88671228e-03 -1.94330246e-03]
 [ 7.16507388e-03 -1.79112342e-03]
 [ 8.80286284e-03 -1.00479648e-03]
 [ 1.64188091e-02  3.76317720e-03]
 [ 1.89577639e-02  5.35278022e-03]
 [ 1.95289608e-02  5.48279937e-03]
 [ 2.23334059e-02  7.78139150e-03]
 [ 2.15834603e-02  6.84331451e-03]
 [ 2.29111798e-02  7.82972295e-03]
 [ 2.55423952e-02  8.96296557e-03]
 [ 2.55268458e-02  8.71182140e-03]
 [ 2.50426047e-02  8.57347064e-03]
 [ 2.26540677e-02  6.92279590e-03]
 [ 2.14642342e-02  6.37407089e-03]
 [ 2.47670449e-02  8.40782654e-03]
 [ 2.52006985e-02  8.83900281e-03]
 [ 2.71112714e-02  1.04992660e-02]]
Actions:
[[-3.74319427e-01 -1.75910287e-01]
 [-2.76929887e-01  3.90466962e-02]
 [-2.83360657e-01  1.97472666e-01]
 [-2.96303046e-01 -1.98906539e-01]
 [-3.05595539e-02 -1.23388975e-01]
 [ 1.17270863e-01 -3.53790943e-02]
 [-1.56945769e-01 -6.72251680e-02]
 [ 1.22480310e-01 -2.33601909e-02]
 [-3.24954624e-01 -2.32298299e-01]
 [ 1.97634432e-01  4.80054863e-01]
 [-4.51831301e-02 -1.04663019e-01]
 [-2.32205335e-01  3.29245776e-01]
 [-4.35369165e-01 -7.23758293e-02]
 [ 3.36058185e-02  1.41702348e-01]
 [ 5.78345045e-02  1.43840645e-01]
 [-3.20873638e-01  2.92640294e-01]
 [-1.70098205e-01  7.42605662e-03]
 [-3.14254534e-01  1.52329809e-01]
 [ 4.75246754e-02 -2.15264018e-02]
 [ 1.26999934e-01 -2.84329012e-01]
 [-1.29907236e-01 -4.82276304e-02]
 [-5.87627307e-01  1.22271642e-01]
 [-3.24698232e-01  1.99335057e-01]
 [-2.34563822e-02 -6.48484609e-02]
 [-1.59041913e-01 -2.46305366e-02]
 [ 2.35784128e-01  1.54436381e-01]
 [ 3.92637692e-01  9.95195110e-02]
 [ 1.84676788e-02  2.00406107e-01]
 [-1.21066017e-01 -4.35105249e-01]
 [-3.32042379e-02  3.85571872e-01]
 [-1.90594286e-01 -1.40629215e-01]
 [-1.54668518e-01 -3.63886691e-01]
 [-1.68054889e-01 -1.21068728e-01]
 [ 6.32726427e-02 -1.92554225e-01]
 [-2.56355074e-01 -1.02943936e-01]
 [-2.84673919e-01 -1.20006256e-01]
 [ 1.04824363e-01 -4.88817248e-01]
 [-1.27733457e-01 -1.40512693e-02]
 [ 2.40575531e-01  2.42387468e-01]
 [-1.10173520e-01  4.48269883e-01]
 [ 1.11356717e-01  1.29374958e-01]
 [-5.74322590e-02 -2.57943010e-02]
 [-1.27773142e-01 -7.13760783e-02]
 [-2.28160951e-02 -3.96429007e-02]
 [-4.72713344e-02  2.56063116e-01]
 [-2.87082258e-01  3.90990105e-02]
 [ 3.49465398e-01  1.22080353e-01]
 [ 1.85618456e-01  3.82569654e-01]
 [-2.34179332e-01 -1.52532569e-01]
 [-3.40663478e-02  2.17739403e-02]
 [-1.06551916e-01 -1.28480750e-01]
 [ 2.63111025e-01  1.41839327e-01]
 [-2.42163339e-01 -3.87256493e-01]
 [-1.62854143e-01  1.31959224e-01]
 [-1.08829049e-01 -2.77277559e-02]
 [ 1.36921237e-01 -1.41604432e-02]
 [-3.05031430e-01  1.29642369e-01]
 [ 3.20755652e-01 -1.87977205e-01]
 [ 4.85467103e-02  4.48666025e-02]
 [-2.79102725e-01 -8.25976850e-02]
 [ 6.74454362e-02  1.20478548e-01]
 [-2.23453015e-01  2.98435069e-02]
 [ 1.48853893e-01 -5.43714171e-02]
 [ 9.59850363e-02 -1.88804095e-01]
 [-2.70397917e-01 -3.97288032e-03]
 [ 2.36070941e-01 -3.85390894e-01]
 [-1.67707247e-01  1.13473130e-01]
 [-7.60295637e-02 -1.14172282e-01]
 [ 2.22931493e-01  9.83350508e-02]
 [-2.17947216e-01 -3.22623058e-01]
 [-1.66767674e-01  2.23898592e-02]
 [ 4.66476069e-02  8.43160639e-02]
 [-1.71156521e-01  1.38957452e-01]
 [-6.63631383e-02 -2.38277438e-01]
 [ 5.80102930e-02 -3.82437509e-01]
 [-3.93249390e-01 -3.52440902e-01]
 [ 4.78243564e-02 -1.18427361e-01]
 [ 4.18791131e-01 -2.99439266e-01]
 [-1.77248485e-01  2.15542472e-01]
 [-2.62038696e-01 -2.52222532e-02]
 [-3.06634812e-01 -3.88432982e-01]
 [ 1.40184604e-01 -3.98134541e-01]
 [ 2.16995645e-01  2.57583618e-01]
 [-1.86505034e-01 -3.28335853e-01]
 [-1.60737927e-01  3.69404768e-01]
 [-6.41878625e-02 -1.37262596e-01]
 [ 1.04560934e-02 -2.96155289e-03]
 [-7.82198584e-02  4.19491371e-01]
 [ 6.51539950e-01  3.96933092e-01]
 [ 1.79073176e-02  1.42545032e-01]
 [-1.31219270e-02 -9.08899716e-02]
 [-1.83018277e-01  2.45411741e-01]
 [-2.55681162e-01  2.18068362e-01]
 [ 1.81457330e-01 -1.06412092e-01]
 [-6.74464144e-02  2.92035346e-01]
 [ 1.12469605e-01  1.77196126e-01]
 [-5.53795590e-01  1.74409153e-01]
 [-2.89271824e-01  1.61993133e-01]
 [-1.77768102e-02  1.23547164e-01]
 [ 5.18661298e-02  3.51749965e-02]
 [-3.03725889e-01 -6.01125039e-01]
 [-3.39519138e-01  2.60770412e-01]
 [ 5.91959151e-01 -3.11338348e-01]
 [-1.04158135e-01  2.32130300e-01]
 [-1.09394651e-01 -7.71303500e-02]
 [-1.06930992e-01 -3.27872016e-01]
 [-3.77628931e-01 -5.21613533e-02]
 [-7.32548315e-03 -2.01019384e-01]
 [ 2.45045336e-01  2.00669391e-01]
 [-6.33067064e-01 -1.52185886e-01]
 [-3.30131771e-01  1.75499690e-01]
 [-1.62238524e-01 -5.20264347e-02]
 [ 1.92637412e-01  1.69919336e-01]
 [-3.66048724e-02 -1.71987713e-01]
 [ 1.95990086e-01  3.64229889e-01]
 [ 2.34303791e-01 -2.55124319e-01]
 [-3.19639808e-01  3.27994581e-01]
 [-1.06053230e-01  6.91795819e-02]
 [-2.41167087e-03  3.85393809e-02]
 [ 1.41243792e-01 -3.67912325e-01]
 [ 1.70866016e-01 -2.21900948e-01]
 [-1.08919225e-01  4.70626793e-02]
 [-7.16915662e-02  2.05683998e-01]
 [ 4.43222143e-01 -4.47719701e-02]
 [ 1.88373957e-01 -2.51443419e-01]
 [-1.60574105e-01 -7.13482743e-02]
 [ 1.47564254e-01 -2.75362033e-01]
 [-2.23463815e-01  5.94379847e-02]
 [ 3.93339255e-02 -6.31091565e-02]
 [-2.55862635e-01  1.90708555e-01]
 [ 2.15167442e-01 -1.16000636e-01]
 [-1.91500685e-01  1.68914500e-01]
 [ 8.53337587e-02 -9.73611481e-02]
 [ 8.50734950e-02  2.73954270e-01]
 [ 4.21089467e-01 -1.78539652e-01]
 [ 1.19345575e-01 -1.85767700e-01]
 [-9.18153850e-02 -1.22604361e-01]
 [ 2.68738674e-03 -1.04870498e-01]
 [-2.65528584e-03  3.96211890e-01]
 [ 1.73847564e-01 -3.43696519e-01]
 [-1.04176055e-01  4.25938543e-01]
 [-1.15754678e-01  1.84593083e-01]
 [ 1.69874844e-01  4.05670576e-02]
 [ 1.41955551e-02 -3.14705439e-01]
 [ 1.49495908e-01  5.54824563e-03]
 [-1.23419985e-01 -1.34125240e-01]
 [-2.34372894e-01 -6.50873714e-02]
 [-2.54431322e-01  3.74944514e-01]
 [ 2.03140876e-01  7.73662191e-03]
 [-1.93788266e-01 -5.74627696e-02]
 [ 7.43881460e-03  2.92972293e-02]
 [-8.58883314e-02  1.79509613e-01]
 [ 1.54910155e-01 -8.16775106e-02]
 [-4.07895521e-01  2.32978980e-01]
 [-1.89576391e-01 -3.70801614e-01]
 [ 2.66285736e-01 -1.22882675e-01]
 [-2.83005919e-01 -3.83765403e-02]
 [-4.89272231e-01 -5.01864281e-01]
 [-1.77000766e-01 -2.63591198e-01]
 [ 7.86445293e-02  1.16724369e-02]
 [ 1.04220835e-01 -7.16401617e-02]
 [ 5.84458688e-02 -1.28403086e-01]
 [ 3.16325750e-01 -1.22839895e-01]
 [-2.19380206e-01 -1.35322494e-02]
 [ 1.87640074e-01  1.63046138e-02]
 [-8.87464031e-02  5.48648589e-02]
 [ 1.31720773e-02 -3.91837904e-04]
 [ 3.63205726e-03 -3.03385030e-02]
 [ 2.83687261e-01 -1.84099090e-01]
 [ 1.53310712e-01  1.00171571e-01]
 [ 2.56725676e-01 -1.54858138e-01]
 [ 9.88761774e-02  5.78511297e-01]
 [ 2.34938260e-03 -2.53633242e-01]
 [ 1.13854191e-01 -2.18638543e-01]
 [-3.96870680e-01 -3.93013207e-01]
 [-1.63701076e-02 -2.91245431e-01]
 [-3.42908762e-01 -4.84711617e-01]
 [ 2.92913377e-01  2.49759695e-01]
 [-1.78947389e-01 -1.44781316e-01]
 [-2.56580259e-01  1.25918298e-01]
 [-2.45958048e-01  1.03769416e-01]
 [ 3.48075532e-01 -1.28412185e-01]
 [-3.82950124e-01  2.29796916e-01]
 [-4.43313905e-02  8.52199184e-02]
 [ 6.35400343e-02  1.08025764e-01]
 [ 1.37113842e-01 -7.16888181e-01]
 [ 7.26974522e-03 -2.04269862e-01]
 [-8.10504034e-02  7.18537893e-02]
 [ 1.58608526e-01 -4.50728735e-01]
 [-5.67922376e-02  4.31852535e-01]
 [ 1.35076858e-01 -9.07731004e-02]
 [ 3.97077340e-01  4.30600611e-02]
 [ 1.23597630e-01  2.95319734e-01]
 [-8.94659733e-02 -6.39751557e-02]
 [-2.00443708e-02  4.82542150e-01]
 [-4.88326327e-02  7.90895147e-02]
 [ 5.18026450e-01  5.20570668e-02]
 [ 9.50681225e-02 -8.32469140e-02]
 [ 2.59120563e-01 -4.03557434e-01]
 [ 2.09026319e-01 -4.86483297e-01]]
States:
[[0.99967058 0.99991678 0.52801483 0.50878061 0.51315752 0.59694031]
 [0.99988571 0.9999702  0.5204348  0.50525456 0.41718145 0.55088393]
 [0.9999092  0.99999914 0.4998827  0.49910757 0.34805785 0.56206032]
 ...
 [0.00900068 0.         0.62977827 0.35345068 0.52826855 0.79467401]
 [0.00802607 0.         0.62563223 0.32702608 0.5523705  0.76894911]
 [0.00560113 0.         0.61456829 0.3105489  0.61809988 0.65979435]]
Logstds:
[[-3. -3.]
 [-3. -3.]
 [-3. -3.]
 [-3. -3.]
 [-3. -3.]
 [-3. -3.]
 [-3. -3.]
 [-3. -3.]
 [-3. -3.]
 [-3. -3.]
 [-3. -3.]
 [-3. -3.]
 [-3. -3.]
 [-3. -3.]
 [-3. -3.]
 [-3. -3.]
 [-3. -3.]
 [-3. -3.]
 [-3. -3.]
 [-3. -3.]
 [-3. -3.]
 [-3. -3.]
 [-3. -3.]
 [-3. -3.]
 [-3. -3.]
 [-3. -3.]
 [-3. -3.]
 [-3. -3.]
 [-3. -3.]
 [-3. -3.]
 [-3. -3.]
 [-3. -3.]
 [-3. -3.]
 [-3. -3.]
 [-3. -3.]
 [-3. -3.]
 [-3. -3.]
 [-3. -3.]
 [-3. -3.]
 [-3. -3.]
 [-3. -3.]
 [-3. -3.]
 [-3. -3.]
 [-3. -3.]
 [-3. -3.]
 [-3. -3.]
 [-3. -3.]
 [-3. -3.]
 [-3. -3.]
 [-3. -3.]
 [-3. -3.]
 [-3. -3.]
 [-3. -3.]
 [-3. -3.]
 [-3. -3.]
 [-3. -3.]
 [-3. -3.]
 [-3. -3.]
 [-3. -3.]
 [-3. -3.]
 [-3. -3.]
 [-3. -3.]
 [-3. -3.]
 [-3. -3.]
 [-3. -3.]
 [-3. -3.]
 [-3. -3.]
 [-3. -3.]
 [-3. -3.]
 [-3. -3.]
 [-3. -3.]
 [-3. -3.]
 [-3. -3.]
 [-3. -3.]
 [-3. -3.]
 [-3. -3.]
 [-3. -3.]
 [-3. -3.]
 [-3. -3.]
 [-3. -3.]
 [-3. -3.]
 [-3. -3.]
 [-3. -3.]
 [-3. -3.]
 [-3. -3.]
 [-3. -3.]
 [-3. -3.]
 [-3. -3.]
 [-3. -3.]
 [-3. -3.]
 [-3. -3.]
 [-3. -3.]
 [-3. -3.]
 [-3. -3.]
 [-3. -3.]
 [-3. -3.]
 [-3. -3.]
 [-3. -3.]
 [-3. -3.]
 [-3. -3.]
 [-3. -3.]
 [-3. -3.]
 [-3. -3.]
 [-3. -3.]
 [-3. -3.]
 [-3. -3.]
 [-3. -3.]
 [-3. -3.]
 [-3. -3.]
 [-3. -3.]
 [-3. -3.]
 [-3. -3.]
 [-3. -3.]
 [-3. -3.]
 [-3. -3.]
 [-3. -3.]
 [-3. -3.]
 [-3. -3.]
 [-3. -3.]
 [-3. -3.]
 [-3. -3.]
 [-3. -3.]
 [-3. -3.]
 [-3. -3.]
 [-3. -3.]
 [-3. -3.]
 [-3. -3.]
 [-3. -3.]
 [-3. -3.]
 [-3. -3.]
 [-3. -3.]
 [-3. -3.]
 [-3. -3.]
 [-3. -3.]
 [-3. -3.]
 [-3. -3.]
 [-3. -3.]
 [-3. -3.]
 [-3. -3.]
 [-3. -3.]
 [-3. -3.]
 [-3. -3.]
 [-3. -3.]
 [-3. -3.]
 [-3. -3.]
 [-3. -3.]
 [-3. -3.]
 [-3. -3.]
 [-3. -3.]
 [-3. -3.]
 [-3. -3.]
 [-3. -3.]
 [-3. -3.]
 [-3. -3.]
 [-3. -3.]
 [-3. -3.]
 [-3. -3.]
 [-3. -3.]
 [-3. -3.]
 [-3. -3.]
 [-3. -3.]
 [-3. -3.]
 [-3. -3.]
 [-3. -3.]
 [-3. -3.]
 [-3. -3.]
 [-3. -3.]
 [-3. -3.]
 [-3. -3.]
 [-3. -3.]
 [-3. -3.]
 [-3. -3.]
 [-3. -3.]
 [-3. -3.]
 [-3. -3.]
 [-3. -3.]
 [-3. -3.]
 [-3. -3.]
 [-3. -3.]
 [-3. -3.]
 [-3. -3.]
 [-3. -3.]
 [-3. -3.]
 [-3. -3.]
 [-3. -3.]
 [-3. -3.]
 [-3. -3.]
 [-3. -3.]
 [-3. -3.]
 [-3. -3.]
 [-3. -3.]
 [-3. -3.]
 [-3. -3.]
 [-3. -3.]
 [-3. -3.]
 [-3. -3.]
 [-3. -3.]
 [-3. -3.]
 [-3. -3.]
 [-3. -3.]]
