Baseline:
[0.4915633  0.46598214 0.45944202 0.45221096 0.46880692 0.46644604
 0.47657767 0.49223307 0.48814753 0.49478677 0.48503804 0.49032277
 0.48787606 0.48611823 0.48477253 0.48434064 0.48864496 0.46430382
 0.44811854 0.43351844 0.4401041  0.42986155 0.4007893  0.38300952
 0.36963415 0.3499847  0.32937965 0.3117821  0.30102545 0.28292042
 0.26050457 0.24468984 0.23400997 0.22477973 0.21603967 0.19489202
 0.18450727 0.17082895 0.16205966 0.15093434 0.14416017 0.13177508
 0.14103019 0.1572503  0.16713603 0.17187493 0.18298347 0.19187234
 0.19059832 0.20684905 0.20652103 0.18826132 0.17509013 0.17025365
 0.18586418 0.16676207 0.14535482 0.15634121 0.15693022 0.1476633
 0.13095322 0.14352995 0.15099971 0.1373148  0.13799126 0.1320217
 0.12991491 0.14414988 0.16225632 0.1652101  0.1846441  0.16638331
 0.15417627 0.14798898 0.14009435 0.14161144 0.15683019 0.15571061
 0.1581991  0.14859687 0.14144242 0.14278963 0.13600634 0.13697723
 0.12438765 0.12490425 0.12855293 0.12415655 0.11822036 0.11111136
 0.12621652 0.11018568 0.12431735 0.14045396 0.14865087 0.15645804
 0.13727511 0.149232   0.15807559 0.16891553 0.17434675 0.17421459
 0.17548476 0.18319385 0.19655085 0.20096762 0.19755575 0.20919712
 0.20578359 0.22186865 0.2273815  0.23700397 0.22848548 0.23643237
 0.2332784  0.23783505 0.23644556 0.24118684 0.23621911 0.23029904
 0.23641816 0.23401918 0.22907732 0.22945888 0.23167975 0.22614802
 0.2196197  0.21047665 0.22926414 0.22436617 0.22389464 0.22065403
 0.21919744 0.21931015 0.21939962 0.21439002 0.2088328  0.21619448
 0.20615587 0.20358033 0.19701192 0.16368388 0.1471886  0.15029976
 0.14386633 0.15029034 0.15534334 0.1981139  0.21439107 0.18566334
 0.18577139 0.1662692  0.1538874  0.14856835 0.14658399 0.1358061
 0.12703018 0.1379538  0.13618651 0.1405869  0.15039688 0.12943858
 0.12037475 0.11847304 0.11835238 0.11120174 0.11908333 0.1221112
 0.12505476 0.12951066 0.13272896 0.14926532 0.14943878 0.14917798
 0.16199906 0.15363438 0.15855144 0.17022145 0.18323864 0.1913381
 0.19601785 0.20110674 0.19449957 0.19104223 0.1861919  0.19287048
 0.2318576  0.23223294 0.24576    0.23683716 0.23991162 0.2238518
 0.2268895  0.19971444 0.21283266 0.22429158 0.2235923  0.22246356
 0.23187242 0.21467431 0.21467431]
Returns:
[ 1.56401750e+00  1.35102181e+00  1.35737469e+00  1.36019918e+00
  1.13964704e+00  1.07474143e+00  9.91949789e-01  8.82072534e-01
  9.14911436e-01  9.10629020e-01  9.18342237e-01  9.43956254e-01
  8.25479029e-01  8.49538098e-01  7.51274631e-01  7.52298252e-01
  5.55616729e-01  2.04133728e-01  1.37447034e-01  8.07010669e-02
 -1.59374461e-01 -1.95421404e-01 -5.47487304e-01 -5.84514345e-01
 -7.43263061e-01 -9.64358538e-01 -1.01948666e+00 -1.00822254e+00
 -1.06455892e+00 -1.13993011e+00 -1.27409713e+00 -1.24746698e+00
 -1.27014951e+00 -1.37756537e+00 -1.36566512e+00 -1.44357431e+00
 -1.40351691e+00 -1.36359970e+00 -1.32274670e+00 -1.25800265e+00
 -1.20096132e+00 -1.14383425e+00 -1.10903001e+00 -1.10481626e+00
 -1.06457811e+00 -1.02631255e+00 -9.60996294e-01 -8.59245651e-01
 -8.04955576e-01 -8.32285666e-01 -8.43488161e-01 -9.22980376e-01
 -9.11781765e-01 -8.64860924e-01 -8.55656269e-01 -8.75608053e-01
 -1.01609477e+00 -9.95924787e-01 -9.51162845e-01 -8.71164077e-01
 -8.88962108e-01 -9.64221220e-01 -9.14041349e-01 -8.73357568e-01
 -8.42456226e-01 -7.75215881e-01 -8.30769102e-01 -8.51153158e-01
 -8.65684034e-01 -8.08785654e-01 -9.05448550e-01 -8.53897013e-01
 -7.87944520e-01 -7.88514796e-01 -7.75752636e-01 -7.21616339e-01
 -7.61121825e-01 -8.09128372e-01 -7.66439906e-01 -7.46872855e-01
 -7.13209241e-01 -6.46899530e-01 -6.37430715e-01 -5.92302134e-01
 -6.34434746e-01 -5.56027624e-01 -5.98470093e-01 -5.06190879e-01
 -4.31384395e-01 -4.57746256e-01 -8.62937715e-01 -1.04939627e+00
 -1.03002077e+00 -1.09730440e+00 -1.17906985e+00 -1.11705739e+00
 -1.20811344e+00 -1.16529792e+00 -1.07761583e+00 -1.00934409e+00
 -9.15826921e-01 -8.72543804e-01 -7.91105024e-01 -7.66730959e-01
 -6.58812580e-01 -5.70287012e-01 -5.52560883e-01 -5.59555753e-01
 -4.78576531e-01 -5.35168355e-01 -4.46042894e-01 -3.61790342e-01
 -3.29411765e-01 -4.29043415e-01 -6.75626807e-01 -7.07967508e-01
 -7.15168043e-01 -7.11216690e-01 -7.73325381e-01 -8.08371679e-01
 -8.29332111e-01 -8.95269667e-01 -8.56691950e-01 -8.97738330e-01
 -1.03735233e+00 -9.86196623e-01 -9.13995176e-01 -8.56788691e-01
 -9.98280923e-01 -1.05258684e+00 -9.83821766e-01 -8.96699697e-01
 -8.06042238e-01 -7.63578587e-01 -7.80986368e-01 -6.98779632e-01
 -6.51759714e-01 -6.00697900e-01 -5.63052511e-01 -5.33104639e-01
 -7.32269393e-01 -8.12143450e-01 -7.24124976e-01 -7.17603604e-01
 -6.48558872e-01 -7.29840070e-01 -6.85705731e-01 -7.20869595e-01
 -6.80054170e-01 -9.00528035e-01 -8.41085118e-01 -8.40687074e-01
 -7.81194262e-01 -7.28257510e-01 -6.57896340e-01 -5.74553452e-01
 -5.17954724e-01 -6.80137577e-01 -6.00978075e-01 -5.97288294e-01
 -6.39273264e-01 -6.20720990e-01 -5.75502304e-01 -8.23473331e-01
 -8.20990610e-01 -7.88998465e-01 -9.68216198e-01 -9.04168724e-01
 -9.10113830e-01 -8.24512074e-01 -7.30578721e-01 -7.30898993e-01
 -6.37137468e-01 -5.56610692e-01 -4.52610556e-01 -4.74679992e-01
 -3.48504202e-01 -2.19646082e-01 -8.35347651e-02 -9.75962044e-03
 -1.35209068e-04 -4.51591411e-02 -2.93258659e-01 -2.30409274e-01
 -1.71551966e-01 -2.06313252e-01 -5.18514105e-01 -5.48665956e-01
 -5.12054139e-01 -4.32253881e-01 -3.64806322e-01 -2.90484959e-01
 -2.05799649e-01 -3.59885766e-01 -3.64489920e-01 -3.30568372e-01
 -2.49665409e-01 -1.93583557e-01 -1.39527017e-01 -9.90177393e-02]
Advants:
[ 1.01662705  0.8518291   0.88966409  0.92709735  0.71232476  0.67212728
  0.60058103  0.49436398  0.55339147  0.56611797  0.60978265  0.65917554
  0.5710959   0.6280432   0.56191028  0.59681815  0.42591833  0.12130764
  0.09369484  0.07508391 -0.15366618 -0.16083171 -0.47358819 -0.48232149
 -0.62078133 -0.82095515 -0.85516539 -0.82507158 -0.87072394 -0.92984
 -1.04705487 -1.00922641 -1.02660998 -1.13367155 -1.12202497 -1.1903019
 -1.15079601 -1.1074108  -1.06733391 -0.99947659 -0.94238201 -0.87801343
 -0.85725588 -0.87483332 -0.84958783 -0.82056623 -0.76957084 -0.67732302
 -0.62070671 -0.66449353 -0.67592788 -0.73966174 -0.71725269 -0.66602239
 -0.6731983  -0.67490988 -0.79860757 -0.79415157 -0.75374279 -0.66580111
 -0.66835952 -0.76050765 -0.72115625 -0.66875088 -0.63972179 -0.56554531
 -0.61959582 -0.65594107 -0.69146105 -0.63897631 -0.76024805 -0.69389224
 -0.61706636 -0.6127229  -0.5928093  -0.53936918 -0.59489508 -0.6441021
 -0.60517654 -0.57648808 -0.53492939 -0.46715402 -0.44734678 -0.3979654
 -0.42275346 -0.33729392 -0.37659676 -0.26956462 -0.17508595 -0.18002813
 -0.59779383 -0.77074601 -0.76807951 -0.85687667 -0.95545629 -0.90892591
 -0.99135064 -0.97098806 -0.90110145 -0.85160787 -0.76941208 -0.731046
 -0.65387728 -0.63995231 -0.54543978 -0.45878269 -0.43422557 -0.44972779
 -0.35932397 -0.42772544 -0.33688725 -0.25210792 -0.19893217 -0.2965132
 -0.5366222  -0.57105744 -0.57437634 -0.57248626 -0.62848615 -0.65727492
 -0.68482577 -0.75084091 -0.70866292 -0.752828   -0.90201981 -0.85156282
 -0.77715931 -0.71345252 -0.88155721 -0.94098481 -0.88048007 -0.79679837
 -0.70908555 -0.67020094 -0.69200097 -0.60675654 -0.55469318 -0.51019906
 -0.46017867 -0.42411396 -0.61882392 -0.66910316 -0.56540829 -0.56278123
 -0.48581858 -0.57462535 -0.53553071 -0.61586106 -0.5931639  -0.79283826
 -0.74027192 -0.72710132 -0.6603067  -0.6057619  -0.53520603 -0.44011641
 -0.37166849 -0.54679373 -0.46555475 -0.46594857 -0.51900164 -0.47963438
 -0.42382855 -0.6758552  -0.67963609 -0.64621086 -0.84530137 -0.79540724
 -0.81664403 -0.74638852 -0.66468593 -0.69184411 -0.60654069 -0.5322449
 -0.44529068 -0.46400403 -0.34443029 -0.22544633 -0.09659635 -0.02264329
 -0.00856317 -0.05031221 -0.2901971  -0.22009528 -0.15029892 -0.18641302
 -0.54268302 -0.5796693  -0.5628799  -0.47824444 -0.41631626 -0.32579299
 -0.24146601 -0.36939451 -0.38876913 -0.36740477 -0.28447058 -0.22404519
 -0.17452798 -0.10975146]
Mus:
[[-2.84446999e-02 -1.20237209e-02]
 [-2.92440653e-02 -1.28647452e-02]
 [-2.82125063e-02 -1.31068695e-02]
 [-2.69692708e-02 -1.32224523e-02]
 [-2.60981433e-02 -1.25387022e-02]
 [-2.56267600e-02 -1.19360676e-02]
 [-2.56074779e-02 -1.15856491e-02]
 [-2.48335004e-02 -1.11981090e-02]
 [-2.50160564e-02 -1.13601563e-02]
 [-2.46017948e-02 -1.12722693e-02]
 [-2.50779744e-02 -1.14430916e-02]
 [-2.47049108e-02 -1.13637112e-02]
 [-2.49696560e-02 -1.08479299e-02]
 [-2.54340265e-02 -1.12670269e-02]
 [-2.57552695e-02 -1.08637847e-02]
 [-2.63544973e-02 -1.13507435e-02]
 [-2.63622869e-02 -1.06714917e-02]
 [-2.77032461e-02 -1.02390908e-02]
 [-3.00598610e-02 -1.08948378e-02]
 [-3.21903341e-02 -1.26018636e-02]
 [-3.22192833e-02 -1.29029304e-02]
 [-3.39682736e-02 -1.41329607e-02]
 [-3.65793929e-02 -1.57018304e-02]
 [-3.65768373e-02 -1.58410463e-02]
 [-3.58482637e-02 -1.52662257e-02]
 [-3.66726592e-02 -1.62825510e-02]
 [-3.59067433e-02 -1.65148843e-02]
 [-3.40976045e-02 -1.60384979e-02]
 [-3.23878042e-02 -1.54447937e-02]
 [-3.04369964e-02 -1.44903259e-02]
 [-2.83683240e-02 -1.43994326e-02]
 [-2.52521001e-02 -1.35738831e-02]
 [-2.13936828e-02 -1.25993798e-02]
 [-1.64898653e-02 -1.14625823e-02]
 [-1.17269652e-02 -9.56126582e-03]
 [-6.17519859e-03 -6.84107980e-03]
 [-2.87358579e-03 -5.45103801e-03]
 [ 2.37803888e-05 -3.94846871e-03]
 [ 1.41226209e-03 -3.31594772e-03]
 [ 3.20016756e-03 -2.57172994e-03]
 [ 4.68930136e-03 -1.48465822e-03]
 [ 4.81907418e-03 -1.62684848e-03]
 [ 5.30606182e-03 -9.12380987e-04]
 [ 5.41512994e-03 -8.85876536e-04]
 [ 5.71314897e-03 -1.03689311e-03]
 [ 8.00365303e-03  6.42861356e-04]
 [ 8.85471888e-03  7.97349494e-04]
 [ 9.39209387e-03  1.08721666e-03]
 [ 1.04435682e-02  2.03449745e-03]
 [ 9.11483914e-03  1.12520403e-03]
 [ 1.03324605e-02  2.43252050e-03]
 [ 7.44156260e-03  1.23042217e-03]
 [ 4.67683468e-03  1.83202545e-04]
 [ 2.73709511e-03 -7.52333843e-04]
 [ 3.10304901e-03  2.73321843e-04]
 [ 2.82816612e-03  1.32167930e-04]
 [ 6.87333639e-04 -1.13855966e-03]
 [-1.06104324e-03 -1.43781747e-03]
 [-2.26317951e-03 -1.46977848e-03]
 [-4.74784570e-03 -2.53359438e-03]
 [-8.26960895e-03 -4.31272481e-03]
 [-1.10654626e-02 -4.78816126e-03]
 [-1.41277080e-02 -5.84369851e-03]
 [-1.55460211e-02 -6.27865968e-03]
 [-1.88341048e-02 -7.81311747e-03]
 [-2.02772357e-02 -8.10458884e-03]
 [-2.08484717e-02 -7.60775991e-03]
 [-2.52619833e-02 -1.04744155e-02]
 [-2.83992216e-02 -1.18841575e-02]
 [-2.94255689e-02 -1.22698536e-02]
 [-3.43919359e-02 -1.46782408e-02]
 [-3.48562822e-02 -1.50823938e-02]
 [-3.51134874e-02 -1.52464490e-02]
 [-3.40788402e-02 -1.45329470e-02]
 [-3.48198563e-02 -1.53252482e-02]
 [-3.65453959e-02 -1.64459683e-02]
 [-3.82767469e-02 -1.76061410e-02]
 [-3.70084271e-02 -1.67511981e-02]
 [-3.68745998e-02 -1.71844009e-02]
 [-3.46684977e-02 -1.63029116e-02]
 [-3.23552415e-02 -1.57014187e-02]
 [-2.99808420e-02 -1.48455277e-02]
 [-2.75674239e-02 -1.45838019e-02]
 [-2.55061984e-02 -1.43990265e-02]
 [-2.10583750e-02 -1.29583385e-02]
 [-1.73368938e-02 -1.15288896e-02]
 [-1.52747147e-02 -1.14524290e-02]
 [-1.19050518e-02 -1.02357082e-02]
 [-7.69687817e-03 -8.37577600e-03]
 [-2.08289060e-03 -5.59948524e-03]
 [-3.20358574e-03 -7.19937403e-03]
 [ 2.69716117e-03 -3.86332371e-03]
 [ 4.55356529e-03 -3.26268026e-03]
 [ 4.54879878e-03 -3.57196783e-03]
 [ 4.77126846e-03 -3.52439913e-03]
 [ 5.33721503e-03 -3.29809450e-03]
 [ 8.48370325e-03 -1.13926257e-03]
 [ 7.07603293e-03 -1.67399039e-03]
 [ 5.93454763e-03 -1.92628545e-03]
 [ 7.10829394e-03 -8.14179191e-04]
 [ 4.03677905e-03 -1.98112428e-03]
 [ 2.67299986e-03 -1.76493707e-03]
 [-1.15093158e-03 -3.08429007e-03]
 [-6.40677009e-03 -5.43643208e-03]
 [-1.01993671e-02 -6.74279779e-03]
 [-1.56198647e-02 -8.98795575e-03]
 [-2.02324912e-02 -1.06760589e-02]
 [-2.77135167e-02 -1.39352204e-02]
 [-3.16654854e-02 -1.51492022e-02]
 [-3.90909985e-02 -1.84009001e-02]
 [-4.26602773e-02 -1.98276527e-02]
 [-4.61641885e-02 -2.13549510e-02]
 [-4.76161279e-02 -2.19342150e-02]
 [-5.16666062e-02 -2.41584629e-02]
 [-4.84442525e-02 -2.26023383e-02]
 [-4.86688316e-02 -2.30597686e-02]
 [-4.64600250e-02 -2.24483218e-02]
 [-4.59790528e-02 -2.30034683e-02]
 [-4.07031663e-02 -2.08290685e-02]
 [-3.49763408e-02 -1.84858926e-02]
 [-2.90546957e-02 -1.67010706e-02]
 [-2.14557126e-02 -1.37311108e-02]
 [-1.48497550e-02 -1.12225991e-02]
 [-9.94661730e-03 -9.52273514e-03]
 [-6.90968009e-03 -8.56114458e-03]
 [-3.50362458e-03 -7.07344804e-03]
 [-8.54242244e-04 -5.84429177e-03]
 [ 1.69163395e-03 -4.38219076e-03]
 [ 1.93284382e-03 -3.88896139e-03]
 [ 4.61831130e-03 -2.21404154e-03]
 [ 4.07298608e-03 -2.55053979e-03]
 [ 3.68073024e-03 -2.56969873e-03]
 [ 1.95241638e-03 -3.09779355e-03]
 [ 5.89992676e-04 -2.84756697e-03]
 [-6.16236473e-04 -2.26018741e-03]
 [-2.03606091e-03 -2.68028374e-03]
 [-3.36306822e-03 -3.11731640e-03]
 [-2.41142767e-03 -2.25665490e-03]
 [-1.78060948e-03 -1.61235430e-03]
 [-7.35681897e-05 -4.17478906e-04]
 [ 3.89453396e-03  1.97450398e-03]
 [ 6.46914449e-03  2.82631908e-03]
 [ 7.75582483e-03  3.51304095e-03]
 [ 6.25701062e-03  2.99854949e-03]
 [ 4.60451609e-03  2.38925125e-03]
 [ 4.56212042e-03  3.27448780e-03]
 [ 1.74881134e-03  1.76241633e-03]
 [-3.59403249e-03 -1.50260224e-03]
 [-5.28845796e-03 -2.07921746e-03]
 [-9.93837509e-03 -4.44858568e-03]
 [-1.40631255e-02 -6.35083579e-03]
 [-1.75681598e-02 -8.14616401e-03]
 [-2.04537157e-02 -9.42404475e-03]
 [-2.24632919e-02 -9.87762958e-03]
 [-2.65571419e-02 -1.16638318e-02]
 [-2.95898728e-02 -1.31573388e-02]
 [-3.26284431e-02 -1.48969227e-02]
 [-3.70972566e-02 -1.73784122e-02]
 [-3.86835113e-02 -1.82630830e-02]
 [-3.96909341e-02 -1.92296617e-02]
 [-4.06128950e-02 -2.01571379e-02]
 [-3.77964675e-02 -1.91039778e-02]
 [-3.50326858e-02 -1.81142595e-02]
 [-3.17054875e-02 -1.71220731e-02]
 [-2.76451930e-02 -1.60923935e-02]
 [-2.19338350e-02 -1.39645450e-02]
 [-1.81869529e-02 -1.31957373e-02]
 [-1.39856003e-02 -1.17427940e-02]
 [-1.07433302e-02 -1.05168279e-02]
 [-8.42783693e-03 -9.61869396e-03]
 [-6.28867932e-03 -8.59932788e-03]
 [-6.32446678e-03 -8.89329147e-03]
 [-4.78313910e-03 -7.93058891e-03]
 [-3.05824121e-03 -6.88708900e-03]
 [-2.96569080e-03 -6.75597135e-03]
 [ 9.42030631e-04 -4.29980364e-03]
 [ 1.56725431e-03 -3.71837080e-03]
 [-1.19525932e-04 -4.19924594e-03]
 [-2.56006396e-03 -4.85011935e-03]
 [-5.38718700e-03 -5.12622483e-03]
 [-5.08897472e-03 -4.08487814e-03]
 [-4.21352638e-03 -2.78324052e-03]
 [-1.41284976e-03 -8.86342546e-04]
 [-2.78804265e-03 -1.49697915e-03]
 [-4.90446715e-03 -2.55285786e-03]
 [-8.23881011e-03 -4.17918572e-03]
 [-1.10244527e-02 -5.36551373e-03]
 [-1.17422333e-02 -4.98527195e-03]
 [-1.22969020e-02 -4.93184570e-03]
 [-1.46706179e-02 -6.14001555e-03]
 [-1.77390035e-02 -7.67778000e-03]
 [-2.04061866e-02 -8.79916735e-03]
 [-2.37522572e-02 -1.03496686e-02]
 [-2.49224845e-02 -1.05319126e-02]
 [-2.62625422e-02 -1.06735313e-02]
 [-2.91130617e-02 -1.20025603e-02]
 [-3.22773643e-02 -1.35287587e-02]
 [-3.58531959e-02 -1.53762661e-02]
 [-3.77032198e-02 -1.57993715e-02]
 [-4.13032360e-02 -1.77985057e-02]]
Actions:
[[-5.85258406e-01 -1.42752123e-01]
 [-2.89299198e-01  1.33899320e-01]
 [-3.10280908e-01  1.06851716e-01]
 [ 4.44660567e-01 -2.75201046e-02]
 [ 1.29639335e-01 -2.41741719e-01]
 [ 2.86269983e-01 -3.24996472e-02]
 [ 2.79526681e-01  1.48875326e-01]
 [-8.64727702e-02 -1.67040870e-02]
 [ 8.44266748e-02  1.04502279e-01]
 [-1.46061247e-01 -1.24043217e-01]
 [ 6.77540705e-02  8.40903525e-02]
 [ 1.50213254e-01 -2.80549727e-01]
 [-6.77379238e-02  7.58999701e-02]
 [ 1.39127395e-01 -2.58526459e-01]
 [-3.60153556e-02  1.08975249e-01]
 [ 2.85713673e-01 -2.56123545e-01]
 [ 1.23324376e-01 -5.46434043e-01]
 [ 2.07418956e-02 -2.62502283e-01]
 [-3.25961176e-01  1.41809056e-01]
 [ 3.03415685e-01  3.23488720e-01]
 [-2.12059220e-01  1.66061634e-01]
 [-6.85176918e-01 -1.30226472e-01]
 [-2.42097029e-01 -1.90401760e-01]
 [ 1.92159429e-01 -2.49264593e-01]
 [-5.38980941e-01  1.39469377e-01]
 [-3.41968146e-01  7.99020608e-02]
 [-1.42677688e-01 -7.60325764e-02]
 [ 1.56186770e-01  4.50482012e-02]
 [-3.19274620e-02 -3.04377742e-01]
 [-4.49246915e-01  1.05203213e-01]
 [-1.26527097e-01  5.86398356e-02]
 [-6.25560914e-02  2.29079897e-01]
 [-3.28975866e-01  2.43634100e-01]
 [-2.14844600e-01 -4.96680572e-02]
 [ 1.24760919e-01 -3.28640761e-01]
 [-1.07051870e-01  3.49123722e-02]
 [ 3.94035657e-02 -1.25725554e-01]
 [ 1.14638159e-01  6.23284567e-02]
 [ 2.35243751e-02  3.91272557e-02]
 [ 1.04291701e-01 -7.54947717e-02]
 [-6.67035449e-02  1.42777151e-01]
 [ 2.32466397e-01  4.25350085e-02]
 [ 1.63853604e-01  2.46686468e-01]
 [-4.00455730e-02  2.19049010e-01]
 [ 1.07889919e-01 -2.02565483e-01]
 [ 2.23712656e-02  1.88480601e-01]
 [ 1.60042124e-02  4.76561142e-02]
 [ 1.07766631e-02 -2.20381109e-01]
 [ 9.33964360e-03  3.66428930e-01]
 [ 9.39226089e-02 -3.23331762e-01]
 [-3.90560818e-01 -1.48671794e-01]
 [-2.76670922e-01 -1.09179122e-01]
 [-2.18436638e-01  8.06513102e-02]
 [ 2.79640974e-01 -1.41469808e-01]
 [-2.81038384e-01 -2.06771608e-01]
 [-4.78925570e-01  6.42091704e-02]
 [ 2.69571990e-01  1.01271690e-02]
 [ 1.62811472e-01 -1.45016758e-01]
 [-1.24797140e-01  4.02752371e-02]
 [-3.39231516e-01  3.26710032e-02]
 [ 3.90420689e-01 -5.36465008e-02]
 [ 1.16816993e-01  1.41141090e-01]
 [-1.18822398e-01 -1.96283649e-01]
 [-1.11086502e-01  2.13928838e-01]
 [ 3.99502144e-02 -1.44114794e-01]
 [ 2.68239175e-01 -2.42165147e-01]
 [-3.46576668e-01  4.50509256e-02]
 [ 2.38533552e-01  1.45181049e-01]
 [ 9.95231590e-02 -9.68144258e-02]
 [ 9.23061031e-02  3.83336342e-01]
 [-1.72723237e-01 -1.13027736e-01]
 [-6.62110959e-02 -1.35444011e-01]
 [ 1.18275702e-01 -2.47644590e-01]
 [-2.96313060e-01  2.38403158e-02]
 [-1.22055062e-01  1.26465104e-01]
 [ 9.42700653e-02  2.87777551e-01]
 [ 2.54099584e-01 -1.81563499e-01]
 [-9.84282975e-02  1.42785488e-01]
 [-1.34941425e-01 -2.40014027e-01]
 [-2.35311088e-01 -9.86799798e-02]
 [ 3.94583154e-02 -6.62092584e-02]
 [-2.76086191e-01  7.27986920e-02]
 [-8.29054719e-02  1.43618982e-01]
 [-3.45545537e-01 -1.73921313e-01]
 [ 2.77362027e-03 -9.06026848e-02]
 [-2.34177030e-01  2.73994230e-01]
 [-2.66442754e-02 -2.30971980e-02]
 [ 1.44233906e-02 -1.75180088e-01]
 [-5.01985477e-02 -3.67949594e-01]
 [-2.14965911e-01  6.68121409e-01]
 [-1.45209618e-01 -5.03982896e-01]
 [-1.67908633e-01  2.00851062e-01]
 [ 2.16389654e-01  3.37676180e-01]
 [-3.67801006e-01  1.86557118e-01]
 [ 7.85017307e-03  1.96157401e-01]
 [ 2.88027996e-01 -3.17272154e-01]
 [ 1.09371320e-01  2.16796430e-01]
 [ 8.61244698e-04  1.32400060e-01]
 [ 2.00183671e-01 -4.27027860e-02]
 [-6.00945921e-02  1.14813934e-01]
 [ 4.55339100e-02 -2.56016834e-01]
 [-1.60940124e-01 -6.28061073e-02]
 [-1.65897125e-01  2.39542697e-01]
 [ 2.80719836e-02  6.66146131e-02]
 [-1.09424927e-01  1.25275769e-01]
 [-3.25651835e-01 -6.15578411e-02]
 [ 5.26355697e-02  3.22831363e-01]
 [-1.27786263e-01 -1.52022275e-01]
 [ 1.17760894e-01  3.57544177e-01]
 [ 6.06840925e-02 -6.94866156e-02]
 [ 7.42208386e-02  4.50516253e-02]
 [-1.17775563e-01 -2.70303754e-01]
 [-3.69995927e-01  2.95140366e-01]
 [-7.57698886e-02 -5.71352335e-01]
 [-3.84638213e-01  3.50539522e-02]
 [-3.25528715e-01 -1.40126176e-01]
 [ 2.74254783e-02  2.30570067e-01]
 [-1.93679649e-02 -3.53952326e-01]
 [-7.43250551e-02 -3.21755098e-01]
 [-3.25391151e-01  1.11400789e-01]
 [ 2.08474767e-01 -1.76000091e-01]
 [-2.16142942e-01 -4.92951274e-02]
 [ 2.49253994e-01  1.24251480e-01]
 [ 3.91145812e-01  1.32291920e-01]
 [ 1.14546442e-01 -7.55091243e-02]
 [-7.70326693e-02 -6.28264398e-02]
 [ 5.05526845e-02 -1.58925231e-01]
 [ 3.90443836e-01  2.59048695e-01]
 [-7.56636959e-02 -3.53289179e-01]
 [-2.10772018e-02  1.23905018e-01]
 [-4.80256625e-02 -1.09661994e-02]
 [-8.26224630e-02  1.10413283e-02]
 [ 2.84483626e-02 -2.29728930e-01]
 [ 1.03428070e-01 -3.21731082e-01]
 [-1.43070566e-01 -2.66190058e-02]
 [-2.39710685e-01 -4.86227662e-02]
 [ 2.31022061e-01 -6.87478163e-02]
 [-4.56793208e-02 -2.64234584e-01]
 [ 1.83768923e-01 -2.15560048e-01]
 [ 2.40578560e-01 -4.89729031e-01]
 [-3.99185653e-01 -1.32637977e-01]
 [-9.34287258e-02 -7.30526696e-02]
 [ 1.43993227e-01  2.78566623e-01]
 [-1.90898764e-01 -3.14524625e-02]
 [ 2.71556796e-01 -3.34656144e-01]
 [-6.07949385e-02  2.30418731e-01]
 [ 5.70073891e-02  3.58848223e-01]
 [ 1.88380175e-01 -1.65047870e-01]
 [-4.22322206e-01 -3.76536110e-01]
 [-7.72824625e-02  1.62870298e-01]
 [-3.21588090e-01 -2.70103880e-02]
 [-1.91329559e-01 -8.42266667e-02]
 [ 5.74756174e-02 -1.94520859e-01]
 [-2.59757846e-02  1.47397105e-01]
 [-1.35231623e-01  3.45512624e-02]
 [-1.97269118e-01  1.09545456e-01]
 [-4.23982072e-01  3.02996675e-01]
 [-1.40841478e-01 -2.80221316e-02]
 [ 2.12223917e-01  1.21708020e-01]
 [ 2.46010092e-01  1.79498601e-01]
 [-1.31524747e-01 -2.62908312e-01]
 [-1.76966372e-01 -1.83345171e-01]
 [-6.13062746e-01 -7.46614943e-02]
 [-2.94845606e-01  5.39112655e-02]
 [-1.93460191e-01 -1.62332654e-01]
 [ 3.87700873e-01  2.62836935e-01]
 [-9.52331803e-02  4.93154175e-02]
 [ 2.72137769e-01 -2.80160753e-04]
 [-5.88160239e-02  8.30209562e-03]
 [ 2.62191374e-02  6.29059686e-04]
 [-2.02274693e-02  3.11902349e-01]
 [ 1.06012055e-01 -5.95316605e-02]
 [-1.81694552e-01 -6.41242584e-02]
 [ 6.61830492e-02  1.27293051e-01]
 [ 6.22757874e-02 -3.75941702e-01]
 [-9.06529385e-02 -1.93588845e-02]
 [-8.13716036e-02  7.23591459e-02]
 [-9.06610734e-02  4.03558190e-02]
 [ 5.50765557e-02 -2.67431315e-01]
 [ 1.45357853e-01 -3.37817529e-01]
 [ 2.66896305e-01 -3.36481809e-01]
 [ 2.31172731e-01 -5.61558831e-01]
 [-1.43720494e-02  2.44525457e-01]
 [-1.15704656e-01  2.39015060e-01]
 [-3.47819676e-02  3.96935670e-01]
 [ 3.46373378e-01  5.42415560e-01]
 [ 2.19193905e-01 -2.99398506e-01]
 [ 2.53277038e-01  2.93157818e-02]
 [-1.98445570e-01  4.33268296e-02]
 [-1.00028955e-01  2.05658830e-01]
 [-1.93022152e-01 -1.30149506e-01]
 [-5.39830468e-02  1.80231304e-01]
 [-1.53393409e-01 -5.06222115e-01]
 [ 3.04766644e-01  6.30883845e-02]
 [ 2.53259506e-04  2.72269311e-01]
 [-1.25857555e-01  1.57678359e-01]
 [-1.42594221e-01  2.18869218e-01]
 [ 2.14981998e-01 -4.54143817e-02]
 [-3.16308408e-01  7.55978632e-02]
 [ 8.12892133e-02 -9.40482939e-02]]
States:
[[0.99943091 0.99853081 0.53381081 0.46313418 0.51330136 0.59685419]
 [0.99985062 0.99829274 0.52199135 0.46026364 0.36322298 0.5595103 ]
 [0.99972757 0.99802823 0.49279279 0.45730135 0.29198501 0.59537395]
 ...
 [0.70752297 0.12292236 0.97246933 0.10967984 0.2447607  0.7416045 ]
 [0.74046902 0.14065358 0.95558359 0.09707856 0.3052491  0.72684445]
 [0.77320809 0.15910845 0.93555862 0.08505854 0.22819428 0.7440955 ]]
Logstds:
[[-3. -3.]
 [-3. -3.]
 [-3. -3.]
 [-3. -3.]
 [-3. -3.]
 [-3. -3.]
 [-3. -3.]
 [-3. -3.]
 [-3. -3.]
 [-3. -3.]
 [-3. -3.]
 [-3. -3.]
 [-3. -3.]
 [-3. -3.]
 [-3. -3.]
 [-3. -3.]
 [-3. -3.]
 [-3. -3.]
 [-3. -3.]
 [-3. -3.]
 [-3. -3.]
 [-3. -3.]
 [-3. -3.]
 [-3. -3.]
 [-3. -3.]
 [-3. -3.]
 [-3. -3.]
 [-3. -3.]
 [-3. -3.]
 [-3. -3.]
 [-3. -3.]
 [-3. -3.]
 [-3. -3.]
 [-3. -3.]
 [-3. -3.]
 [-3. -3.]
 [-3. -3.]
 [-3. -3.]
 [-3. -3.]
 [-3. -3.]
 [-3. -3.]
 [-3. -3.]
 [-3. -3.]
 [-3. -3.]
 [-3. -3.]
 [-3. -3.]
 [-3. -3.]
 [-3. -3.]
 [-3. -3.]
 [-3. -3.]
 [-3. -3.]
 [-3. -3.]
 [-3. -3.]
 [-3. -3.]
 [-3. -3.]
 [-3. -3.]
 [-3. -3.]
 [-3. -3.]
 [-3. -3.]
 [-3. -3.]
 [-3. -3.]
 [-3. -3.]
 [-3. -3.]
 [-3. -3.]
 [-3. -3.]
 [-3. -3.]
 [-3. -3.]
 [-3. -3.]
 [-3. -3.]
 [-3. -3.]
 [-3. -3.]
 [-3. -3.]
 [-3. -3.]
 [-3. -3.]
 [-3. -3.]
 [-3. -3.]
 [-3. -3.]
 [-3. -3.]
 [-3. -3.]
 [-3. -3.]
 [-3. -3.]
 [-3. -3.]
 [-3. -3.]
 [-3. -3.]
 [-3. -3.]
 [-3. -3.]
 [-3. -3.]
 [-3. -3.]
 [-3. -3.]
 [-3. -3.]
 [-3. -3.]
 [-3. -3.]
 [-3. -3.]
 [-3. -3.]
 [-3. -3.]
 [-3. -3.]
 [-3. -3.]
 [-3. -3.]
 [-3. -3.]
 [-3. -3.]
 [-3. -3.]
 [-3. -3.]
 [-3. -3.]
 [-3. -3.]
 [-3. -3.]
 [-3. -3.]
 [-3. -3.]
 [-3. -3.]
 [-3. -3.]
 [-3. -3.]
 [-3. -3.]
 [-3. -3.]
 [-3. -3.]
 [-3. -3.]
 [-3. -3.]
 [-3. -3.]
 [-3. -3.]
 [-3. -3.]
 [-3. -3.]
 [-3. -3.]
 [-3. -3.]
 [-3. -3.]
 [-3. -3.]
 [-3. -3.]
 [-3. -3.]
 [-3. -3.]
 [-3. -3.]
 [-3. -3.]
 [-3. -3.]
 [-3. -3.]
 [-3. -3.]
 [-3. -3.]
 [-3. -3.]
 [-3. -3.]
 [-3. -3.]
 [-3. -3.]
 [-3. -3.]
 [-3. -3.]
 [-3. -3.]
 [-3. -3.]
 [-3. -3.]
 [-3. -3.]
 [-3. -3.]
 [-3. -3.]
 [-3. -3.]
 [-3. -3.]
 [-3. -3.]
 [-3. -3.]
 [-3. -3.]
 [-3. -3.]
 [-3. -3.]
 [-3. -3.]
 [-3. -3.]
 [-3. -3.]
 [-3. -3.]
 [-3. -3.]
 [-3. -3.]
 [-3. -3.]
 [-3. -3.]
 [-3. -3.]
 [-3. -3.]
 [-3. -3.]
 [-3. -3.]
 [-3. -3.]
 [-3. -3.]
 [-3. -3.]
 [-3. -3.]
 [-3. -3.]
 [-3. -3.]
 [-3. -3.]
 [-3. -3.]
 [-3. -3.]
 [-3. -3.]
 [-3. -3.]
 [-3. -3.]
 [-3. -3.]
 [-3. -3.]
 [-3. -3.]
 [-3. -3.]
 [-3. -3.]
 [-3. -3.]
 [-3. -3.]
 [-3. -3.]
 [-3. -3.]
 [-3. -3.]
 [-3. -3.]
 [-3. -3.]
 [-3. -3.]
 [-3. -3.]
 [-3. -3.]
 [-3. -3.]
 [-3. -3.]
 [-3. -3.]
 [-3. -3.]
 [-3. -3.]
 [-3. -3.]
 [-3. -3.]
 [-3. -3.]
 [-3. -3.]
 [-3. -3.]]
