Baseline:
[1.3730032  1.3886825  1.394407   1.3906472  1.3639494  1.3633193
 1.4100964  1.3810393  1.2987441  1.2746664  1.2391571  1.2507008
 1.2492441  1.2466488  1.2572354  1.2835902  1.3027871  1.2882305
 1.3104683  1.3031144  1.2766105  1.2953296  1.3024719  1.310305
 1.3054231  1.321652   1.313872   1.296481   1.3299441  1.3128763
 1.3176168  1.3295499  1.3609921  1.3704259  1.3826826  1.3121995
 1.3254519  1.2939078  1.2686194  1.2637938  1.2491351  1.2346168
 1.224603   1.1932554  1.1637814  1.1109961  1.0777856  1.0498596
 1.0048051  0.9575762  0.93479276 0.9054387  0.8926307  0.89746386
 0.8968474  0.91675395 0.9480989  0.9675269  0.97241265 0.9937466
 0.99048156 1.0143625  1.0714886  1.0744451  1.0663576  1.0533568
 1.0620711  1.0653205  1.0750562  1.0833768  1.0971664  1.112133
 1.0959886  1.1069697  1.1020607  1.0937611  1.1323906  1.1352254
 1.127018   1.1354202  1.1306844  1.117193   1.1171721  1.1114014
 1.1124407  1.1001135  1.1184572  1.1178662  1.123725   1.1339062
 1.1451122  1.1935302  1.1964698  1.1967152  1.1795962  1.176101
 1.1569484  1.147026   1.1582073  1.1130984  1.1110003  1.1208655
 1.1108613  1.0971966  1.1077839  1.118421   1.1314689  1.1361507
 1.1309532  1.1182214  1.111404   1.1141055  1.1303539  1.1131505
 1.1155452  1.1037678  1.1082414  1.0920721  1.0880107  1.0865439
 1.0954567  1.1008902  1.0678716  1.0726644  1.074052   1.1164303
 1.1344888  1.1330343  1.1061492  1.1069025  1.0963567  1.0919998
 1.0966104  1.0986016  1.0794666  1.0660726  1.0502949  1.0651634
 1.0311636  1.0440694  1.0484481  1.0491068  1.0659287  1.0414929
 1.044365   1.0346731  1.0371448  1.0212129  0.99802846 1.000077
 0.99580973 0.99933285 1.012374   1.0243586  1.0140547  1.0150425
 0.98911744 0.9783674  0.9942065  1.0111724  1.034954   1.043322
 1.0444638  1.0739741  1.087169   1.0896858  1.1039559  1.099389
 1.0903198  1.0806445  1.0612316  1.0644122  1.0819193  1.0981934
 1.1034609  1.1046873  1.1019222  1.0962476  1.0962987  1.1109821
 1.1084584  1.1088214  1.1337143  1.1373585  1.1130376  1.098574
 1.1135243  1.0910834  1.0922828  1.0947713  1.1043729  1.1148092
 1.0949696  1.1009309  1.1120945  1.1325462  1.1552315  1.1728674
 1.1962923  1.2114929  1.2114929 ]
Returns:
[7.95792487 8.00358938 8.0853144  8.13067208 8.15807347 8.24321249
 7.97358755 7.90525339 7.20349762 7.18192455 7.08496439 7.0452158
 7.0809542  7.10760312 7.04488618 6.88136647 6.85306045 6.85824554
 6.80714293 6.82957199 6.64896503 6.622691   6.63765138 6.53458517
 6.545665   6.45077078 6.46909468 6.35134758 6.01088024 5.97300932
 5.98589856 5.93913261 5.63762242 5.60495042 5.23859412 4.53351027
 4.39108074 4.28054961 4.17445336 4.11610978 4.08381367 4.00602607
 3.87929893 3.77004294 3.68493948 3.3598365  3.24108953 3.2150881
 3.10288784 2.85439174 2.71799231 2.70272933 2.68435564 2.67347878
 2.64843962 2.65849971 2.56399767 2.60024853 2.53016149 2.59223699
 2.59501384 2.51477822 2.52313318 2.50698504 2.55460969 2.56760851
 2.61605179 2.64025374 2.71291095 2.82401982 2.92626509 3.01405069
 2.97956994 3.09659434 3.18341889 3.24910356 3.11897769 3.25414446
 3.2703309  3.3241415  3.35693979 3.40113749 3.53969909 3.60523792
 3.74233631 3.7694101  3.80423637 3.79789247 3.8912599  3.81927225
 3.74979258 3.33647352 3.40621879 3.48789951 3.52030947 3.50959135
 3.39885424 3.50350147 3.46823687 3.24711593 3.3271082  3.36863988
 3.32407483 3.38838718 3.40165212 3.41780774 3.40582846 3.45504175
 3.53337945 3.57562356 3.66749442 3.71519597 3.70232274 3.73274362
 3.77842596 3.84877377 3.9213284  3.94839444 4.05062126 3.77678192
 3.78772655 3.84947209 3.63562801 3.66102485 3.66071674 3.58730906
 3.48484958 3.50848312 3.43545673 3.44957685 3.47306257 3.47194872
 3.47244442 3.50668569 3.51463596 3.35078457 3.33696864 3.30292533
 3.18651047 3.17873531 3.19006844 3.12890086 3.05495576 3.01412979
 3.01039285 3.01873119 3.01824766 3.02278474 2.88805513 2.872071
 2.8524209  2.88307401 2.61392276 2.60081083 2.65026663 2.61959145
 2.57271482 2.47440936 2.52978144 2.63793379 2.55456165 2.57579448
 2.6878514  2.71094931 2.83419177 2.9721475  2.91208114 3.02439836
 3.09947353 3.19900847 3.31210495 3.34696964 3.33616866 3.40854238
 3.50716777 3.58966453 3.6788773  3.64469071 3.69773879 3.44177751
 3.42004322 3.37653332 3.21457444 3.1069042  2.95790609 2.88418753
 2.78442717 2.53188849 2.1334997  1.91583447 1.8298553  1.74589757
 1.32168498 1.25579661 0.93139064 0.79531911 0.44470539 0.33228394
 0.21015019 0.12659287]
Advants:
[4.46233614 4.51608911 4.62023256 4.70140958 4.7919723  4.91996404
 4.63959562 4.63820719 4.04070423 4.06711448 4.02970516 4.00291599
 4.06785201 4.12810488 4.08618431 3.9244938  3.90610667 3.95805484
 3.91739623 3.98356622 3.86418387 3.85547767 3.90291561 3.83158141
 3.89097225 3.82354113 3.8978665  3.84673579 3.51465928 3.53863208
 3.59562324 3.5881119  3.3004103  3.30610765 2.96766049 2.35702011
 2.22252502 2.16408666 2.10307873 2.06939229 2.07273024 2.03026647
 1.9325212  1.87278736 1.83516007 1.57395595 1.49783432 1.51003512
 1.45196445 1.25432061 1.14112273 1.15610337 1.15133101 1.13599591
 1.11122473 1.10069562 0.97021557 0.98253112 0.9003483  0.9345256
 0.93363091 0.81876682 0.75682412 0.72283505 0.76411782 0.77526308
 0.80010093 0.80554188 0.85357642 0.94338855 1.02049837 1.08325731
 1.05343664 1.15029707 1.2349027  1.3034399  1.12355413 1.24790033
 1.26438271 1.30260992 1.33351199 1.3857883  1.52278281 1.59457464
 1.73536521 1.78111919 1.80500584 1.80710978 1.90585092 1.83333024
 1.76061923 1.29325554 1.35602149 1.43559145 1.48462821 1.47664774
 1.38140838 1.49555543 1.44721426 1.26370192 1.34019185 1.36676032
 1.32559819 1.39882335 1.39642703 1.39661023 1.36501904 1.40380453
 1.48368787 1.53640114 1.63568636 1.68272595 1.65491683 1.70543844
 1.75320909 1.84273898 1.920961   1.97653851 2.09950763 1.83681302
 1.84941013 1.91892902 1.74684291 1.77756799 1.78680302 1.67929798
 1.564039   1.59560995 1.55507689 1.57494313 1.61707996 1.62921944
 1.63463132 1.6782173  1.71844182 1.57758959 1.59003545 1.55098816
 1.47672893 1.46425891 1.48033889 1.42650333 1.34160065 1.33106738
 1.33060988 1.35587335 1.36067605 1.39019687 1.28502486 1.27335047
 1.2643918  1.29933231 1.01688809 0.9907422  1.05121157 1.01933927
 0.99751262 0.90629963 0.94308621 1.03411239 0.92347089 0.9329485
 1.04361831 1.03674138 1.14968841 1.29246265 1.22378736 1.35042967
 1.44776599 1.57466951 1.73047778 1.78842534 1.78774259 1.87555589
 2.00621642 2.13048076 2.27195984 2.29628404 2.4082571  2.19324223
 2.2338062  2.25344309 2.1297322  2.08349476 2.02558249 2.03694711
 1.99532429 1.83742411 1.50382545 1.34847378 1.32025924 1.2960508
 0.95533588 0.95034503 0.67695131 0.58305958 0.26618215 0.1933304
 0.10534866 0.06601822]
Mus:
[[-1.59114879e-02 -5.40041737e-03]
 [-1.60303097e-02 -5.54031366e-03]
 [-1.60237513e-02 -5.56008238e-03]
 [-1.68068055e-02 -6.28197379e-03]
 [-1.63972359e-02 -6.32845890e-03]
 [-1.60831511e-02 -6.57830667e-03]
 [-1.68481097e-02 -7.09655322e-03]
 [-1.50063122e-02 -6.04437478e-03]
 [-1.06848963e-02 -4.45843162e-03]
 [-8.87185708e-03 -3.83173209e-03]
 [-6.78413408e-03 -3.18967830e-03]
 [-5.71750058e-03 -3.48573108e-03]
 [-4.35897661e-03 -3.24336789e-03]
 [-2.97032692e-03 -2.96747987e-03]
 [-2.48088618e-03 -2.53101066e-03]
 [-2.95992359e-03 -2.38260604e-03]
 [-3.18610086e-03 -2.50813318e-03]
 [-2.01959792e-03 -2.52451212e-03]
 [-2.62526143e-03 -3.09062237e-03]
 [-1.15465606e-03 -2.86852685e-03]
 [ 1.87613769e-03 -1.24129711e-03]
 [ 1.95157249e-03 -1.53997412e-03]
 [ 2.82466295e-03 -1.14513224e-03]
 [ 2.93040439e-03 -4.38596500e-04]
 [ 4.23185620e-03 -4.37457988e-04]
 [ 3.89104895e-03 -6.94603586e-05]
 [ 4.61145118e-03  1.86187666e-04]
 [ 4.48835688e-03  6.69334200e-04]
 [ 1.15166686e-03  2.00609371e-04]
 [ 6.45885011e-04 -2.85328115e-05]
 [-2.58393789e-04 -4.55770642e-04]
 [ 2.94702564e-04 -7.16613489e-04]
 [-2.11822242e-03 -8.60251312e-04]
 [-2.41876673e-03 -1.13221665e-03]
 [-5.04487148e-03 -1.14782027e-03]
 [-7.52023375e-03 -1.28656079e-03]
 [-9.46830306e-03 -2.06544902e-03]
 [-1.17101371e-02 -2.85040797e-03]
 [-1.31214168e-02 -3.94772785e-03]
 [-1.45188617e-02 -4.63421037e-03]
 [-1.54997110e-02 -5.31737367e-03]
 [-1.70511845e-02 -5.74519811e-03]
 [-1.67517588e-02 -6.31785579e-03]
 [-1.74376555e-02 -6.53155753e-03]
 [-1.76588874e-02 -7.06929527e-03]
 [-1.74847394e-02 -6.85957680e-03]
 [-1.74660627e-02 -6.80588651e-03]
 [-1.75624974e-02 -6.99261297e-03]
 [-1.64558329e-02 -6.85595488e-03]
 [-1.37906764e-02 -6.45982288e-03]
 [-1.34624792e-02 -6.85045728e-03]
 [-9.24250204e-03 -5.00334334e-03]
 [-8.05614050e-03 -4.62760311e-03]
 [-6.28929492e-03 -3.80265014e-03]
 [-2.05183495e-03 -1.63693505e-03]
 [ 4.95066575e-04 -2.80246633e-04]
 [ 1.40499964e-03  4.40084796e-06]
 [ 3.08657717e-03  6.11729105e-04]
 [ 7.15646287e-03  2.89106951e-03]
 [ 7.99425319e-03  3.06217046e-03]
 [ 8.86625238e-03  3.30132619e-03]
 [ 1.02796843e-02  4.64500114e-03]
 [ 5.16566541e-03  1.12370786e-03]
 [ 3.38576059e-03 -9.37778896e-05]
 [ 3.25711281e-03 -2.83987698e-04]
 [ 3.20166512e-03 -4.86803590e-04]
 [ 5.22821769e-03  7.57206930e-04]
 [ 6.40678359e-03  1.48860912e-03]
 [ 8.55159853e-03  2.74658715e-03]
 [ 9.58800036e-03  3.30960075e-03]
 [ 1.04860729e-02  3.77699221e-03]
 [ 1.24791395e-02  5.09148836e-03]
 [ 1.27672991e-02  5.53280488e-03]
 [ 1.26511985e-02  5.49312960e-03]
 [ 1.14967544e-02  5.20844990e-03]
 [ 8.42111930e-03  3.89627181e-03]
 [ 1.19598350e-02  5.77820372e-03]
 [ 1.08963018e-02  5.39862784e-03]
 [ 8.38618726e-03  4.39748494e-03]
 [ 6.47031702e-03  3.45807127e-03]
 [ 5.45038423e-03  3.54930479e-03]
 [ 4.25307924e-04  1.31768442e-03]
 [-1.13522448e-03  7.57187954e-04]
 [-4.40416206e-03 -8.19855079e-04]
 [-5.78504661e-03 -1.23983168e-03]
 [-5.41503960e-03 -6.11604773e-04]
 [-4.89313202e-03  1.62943252e-04]
 [-3.96751706e-03  1.12211693e-03]
 [-5.04390057e-03  7.41706463e-04]
 [-8.75886157e-03 -1.19049149e-03]
 [-7.47687649e-03 -1.24428407e-04]
 [-7.47353211e-03  8.88262803e-05]
 [-7.06434995e-03  3.52028233e-04]
 [-7.62915006e-03 -5.54807448e-05]
 [-9.50522907e-03 -1.19504938e-03]
 [-7.95729365e-03 -1.56823531e-04]
 [-1.16493246e-02 -2.29489570e-03]
 [-1.30977007e-02 -2.93181953e-03]
 [-1.20898103e-02 -2.08957749e-03]
 [-1.13303596e-02 -1.81849371e-03]
 [-1.24092307e-02 -2.24963785e-03]
 [-1.41992830e-02 -2.97710323e-03]
 [-1.87912695e-02 -5.32469666e-03]
 [-1.94945727e-02 -5.58488863e-03]
 [-2.01434996e-02 -5.56686101e-03]
 [-2.02830695e-02 -5.43094799e-03]
 [-1.97883863e-02 -4.99852188e-03]
 [-1.93378925e-02 -4.68049012e-03]
 [-1.90345123e-02 -4.53077257e-03]
 [-1.79422460e-02 -4.01420565e-03]
 [-1.80850662e-02 -4.12050262e-03]
 [-1.98924225e-02 -4.98914486e-03]
 [-2.17965748e-02 -5.85042872e-03]
 [-2.06318162e-02 -5.28578134e-03]
 [-2.36119945e-02 -6.74283877e-03]
 [-2.29455568e-02 -6.39796071e-03]
 [-2.27721538e-02 -6.22436078e-03]
 [-2.20003165e-02 -5.82581712e-03]
 [-2.29869559e-02 -6.27723755e-03]
 [-1.97958555e-02 -4.44589648e-03]
 [-1.89875010e-02 -3.76640633e-03]
 [-1.80980898e-02 -3.20865749e-03]
 [-1.65097974e-02 -3.14398529e-03]
 [-1.72262900e-02 -3.35929007e-03]
 [-1.88058838e-02 -4.36056452e-03]
 [-2.45269574e-02 -6.85520843e-03]
 [-2.48231702e-02 -6.73728622e-03]
 [-2.74344552e-02 -8.08353163e-03]
 [-2.87193768e-02 -8.98620673e-03]
 [-3.29596587e-02 -1.09788459e-02]
 [-3.22958715e-02 -1.06398435e-02]
 [-3.19985002e-02 -1.03705795e-02]
 [-3.28480452e-02 -1.06098112e-02]
 [-3.35675851e-02 -1.08875101e-02]
 [-3.32258679e-02 -1.09162824e-02]
 [-3.71886790e-02 -1.31040877e-02]
 [-3.50495875e-02 -1.22617530e-02]
 [-3.64710018e-02 -1.28888479e-02]
 [-3.18126455e-02 -1.12099405e-02]
 [-3.47814113e-02 -1.28345024e-02]
 [-3.63865569e-02 -1.38934841e-02]
 [-3.58443297e-02 -1.38602657e-02]
 [-3.67633440e-02 -1.46659454e-02]
 [-3.28663550e-02 -1.31759457e-02]
 [-3.17232944e-02 -1.30967554e-02]
 [-2.92903651e-02 -1.24575235e-02]
 [-2.76849847e-02 -1.21201584e-02]
 [-2.45657042e-02 -1.11497780e-02]
 [-2.24143323e-02 -1.11158872e-02]
 [-1.78899970e-02 -9.28490888e-03]
 [-1.41173741e-02 -8.05452466e-03]
 [-1.29269911e-02 -7.95385893e-03]
 [-1.51971681e-02 -9.69389174e-03]
 [-1.34518920e-02 -8.88989121e-03]
 [-1.26207257e-02 -8.67738482e-03]
 [-8.75725783e-03 -6.33214787e-03]
 [-5.87513763e-03 -5.15223201e-03]
 [-1.13829726e-03 -2.62647332e-03]
 [ 2.90315412e-03 -4.52671549e-04]
 [ 4.61107679e-03  3.87040607e-04]
 [ 1.77674531e-03 -1.17422058e-03]
 [-3.14709701e-04 -2.32299161e-03]
 [-1.55263429e-03 -2.81068496e-03]
 [-7.62583513e-04 -2.00579409e-03]
 [ 5.40551206e-04 -8.95033590e-04]
 [-1.31892957e-04 -7.73369102e-04]
 [ 2.78253318e-03  1.39453204e-03]
 [ 6.22625346e-04  8.29851138e-04]
 [-2.96959095e-03 -8.44448223e-04]
 [-6.15876261e-03 -2.27659708e-03]
 [-7.25788111e-03 -2.61936523e-03]
 [-1.16526848e-02 -4.62373625e-03]
 [-1.75750088e-02 -7.18051009e-03]
 [-2.02598702e-02 -7.89000094e-03]
 [-2.48505585e-02 -9.74639971e-03]
 [-2.97804978e-02 -1.18896961e-02]
 [-3.34422775e-02 -1.34315342e-02]
 [-3.65318619e-02 -1.46247419e-02]
 [-4.11447734e-02 -1.66294351e-02]
 [-4.74740006e-02 -1.95864681e-02]
 [-4.82763164e-02 -2.00238116e-02]
 [-4.78235707e-02 -1.98297147e-02]
 [-4.82478179e-02 -1.99538544e-02]
 [-5.00700325e-02 -2.14407369e-02]
 [-4.71064895e-02 -2.09605936e-02]
 [-4.34575826e-02 -1.97909307e-02]
 [-4.07868139e-02 -1.95826683e-02]
 [-3.41771431e-02 -1.70328338e-02]
 [-2.82754116e-02 -1.52678899e-02]
 [-2.28390079e-02 -1.35648986e-02]
 [-1.74794290e-02 -1.17636584e-02]
 [-1.23606930e-02 -1.01395138e-02]
 [-3.07160174e-03 -5.90505963e-03]
 [ 8.82658758e-04 -4.29151161e-03]
 [ 4.05908003e-03 -2.71039456e-03]
 [ 5.07094618e-03 -1.90592429e-03]
 [ 4.25343961e-03 -1.73531240e-03]
 [ 2.06684205e-03 -1.75257865e-03]
 [-1.88198918e-03 -2.69509642e-03]
 [-6.74321782e-03 -3.78357223e-03]]
Actions:
[[ 5.62032906e-02  1.81838178e-01]
 [ 7.36057567e-03  7.16796930e-02]
 [-2.32029659e-01  1.78017868e-01]
 [-2.96118896e-01 -1.05958888e-01]
 [-1.54003489e-01  1.56957672e-01]
 [ 2.85152335e-01  4.85557945e-01]
 [-1.09061701e-01 -3.66844048e-01]
 [-5.52271319e-01 -7.10265408e-01]
 [-8.86332530e-02 -2.11947566e-01]
 [-2.15109108e-01 -3.28854848e-01]
 [-7.21008428e-02  2.74767735e-01]
 [-1.54355378e-02  1.50769437e-02]
 [-4.40699922e-02  3.58158250e-03]
 [ 2.48163545e-01  2.84320648e-03]
 [ 3.61747679e-01  9.85886130e-02]
 [ 1.21397685e-01  1.50979115e-01]
 [-2.62844364e-01  2.81760108e-02]
 [ 2.64225421e-02  3.09881703e-01]
 [-1.76124067e-01  1.63849720e-02]
 [-7.87554753e-03 -4.56545395e-01]
 [ 2.12011526e-02  2.66605555e-01]
 [ 6.23786056e-02  2.31322339e-02]
 [ 2.69312460e-01 -1.64525611e-01]
 [-2.17849326e-01  9.87493681e-02]
 [ 2.78391949e-01 -1.75304589e-02]
 [-8.29419921e-02 -8.19806823e-02]
 [ 8.41179998e-03 -3.79624341e-01]
 [ 5.36691721e-01  4.58119056e-02]
 [-1.15366388e-01 -1.77763952e-01]
 [ 3.58258542e-02  6.31122740e-02]
 [-5.23531769e-02  2.96837316e-01]
 [ 5.08174382e-01  1.39411249e-02]
 [ 4.92214762e-02  1.58468154e-01]
 [ 4.71965446e-01 -2.59589833e-01]
 [-1.58435254e-02 -8.04153260e-01]
 [ 2.00467430e-01  1.40416228e-01]
 [-5.10458162e-02 -2.43599420e-01]
 [-3.03980617e-01  6.94411971e-03]
 [ 5.35582094e-03  6.36252754e-02]
 [-1.54771435e-01  3.01984154e-02]
 [ 7.53315516e-02 -1.58937415e-01]
 [-3.03002687e-01  2.33213730e-01]
 [-8.81892771e-02 -2.54279439e-01]
 [-3.47889333e-01 -3.93800961e-02]
 [-1.04985369e-01 -5.19195984e-01]
 [-5.05297284e-02 -2.87880847e-01]
 [-1.36115268e-01 -8.97162769e-02]
 [-3.22676275e-01 -2.14746565e-01]
 [-5.85247673e-01 -4.65709635e-02]
 [-3.09455719e-01  3.06292134e-01]
 [-1.20049588e-01 -1.98493856e-01]
 [-1.63172587e-01  1.80666000e-01]
 [ 1.07089112e-01  1.61154486e-01]
 [ 1.81474744e-01 -1.10125314e-01]
 [ 1.87413925e-01  4.35165331e-02]
 [ 1.48209001e-01  3.41597739e-01]
 [ 3.78286390e-02  1.55984478e-01]
 [ 2.21405544e-01 -2.78215830e-01]
 [-5.40639138e-02  1.09748999e-01]
 [-2.96002364e-01 -1.00557367e-01]
 [ 3.50350700e-01 -5.41613139e-02]
 [-4.85370639e-02  2.26002641e-01]
 [-2.39331098e-01 -1.89870295e-01]
 [-2.00810399e-01 -7.49335795e-02]
 [-2.96740112e-01 -2.86866372e-02]
 [ 9.43459487e-02 -1.86709679e-01]
 [-7.79145709e-04 -2.66459907e-01]
 [ 1.23218338e-01 -1.29091286e-01]
 [ 2.78012607e-02  6.47855396e-02]
 [ 7.98784443e-02  1.49724397e-01]
 [ 1.92208283e-01 -3.05113515e-02]
 [-1.85778965e-01 -3.52915196e-01]
 [ 3.27126947e-02  1.66028617e-01]
 [-1.71059163e-01 -1.72476378e-01]
 [-2.88924936e-01 -8.00719631e-02]
 [ 4.71949018e-01  1.49834066e-01]
 [-4.45320531e-02  4.27842212e-02]
 [-2.04115767e-01 -3.01465768e-01]
 [ 4.40872407e-03  2.89295243e-01]
 [-6.65565051e-02 -3.32390305e-01]
 [-3.13422821e-01  1.01210021e-01]
 [-4.26307660e-02  7.75061855e-02]
 [-1.38773066e-01  2.52218794e-01]
 [ 3.45185834e-02  7.45866262e-02]
 [-5.17863807e-02 -3.56961832e-01]
 [ 2.93362425e-01 -3.30005182e-02]
 [ 1.97892897e-01 -3.03899926e-01]
 [ 7.91802974e-02  8.90417976e-02]
 [-1.18182523e-01  4.27528155e-01]
 [ 3.65539346e-01 -1.64966710e-01]
 [ 5.09504473e-01  4.39616890e-01]
 [ 1.10810532e-01 -2.36533889e-02]
 [-5.36244034e-02  8.84705378e-02]
 [-3.06682843e-01  2.16852623e-02]
 [ 2.14387215e-01 -2.53248282e-01]
 [-4.58873506e-01  1.87168723e-01]
 [-7.79945385e-02 -4.08591709e-02]
 [ 3.17908156e-01 -1.05974095e-01]
 [-3.32614862e-01 -4.83498520e-01]
 [-2.34481824e-02  4.74894132e-03]
 [ 4.95549385e-02  1.65613328e-01]
 [-3.26011504e-01  2.14936944e-01]
 [-7.18542239e-02 -1.71547415e-01]
 [ 2.09551292e-01  6.62379547e-03]
 [ 1.96252520e-01  1.72931275e-02]
 [ 2.51259542e-01  2.61685043e-02]
 [ 1.24120319e-01 -2.60338825e-02]
 [-2.33854847e-02 -8.45210664e-02]
 [-5.55870151e-02 -2.28053620e-01]
 [-7.38158070e-02 -3.59542551e-02]
 [-6.41321073e-02  1.89797552e-01]
 [ 8.28309610e-02  2.59057154e-01]
 [-7.07852282e-02 -2.66958096e-01]
 [-1.41518905e-01  1.99867216e-01]
 [-2.55117980e-02 -1.86251232e-01]
 [ 1.17982655e-01  8.20625760e-03]
 [-5.62138155e-02 -2.78582431e-01]
 [-7.75343456e-02  5.86054961e-03]
 [ 2.87176985e-01 -4.98795559e-01]
 [ 2.04025211e-01 -7.50867429e-02]
 [ 8.76516198e-02 -1.30402280e-02]
 [-5.72330562e-01 -1.46401978e-01]
 [ 1.81596326e-02  1.30793729e-01]
 [-2.50877883e-01  1.61106022e-01]
 [ 1.81443619e-01 -2.63867540e-01]
 [ 3.01649373e-01  1.23631275e-01]
 [-2.28521138e-01  9.35402831e-02]
 [-4.12253457e-01 -1.36140157e-01]
 [-1.75243732e-01  1.55322817e-01]
 [ 4.58610163e-02 -1.51738148e-01]
 [ 1.29877226e-01 -1.01033138e-01]
 [ 1.54685596e-01  2.70141692e-02]
 [ 5.32928664e-02  4.72827903e-03]
 [-2.10770285e-01 -1.44189887e-01]
 [-4.86141794e-01  1.35013472e-01]
 [-1.84713869e-02 -2.25031142e-01]
 [ 1.40537705e-01  1.09250577e-01]
 [-2.44282373e-01 -3.44027040e-01]
 [-1.64666377e-01  7.29803289e-02]
 [-1.15366576e-01 -9.43559701e-02]
 [ 3.45830481e-02 -2.91467229e-01]
 [ 3.19240236e-02  2.33895533e-01]
 [-8.11728676e-02 -2.62256126e-01]
 [-2.20617265e-02  5.94525302e-02]
 [-1.02729105e-01 -5.62230573e-02]
 [ 5.62140156e-03  4.50285540e-02]
 [-1.42322609e-01 -1.08914172e-01]
 [-4.48785037e-01  2.58014956e-02]
 [ 1.02706050e-01 -1.02142307e-01]
 [-1.06150088e-01 -2.31510100e-01]
 [-7.95420261e-02  5.65184641e-02]
 [-1.14027005e-01  5.38826270e-01]
 [ 1.71265202e-01  9.61181799e-02]
 [-1.54685772e-01 -4.38027025e-03]
 [ 1.94933682e-01 -2.38662887e-01]
 [-2.98143344e-01 -2.59357871e-01]
 [-1.35869822e-01 -4.20997005e-01]
 [ 1.27673414e-01 -1.37074254e-01]
 [ 1.43595162e-02  5.91089560e-02]
 [-3.04193346e-02  4.49640603e-01]
 [-1.50540249e-01  3.09705952e-01]
 [-1.54172623e-01  1.14615919e-01]
 [ 2.60833394e-01  1.84146825e-01]
 [ 8.08417134e-02 -7.16659278e-02]
 [-3.10948098e-02 -6.73159656e-02]
 [ 2.16135046e-01 -3.71084267e-01]
 [-1.30176623e-01 -1.27196276e-01]
 [-2.25765652e-01  1.67843336e-01]
 [-1.78664774e-01  1.53420215e-01]
 [-1.72839095e-01 -9.22087602e-02]
 [-1.72460091e-01  3.02712792e-01]
 [ 6.10572853e-02  3.74307005e-01]
 [ 1.97625157e-01  4.49133191e-02]
 [-5.29764428e-02  1.07159628e-01]
 [-1.66700181e-01  1.14266261e-01]
 [-1.83597210e-01  3.92994052e-02]
 [-3.98541791e-01 -1.37060809e-01]
 [-2.10245773e-01 -9.62199117e-03]
 [ 3.70173295e-01  2.88308211e-01]
 [ 1.20615688e-01 -1.54604598e-01]
 [ 7.72693054e-02 -2.37975947e-01]
 [ 3.14117785e-01  2.00049334e-02]
 [-2.35015158e-01  3.21587089e-01]
 [-4.87510141e-01 -9.09153025e-02]
 [-2.43968806e-01 -2.36087377e-01]
 [-1.28428931e-01  2.62045649e-01]
 [-3.51378723e-01 -4.23507887e-01]
 [-6.89864968e-01  6.24731103e-02]
 [ 2.79449840e-01  8.36834743e-02]
 [ 4.56271488e-02  4.59597279e-02]
 [-1.35981965e-02  1.52068183e-01]
 [ 3.59783288e-02 -5.82990459e-01]
 [-1.46457310e-01 -1.94240179e-02]
 [ 4.24067942e-01 -1.44896848e-01]
 [-2.83153394e-01 -1.06664927e-01]
 [-5.63371921e-01 -3.37925099e-02]
 [-3.80421269e-02 -1.83454737e-01]
 [ 1.26675584e-01  7.59848154e-02]
 [-7.70796749e-02 -1.08004477e-02]
 [ 1.07920815e-01  7.02465782e-02]]
States:
[[0.99968464 0.9983025  0.49151947 0.53962451 0.51341796 0.59698453]
 [0.99972392 0.99798215 0.4926806  0.54319539 0.52781007 0.64463507]
 [0.99979721 0.99710918 0.49509438 0.5516805  0.52940295 0.66247918]
 ...
 [0.01490441 0.64762276 0.36694062 0.0310936  0.         0.52140177]
 [0.         0.6376421  0.48718162 0.02777409 0.         0.54284121]
 [0.00377661 0.62911538 0.60536386 0.02509908 0.         0.54112462]]
Logstds:
[[-3. -3.]
 [-3. -3.]
 [-3. -3.]
 [-3. -3.]
 [-3. -3.]
 [-3. -3.]
 [-3. -3.]
 [-3. -3.]
 [-3. -3.]
 [-3. -3.]
 [-3. -3.]
 [-3. -3.]
 [-3. -3.]
 [-3. -3.]
 [-3. -3.]
 [-3. -3.]
 [-3. -3.]
 [-3. -3.]
 [-3. -3.]
 [-3. -3.]
 [-3. -3.]
 [-3. -3.]
 [-3. -3.]
 [-3. -3.]
 [-3. -3.]
 [-3. -3.]
 [-3. -3.]
 [-3. -3.]
 [-3. -3.]
 [-3. -3.]
 [-3. -3.]
 [-3. -3.]
 [-3. -3.]
 [-3. -3.]
 [-3. -3.]
 [-3. -3.]
 [-3. -3.]
 [-3. -3.]
 [-3. -3.]
 [-3. -3.]
 [-3. -3.]
 [-3. -3.]
 [-3. -3.]
 [-3. -3.]
 [-3. -3.]
 [-3. -3.]
 [-3. -3.]
 [-3. -3.]
 [-3. -3.]
 [-3. -3.]
 [-3. -3.]
 [-3. -3.]
 [-3. -3.]
 [-3. -3.]
 [-3. -3.]
 [-3. -3.]
 [-3. -3.]
 [-3. -3.]
 [-3. -3.]
 [-3. -3.]
 [-3. -3.]
 [-3. -3.]
 [-3. -3.]
 [-3. -3.]
 [-3. -3.]
 [-3. -3.]
 [-3. -3.]
 [-3. -3.]
 [-3. -3.]
 [-3. -3.]
 [-3. -3.]
 [-3. -3.]
 [-3. -3.]
 [-3. -3.]
 [-3. -3.]
 [-3. -3.]
 [-3. -3.]
 [-3. -3.]
 [-3. -3.]
 [-3. -3.]
 [-3. -3.]
 [-3. -3.]
 [-3. -3.]
 [-3. -3.]
 [-3. -3.]
 [-3. -3.]
 [-3. -3.]
 [-3. -3.]
 [-3. -3.]
 [-3. -3.]
 [-3. -3.]
 [-3. -3.]
 [-3. -3.]
 [-3. -3.]
 [-3. -3.]
 [-3. -3.]
 [-3. -3.]
 [-3. -3.]
 [-3. -3.]
 [-3. -3.]
 [-3. -3.]
 [-3. -3.]
 [-3. -3.]
 [-3. -3.]
 [-3. -3.]
 [-3. -3.]
 [-3. -3.]
 [-3. -3.]
 [-3. -3.]
 [-3. -3.]
 [-3. -3.]
 [-3. -3.]
 [-3. -3.]
 [-3. -3.]
 [-3. -3.]
 [-3. -3.]
 [-3. -3.]
 [-3. -3.]
 [-3. -3.]
 [-3. -3.]
 [-3. -3.]
 [-3. -3.]
 [-3. -3.]
 [-3. -3.]
 [-3. -3.]
 [-3. -3.]
 [-3. -3.]
 [-3. -3.]
 [-3. -3.]
 [-3. -3.]
 [-3. -3.]
 [-3. -3.]
 [-3. -3.]
 [-3. -3.]
 [-3. -3.]
 [-3. -3.]
 [-3. -3.]
 [-3. -3.]
 [-3. -3.]
 [-3. -3.]
 [-3. -3.]
 [-3. -3.]
 [-3. -3.]
 [-3. -3.]
 [-3. -3.]
 [-3. -3.]
 [-3. -3.]
 [-3. -3.]
 [-3. -3.]
 [-3. -3.]
 [-3. -3.]
 [-3. -3.]
 [-3. -3.]
 [-3. -3.]
 [-3. -3.]
 [-3. -3.]
 [-3. -3.]
 [-3. -3.]
 [-3. -3.]
 [-3. -3.]
 [-3. -3.]
 [-3. -3.]
 [-3. -3.]
 [-3. -3.]
 [-3. -3.]
 [-3. -3.]
 [-3. -3.]
 [-3. -3.]
 [-3. -3.]
 [-3. -3.]
 [-3. -3.]
 [-3. -3.]
 [-3. -3.]
 [-3. -3.]
 [-3. -3.]
 [-3. -3.]
 [-3. -3.]
 [-3. -3.]
 [-3. -3.]
 [-3. -3.]
 [-3. -3.]
 [-3. -3.]
 [-3. -3.]
 [-3. -3.]
 [-3. -3.]
 [-3. -3.]
 [-3. -3.]
 [-3. -3.]
 [-3. -3.]
 [-3. -3.]
 [-3. -3.]
 [-3. -3.]
 [-3. -3.]
 [-3. -3.]
 [-3. -3.]
 [-3. -3.]
 [-3. -3.]
 [-3. -3.]
 [-3. -3.]
 [-3. -3.]]
