Baseline:
[0.4929209  0.4804104  0.48160186 0.48584342 0.46759805 0.44295764
 0.4299888  0.42608613 0.43220302 0.44042346 0.43683693 0.427294
 0.4202887  0.4150377  0.40060484 0.39051762 0.37774727 0.36638123
 0.35508904 0.35545322 0.34902987 0.3598956  0.37306193 0.35115403
 0.35265326 0.34793594 0.34685132 0.35899293 0.37564892 0.37873134
 0.36137885 0.3468205  0.34039345 0.3395916  0.3156965  0.30908984
 0.29732865 0.28958914 0.26775268 0.24492463 0.22859462 0.21576777
 0.19763653 0.1764486  0.15284686 0.14074142 0.12002424 0.10325767
 0.10487586 0.11075303 0.1184639  0.13030168 0.19980119 0.20315547
 0.20288648 0.23087536 0.21665043 0.21344118 0.20580627 0.18465526
 0.1686263  0.1542512  0.13316052 0.12491804 0.13959114 0.13542722
 0.14675656 0.16144562 0.17788349 0.17841499 0.18588215 0.18078148
 0.18703778 0.1925033  0.1994851  0.1934996  0.20108296 0.2117425
 0.22223727 0.23087256 0.2447721  0.2670533  0.2879142  0.30301037
 0.3290868  0.34266564 0.3565056  0.3604577  0.3668273  0.3661174
 0.35963693 0.34569594 0.33317605 0.31810907 0.30238318 0.28803077
 0.27526793 0.25924793 0.24239759 0.22350392 0.20403914 0.2025223
 0.18038288 0.17544404 0.16016304 0.15948106 0.15059987 0.14278594
 0.12734714 0.12964027 0.10717245 0.10196718 0.10721508 0.10333202
 0.10824669 0.10737793 0.10804422 0.10577971 0.12260822 0.1513583
 0.15644348 0.14857663 0.16506596 0.16027837 0.18391123 0.19983415
 0.19617614 0.21127827 0.20377879 0.2213134  0.20533852 0.20759961
 0.21675618 0.23986125 0.23563    0.24664378 0.24835889 0.22785239
 0.24740566 0.25672042 0.24679026 0.23937373 0.24550669 0.22985834
 0.21901375 0.21913967 0.2045734  0.20609681 0.2331336  0.2607117
 0.2527831  0.28571004 0.26757452 0.26313144 0.27302775 0.28070608
 0.30737755 0.3290119  0.35774302 0.36158717 0.36748546 0.39856413
 0.42437664 0.43054485 0.44442517 0.4510745  0.45535144 0.442047
 0.42134565 0.41735217 0.4389828  0.45032343 0.46134588 0.47699875
 0.4846684  0.4853981  0.47427458 0.48510802 0.48707196 0.48704994
 0.47603363 0.46297267 0.44219545 0.4335073  0.43125832 0.4221885
 0.41868588 0.40177426 0.39124858 0.3813769  0.36579978 0.35618404
 0.34599936 0.32925257 0.3106377  0.29797605 0.28513914 0.26890326
 0.25351825 0.23159392 0.23159392]
Returns:
[ 0.87221443  0.71648057  0.74694435  0.76712914  0.68904643  0.37066214
  0.28246933  0.29299786  0.21562757  0.11793547  0.11343208  0.10692813
  0.10521847  0.06790186  0.03676773 -0.0019261   0.01503376 -0.3125425
 -0.40780073 -0.34699936 -0.25621058 -0.5478327  -0.55148116 -0.72391036
 -0.76195776 -0.7530824  -0.67527289 -0.70354222 -0.85774232 -0.80834659
 -0.81956962 -0.76850857 -0.69175339 -0.61143612 -0.65026045 -0.56995787
 -0.46810742 -0.3730035  -0.41080629 -0.3551682  -0.27995333 -0.1763031
 -0.08917396 -0.13337595 -0.34246263 -0.27145051 -0.16856318 -0.06466952
  0.02417197  0.0495064  -0.051822   -0.08337393 -0.5729323  -0.49236567
 -0.44861048 -0.66831632 -0.59590787 -0.665815   -0.59958785 -0.5853262
 -0.54021647 -0.53826991 -0.60422226 -0.53653606 -0.53768468 -0.51573148
 -0.48973381 -0.47364254 -0.46811381 -0.37844203 -0.27358655 -0.82068071
 -0.74512498 -0.68695587 -0.62375395 -0.59309619 -0.65208877 -0.56208894
 -0.50954135 -0.43016059 -0.34109367 -0.27440857 -0.25032456 -0.16810845
 -0.33543999 -0.2241936  -0.1274239  -0.01310463  0.05686727 -0.16415694
 -0.11464046 -0.43415394 -0.44892891 -0.40484889 -0.34830164 -0.40186544
 -0.34574516 -0.33257304 -0.37728333 -0.39839042 -0.3431297  -0.47733628
 -0.63998359 -0.71368833 -0.64520298 -0.74702525 -0.68664732 -0.60197507
 -0.56859668 -0.58796606 -0.82889241 -0.75507396 -0.77100419 -0.88728383
 -0.86746329 -0.80273961 -0.86661281 -0.82829628 -0.75536016 -0.76491008
 -0.67146311 -0.59335725 -0.52335982 -0.48878502 -0.61337709 -0.53422657
 -0.41884056 -0.39768118 -0.31703817 -0.2132336  -0.35556418 -0.43563291
 -0.30805898 -0.24400291 -0.11190311  0.03370751  0.02238256  0.03491575
  0.1161293   0.21306379  0.06371405  0.14207639  0.29514063  0.33420073
  0.44738624  0.47361217  0.46229581  0.2891182   0.256948    0.25617707
  0.30830675  0.14298094  0.20884925  0.32119299  0.43503223  0.57118339
  0.45612292  0.53323976  0.54824051  0.66908469  0.81707813  0.74435694
  0.81283451  0.73518685  0.67847073  0.64455846  0.72969703  0.74418587
  0.7032891   0.7478748   0.52442394  0.42786702  0.41468406  0.39103497
  0.46061956  0.54578329  0.33270862  0.29005599  0.35081424  0.27072039
  0.30554141  0.34847236  0.28313743  0.25624745  0.31365826  0.35643417
  0.38020251  0.31543119  0.32316316  0.3971179   0.35435669  0.41756051
  0.48618912  0.35646262  0.42100206  0.44354416  0.44038415  0.53746851
  0.54660866  0.4268055 ]
Advants:
[ 4.76963099e-01  3.49361059e-01  3.96490773e-01  4.32305719e-01
  3.92182290e-01  1.10746820e-01  4.65532860e-02  7.34008746e-02
  8.05735009e-04 -9.65625329e-02 -8.82356354e-02 -7.50714398e-02
 -5.86243059e-02 -7.95801336e-02 -8.47417696e-02 -1.01710457e-01
 -5.84314267e-02 -3.69718340e-01 -4.50938565e-01 -3.85652447e-01
 -2.80171772e-01 -5.83042017e-01 -6.00791815e-01 -7.56983067e-01
 -8.03905756e-01 -7.97897077e-01 -7.24792973e-01 -7.72737012e-01
 -9.57052134e-01 -9.23912025e-01 -9.31888389e-01 -8.79546985e-01
 -8.08201192e-01 -7.37417991e-01 -7.64025364e-01 -6.87101166e-01
 -5.80811408e-01 -4.82732873e-01 -5.04363778e-01 -4.29618010e-01
 -3.39279139e-01 -2.20508428e-01 -1.09503550e-01 -1.26995536e-01
 -3.12224639e-01 -2.26258793e-01 -9.57405436e-02  3.61541445e-02
  1.38266566e-01  1.74483084e-01  8.02584070e-02  5.16033279e-02
 -5.08755094e-01 -4.30566125e-01 -3.84120557e-01 -6.36848288e-01
 -5.52997279e-01 -6.24777377e-01 -5.54146081e-01 -5.21144172e-01
 -4.60730698e-01 -4.44691251e-01 -4.91246632e-01 -4.14807658e-01
 -4.30564932e-01 -4.03570137e-01 -3.87495705e-01 -3.84524224e-01
 -3.94067827e-01 -3.00688764e-01 -1.95688572e-01 -7.46184464e-01
 -6.83968404e-01 -6.37321606e-01 -5.85935456e-01 -5.53404674e-01
 -6.26502465e-01 -5.51785790e-01 -5.13449846e-01 -4.44549873e-01
 -3.69060463e-01 -3.22933767e-01 -3.17741402e-01 -2.46408618e-01
 -4.41226543e-01 -3.42068373e-01 -2.54956231e-01 -1.36636922e-01
 -6.24380263e-02 -2.78066842e-01 -2.15253424e-01 -5.22879414e-01
 -5.27432697e-01 -4.68950379e-01 -3.95163323e-01 -4.33944545e-01
 -3.62464212e-01 -3.29550774e-01 -3.54234060e-01 -3.53068637e-01
 -2.72365383e-01 -4.02671911e-01 -5.44939192e-01 -6.17741150e-01
 -5.35763980e-01 -6.41973897e-01 -5.76074250e-01 -4.84373321e-01
 -4.34898472e-01 -4.56517277e-01 -6.81684818e-01 -6.07497602e-01
 -6.34579240e-01 -7.56858420e-01 -7.52216006e-01 -6.95732704e-01
 -7.72153383e-01 -7.43210564e-01 -6.97997333e-01 -7.49304302e-01
 -6.72324667e-01 -5.96044776e-01 -5.51400302e-01 -5.20439215e-01
 -6.82365414e-01 -6.32050771e-01 -5.23337937e-01 -5.28304628e-01
 -4.49399123e-01 -3.70484872e-01 -5.08730784e-01 -6.06509989e-01
 -5.01195736e-01 -4.73197531e-01 -3.46706276e-01 -2.18624651e-01
 -2.39138249e-01 -2.13186899e-01 -1.57311771e-01 -7.32601274e-02
 -2.20863700e-01 -1.41313040e-01  3.40374555e-03  5.74010597e-02
  1.84495423e-01  2.14727968e-01  2.22562952e-01  4.74344769e-02
 -1.40675232e-02 -4.57838461e-02  1.24777796e-02 -1.93856238e-01
 -1.16024014e-01 -2.32258816e-03  1.01486849e-01  2.33788193e-01
  9.18274401e-02  1.48777579e-01  1.36215214e-01  2.58101344e-01
  4.09893477e-01  3.13406390e-01  3.65326713e-01  2.88962262e-01
  2.24268655e-01  1.88858218e-01  2.77810723e-01  3.15243696e-01
  3.04884554e-01  3.65640377e-01  1.26192967e-01  2.10724362e-02
 -8.68014830e-04 -3.89275815e-02  2.62504649e-02  1.16836922e-01
 -8.46835313e-02 -1.39356494e-01 -8.00317997e-02 -1.62004538e-01
 -1.16812369e-01 -5.97888824e-02 -1.04605181e-01 -1.23650577e-01
 -6.30610637e-02 -8.60293190e-03  2.23463895e-02 -2.30017847e-02
 -1.45401761e-03  8.85353831e-02  6.71985124e-02  1.48615592e-01
  2.39196311e-01  1.35492236e-01  2.31284133e-01  2.81290836e-01
  3.07330967e-01  4.41913139e-01  4.90269980e-01  4.15225804e-01]
Mus:
[[-2.78402884e-02 -1.17835272e-02]
 [-2.82281190e-02 -1.28039196e-02]
 [-2.74528880e-02 -1.26991002e-02]
 [-2.67168228e-02 -1.24859381e-02]
 [-2.58368682e-02 -1.23239635e-02]
 [-2.39295736e-02 -1.21480264e-02]
 [-2.18727179e-02 -1.12685962e-02]
 [-2.01639943e-02 -1.09423986e-02]
 [-1.82813145e-02 -1.09399660e-02]
 [-1.60909798e-02 -9.92806163e-03]
 [-1.28504084e-02 -8.95053707e-03]
 [-8.97072908e-03 -7.83193391e-03]
 [-4.81756916e-03 -6.52073324e-03]
 [-1.18525443e-03 -4.81748488e-03]
 [ 2.93120812e-03 -3.14778835e-03]
 [ 6.46273559e-03 -1.40279660e-03]
 [ 1.02347685e-02 -1.15354065e-04]
 [ 1.13014085e-02  1.65597501e-03]
 [ 1.36540346e-02  1.48278952e-03]
 [ 1.32362498e-02  1.44654349e-03]
 [ 1.31499525e-02  1.45002245e-03]
 [ 9.74921975e-03  1.70633674e-03]
 [ 8.31011683e-03  1.03140972e-03]
 [ 7.82179460e-03  1.17950118e-03]
 [ 7.72125926e-03  4.70379542e-04]
 [ 5.79116587e-03  6.78903816e-05]
 [ 3.82302213e-03 -7.61137810e-04]
 [ 1.62469209e-04 -1.59480469e-03]
 [-1.45624741e-03 -2.02776841e-03]
 [-2.15160567e-03 -2.32500117e-03]
 [-4.36307071e-03 -3.23307258e-03]
 [-6.26390567e-03 -3.96701600e-03]
 [-7.66729983e-03 -4.33188071e-03]
 [-8.57238844e-03 -4.46373178e-03]
 [-9.59513988e-03 -4.88390354e-03]
 [-1.09830070e-02 -5.27263805e-03]
 [-1.20360935e-02 -5.57457423e-03]
 [-1.34456372e-02 -6.12432836e-03]
 [-1.22151468e-02 -5.38227335e-03]
 [-1.23252813e-02 -5.55701973e-03]
 [-1.45896692e-02 -6.61041494e-03]
 [-1.68492403e-02 -7.57620949e-03]
 [-1.91009007e-02 -8.72555934e-03]
 [-2.08940376e-02 -9.54602752e-03]
 [-2.08347160e-02 -9.14273504e-03]
 [-2.30121389e-02 -9.69689526e-03]
 [-2.34476812e-02 -9.67225432e-03]
 [-2.22454648e-02 -8.98395572e-03]
 [-2.26721875e-02 -8.88251606e-03]
 [-2.43018214e-02 -9.59705934e-03]
 [-2.22998168e-02 -7.97978509e-03]
 [-2.22971495e-02 -7.64503190e-03]
 [-2.92251986e-02 -1.10647455e-02]
 [-3.09875645e-02 -1.21210590e-02]
 [-3.33103985e-02 -1.34882946e-02]
 [-3.74867879e-02 -1.56880114e-02]
 [-3.77746187e-02 -1.57422535e-02]
 [-4.11601737e-02 -1.78588126e-02]
 [-4.30777743e-02 -1.90771092e-02]
 [-4.43357602e-02 -2.00718287e-02]
 [-4.46527228e-02 -2.03259345e-02]
 [-4.43052612e-02 -2.07101163e-02]
 [-4.19543944e-02 -2.04328634e-02]
 [-4.00208235e-02 -2.00806540e-02]
 [-3.94405127e-02 -1.99999399e-02]
 [-3.77989896e-02 -2.01946497e-02]
 [-3.56387198e-02 -1.97960995e-02]
 [-3.35440561e-02 -1.92963444e-02]
 [-3.11415885e-02 -1.90345701e-02]
 [-2.74414755e-02 -1.77844800e-02]
 [-2.38281079e-02 -1.64979547e-02]
 [-1.81407500e-02 -1.41238337e-02]
 [-1.34473369e-02 -1.21373441e-02]
 [-1.03041111e-02 -1.08708153e-02]
 [-8.17789882e-03 -1.00277802e-02]
 [-4.41635121e-03 -7.93790165e-03]
 [-2.98077078e-03 -7.38257589e-03]
 [-1.63863436e-03 -6.68533985e-03]
 [-1.05030416e-03 -6.17838651e-03]
 [-1.55924482e-03 -5.74052101e-03]
 [-4.13324311e-03 -6.44547399e-03]
 [-7.91720487e-03 -7.86814559e-03]
 [-1.12250261e-02 -8.67053494e-03]
 [-1.53931165e-02 -9.41384025e-03]
 [-2.09354050e-02 -1.18076215e-02]
 [-2.58239955e-02 -1.31100006e-02]
 [-3.07780635e-02 -1.49688069e-02]
 [-3.41577679e-02 -1.58978198e-02]
 [-3.75441574e-02 -1.72387697e-02]
 [-3.80146503e-02 -1.68120675e-02]
 [-3.88273746e-02 -1.70587432e-02]
 [-3.72704901e-02 -1.61703583e-02]
 [-3.83598246e-02 -1.68846417e-02]
 [-3.99500951e-02 -1.77020375e-02]
 [-4.19833325e-02 -1.86676029e-02]
 [-4.32274416e-02 -1.92034338e-02]
 [-4.38679978e-02 -1.95444990e-02]
 [-4.44022976e-02 -1.96157843e-02]
 [-4.37234640e-02 -1.90929640e-02]
 [-4.24985588e-02 -1.86717976e-02]
 [-4.14194316e-02 -1.86955966e-02]
 [-4.14193235e-02 -1.88896563e-02]
 [-3.82684581e-02 -1.72015000e-02]
 [-3.70613709e-02 -1.66005194e-02]
 [-3.47218849e-02 -1.58117767e-02]
 [-3.30558680e-02 -1.59882735e-02]
 [-3.01057547e-02 -1.51601145e-02]
 [-2.70877667e-02 -1.39837181e-02]
 [-2.29799617e-02 -1.26091465e-02]
 [-2.14393921e-02 -1.22395493e-02]
 [-1.47960288e-02 -9.28944442e-03]
 [-1.07593518e-02 -7.57545652e-03]
 [-7.95143656e-03 -6.57628989e-03]
 [-2.08263635e-03 -3.21684475e-03]
 [ 1.11186862e-04 -2.87136086e-03]
 [ 2.30398891e-03 -2.23431480e-03]
 [ 8.15203600e-03  5.16783330e-04]
 [ 9.95591935e-03  8.74150195e-04]
 [ 8.22456554e-03 -8.74236866e-04]
 [ 7.40736909e-03 -1.62679027e-03]
 [ 7.67300045e-03 -1.59776001e-03]
 [ 9.90576763e-03 -2.42339418e-04]
 [ 1.18471319e-02  9.22994805e-04]
 [ 1.10361557e-02  2.08900761e-04]
 [ 1.71041172e-02  3.68634937e-03]
 [ 1.99089702e-02  5.19208610e-03]
 [ 2.06783284e-02  5.67215774e-03]
 [ 1.91938002e-02  4.54991171e-03]
 [ 1.73015222e-02  3.57009610e-03]
 [ 1.84555817e-02  4.29279450e-03]
 [ 1.14548961e-02  7.25825608e-04]
 [ 1.75054763e-02  4.33123391e-03]
 [ 1.62108969e-02  3.86984274e-03]
 [ 1.68751013e-02  4.40814532e-03]
 [ 1.48184979e-02  3.73077230e-03]
 [ 1.37206325e-02  3.51491454e-03]
 [ 1.45022301e-02  4.69890237e-03]
 [ 1.15462877e-02  3.33365123e-03]
 [ 1.19704241e-02  4.04169224e-03]
 [ 1.04719689e-02  3.10155842e-03]
 [ 4.31608921e-03 -3.02161294e-04]
 [-2.60463887e-04 -2.02724664e-03]
 [-4.14153282e-03 -3.53521993e-03]
 [-9.02672391e-03 -5.64957317e-03]
 [-1.28230983e-02 -7.12666661e-03]
 [-1.39556304e-02 -6.80240570e-03]
 [-1.83262713e-02 -9.15642735e-03]
 [-2.59909052e-02 -1.28709031e-02]
 [-3.13290432e-02 -1.46932406e-02]
 [-3.56373377e-02 -1.60114933e-02]
 [-3.72661650e-02 -1.63370762e-02]
 [-4.20618430e-02 -1.83668397e-02]
 [-4.33543362e-02 -1.89920589e-02]
 [-4.59531024e-02 -2.03606319e-02]
 [-4.87659946e-02 -2.16771979e-02]
 [-5.08900732e-02 -2.27476209e-02]
 [-5.21034226e-02 -2.27872934e-02]
 [-5.22536300e-02 -2.27657910e-02]
 [-5.19116335e-02 -2.25799643e-02]
 [-5.13449386e-02 -2.24651322e-02]
 [-5.06454036e-02 -2.24310849e-02]
 [-5.01105823e-02 -2.23046876e-02]
 [-4.90475446e-02 -2.20345315e-02]
 [-4.50845622e-02 -2.01133918e-02]
 [-4.28138785e-02 -1.87195837e-02]
 [-4.12977152e-02 -1.76288709e-02]
 [-4.08141501e-02 -1.72782037e-02]
 [-4.08648960e-02 -1.73457637e-02]
 [-4.08767574e-02 -1.74740385e-02]
 [-4.07513380e-02 -1.72733162e-02]
 [-4.03652638e-02 -1.69013906e-02]
 [-3.89369503e-02 -1.58289708e-02]
 [-3.94263677e-02 -1.62390061e-02]
 [-3.89934853e-02 -1.61551125e-02]
 [-3.85706164e-02 -1.59508511e-02]
 [-3.80586423e-02 -1.56473313e-02]
 [-3.61681916e-02 -1.41880196e-02]
 [-3.52436379e-02 -1.34856394e-02]
 [-3.51428278e-02 -1.34489080e-02]
 [-3.37205455e-02 -1.24383029e-02]
 [-3.44018824e-02 -1.29794525e-02]
 [-3.44859883e-02 -1.30593898e-02]
 [-3.53737213e-02 -1.38824917e-02]
 [-3.76807265e-02 -1.54167041e-02]
 [-3.79237942e-02 -1.54878516e-02]
 [-3.94481122e-02 -1.65610276e-02]
 [-4.04814295e-02 -1.75056085e-02]
 [-3.89558040e-02 -1.69311855e-02]
 [-3.87680382e-02 -1.69071220e-02]
 [-3.95995602e-02 -1.74597278e-02]
 [-3.93353924e-02 -1.74433049e-02]
 [-4.04393300e-02 -1.81178544e-02]
 [-4.03974317e-02 -1.82362627e-02]
 [-3.84113975e-02 -1.75859649e-02]
 [-3.69936712e-02 -1.75547376e-02]
 [-3.51292975e-02 -1.72402803e-02]
 [-3.18617932e-02 -1.58876628e-02]
 [-2.93402653e-02 -1.51546067e-02]
 [-2.57645342e-02 -1.35758221e-02]
 [-2.11248659e-02 -1.21565480e-02]]
Actions:
[[-0.47644056  0.1763627 ]
 [-0.04793307  0.06450957]
 [ 0.03765045  0.05383664]
 [-0.34885047 -0.17580788]
 [-0.62187507 -0.16275253]
 [-0.04314198 -0.31058398]
 [-0.10581428 -0.00961797]
 [-0.1748908   0.29069427]
 [ 0.22296178  0.04641422]
 [-0.12750547  0.03221563]
 [-0.2359574  -0.04897407]
 [-0.16502646 -0.01775686]
 [ 0.09251726 -0.15023364]
 [-0.11694394 -0.20494478]
 [ 0.00518861 -0.212439  ]
 [-0.20520829 -0.00539636]
 [ 0.17308008 -0.53963509]
 [-0.31252161  0.29597055]
 [ 0.06638649  0.06725284]
 [-0.06108267  0.02188361]
 [ 0.48325195 -0.28481144]
 [ 0.16772936  0.24712586]
 [-0.24206393 -0.42532413]
 [-0.16639891  0.30648116]
 [-0.08422856 -0.23698444]
 [-0.10483323  0.02412875]
 [ 0.31534171 -0.07103468]
 [ 0.40659241  0.25566679]
 [ 0.09893832  0.15532634]
 [-0.2497341  -0.18039512]
 [-0.1755167  -0.08549046]
 [-0.01186675 -0.10791137]
 [ 0.07343543 -0.07101712]
 [-0.32817537 -0.18540281]
 [ 0.08893684  0.08096464]
 [-0.02097575  0.02385589]
 [-0.02214621  0.11567788]
 [-0.1596239  -0.35392414]
 [-0.23823177 -0.06711993]
 [-0.09933747  0.16322345]
 [-0.06266408  0.10282986]
 [-0.2039313   0.04328247]
 [-0.41183814 -0.13058071]
 [ 0.15963504 -0.53799507]
 [ 0.16233225  0.08474399]
 [-0.01794195 -0.1249026 ]
 [ 0.04949774 -0.11801659]
 [ 0.15553451  0.05687418]
 [ 0.09403561  0.28593539]
 [ 0.36370788 -0.263807  ]
 [ 0.33563196 -0.12369474]
 [ 0.602553   -0.40538648]
 [-0.11689659 -0.08925319]
 [-0.17873177  0.16957993]
 [ 0.05340881  0.53312858]
 [-0.01584203 -0.13280265]
 [-0.29976119  0.28997466]
 [-0.13268462  0.11835198]
 [-0.3139902  -0.10474174]
 [-0.15870499 -0.20266689]
 [-0.34771451 -0.07980252]
 [-0.43137258 -0.13495578]
 [-0.19231941 -0.07020564]
 [ 0.21455314  0.09661397]
 [-0.26130837  0.12381727]
 [ 0.07719136  0.15583563]
 [ 0.12742949  0.15283562]
 [-0.02293641  0.26985243]
 [-0.1092484  -0.0736869 ]
 [-0.07138557 -0.02367527]
 [-0.78151441 -0.28348815]
 [-0.00782314 -0.09572568]
 [ 0.14642535  0.02324587]
 [ 0.13582335  0.07472638]
 [ 0.04797582 -0.26222897]
 [-0.39350018  0.11183565]
 [ 0.12404321  0.02273323]
 [-0.24825587 -0.0137164 ]
 [-0.02270279 -0.18966706]
 [ 0.16735234  0.07693039]
 [-0.10374936  0.22705704]
 [-0.33196354  0.03036353]
 [-0.13079999 -0.18266471]
 [ 0.31644158  0.41269315]
 [-0.03342502 -0.11582842]
 [-0.02816116  0.156937  ]
 [-0.00624772 -0.11699385]
 [-0.23304625  0.12180458]
 [-0.22714454 -0.53962416]
 [ 0.02127529 -0.2062851 ]
 [ 0.07929881 -0.59359465]
 [ 0.20569808 -0.07861554]
 [-0.09306236 -0.11887461]
 [-0.13632138 -0.03791712]
 [ 0.26884647 -0.09459269]
 [-0.04367819 -0.05873052]
 [ 0.08567454 -0.14517731]
 [ 0.21436218 -0.15986238]
 [ 0.22354253  0.08540316]
 [-0.16052132  0.11368727]
 [ 0.28655769  0.28649889]
 [-0.09082929 -0.51277893]
 [ 0.30610413  0.07004081]
 [-0.14153683 -0.07570412]
 [-0.29717792  0.31868055]
 [-0.1856576   0.029453  ]
 [ 0.01694579 -0.04267014]
 [-0.26915055 -0.06525053]
 [ 0.17738639  0.20953656]
 [-0.37850174 -0.46031395]
 [ 0.04087345 -0.08805624]
 [ 0.24613091  0.16533928]
 [ 0.15145373 -0.42004584]
 [-0.16182434  0.19010919]
 [-0.11452774  0.09455766]
 [-0.24199069 -0.30868116]
 [-0.07070347  0.22016426]
 [ 0.03552505  0.16830698]
 [ 0.14988727  0.30752632]
 [-0.07693207  0.10526442]
 [-0.07337378 -0.16926552]
 [ 0.22325732  0.1003183 ]
 [-0.27271556  0.10599463]
 [ 0.50612632 -0.02030911]
 [ 0.22877139  0.04686057]
 [-0.05610427 -0.08385258]
 [-0.0405654   0.33866555]
 [-0.21264768  0.06088474]
 [ 0.18218536  0.11632943]
 [-0.46974998  0.20902059]
 [ 0.29753641 -0.35474287]
 [ 0.03830087  0.11188863]
 [ 0.25592233  0.14948535]
 [-0.07202851 -0.08377942]
 [ 0.09943508  0.02107709]
 [ 0.20117704 -0.34821129]
 [-0.33928554 -0.12706623]
 [ 0.2765081  -0.0401791 ]
 [-0.0423121   0.24112727]
 [-0.47496408  0.26194314]
 [-0.24203621 -0.13519722]
 [-0.09051744  0.03049257]
 [-0.35633157 -0.06053944]
 [-0.22849548 -0.07863371]
 [ 0.19266992 -0.31369564]
 [-0.38198025  0.19559732]
 [-0.26911418  0.50462934]
 [ 0.36978035  0.13993633]
 [ 0.33707013  0.08096055]
 [-0.0307278  -0.31188946]
 [ 0.25888568  0.44723059]
 [-0.18872004 -0.23117253]
 [-0.21091246  0.02748904]
 [ 0.01177979  0.14489405]
 [-0.04618934  0.08026654]
 [ 0.44111642  0.04318947]
 [ 0.17705916  0.07210123]
 [ 0.23887277  0.18694682]
 [-0.13549153 -0.13469414]
 [-0.12726703 -0.0204871 ]
 [ 0.250738    0.3188527 ]
 [ 0.09154985  0.20397802]
 [ 0.06848647 -0.40162876]
 [ 0.25824874 -0.22058602]
 [ 0.16186698 -0.26577564]
 [ 0.01009462 -0.06372103]
 [-0.29030866 -0.21504237]
 [-0.34720522 -0.262471  ]
 [ 0.05707001 -0.13525629]
 [ 0.43125741  0.20687634]
 [ 0.33398349 -0.06330831]
 [ 0.02716545  0.27846147]
 [ 0.1048631   0.26038633]
 [-0.01140259  0.07072511]
 [-0.08388958 -0.05615578]
 [ 0.02172557 -0.49503716]
 [ 0.23108465  0.01045155]
 [-0.03952337  0.05308822]
 [ 0.15973925 -0.26235658]
 [-0.25749882  0.03017765]
 [-0.1410152  -0.15571827]
 [-0.43777811 -0.09125793]
 [-0.3039353   0.25281015]
 [ 0.04209679 -0.06403766]
 [-0.25271534  0.1018032 ]
 [-0.21195238  0.2097013 ]
 [-0.22952043 -0.32535383]
 [-0.1015408  -0.23135642]
 [-0.11917662 -0.03768459]
 [-0.30584411 -0.2616665 ]
 [-0.02868809  0.09242554]
 [-0.06615984 -0.04032854]
 [-0.3267574  -0.38393813]
 [-0.12829283  0.13309901]
 [ 0.06415585  0.22153878]
 [-0.06311732 -0.33418352]
 [ 0.02526439  0.07488816]
 [-0.03888582 -0.33181097]
 [-0.54310285 -0.02964936]
 [-0.5508116  -0.53106346]]
States:
[[0.99971956 0.99931256 0.5265886  0.47477365 0.51320981 0.59718384]
 [0.99994729 0.99949038 0.51694822 0.47827813 0.39100836 0.64344959]
 [0.99984598 0.99980254 0.49695385 0.48647718 0.38112755 0.65944275]
 ...
 [0.89501424 0.61280227 0.19787963 0.02038523 0.05259344 0.37241104]
 [0.84741542 0.57071397 0.14387703 0.0105823  0.05173033 0.28992084]
 [0.78443594 0.52112102 0.09127203 0.00318911 0.         0.28828007]]
Logstds:
[[-3. -3.]
 [-3. -3.]
 [-3. -3.]
 [-3. -3.]
 [-3. -3.]
 [-3. -3.]
 [-3. -3.]
 [-3. -3.]
 [-3. -3.]
 [-3. -3.]
 [-3. -3.]
 [-3. -3.]
 [-3. -3.]
 [-3. -3.]
 [-3. -3.]
 [-3. -3.]
 [-3. -3.]
 [-3. -3.]
 [-3. -3.]
 [-3. -3.]
 [-3. -3.]
 [-3. -3.]
 [-3. -3.]
 [-3. -3.]
 [-3. -3.]
 [-3. -3.]
 [-3. -3.]
 [-3. -3.]
 [-3. -3.]
 [-3. -3.]
 [-3. -3.]
 [-3. -3.]
 [-3. -3.]
 [-3. -3.]
 [-3. -3.]
 [-3. -3.]
 [-3. -3.]
 [-3. -3.]
 [-3. -3.]
 [-3. -3.]
 [-3. -3.]
 [-3. -3.]
 [-3. -3.]
 [-3. -3.]
 [-3. -3.]
 [-3. -3.]
 [-3. -3.]
 [-3. -3.]
 [-3. -3.]
 [-3. -3.]
 [-3. -3.]
 [-3. -3.]
 [-3. -3.]
 [-3. -3.]
 [-3. -3.]
 [-3. -3.]
 [-3. -3.]
 [-3. -3.]
 [-3. -3.]
 [-3. -3.]
 [-3. -3.]
 [-3. -3.]
 [-3. -3.]
 [-3. -3.]
 [-3. -3.]
 [-3. -3.]
 [-3. -3.]
 [-3. -3.]
 [-3. -3.]
 [-3. -3.]
 [-3. -3.]
 [-3. -3.]
 [-3. -3.]
 [-3. -3.]
 [-3. -3.]
 [-3. -3.]
 [-3. -3.]
 [-3. -3.]
 [-3. -3.]
 [-3. -3.]
 [-3. -3.]
 [-3. -3.]
 [-3. -3.]
 [-3. -3.]
 [-3. -3.]
 [-3. -3.]
 [-3. -3.]
 [-3. -3.]
 [-3. -3.]
 [-3. -3.]
 [-3. -3.]
 [-3. -3.]
 [-3. -3.]
 [-3. -3.]
 [-3. -3.]
 [-3. -3.]
 [-3. -3.]
 [-3. -3.]
 [-3. -3.]
 [-3. -3.]
 [-3. -3.]
 [-3. -3.]
 [-3. -3.]
 [-3. -3.]
 [-3. -3.]
 [-3. -3.]
 [-3. -3.]
 [-3. -3.]
 [-3. -3.]
 [-3. -3.]
 [-3. -3.]
 [-3. -3.]
 [-3. -3.]
 [-3. -3.]
 [-3. -3.]
 [-3. -3.]
 [-3. -3.]
 [-3. -3.]
 [-3. -3.]
 [-3. -3.]
 [-3. -3.]
 [-3. -3.]
 [-3. -3.]
 [-3. -3.]
 [-3. -3.]
 [-3. -3.]
 [-3. -3.]
 [-3. -3.]
 [-3. -3.]
 [-3. -3.]
 [-3. -3.]
 [-3. -3.]
 [-3. -3.]
 [-3. -3.]
 [-3. -3.]
 [-3. -3.]
 [-3. -3.]
 [-3. -3.]
 [-3. -3.]
 [-3. -3.]
 [-3. -3.]
 [-3. -3.]
 [-3. -3.]
 [-3. -3.]
 [-3. -3.]
 [-3. -3.]
 [-3. -3.]
 [-3. -3.]
 [-3. -3.]
 [-3. -3.]
 [-3. -3.]
 [-3. -3.]
 [-3. -3.]
 [-3. -3.]
 [-3. -3.]
 [-3. -3.]
 [-3. -3.]
 [-3. -3.]
 [-3. -3.]
 [-3. -3.]
 [-3. -3.]
 [-3. -3.]
 [-3. -3.]
 [-3. -3.]
 [-3. -3.]
 [-3. -3.]
 [-3. -3.]
 [-3. -3.]
 [-3. -3.]
 [-3. -3.]
 [-3. -3.]
 [-3. -3.]
 [-3. -3.]
 [-3. -3.]
 [-3. -3.]
 [-3. -3.]
 [-3. -3.]
 [-3. -3.]
 [-3. -3.]
 [-3. -3.]
 [-3. -3.]
 [-3. -3.]
 [-3. -3.]
 [-3. -3.]
 [-3. -3.]
 [-3. -3.]
 [-3. -3.]
 [-3. -3.]
 [-3. -3.]
 [-3. -3.]
 [-3. -3.]
 [-3. -3.]
 [-3. -3.]
 [-3. -3.]
 [-3. -3.]
 [-3. -3.]
 [-3. -3.]
 [-3. -3.]
 [-3. -3.]
 [-3. -3.]]
