Baseline:
[1.2669927  1.2356204  1.2779602  1.2871332  1.2869186  1.2630607
 1.2635697  1.2725056  1.3008026  1.3065578  1.3072995  1.3445712
 1.3707687  1.384796   1.3635416  1.3725157  1.3886306  1.3733219
 1.3933345  1.404956   1.401827   1.3742883  1.3744282  1.3729935
 1.3775882  1.365369   1.3730565  1.3376266  1.3306352  1.3168287
 1.3024241  1.289746   1.2760078  1.2960647  1.2854698  1.268717
 1.273233   1.2553841  1.2474326  1.2426383  1.2708597  1.2722219
 1.2228103  1.2378284  1.2166144  1.2036034  1.2263509  1.234245
 1.2370933  1.2369108  1.2241894  1.2063857  1.2251981  1.2214985
 1.2603028  1.2359933  1.2219791  1.2719618  1.2605332  1.2231126
 1.2214409  1.2117985  1.1802617  1.197435   1.186213   1.1644994
 1.1752697  1.1884416  1.198327   1.1957024  1.1800246  1.1897811
 1.1677572  1.1678182  1.1831691  1.1686062  1.1920645  1.2068104
 1.2202679  1.2266964  1.1991667  1.1871845  1.227754   1.2159721
 1.237212   1.2532946  1.2701234  1.2696393  1.2684404  1.2478559
 1.228789   1.2127155  1.1961083  1.1632477  1.1385155  1.1342937
 1.1286398  1.1059076  1.0887427  1.084663   1.0706432  1.0417308
 1.0363239  1.0229472  1.0642238  1.036937   1.0417567  1.048709
 1.0750488  1.0972517  1.0887047  1.0538791  1.0572025  1.0405962
 1.0437032  1.0241234  1.0108908  1.0061238  1.0227354  0.99935514
 1.0022662  1.0362836  1.0350344  1.0193652  1.017394   1.0241358
 1.0379447  1.0329635  1.0397485  1.0106446  1.0106496  1.001258
 0.9926768  0.97815746 0.9718826  0.97745454 0.9531417  0.9506658
 0.97422415 0.97338426 0.9950479  1.0222347  1.0408405  1.0643904
 1.0981096  1.1215307  1.1437463  1.1664346  1.1854407  1.202319
 1.2096579  1.2231237  1.23297    1.2366961  1.2262517  1.2217655
 1.227638   1.2392716  1.25131    1.2653319  1.2733743  1.2852942
 1.2864267  1.2844986  1.2798527  1.2727841  1.2719895  1.2542558
 1.2435824  1.2460653  1.256051   1.245101   1.235344   1.216535
 1.2228938  1.1924952  1.169231   1.1786287  1.1731492  1.1568184
 1.1445955  1.1441054  1.1262338  1.1055888  1.0473756  1.0458301
 1.0396247  1.0434785  1.0092465  0.9709473  0.98355985 0.9997556
 1.01078    1.0329056  1.019926   1.0292786  1.0289534  1.0418525
 1.0421511  1.0521764  1.0521764 ]
Returns:
[5.30057017 4.95559081 4.69930382 4.69090287 4.73710626 4.74008348
 4.82924941 4.78453257 4.71290606 4.79883351 4.90482545 4.72785599
 4.70257424 4.55902657 4.46934496 4.55852382 4.59179623 4.62175891
 4.67051691 4.73420413 4.72441512 4.59544966 4.65049944 4.76273008
 4.83838905 4.91013597 5.00203119 4.77857349 4.85051968 4.92190866
 5.00705071 5.0938395  5.19515367 5.00002681 5.07993129 5.17133433
 5.10901433 5.12389952 5.19489188 5.29739355 5.14210525 5.23515365
 4.93724042 4.9359577  4.91503223 4.96999674 4.85564779 4.88521556
 4.63720326 4.7171767  4.78906119 4.83931096 4.79343699 4.76371333
 4.51295875 4.4634977  4.48720367 4.19925886 4.21827272 4.10856727
 3.94640123 3.97137396 3.8553656  3.85365915 3.80425011 3.48267629
 3.45457374 3.35065025 3.34092495 3.29652532 3.24568073 3.24664472
 3.12271405 3.12437642 3.06796595 2.95435308 2.88819187 2.89808862
 2.92784702 2.95404973 2.71944098 2.66273165 2.51327681 2.39228147
 2.41016012 2.39899835 2.38984902 2.44139955 2.41923132 2.38828887
 2.44197471 2.48472089 2.53917118 2.50940158 2.58942149 2.60489822
 2.65356428 2.55409781 2.62854449 2.63535234 2.75413095 2.71377575
 2.7971129  2.90622186 2.5759722  2.49609841 2.60760158 2.70582581
 2.66745525 2.69901414 2.58700315 2.43647655 2.51839608 2.4765266
 2.55862422 2.60733314 2.71677414 2.82662189 2.83490692 2.87866107
 2.99675425 2.79965559 2.92018574 3.01449443 3.09766758 2.85872535
 2.80971943 2.80032291 2.88770615 2.85177503 2.91093993 3.01252127
 3.09738906 3.21021659 3.18558437 3.28234854 3.30927604 3.30996087
 3.11456557 3.20946363 3.31194888 3.2180033  3.11814073 3.04828089
 3.18395833 3.20708195 3.09827908 3.19808806 3.31331178 3.13101753
 2.83696936 2.88983632 2.94936488 2.88985348 2.96017032 3.00889039
 2.73864621 2.72625879 2.75903355 2.77348404 2.80912147 2.80179586
 2.76694545 2.78610239 2.7370441  2.742436   2.63419773 2.57856098
 2.56184556 2.41587679 2.32842155 2.29159564 2.24143342 2.08111983
 1.99535175 1.93568276 1.77843848 1.49695921 1.4418095  1.37751551
 1.34441772 1.11720653 1.1103383  1.10561312 0.54312593 0.51552475
 0.46517737 0.49924306 0.53521173 0.47257441 0.49157361 0.44980386
 0.4213315  0.30590382 0.20793662 0.16748752 0.18059701 0.16778978
 0.16719344 0.09669498]
Advants:
[ 2.78209865  2.47693229  2.17822927  2.16002919  2.20720328  2.23568893
  2.3288789   2.27848592  2.17900949  2.26214645  2.37386909  2.16002565
  2.10738602  1.94367833  1.86647965  1.93964628  1.94969662  1.98865567
  2.01143999  2.05864709  2.04650856  1.93599963  1.98275203  2.09108029
  2.15855072  2.24121367  2.32661164  2.13406025  2.21053025  2.29568279
  2.39826167  2.50409534  2.62961543  2.41913565  2.51753884  2.63761664
  2.58165124  2.62719438  2.72247999  2.85082806  2.68448842  2.79764307
  2.56475313  2.56488969  2.58302471  2.6724694   2.55443091  2.59745652
  2.36200802  2.461368    2.5694306   2.66504379  2.62826415  2.63171947
  2.36519562  2.36426353  2.42943292  2.11084173  2.16320913  2.11248142
  1.97041682  2.02610221  1.96188338  1.96439777  1.94824626  1.66302472
  1.63883517  1.53405251  1.52719702  1.49797153  1.47533585  1.47986996
  1.38927333  1.40319779  1.34258989  1.25258023  1.16999921  1.1726384
  1.19756952  1.22732079  1.02466419  0.98335287  0.79115819  0.676212
  0.66652552  0.63157448  0.59642985  0.64012635  0.60946012  0.58825884
  0.65149472  0.70180583  0.76582751  0.76137917  0.86118943  0.87613427
  0.92697557  0.84409306  0.93186591  0.93892469  1.07167523  1.05982652
  1.15087484  1.27964929  0.90345704  0.84418016  0.94690318  1.0367002
  0.96838804  0.97412485  0.86353327  0.73651911  0.80526931  0.76853997
  0.83753078  0.89707977  1.01406317  1.12604784  1.11460956  1.18044346
  1.29777668  1.06184699  1.18216898  1.29396686  1.38371957  1.1354379
  1.06786147  1.05814231  1.13547774  1.12489866  1.18181669  1.29378883
  1.39121242  1.526811    1.51684053  1.61995446  1.68571688  1.70473451
  1.49621683  1.60624071  1.70506485  1.59972238  1.49472485  1.41304467
  1.53088503  1.54781334  1.43143596  1.52683001  1.6458537   1.46526981
  1.17473376  1.22712891  1.29244867  1.24422497  1.34377673  1.41901993
  1.15827768  1.15019778  1.18887473  1.20878544  1.25837562  1.26240384
  1.2505643   1.29850154  1.28185515  1.32483233  1.24718208  1.24043813
  1.26802271  1.15147098  1.08563371  1.09325341  1.08794761  0.98015612
  0.92176484  0.9281987   0.8288206   0.56649731  0.54627684  0.52878877
  0.54033939  0.3417941   0.38371377  0.43367607 -0.04925167 -0.05294858
 -0.07419227 -0.01819709  0.0821545   0.08978289  0.13105687  0.10915776
  0.10757835  0.00691823 -0.04066177 -0.05140963  0.00482138  0.02476212
  0.07337499  0.0440861 ]
Mus:
[[-1.63337253e-02 -5.73768141e-03]
 [-1.62750538e-02 -5.05388016e-03]
 [-1.69084333e-02 -5.30146901e-03]
 [-1.73485931e-02 -5.10495389e-03]
 [-1.77124757e-02 -5.66287478e-03]
 [-1.80697609e-02 -5.91935311e-03]
 [-1.83329321e-02 -6.18872186e-03]
 [-1.86270047e-02 -5.88346552e-03]
 [-1.91049483e-02 -6.05928758e-03]
 [-1.92343574e-02 -6.22702856e-03]
 [-1.92140248e-02 -6.11796835e-03]
 [-1.90776456e-02 -5.90294087e-03]
 [-1.87657662e-02 -5.56128146e-03]
 [-1.87854469e-02 -4.66340594e-03]
 [-1.72030851e-02 -3.86351882e-03]
 [-1.67052131e-02 -3.63735063e-03]
 [-1.63351502e-02 -3.66515783e-03]
 [-1.51091842e-02 -3.25575983e-03]
 [-1.48948189e-02 -3.01692332e-03]
 [-1.39361843e-02 -2.36642570e-03]
 [-1.19017921e-02 -1.10970344e-03]
 [-1.12588825e-02 -1.06375152e-03]
 [-1.14065548e-02 -1.41647446e-03]
 [-1.17412815e-02 -1.68225181e-03]
 [-1.09612672e-02 -1.16836163e-03]
 [-1.11380303e-02 -1.27674069e-03]
 [-1.14554241e-02 -1.49560615e-03]
 [-1.30349686e-02 -2.39571813e-03]
 [-1.45310415e-02 -3.35458014e-03]
 [-1.56954881e-02 -4.21366794e-03]
 [-1.69163495e-02 -5.06538898e-03]
 [-1.65695976e-02 -4.91922023e-03]
 [-1.65794846e-02 -5.04097482e-03]
 [-1.65520124e-02 -4.75818524e-03]
 [-1.73711590e-02 -5.42098144e-03]
 [-1.75266210e-02 -5.72903268e-03]
 [-1.65455174e-02 -5.02649276e-03]
 [-1.53659144e-02 -4.46718791e-03]
 [-1.47347627e-02 -4.23915964e-03]
 [-1.48941493e-02 -4.53739893e-03]
 [-1.54520338e-02 -4.51509003e-03]
 [-1.55377556e-02 -4.70331218e-03]
 [-1.36957215e-02 -4.26682224e-03]
 [-1.41219581e-02 -4.53733047e-03]
 [-1.28369778e-02 -4.04498307e-03]
 [-1.18801519e-02 -3.81501624e-03]
 [-1.28581440e-02 -3.88499931e-03]
 [-1.31308651e-02 -3.87169677e-03]
 [-1.32309925e-02 -4.92016366e-03]
 [-1.28713939e-02 -5.01067331e-03]
 [-1.19363023e-02 -4.89436975e-03]
 [-1.04358969e-02 -4.67890268e-03]
 [-1.09355440e-02 -5.49089210e-03]
 [-8.79625045e-03 -4.31426754e-03]
 [-9.08773299e-03 -3.86870303e-03]
 [-7.51560461e-03 -3.05462582e-03]
 [-6.92375889e-03 -2.71991990e-03]
 [-8.04978330e-03 -3.41920462e-03]
 [-7.60392519e-03 -3.53055540e-03]
 [-5.67333587e-03 -2.89224507e-03]
 [-5.20497654e-03 -3.87845910e-03]
 [-3.47130978e-03 -3.59050906e-03]
 [ 2.60286004e-04 -2.21557170e-03]
 [ 8.13721446e-04 -2.28980812e-03]
 [ 3.80494981e-03 -7.87837198e-04]
 [ 5.72731998e-03  8.97621852e-04]
 [ 6.54714787e-03  7.71128805e-04]
 [ 7.51147280e-03  3.20476887e-04]
 [ 8.74990039e-03  4.32582019e-04]
 [ 1.03287417e-02  1.56966096e-03]
 [ 1.23294434e-02  2.44919490e-03]
 [ 1.31588178e-02  2.89317709e-03]
 [ 1.54990377e-02  3.95042868e-03]
 [ 1.68624371e-02  4.37739771e-03]
 [ 1.71972141e-02  5.10386471e-03]
 [ 1.79916620e-02  5.28630195e-03]
 [ 1.70354955e-02  5.50220814e-03]
 [ 1.60317943e-02  5.34139574e-03]
 [ 1.49501422e-02  4.73140087e-03]
 [ 1.42889563e-02  4.66953358e-03]
 [ 1.41788526e-02  4.73549729e-03]
 [ 1.28496233e-02  4.18712571e-03]
 [ 1.04980906e-02  4.09725867e-03]
 [ 7.21147517e-03  2.21398543e-03]
 [ 4.38151881e-03  1.42887502e-03]
 [ 3.20982910e-03  1.37898431e-03]
 [ 1.99860591e-03  1.28172117e-03]
 [ 7.71428226e-04  8.70921765e-04]
 [-2.97831342e-04  7.14304508e-04]
 [-1.29484071e-03  4.90567356e-04]
 [-3.87471658e-03 -3.68513807e-04]
 [-6.16001943e-03 -1.04334485e-03]
 [-7.51141179e-03 -1.45897001e-03]
 [-7.91240111e-03 -1.97256263e-03]
 [-8.12145695e-03 -2.08189129e-03]
 [-8.01835209e-03 -1.68723159e-03]
 [-7.62187783e-03 -1.25982158e-03]
 [-7.21799722e-03 -5.94593410e-04]
 [-6.11020764e-03  1.40345175e-04]
 [-4.17069858e-03  1.33592251e-03]
 [-1.79797737e-03  2.39687087e-03]
 [ 4.42415439e-05  2.60831718e-03]
 [ 4.23734920e-04  3.15487362e-03]
 [ 4.47589817e-04  3.11573548e-03]
 [ 2.75207125e-03  4.79309773e-03]
 [ 1.19228964e-03  3.85633227e-03]
 [ 1.01401052e-03  4.05094586e-03]
 [ 1.46296690e-03  4.52361023e-03]
 [ 3.06358887e-03  5.56481024e-03]
 [ 1.37485657e-03  3.96925025e-03]
 [-1.07095530e-03  2.59514037e-03]
 [-4.65492159e-03  5.67111245e-04]
 [-4.94686980e-03  7.31065229e-04]
 [-9.51229595e-03 -1.71979237e-03]
 [-9.75743681e-03 -1.48408848e-03]
 [-1.32670254e-02 -3.20519600e-03]
 [-1.46295801e-02 -3.72646959e-03]
 [-1.54888192e-02 -3.89396097e-03]
 [-1.83848981e-02 -4.95067704e-03]
 [-1.87162440e-02 -5.19598788e-03]
 [-2.13843603e-02 -6.34004967e-03]
 [-2.97434218e-02 -9.96542070e-03]
 [-3.31905298e-02 -1.14472490e-02]
 [-3.62617709e-02 -1.29331229e-02]
 [-4.16259579e-02 -1.54173020e-02]
 [-4.06677239e-02 -1.44699560e-02]
 [-4.54326347e-02 -1.67462192e-02]
 [-4.99297716e-02 -1.92351155e-02]
 [-5.19559979e-02 -2.02159975e-02]
 [-5.20472750e-02 -2.04028282e-02]
 [-5.18175550e-02 -2.02868935e-02]
 [-5.06115668e-02 -2.00396907e-02]
 [-5.04951961e-02 -2.06123553e-02]
 [-4.81628552e-02 -2.01399997e-02]
 [-4.83253188e-02 -2.11518761e-02]
 [-4.66494858e-02 -2.09025852e-02]
 [-4.25221995e-02 -2.00036671e-02]
 [-3.80919240e-02 -1.86749306e-02]
 [-3.42383012e-02 -1.83548555e-02]
 [-2.75225434e-02 -1.58065781e-02]
 [-2.34494191e-02 -1.46332616e-02]
 [-2.10687462e-02 -1.41524430e-02]
 [-1.61578581e-02 -1.22621376e-02]
 [-1.07003301e-02 -1.00838440e-02]
 [-6.21208688e-03 -8.24823603e-03]
 [-2.08312343e-03 -6.13913080e-03]
 [ 1.10471377e-03 -4.11335099e-03]
 [ 1.40180797e-04 -3.88733367e-03]
 [-2.40613217e-03 -4.19610972e-03]
 [-4.57753334e-03 -4.30933293e-03]
 [-5.30405063e-03 -3.33175436e-03]
 [-9.91242100e-03 -4.73530218e-03]
 [-1.40116680e-02 -5.97764691e-03]
 [-1.45933675e-02 -5.57063986e-03]
 [-1.66085120e-02 -6.26611151e-03]
 [-1.91979744e-02 -7.24272244e-03]
 [-2.33104061e-02 -9.27849859e-03]
 [-2.58011539e-02 -1.05368821e-02]
 [-2.74095666e-02 -1.12633146e-02]
 [-2.80459840e-02 -1.16910581e-02]
 [-2.75868699e-02 -1.16143981e-02]
 [-2.74809524e-02 -1.19577479e-02]
 [-2.67022271e-02 -1.18762664e-02]
 [-2.46064421e-02 -1.12853050e-02]
 [-2.36306041e-02 -1.11577837e-02]
 [-2.28360277e-02 -1.11722928e-02]
 [-2.17216033e-02 -1.09018395e-02]
 [-2.04880256e-02 -1.08943991e-02]
 [-1.91599634e-02 -1.07764266e-02]
 [-1.72621328e-02 -1.00889308e-02]
 [-1.59490630e-02 -9.81271733e-03]
 [-1.48055786e-02 -9.73298214e-03]
 [-1.29767405e-02 -9.28992219e-03]
 [-9.48503800e-03 -7.81478640e-03]
 [-9.04840231e-03 -7.80299259e-03]
 [-6.07350888e-03 -6.63857628e-03]
 [-8.16521980e-03 -8.16357508e-03]
 [-3.71710700e-03 -5.69123309e-03]
 [-1.45163829e-03 -4.55509406e-03]
 [ 1.50760508e-03 -2.85690953e-03]
 [ 3.73734697e-03 -1.58904574e-03]
 [-1.34501588e-05 -4.04311717e-03]
 [-4.02267964e-04 -4.21620766e-03]
 [-1.13901251e-03 -4.51277057e-03]
 [-5.15621156e-03 -7.03535043e-03]
 [-4.84744925e-03 -6.55438565e-03]
 [-5.52219246e-03 -6.68001873e-03]
 [-4.95242747e-03 -6.11235201e-03]
 [ 1.81363139e-03 -1.69497903e-03]
 [ 7.47526996e-03  1.54271885e-03]
 [ 9.24054626e-03  2.73749582e-03]
 [ 1.05281845e-02  3.62998410e-03]
 [ 1.30992783e-02  5.33941854e-03]
 [ 1.41717773e-02  5.77115873e-03]
 [ 1.37778651e-02  5.75341098e-03]
 [ 1.58051644e-02  7.23147020e-03]
 [ 1.52856782e-02  7.08057685e-03]
 [ 1.60942879e-02  7.49191456e-03]
 [ 1.64641552e-02  7.97745399e-03]
 [ 1.85431428e-02  9.41629149e-03]]
Actions:
[[ 5.81667022e-02 -6.28414299e-01]
 [ 3.39513741e-01  4.32231819e-01]
 [ 2.20159864e-01 -6.23594259e-02]
 [-1.97466135e-01  1.79480647e-01]
 [-2.48685653e-01 -2.15971832e-01]
 [-5.84170438e-02  7.86059764e-02]
 [ 2.76155153e-01 -9.89852949e-02]
 [ 2.00379671e-01  3.25157212e-01]
 [-6.27886641e-02  1.27570022e-01]
 [-1.24515828e-02 -2.45996669e-02]
 [ 3.40087521e-01  3.54265073e-01]
 [ 2.15959941e-01  2.31007860e-01]
 [ 3.65436941e-01 -2.21447929e-01]
 [-2.69124116e-01 -3.50270889e-01]
 [-2.44357084e-02  8.47336996e-02]
 [-7.11706689e-02  2.81580804e-01]
 [-2.83830621e-01 -1.05370722e-01]
 [ 1.59511707e-01  1.63740962e-01]
 [ 1.46258996e-01  2.88082175e-02]
 [ 1.15362146e-01 -2.66010288e-01]
 [-4.74691785e-01 -2.01914878e-01]
 [-2.03643122e-01  1.64183264e-01]
 [-1.30452042e-01  8.31116936e-02]
 [ 1.17443482e-01 -5.65787420e-02]
 [-2.07169799e-01 -1.28489968e-01]
 [ 3.07621014e-02  1.78473736e-01]
 [-5.56540127e-01 -2.51137258e-01]
 [-1.99924593e-01  1.69349177e-01]
 [-2.82246384e-01  7.38213175e-02]
 [-2.37397562e-01  6.79688896e-02]
 [ 1.46224973e-02 -1.35166289e-01]
 [-5.74877948e-02 -7.63689945e-02]
 [ 4.74368132e-01  1.64272037e-01]
 [-2.04015351e-01  9.16368669e-02]
 [-1.87948638e-01 -3.68196913e-02]
 [ 3.36983022e-01 -1.19524784e-01]
 [-1.74146508e-02 -2.67617848e-01]
 [ 2.28348757e-02 -1.18345656e-01]
 [-7.33834876e-02  4.45637963e-02]
 [ 4.37378197e-01  1.71313859e-01]
 [-3.81664620e-02  8.77940568e-02]
 [-4.88156379e-01 -4.42336685e-01]
 [ 1.64865466e-01  2.01296071e-01]
 [-8.16088470e-02 -2.93241111e-01]
 [-6.85896234e-02 -1.13838060e-01]
 [ 3.84294842e-01  6.77940662e-02]
 [ 1.58583079e-01 -4.49518275e-03]
 [-3.90712637e-01  4.66063566e-01]
 [-5.35631054e-02  6.97857814e-02]
 [-1.44430514e-01 -4.75602704e-02]
 [-2.23788473e-01 -5.31383164e-02]
 [-7.24517617e-02  3.82498216e-01]
 [ 1.75342341e-01 -2.30970976e-01]
 [ 5.00076281e-01  1.17736488e-01]
 [-8.66778315e-02 -2.92895633e-01]
 [-2.23185054e-02 -1.54874530e-01]
 [ 2.50297713e-01  5.04945507e-01]
 [-1.86762601e-01 -1.82308320e-02]
 [-2.80522855e-01 -2.76396501e-01]
 [-3.76286157e-01  3.26837728e-01]
 [-1.72478160e-01  6.68428012e-03]
 [-2.36927154e-01 -3.29134777e-01]
 [ 3.09854242e-02  1.93222829e-01]
 [ 4.49426409e-02 -2.63777972e-01]
 [ 1.95848902e-01 -5.09416427e-01]
 [-8.24558207e-02  1.63312944e-01]
 [-2.41013510e-01  2.95383994e-01]
 [-9.90805566e-02  1.76092865e-01]
 [ 1.11460152e-01 -1.97901997e-01]
 [-1.66663199e-01 -1.84457689e-01]
 [ 5.13819976e-02  3.67061535e-02]
 [-2.45083260e-01 -2.73340544e-01]
 [-1.15164717e-01 -1.01775458e-02]
 [ 2.31299687e-01 -9.33730491e-02]
 [-2.97221136e-01 -2.09511344e-01]
 [ 2.58929356e-01 -7.55314398e-02]
 [ 9.97214290e-02 -1.30040126e-02]
 [-3.44896049e-02  1.21599356e-01]
 [-4.15544962e-03 -5.73637248e-02]
 [-3.01004460e-01 -3.98054929e-01]
 [-2.22823740e-01 -1.67340044e-01]
 [ 3.71425021e-01 -9.74508922e-02]
 [-3.57083982e-01  2.69510859e-01]
 [ 1.13506211e-01  6.24237502e-02]
 [ 1.25836872e-01 -1.23110926e-01]
 [ 1.86585750e-01 -4.78510330e-02]
 [ 2.72465914e-03 -7.62299178e-03]
 [ 6.15854069e-02 -2.08081759e-01]
 [-8.75569416e-02 -2.74946424e-01]
 [-2.18341200e-02 -1.04014286e-01]
 [ 1.06048428e-01  3.10972929e-02]
 [ 7.86753742e-02  1.20342087e-01]
 [-2.82601184e-01  2.34378409e-01]
 [-1.48651668e-01  1.22565313e-02]
 [ 2.36526314e-01 -4.31953258e-02]
 [ 1.90624311e-01  2.22143554e-02]
 [ 5.29289196e-02 -4.44445114e-01]
 [ 1.05936837e-01 -1.09809262e-01]
 [ 2.84605010e-01  3.52459243e-03]
 [ 2.34844720e-02  4.96879729e-02]
 [-3.46471345e-01  2.45667476e-01]
 [ 1.16212425e-01 -1.31502207e-01]
 [-1.35646651e-01  9.21441891e-02]
 [ 6.22044010e-01  1.58431320e-01]
 [-4.45637153e-01 -1.48622866e-01]
 [ 6.18210223e-02 -8.56728226e-02]
 [ 9.82965882e-02 -6.36702458e-02]
 [ 3.25911743e-01  1.39533690e-01]
 [-2.66725770e-01 -1.93511293e-01]
 [-2.84163114e-01 -4.16737210e-01]
 [-5.45905876e-01 -7.40160757e-03]
 [ 1.40514021e-01 -1.24675890e-01]
 [-3.37211218e-01  2.31061429e-01]
 [ 1.61578352e-01 -1.01296895e-01]
 [-2.90114447e-01 -2.62967975e-03]
 [-9.69668907e-02 -1.34876824e-01]
 [ 5.29264083e-02 -1.02601783e-01]
 [ 1.95178915e-01  2.17526116e-01]
 [-2.35235233e-01 -2.27146751e-01]
 [-3.46820087e-02  7.25602875e-02]
 [ 5.37169020e-02  5.56026935e-01]
 [-4.09068914e-02  5.43039117e-02]
 [-2.28133522e-01 -3.37950553e-02]
 [-1.50494519e-01  1.73316976e-01]
 [ 5.08676053e-01 -1.84647489e-01]
 [-8.54957427e-03  3.84002026e-01]
 [-3.17192449e-01  2.46409130e-01]
 [ 7.99132447e-02  8.49429466e-02]
 [-2.61571748e-01 -3.56174619e-01]
 [ 1.23203035e-01 -1.13195125e-01]
 [-6.54203885e-02 -1.14014564e-01]
 [-2.11047744e-01  1.08042268e-01]
 [-1.45970594e-01 -5.98137100e-02]
 [-2.93912907e-01  2.87360029e-01]
 [ 4.63109278e-02  8.08295502e-02]
 [-4.11687951e-01 -9.83514049e-02]
 [-4.54009905e-01 -2.35086210e-02]
 [-2.35380207e-01  5.15366545e-01]
 [ 6.04186769e-02 -1.62269297e-01]
 [-7.93037259e-02  1.92804390e-01]
 [-4.80895911e-01  2.89686396e-01]
 [ 1.27672926e-01  4.53704244e-01]
 [ 3.73456427e-01 -1.49930624e-01]
 [-8.97385007e-02 -3.75867716e-02]
 [-4.82855184e-02 -3.39723631e-01]
 [-3.00332598e-01 -4.07338694e-01]
 [ 6.00665644e-02 -1.35634786e-01]
 [-6.26359925e-02 -7.97937270e-02]
 [ 4.73714365e-01 -1.48004395e-01]
 [-2.75190120e-01 -5.61855590e-01]
 [ 4.28266694e-02  1.70350575e-01]
 [ 4.78505717e-02  1.34800165e-01]
 [ 1.88865825e-01 -2.64153807e-01]
 [-1.14273109e-01 -2.01255303e-03]
 [-8.06478167e-02  1.47993101e-01]
 [-1.80814308e-01  5.73145430e-01]
 [-8.02635480e-02  2.87036813e-01]
 [-4.10832172e-02  1.55707727e-01]
 [-1.64579680e-02  1.90729145e-01]
 [ 2.85695566e-04  8.72278020e-02]
 [-1.47241157e-01  2.40168998e-01]
 [ 5.32803625e-02  2.60149126e-01]
 [ 3.96406736e-02  1.08527317e-01]
 [-2.43554206e-01 -1.32030064e-01]
 [ 2.47348926e-02  5.73849267e-02]
 [ 2.60199196e-01 -1.22359140e-02]
 [-2.04420711e-01  1.83024977e-01]
 [-9.56538037e-03  2.98193164e-02]
 [ 1.72392976e-01 -2.47394657e-01]
 [ 7.96664901e-02  1.76369071e-01]
 [-1.03747507e-01  7.94882928e-03]
 [-1.65172091e-02  1.26281503e-01]
 [ 4.55873662e-02 -3.30206184e-01]
 [ 1.48604134e-01  1.74207259e-01]
 [-8.38462821e-02 -1.48591058e-01]
 [-2.19801181e-01  3.22562904e-01]
 [ 4.31855033e-01 -1.75452889e-01]
 [ 1.83845670e-01  4.48004218e-02]
 [ 1.27869732e-01 -1.64463221e-01]
 [ 1.28822918e-01 -1.01821016e-01]
 [-1.52494746e-01  4.79637549e-01]
 [-4.03969879e-02  1.81132385e-01]
 [-4.07987494e-02  2.15862280e-01]
 [-7.53112403e-01 -9.38865133e-02]
 [ 1.09836752e-01  2.28051570e-01]
 [-6.09703705e-02 -2.54818355e-01]
 [ 6.83017566e-02 -1.15573300e-02]
 [ 1.32165823e-01  2.63240263e-02]
 [-2.40751796e-01 -1.84412485e-01]
 [ 1.28333469e-01  6.43494730e-03]
 [ 2.31498052e-01  1.09394099e-01]
 [ 1.98857922e-01 -1.42425452e-01]
 [ 2.01480522e-01  3.31519427e-01]
 [-2.35506744e-01 -2.44986620e-01]
 [ 1.83912771e-01 -1.53213004e-01]
 [-9.08882175e-02 -1.66812797e-02]
 [ 1.10731541e-01  1.55866564e-01]
 [ 1.40634526e-03 -1.41368691e-01]
 [ 2.31751077e-01 -1.63636635e-01]
 [ 2.73275008e-01 -1.09677954e-01]]
States:
[[0.99902889 0.99993025 0.47790653 0.50803882 0.51301167 0.59688189]
 [0.99909777 0.99997825 0.47904905 0.49551222 0.52799586 0.43219964]
 [0.99955773 0.99954265 0.48819573 0.47942189 0.61472927 0.54870204]
 ...
 [0.         0.         0.4954832  0.60961634 0.34966806 0.55192483]
 [0.         0.         0.52091229 0.61893992 0.35326626 0.51577337]
 [0.         0.         0.54110212 0.63386554 0.41591625 0.47450454]]
Logstds:
[[-3. -3.]
 [-3. -3.]
 [-3. -3.]
 [-3. -3.]
 [-3. -3.]
 [-3. -3.]
 [-3. -3.]
 [-3. -3.]
 [-3. -3.]
 [-3. -3.]
 [-3. -3.]
 [-3. -3.]
 [-3. -3.]
 [-3. -3.]
 [-3. -3.]
 [-3. -3.]
 [-3. -3.]
 [-3. -3.]
 [-3. -3.]
 [-3. -3.]
 [-3. -3.]
 [-3. -3.]
 [-3. -3.]
 [-3. -3.]
 [-3. -3.]
 [-3. -3.]
 [-3. -3.]
 [-3. -3.]
 [-3. -3.]
 [-3. -3.]
 [-3. -3.]
 [-3. -3.]
 [-3. -3.]
 [-3. -3.]
 [-3. -3.]
 [-3. -3.]
 [-3. -3.]
 [-3. -3.]
 [-3. -3.]
 [-3. -3.]
 [-3. -3.]
 [-3. -3.]
 [-3. -3.]
 [-3. -3.]
 [-3. -3.]
 [-3. -3.]
 [-3. -3.]
 [-3. -3.]
 [-3. -3.]
 [-3. -3.]
 [-3. -3.]
 [-3. -3.]
 [-3. -3.]
 [-3. -3.]
 [-3. -3.]
 [-3. -3.]
 [-3. -3.]
 [-3. -3.]
 [-3. -3.]
 [-3. -3.]
 [-3. -3.]
 [-3. -3.]
 [-3. -3.]
 [-3. -3.]
 [-3. -3.]
 [-3. -3.]
 [-3. -3.]
 [-3. -3.]
 [-3. -3.]
 [-3. -3.]
 [-3. -3.]
 [-3. -3.]
 [-3. -3.]
 [-3. -3.]
 [-3. -3.]
 [-3. -3.]
 [-3. -3.]
 [-3. -3.]
 [-3. -3.]
 [-3. -3.]
 [-3. -3.]
 [-3. -3.]
 [-3. -3.]
 [-3. -3.]
 [-3. -3.]
 [-3. -3.]
 [-3. -3.]
 [-3. -3.]
 [-3. -3.]
 [-3. -3.]
 [-3. -3.]
 [-3. -3.]
 [-3. -3.]
 [-3. -3.]
 [-3. -3.]
 [-3. -3.]
 [-3. -3.]
 [-3. -3.]
 [-3. -3.]
 [-3. -3.]
 [-3. -3.]
 [-3. -3.]
 [-3. -3.]
 [-3. -3.]
 [-3. -3.]
 [-3. -3.]
 [-3. -3.]
 [-3. -3.]
 [-3. -3.]
 [-3. -3.]
 [-3. -3.]
 [-3. -3.]
 [-3. -3.]
 [-3. -3.]
 [-3. -3.]
 [-3. -3.]
 [-3. -3.]
 [-3. -3.]
 [-3. -3.]
 [-3. -3.]
 [-3. -3.]
 [-3. -3.]
 [-3. -3.]
 [-3. -3.]
 [-3. -3.]
 [-3. -3.]
 [-3. -3.]
 [-3. -3.]
 [-3. -3.]
 [-3. -3.]
 [-3. -3.]
 [-3. -3.]
 [-3. -3.]
 [-3. -3.]
 [-3. -3.]
 [-3. -3.]
 [-3. -3.]
 [-3. -3.]
 [-3. -3.]
 [-3. -3.]
 [-3. -3.]
 [-3. -3.]
 [-3. -3.]
 [-3. -3.]
 [-3. -3.]
 [-3. -3.]
 [-3. -3.]
 [-3. -3.]
 [-3. -3.]
 [-3. -3.]
 [-3. -3.]
 [-3. -3.]
 [-3. -3.]
 [-3. -3.]
 [-3. -3.]
 [-3. -3.]
 [-3. -3.]
 [-3. -3.]
 [-3. -3.]
 [-3. -3.]
 [-3. -3.]
 [-3. -3.]
 [-3. -3.]
 [-3. -3.]
 [-3. -3.]
 [-3. -3.]
 [-3. -3.]
 [-3. -3.]
 [-3. -3.]
 [-3. -3.]
 [-3. -3.]
 [-3. -3.]
 [-3. -3.]
 [-3. -3.]
 [-3. -3.]
 [-3. -3.]
 [-3. -3.]
 [-3. -3.]
 [-3. -3.]
 [-3. -3.]
 [-3. -3.]
 [-3. -3.]
 [-3. -3.]
 [-3. -3.]
 [-3. -3.]
 [-3. -3.]
 [-3. -3.]
 [-3. -3.]
 [-3. -3.]
 [-3. -3.]
 [-3. -3.]
 [-3. -3.]
 [-3. -3.]
 [-3. -3.]
 [-3. -3.]
 [-3. -3.]
 [-3. -3.]
 [-3. -3.]
 [-3. -3.]
 [-3. -3.]]
