Baseline:
[0.4922354  0.4850923  0.5021636  0.4863245  0.49126568 0.49679118
 0.4755458  0.47829843 0.47175157 0.47300714 0.47693586 0.46121633
 0.4430031  0.43262044 0.45174307 0.44059393 0.43180776 0.41680402
 0.40061027 0.40037307 0.40285397 0.4039876  0.41733912 0.4205918
 0.42471978 0.435544   0.44481012 0.44379932 0.43968067 0.44590032
 0.45774615 0.46474943 0.46596247 0.46859476 0.47864124 0.4764289
 0.4863687  0.47915494 0.48623812 0.49499074 0.48837286 0.4917436
 0.4692197  0.46627983 0.4510362  0.45594904 0.46042278 0.48181984
 0.5004041  0.4887139  0.49010655 0.4857544  0.50455487 0.49770972
 0.50542    0.50834334 0.49351177 0.47056472 0.4529332  0.45436233
 0.4392139  0.44169143 0.44479504 0.4445896  0.4497063  0.43850324
 0.41326308 0.3999618  0.3980013  0.38983086 0.3587528  0.36233476
 0.35408258 0.32323012 0.32299244 0.2881255  0.29382142 0.22965471
 0.2180645  0.23159981 0.2398455  0.22276083 0.24298981 0.21942845
 0.24135797 0.24515226 0.26982382 0.275001   0.2672762  0.27911797
 0.24975002 0.25169298 0.23452705 0.23642889 0.24207546 0.24577759
 0.25285542 0.25695917 0.26126793 0.26784235 0.2627402  0.25897327
 0.26338917 0.25007987 0.23548932 0.23329593 0.23751257 0.22449371
 0.22142743 0.23276617 0.20341474 0.21504173 0.20049472 0.20629889
 0.21424474 0.19613753 0.22825657 0.23877953 0.24780972 0.24286562
 0.23266344 0.21743993 0.22823179 0.23271418 0.23719504 0.26811892
 0.30346704 0.32379344 0.33223101 0.35618    0.38718668 0.39123717
 0.4094676  0.42403248 0.43521842 0.4656541  0.4861837  0.4978911
 0.4975235  0.5120452  0.514108   0.5247708  0.5134131  0.50232357
 0.489024   0.47635192 0.4481749  0.41853723 0.3853461  0.3305188
 0.27979437 0.23893829 0.21572746 0.1996588  0.18426375 0.19140913
 0.24967183 0.27403083 0.27419585 0.26327342 0.23233478 0.23137318
 0.21357761 0.23998763 0.21522887 0.19220038 0.18623078 0.17782363
 0.19448076 0.17803226 0.17787756 0.15735848 0.14458132 0.14462247
 0.16294558 0.1528636  0.14094692 0.13943958 0.14214133 0.152707
 0.14286885 0.1473394  0.17228125 0.19372976 0.17358027 0.17446052
 0.18971969 0.17540914 0.1690255  0.15447533 0.15696791 0.160164
 0.17138866 0.17241909 0.17307177 0.16635159 0.1684139  0.17674665
 0.19114858 0.20042507 0.20042507]
Returns:
[ 1.61054718  1.67482777  1.58281579  1.5785265   1.6091018   1.65457622
  1.50807184  1.54023861  1.58998959  1.51471362  1.50822562  1.52518533
  1.46549069  1.53281293  1.12722632  1.1584281   1.17146915  1.14377357
  1.21325507  1.20896631  1.2654012   1.32104286  1.28092464  1.21581105
  1.15528769  1.21481351  1.21891241  1.28596207  1.30077465  1.38331095
  1.38776216  1.0987161   1.14080017  1.21993798  1.18270247  1.19262785
  1.22500162  1.00905198  1.01104827  1.03594135  0.95085217  0.99400258
  0.82631149  0.77619781  0.67979268  0.71833213  0.69594765  0.54734494
  0.36606897  0.39484659  0.41311029  0.46068314  0.38180183  0.31790204
  0.18010668  0.03779698  0.09162778  0.12505707  0.06393657  0.08433528
  0.13991408  0.15935613  0.11258925  0.12635332  0.10747373  0.01185869
  0.02863242  0.07714368  0.01344685 -0.21302319 -0.21616776 -0.28295733
 -0.26293128 -0.38187579 -0.33406073 -0.37141047 -0.44109056 -0.39624613
 -0.34724134 -0.31910821 -0.28515297 -0.34912141 -0.40109285 -0.52534733
 -0.76317296 -0.69464875 -0.80363475 -0.73587203 -0.76564828 -0.71653181
 -0.85011601 -0.81589956 -0.84307837 -0.7660276  -0.70596277 -0.62046459
 -0.57649834 -0.48150522 -0.39051966 -0.29327002 -0.23323413 -0.11443712
 -0.09580668 -0.00236036  0.10549505  0.18598615  0.29052363  0.36990672
  0.51156044  0.53931048  0.45486591  0.50105506  0.31917252  0.29348906
  0.41834896  0.4356331   0.37702188  0.51164925  0.62671818  0.75442084
  0.78610117  0.70784099  0.83014     0.93401909  0.93375492  0.98052169
  0.89911424  1.0133038   1.10163555  1.04868787  0.99008251  0.88758356
  0.91426747  0.87303367  0.89061941  0.66774715  0.45629389  0.44340969
  0.17597062  0.03882484  0.03348656 -0.07509346 -0.07775198 -0.12633345
 -0.13846689 -0.28240179 -0.30268172 -0.3299898  -0.5389649  -0.49709675
 -0.45666153 -0.38686414 -0.34567862 -0.39936461 -0.39426246 -0.36929802
 -0.26423239 -0.23942788 -0.15906091 -0.27503285 -0.32334551 -0.21262987
 -0.13141282 -0.17709511 -0.18406841 -0.19782051 -0.11699359 -0.01027256
 -0.07692368  0.00351321 -0.1853377  -0.12172759 -0.14232611 -0.07043895
 -0.13319758 -0.0440522   0.04806153  0.14036659  0.1162434   0.16997753
  0.17769283  0.14700758  0.21419249  0.11550939  0.07841119  0.08192424
  0.05200429 -0.12625536 -0.05492596 -0.06189359 -0.050204   -0.05181128
 -0.11861622 -0.06964263  0.02843772 -0.12097272 -0.08194531  0.01002838
  0.01371415 -0.03460592]
Advants:
[ 0.77332049  0.85215127  0.74773244  0.76470118  0.79700866  0.84543492
  0.72550148  0.76160458  0.82690236  0.75777047  0.7550616   0.79711601
  0.7645255   0.8542819   0.42951543  0.47311409  0.49697042  0.48608801
  0.5763766   0.57720605  0.63812556  0.70187828  0.65678708  0.59539866
  0.53632004  0.59257532  0.59544549  0.67433297  0.70559903  0.79766159
  0.80712554  0.52021469  0.57226676  0.66327198  0.63026254  0.65826401
  0.698607    0.50284994  0.51169026  0.54344352  0.47948809  0.53625049
  0.40502302  0.37151741  0.30267836  0.35071714  0.33866811  0.17948136
 -0.014826    0.03291939  0.05820972  0.12087716  0.03183184 -0.01761519
 -0.15936538 -0.30501474 -0.23468058 -0.17474644 -0.21571958 -0.19343315
 -0.11691906 -0.09315006 -0.13717882 -0.11643786 -0.13382799 -0.21368176
 -0.16542194 -0.09491967 -0.14913541 -0.36602523 -0.33569801 -0.40564832
 -0.37603842 -0.46540984 -0.41725929 -0.41971273 -0.49738809 -0.38750071
 -0.32408076 -0.30596586 -0.27564448 -0.31897354 -0.38954947 -0.49159392
 -0.76084918 -0.70442671 -0.85123315 -0.80098095 -0.83709841 -0.81393515
 -0.93668811 -0.92353227 -0.95460107 -0.89997754 -0.86615016 -0.80416928
 -0.78764317 -0.71603969 -0.64761097 -0.57393394 -0.52522754 -0.41670437
 -0.41728706 -0.3232875  -0.21089726 -0.13656786 -0.04221115  0.0465764
  0.19184997  0.20936959  0.15377527  0.18886247  0.01692137 -0.020538
  0.09351149  0.12688884  0.03116694  0.15369274  0.26129795  0.3997471
  0.44922163  0.39247411  0.51425487  0.62787447  0.6384172   0.67134017
  0.56950867  0.68247021  0.78556066  0.73145807  0.66381037  0.57780099
  0.60880572  0.57575368  0.60703575  0.37289541  0.15453834  0.14397268
 -0.11613797 -0.2649424  -0.26946545 -0.38927292 -0.3809175  -0.41994206
 -0.42040305 -0.55749122 -0.5556715  -0.55986496 -0.74816428 -0.66205972
 -0.5795738  -0.4749107  -0.4150234  -0.45869728 -0.44413866 -0.43221294
 -0.3903579  -0.39526798 -0.31839738 -0.43031098 -0.45567115 -0.34920646
 -0.2527882  -0.32992551 -0.31706478 -0.31284572 -0.22885294 -0.11320668
 -0.19852925 -0.10083333 -0.29448594 -0.21313341 -0.22420986 -0.1536742
 -0.2386856  -0.14065377 -0.03470329  0.06409416  0.04184929  0.09132309
  0.11626189  0.08803329  0.13910015  0.02482858  0.01371496  0.02276134
 -0.01685513 -0.1798383  -0.09867355 -0.08711078 -0.07331    -0.07326599
 -0.14844856 -0.09593305  0.0094697  -0.12897923 -0.08626824  0.00619491
  0.00472108 -0.04462717]
Mus:
[[-2.80623566e-02 -1.19147906e-02]
 [-2.84266919e-02 -1.22469822e-02]
 [-2.72741467e-02 -1.17124114e-02]
 [-2.81790886e-02 -1.20411832e-02]
 [-2.78599560e-02 -1.17429271e-02]
 [-2.76036840e-02 -1.17839081e-02]
 [-2.91292015e-02 -1.19211813e-02]
 [-2.94340979e-02 -1.19518815e-02]
 [-2.99637355e-02 -1.26413042e-02]
 [-3.02234199e-02 -1.22499671e-02]
 [-3.00768651e-02 -1.21103115e-02]
 [-3.18022743e-02 -1.32093355e-02]
 [-3.18182856e-02 -1.34152267e-02]
 [-3.18495072e-02 -1.38472905e-02]
 [-3.20430025e-02 -1.39361070e-02]
 [-3.21305394e-02 -1.43356174e-02]
 [-3.18291746e-02 -1.40281161e-02]
 [-3.20761800e-02 -1.38953757e-02]
 [-3.20058875e-02 -1.43342558e-02]
 [-3.11446413e-02 -1.45574696e-02]
 [-3.02098468e-02 -1.44099621e-02]
 [-2.95664780e-02 -1.45554328e-02]
 [-2.84707639e-02 -1.40362838e-02]
 [-2.85366662e-02 -1.47267254e-02]
 [-2.75767297e-02 -1.50719816e-02]
 [-2.51456723e-02 -1.40606044e-02]
 [-2.45613903e-02 -1.43233761e-02]
 [-2.12157182e-02 -1.33540230e-02]
 [-1.60624124e-02 -1.14613567e-02]
 [-1.24558108e-02 -9.97670181e-03]
 [-1.01075163e-02 -9.00805183e-03]
 [-7.62121752e-03 -6.88614324e-03]
 [-5.96903544e-03 -5.94093278e-03]
 [-4.76491498e-03 -5.46609936e-03]
 [-3.28225200e-03 -4.43492271e-03]
 [-3.09912558e-03 -4.99575399e-03]
 [-1.80722540e-03 -4.55409661e-03]
 [-4.38539253e-04 -2.95568653e-03]
 [ 3.70694237e-04 -3.11497366e-03]
 [ 1.41752406e-03 -2.69949716e-03]
 [ 1.31047424e-03 -1.97108672e-03]
 [ 1.92256295e-03 -2.04933458e-03]
 [ 2.68455874e-03 -2.55701202e-03]
 [ 3.64822149e-03 -1.42567686e-03]
 [ 6.03039097e-03 -1.37186144e-03]
 [ 7.52175646e-03 -7.32400222e-04]
 [ 9.26209241e-03 -6.68649911e-04]
 [ 9.26575623e-03 -1.19170151e-03]
 [ 9.86912660e-03 -3.07267037e-04]
 [ 1.09428167e-02  3.05478898e-04]
 [ 1.04820644e-02 -3.07603244e-04]
 [ 1.03222616e-02 -5.76801423e-04]
 [ 8.42600595e-03 -1.75033312e-03]
 [ 8.73745792e-03 -1.49489066e-03]
 [ 1.08186305e-02  8.07880351e-05]
 [ 1.28136100e-02  1.48858281e-03]
 [ 1.27941761e-02  1.65418850e-03]
 [ 1.25911096e-02  1.88189233e-03]
 [ 1.41528342e-02  3.45202722e-03]
 [ 1.40159838e-02  3.51127353e-03]
 [ 1.28409117e-02  2.94547295e-03]
 [ 1.24619175e-02  2.64071929e-03]
 [ 1.25683863e-02  2.95364321e-03]
 [ 1.14755649e-02  2.62188958e-03]
 [ 9.20026191e-03  1.23423804e-03]
 [ 5.81524475e-03 -5.99510327e-04]
 [ 2.80181132e-03 -1.95997814e-03]
 [ 4.65115474e-04 -2.70643993e-03]
 [-1.28427439e-03 -2.85518402e-03]
 [-1.75008806e-03 -2.05141841e-03]
 [-5.06881019e-03 -2.82883667e-03]
 [-8.33270047e-03 -3.96494661e-03]
 [-1.24182384e-02 -5.35811530e-03]
 [-1.83703825e-02 -7.89293833e-03]
 [-2.05212776e-02 -8.52296315e-03]
 [-2.36930270e-02 -9.53998975e-03]
 [-2.61355303e-02 -1.05921319e-02]
 [-2.43275855e-02 -8.79853405e-03]
 [-2.36448664e-02 -8.26186594e-03]
 [-2.34720986e-02 -8.07470363e-03]
 [-2.29587797e-02 -7.66004063e-03]
 [-2.33695358e-02 -7.81226670e-03]
 [-2.26887502e-02 -7.34299142e-03]
 [-2.20846590e-02 -6.95394212e-03]
 [-1.98541284e-02 -5.63786039e-03]
 [-1.95744634e-02 -5.55378851e-03]
 [-1.71789601e-02 -4.54715919e-03]
 [-1.62732713e-02 -4.22370015e-03]
 [-1.75741222e-02 -4.99643665e-03]
 [-1.71732288e-02 -4.97375010e-03]
 [-1.62141249e-02 -3.99781112e-03]
 [-1.42509239e-02 -2.90349452e-03]
 [-1.45729939e-02 -3.00448132e-03]
 [-1.33847175e-02 -2.39933329e-03]
 [-1.29668964e-02 -2.44416157e-03]
 [-1.24674561e-02 -2.34041340e-03]
 [-1.22872777e-02 -2.56312592e-03]
 [-1.16232773e-02 -2.30627297e-03]
 [-1.12548750e-02 -2.30547297e-03]
 [-1.02188466e-02 -1.87906006e-03]
 [-1.13195237e-02 -2.66413717e-03]
 [-1.13601107e-02 -2.67873867e-03]
 [-1.34802777e-02 -4.05350840e-03]
 [-1.34850163e-02 -3.85472388e-03]
 [-1.37549043e-02 -3.71905370e-03]
 [-1.38047738e-02 -3.58039513e-03]
 [-1.34100430e-02 -3.32176685e-03]
 [-1.46605810e-02 -4.17482667e-03]
 [-1.54023338e-02 -4.58418997e-03]
 [-1.45244049e-02 -3.72136314e-03]
 [-1.55422706e-02 -4.54919133e-03]
 [-1.53086334e-02 -3.96797247e-03]
 [-1.38810696e-02 -2.60114274e-03]
 [-1.17867319e-02 -1.09462196e-03]
 [-1.05919298e-02 -6.84560160e-04]
 [-8.77582841e-03  1.76146612e-04]
 [-7.91318342e-03  6.41635037e-04]
 [-7.41316937e-03  6.74132141e-04]
 [-7.25838076e-03  3.75735952e-04]
 [-7.38997571e-03  1.25383478e-04]
 [-6.18893281e-03  1.06554886e-03]
 [-3.89065268e-03  1.91741274e-03]
 [-3.61712882e-03  2.26577255e-03]
 [-3.78727936e-03  2.04442185e-03]
 [-3.78910871e-03  1.96375418e-03]
 [-7.05225579e-03  6.95200521e-04]
 [-9.67583992e-03  1.13328446e-04]
 [-1.04179373e-02 -2.66243209e-04]
 [-1.06374947e-02 -6.89251232e-04]
 [-1.13718156e-02 -4.72501328e-04]
 [-1.29785826e-02 -1.08689477e-03]
 [-1.33075090e-02 -9.82753467e-04]
 [-1.36500653e-02 -1.56903220e-03]
 [-1.48778893e-02 -1.81015581e-03]
 [-1.55863361e-02 -2.63337651e-03]
 [-1.75885074e-02 -3.22006340e-03]
 [-1.84075814e-02 -3.07305460e-03]
 [-1.95207559e-02 -3.45853553e-03]
 [-2.10410319e-02 -3.75495292e-03]
 [-2.18606759e-02 -4.02224250e-03]
 [-2.31075864e-02 -4.87023173e-03]
 [-2.48125158e-02 -5.65104932e-03]
 [-2.62876898e-02 -7.00479746e-03]
 [-2.82108951e-02 -7.95038696e-03]
 [-2.95801945e-02 -9.07325000e-03]
 [-3.07336543e-02 -9.20188613e-03]
 [-3.11954059e-02 -9.65021178e-03]
 [-3.05875428e-02 -9.39225033e-03]
 [-2.86445431e-02 -8.44654534e-03]
 [-2.36144718e-02 -6.76894467e-03]
 [-1.91975553e-02 -5.15562575e-03]
 [-1.49885425e-02 -3.33974487e-03]
 [-1.07895369e-02 -1.22166472e-03]
 [-6.91358885e-03  7.42581906e-04]
 [-5.85677894e-03  1.09057035e-03]
 [-4.55542607e-03  1.77128974e-03]
 [-5.49108395e-03 -2.42660739e-04]
 [-3.76980798e-03  5.03712763e-05]
 [-4.13758215e-03 -4.83141048e-04]
 [-6.62213098e-03 -2.28767819e-03]
 [-1.03069069e-02 -4.12159879e-03]
 [-1.17404358e-02 -4.50601010e-03]
 [-1.38241164e-02 -5.24088647e-03]
 [-1.48988711e-02 -5.83194010e-03]
 [-1.64326280e-02 -6.14336086e-03]
 [-1.99602619e-02 -8.01896211e-03]
 [-2.32392810e-02 -9.68572870e-03]
 [-2.59439927e-02 -1.10299392e-02]
 [-2.68422011e-02 -1.08873202e-02]
 [-2.76295729e-02 -1.10899890e-02]
 [-3.21187265e-02 -1.38568981e-02]
 [-3.28616388e-02 -1.40526854e-02]
 [-3.18416841e-02 -1.31840380e-02]
 [-3.22143212e-02 -1.31042665e-02]
 [-3.34786810e-02 -1.34163685e-02]
 [-3.25402990e-02 -1.28938593e-02]
 [-3.20012569e-02 -1.27650304e-02]
 [-3.08102518e-02 -1.20707992e-02]
 [-2.75796782e-02 -1.02462340e-02]
 [-2.92071663e-02 -1.11957211e-02]
 [-2.52906810e-02 -9.41471104e-03]
 [-2.84576062e-02 -1.13202492e-02]
 [-3.37176360e-02 -1.37314415e-02]
 [-3.26260142e-02 -1.29899345e-02]
 [-3.44330110e-02 -1.41395535e-02]
 [-3.39966491e-02 -1.39026549e-02]
 [-3.26942354e-02 -1.30882924e-02]
 [-3.64206657e-02 -1.54297054e-02]
 [-3.51917930e-02 -1.47301480e-02]
 [-3.21988203e-02 -1.34974467e-02]
 [-3.29450592e-02 -1.41478237e-02]
 [-3.50322314e-02 -1.57136973e-02]
 [-3.46461572e-02 -1.54106030e-02]
 [-3.35397720e-02 -1.47495279e-02]
 [-3.34449746e-02 -1.49070807e-02]
 [-3.04140709e-02 -1.29342424e-02]
 [-3.00566312e-02 -1.28976274e-02]
 [-3.11641432e-02 -1.37268752e-02]
 [-3.20206806e-02 -1.43075567e-02]
 [-3.09209600e-02 -1.35029498e-02]]
Actions:
[[-0.1714066  -0.03227447]
 [ 0.29149898  0.18808507]
 [-0.24723108 -0.21388308]
 [ 0.14000962 -0.00470513]
 [ 0.04201374  0.12813789]
 [-0.1878208  -0.46233431]
 [ 0.11387291 -0.00489   ]
 [-0.2113303   0.08204787]
 [ 0.22218094 -0.18734067]
 [ 0.16967422  0.02315078]
 [-0.35441452 -0.05794677]
 [-0.34880412 -0.24782627]
 [-0.18991952  0.01627924]
 [ 0.53534289  0.30599728]
 [-0.24173848  0.0092736 ]
 [-0.01570477 -0.23532961]
 [-0.1326421  -0.31885759]
 [-0.25372953  0.00577701]
 [ 0.02812392  0.3062581 ]
 [ 0.08195489  0.12825808]
 [-0.04501535  0.20504183]
 [ 0.28587827  0.08452666]
 [-0.18529119  0.40138743]
 [-0.32545317  0.30673992]
 [ 0.11688421  0.01724871]
 [-0.12448439  0.31775404]
 [-0.27588058  0.06453444]
 [-0.25642852 -0.18379737]
 [ 0.05516614  0.00087489]
 [ 0.19600194  0.14392994]
 [ 0.39567028 -0.3940969 ]
 [ 0.05013343 -0.14717007]
 [-0.00400871  0.02425693]
 [ 0.27129323 -0.05942724]
 [-0.24767328  0.22198323]
 [ 0.10872016  0.15919685]
 [ 0.12561019 -0.49359311]
 [-0.01156455  0.27296102]
 [ 0.11416593  0.12493762]
 [ 0.04270005 -0.33311017]
 [-0.01993449  0.15863623]
 [-0.52691621 -0.01197383]
 [ 0.13061689 -0.25246043]
 [-0.44334753  0.08929203]
 [ 0.06834775  0.08309904]
 [-0.13240516  0.30016114]
 [ 0.10601993  0.47090042]
 [ 0.4433158   0.13155353]
 [-0.09975802 -0.12077252]
 [-0.09835454  0.20627091]
 [-0.10174139  0.08821393]
 [ 0.13725939  0.3800963 ]
 [ 0.03752099  0.38300143]
 [ 0.44172509 -0.05788423]
 [ 0.36594545 -0.23665156]
 [ 0.03266529 -0.04169177]
 [-0.04219728 -0.14606627]
 [ 0.22252607 -0.25943618]
 [ 0.2070764   0.04917382]
 [-0.05886544 -0.04800961]
 [ 0.18125114  0.13914944]
 [ 0.33343625  0.04270137]
 [ 0.21528295  0.04844729]
 [ 0.09003246  0.24875101]
 [-0.08128825  0.37275838]
 [-0.10952459  0.1674288 ]
 [ 0.11008096 -0.06503326]
 [ 0.29265592 -0.18995766]
 [ 0.4700583  -0.20974104]
 [-0.08752792 -0.24423227]
 [ 0.29775325  0.12444126]
 [-0.21202719 -0.01640049]
 [-0.45516517 -0.06862274]
 [ 0.05072595  0.00865085]
 [-0.26496469 -0.2423928 ]
 [-0.05776119  0.36271957]
 [-0.046511   -0.15540439]
 [-0.04941108 -0.14788227]
 [ 0.11710616  0.16455403]
 [ 0.11176845  0.16166701]
 [-0.37955084 -0.19635041]
 [ 0.28208923  0.18691457]
 [-0.35894022 -0.31819376]
 [ 0.50449626  0.15268035]
 [-0.11212336  0.06141707]
 [ 0.30823721  0.26502351]
 [-0.06920778  0.09734338]
 [-0.35209842  0.05646272]
 [ 0.01233377  0.17855302]
 [-0.09505203 -0.45330179]
 [ 0.11019052 -0.16074739]
 [-0.26971031 -0.21377371]
 [ 0.02664273 -0.05866616]
 [-0.08052377  0.15350703]
 [-0.03522996  0.07752974]
 [-0.06888447  0.21491239]
 [ 0.03055517  0.04215247]
 [-0.02277075  0.11105853]
 [ 0.08224484  0.04842793]
 [-0.20851192  0.12111489]
 [-0.01846685 -0.03165616]
 [-0.18484074  0.27053924]
 [-0.01241481 -0.18252462]
 [-0.01858694 -0.15842452]
 [ 0.04219107  0.22075378]
 [ 0.08930891  0.15102143]
 [-0.27699296  0.05065087]
 [-0.07215382  0.07812986]
 [ 0.3221746  -0.09973696]
 [-0.47763364 -0.16831012]
 [ 0.29716082 -0.07237141]
 [ 0.12639797 -0.549685  ]
 [ 0.26981421 -0.28333743]
 [ 0.02353436  0.12768879]
 [-0.21666924 -0.29750031]
 [ 0.33726069  0.2762843 ]
 [-0.05488852  0.11036526]
 [-0.11931474  0.16635814]
 [-0.19601977 -0.02334582]
 [-0.02156658 -0.36116421]
 [-0.37289258 -0.32158758]
 [ 0.04609113 -0.18996336]
 [-0.2492687  -0.07154623]
 [-0.35407487 -0.20832893]
 [ 0.17212828  0.24010406]
 [ 0.41626279  0.08946851]
 [-0.00376486  0.06286426]
 [-0.23169552  0.05652579]
 [ 0.24922667 -0.2508089 ]
 [ 0.26291723  0.21183976]
 [-0.1460031  -0.38043873]
 [-0.07757485  0.25147903]
 [ 0.0808407  -0.25085637]
 [-0.16422937  0.22163442]
 [ 0.44204653  0.08014433]
 [ 0.30057919 -0.27259554]
 [ 0.04458708 -0.10990823]
 [-0.10790472 -0.49334554]
 [ 0.18147279 -0.21120354]
 [-0.03595766 -0.06781735]
 [ 0.23041197 -0.10391553]
 [-0.27465503 -0.00632913]
 [-0.01582729 -0.24511869]
 [ 0.03873717  0.22406174]
 [ 0.23423385 -0.27703191]
 [-0.09732333 -0.26516254]
 [ 0.10414354 -0.23597   ]
 [ 0.11417002 -0.48053118]
 [-0.24215929 -0.05161555]
 [-0.2546774   0.08172355]
 [-0.05114938 -0.18350654]
 [ 0.22659059  0.09051153]
 [ 0.16726612  0.36284727]
 [-0.31905516  0.11716976]
 [ 0.13004379  0.2568592 ]
 [-0.10416952 -0.04192048]
 [ 0.10517464  0.28054152]
 [-0.155803    0.14648088]
 [-0.44768028  0.21167087]
 [-0.39941841 -0.13633803]
 [ 0.07908917 -0.07951052]
 [-0.10718751 -0.19532097]
 [ 0.19073444  0.3500103 ]
 [-0.08717454 -0.35759342]
 [-0.38960115 -0.02533265]
 [-0.18415342  0.1219403 ]
 [-0.16110125  0.04790585]
 [ 0.41022088 -0.01053223]
 [-0.05819727 -0.22082891]
 [-0.37333165  0.42600871]
 [-0.06271187 -0.24894488]
 [ 0.13305545 -0.33900143]
 [ 0.17404248 -0.0637867 ]
 [ 0.35546147  0.14903498]
 [-0.01667094 -0.18727392]
 [-0.16330444 -0.13482404]
 [ 0.06785924 -0.1606098 ]
 [ 0.20534268 -0.29551929]
 [-0.0015645   0.2565645 ]
 [-0.11302316 -0.34361665]
 [-0.18829098  0.35253254]
 [ 0.19472491 -0.10128095]
 [ 0.41342174  0.08566413]
 [-0.40787454 -0.16080454]
 [ 0.07243116 -0.32046379]
 [ 0.32844933  0.04033481]
 [-0.54658632  0.1703592 ]
 [ 0.07196072 -0.16850888]
 [-0.20431098 -0.31655024]
 [-0.1569405  -0.30801543]
 [-0.24067838  0.25354105]
 [ 0.35608555  0.07342398]
 [ 0.15430893 -0.10769441]
 [-0.04521918  0.04252919]
 [ 0.29031278 -0.37152825]
 [-0.051075   -0.25785515]
 [-0.03290481 -0.09458593]
 [ 0.11534496  0.2483061 ]
 [ 0.33664441  0.0046605 ]
 [-0.00711936 -0.25684892]]
States:
[[0.99983598 0.99880814 0.52258555 0.46679122 0.51313463 0.59734734]
 [0.99991202 0.99876372 0.51910238 0.4661787  0.46918229 0.58890346]
 [0.99992892 0.99893931 0.51813806 0.46866995 0.54479098 0.63832684]
 ...
 [0.9821981  0.         0.3751487  0.43441684 0.43397759 0.60280078]
 [0.97950233 0.         0.3655267  0.4286971  0.46515572 0.66776185]
 [0.97931492 0.         0.36488349 0.41817058 0.55251554 0.66758952]]
Logstds:
[[-3. -3.]
 [-3. -3.]
 [-3. -3.]
 [-3. -3.]
 [-3. -3.]
 [-3. -3.]
 [-3. -3.]
 [-3. -3.]
 [-3. -3.]
 [-3. -3.]
 [-3. -3.]
 [-3. -3.]
 [-3. -3.]
 [-3. -3.]
 [-3. -3.]
 [-3. -3.]
 [-3. -3.]
 [-3. -3.]
 [-3. -3.]
 [-3. -3.]
 [-3. -3.]
 [-3. -3.]
 [-3. -3.]
 [-3. -3.]
 [-3. -3.]
 [-3. -3.]
 [-3. -3.]
 [-3. -3.]
 [-3. -3.]
 [-3. -3.]
 [-3. -3.]
 [-3. -3.]
 [-3. -3.]
 [-3. -3.]
 [-3. -3.]
 [-3. -3.]
 [-3. -3.]
 [-3. -3.]
 [-3. -3.]
 [-3. -3.]
 [-3. -3.]
 [-3. -3.]
 [-3. -3.]
 [-3. -3.]
 [-3. -3.]
 [-3. -3.]
 [-3. -3.]
 [-3. -3.]
 [-3. -3.]
 [-3. -3.]
 [-3. -3.]
 [-3. -3.]
 [-3. -3.]
 [-3. -3.]
 [-3. -3.]
 [-3. -3.]
 [-3. -3.]
 [-3. -3.]
 [-3. -3.]
 [-3. -3.]
 [-3. -3.]
 [-3. -3.]
 [-3. -3.]
 [-3. -3.]
 [-3. -3.]
 [-3. -3.]
 [-3. -3.]
 [-3. -3.]
 [-3. -3.]
 [-3. -3.]
 [-3. -3.]
 [-3. -3.]
 [-3. -3.]
 [-3. -3.]
 [-3. -3.]
 [-3. -3.]
 [-3. -3.]
 [-3. -3.]
 [-3. -3.]
 [-3. -3.]
 [-3. -3.]
 [-3. -3.]
 [-3. -3.]
 [-3. -3.]
 [-3. -3.]
 [-3. -3.]
 [-3. -3.]
 [-3. -3.]
 [-3. -3.]
 [-3. -3.]
 [-3. -3.]
 [-3. -3.]
 [-3. -3.]
 [-3. -3.]
 [-3. -3.]
 [-3. -3.]
 [-3. -3.]
 [-3. -3.]
 [-3. -3.]
 [-3. -3.]
 [-3. -3.]
 [-3. -3.]
 [-3. -3.]
 [-3. -3.]
 [-3. -3.]
 [-3. -3.]
 [-3. -3.]
 [-3. -3.]
 [-3. -3.]
 [-3. -3.]
 [-3. -3.]
 [-3. -3.]
 [-3. -3.]
 [-3. -3.]
 [-3. -3.]
 [-3. -3.]
 [-3. -3.]
 [-3. -3.]
 [-3. -3.]
 [-3. -3.]
 [-3. -3.]
 [-3. -3.]
 [-3. -3.]
 [-3. -3.]
 [-3. -3.]
 [-3. -3.]
 [-3. -3.]
 [-3. -3.]
 [-3. -3.]
 [-3. -3.]
 [-3. -3.]
 [-3. -3.]
 [-3. -3.]
 [-3. -3.]
 [-3. -3.]
 [-3. -3.]
 [-3. -3.]
 [-3. -3.]
 [-3. -3.]
 [-3. -3.]
 [-3. -3.]
 [-3. -3.]
 [-3. -3.]
 [-3. -3.]
 [-3. -3.]
 [-3. -3.]
 [-3. -3.]
 [-3. -3.]
 [-3. -3.]
 [-3. -3.]
 [-3. -3.]
 [-3. -3.]
 [-3. -3.]
 [-3. -3.]
 [-3. -3.]
 [-3. -3.]
 [-3. -3.]
 [-3. -3.]
 [-3. -3.]
 [-3. -3.]
 [-3. -3.]
 [-3. -3.]
 [-3. -3.]
 [-3. -3.]
 [-3. -3.]
 [-3. -3.]
 [-3. -3.]
 [-3. -3.]
 [-3. -3.]
 [-3. -3.]
 [-3. -3.]
 [-3. -3.]
 [-3. -3.]
 [-3. -3.]
 [-3. -3.]
 [-3. -3.]
 [-3. -3.]
 [-3. -3.]
 [-3. -3.]
 [-3. -3.]
 [-3. -3.]
 [-3. -3.]
 [-3. -3.]
 [-3. -3.]
 [-3. -3.]
 [-3. -3.]
 [-3. -3.]
 [-3. -3.]
 [-3. -3.]
 [-3. -3.]
 [-3. -3.]
 [-3. -3.]
 [-3. -3.]
 [-3. -3.]
 [-3. -3.]
 [-3. -3.]
 [-3. -3.]
 [-3. -3.]
 [-3. -3.]
 [-3. -3.]]
