Baseline:
[0.66553754 0.65509444 0.6584968  0.6477642  0.6647852  0.68632895
 0.71505547 0.70477676 0.70177096 0.7011801  0.70286196 0.71889853
 0.74775386 0.7499291  0.75950795 0.7314789  0.6962647  0.70384
 0.6997489  0.6931911  0.7136533  0.71064305 0.69158316 0.69805515
 0.67119396 0.6722075  0.67901874 0.6880772  0.6487044  0.6332211
 0.60407823 0.5987177  0.58923453 0.5768945  0.57810277 0.5788729
 0.5476932  0.5420081  0.49633437 0.4949935  0.506486   0.5047843
 0.46229872 0.4701647  0.44831383 0.46262267 0.46747378 0.42448926
 0.4218642  0.41933805 0.4170385  0.42254972 0.42634174 0.42582244
 0.4393368  0.45609236 0.45941836 0.46386117 0.48406765 0.47649127
 0.48877236 0.4960119  0.47325826 0.49578783 0.44976053 0.42544284
 0.40973377 0.41829735 0.40286    0.36702883 0.34147897 0.32137644
 0.33736643 0.32684427 0.34171194 0.34710765 0.32429567 0.3327193
 0.3515004  0.36409327 0.37321633 0.39460683 0.40837163 0.42490587
 0.45614356 0.4659204  0.4833492  0.49689117 0.5065172  0.4993775
 0.514338   0.52663916 0.5421687  0.549524   0.56700236 0.5778187
 0.5955388  0.61236185 0.5935724  0.5869847  0.58621615 0.56357753
 0.5415602  0.5312876  0.48842555 0.45000923 0.43287638 0.40207207
 0.3665402  0.34490132 0.31404972 0.29900587 0.2948518  0.28232494
 0.22832775 0.19950832 0.17025268 0.15135776 0.1329729  0.13723199
 0.15401396 0.25172615 0.26556075 0.26892352 0.2648704  0.26388666
 0.29997504 0.25778413 0.26246184 0.30208114 0.29276288 0.3016986
 0.3241576  0.30361488 0.35395575 0.36154056 0.35005808 0.3474176
 0.38176036 0.378065   0.35611287 0.36929172 0.34383786 0.3500644
 0.3615102  0.39650118 0.3941242  0.40556633 0.39101535 0.36915386
 0.36778724 0.36090824 0.4004724  0.3995666  0.41350484 0.37453246
 0.37238017 0.3688023  0.34966302 0.3365564  0.3308596  0.31280822
 0.30779406 0.27678722 0.26304322 0.2693871  0.25192764 0.24244824
 0.23798293 0.22999457 0.24394122 0.25063527 0.26813632 0.26931524
 0.27111    0.25057217 0.25648847 0.25116235 0.24094534 0.24382001
 0.24570067 0.24406287 0.24807876 0.23149638 0.24411082 0.2414091
 0.23534575 0.22001055 0.21784143 0.21204805 0.2144183  0.21922642
 0.22861469 0.21415478 0.22379257 0.24443221 0.21916002 0.21192217
 0.22636846 0.22453251 0.22453251]
Returns:
[ 5.12326845  5.17055929  5.2087807   5.20435471  5.14207066  5.06089045
  4.76560757  4.73123968  4.75419823  4.74485238  4.74647925  4.51586489
  4.05755449  4.02563096  3.85780206  3.72857743  3.47462635  3.4057901
  3.35847065  3.32466022  3.03387439  2.98571912  2.87323491  2.77444907
  2.45871176  2.36332258  2.26654551  2.10484669  1.98171427  1.92705762
  1.73596244  1.73942465  1.72755279  1.74493327  1.71357653  1.63709701
  1.53973276  1.39969936  1.25270872  1.29680626  1.29139255  1.21321467
  0.80631711  0.85456292  0.79819966  0.83288777  0.79808851  0.90366058
  0.74492378  0.77724693  0.87655429  0.97336121  1.08956408  1.19566634
  1.30836314  1.34875699  1.45504885  1.50507138  1.57316036  1.660154
  1.80355111  1.96222918  2.05259001  1.80803361  1.91371439  2.12932911
  2.10517083  2.23126695  2.40670246  2.48204482  2.43049346  2.5191455
  2.58668289  2.70434866  2.81294224  2.95765197  2.86987994  2.9779776
  3.06834455  3.13409801  3.21162897  3.28779321  3.36711035  3.27346909
  3.28396917  3.30712821  3.3239612   3.31896914  3.30992047  3.21348289
  3.15673263  3.10488069  3.04409372  2.95905815  2.84271282  2.76277141
  2.59196204  2.39547724  2.19538419  2.06766918  1.86354294  1.43404487
  1.26639991  1.05705366  0.82628373  0.66211689  0.52431011  0.48911641
  0.35415923  0.27372968  0.27773581  0.09431677  0.01651441 -0.00812268
 -0.19290836 -0.36817922 -0.36696985 -0.36521897 -0.46336943 -0.41070103
 -0.33030328 -0.27667625 -0.16225308 -0.04000313  0.02153867  0.11690835
  0.01933328 -0.16096287 -0.02332166 -0.17989011 -0.11390596  0.01718277
  0.09672886  0.11459065 -0.04428298  0.03118301  0.14402679  0.1856416
  0.22399377  0.31212539  0.28412637  0.38490299  0.2029083   0.30044238
  0.3212022   0.11653038  0.04301193  0.11824554  0.15373232  0.1517898
  0.2534337   0.32693837  0.16735815  0.29352112  0.27518522  0.10846815
  0.17050025  0.27935766  0.31646558  0.42526705  0.43937777  0.39738304
  0.42875008  0.36315954  0.44337719  0.42892293  0.45557826  0.51788894
  0.56058819  0.64692642  0.55184549  0.47469689  0.38432355  0.44015039
  0.46988877  0.35270342  0.35626835  0.37113736  0.25337775  0.14464004
  0.11348336  0.11718097  0.07410491 -0.09892488 -0.36686095 -0.39484735
 -0.40962366 -0.53895    -0.5478316  -0.50027603 -0.4779453  -0.45682754
 -0.37515027 -0.35176931 -0.3184883  -0.34147441 -0.38599447 -0.28086541
 -0.21726421 -0.09714544]
Advants:
[ 3.2102016   3.30131554  3.37343506  3.42041468  3.38279469  3.32212993
  3.03374165  3.04756304  3.11547045  3.1519608   3.20100371  3.00000492
  2.54731329  2.54957075  2.40612944  2.33866403  2.14976571  2.10337131
  2.09138027  2.09718303  1.81218001  1.79411963  1.72719775  1.64744462
  1.37731155  1.29826713  1.21031193  1.0512384   0.97756738  0.94813048
  0.79173518  0.8068612   0.81123885  0.84922126  0.82461487  0.75361259
  0.69216065  0.55879298  0.45540675  0.50000489  0.48166401  0.40126572
  0.02132699  0.04610628 -0.00640305 -0.00492354 -0.06630997  0.06325345
 -0.11829761 -0.10997691 -0.03401604  0.03227248  0.12102248  0.20526519
  0.28322985  0.28457398  0.36653099  0.39072187  0.41687438  0.49078814
  0.60354339  0.73974068  0.839814    0.55031554  0.68239387  0.90844489
  0.88467048  0.98920734  1.17188072  1.27759461  1.24486424  1.34968025
  1.39854783  1.52779224  1.62556338  1.77357589  1.71604623  1.82686634
  1.9127618   1.9830951   2.07225434  2.15124121  2.24509672  2.16222796
  2.17048189  2.21573928  2.24971555  2.26812547  2.28896438  2.23978432
  2.20939104  2.18809102  2.15591783  2.10857321  2.01949431  1.97448612
  1.82977263  1.65741615  1.5149452   1.43221235  1.26423042  0.88317705
  0.76104991  0.58132165  0.40859562  0.29543102  0.18468301  0.19092934
  0.09997079  0.04854988  0.09248324 -0.07125066 -0.14214008 -0.15163094
 -0.28362196 -0.43590777 -0.41083194 -0.39539588 -0.483282   -0.4421878
 -0.38454276 -0.43647076 -0.34128214 -0.22457799 -0.15932337 -0.06035924
 -0.19532348 -0.33911163 -0.20820288 -0.41268809 -0.34406101 -0.22537409
 -0.17028275 -0.13285627 -0.34960264 -0.28779551 -0.16621562 -0.12357193
 -0.1211874  -0.02828369 -0.03334918  0.05802282 -0.09926373 -0.00594149
  0.00584694 -0.2385429  -0.31701439 -0.25920439 -0.21411011 -0.19893967
 -0.09789634 -0.01716132 -0.22208358 -0.09735487 -0.13316662 -0.26870118
 -0.21098513 -0.10209183 -0.04794873  0.07544637  0.09748018  0.07521227
  0.11453681  0.08207759  0.18125071  0.16546478  0.21638311  0.29777662
  0.35682139  0.46695757  0.37171432  0.30023723  0.20244544  0.26972501
  0.31224058  0.22841727  0.23990985  0.27575283  0.18186504  0.08161872
  0.05989393  0.07767057  0.04262323 -0.10559209 -0.38588605 -0.41167433
 -0.42120328 -0.53960541 -0.55131224 -0.50173314 -0.48524632 -0.47220181
 -0.40122035 -0.36362808 -0.33952341 -0.38399764 -0.40476157 -0.29056459
 -0.23790346 -0.10837206]
Mus:
[[-2.73244716e-02 -1.15547711e-02]
 [-2.77075805e-02 -1.16703175e-02]
 [-2.76635773e-02 -1.16675310e-02]
 [-2.84057632e-02 -1.16225034e-02]
 [-2.78821960e-02 -1.19164716e-02]
 [-2.68909764e-02 -1.18502146e-02]
 [-2.48293541e-02 -1.08528771e-02]
 [-2.58745216e-02 -1.15782665e-02]
 [-2.52451673e-02 -1.09832445e-02]
 [-2.54718401e-02 -1.15440479e-02]
 [-2.47223750e-02 -1.10372137e-02]
 [-2.32421905e-02 -9.94764082e-03]
 [-2.13033427e-02 -8.78497493e-03]
 [-2.15056520e-02 -8.96788668e-03]
 [-2.03186441e-02 -7.81710166e-03]
 [-2.09410600e-02 -7.49264006e-03]
 [-2.19667275e-02 -7.97191542e-03]
 [-2.13970449e-02 -7.65823107e-03]
 [-2.17784662e-02 -8.01698212e-03]
 [-2.16298643e-02 -7.69313192e-03]
 [-2.02647522e-02 -6.85215462e-03]
 [-1.99536029e-02 -6.58886461e-03]
 [-1.90195497e-02 -5.65768825e-03]
 [-1.89543124e-02 -5.88673074e-03]
 [-1.58796329e-02 -3.76633718e-03]
 [-1.58845540e-02 -4.13155137e-03]
 [-1.45012708e-02 -3.46477679e-03]
 [-1.43633662e-02 -3.84337921e-03]
 [-1.46696046e-02 -4.04620916e-03]
 [-1.54087236e-02 -4.74330317e-03]
 [-1.71485413e-02 -6.05426310e-03]
 [-1.75590068e-02 -6.33982522e-03]
 [-1.75596438e-02 -6.19704882e-03]
 [-1.86408814e-02 -6.95664529e-03]
 [-1.97691023e-02 -7.74571253e-03]
 [-1.98403057e-02 -7.86722731e-03]
 [-2.16804426e-02 -9.01435502e-03]
 [-2.01127883e-02 -8.02894868e-03]
 [-1.83245521e-02 -6.47428539e-03]
 [-1.82890762e-02 -6.77738246e-03]
 [-1.72198918e-02 -6.46675006e-03]
 [-1.71676427e-02 -6.66389009e-03]
 [-1.60529017e-02 -5.37692290e-03]
 [-1.53680108e-02 -5.05870394e-03]
 [-1.34400101e-02 -3.67288850e-03]
 [-1.31764002e-02 -3.85651435e-03]
 [-9.74604581e-03 -2.15359894e-03]
 [-8.46994575e-03 -1.15072459e-03]
 [-3.99887795e-03  1.40848325e-03]
 [-1.86864252e-03  2.18084501e-03]
 [ 6.62431048e-05  2.88011599e-03]
 [ 2.60786107e-03  3.78114614e-03]
 [ 5.26597863e-03  4.82669612e-03]
 [ 8.09257943e-03  6.09037327e-03]
 [ 1.18819866e-02  7.46683776e-03]
 [ 1.63028762e-02  9.31366067e-03]
 [ 2.03803219e-02  1.10515691e-02]
 [ 2.41710022e-02  1.30576752e-02]
 [ 2.85920110e-02  1.44007914e-02]
 [ 3.07860374e-02  1.54318996e-02]
 [ 3.34206149e-02  1.60480198e-02]
 [ 3.56071591e-02  1.63478628e-02]
 [ 3.52999233e-02  1.66015178e-02]
 [ 3.65533046e-02  1.58104002e-02]
 [ 3.45839746e-02  1.52936922e-02]
 [ 3.31856385e-02  1.51541065e-02]
 [ 3.12180948e-02  1.41745824e-02]
 [ 2.97425110e-02  1.38173979e-02]
 [ 2.68605333e-02  1.21343387e-02]
 [ 2.38454416e-02  1.07400175e-02]
 [ 2.20218953e-02  1.08935237e-02]
 [ 1.91141721e-02  9.92852449e-03]
 [ 1.76293943e-02  8.34393501e-03]
 [ 1.51271736e-02  7.17754290e-03]
 [ 1.38140190e-02  6.89047063e-03]
 [ 1.19658979e-02  5.99552225e-03]
 [ 8.93388130e-03  5.59720956e-03]
 [ 7.52438046e-03  4.96967090e-03]
 [ 7.14089070e-03  4.42712242e-03]
 [ 7.40670180e-03  4.15742677e-03]
 [ 7.94128329e-03  4.73141763e-03]
 [ 7.56305177e-03  4.25016182e-03]
 [ 7.20695825e-03  4.44842223e-03]
 [ 6.10022200e-03  5.07651037e-03]
 [ 4.61748429e-03  4.50075744e-03]
 [ 3.93982371e-03  4.08398686e-03]
 [ 3.04246671e-03  3.45759210e-03]
 [ 2.26252200e-03  3.34647018e-03]
 [ 1.59154681e-03  2.77335872e-03]
 [ 7.55621877e-04  2.72364798e-03]
 [ 4.18426382e-04  1.97897363e-03]
 [-3.82448488e-04  1.55227550e-03]
 [-9.38410463e-04  9.17701575e-04]
 [-1.57192780e-03  2.39345332e-04]
 [-2.23600492e-03 -1.73985245e-04]
 [-2.87838024e-03 -7.79544236e-04]
 [-3.44121782e-03 -1.07646838e-03]
 [-4.08299034e-03 -2.09131953e-03]
 [-4.78554843e-03 -2.60710320e-03]
 [-5.08989487e-03 -2.78732739e-03]
 [-5.72385034e-03 -2.66845920e-03]
 [-6.90926518e-03 -2.37583718e-03]
 [-7.29590608e-03 -3.04913451e-03]
 [-8.75879452e-03 -3.43358750e-03]
 [-9.02263355e-03 -3.80202406e-03]
 [-6.90398831e-03 -3.68713820e-03]
 [-4.71206568e-03 -3.52793769e-03]
 [-2.84313201e-03 -3.16750142e-03]
 [-2.12569092e-03 -2.30179727e-03]
 [-1.19000510e-03 -1.94550282e-03]
 [-1.02519982e-04 -1.24967017e-03]
 [-2.30231293e-04 -6.12667238e-04]
 [ 1.62454307e-04 -5.71665063e-04]
 [ 1.12726807e-03 -3.05054797e-04]
 [ 3.55009851e-03  8.04739073e-04]
 [ 5.58053702e-03  2.69644894e-03]
 [ 8.94129090e-03  3.37406411e-03]
 [ 1.05251903e-02  3.70139140e-03]
 [ 1.41566424e-02  5.83858462e-03]
 [ 1.57597233e-02  6.89894427e-03]
 [ 1.69821661e-02  6.83020288e-03]
 [ 1.27357664e-02  1.41999067e-03]
 [ 1.19180735e-02  7.50348205e-04]
 [ 1.25154825e-02  1.03160599e-03]
 [ 1.15463091e-02  2.82284309e-04]
 [ 1.09105781e-02 -1.75026216e-04]
 [ 1.46617256e-02  1.88199664e-03]
 [ 1.60642006e-02  3.08379927e-03]
 [ 1.67579856e-02  3.66595131e-03]
 [ 2.13341936e-02  6.42416300e-03]
 [ 2.21994389e-02  7.33732805e-03]
 [ 2.20121648e-02  7.35578872e-03]
 [ 2.13232189e-02  6.95731118e-03]
 [ 1.78646874e-02  5.19427750e-03]
 [ 1.80218648e-02  5.16645843e-03]
 [ 1.92249473e-02  6.22853730e-03]
 [ 1.71479713e-02  5.19983005e-03]
 [ 1.24966092e-02  2.80114426e-03]
 [ 1.22804353e-02  3.06187966e-03]
 [ 7.25977542e-03  6.60434947e-04]
 [ 1.65142433e-03 -1.87686901e-03]
 [ 1.02680316e-03 -1.49456167e-03]
 [-2.32209475e-03 -2.02132086e-03]
 [-2.82505248e-03 -1.78763259e-03]
 [-2.14336230e-03 -9.61762271e-04]
 [-3.22276354e-03 -2.02596909e-03]
 [-2.69221142e-03 -1.06392498e-03]
 [-3.80313396e-03 -1.82006962e-03]
 [-7.40982546e-03 -3.53563437e-03]
 [-1.14698587e-02 -5.31966705e-03]
 [-1.44729707e-02 -6.71689305e-03]
 [-1.51087549e-02 -6.55148551e-03]
 [-1.71229597e-02 -7.35915639e-03]
 [-1.90973673e-02 -8.14004056e-03]
 [-1.85496770e-02 -7.49150012e-03]
 [-1.96403023e-02 -8.00555944e-03]
 [-1.95728932e-02 -7.75283715e-03]
 [-2.06104442e-02 -8.20041168e-03]
 [-2.03549936e-02 -8.03687982e-03]
 [-2.09601764e-02 -8.35281983e-03]
 [-2.38176342e-02 -9.91354696e-03]
 [-2.32646521e-02 -9.31690261e-03]
 [-2.56951377e-02 -1.06371893e-02]
 [-2.62271930e-02 -1.10377055e-02]
 [-2.74175424e-02 -1.14300745e-02]
 [-3.01112663e-02 -1.25426762e-02]
 [-3.02453339e-02 -1.24329682e-02]
 [-3.04076932e-02 -1.23476712e-02]
 [-3.01910378e-02 -1.20674530e-02]
 [-2.95732711e-02 -1.18839610e-02]
 [-3.18965465e-02 -1.27945021e-02]
 [-3.08671966e-02 -1.19118718e-02]
 [-3.24200839e-02 -1.27709219e-02]
 [-3.28032561e-02 -1.30132064e-02]
 [-3.22655402e-02 -1.26569569e-02]
 [-2.84866933e-02 -1.11990673e-02]
 [-2.97805779e-02 -1.21097481e-02]
 [-2.88018491e-02 -1.20531851e-02]
 [-2.86176093e-02 -1.26052732e-02]
 [-3.18671800e-02 -1.48737459e-02]
 [-3.16230766e-02 -1.55478986e-02]
 [-2.95417439e-02 -1.51369916e-02]
 [-2.79610548e-02 -1.52907725e-02]
 [-2.18558963e-02 -1.24917421e-02]
 [-1.92810148e-02 -1.24915326e-02]
 [-1.53422831e-02 -1.12859113e-02]
 [-1.18302358e-02 -1.01509513e-02]
 [-5.72990812e-03 -7.22699845e-03]
 [-3.24428012e-03 -6.53318316e-03]
 [-4.27491876e-04 -5.43255499e-03]
 [ 1.75553537e-03 -4.53999266e-03]
 [ 4.13526222e-03 -3.31639871e-03]
 [ 5.72506152e-03 -2.74535385e-03]
 [ 7.78778456e-03 -1.65050651e-03]
 [ 7.88169075e-03 -1.71778770e-03]
 [ 7.19706714e-03 -2.37890426e-03]
 [ 1.04333973e-02 -1.14543822e-04]
 [ 1.22532686e-02  1.12499064e-03]
 [ 1.13596767e-02  7.04358623e-04]
 [ 1.18321450e-02  1.39015866e-03]]
Actions:
[[-0.09099797 -0.11254853]
 [ 0.04423481  0.03212641]
 [ 0.00469033 -0.23220504]
 [ 0.0325235   0.33245723]
 [ 0.12818747  0.32286943]
 [ 0.44150984  0.23436782]
 [-0.3803012   0.05468386]
 [ 0.0353788  -0.12985429]
 [-0.24936151  0.19780252]
 [ 0.06722633 -0.03675515]
 [ 0.4124653   0.02901348]
 [ 0.53751087  0.26616646]
 [-0.10490941  0.17665055]
 [ 0.30702291 -0.05888005]
 [-0.15555877 -0.29427427]
 [-0.54201676 -0.18090689]
 [ 0.12027222  0.11550468]
 [-0.15574974  0.16182711]
 [ 0.02245317 -0.04799091]
 [ 0.39523941  0.15465962]
 [ 0.02078624  0.0723567 ]
 [ 0.04926501 -0.24516845]
 [-0.03182485  0.26952327]
 [ 0.16692738 -0.46484552]
 [-0.13832502  0.24939067]
 [ 0.1768415   0.10088559]
 [-0.01620891  0.37634495]
 [-0.36236849 -0.1267158 ]
 [-0.23544731  0.12520521]
 [-0.5032149   0.01351587]
 [ 0.02896236  0.08112534]
 [ 0.12550729  0.00338788]
 [-0.12681664  0.08665236]
 [ 0.06265412  0.24090185]
 [ 0.18836135  0.2501333 ]
 [-0.27398738  0.30039334]
 [ 0.31603026 -0.24621603]
 [ 0.08801968 -0.43004375]
 [-0.04070263  0.15273587]
 [ 0.14399678  0.21238332]
 [-0.00977887  0.39435603]
 [ 0.0620756  -0.68798728]
 [ 0.12035652  0.09502682]
 [ 0.16251346 -0.31108717]
 [-0.00161497  0.23168624]
 [ 0.29516255 -0.08024195]
 [-0.08927135  0.021523  ]
 [ 0.41775045  0.19612223]
 [-0.05862175  0.24648567]
 [-0.05490936 -0.0104699 ]
 [ 0.00673875  0.06511209]
 [ 0.04920434 -0.004306  ]
 [ 0.08323776 -0.1301211 ]
 [ 0.1225447   0.10058923]
 [ 0.30715849  0.03885787]
 [ 0.18600962 -0.07677217]
 [ 0.28814511 -0.173658  ]
 [ 0.14791013  0.29397587]
 [ 0.25522532 -0.16019927]
 [-0.04411568  0.23316586]
 [-0.03175416  0.22533617]
 [ 0.1863438  -0.29997399]
 [-0.11740797  0.67102792]
 [-0.28024568 -0.09688326]
 [ 0.01892897  0.02024629]
 [-0.04489244  0.50001457]
 [ 0.22726285  0.17385905]
 [-0.11810757  0.11692872]
 [-0.24257853 -0.26448486]
 [ 0.08531563 -0.47628928]
 [-0.09885241 -0.27923946]
 [-0.1047315   0.27117901]
 [-0.16804856 -0.11940871]
 [ 0.20580581  0.00304426]
 [-0.01457877  0.00728978]
 [-0.10773371 -0.48178988]
 [-0.13926452 -0.07332334]
 [-0.11708865  0.10976327]
 [-0.23728877  0.01585806]
 [-0.05401813 -0.17905554]
 [-0.06457736  0.10345437]
 [ 0.05137164 -0.09718933]
 [ 0.3201477  -0.23725499]
 [ 0.14985446  0.09060959]
 [-0.16620998 -0.04721681]
 [-0.08749477  0.04838989]
 [ 0.05844708 -0.09288219]
 [-0.15193746  0.00708425]
 [-0.16159477 -0.28027881]
 [-0.18394533  0.09174475]
 [-0.00550229 -0.06247325]
 [-0.0539713   0.03546873]
 [-0.22572992 -0.01035293]
 [ 0.11840868  0.03325611]
 [-0.05333251  0.05324969]
 [ 0.19478865  0.07436984]
 [-0.05686584  0.33533351]
 [-0.34456869 -0.20871675]
 [-0.10114136 -0.11429983]
 [ 0.1220836  -0.22110735]
 [ 0.11962491 -0.51224167]
 [-0.32490639 -0.09298766]
 [ 0.15176692 -0.13490535]
 [-0.2450191  -0.34811145]
 [-0.36923358 -0.1343404 ]
 [-0.16420516  0.29955681]
 [-0.22942491 -0.01301586]
 [ 0.09940476 -0.30452487]
 [ 0.09099388  0.18143365]
 [ 0.01305101 -0.08191028]
 [ 0.38598746 -0.0034456 ]
 [ 0.18508563  0.25889814]
 [ 0.12048332  0.18936113]
 [-0.3657911  -0.39518857]
 [ 0.25377606 -0.37559741]
 [-0.26405656  0.15967898]
 [-0.29699877  0.06697181]
 [-0.26686521 -0.34658047]
 [-0.1813842  -0.09641851]
 [-0.11423579 -0.06362589]
 [ 0.23357502 -0.0215131 ]
 [-0.06163141  0.00766052]
 [-0.03311654  0.0632439 ]
 [-0.23979818  0.11364443]
 [-0.16592088  0.13701441]
 [ 0.44753599  0.20204114]
 [-0.27095774 -0.47102373]
 [ 0.03182559 -0.01075389]
 [ 0.54414397 -0.00942372]
 [ 0.04261715 -0.24585648]
 [ 0.05432106  0.05112377]
 [ 0.09923504  0.23530061]
 [-0.33963627  0.03391135]
 [ 0.32428135  0.44596199]
 [ 0.22459246 -0.12217485]
 [-0.17065484  0.01304847]
 [-0.26371454  0.17571261]
 [ 0.30887345  0.12630081]
 [-0.22891209  0.09015954]
 [-0.41348752 -0.09265444]
 [ 0.15751052 -0.16226481]
 [-0.17651424 -0.54358147]
 [ 0.17313928 -0.10549423]
 [ 0.31383619 -0.12455558]
 [ 0.0234207   0.5728986 ]
 [ 0.28033324 -0.33660292]
 [-0.0690611   0.21876786]
 [-0.32521802 -0.03996947]
 [-0.36445677 -0.12996473]
 [-0.16280952  0.09027429]
 [ 0.07961454 -0.23690568]
 [ 0.31945148  0.37057324]
 [-0.065613   -0.0184967 ]
 [ 0.31408985 -0.07095033]
 [-0.41106657 -0.38256476]
 [ 0.11575135 -0.11179479]
 [-0.04011757  0.02785353]
 [-0.0820456  -0.27876756]
 [-0.10181413 -0.0637182 ]
 [-0.24039978  0.24628982]
 [ 0.03906264 -0.37695489]
 [-0.19304206  0.21899319]
 [-0.35778736 -0.27605929]
 [-0.02511275 -0.09962663]
 [ 0.13061168  0.26344094]
 [-0.07998529 -0.25696103]
 [ 0.00072369 -0.13198254]
 [ 0.13056089 -0.03719441]
 [-0.04875337 -0.02231874]
 [ 0.19805366  0.30908295]
 [ 0.29146442 -0.13663163]
 [ 0.12984127  0.31727275]
 [-0.0160578   0.02781536]
 [ 0.09924639 -0.04916335]
 [-0.30737246 -0.3531589 ]
 [-0.12375859  0.16467816]
 [-0.26305542 -0.05246509]
 [-0.46732052  0.00663116]
 [-0.42328527 -0.17631914]
 [-0.31321107 -0.05844708]
 [-0.1514128  -0.11517644]
 [-0.01883448  0.18274032]
 [ 0.01084254 -0.44619537]
 [-0.45277958  0.31557968]
 [ 0.07237528  0.02264315]
 [ 0.03711907  0.03915456]
 [ 0.07868897 -0.39454125]
 [ 0.1135132   0.13097361]
 [ 0.03859808  0.007582  ]
 [ 0.09054842 -0.17221196]
 [ 0.13021398 -0.19867159]
 [-0.0347219   0.12705504]
 [-0.23714817 -0.15874966]
 [-0.2363967   0.15871115]
 [-0.05512648  0.37052679]
 [ 0.05368942 -0.39297697]
 [-0.07093571 -0.1118591 ]
 [-0.10007852  0.24031853]
 [ 0.07112044 -0.11263654]
 [ 0.19873209 -0.08810001]]
States:
[[0.99978277 0.99981939 0.52454861 0.48706693 0.51312911 0.59735478]
 [0.99983331 0.99975247 0.52269133 0.48485984 0.48980594 0.567866  ]
 [0.99989593 0.99961485 0.51993787 0.48111545 0.50161034 0.57686061]
 ...
 [0.         0.         0.44261714 0.3975127  0.         0.59389604]
 [0.         0.         0.52728628 0.39332394 0.         0.65694227]
 [0.00474928 0.         0.6103797  0.38678413 0.         0.62624694]]
Logstds:
[[-3. -3.]
 [-3. -3.]
 [-3. -3.]
 [-3. -3.]
 [-3. -3.]
 [-3. -3.]
 [-3. -3.]
 [-3. -3.]
 [-3. -3.]
 [-3. -3.]
 [-3. -3.]
 [-3. -3.]
 [-3. -3.]
 [-3. -3.]
 [-3. -3.]
 [-3. -3.]
 [-3. -3.]
 [-3. -3.]
 [-3. -3.]
 [-3. -3.]
 [-3. -3.]
 [-3. -3.]
 [-3. -3.]
 [-3. -3.]
 [-3. -3.]
 [-3. -3.]
 [-3. -3.]
 [-3. -3.]
 [-3. -3.]
 [-3. -3.]
 [-3. -3.]
 [-3. -3.]
 [-3. -3.]
 [-3. -3.]
 [-3. -3.]
 [-3. -3.]
 [-3. -3.]
 [-3. -3.]
 [-3. -3.]
 [-3. -3.]
 [-3. -3.]
 [-3. -3.]
 [-3. -3.]
 [-3. -3.]
 [-3. -3.]
 [-3. -3.]
 [-3. -3.]
 [-3. -3.]
 [-3. -3.]
 [-3. -3.]
 [-3. -3.]
 [-3. -3.]
 [-3. -3.]
 [-3. -3.]
 [-3. -3.]
 [-3. -3.]
 [-3. -3.]
 [-3. -3.]
 [-3. -3.]
 [-3. -3.]
 [-3. -3.]
 [-3. -3.]
 [-3. -3.]
 [-3. -3.]
 [-3. -3.]
 [-3. -3.]
 [-3. -3.]
 [-3. -3.]
 [-3. -3.]
 [-3. -3.]
 [-3. -3.]
 [-3. -3.]
 [-3. -3.]
 [-3. -3.]
 [-3. -3.]
 [-3. -3.]
 [-3. -3.]
 [-3. -3.]
 [-3. -3.]
 [-3. -3.]
 [-3. -3.]
 [-3. -3.]
 [-3. -3.]
 [-3. -3.]
 [-3. -3.]
 [-3. -3.]
 [-3. -3.]
 [-3. -3.]
 [-3. -3.]
 [-3. -3.]
 [-3. -3.]
 [-3. -3.]
 [-3. -3.]
 [-3. -3.]
 [-3. -3.]
 [-3. -3.]
 [-3. -3.]
 [-3. -3.]
 [-3. -3.]
 [-3. -3.]
 [-3. -3.]
 [-3. -3.]
 [-3. -3.]
 [-3. -3.]
 [-3. -3.]
 [-3. -3.]
 [-3. -3.]
 [-3. -3.]
 [-3. -3.]
 [-3. -3.]
 [-3. -3.]
 [-3. -3.]
 [-3. -3.]
 [-3. -3.]
 [-3. -3.]
 [-3. -3.]
 [-3. -3.]
 [-3. -3.]
 [-3. -3.]
 [-3. -3.]
 [-3. -3.]
 [-3. -3.]
 [-3. -3.]
 [-3. -3.]
 [-3. -3.]
 [-3. -3.]
 [-3. -3.]
 [-3. -3.]
 [-3. -3.]
 [-3. -3.]
 [-3. -3.]
 [-3. -3.]
 [-3. -3.]
 [-3. -3.]
 [-3. -3.]
 [-3. -3.]
 [-3. -3.]
 [-3. -3.]
 [-3. -3.]
 [-3. -3.]
 [-3. -3.]
 [-3. -3.]
 [-3. -3.]
 [-3. -3.]
 [-3. -3.]
 [-3. -3.]
 [-3. -3.]
 [-3. -3.]
 [-3. -3.]
 [-3. -3.]
 [-3. -3.]
 [-3. -3.]
 [-3. -3.]
 [-3. -3.]
 [-3. -3.]
 [-3. -3.]
 [-3. -3.]
 [-3. -3.]
 [-3. -3.]
 [-3. -3.]
 [-3. -3.]
 [-3. -3.]
 [-3. -3.]
 [-3. -3.]
 [-3. -3.]
 [-3. -3.]
 [-3. -3.]
 [-3. -3.]
 [-3. -3.]
 [-3. -3.]
 [-3. -3.]
 [-3. -3.]
 [-3. -3.]
 [-3. -3.]
 [-3. -3.]
 [-3. -3.]
 [-3. -3.]
 [-3. -3.]
 [-3. -3.]
 [-3. -3.]
 [-3. -3.]
 [-3. -3.]
 [-3. -3.]
 [-3. -3.]
 [-3. -3.]
 [-3. -3.]
 [-3. -3.]
 [-3. -3.]
 [-3. -3.]
 [-3. -3.]
 [-3. -3.]
 [-3. -3.]
 [-3. -3.]
 [-3. -3.]
 [-3. -3.]
 [-3. -3.]
 [-3. -3.]
 [-3. -3.]
 [-3. -3.]
 [-3. -3.]]
