Baseline:
[1.4879746  1.4712154  1.4706355  1.4334531  1.4331292  1.4629413
 1.4720883  1.4478068  1.448842   1.4288447  1.4036045  1.404624
 1.3900949  1.4219395  1.4421177  1.4577987  1.4579995  1.4711493
 1.4623594  1.457675   1.4569826  1.4700649  1.460609   1.4902935
 1.509942   1.5433201  1.5385056  1.5259783  1.5387543  1.545526
 1.5346665  1.5193462  1.5110078  1.5187309  1.5045732  1.5088785
 1.4931347  1.4727669  1.4801421  1.4796634  1.4922774  1.4710824
 1.4765656  1.4759433  1.4922723  1.4948082  1.4888191  1.4785795
 1.4780526  1.4443895  1.4220245  1.4058254  1.3631798  1.310598
 1.2857827  1.2616129  1.2321197  1.2041781  1.173562   1.1430516
 1.13131    1.1126761  1.0698816  1.0390208  1.0193453  1.0090444
 0.9760599  0.99035895 0.95886713 0.9528143  0.9482312  0.96407366
 0.98788315 1.0075014  1.0139103  1.0737271  1.0928016  1.1102146
 1.1035085  1.1212521  1.1196864  1.1272485  1.1398154  1.1602039
 1.1664195  1.1684055  1.16598    1.1489604  1.138926   1.1185014
 1.0928867  1.0786994  1.0915349  1.0776641  1.0795324  1.0637956
 1.0551476  1.0431507  1.0518371  1.0305761  1.036669   1.042964
 1.0339277  1.0569724  1.0735626  1.0814946  1.0885752  1.1119738
 1.1418011  1.1374574  1.1482489  1.2073312  1.2251965  1.2377678
 1.2497817  1.2573931  1.2713983  1.2681888  1.2891223  1.3093278
 1.3244586  1.3510267  1.3536894  1.3702877  1.3777305  1.391377
 1.3864689  1.4135826  1.4080842  1.4305061  1.448827   1.4670858
 1.5139028  1.5413136  1.5604658  1.5984306  1.625121   1.6249497
 1.6161984  1.6256894  1.6181233  1.5907904  1.5651226  1.5604229
 1.5437241  1.5341457  1.5496006  1.5750576  1.557323   1.5470002
 1.5487982  1.5134751  1.4854846  1.4798672  1.4730575  1.4853237
 1.4464363  1.4495714  1.4747993  1.4678845  1.4706078  1.4351096
 1.4365654  1.4237192  1.4299717  1.4048455  1.3970928  1.3960607
 1.374206   1.3818843  1.3636807  1.331806   1.3078563  1.3243611
 1.3011914  1.2988715  1.2995524  1.3416511  1.3497049  1.3501513
 1.345173   1.3291118  1.35365    1.3855586  1.3803772  1.3561997
 1.3561096  1.3460693  1.3321443  1.3215119  1.3000593  1.288525
 1.2623856  1.2303085  1.2533683  1.2432388  1.2307773  1.2385421
 1.2330396  1.2274916  1.2274916 ]
Returns:
[9.43342268 9.51284351 9.58065657 9.14405626 9.11308646 8.9723119
 8.18250748 8.15663331 8.1613875  8.15544417 8.07221042 8.0607054
 8.03794184 7.81358395 7.730017   7.46216278 7.28383439 7.24303941
 7.24946184 7.25233737 7.15131462 7.06535547 6.96754405 6.80099133
 6.73253539 6.5570602  6.55113285 6.48523988 6.45780647 6.42781503
 6.41648707 6.36304225 6.34136446 6.29390744 6.28070302 6.27209934
 6.25170105 6.02762466 5.93791917 5.76271707 5.63239631 5.54999702
 5.45491905 5.39664301 5.34282464 5.35182571 5.3859533  5.40089494
 5.26925162 5.143229   5.0555907  5.07476927 5.02157834 4.83219413
 4.8364752  4.76561591 4.7540473  4.75491049 4.73015844 4.71708642
 4.65164899 4.66420248 4.3051484  4.28561139 4.16906376 4.1548837
 4.11613032 3.9424515  3.69907557 3.72465095 3.72110653 3.77881765
 3.83742376 3.83154332 3.87842049 3.86938664 4.00961258 3.98827284
 3.61236414 3.68438401 3.769785   3.87796111 4.05727162 4.04977016
 4.04571444 3.97482929 3.9867137  4.08816864 4.20086317 4.23070194
 4.11422044 4.10283652 3.97028082 4.01158953 4.00610485 4.0014719
 3.9641602  3.99258695 3.93163023 3.95531558 3.87786343 3.51479684
 3.61231137 3.62790088 3.74617154 3.89768903 4.05915076 4.22179204
 4.38895012 4.57738821 4.78527381 4.74873639 4.93099496 5.15872551
 5.38241557 5.57431526 5.73687802 5.96856856 6.15080714 6.33770127
 6.54652765 6.66143119 6.90853759 7.04554541 7.24008075 7.47334139
 7.69889962 7.83078557 8.06451581 8.21820228 8.41823436 8.66608263
 8.52773517 8.71805868 8.51232112 8.65513206 8.72604421 8.84048704
 8.91414966 8.77971563 8.85036271 8.80344177 8.82532958 8.84297093
 8.92129373 8.80943712 8.76780274 8.62455816 8.60922156 8.21872194
 7.979727   7.86875916 7.84544719 7.86443084 7.75254177 7.72697215
 7.57788099 7.59642627 7.48362908 7.49223066 7.49996424 7.24698983
 7.23348792 7.19788961 7.11886968 7.07921099 6.95254617 6.90601342
 6.87568902 6.79824251 6.65900328 6.58330762 6.36398905 6.21716035
 6.09643046 6.00309213 5.92943024 5.46326436 5.30701613 5.10027945
 4.97174169 4.75509933 4.35098238 3.93384376 3.70615385 3.41574535
 3.23043177 3.0435879  2.83808051 2.69748127 2.46142569 2.17719985
 1.95469073 1.67403723 1.31872775 1.18232578 1.02568984 0.81770819
 0.58172137 0.44857371]
Advants:
[5.55944174 5.70107482 5.82090783 5.46495913 5.48053757 5.35483708
 4.57988587 4.60428854 4.6363324  4.6815589  4.65559965 4.67745098
 4.70626603 4.48234547 4.41042367 4.15265338 3.99656256 3.96529924
 4.00559564 4.0406104  3.96697063 3.89383045 3.83084986 3.65608006
 3.58854689 3.39555807 3.41162661 3.37525538 3.35224468 3.33300837
 3.35154514 3.33286578 3.34021565 3.30578054 3.32927537 3.34042916
 3.36174307 3.17991495 3.10357615 2.94595788 2.81716465 2.76941354
 2.68034158 2.63337264 2.5726508  2.58954428 2.64221832 2.6818055
 2.56226714 2.47961553 2.4228582  2.46857156 2.46891626 2.33970057
 2.37792971 2.33970711 2.36737434 2.40764244 2.42612762 2.45780184
 2.41789378 2.46500789 2.15625076 2.17606621 2.08541309 2.08816266
 2.08940883 1.90322989 1.68674488 1.71435845 1.71107251 1.74954316
 1.78172852 1.75260743 1.79039632 1.71650858 1.83594086 1.7941239
 1.41017747 1.45013256 1.52424783 1.61402723 1.77417028 1.73825514
 1.7189572  1.63403675 1.63571364 1.74414297 1.85976655 1.90387411
 1.80351671 1.79610763 1.63513746 1.67511732 1.65104265 1.64434365
 1.59547389 1.61522068 1.52098519 1.54063441 1.42705332 1.01367351
 1.07575171 1.01980467 1.07200724 1.16634091 1.27204911 1.36277916
 1.45171174 1.59793496 1.75059987 1.60380906 1.71775625 1.88482653
 2.05086393 2.19132515 2.29691666 2.49245544 2.61603507 2.74693982
 2.90779379 2.96322201 3.17951523 3.27310028 3.43686956 3.6379659
 3.85546462 3.9494051  4.18427792 4.31487541 4.50148254 4.74348581
 4.56606598 4.74242142 4.52516423 4.64153585 4.69963262 4.83284845
 4.93799769 4.81429361 4.91686908 4.92311279 5.00017153 5.05521991
 5.18867393 5.12493888 5.10791046 4.97746488 5.02145202 4.67464923
 4.46262581 4.41586209 4.45202661 4.51155662 4.44113192 4.43973282
 4.36566116 4.42075809 4.32153178 4.37963198 4.43100875 4.25712265
 4.28900575 4.31638105 4.2828689  4.32405668 4.26193358 4.27665249
 4.33327039 4.31614492 4.26515803 4.29599798 4.17560763 4.08858828
 4.07082588 4.06358809 4.07786372 3.65004721 3.56796485 3.44359784
 3.40608797 3.29268306 2.94537313 2.57071263 2.42204591 2.22771317
 2.11478425 2.01096564 1.8926604  1.8381933  1.69888438 1.49946737
 1.37654077 1.1999761  0.888051   0.82997734 0.75535257 0.60840781
 0.44545783 0.38719916]
Mus:
[[-1.7051129e-02 -5.8190981e-03]
 [-1.7422382e-02 -6.2407688e-03]
 [-1.7086016e-02 -5.9994431e-03]
 [-1.7302552e-02 -7.2853332e-03]
 [-1.6439637e-02 -6.7107799e-03]
 [-1.7335657e-02 -7.4308915e-03]
 [-1.5233204e-02 -5.3303884e-03]
 [-1.5018250e-02 -5.4606232e-03]
 [-1.5134578e-02 -5.5639218e-03]
 [-1.4594645e-02 -5.5298894e-03]
 [-1.3678617e-02 -5.1103570e-03]
 [-1.4131801e-02 -5.3792978e-03]
 [-1.4100364e-02 -5.4388838e-03]
 [-1.5701670e-02 -5.7211537e-03]
 [-1.6351441e-02 -6.0451091e-03]
 [-1.7136181e-02 -5.6700623e-03]
 [-1.8152725e-02 -5.5253850e-03]
 [-1.9253802e-02 -6.0488675e-03]
 [-2.0434616e-02 -6.6486760e-03]
 [-2.1269152e-02 -6.8915389e-03]
 [-2.2436025e-02 -7.9768747e-03]
 [-2.2876792e-02 -7.8498442e-03]
 [-2.3143496e-02 -7.5348476e-03]
 [-2.4165045e-02 -7.8541124e-03]
 [-2.4759160e-02 -7.8478409e-03]
 [-2.5610914e-02 -8.0276942e-03]
 [-2.4992950e-02 -7.7043390e-03]
 [-2.3697695e-02 -7.0372913e-03]
 [-2.3599848e-02 -6.8630544e-03]
 [-2.2661489e-02 -6.2679225e-03]
 [-2.1233054e-02 -5.9188833e-03]
 [-2.0217825e-02 -5.5447645e-03]
 [-1.9848144e-02 -5.3606443e-03]
 [-2.0202905e-02 -5.6902044e-03]
 [-1.9655596e-02 -5.5971695e-03]
 [-1.9854555e-02 -5.5745430e-03]
 [-1.9846931e-02 -5.8428939e-03]
 [-1.9242777e-02 -5.4799505e-03]
 [-2.0651918e-02 -6.0705515e-03]
 [-2.1106889e-02 -5.9020426e-03]
 [-2.2423875e-02 -6.0375878e-03]
 [-2.2233477e-02 -6.0458207e-03]
 [-2.3948079e-02 -6.6613290e-03]
 [-2.4926875e-02 -7.2276341e-03]
 [-2.5673172e-02 -7.3039965e-03]
 [-2.5418272e-02 -7.1940697e-03]
 [-2.4861621e-02 -7.1708248e-03]
 [-2.4271727e-02 -7.0573241e-03]
 [-2.3975056e-02 -6.5867370e-03]
 [-2.2989886e-02 -6.7161415e-03]
 [-2.3015311e-02 -6.7495056e-03]
 [-2.3931393e-02 -7.1058334e-03]
 [-2.2690762e-02 -7.1148872e-03]
 [-2.2201603e-02 -7.6497342e-03]
 [-2.2818072e-02 -8.0304015e-03]
 [-2.5849702e-02 -9.7158439e-03]
 [-2.6912067e-02 -1.0495777e-02]
 [-2.8450133e-02 -1.1336396e-02]
 [-3.1563357e-02 -1.2855677e-02]
 [-3.3193465e-02 -1.3732757e-02]
 [-3.6528852e-02 -1.5149377e-02]
 [-3.6905870e-02 -1.5577148e-02]
 [-3.0379847e-02 -1.3008116e-02]
 [-2.8490176e-02 -1.2354554e-02]
 [-2.8046157e-02 -1.1848822e-02]
 [-2.8413871e-02 -1.2042297e-02]
 [-2.5212791e-02 -1.1017058e-02]
 [-2.6195845e-02 -1.1822720e-02]
 [-1.7655350e-02 -8.2499599e-03]
 [-1.2353454e-02 -6.1479672e-03]
 [-6.2259869e-03 -3.7357460e-03]
 [-2.0013086e-03 -2.2777743e-03]
 [ 1.2128318e-03 -9.8991464e-04]
 [ 2.8720570e-03 -2.7227655e-04]
 [ 7.0205261e-03  1.6562458e-03]
 [-9.1925601e-04 -2.8962328e-03]
 [-1.1209383e-03 -3.0178621e-03]
 [ 1.7194954e-03 -1.4560942e-03]
 [ 1.4422478e-03 -1.4200505e-03]
 [-2.0317173e-04 -2.1834031e-03]
 [ 1.0922565e-03 -9.6015783e-04]
 [ 1.5266511e-03 -2.6807128e-04]
 [ 3.4883333e-04 -2.7071053e-04]
 [-4.5516058e-03 -2.3642194e-03]
 [-7.3904097e-03 -3.2326938e-03]
 [-1.0986856e-02 -4.5480877e-03]
 [-1.5752774e-02 -6.3802842e-03]
 [-1.9443871e-02 -7.4559138e-03]
 [-2.4793893e-02 -9.2813885e-03]
 [-2.9367177e-02 -1.0796913e-02]
 [-3.3060800e-02 -1.2202692e-02]
 [-3.6837500e-02 -1.3889460e-02]
 [-4.3137863e-02 -1.6828556e-02]
 [-4.2426560e-02 -1.7076835e-02]
 [-4.2301867e-02 -1.7813765e-02]
 [-3.8782381e-02 -1.6955731e-02]
 [-3.4919310e-02 -1.6005794e-02]
 [-2.9780466e-02 -1.4333905e-02]
 [-2.6790200e-02 -1.3786637e-02]
 [-1.8651310e-02 -1.0461150e-02]
 [-1.5832508e-02 -9.6168071e-03]
 [-1.4862657e-02 -9.3180407e-03]
 [-1.1671984e-02 -7.7629192e-03]
 [-1.1502811e-02 -8.0066770e-03]
 [-1.0363392e-02 -7.4989847e-03]
 [-7.9015866e-03 -6.2053073e-03]
 [-5.2260607e-03 -4.8315795e-03]
 [-4.0126792e-03 -4.0918887e-03]
 [-2.7570156e-03 -3.1478829e-03]
 [-2.9587776e-03 -3.1163122e-03]
 [-5.2922177e-03 -4.1104374e-03]
 [-3.6263054e-03 -2.6257082e-03]
 [-3.7201792e-03 -2.0610902e-03]
 [-5.3943275e-03 -2.5563126e-03]
 [-6.9785966e-03 -3.0222938e-03]
 [-6.9812820e-03 -2.4728496e-03]
 [-9.7124437e-03 -3.7077658e-03]
 [-1.2175990e-02 -4.6637179e-03]
 [-1.2958884e-02 -4.7043716e-03]
 [-1.4958229e-02 -5.4246774e-03]
 [-1.7163085e-02 -6.3099950e-03]
 [-1.7667100e-02 -6.0771150e-03]
 [-1.9448793e-02 -6.8203155e-03]
 [-1.9102272e-02 -6.2051304e-03]
 [-2.1768035e-02 -7.5804400e-03]
 [-2.2431483e-02 -7.6482003e-03]
 [-2.4627427e-02 -8.8186357e-03]
 [-2.4636198e-02 -8.4408019e-03]
 [-2.6593952e-02 -9.4799651e-03]
 [-2.8876672e-02 -1.0675330e-02]
 [-3.0699534e-02 -1.1726803e-02]
 [-3.1269465e-02 -1.2055294e-02]
 [-3.0542029e-02 -1.1307513e-02]
 [-2.8842811e-02 -1.0550555e-02]
 [-2.7192440e-02 -9.9686850e-03]
 [-2.3862494e-02 -8.3605228e-03]
 [-2.0579232e-02 -6.7810430e-03]
 [-1.8935900e-02 -6.1841239e-03]
 [-1.8453881e-02 -6.1391876e-03]
 [-1.6496830e-02 -5.0255307e-03]
 [-1.5387570e-02 -4.3778354e-03]
 [-1.5329264e-02 -4.1328724e-03]
 [-1.5627779e-02 -4.1342764e-03]
 [-1.7231975e-02 -5.3397585e-03]
 [-1.7649721e-02 -5.4244129e-03]
 [-1.7527830e-02 -4.7702692e-03]
 [-1.8195786e-02 -4.9068565e-03]
 [-1.8753886e-02 -5.5754408e-03]
 [-2.0248098e-02 -6.6897892e-03]
 [-1.9525319e-02 -5.2756197e-03]
 [-1.8249895e-02 -4.0250449e-03]
 [-1.7435487e-02 -3.3846775e-03]
 [-1.7397113e-02 -3.3557834e-03]
 [-1.7277593e-02 -3.2518024e-03]
 [-1.6047671e-02 -2.3179569e-03]
 [-1.5470903e-02 -1.9641523e-03]
 [-1.5463880e-02 -2.1113975e-03]
 [-1.5374665e-02 -2.0334823e-03]
 [-1.6963465e-02 -3.0776176e-03]
 [-1.7150555e-02 -3.2682589e-03]
 [-1.7290585e-02 -3.3031704e-03]
 [-1.7827742e-02 -4.1859481e-03]
 [-1.8632069e-02 -4.9066236e-03]
 [-1.9173419e-02 -5.5136075e-03]
 [-2.0557949e-02 -6.7206733e-03]
 [-2.0317409e-02 -6.6820951e-03]
 [-2.0620467e-02 -7.7207452e-03]
 [-2.0044895e-02 -7.7500693e-03]
 [-1.9134050e-02 -7.7299075e-03]
 [-1.8447153e-02 -7.6865074e-03]
 [-1.5295424e-02 -6.1380086e-03]
 [-1.2703949e-02 -5.3764125e-03]
 [-8.0909170e-03 -3.2002304e-03]
 [-7.0561548e-03 -2.8220282e-03]
 [-3.5183378e-03 -1.4965804e-03]
 [-1.4149718e-03 -6.0971291e-04]
 [ 4.4469369e-05 -3.0617471e-04]
 [-2.6037719e-03 -2.1825999e-03]
 [-1.4587601e-03 -1.5923759e-03]
 [ 6.4609933e-04 -3.2839173e-04]
 [ 1.0288074e-03 -5.6183635e-04]
 [ 1.7695173e-03 -8.4476173e-04]
 [ 2.4763339e-03 -7.4816162e-05]
 [-1.4201866e-03 -2.0081971e-03]
 [-2.7644912e-05 -1.1005498e-03]
 [-2.1518404e-03 -2.5555107e-03]
 [-1.3780817e-03 -2.0929216e-03]
 [-3.2551005e-03 -3.2825710e-03]
 [-5.3998181e-03 -4.7024530e-03]
 [-4.1083819e-03 -4.1463077e-03]
 [-8.6432102e-04 -2.3923502e-03]
 [-4.1003311e-03 -4.4801729e-03]
 [-1.1112406e-03 -2.9337076e-03]
 [ 2.5674528e-03 -1.2123573e-03]
 [ 2.9188765e-03 -1.0621411e-03]
 [ 3.7980007e-03 -6.2133290e-04]
 [ 3.3748441e-03 -1.0322365e-03]
 [ 3.8974283e-03 -7.6974556e-04]
 [ 5.8849511e-04 -2.7193939e-03]
 [ 1.2289316e-03 -2.3303453e-03]]
Actions:
[[-2.22409018e-01 -1.15685878e-02]
 [ 7.18977433e-02 -7.22974532e-02]
 [-7.57570952e-01  2.50245313e-01]
 [ 1.74000550e-01 -1.56568006e-01]
 [ 4.92956135e-02  4.30759953e-01]
 [ 6.37850136e-01 -5.15560477e-01]
 [-2.27776410e-01 -1.30552302e-01]
 [ 1.69353456e-02  2.50615107e-02]
 [-1.58159136e-01 -1.26792142e-01]
 [-6.39353602e-02 -2.95722083e-01]
 [ 4.56815422e-02  4.19767786e-02]
 [-4.45687579e-02 -1.23740927e-01]
 [ 3.85180412e-01  1.58044550e-01]
 [ 1.46892351e-01  1.92429833e-01]
 [ 3.87771239e-01 -1.58262868e-01]
 [ 2.64168252e-01 -1.81650604e-01]
 [ 7.91960202e-02  1.63962258e-01]
 [-1.19145975e-01 -7.99830529e-03]
 [ 2.76838251e-02 -4.90423381e-02]
 [-2.60365234e-01  2.81018657e-01]
 [ 2.00160670e-01  8.10044990e-03]
 [ 1.14957068e-01 -2.39913598e-01]
 [ 1.93874565e-01  3.01495112e-01]
 [ 1.57132602e-01  1.31469349e-01]
 [ 1.81872206e-01  3.23492658e-01]
 [-1.36613011e-01 -6.49146752e-02]
 [-1.28504241e-01 -2.33612648e-01]
 [ 6.01525229e-02  1.03963378e-01]
 [ 6.79552312e-02 -4.37684834e-02]
 [-2.37093854e-01 -4.75533263e-02]
 [-1.50889425e-01 -2.26514347e-01]
 [-6.61956733e-02 -1.80427827e-01]
 [-4.82090877e-02  2.81924803e-01]
 [-1.93684539e-01 -1.51790351e-01]
 [ 8.17334875e-02  1.26707881e-02]
 [-2.63478890e-01 -4.88871454e-02]
 [-5.05961380e-02 -4.55609331e-01]
 [ 1.25043101e-01  2.70783278e-01]
 [ 1.81887385e-01 -2.97424478e-01]
 [ 2.83878321e-01 -2.51416154e-02]
 [-1.68125335e-01 -2.70322501e-01]
 [ 1.17739750e-01  2.91988513e-01]
 [-8.34664893e-02  3.08959520e-01]
 [ 1.56291042e-01  1.65146328e-01]
 [-1.18486895e-02  4.18182387e-02]
 [-1.38133112e-01  4.23447660e-02]
 [-1.19886553e-01 -8.86726778e-02]
 [ 1.49980903e-01 -3.16610734e-01]
 [-4.42141683e-01 -1.39852242e-01]
 [-1.02320968e-01 -3.15099150e-01]
 [-1.20664986e-02 -4.84947025e-02]
 [-3.79045766e-01 -7.10384885e-02]
 [-5.39597620e-01 -1.41228978e-02]
 [-6.16100297e-02 -1.14715552e-01]
 [-2.45909565e-01  2.63028664e-01]
 [-2.20765927e-01 -4.82700146e-02]
 [-1.67371338e-01 -4.60170466e-02]
 [-2.35462811e-01  1.16109897e-01]
 [-2.48218662e-01 -6.26756455e-02]
 [ 9.20372038e-02  1.81768985e-01]
 [-8.68778779e-02 -2.92858988e-03]
 [-1.15042131e-02 -6.13721318e-01]
 [-8.95067200e-02 -1.99357320e-01]
 [ 2.62620375e-01 -1.11578008e-01]
 [-3.88016560e-02  1.63699364e-01]
 [-3.94536952e-01 -8.49571285e-02]
 [-1.06522596e-01  4.27619867e-01]
 [-4.42123594e-01 -4.38524793e-01]
 [ 4.73528737e-02 -6.25835562e-02]
 [ 1.58153799e-01 -7.47896383e-02]
 [-1.47762957e-01  6.29673512e-02]
 [-2.34941639e-01  1.05003055e-03]
 [ 2.12126368e-01  8.42018555e-02]
 [-2.34360671e-01 -1.17594279e-01]
 [ 2.91483059e-01  2.16957577e-02]
 [-5.85282235e-03 -4.09082540e-02]
 [ 2.27202257e-01 -2.98227096e-01]
 [-4.64533163e-01 -5.74721445e-01]
 [ 2.63260443e-02  2.84924089e-01]
 [ 9.30595032e-02 -2.26293928e-01]
 [-3.06779051e-01 -7.22870519e-02]
 [-1.55332549e-01  2.12109494e-02]
 [-1.09751924e-01  4.40472715e-01]
 [-4.66730389e-01  8.58136383e-02]
 [-5.08146164e-01  1.71297915e-01]
 [-3.77921335e-01  1.70463200e-01]
 [-5.98601483e-02 -2.10295033e-01]
 [-8.12729079e-02 -1.43090383e-01]
 [ 4.10075582e-02 -2.78147457e-01]
 [ 2.82629814e-01 -2.67728261e-01]
 [-3.22451850e-01 -1.28837486e-01]
 [ 1.18863526e-01  3.35804270e-01]
 [-4.76311813e-02 -1.31870637e-02]
 [-3.38463385e-02  1.69880085e-01]
 [ 1.34327340e-01 -8.45152719e-02]
 [ 1.95540304e-01 -3.20158952e-04]
 [ 6.88967006e-02 -7.97578201e-02]
 [-3.36904262e-01  2.10585992e-01]
 [-1.64831295e-01 -2.72561175e-01]
 [ 2.96302320e-01  1.75320622e-01]
 [ 5.86304761e-01  1.09093266e-01]
 [-1.45132176e-01 -1.54191201e-01]
 [-3.83005713e-02  3.16302823e-01]
 [-4.50330947e-02  1.04119077e-01]
 [ 7.82705894e-03 -8.05049877e-02]
 [-1.87159020e-02 -1.18843435e-01]
 [ 1.22852714e-01  7.41193232e-02]
 [ 1.48212561e-01  4.55400026e-02]
 [-1.84977610e-01 -1.22650058e-01]
 [-1.69000169e-01  1.11477515e-01]
 [ 4.57124529e-01  8.56392445e-02]
 [ 1.02657089e-01 -1.49198986e-01]
 [-1.91903868e-03  5.68483971e-02]
 [ 1.90604073e-02  6.69476563e-02]
 [ 1.18254054e-01 -1.48743219e-01]
 [-3.65135053e-03  2.61749738e-01]
 [-1.29087784e-01  3.90889850e-03]
 [ 1.78354598e-01  4.09978593e-02]
 [ 1.07376465e-01  1.36489583e-01]
 [ 2.52486795e-02  1.32047613e-01]
 [ 2.90744503e-01 -6.47570842e-03]
 [-1.09517923e-01 -1.17456121e-02]
 [ 2.48959521e-01 -1.36064127e-01]
 [-1.58138345e-01  2.09551133e-01]
 [ 8.66465600e-02 -3.68431246e-02]
 [-2.42767753e-01  5.13173462e-02]
 [ 2.79977733e-01  1.04900902e-02]
 [-2.39370618e-01  2.87511031e-02]
 [-1.05988842e-03  3.24877846e-01]
 [-1.11281595e-01  2.40916273e-01]
 [-5.95935725e-02  1.07418390e-01]
 [ 3.95110141e-01  3.88945758e-01]
 [ 5.22586713e-02  1.68652935e-01]
 [-1.69574853e-01  6.52430435e-01]
 [ 1.49604661e-01 -6.18942268e-02]
 [ 1.20946636e-01 -1.98839310e-01]
 [-2.40313648e-01  9.99028579e-02]
 [-3.27851165e-01 -8.05276291e-02]
 [ 1.25457487e-01 -4.49267853e-01]
 [-3.77365781e-02 -1.80758820e-01]
 [-2.11940800e-01 -3.31454249e-01]
 [-2.02636381e-01 -2.37954791e-01]
 [-1.67413929e-01  3.15138365e-01]
 [-1.70820845e-02 -8.92520686e-02]
 [ 2.76586937e-01 -2.45399132e-01]
 [ 2.59425954e-01  1.44188342e-01]
 [ 7.66872377e-02  4.47168970e-01]
 [-2.84350848e-01  1.47680684e-01]
 [ 4.80939152e-01 -3.73172182e-01]
 [ 4.37834579e-01 -1.27274307e-01]
 [-8.36510929e-02 -3.41266057e-01]
 [-1.72465681e-01 -1.93550195e-01]
 [ 1.43054568e-02 -3.94617013e-02]
 [ 2.10495702e-01 -2.24710300e-01]
 [ 1.54291710e-01  5.42555862e-02]
 [-3.87155546e-01 -2.51059304e-01]
 [ 3.61391050e-02 -2.45466488e-02]
 [-5.11528907e-02  3.79464768e-01]
 [-9.52658569e-02  3.89650833e-03]
 [ 5.69323894e-02  3.06633935e-02]
 [-5.74049933e-01 -5.00226620e-02]
 [-1.14420988e-01  1.42426695e-01]
 [-2.26527692e-01  1.48903092e-02]
 [-1.45784058e-01  2.90612247e-01]
 [-1.39850007e-01 -1.80119460e-01]
 [-3.20901358e-01  2.44934031e-01]
 [ 8.19327957e-02  7.30524422e-02]
 [-1.61413083e-01 -9.04873552e-02]
 [ 1.62735275e-01  1.04398966e-01]
 [ 1.84370073e-01 -2.56067889e-01]
 [-2.24619253e-01 -1.96646138e-01]
 [ 1.57522425e-01 -3.71407581e-01]
 [ 2.36878557e-01  9.37833307e-02]
 [-1.47409407e-01 -2.62805423e-01]
 [ 7.60791304e-02 -1.02688006e-01]
 [-5.59387378e-02  1.48454715e-02]
 [ 1.25005262e-01  6.09269081e-01]
 [ 2.06465240e-01  2.29670766e-02]
 [ 2.49145066e-01 -1.53095433e-01]
 [-1.73649612e-01  7.77214338e-02]
 [-3.67213424e-01  3.37989526e-02]
 [ 4.84288493e-01  6.39954156e-02]
 [ 9.14531538e-02  5.24559881e-01]
 [ 2.26382897e-01 -9.24600363e-02]
 [-3.98757103e-01  1.21346322e-01]
 [ 1.62669523e-01  3.05471860e-02]
 [-1.79541661e-01  1.72125048e-01]
 [-2.52587602e-01  1.49804212e-01]
 [ 6.37857023e-02 -6.75144456e-03]
 [ 7.62086885e-02 -2.98076877e-01]
 [-3.19441298e-01  2.88546199e-01]
 [-4.97130754e-02 -2.86778143e-01]
 [-1.68023804e-01 -3.48151755e-01]
 [ 3.50176012e-01  2.66218561e-01]
 [-9.32195908e-03 -6.54156177e-02]
 [-1.88726899e-01  5.59480136e-02]
 [ 1.97931408e-01  1.72960400e-01]
 [-1.71847539e-01  3.32625264e-01]
 [ 1.41188848e-02 -2.30402813e-02]
 [ 4.11412853e-01  3.26985138e-01]]
States:
[[0.99965361 0.99996848 0.52848375 0.50540464 0.5130559  0.59694826]
 [0.99979956 0.99997146 0.52395821 0.50514275 0.45602338 0.59394366]
 [0.99995339 0.99998879 0.51650793 0.50322282 0.4756008  0.57505361]
 ...
 [0.4103054  0.02184737 0.00771079 0.79166    0.35646367 0.78333913]
 [0.38336615 0.00120845 0.01329134 0.76300288 0.31546108 0.86681959]
 [0.35429134 0.         0.02109619 0.72828573 0.32299882 0.85544211]]
Logstds:
[[-3. -3.]
 [-3. -3.]
 [-3. -3.]
 [-3. -3.]
 [-3. -3.]
 [-3. -3.]
 [-3. -3.]
 [-3. -3.]
 [-3. -3.]
 [-3. -3.]
 [-3. -3.]
 [-3. -3.]
 [-3. -3.]
 [-3. -3.]
 [-3. -3.]
 [-3. -3.]
 [-3. -3.]
 [-3. -3.]
 [-3. -3.]
 [-3. -3.]
 [-3. -3.]
 [-3. -3.]
 [-3. -3.]
 [-3. -3.]
 [-3. -3.]
 [-3. -3.]
 [-3. -3.]
 [-3. -3.]
 [-3. -3.]
 [-3. -3.]
 [-3. -3.]
 [-3. -3.]
 [-3. -3.]
 [-3. -3.]
 [-3. -3.]
 [-3. -3.]
 [-3. -3.]
 [-3. -3.]
 [-3. -3.]
 [-3. -3.]
 [-3. -3.]
 [-3. -3.]
 [-3. -3.]
 [-3. -3.]
 [-3. -3.]
 [-3. -3.]
 [-3. -3.]
 [-3. -3.]
 [-3. -3.]
 [-3. -3.]
 [-3. -3.]
 [-3. -3.]
 [-3. -3.]
 [-3. -3.]
 [-3. -3.]
 [-3. -3.]
 [-3. -3.]
 [-3. -3.]
 [-3. -3.]
 [-3. -3.]
 [-3. -3.]
 [-3. -3.]
 [-3. -3.]
 [-3. -3.]
 [-3. -3.]
 [-3. -3.]
 [-3. -3.]
 [-3. -3.]
 [-3. -3.]
 [-3. -3.]
 [-3. -3.]
 [-3. -3.]
 [-3. -3.]
 [-3. -3.]
 [-3. -3.]
 [-3. -3.]
 [-3. -3.]
 [-3. -3.]
 [-3. -3.]
 [-3. -3.]
 [-3. -3.]
 [-3. -3.]
 [-3. -3.]
 [-3. -3.]
 [-3. -3.]
 [-3. -3.]
 [-3. -3.]
 [-3. -3.]
 [-3. -3.]
 [-3. -3.]
 [-3. -3.]
 [-3. -3.]
 [-3. -3.]
 [-3. -3.]
 [-3. -3.]
 [-3. -3.]
 [-3. -3.]
 [-3. -3.]
 [-3. -3.]
 [-3. -3.]
 [-3. -3.]
 [-3. -3.]
 [-3. -3.]
 [-3. -3.]
 [-3. -3.]
 [-3. -3.]
 [-3. -3.]
 [-3. -3.]
 [-3. -3.]
 [-3. -3.]
 [-3. -3.]
 [-3. -3.]
 [-3. -3.]
 [-3. -3.]
 [-3. -3.]
 [-3. -3.]
 [-3. -3.]
 [-3. -3.]
 [-3. -3.]
 [-3. -3.]
 [-3. -3.]
 [-3. -3.]
 [-3. -3.]
 [-3. -3.]
 [-3. -3.]
 [-3. -3.]
 [-3. -3.]
 [-3. -3.]
 [-3. -3.]
 [-3. -3.]
 [-3. -3.]
 [-3. -3.]
 [-3. -3.]
 [-3. -3.]
 [-3. -3.]
 [-3. -3.]
 [-3. -3.]
 [-3. -3.]
 [-3. -3.]
 [-3. -3.]
 [-3. -3.]
 [-3. -3.]
 [-3. -3.]
 [-3. -3.]
 [-3. -3.]
 [-3. -3.]
 [-3. -3.]
 [-3. -3.]
 [-3. -3.]
 [-3. -3.]
 [-3. -3.]
 [-3. -3.]
 [-3. -3.]
 [-3. -3.]
 [-3. -3.]
 [-3. -3.]
 [-3. -3.]
 [-3. -3.]
 [-3. -3.]
 [-3. -3.]
 [-3. -3.]
 [-3. -3.]
 [-3. -3.]
 [-3. -3.]
 [-3. -3.]
 [-3. -3.]
 [-3. -3.]
 [-3. -3.]
 [-3. -3.]
 [-3. -3.]
 [-3. -3.]
 [-3. -3.]
 [-3. -3.]
 [-3. -3.]
 [-3. -3.]
 [-3. -3.]
 [-3. -3.]
 [-3. -3.]
 [-3. -3.]
 [-3. -3.]
 [-3. -3.]
 [-3. -3.]
 [-3. -3.]
 [-3. -3.]
 [-3. -3.]
 [-3. -3.]
 [-3. -3.]
 [-3. -3.]
 [-3. -3.]
 [-3. -3.]
 [-3. -3.]
 [-3. -3.]
 [-3. -3.]
 [-3. -3.]
 [-3. -3.]
 [-3. -3.]
 [-3. -3.]
 [-3. -3.]
 [-3. -3.]
 [-3. -3.]]
