Baseline:
[0.66847974 0.65941167 0.6710692  0.67878234 0.65495    0.67540944
 0.65687823 0.6664274  0.653753   0.64413846 0.6309073  0.6387608
 0.61879593 0.6002848  0.6022545  0.5991679  0.57982445 0.5696341
 0.5473833  0.5359968  0.51350236 0.49016377 0.4884174  0.455918
 0.4267242  0.41712108 0.39513603 0.4097166  0.39415804 0.37532762
 0.36280915 0.33137608 0.32705086 0.3236898  0.3202476  0.29194686
 0.29014733 0.2672596  0.24264336 0.23696946 0.21957052 0.20835745
 0.20253195 0.20044883 0.22121401 0.21525332 0.20037606 0.2016201
 0.20821477 0.22530636 0.18852396 0.23265603 0.2644357  0.27821678
 0.28127277 0.2908074  0.27188015 0.28788394 0.2627728  0.2696221
 0.2887172  0.2903153  0.3072803  0.29837957 0.31001067 0.32167315
 0.3037727  0.30789447 0.29655698 0.28961077 0.29841092 0.2864295
 0.30455825 0.3330161  0.34755278 0.33084613 0.3320675  0.3270505
 0.29879236 0.30387884 0.29083768 0.2961833  0.29177505 0.2891004
 0.28535873 0.31266427 0.33713222 0.34321535 0.34756646 0.35821468
 0.37898207 0.3772497  0.3722536  0.38808313 0.38603014 0.37857974
 0.366089   0.3610707  0.35666722 0.34367877 0.35257936 0.3254483
 0.3297898  0.32465824 0.3324826  0.33136377 0.3228709  0.3040223
 0.2642399  0.23630239 0.21848817 0.2051504  0.20758606 0.19000444
 0.18810457 0.18470185 0.21998763 0.21976823 0.21057054 0.28331646
 0.3329236  0.3257686  0.33297437 0.33422083 0.34211138 0.34504676
 0.34094018 0.33838883 0.32056308 0.33595732 0.3425678  0.3263328
 0.31176516 0.30396965 0.34298164 0.37592268 0.38219222 0.39796758
 0.43498233 0.44677302 0.48430434 0.48914278 0.521402   0.5280934
 0.5582491  0.6033256  0.6424247  0.66077715 0.6683171  0.6797422
 0.6790243  0.7029698  0.7154616  0.71969503 0.71738744 0.7145297
 0.69929874 0.6867195  0.6992198  0.6961662  0.69277364 0.68014175
 0.6689859  0.6883129  0.69038355 0.70769036 0.71860194 0.7068812
 0.7014266  0.7154408  0.71186376 0.6990844  0.6789768  0.70101994
 0.7015997  0.70475745 0.69689435 0.7044313  0.65551853 0.6377269
 0.5727019  0.53930706 0.53130066 0.48012212 0.5020697  0.4616598
 0.46977353 0.4388314  0.44655684 0.4396624  0.4130007  0.39219016
 0.3649461  0.36521703 0.37091088 0.36520684 0.35972667 0.35459325
 0.32539624 0.3221336  0.3221336 ]
Returns:
[ 4.29492654e+00  4.25147871e+00  4.18580824e+00  4.14668648e+00
  3.56583562e+00  3.32022569e+00  3.26299966e+00  3.10484737e+00
  3.09304833e+00  3.07278927e+00  3.03130284e+00  2.90437821e+00
  2.82272508e+00  2.65520268e+00  2.45920868e+00  2.06857023e+00
  1.93707972e+00  1.88538695e+00  1.65811840e+00  1.58866227e+00
  1.43988557e+00  1.27697902e+00  1.07534219e+00  9.07583030e-01
  8.30424712e-01  6.98476106e-01  6.72606700e-01  1.34352627e-01
  7.64816710e-02  5.17181042e-02 -3.97306960e-03 -8.15060999e-02
 -1.40320843e-01 -2.22941455e-01 -2.75864849e-01 -3.99409291e-01
 -4.54682517e-01 -6.47953234e-01 -6.25618468e-01 -6.71778426e-01
 -6.21748394e-01 -5.42518158e-01 -4.88663807e-01 -3.93744534e-01
 -4.18308007e-01 -4.27902868e-01 -4.30721090e-01 -3.17471703e-01
 -1.93673268e-01 -7.86862400e-02 -3.55347586e-01 -4.59923318e-01
 -5.12510089e-01 -4.08673128e-01 -2.87920760e-01 -2.57304093e-01
 -2.21445786e-01 -1.33160527e-01 -1.54048012e-01 -3.23828752e-02
  2.78160138e-02  9.28714257e-02  2.10224702e-01  2.53428612e-01
  3.78219238e-01  5.06933730e-01  5.48999164e-01  6.97558464e-01
  7.99821428e-01  8.38651487e-01  9.72678044e-01  1.07544916e+00
  1.13155740e+00  1.11209470e+00  1.13836547e+00  1.27311834e+00
  1.33541631e+00  1.47946934e+00  1.33798566e+00  1.30289049e+00
  1.33248897e+00  1.43492117e+00  1.55059591e+00  1.67343319e+00
  1.73678345e+00  1.36217915e+00  1.25686744e+00  1.32418473e+00
  1.39624447e+00  1.32453635e+00  1.35649276e+00  1.22303981e+00
  1.22097659e+00  1.18379568e+00  1.16818531e+00  1.19467809e+00
  1.08162195e+00  1.13621806e+00  1.17336511e+00  1.24121646e+00
  5.43105770e-01  5.02528882e-01  4.17389876e-01  4.42188859e-01
  4.59962958e-01  5.31042369e-01  5.75436136e-01  6.27615567e-01
  4.44582132e-01  3.04800364e-01  4.18740043e-01  5.02087452e-01
  3.58917690e-01  4.88056296e-01  5.97019942e-01  7.48659594e-01
  7.64025432e-01  9.17955304e-01  9.47653740e-01  1.04511854e+00
  1.06491660e+00  1.13341732e+00  1.25335046e+00  1.25782636e+00
  1.38534982e+00  1.44982265e+00  1.64847962e+00  1.78732782e+00
  1.89510006e+00  2.06166776e+00  2.15826280e+00  2.04353290e+00
  2.22662937e+00  2.42365184e+00  2.44748683e+00  2.53201508e+00
  2.79176260e+00  2.99755195e+00  3.14466881e+00  3.41857897e+00
  3.32427211e+00  3.45682262e+00  3.71070710e+00  3.80047174e+00
  4.03780594e+00  4.11446201e+00  4.16080415e+00  4.10710680e+00
  3.97859598e+00  4.09173395e+00  4.11202547e+00  4.07651155e+00
  4.14013598e+00  4.23444457e+00  4.20363490e+00  4.26614057e+00
  4.28097404e+00  4.32516136e+00  4.25644222e+00  4.14630441e+00
  4.15232932e+00  4.15019757e+00  4.02949911e+00  3.84900676e+00
  3.81279887e+00  3.68069384e+00  3.58134022e+00  3.44629052e+00
  3.33627409e+00  3.17452829e+00  2.98277465e+00  2.88798079e+00
  2.80936263e+00  2.51804249e+00  2.39213459e+00  2.25351229e+00
  2.15514380e+00  1.52457043e+00  1.25140237e+00  1.13103872e+00
  8.53588634e-01  7.36629893e-01  7.03940380e-01  5.09560849e-01
  3.42689592e-01  1.81262449e-01  8.03130010e-02  4.05146301e-02
  1.36896623e-02  3.40128209e-02  1.84973569e-02  2.15403125e-02
 -3.04921301e-02 -1.36750656e-02 -4.50330595e-04  4.54480437e-03
  4.77668589e-02  8.20402666e-02  4.43843022e-02  7.27909505e-02]
Advants:
[ 2.88625984e+00  2.89992048e+00  2.87233375e+00  2.87802892e+00
  2.36078797e+00  2.12965589e+00  2.12767773e+00  1.99463408e+00
  2.03314669e+00  2.06301645e+00  2.07785288e+00  1.98566891e+00
  1.96829545e+00  1.86276539e+00  1.70586432e+00  1.35088705e+00
  1.27062095e+00  1.26243182e+00  1.08722445e+00  1.05970871e+00
  9.62677429e-01  8.50535782e-01  6.74225881e-01  5.60372097e-01
  5.34153651e-01  4.31622827e-01  4.49120927e-01 -9.76077126e-02
 -1.34602564e-01 -1.34948719e-01 -1.73393715e-01 -2.15788983e-01
 -2.67943504e-01 -3.47120442e-01 -3.98042350e-01 -4.97795159e-01
 -5.57815899e-01 -7.40573244e-01 -7.05598639e-01 -7.60333473e-01
 -7.06281659e-01 -6.27557865e-01 -5.78750095e-01 -4.90545877e-01
 -5.46824129e-01 -5.62453055e-01 -5.63037596e-01 -4.61288827e-01
 -3.51590515e-01 -2.58812198e-01 -5.11663130e-01 -6.79047168e-01
 -7.86290082e-01 -7.18274232e-01 -6.20855301e-01 -6.21126079e-01
 -5.87817944e-01 -5.36607979e-01 -5.55120209e-01 -4.61426052e-01
 -4.41972034e-01 -4.00046148e-01 -3.19918706e-01 -2.88189378e-01
 -1.93641096e-01 -9.31656164e-02 -4.93337374e-02  8.20624804e-02
  1.85024102e-01  2.20671002e-01  3.38778154e-01  4.49354001e-01
  4.83975624e-01  4.30929071e-01  4.37463397e-01  5.87964530e-01
  6.49890071e-01  8.04491756e-01  6.93767306e-01  6.55057047e-01
  7.00612210e-01  8.03865327e-01  9.34354050e-01  1.07503996e+00
  1.16067356e+00  7.66454675e-01  6.41007342e-01  7.08836718e-01
  7.85796474e-01  7.10932229e-01  7.30597647e-01  6.04001746e-01
  6.12586511e-01  5.64069944e-01  5.54969940e-01  5.94800026e-01
  4.97512726e-01  5.62528228e-01  6.11225004e-01  7.02320036e-01
 -1.54287770e-02 -4.09426294e-02 -1.46286605e-01 -1.32645268e-01
 -1.40064629e-01 -8.44821636e-02 -4.79910860e-02  7.44143994e-03
 -1.57164082e-01 -2.95641059e-01 -1.88713782e-01 -1.15979861e-01
 -2.92080171e-01 -1.73914847e-01 -9.06099887e-02  3.93212229e-02
 -8.46512736e-03  1.20211393e-01  1.32667780e-01  1.29459089e-01
  6.84214493e-02  1.12528196e-01  1.94505406e-01  1.64465108e-01
  2.51694091e-01  2.79970432e-01  4.52910496e-01  5.66319138e-01
  6.65426255e-01  7.92527613e-01  8.59172491e-01  7.32303408e-01
  9.05289539e-01  1.08966189e+00  1.05182815e+00  1.08042403e+00
  1.31679163e+00  1.49411439e+00  1.59384934e+00  1.85282530e+00
  1.71349840e+00  1.83703361e+00  2.06098060e+00  2.14914263e+00
  2.36825095e+00  2.41375330e+00  2.43632925e+00  2.37869014e+00
  2.25406993e+00  2.37133280e+00  2.40986673e+00  2.36758573e+00
  2.43894155e+00  2.55374850e+00  2.55120352e+00  2.64675680e+00
  2.71051268e+00  2.80559650e+00  2.76344646e+00  2.69544805e+00
  2.74757219e+00  2.80474175e+00  2.74245629e+00  2.58773979e+00
  2.59722246e+00  2.49501953e+00  2.43257451e+00  2.35732509e+00
  2.30170468e+00  2.17361940e+00  2.03135897e+00  1.99663557e+00
  1.98763510e+00  1.71830789e+00  1.63569560e+00  1.53714360e+00
  1.49074956e+00  8.80772977e-01  6.80112313e-01  5.99972540e-01
  4.05320827e-01  3.38459886e-01  3.31139190e-01  2.02350798e-01
  2.33325207e-02 -9.07920239e-02 -1.95748471e-01 -2.00421984e-01
 -2.31501945e-01 -1.99676474e-01 -1.83185115e-01 -1.52793401e-01
 -1.71253258e-01 -1.47327734e-01 -1.31555938e-01 -1.11582896e-01
 -5.13105658e-02  1.87077443e-03  8.09810674e-03  5.66842556e-02]
Mus:
[[-2.60430463e-02 -1.09287724e-02]
 [-2.65750270e-02 -1.08234957e-02]
 [-2.61128899e-02 -1.10992920e-02]
 [-2.58247014e-02 -1.09181972e-02]
 [-2.70733740e-02 -1.00831063e-02]
 [-2.64645498e-02 -9.59135778e-03]
 [-2.81997733e-02 -1.03564793e-02]
 [-2.80901380e-02 -1.01578487e-02]
 [-2.93560717e-02 -1.09357722e-02]
 [-3.02954242e-02 -1.13319010e-02]
 [-3.15509886e-02 -1.19598443e-02]
 [-3.19321156e-02 -1.24410652e-02]
 [-3.33714969e-02 -1.30762951e-02]
 [-3.44009846e-02 -1.32576069e-02]
 [-3.54621112e-02 -1.42365601e-02]
 [-3.70712057e-02 -1.60290767e-02]
 [-3.63923497e-02 -1.62896179e-02]
 [-3.60479541e-02 -1.64669137e-02]
 [-3.43744755e-02 -1.57862734e-02]
 [-3.40492278e-02 -1.58014484e-02]
 [-3.26379836e-02 -1.55450711e-02]
 [-3.06705907e-02 -1.48413591e-02]
 [-2.93849539e-02 -1.44692482e-02]
 [-2.63783541e-02 -1.35137402e-02]
 [-2.31015645e-02 -1.25357807e-02]
 [-1.98199544e-02 -1.15717649e-02]
 [-1.59665160e-02 -1.01464167e-02]
 [-1.38958413e-02 -8.71187262e-03]
 [-1.20624956e-02 -7.77281867e-03]
 [-1.00304354e-02 -7.10944505e-03]
 [-8.23161937e-03 -6.07154844e-03]
 [-5.84734231e-03 -5.63995028e-03]
 [-4.70158271e-03 -5.16994623e-03]
 [-4.09069378e-03 -4.88976296e-03]
 [-3.49027733e-03 -5.04021207e-03]
 [-9.29643982e-04 -3.60448845e-03]
 [-1.57404676e-04 -3.57493176e-03]
 [ 2.47317366e-03 -1.59605627e-03]
 [ 3.68278474e-03 -1.36853009e-03]
 [ 4.77593904e-03 -2.33499071e-04]
 [ 6.41852431e-03  7.44772609e-04]
 [ 7.89777469e-03  1.61485700e-03]
 [ 1.05434312e-02  3.27162072e-03]
 [ 1.24900565e-02  4.10026638e-03]
 [ 1.45519478e-02  4.53188643e-03]
 [ 1.49108376e-02  3.91246984e-03]
 [ 1.69027802e-02  5.23132598e-03]
 [ 1.88387576e-02  6.04161154e-03]
 [ 2.03508679e-02  6.81007560e-03]
 [ 2.15042029e-02  7.24756112e-03]
 [ 1.86553579e-02  6.69215992e-03]
 [ 2.19368637e-02  8.02001543e-03]
 [ 2.30524093e-02  7.96692725e-03]
 [ 2.39586290e-02  8.49689078e-03]
 [ 2.39521824e-02  8.62395763e-03]
 [ 2.18434948e-02  7.35109998e-03]
 [ 2.04968918e-02  7.04787672e-03]
 [ 1.93732325e-02  6.47705002e-03]
 [ 1.55970892e-02  5.13866497e-03]
 [ 1.33006908e-02  4.24514711e-03]
 [ 1.41605074e-02  5.12857735e-03]
 [ 1.06276255e-02  3.43036698e-03]
 [ 9.53299925e-03  3.09522753e-03]
 [ 6.70875469e-03  2.07968848e-03]
 [ 4.61925473e-03  1.24994444e-03]
 [ 3.77613748e-03  1.25066272e-03]
 [-2.54211453e-04 -7.59895775e-04]
 [-3.18383332e-03 -1.94781844e-03]
 [-5.55035425e-03 -2.47456064e-03]
 [-7.31977029e-03 -2.56989454e-03]
 [-9.57710017e-03 -3.53531586e-03]
 [-1.23251770e-02 -4.99843201e-03]
 [-1.47369644e-02 -5.62790083e-03]
 [-1.65738259e-02 -6.29463047e-03]
 [-1.98302455e-02 -8.06846656e-03]
 [-2.25435570e-02 -9.23823286e-03]
 [-2.62779463e-02 -1.12350350e-02]
 [-2.92981267e-02 -1.26779703e-02]
 [-3.40593047e-02 -1.56771354e-02]
 [-3.61088738e-02 -1.59658063e-02]
 [-3.95716466e-02 -1.81510672e-02]
 [-4.26308028e-02 -1.96346845e-02]
 [-4.50299010e-02 -2.11433563e-02]
 [-4.74902615e-02 -2.25445312e-02]
 [-4.93349582e-02 -2.40025856e-02]
 [-5.09653650e-02 -2.41689477e-02]
 [-5.22881411e-02 -2.55377088e-02]
 [-5.11261709e-02 -2.57128961e-02]
 [-4.85032424e-02 -2.52962317e-02]
 [-4.40967269e-02 -2.32191253e-02]
 [-4.07314114e-02 -2.22591422e-02]
 [-3.53604481e-02 -1.96749959e-02]
 [-3.02919522e-02 -1.75744630e-02]
 [-2.71415003e-02 -1.62307825e-02]
 [-2.28617284e-02 -1.42034898e-02]
 [-1.86301190e-02 -1.27438307e-02]
 [-1.41677670e-02 -1.03294197e-02]
 [-1.13353990e-02 -9.07885563e-03]
 [-8.78319237e-03 -7.69481435e-03]
 [-6.24024123e-03 -6.53609168e-03]
 [-4.74497722e-03 -4.27376805e-03]
 [-3.40114860e-03 -4.37913323e-03]
 [-3.16830771e-03 -4.26893728e-03]
 [-2.66597513e-03 -4.35611513e-03]
 [-1.88662263e-03 -3.96161154e-03]
 [-1.23641011e-03 -3.85135575e-03]
 [-4.51542401e-05 -3.00012482e-03]
 [ 9.19419923e-04 -2.41121906e-03]
 [ 3.07437708e-03 -1.52852817e-03]
 [ 5.30977640e-03  1.76467918e-04]
 [ 5.89500694e-03  5.09128789e-04]
 [ 7.90677313e-03  1.92869711e-03]
 [ 1.12709850e-02  4.39989474e-03]
 [ 1.38709350e-02  5.31761581e-03]
 [ 1.66399349e-02  7.00109452e-03]
 [ 1.81408990e-02  7.91619718e-03]
 [ 2.12890748e-02  9.38319415e-03]
 [ 2.14756932e-02  9.41046048e-03]
 [ 2.01414842e-02  9.75011196e-03]
 [ 2.40755733e-02  8.96031503e-03]
 [ 2.50289477e-02  8.79761297e-03]
 [ 2.27546562e-02  7.01460708e-03]
 [ 2.10986901e-02  5.76966209e-03]
 [ 2.43754219e-02  8.15337710e-03]
 [ 2.54236981e-02  9.14262049e-03]
 [ 2.68533956e-02  1.05735306e-02]
 [ 2.54999697e-02  9.93653107e-03]
 [ 2.25529578e-02  7.97382463e-03]
 [ 1.99454743e-02  6.20000064e-03]
 [ 2.01318823e-02  6.35311473e-03]
 [ 1.66290086e-02  4.09209868e-03]
 [ 8.87668133e-03 -2.67649972e-04]
 [ 6.18124986e-03 -1.63614540e-03]
 [ 3.63633456e-03 -3.00554256e-03]
 [ 4.95835580e-03 -2.31165742e-03]
 [ 5.75526385e-03 -1.65605196e-03]
 [ 4.14476357e-03 -2.27954285e-03]
 [ 3.23525746e-03 -2.59429566e-03]
 [ 3.45895696e-03 -2.22079270e-03]
 [ 1.40027597e-03 -3.32918926e-03]
 [ 1.55212393e-03 -3.07143107e-03]
 [-1.31392837e-04 -4.30921325e-03]
 [-1.23951584e-04 -4.35361220e-03]
 [-8.78229446e-04 -5.31962467e-03]
 [ 1.09216191e-04 -5.02719497e-03]
 [ 7.31570413e-04 -4.27449401e-03]
 [ 1.74948934e-03 -3.38503835e-03]
 [ 3.09731532e-03 -2.67528626e-03]
 [ 3.32660810e-03 -9.55821364e-04]
 [ 4.39040642e-03 -1.18838646e-03]
 [ 5.45358518e-03 -6.27618238e-06]
 [ 5.96566778e-03 -4.31736844e-04]
 [ 6.75013987e-03 -9.52519404e-05]
 [ 7.36448634e-03  5.45140283e-05]
 [ 8.70340783e-03  1.40432839e-03]
 [ 9.03834123e-03  1.26294151e-03]
 [ 8.83127749e-03  6.89181150e-04]
 [ 9.04705562e-03  7.08354986e-04]
 [ 9.57230944e-03  1.24836911e-03]
 [ 1.02053992e-02  2.39399122e-03]
 [ 9.31364950e-03  2.09622039e-03]
 [ 7.92388804e-03  1.37467368e-03]
 [ 7.97050912e-03  2.13899300e-03]
 [ 7.68981874e-03  2.53689988e-03]
 [ 5.86112728e-03  1.54072139e-03]
 [ 4.00561607e-03  6.18551858e-04]
 [ 2.25165230e-03 -1.78233706e-04]
 [-4.58004826e-04 -2.02761497e-03]
 [-1.09252660e-03 -1.74627139e-03]
 [-2.31257570e-03 -2.09788186e-03]
 [-3.78964934e-03 -1.92910829e-03]
 [-6.32990571e-03 -2.56558903e-03]
 [-9.38283745e-03 -3.55688995e-03]
 [-1.08373538e-02 -3.83905461e-03]
 [-1.31176515e-02 -4.41855937e-03]
 [-1.57523528e-02 -5.44212013e-03]
 [-1.77371856e-02 -6.01435639e-03]
 [-1.80199649e-02 -6.35937043e-03]
 [-1.96591970e-02 -7.25018978e-03]
 [-1.79073941e-02 -6.18630322e-03]
 [-1.85651109e-02 -6.04993058e-03]
 [-1.97286699e-02 -6.73252624e-03]
 [-1.93999819e-02 -6.82280306e-03]
 [-1.86172165e-02 -5.87860169e-03]
 [-1.79846622e-02 -6.23815600e-03]
 [-1.62992012e-02 -4.85426094e-03]
 [-1.73000451e-02 -5.87083772e-03]
 [-1.67685784e-02 -5.32508828e-03]
 [-1.83584690e-02 -6.41780905e-03]
 [-1.82416104e-02 -6.11317065e-03]
 [-1.89439282e-02 -6.32188050e-03]
 [-1.88457798e-02 -6.13578130e-03]
 [-1.97707955e-02 -6.74526673e-03]
 [-2.20105872e-02 -8.11182801e-03]
 [-2.45201234e-02 -9.51681286e-03]
 [-2.44925264e-02 -9.31225438e-03]
 [-2.53578443e-02 -9.75078996e-03]
 [-2.58514136e-02 -9.94554162e-03]
 [-2.43177880e-02 -9.12652444e-03]
 [-2.44257431e-02 -9.14292689e-03]]
Actions:
[[ 6.74866913e-03 -1.92355793e-01]
 [-2.06026917e-02  2.59918082e-01]
 [ 1.03515028e-01  4.96719094e-02]
 [ 1.76489939e-01 -6.93538248e-01]
 [ 3.55405944e-01  6.28002653e-02]
 [-2.26205526e-01 -1.13921065e-01]
 [ 2.34146046e-01  2.81275627e-02]
 [-1.86777015e-01  6.16158653e-04]
 [-6.43088339e-02 -7.96795758e-02]
 [-1.34522118e-01 -8.78756095e-02]
 [ 7.81291438e-02  2.65251645e-01]
 [-2.50702031e-01 -2.13861389e-01]
 [-7.45809348e-02 -3.97950307e-01]
 [ 8.62361014e-03  3.89718675e-01]
 [-4.35638009e-01  4.92517923e-01]
 [-4.30421728e-01 -5.16221361e-02]
 [-1.88262071e-01  5.18466924e-03]
 [-3.30281134e-01 -3.65211464e-01]
 [-1.72284177e-02 -6.11459739e-02]
 [-2.91526844e-01 -2.17565682e-01]
 [-9.89308708e-02 -3.05296396e-01]
 [ 2.24111765e-01  1.61436698e-01]
 [-2.72669935e-01 -2.81161027e-01]
 [-2.39615021e-01 -1.74302189e-01]
 [ 7.64979259e-02  2.22445282e-01]
 [-7.48066755e-02 -7.92691687e-02]
 [ 5.96725388e-01  1.32499862e-01]
 [ 7.03805285e-02 -8.72249957e-02]
 [-8.38532198e-02  6.06047324e-03]
 [ 1.21253630e-01 -8.08961574e-02]
 [-3.58936518e-01  3.08185766e-02]
 [ 1.22332708e-01  1.57915682e-01]
 [ 1.57486413e-01  1.77274650e-01]
 [-3.07824416e-03  2.59427762e-01]
 [-2.57830689e-01 -3.49802645e-01]
 [ 6.79068722e-02  2.32783170e-01]
 [-5.88650888e-02 -4.84132450e-01]
 [-2.32138806e-01  1.99069912e-03]
 [ 2.53394950e-01 -1.45836507e-01]
 [ 2.89153743e-03 -1.05326175e-01]
 [ 4.53449286e-02 -5.67152179e-03]
 [ 1.66198822e-01 -1.12066032e-01]
 [ 3.13265124e-02  9.12503927e-02]
 [ 9.65590851e-02  3.54672560e-01]
 [-2.84177859e-01  1.77528931e-01]
 [-6.67638337e-02 -3.12189972e-01]
 [-3.55548738e-02  1.48722617e-02]
 [ 2.09986460e-02 -8.71558558e-03]
 [ 5.16764793e-02  1.22673179e-01]
 [-3.60147770e-01 -4.95754589e-01]
 [ 3.64730733e-01  3.14295299e-01]
 [ 3.92022883e-02  4.05886632e-01]
 [ 1.14557796e-01  4.88309558e-02]
 [ 7.66825168e-03 -1.33841509e-02]
 [-1.44420184e-01  2.57018996e-01]
 [-1.81016324e-01 -2.13245029e-01]
 [ 2.44567638e-02  2.05225666e-01]
 [-2.92033059e-01 -2.28693383e-01]
 [-5.51885013e-02  7.38399549e-02]
 [ 2.81630181e-01  6.58325565e-04]
 [-2.06777276e-01 -1.49284884e-01]
 [ 9.43528418e-02  1.19344693e-01]
 [-1.49839902e-01 -2.70408267e-01]
 [ 1.40994295e-02  1.34487493e-01]
 [ 1.41745846e-01 -6.30419039e-03]
 [-3.36984551e-01  5.78821686e-02]
 [-3.58473241e-02  7.53505830e-02]
 [-1.33153417e-02 -2.46400910e-01]
 [ 1.30660345e-01 -3.21363076e-01]
 [ 2.51263606e-02  1.30296068e-01]
 [-2.50826997e-01  3.99114585e-02]
 [ 2.66538803e-01  7.84226616e-02]
 [ 2.21931849e-01  2.85854712e-01]
 [-9.06700841e-02  3.15063334e-01]
 [-1.43894232e-01 -1.09750801e-01]
 [-1.68316704e-01  2.31824579e-01]
 [-8.44762887e-02  6.28850845e-02]
 [-5.56923326e-01  2.01435614e-01]
 [ 3.33094237e-01 -1.58294837e-01]
 [-3.34156318e-01  1.74417995e-01]
 [ 3.75605502e-02  1.04390434e-01]
 [-2.12236848e-01  5.60074170e-02]
 [-8.86586032e-02  2.83594484e-02]
 [-3.11140180e-01  1.31596813e-01]
 [ 6.01379815e-01 -4.08956585e-02]
 [-4.98495883e-02  3.97863550e-01]
 [-1.87111229e-01  5.55409777e-02]
 [-2.40011184e-01  8.37619492e-03]
 [ 1.72100111e-01 -2.99443928e-01]
 [-7.38873791e-03  1.26633898e-01]
 [ 6.08803269e-02 -4.26390722e-01]
 [-1.39186538e-01 -2.66588093e-01]
 [ 1.91394838e-01  2.84191883e-02]
 [ 3.04428605e-02 -2.49241490e-01]
 [-2.66103238e-01 -5.92073903e-02]
 [ 6.87144704e-02 -4.02823553e-01]
 [ 1.10306893e-02 -3.41323934e-02]
 [ 1.14380342e-01 -8.68696745e-02]
 [-6.47388834e-02 -8.44459472e-02]
 [ 6.97585238e-01 -4.00515347e-01]
 [-3.56272314e-01  1.15748411e-01]
 [ 2.32381532e-01  1.88826505e-01]
 [-4.74756238e-02  1.62537751e-01]
 [ 1.34838509e-01  1.25012773e-01]
 [-4.70633583e-02  8.71777252e-02]
 [-1.23045056e-02 -1.97013046e-01]
 [-1.48287248e-01 -2.12295605e-01]
 [-4.61486990e-01 -3.37823991e-01]
 [-1.11653919e-01 -4.69715556e-01]
 [ 5.95936422e-03  2.12081499e-02]
 [ 1.58287866e-01 -1.15048308e-01]
 [ 4.20429976e-01 -2.98687768e-01]
 [-7.10515708e-02  1.10111348e-01]
 [ 1.66294183e-01 -1.30734872e-01]
 [ 9.70161414e-03 -9.14859307e-02]
 [ 3.36633649e-01  2.21464770e-01]
 [-1.04505829e-01 -5.31356644e-03]
 [-3.89176645e-03 -3.70400896e-01]
 [ 1.24210446e-01  2.66175662e-01]
 [ 3.53697830e-01  2.16953739e-01]
 [-2.56245901e-01  1.95599569e-01]
 [-8.61852205e-02  2.39656847e-01]
 [ 3.34790357e-01 -2.70536788e-01]
 [ 2.55514150e-01 -7.43889135e-02]
 [ 3.11462777e-01 -1.87573359e-01]
 [ 2.01949877e-02  1.79329586e-02]
 [-1.71774603e-01  1.88153615e-01]
 [-3.08847252e-01  3.37367398e-02]
 [ 1.95433111e-01  1.09125323e-01]
 [-1.53471625e-01  3.24047217e-01]
 [-4.87631765e-01  2.97864147e-01]
 [-2.14485674e-01  3.72315698e-02]
 [-1.90818028e-01  1.08306221e-01]
 [ 3.55980449e-01  3.00795590e-01]
 [ 3.56357239e-01  1.96721527e-01]
 [ 2.97699708e-02  2.78388291e-02]
 [ 1.29116343e-01  2.18908814e-01]
 [ 3.28873939e-01  3.79595202e-02]
 [-5.14263002e-02 -3.99015447e-02]
 [ 2.26276256e-01  5.39234716e-01]
 [-3.05014645e-01 -2.56372651e-01]
 [-3.28808158e-03  5.39692859e-02]
 [-3.84696204e-01  2.51533942e-01]
 [-6.77267819e-02  8.15828977e-02]
 [ 2.05159011e-01  2.43315654e-01]
 [ 1.99907465e-01 -2.76151968e-01]
 [ 6.55690713e-03 -4.62084073e-01]
 [ 2.65681563e-01 -4.20342447e-01]
 [-1.23006276e-01  2.05359700e-01]
 [ 4.75058191e-02 -3.01293232e-01]
 [ 8.83232946e-02  3.92769276e-01]
 [ 1.01214034e-01  9.27488730e-02]
 [-5.04311442e-03  4.94031498e-02]
 [ 1.44469896e-01 -2.39180521e-01]
 [-7.71968446e-02  5.14988602e-02]
 [-2.79449206e-01 -2.43634546e-02]
 [-1.28525194e-01 -7.59702821e-02]
 [ 2.80326095e-01  1.02837121e-01]
 [ 2.38681474e-01 -2.35802332e-01]
 [-1.07542922e-03 -3.88734499e-02]
 [-1.52136796e-01 -6.13096097e-02]
 [ 9.64784711e-02 -3.05482244e-01]
 [ 3.41996290e-01  5.03945342e-02]
 [-3.98312618e-03  9.13068481e-02]
 [ 1.86880618e-01  2.43587955e-01]
 [ 1.48394058e-01  1.59819611e-01]
 [-3.35008895e-01  1.28987982e-01]
 [ 1.45434693e-01 -1.22953248e-01]
 [ 2.23901579e-01  1.64526301e-01]
 [ 2.56521264e-01 -1.52662101e-01]
 [ 1.47257937e-02 -1.09183999e-01]
 [-1.32725639e-01 -1.11458070e-01]
 [ 3.69374761e-01  2.04116661e-01]
 [ 1.44740647e-01  7.77233512e-02]
 [ 3.65582652e-02  2.47465668e-01]
 [ 5.80868679e-02  1.21650522e-01]
 [ 1.94571739e-01  7.04774167e-01]
 [-4.84555084e-01 -1.60213952e-01]
 [ 2.04027182e-01 -3.88492863e-02]
 [-3.69051867e-01 -3.63968868e-01]
 [-3.46350696e-01 -1.55309860e-02]
 [-6.99391524e-02  1.25348959e-01]
 [-1.14617619e-01 -4.22335829e-01]
 [ 1.37204180e-02  3.96250212e-01]
 [ 1.69744782e-02 -3.98509433e-01]
 [-2.02255976e-01  2.87475069e-01]
 [-7.98453572e-02 -2.54427950e-01]
 [-1.61106718e-01  2.10431094e-01]
 [ 6.40399780e-02 -7.73750176e-02]
 [-1.87377279e-01 -1.93741215e-01]
 [-6.95788996e-02 -2.06200614e-01]
 [-3.28502746e-01 -1.61885765e-01]
 [-1.82810075e-01  1.24291739e-01]
 [-7.78922340e-02  1.62895523e-01]
 [ 9.98064231e-02 -9.77426434e-02]
 [-3.00687931e-02 -1.89847780e-02]
 [ 2.32941622e-02  2.70923987e-02]
 [-1.09817654e-01  2.41803044e-01]
 [ 2.22705708e-02  5.36602397e-02]
 [ 2.62192685e-01  2.21735650e-02]]
States:
[[0.99965833 0.99902392 0.52835443 0.53005728 0.51339565 0.59713995]
 [0.99965245 0.99925642 0.52851537 0.52623721 0.51514255 0.54673123]
 [0.99965698 0.99938528 0.52839164 0.52385736 0.50979523 0.61584609]
 ...
 [0.84566615 0.         0.87697229 0.57034375 0.38855087 0.68623261]
 [0.86073093 0.         0.86165667 0.56535117 0.36282825 0.59793273]
 [0.87600475 0.         0.84470633 0.56666362 0.37152176 0.58468149]]
Logstds:
[[-3. -3.]
 [-3. -3.]
 [-3. -3.]
 [-3. -3.]
 [-3. -3.]
 [-3. -3.]
 [-3. -3.]
 [-3. -3.]
 [-3. -3.]
 [-3. -3.]
 [-3. -3.]
 [-3. -3.]
 [-3. -3.]
 [-3. -3.]
 [-3. -3.]
 [-3. -3.]
 [-3. -3.]
 [-3. -3.]
 [-3. -3.]
 [-3. -3.]
 [-3. -3.]
 [-3. -3.]
 [-3. -3.]
 [-3. -3.]
 [-3. -3.]
 [-3. -3.]
 [-3. -3.]
 [-3. -3.]
 [-3. -3.]
 [-3. -3.]
 [-3. -3.]
 [-3. -3.]
 [-3. -3.]
 [-3. -3.]
 [-3. -3.]
 [-3. -3.]
 [-3. -3.]
 [-3. -3.]
 [-3. -3.]
 [-3. -3.]
 [-3. -3.]
 [-3. -3.]
 [-3. -3.]
 [-3. -3.]
 [-3. -3.]
 [-3. -3.]
 [-3. -3.]
 [-3. -3.]
 [-3. -3.]
 [-3. -3.]
 [-3. -3.]
 [-3. -3.]
 [-3. -3.]
 [-3. -3.]
 [-3. -3.]
 [-3. -3.]
 [-3. -3.]
 [-3. -3.]
 [-3. -3.]
 [-3. -3.]
 [-3. -3.]
 [-3. -3.]
 [-3. -3.]
 [-3. -3.]
 [-3. -3.]
 [-3. -3.]
 [-3. -3.]
 [-3. -3.]
 [-3. -3.]
 [-3. -3.]
 [-3. -3.]
 [-3. -3.]
 [-3. -3.]
 [-3. -3.]
 [-3. -3.]
 [-3. -3.]
 [-3. -3.]
 [-3. -3.]
 [-3. -3.]
 [-3. -3.]
 [-3. -3.]
 [-3. -3.]
 [-3. -3.]
 [-3. -3.]
 [-3. -3.]
 [-3. -3.]
 [-3. -3.]
 [-3. -3.]
 [-3. -3.]
 [-3. -3.]
 [-3. -3.]
 [-3. -3.]
 [-3. -3.]
 [-3. -3.]
 [-3. -3.]
 [-3. -3.]
 [-3. -3.]
 [-3. -3.]
 [-3. -3.]
 [-3. -3.]
 [-3. -3.]
 [-3. -3.]
 [-3. -3.]
 [-3. -3.]
 [-3. -3.]
 [-3. -3.]
 [-3. -3.]
 [-3. -3.]
 [-3. -3.]
 [-3. -3.]
 [-3. -3.]
 [-3. -3.]
 [-3. -3.]
 [-3. -3.]
 [-3. -3.]
 [-3. -3.]
 [-3. -3.]
 [-3. -3.]
 [-3. -3.]
 [-3. -3.]
 [-3. -3.]
 [-3. -3.]
 [-3. -3.]
 [-3. -3.]
 [-3. -3.]
 [-3. -3.]
 [-3. -3.]
 [-3. -3.]
 [-3. -3.]
 [-3. -3.]
 [-3. -3.]
 [-3. -3.]
 [-3. -3.]
 [-3. -3.]
 [-3. -3.]
 [-3. -3.]
 [-3. -3.]
 [-3. -3.]
 [-3. -3.]
 [-3. -3.]
 [-3. -3.]
 [-3. -3.]
 [-3. -3.]
 [-3. -3.]
 [-3. -3.]
 [-3. -3.]
 [-3. -3.]
 [-3. -3.]
 [-3. -3.]
 [-3. -3.]
 [-3. -3.]
 [-3. -3.]
 [-3. -3.]
 [-3. -3.]
 [-3. -3.]
 [-3. -3.]
 [-3. -3.]
 [-3. -3.]
 [-3. -3.]
 [-3. -3.]
 [-3. -3.]
 [-3. -3.]
 [-3. -3.]
 [-3. -3.]
 [-3. -3.]
 [-3. -3.]
 [-3. -3.]
 [-3. -3.]
 [-3. -3.]
 [-3. -3.]
 [-3. -3.]
 [-3. -3.]
 [-3. -3.]
 [-3. -3.]
 [-3. -3.]
 [-3. -3.]
 [-3. -3.]
 [-3. -3.]
 [-3. -3.]
 [-3. -3.]
 [-3. -3.]
 [-3. -3.]
 [-3. -3.]
 [-3. -3.]
 [-3. -3.]
 [-3. -3.]
 [-3. -3.]
 [-3. -3.]
 [-3. -3.]
 [-3. -3.]
 [-3. -3.]
 [-3. -3.]
 [-3. -3.]
 [-3. -3.]
 [-3. -3.]
 [-3. -3.]
 [-3. -3.]
 [-3. -3.]
 [-3. -3.]
 [-3. -3.]]
