Baseline:
[1.5623306 1.5507971 1.5470536 1.5330224 1.5466007 1.5628202 1.5401586
 1.5578759 1.5640479 1.5256299 1.5615851 1.557495  1.5364392 1.5390098
 1.5169942 1.509138  1.4921924 1.4761955 1.4912887 1.4688632 1.4639152
 1.4438053 1.4632047 1.46494   1.4542949 1.4667193 1.4699568 1.4465333
 1.4204544 1.4177345 1.4275539 1.4365002 1.4473745 1.4824954 1.5058991
 1.517311  1.543437  1.5361861 1.5364864 1.538074  1.5657758 1.5599583
 1.5630102 1.5303217 1.5617772 1.5479416 1.5388374 1.5386356 1.5598955
 1.5830051 1.5953588 1.5911831 1.5976542 1.6254319 1.6407965 1.6249659
 1.6340344 1.6231116 1.611219  1.6019274 1.6068107 1.6020089 1.6115981
 1.5943502 1.6039459 1.5781419 1.5837237 1.5811445 1.5895989 1.6035599
 1.579603  1.5835916 1.573293  1.5790582 1.5801216 1.565757  1.5810697
 1.5674094 1.5923523 1.5716407 1.5559845 1.5477445 1.547999  1.5345632
 1.4961689 1.483799  1.4739335 1.4857239 1.478464  1.4870223 1.4541754
 1.4410431 1.4085878 1.3983905 1.3961287 1.3939992 1.3645473 1.3451283
 1.3415842 1.3616484 1.3528398 1.3560582 1.3666397 1.366726  1.3677794
 1.3986958 1.4261967 1.4226878 1.4348462 1.4439627 1.431142  1.4382737
 1.4580672 1.4547647 1.4651908 1.4730828 1.4930708 1.5027016 1.5279958
 1.5404946 1.5415896 1.5719433 1.5895952 1.5671779 1.5625306 1.541066
 1.4960159 1.4763997 1.4638082 1.444642  1.427934  1.4418548 1.4221588
 1.4252385 1.4068824 1.4213251 1.4149653 1.421888  1.4200915 1.4264363
 1.4015983 1.3654153 1.3672014 1.3421917 1.3564241 1.3511302 1.3488389
 1.3277428 1.3320012 1.3645568 1.3875464 1.3415729 1.3411981 1.341313
 1.3360718 1.3294519 1.3603215 1.3471942 1.3555287 1.3580424 1.3589658
 1.3767661 1.413598  1.4306861 1.4358709 1.459701  1.4663448 1.4656562
 1.4894927 1.4970758 1.5377319 1.5538323 1.5821861 1.5890759 1.5716985
 1.5544523 1.5582025 1.5725411 1.6088818 1.6539105 1.6423422 1.6392633
 1.6472818 1.6581675 1.6544877 1.6668102 1.6625785 1.6466668 1.6366047
 1.626454  1.6056943 1.5965546 1.5817461 1.5823137 1.5842468 1.5564942
 1.5367436 1.489148  1.468641  1.4690684 1.4690684]
Returns:
[ 9.48292087  9.5352504   9.58943082  9.6179957   9.61961453  9.61141234
  9.57618305  9.55467032  9.5590176   9.48490651  9.2886758   9.31848854
  9.29234812  9.10873335  9.0789606   9.06916456  9.07961204  9.07102606
  9.02036676  8.89019531  8.85910931  8.77837209  8.714835    8.69959694
  8.66246967  8.63316666  8.59449699  8.54850395  8.46858002  8.3251647
  8.34661631  8.29790496  8.35809092  8.2340399   8.1483654   8.14758704
  8.14350315  8.21031723  8.31429479  8.42439918  8.33213849  8.41877998
  8.49117302  8.35623841  8.3820122   8.4501392   8.53077704  8.48105952
  8.55088268  8.6705463   8.74037869  8.80543757  8.97699332  8.78339579
  8.88188107  8.99343464  9.10947596  9.22253087  9.23457682  9.32887911
  9.44272392  9.52755413  9.63155273  9.71373373  9.79796491  9.87112865
  9.96339074  9.95195505  9.99967685  9.96783447 10.01472332 10.08459118
 10.04275037 10.01038201  9.96294312  9.93002569  9.87022663  9.87979645
  9.72033514  9.60599286  9.65253561  9.69731022  9.66460424  9.58506822
  9.40047815  9.45224313  9.49509995  9.44115305  9.39671912  9.39999526
  9.26099124  9.33754629  9.31265564  9.38287994  9.39849668  9.3393049
  9.29229182  9.16024879  9.19739602  9.22050461  9.19725584  9.26109018
  9.31907776  9.36667439  9.21937123  9.22005004  9.11266767  9.14969913
  8.84650436  8.57864313  8.48384637  8.43824111  8.40960209  8.34227554
  8.09682869  8.02536882  7.9418525   7.86537126  7.75839382  7.50609668
  7.44098376  7.19241279  6.98574104  6.86026393  6.80495314  6.67608545
  6.42785597  6.38791919  6.35054089  6.27732611  6.23694756  6.03592286
  6.03161087  5.97406283  5.91490429  5.79097038  5.79609149  5.77903405
  5.80415509  5.81512863  5.63623028  5.5649783   5.58204688  5.6064934
  5.51608837  5.59077464  5.65237176  5.72711486  5.81565584  5.53234817
  5.14042505  4.96102542  4.91168061  4.98685093  4.94004803  5.04617734
  4.87028293  4.9729277   5.08420161  4.93268871  5.06423498  5.16631422
  5.05600387  5.14456492  5.3046835   5.41022636  5.59156105  5.74338772
  5.88261193  6.00312484  5.98181985  6.12765053  6.25709606  6.29590224
  6.02062149  5.93373481  5.96063518  6.01030092  5.85707744  5.6040003
  5.48965407  5.41241669  5.36578629  5.25348319  5.1567633   5.02331074
  4.80077984  4.62420857  4.45607017  4.23837164  3.91346884  3.6921702
  3.3605877   2.9799704   2.47959508  2.10557428  1.7944813   1.34262577
  0.83347914  0.4158383 ]
Advants:
[5.11541036 5.18724991 5.25562116 5.310872   5.31227555 5.30159974
 5.30356036 5.27888305 5.29279409 5.27307355 5.05103977 5.09700806
 5.10485945 4.9269538  4.9279418  4.93543224 4.97390591 4.99357066
 4.93908224 4.84022739 4.82292975 4.77002073 4.6928951  4.68170266
 4.66067474 4.62357575 4.58539516 4.56617148 4.51429209 4.37137836
 4.38096305 4.31930026 4.36579071 4.19863434 4.07751806 4.05188723
 4.00615742 4.06567094 4.15676374 4.25498013 4.12012975 4.19929197
 4.25634837 4.13760864 4.11385268 4.17873624 4.2527197  4.18457174
 4.21441746 4.29364566 4.33410013 4.38700173 4.5394676  4.2975521
 4.36095329 4.47087793 4.56221239 4.673054   4.68347764 4.7756094
 4.87550214 4.95806497 5.04772292 5.14507073 5.21975622 5.32183901
 5.41458054 5.41202757 5.45934999 5.42087123 5.5018568  5.58077713
 5.56241136 5.53739716 5.50163176 5.49632717 5.4332694  5.47029853
 5.29516578 5.20870043 5.28059884 5.34577878 5.32500052 5.27007607
 5.13148648 5.20585913 5.27132192 5.21737732 5.19185085 5.19904514
 5.10314395 5.20673462 5.2296212  5.32915721 5.3683314  5.33261402
 5.33767306 5.24611286 5.31092084 5.34023052 5.35384656 5.44678345
 5.53072995 5.61936298 5.51104381 5.52331905 5.43039845 5.51773022
 5.24340098 5.00237565 4.95687949 4.94209891 4.93335833 4.91042729
 4.69123452 4.64923324 4.58305995 4.53479594 4.43950562 4.20665176
 4.17305936 3.92090209 3.71868827 3.63643431 3.60678203 3.51885831
 3.33053393 3.32570537 3.31696357 3.27865522 3.27133361 3.0674821
 3.09538102 3.04645917 3.01709783 2.88685728 2.90752247 2.89276719
 2.93052798 2.94706689 2.80116655 2.7738681  2.79805563 2.85870511
 2.76297826 2.85510162 2.93414362 3.04939144 3.15734276 2.85739553
 2.44692222 2.31418728 2.26445269 2.34099968 2.29977108 2.41636908
 2.20738683 2.32433236 2.43172889 2.27777535 2.41251744 2.50387297
 2.35985944 2.43693797 2.60274672 2.6987881  2.89443097 3.07440018
 3.22314919 3.37577489 3.35497505 3.53338514 3.6904302  3.78405346
 3.58513706 3.57735493 3.6683489  3.77839179 3.66404539 3.43834512
 3.41096217 3.41632783 3.44628726 3.4111044  3.41068976 3.36092221
 3.24005751 3.18016366 3.12654807 3.02594071 2.82844168 2.72544977
 2.51734532 2.24229803 1.83963338 1.59078792 1.39615698 1.08434421
 0.68091447 0.34238493]
Mus:
[[-1.75905135e-02 -6.08847709e-03]
 [-1.78405959e-02 -6.33675419e-03]
 [-1.82445720e-02 -6.72308169e-03]
 [-1.82898957e-02 -7.16974400e-03]
 [-1.82572566e-02 -7.08267139e-03]
 [-1.76591352e-02 -6.68242946e-03]
 [-1.75205693e-02 -7.17651052e-03]
 [-1.72682609e-02 -6.98430091e-03]
 [-1.63667891e-02 -6.37575099e-03]
 [-1.51732527e-02 -5.97994495e-03]
 [-1.52874682e-02 -5.92130329e-03]
 [-1.51342554e-02 -6.01460319e-03]
 [-1.40540935e-02 -6.03574608e-03]
 [-1.33807342e-02 -5.17118676e-03]
 [-1.21675832e-02 -4.72000660e-03]
 [-1.14164799e-02 -4.90109716e-03]
 [-9.97053459e-03 -4.58547799e-03]
 [-8.60000029e-03 -4.52037388e-03]
 [-8.79080500e-03 -4.88681300e-03]
 [-6.99686585e-03 -5.13881957e-03]
 [-5.10962121e-03 -5.03005972e-03]
 [-1.30990986e-03 -3.32832872e-03]
 [-4.94535954e-04 -3.03320284e-03]
 [ 8.13562190e-04 -2.89454800e-03]
 [ 2.93774786e-03 -2.74718856e-03]
 [ 5.27698779e-03 -1.70186255e-03]
 [ 7.99915660e-03 -2.43561779e-04]
 [ 1.07555520e-02  1.11492397e-03]
 [ 1.38337407e-02  2.26190290e-03]
 [ 1.51130678e-02  3.71775078e-03]
 [ 1.63359307e-02  3.88605869e-03]
 [ 1.78861115e-02  3.77108622e-03]
 [ 1.84436701e-02  3.91556602e-03]
 [ 1.81176905e-02  4.61016828e-03]
 [ 1.77726168e-02  5.34742652e-03]
 [ 1.84132420e-02  6.23706542e-03]
 [ 1.72250308e-02  5.67505322e-03]
 [ 1.78927425e-02  6.19624136e-03]
 [ 1.75783113e-02  5.86342299e-03]
 [ 1.75391268e-02  6.03341311e-03]
 [ 1.74090713e-02  6.74355868e-03]
 [ 1.67581681e-02  6.05478231e-03]
 [ 1.56987272e-02  5.15528722e-03]
 [ 1.53060229e-02  4.85872338e-03]
 [ 1.33929672e-02  4.20038495e-03]
 [ 1.17046982e-02  3.39361699e-03]
 [ 1.03961127e-02  3.20806238e-03]
 [ 1.12410756e-02  4.60264226e-03]
 [ 7.83587154e-03  3.01401666e-03]
 [ 5.80691034e-03  2.46357173e-03]
 [ 6.09532464e-03  3.38652893e-03]
 [ 3.12553812e-03  2.03348068e-03]
 [ 1.12506596e-03  1.53419829e-03]
 [ 2.12021591e-03  2.87336414e-03]
 [ 9.16197823e-05  2.13322649e-03]
 [-5.74697566e-04  2.02277629e-03]
 [-1.84240716e-03  1.72584446e-03]
 [-1.83500128e-03  1.94252760e-03]
 [-1.38303731e-03  2.55021709e-03]
 [-3.87501926e-03  1.16863358e-03]
 [-4.94926563e-03  9.85923223e-04]
 [-5.23530692e-03  1.05027296e-03]
 [-7.01950816e-03  3.36451398e-04]
 [-7.89616909e-03 -1.64132085e-04]
 [-9.94573347e-03 -1.06347864e-03]
 [-1.00120306e-02 -1.18459878e-03]
 [-1.21158613e-02 -2.21310742e-03]
 [-1.20217558e-02 -1.90700393e-03]
 [-1.44527899e-02 -3.11940140e-03]
 [-1.53357340e-02 -3.31110251e-03]
 [-1.56028243e-02 -3.62977572e-03]
 [-1.68593246e-02 -4.26354911e-03]
 [-1.59034114e-02 -3.57122184e-03]
 [-1.79130472e-02 -4.95370850e-03]
 [-1.91551242e-02 -6.21524919e-03]
 [-1.81469508e-02 -5.47754858e-03]
 [-1.92634352e-02 -6.48749433e-03]
 [-1.99096091e-02 -7.39887822e-03]
 [-2.04726327e-02 -7.72246392e-03]
 [-1.87075716e-02 -6.52495306e-03]
 [-1.85448267e-02 -6.62013562e-03]
 [-1.85444262e-02 -6.93652313e-03]
 [-1.78912114e-02 -6.50627445e-03]
 [-1.73781440e-02 -5.83439926e-03]
 [-1.57830454e-02 -5.93076739e-03]
 [-1.45757813e-02 -5.70514239e-03]
 [-1.42183537e-02 -6.09766040e-03]
 [-1.49122486e-02 -6.74124202e-03]
 [-1.27294520e-02 -5.60660800e-03]
 [-1.28008910e-02 -5.74932666e-03]
 [-9.88460518e-03 -3.90870823e-03]
 [-9.08664614e-03 -3.68276378e-03]
 [-7.11499527e-03 -3.31345736e-03]
 [-4.98186983e-03 -2.42787902e-03]
 [-5.38560469e-03 -3.29471938e-03]
 [-2.57977261e-03 -1.68530352e-03]
 [ 1.70633360e-03  2.19843496e-04]
 [ 4.18234197e-03  1.93436560e-03]
 [ 4.99663269e-03  1.86850363e-03]
 [ 5.84453670e-03  1.65356568e-03]
 [ 7.35422969e-03  2.79302639e-03]
 [ 8.00217874e-03  2.84630060e-03]
 [ 8.54711886e-03  2.75519933e-03]
 [ 9.67301708e-03  3.34673072e-03]
 [ 9.93629079e-03  4.35826322e-03]
 [ 1.05138207e-02  4.46755765e-03]
 [ 9.91468225e-03  4.64723166e-03]
 [ 9.82586574e-03  4.64921072e-03]
 [ 6.61527831e-03  4.49640257e-03]
 [ 2.13239552e-03  3.62974149e-03]
 [-2.82961846e-04  2.88346503e-03]
 [ 2.86518567e-04  2.53633969e-03]
 [ 4.73204964e-05  2.12828489e-03]
 [ 1.25193954e-04  1.70565245e-03]
 [-2.82258028e-03  9.49459791e-04]
 [-4.90804715e-03  9.86379891e-05]
 [-6.19593682e-03 -5.52374811e-04]
 [-7.80069642e-03 -1.23225618e-03]
 [-9.14268661e-03 -1.81801128e-03]
 [-1.12989638e-02 -2.19003507e-03]
 [-1.26438662e-02 -2.88688252e-03]
 [-1.44332917e-02 -3.33499420e-03]
 [-1.62233766e-02 -3.69434897e-03]
 [-1.77906174e-02 -4.18294640e-03]
 [-1.90827008e-02 -4.92971251e-03]
 [-2.03774571e-02 -5.36676915e-03]
 [-2.21091453e-02 -6.34496240e-03]
 [-2.32818741e-02 -7.11142691e-03]
 [-2.45386995e-02 -7.95524381e-03]
 [-2.54100244e-02 -8.26831255e-03]
 [-2.73601282e-02 -9.40715801e-03]
 [-2.88783628e-02 -1.00600841e-02]
 [-2.98874229e-02 -1.06299426e-02]
 [-3.01898159e-02 -1.05330721e-02]
 [-3.04670781e-02 -1.04745617e-02]
 [-3.10666021e-02 -1.03862304e-02]
 [-3.18269916e-02 -1.04476139e-02]
 [-3.30004245e-02 -1.06854783e-02]
 [-3.40070203e-02 -1.11120353e-02]
 [-3.46475057e-02 -1.12582957e-02]
 [-3.36320177e-02 -1.05275800e-02]
 [-3.23390737e-02 -1.00021986e-02]
 [-3.30964886e-02 -1.01952506e-02]
 [-3.22616883e-02 -9.67941899e-03]
 [-3.20203118e-02 -9.06759780e-03]
 [-3.08147762e-02 -8.58999509e-03]
 [-2.92901583e-02 -8.21322110e-03]
 [-2.74387132e-02 -7.35462084e-03]
 [-2.60574613e-02 -6.74084714e-03]
 [-2.49601677e-02 -6.32255990e-03]
 [-2.31800973e-02 -4.63621924e-03]
 [-2.13832203e-02 -4.26202361e-03]
 [-1.90010909e-02 -3.82902264e-03]
 [-1.77636854e-02 -3.59437638e-03]
 [-1.66762248e-02 -2.77688168e-03]
 [-1.49883479e-02 -2.03923718e-03]
 [-1.27463182e-02 -1.06378132e-03]
 [-1.09565519e-02 -3.56857607e-04]
 [-8.86299275e-03  5.78263600e-04]
 [-7.40876747e-03  2.38880020e-04]
 [-7.77998706e-03 -1.87238198e-04]
 [-8.47078953e-03 -5.58824569e-04]
 [-1.20721441e-02 -2.37326114e-03]
 [-1.52663281e-02 -4.07271413e-03]
 [-1.54768247e-02 -4.16496117e-03]
 [-1.77641790e-02 -5.41659119e-03]
 [-1.83714200e-02 -5.71842678e-03]
 [-1.86639801e-02 -5.81585569e-03]
 [-1.94328930e-02 -6.16427697e-03]
 [-1.84282120e-02 -5.53520489e-03]
 [-1.85066070e-02 -5.64913638e-03]
 [-1.97839942e-02 -6.52322685e-03]
 [-2.12321784e-02 -7.42058270e-03]
 [-2.24871151e-02 -8.32428224e-03]
 [-2.20983829e-02 -8.43054801e-03]
 [-2.38607768e-02 -9.48906038e-03]
 [-2.36740746e-02 -9.00977664e-03]
 [-2.48715170e-02 -9.52348113e-03]
 [-2.34481394e-02 -8.51178635e-03]
 [-2.20661741e-02 -7.67777441e-03]
 [-2.08673272e-02 -7.12732226e-03]
 [-2.25107670e-02 -8.05561617e-03]
 [-2.19337642e-02 -7.76582444e-03]
 [-1.99767705e-02 -6.68262597e-03]
 [-2.06417311e-02 -7.10851327e-03]
 [-2.06596516e-02 -7.31699588e-03]
 [-2.08911933e-02 -7.85773806e-03]
 [-2.07461342e-02 -8.11339170e-03]
 [-2.16185059e-02 -8.52962676e-03]
 [-2.23342888e-02 -8.82884394e-03]
 [-2.32825000e-02 -9.46832262e-03]
 [-2.33816486e-02 -9.55552142e-03]
 [-2.48081423e-02 -1.05311023e-02]
 [-2.44973637e-02 -1.02366107e-02]
 [-2.37181447e-02 -9.67782643e-03]
 [-2.27497015e-02 -9.36661940e-03]
 [-2.21680291e-02 -9.34250001e-03]
 [-2.12180298e-02 -9.30576213e-03]
 [-1.81761943e-02 -7.71823106e-03]
 [-1.94192287e-02 -8.72363616e-03]]
Actions:
[[-1.30078119e-01 -2.70526692e-02]
 [-1.12805519e-01  7.27861414e-02]
 [-2.62000607e-01  7.99046990e-02]
 [ 1.39596497e-01  6.25010003e-02]
 [ 1.78182429e-01  6.03468070e-02]
 [-3.92129161e-01  6.57121385e-02]
 [ 1.61847311e-01  1.05490200e-01]
 [ 1.48916925e-01 -7.15013193e-02]
 [-2.63760472e-01 -3.04989088e-01]
 [ 2.97826676e-01  2.55011866e-01]
 [-9.80402794e-02  3.98366982e-02]
 [-3.19738900e-01  1.33836071e-02]
 [ 2.88984699e-01 -2.36643880e-01]
 [-1.33550626e-01 -1.82927693e-01]
 [-1.84792091e-01  1.08626681e-01]
 [-1.63453364e-01 -7.60348225e-02]
 [-2.20638764e-01 -7.14668459e-04]
 [ 2.96687947e-02  2.39986132e-01]
 [-4.46761166e-01  9.76289601e-02]
 [-1.93462564e-01  1.20367512e-01]
 [-4.75241958e-03 -2.77702703e-01]
 [ 1.57285909e-01  1.29991348e-01]
 [-9.82899389e-02  1.16031514e-01]
 [-2.99375662e-01  1.20775760e-01]
 [ 1.22977801e-01  5.11040872e-02]
 [ 1.45467917e-01 -1.13497911e-01]
 [-1.25611634e-01 -2.53297629e-01]
 [-3.08508388e-01 -2.15537301e-01]
 [ 2.14377918e-01 -3.06774824e-01]
 [-1.07028924e-01  1.31754816e-01]
 [-2.82879220e-01  2.34867578e-01]
 [-7.31817549e-02  9.46352805e-02]
 [ 4.11829537e-01  4.66762663e-02]
 [ 3.69281463e-01 -6.18748961e-02]
 [ 2.06356069e-01 -1.24451470e-01]
 [ 1.23214581e-01  2.59904783e-01]
 [-6.22960539e-02 -1.46818253e-01]
 [-1.43985700e-01  7.49664426e-02]
 [-2.27500654e-02 -5.49245144e-02]
 [ 4.11019423e-01  1.59471099e-02]
 [-2.32886601e-01  9.87086859e-02]
 [-2.03910581e-01  2.30466278e-01]
 [-5.00462689e-01 -2.06380778e-01]
 [ 1.72102301e-01  3.01072392e-01]
 [-3.36391515e-01  7.35187643e-03]
 [-2.24494458e-01 -1.18213912e-01]
 [ 3.25543071e-02 -4.10780206e-01]
 [-8.46728784e-02  3.40987003e-01]
 [ 8.23800200e-02  1.75648436e-01]
 [ 1.62034634e-01 -1.79564718e-01]
 [-3.37662521e-01  1.08007562e-01]
 [-4.27167492e-02  3.76338213e-02]
 [ 5.12257003e-01 -1.43898304e-01]
 [ 7.63952828e-02  2.25753849e-01]
 [-1.94338865e-01 -1.53334724e-01]
 [ 8.95134712e-02  9.13575938e-02]
 [-7.20055165e-02 -1.60017067e-01]
 [-1.25233875e-02 -3.24447357e-01]
 [-2.69001963e-01  1.59543744e-01]
 [ 9.59787863e-02 -2.61387203e-02]
 [-3.12661517e-03 -1.56356458e-01]
 [ 7.61988566e-02  1.18062398e-01]
 [-2.26539910e-01 -1.11643867e-01]
 [ 8.72691234e-02  1.75248855e-01]
 [-1.86909898e-01 -1.92872077e-01]
 [ 6.87710758e-02  1.99073695e-01]
 [ 2.20926437e-01 -1.74638466e-01]
 [ 2.10193091e-02  2.78191501e-01]
 [ 2.79246547e-01  1.05760544e-01]
 [-2.60971667e-01 -1.23090309e-01]
 [ 3.01014666e-02  1.32406221e-01]
 [ 1.27024384e-01 -2.75288964e-01]
 [-2.13271074e-01  3.42711214e-01]
 [-2.60584641e-01  3.26170148e-01]
 [ 1.24011678e-01 -2.65284210e-01]
 [-3.79370267e-02  3.50019469e-01]
 [-2.69885366e-01  1.68361922e-01]
 [ 3.01540477e-01  2.65584775e-01]
 [ 1.54508592e-01 -3.39838447e-01]
 [-9.05250218e-02 -2.83267227e-02]
 [-7.39782160e-02  8.59959757e-02]
 [ 2.30150948e-01 -2.03567828e-02]
 [ 2.08312214e-01 -2.19693661e-01]
 [-5.64808408e-01 -5.64933525e-02]
 [-4.28840376e-02 -5.52805975e-03]
 [-1.41524720e-01  1.05206449e-01]
 [ 1.22723187e-01  2.78980858e-01]
 [ 2.53931023e-01 -1.04236754e-01]
 [ 1.66651696e-01  1.44163522e-01]
 [ 1.48837771e-01 -4.12046366e-01]
 [-6.33340266e-02 -4.52150537e-02]
 [-3.72193599e-01 -1.27080648e-01]
 [ 4.20933819e-02 -1.11967553e-01]
 [-2.34771333e-01  2.03859295e-01]
 [ 2.86599763e-01 -2.02016350e-01]
 [-1.11186943e-01 -3.79229027e-01]
 [ 1.42611061e-01 -4.21815229e-01]
 [-2.56746475e-01 -1.70190343e-03]
 [-4.88855868e-02  2.23166450e-01]
 [ 1.02516725e-01 -2.62545074e-01]
 [-1.07939389e-01  1.81176253e-02]
 [-7.11011723e-02  1.03739693e-01]
 [ 1.54194756e-02 -9.38578581e-02]
 [ 3.26964111e-01 -2.76102769e-01]
 [ 1.54215914e-01  1.41902390e-01]
 [ 3.47146219e-01  2.35739958e-02]
 [-3.32444836e-02 -9.66588408e-02]
 [ 4.77878249e-01 -2.45354640e-01]
 [ 4.08202626e-01 -2.16669197e-01]
 [ 4.06270115e-02 -2.55254352e-01]
 [-1.86942949e-01  6.79183507e-02]
 [ 7.07299474e-03  1.11952283e-01]
 [-2.61986988e-01  8.67320460e-03]
 [ 3.43959342e-01 -1.36053281e-01]
 [ 4.60169481e-02  4.43126288e-03]
 [ 3.80648156e-02  1.57675489e-01]
 [ 5.44579716e-02  3.05518199e-02]
 [ 1.38694504e-01  2.07213112e-01]
 [ 3.41355753e-01 -6.52971684e-02]
 [-7.57605316e-02  6.06904640e-02]
 [ 3.21131792e-01  1.54005154e-01]
 [ 2.72620251e-01  1.61408106e-02]
 [-9.52167338e-02 -2.31849379e-01]
 [-1.41621988e-01  8.13567969e-02]
 [-8.07683630e-02 -2.77631748e-01]
 [-3.48072254e-01 -3.53885156e-01]
 [-1.56693491e-01 -1.05612971e-02]
 [-1.36911390e-01  1.14000422e-01]
 [-8.94055702e-03 -1.74523997e-01]
 [-2.05998207e-01  1.66558755e-01]
 [ 9.20146998e-02  3.80159303e-01]
 [-1.72283637e-01 -5.15355253e-02]
 [ 1.58888110e-01  2.06103187e-02]
 [ 9.28695024e-03 -2.03329745e-01]
 [ 2.59311604e-01  1.14532834e-01]
 [ 6.69024456e-02 -8.46946683e-02]
 [ 9.81464404e-02  1.11252243e-01]
 [-8.83356383e-02  1.30780554e-01]
 [ 2.22607977e-02  1.37343883e-01]
 [ 3.79822530e-02 -4.35102364e-01]
 [-1.58918011e-01 -3.51817353e-01]
 [ 3.33689770e-02  1.98106109e-01]
 [-4.57750008e-02 -2.46613170e-01]
 [ 3.09382383e-01  1.27681518e-01]
 [-8.42333448e-02  1.19746830e-01]
 [-1.72949257e-01  2.26551486e-01]
 [-5.38252216e-02 -2.19362600e-01]
 [ 4.64401914e-02  1.78978990e-01]
 [ 2.12250403e-01  5.61152955e-01]
 [ 5.89815838e-01 -2.30408033e-01]
 [-4.77219103e-01 -3.95005603e-01]
 [-2.16322012e-01  3.76902729e-01]
 [-7.67811454e-02  2.14663972e-01]
 [ 1.32538397e-01 -3.37970149e-01]
 [ 1.97530457e-02 -9.00048518e-02]
 [ 2.92412159e-01  3.97300497e-01]
 [-7.11106141e-02 -2.05443382e-01]
 [ 1.32777873e-01  4.63393939e-02]
 [-3.33374846e-01  4.85321626e-01]
 [-1.19437319e-01  1.06519243e-01]
 [ 6.51349160e-02  1.90963521e-01]
 [ 2.30309873e-02  5.06834693e-01]
 [-1.32217608e-01  2.45577384e-01]
 [-2.21288964e-02 -9.29872945e-02]
 [-3.07087578e-02  2.49021171e-01]
 [-4.29980100e-02 -6.77240042e-02]
 [-1.04526567e-01 -1.74080648e-01]
 [ 8.10208213e-02  1.28242322e-01]
 [ 2.39418350e-02 -2.30362355e-01]
 [ 2.49404376e-01  2.96892484e-01]
 [-1.51934212e-01  1.63177701e-01]
 [-8.31947195e-02  2.47073763e-01]
 [-3.67360115e-01  2.32917201e-01]
 [-5.50890014e-01 -4.35993540e-01]
 [-5.23770705e-01 -2.06921958e-02]
 [-2.47915855e-02 -2.25547622e-01]
 [ 2.64711148e-03  1.60903329e-01]
 [ 3.58556341e-01  8.01752344e-02]
 [ 4.04791028e-01  2.27306461e-01]
 [-2.88665753e-01 -2.28855692e-01]
 [-2.93425535e-01  1.29209171e-01]
 [-3.68914322e-02  1.29569989e-02]
 [ 1.21122533e-01 -6.93192822e-02]
 [-2.38928855e-01  7.14163830e-02]
 [-3.18162814e-02  2.28712733e-01]
 [-2.48946184e-01  3.31305380e-01]
 [-2.52232075e-01 -1.30496848e-01]
 [-7.04597674e-02  1.65129890e-01]
 [-1.90614128e-02  2.55196015e-01]
 [-1.73156411e-01 -3.33599373e-01]
 [ 2.55451129e-02 -1.39832818e-02]
 [-1.49565027e-01  2.99317287e-01]
 [ 2.67707459e-01 -7.31995263e-02]
 [ 3.79113771e-01  8.85926485e-02]
 [-4.34616866e-02 -2.59731849e-01]
 [-1.83554506e-02 -6.66396491e-03]
 [-3.60143749e-01 -2.33451441e-01]
 [ 2.58318959e-01 -2.50306429e-01]
 [-1.31886788e-04  2.29466287e-01]
 [ 2.71662147e-02  2.03968254e-01]]
States:
[[0.99942387 0.99968801 0.5339603  0.48300283 0.5132837  0.59707075]
 [0.99954114 0.99966743 0.531338   0.48245129 0.47992674 0.58999659]
 [0.99980189 0.99968141 0.52387444 0.48282399 0.4516492  0.60922421]
 ...
 [0.99680814 0.45806108 0.45223048 0.99999791 0.15641186 0.88611296]
 [0.98880116 0.41681755 0.40259801 0.99838035 0.22975443 0.81477821]
 [0.9778345  0.37704384 0.3599081  0.99402462 0.23531754 0.87059782]]
Logstds:
[[-3. -3.]
 [-3. -3.]
 [-3. -3.]
 [-3. -3.]
 [-3. -3.]
 [-3. -3.]
 [-3. -3.]
 [-3. -3.]
 [-3. -3.]
 [-3. -3.]
 [-3. -3.]
 [-3. -3.]
 [-3. -3.]
 [-3. -3.]
 [-3. -3.]
 [-3. -3.]
 [-3. -3.]
 [-3. -3.]
 [-3. -3.]
 [-3. -3.]
 [-3. -3.]
 [-3. -3.]
 [-3. -3.]
 [-3. -3.]
 [-3. -3.]
 [-3. -3.]
 [-3. -3.]
 [-3. -3.]
 [-3. -3.]
 [-3. -3.]
 [-3. -3.]
 [-3. -3.]
 [-3. -3.]
 [-3. -3.]
 [-3. -3.]
 [-3. -3.]
 [-3. -3.]
 [-3. -3.]
 [-3. -3.]
 [-3. -3.]
 [-3. -3.]
 [-3. -3.]
 [-3. -3.]
 [-3. -3.]
 [-3. -3.]
 [-3. -3.]
 [-3. -3.]
 [-3. -3.]
 [-3. -3.]
 [-3. -3.]
 [-3. -3.]
 [-3. -3.]
 [-3. -3.]
 [-3. -3.]
 [-3. -3.]
 [-3. -3.]
 [-3. -3.]
 [-3. -3.]
 [-3. -3.]
 [-3. -3.]
 [-3. -3.]
 [-3. -3.]
 [-3. -3.]
 [-3. -3.]
 [-3. -3.]
 [-3. -3.]
 [-3. -3.]
 [-3. -3.]
 [-3. -3.]
 [-3. -3.]
 [-3. -3.]
 [-3. -3.]
 [-3. -3.]
 [-3. -3.]
 [-3. -3.]
 [-3. -3.]
 [-3. -3.]
 [-3. -3.]
 [-3. -3.]
 [-3. -3.]
 [-3. -3.]
 [-3. -3.]
 [-3. -3.]
 [-3. -3.]
 [-3. -3.]
 [-3. -3.]
 [-3. -3.]
 [-3. -3.]
 [-3. -3.]
 [-3. -3.]
 [-3. -3.]
 [-3. -3.]
 [-3. -3.]
 [-3. -3.]
 [-3. -3.]
 [-3. -3.]
 [-3. -3.]
 [-3. -3.]
 [-3. -3.]
 [-3. -3.]
 [-3. -3.]
 [-3. -3.]
 [-3. -3.]
 [-3. -3.]
 [-3. -3.]
 [-3. -3.]
 [-3. -3.]
 [-3. -3.]
 [-3. -3.]
 [-3. -3.]
 [-3. -3.]
 [-3. -3.]
 [-3. -3.]
 [-3. -3.]
 [-3. -3.]
 [-3. -3.]
 [-3. -3.]
 [-3. -3.]
 [-3. -3.]
 [-3. -3.]
 [-3. -3.]
 [-3. -3.]
 [-3. -3.]
 [-3. -3.]
 [-3. -3.]
 [-3. -3.]
 [-3. -3.]
 [-3. -3.]
 [-3. -3.]
 [-3. -3.]
 [-3. -3.]
 [-3. -3.]
 [-3. -3.]
 [-3. -3.]
 [-3. -3.]
 [-3. -3.]
 [-3. -3.]
 [-3. -3.]
 [-3. -3.]
 [-3. -3.]
 [-3. -3.]
 [-3. -3.]
 [-3. -3.]
 [-3. -3.]
 [-3. -3.]
 [-3. -3.]
 [-3. -3.]
 [-3. -3.]
 [-3. -3.]
 [-3. -3.]
 [-3. -3.]
 [-3. -3.]
 [-3. -3.]
 [-3. -3.]
 [-3. -3.]
 [-3. -3.]
 [-3. -3.]
 [-3. -3.]
 [-3. -3.]
 [-3. -3.]
 [-3. -3.]
 [-3. -3.]
 [-3. -3.]
 [-3. -3.]
 [-3. -3.]
 [-3. -3.]
 [-3. -3.]
 [-3. -3.]
 [-3. -3.]
 [-3. -3.]
 [-3. -3.]
 [-3. -3.]
 [-3. -3.]
 [-3. -3.]
 [-3. -3.]
 [-3. -3.]
 [-3. -3.]
 [-3. -3.]
 [-3. -3.]
 [-3. -3.]
 [-3. -3.]
 [-3. -3.]
 [-3. -3.]
 [-3. -3.]
 [-3. -3.]
 [-3. -3.]
 [-3. -3.]
 [-3. -3.]
 [-3. -3.]
 [-3. -3.]
 [-3. -3.]
 [-3. -3.]
 [-3. -3.]
 [-3. -3.]
 [-3. -3.]
 [-3. -3.]
 [-3. -3.]
 [-3. -3.]
 [-3. -3.]
 [-3. -3.]]
