Baseline:
[1.5635322 1.5686239 1.6053616 1.6071652 1.5993607 1.6007222 1.6142057
 1.624176  1.610802  1.600232  1.6115323 1.637945  1.644281  1.6773441
 1.6996878 1.6822882 1.6644267 1.6562268 1.6427203 1.6014991 1.5778044
 1.5511334 1.4933476 1.4510716 1.4707972 1.4369191 1.4272208 1.4043337
 1.3842633 1.3772329 1.3645238 1.3454181 1.3686743 1.3593777 1.3243912
 1.2954174 1.2849067 1.2892882 1.2924404 1.268204  1.288534  1.2847342
 1.2737615 1.2703646 1.2837218 1.2643255 1.2694085 1.2611486 1.2993559
 1.2991165 1.2591356 1.2625241 1.2647175 1.2772132 1.2685786 1.2177378
 1.2148587 1.2171422 1.2399777 1.2630508 1.250442  1.2662951 1.2393928
 1.2507076 1.2634727 1.272132  1.2760552 1.2865633 1.3148375 1.286331
 1.3263044 1.3569881 1.3863722 1.4336348 1.4628593 1.4773545 1.5047027
 1.5535926 1.5675706 1.5792732 1.6287847 1.6290429 1.6371742 1.6347426
 1.6460108 1.6393062 1.6306137 1.5979091 1.5465294 1.5109402 1.4785465
 1.4148374 1.3529338 1.317197  1.266379  1.2478193 1.2214317 1.1931142
 1.1983725 1.204254  1.2583727 1.3082802 1.3064017 1.3258514 1.3333145
 1.3385129 1.3100523 1.3225498 1.3171269 1.3248568 1.3143083 1.3006912
 1.294818  1.285829  1.2945532 1.3315926 1.3330997 1.3192191 1.2956402
 1.2678306 1.2817793 1.2826232 1.3019034 1.2954456 1.3103963 1.3221985
 1.2819763 1.2588075 1.2684748 1.2908016 1.3270522 1.328424  1.3427795
 1.3607897 1.367654  1.390836  1.3958694 1.424856  1.4445888 1.463502
 1.450289  1.4427228 1.4428079 1.459577  1.4696605 1.4721261 1.4757841
 1.4739665 1.5058603 1.4912763 1.5319397 1.5302218 1.5336858 1.5471795
 1.546323  1.5229975 1.5485288 1.557155  1.5649532 1.5760283 1.5999484
 1.5866774 1.6316984 1.6248866 1.5875181 1.5688559 1.5606915 1.539699
 1.5411106 1.577308  1.5500053 1.5454825 1.5394455 1.5319294 1.5192477
 1.4833257 1.4760666 1.4701482 1.4682245 1.4371449 1.4479477 1.4298614
 1.4209377 1.3991112 1.376052  1.3386458 1.347541  1.3551632 1.3729552
 1.3652328 1.3694085 1.3811996 1.3964741 1.3889028 1.3956544 1.4134525
 1.4305702 1.4252746 1.414831  1.4077781 1.4077781]
Returns:
[ 9.87627424  9.91325361  9.7455511   9.78195158  9.79711706  9.87510424
  9.9017674   9.95028712 10.01705654  9.99954207  9.96093826  9.83125817
  9.84864404  9.5805516   8.93596144  8.87871311  8.76541995  8.6733631
  8.41237866  8.11144866  8.07221759  7.9141524   7.53772436  7.50076217
  7.18461784  7.12228724  7.08562961  7.14211648  7.13689888  7.15600278
  7.24486046  7.32966146  6.84552378  6.92569024  6.88446146  6.79731375
  6.80380997  6.88420336  6.98058635  7.03089306  7.0601646   7.05992061
  7.18459958  7.31652404  7.40218032  7.52102897  7.49576139  7.59488102
  7.46025182  7.60058197  7.55148464  7.66210085  7.8165592   7.93772962
  8.08002819  7.87406433  8.017299    8.17499236  8.03171174  8.11131846
  8.19796706  8.27712147  8.21722418  8.36383073  8.47065253  8.45809809
  8.53823123  8.45587037  8.52700828  8.18348531  8.15019706  7.92371333
  7.68986828  7.58175631  7.54170056  7.46649154  7.3258946   6.90991942
  6.70266921  6.43602981  6.229509    6.04930402  5.96332482  5.72361674
  5.5912316   5.53200065  5.47041678  5.38434546  5.26935263  5.06709232
  4.93482485  4.86492329  4.84093101  4.86483619  4.85744122  4.81596856
  4.91859629  4.95714044  5.02960098  5.14409467  5.24069205  5.34717181
  5.45658553  5.48335462  5.59598282  5.71925919  5.76777234  5.86220756
  6.01395817  6.00204554  6.18255989  6.35732711  6.56575731  6.60807246
  6.78643164  6.7002389   6.92478043  7.12350915  7.23403665  7.38108792
  7.55763244  7.79589     7.76947564  8.00097986  8.07720663  8.34401879
  7.92178791  8.04642733  8.22936362  8.33306576  8.23920502  8.47205503
  8.67620118  8.87523107  9.08521023  8.99574056  8.94939752  9.03085735
  9.15658872  9.16362636  9.26643     9.34076746  9.5023998   9.58014796
  9.76081024  9.73784156  9.91243508  9.99831987 10.03554316 10.06951441
  9.72764606  9.66615829  9.72301662  9.43920788  9.47343528  9.29833518
  9.18974442  9.14897662  9.14787512  9.13065332  8.98692351  8.96083724
  8.49903596  8.42040056  8.20709712  8.10748847  8.04581318  7.97033125
  7.87542739  7.51356667  7.41499819  7.22426886  7.06453318  6.99909136
  6.70869711  6.53575728  6.44938962  6.34639927  6.27315718  6.05728457
  5.91739984  5.77077661  5.5726814   5.41231401  5.23074678  4.8465384
  4.68035144  4.49290288  4.28841566  4.06550953  3.52114436  3.28893432
  3.02585028  2.72276792  2.43285941  2.10212211  1.76844915  1.35849905
  0.96889289  0.56862563]
Advants:
[5.55378122 5.60872224 5.42297628 5.47892974 5.52578625 5.63070309
 5.67499141 5.7484919  5.86904255 5.90573251 5.90163653 5.79042642
 5.85052446 5.59328114 4.95337339 4.94162087 4.87372702 4.81716039
 4.59164342 4.34773442 4.34886299 4.23148993 3.91820822 3.92950361
 3.58973704 3.55617596 3.52283904 3.59774694 3.60821264 3.63039433
 3.73081324 3.83668776 3.31573681 3.39325463 3.37385652 3.29960703
 3.29969489 3.35969733 3.43843819 3.49956251 3.49421859 3.48238213
 3.60552572 3.73145864 3.79580551 3.92969646 3.89368239 3.99823692
 3.81698924 3.95277868 3.9381929  4.04280168 4.19693393 4.31099595
 4.47244356 4.32393293 4.4817414  4.65464874 4.50238294 4.57569529
 4.69623051 4.78458014 4.77774666 4.94561281 5.07792792 5.09757548
 5.22048468 5.17542099 5.27148794 5.00446404 4.98101768 4.76995562
 4.5486182  4.43389865 4.40659392 4.35966677 4.2329486  3.79844515
 3.60332288 3.34470221 3.10215271 2.93073936 2.84353905 2.60642314
 2.45850111 2.39971793 2.33840089 2.27424021 2.19694618 2.01027396
 1.88560626 1.85231634 1.86199446 1.8928427  1.90636202 1.8502892
 1.94731017 1.9815198  2.01536684 2.0911416  2.09929941 2.12037671
 2.19659229 2.16607336 2.23342923 2.31412906 2.3529212  2.39595881
 2.51577955 2.45499462 2.60731938 2.75949198 2.94112687 2.95856647
 3.0966984  2.93546828 3.12416574 3.30608856 3.41104193 3.55967446
 3.69883627 3.91816233 3.85142612 4.07391363 4.12029212 4.36702222
 3.96421386 4.09402179 4.2531159  4.32162563 4.17352865 4.39264833
 4.57489742 4.75333169 4.95992263 4.84755911 4.79490643 4.84761756
 4.95715271 4.94874744 5.07211833 5.16453586 5.34248893 5.4231574
 5.62037824 5.62306918 5.82981253 5.95908546 6.00969164 6.10888235
 5.76946847 5.75464125 5.85845814 5.60667845 5.69224833 5.59056625
 5.50665596 5.51022338 5.55852153 5.59141984 5.48499304 5.53822007
 5.08739118 5.07410937 4.95626217 4.93584821 4.9463714  4.9596857
 4.93397109 4.60021707 4.59652931 4.47789852 4.39277854 4.40748221
 4.19999715 4.13495133 4.13149926 4.11352665 4.12584006 4.02608799
 3.9630253  3.92560237 3.82945612 3.78758019 3.72906922 3.48005692
 3.40568021 3.31386058 3.19675349 3.08904592 2.64017184 2.49678128
 2.31899511 2.12348432 1.92616812 1.67466003 1.41831299 1.10363258
 0.81038192 0.49823678]
Mus:
[[-1.77256428e-02 -6.10011490e-03]
 [-1.85585264e-02 -6.75779860e-03]
 [-1.80419218e-02 -6.35287026e-03]
 [-1.73519105e-02 -5.85673517e-03]
 [-1.68225057e-02 -5.39425435e-03]
 [-1.68334302e-02 -5.38479909e-03]
 [-1.70741882e-02 -5.60982432e-03]
 [-1.71428267e-02 -5.73999295e-03]
 [-1.68212447e-02 -5.56270266e-03]
 [-1.81367677e-02 -6.59543555e-03]
 [-1.69694237e-02 -5.83229540e-03]
 [-1.80738159e-02 -6.59605116e-03]
 [-1.85406003e-02 -7.01800967e-03]
 [-1.75082069e-02 -6.18382404e-03]
 [-1.77597571e-02 -6.15055813e-03]
 [-1.86967589e-02 -6.66201068e-03]
 [-1.92068573e-02 -6.93200855e-03]
 [-1.90409850e-02 -6.59294520e-03]
 [-1.97075717e-02 -6.60625845e-03]
 [-2.11474039e-02 -7.66366394e-03]
 [-2.19702963e-02 -7.85385538e-03]
 [-2.40977649e-02 -8.55035055e-03]
 [-2.58444287e-02 -9.26004630e-03]
 [-2.67775469e-02 -9.72316694e-03]
 [-2.69498844e-02 -9.45680775e-03]
 [-3.02894227e-02 -1.12124309e-02]
 [-2.99397111e-02 -1.07143866e-02]
 [-2.99232695e-02 -1.04422430e-02]
 [-3.35938893e-02 -1.24717010e-02]
 [-3.27209868e-02 -1.18388180e-02]
 [-3.23354378e-02 -1.14609441e-02]
 [-3.12032439e-02 -1.07957777e-02]
 [-2.67173126e-02 -8.27731751e-03]
 [-2.92663071e-02 -9.43734031e-03]
 [-3.16996910e-02 -1.07011367e-02]
 [-2.79238429e-02 -8.85885302e-03]
 [-3.05067692e-02 -1.02394000e-02]
 [-3.02250963e-02 -1.00834901e-02]
 [-2.99655125e-02 -9.94090457e-03]
 [-3.02305836e-02 -1.02667846e-02]
 [-3.21924128e-02 -1.12459548e-02]
 [-2.98974365e-02 -1.00321062e-02]
 [-2.96018403e-02 -9.95045621e-03]
 [-2.93159671e-02 -9.86402482e-03]
 [-2.96284277e-02 -9.97733604e-03]
 [-2.87539680e-02 -9.66848806e-03]
 [-2.64678542e-02 -8.43907706e-03]
 [-2.72058956e-02 -8.98660161e-03]
 [-2.88831331e-02 -9.65651404e-03]
 [-2.93933544e-02 -9.86445788e-03]
 [-2.72331107e-02 -8.95007513e-03]
 [-2.64573637e-02 -8.55388679e-03]
 [-2.67461687e-02 -8.75575095e-03]
 [-2.82842945e-02 -9.46577359e-03]
 [-2.66065504e-02 -8.69787578e-03]
 [-2.08694227e-02 -6.40618661e-03]
 [-1.86276063e-02 -5.49296848e-03]
 [-1.76878069e-02 -5.29855071e-03]
 [-1.73074640e-02 -4.88848565e-03]
 [-1.83940474e-02 -5.34490449e-03]
 [-1.70380268e-02 -4.96432511e-03]
 [-1.73224341e-02 -5.02410624e-03]
 [-1.26125468e-02 -2.79666530e-03]
 [-1.20837167e-02 -2.60295207e-03]
 [-1.13469427e-02 -2.11404986e-03]
 [-1.05495742e-02 -1.23502593e-03]
 [-9.98077914e-03 -1.18822581e-03]
 [-9.57458373e-03 -3.33433913e-04]
 [-1.04087899e-02 -5.22863003e-04]
 [-8.15232936e-03  1.20991073e-03]
 [-9.33702942e-03  3.00513551e-04]
 [-1.05316583e-02  3.76745069e-04]
 [-1.09757558e-02  7.28051004e-04]
 [-1.23264156e-02  9.16421322e-06]
 [-1.34149510e-02 -3.93434369e-04]
 [-1.36572234e-02 -3.31744464e-04]
 [-1.40236318e-02 -2.59981462e-04]
 [-1.46782482e-02 -1.04493454e-04]
 [-1.48843490e-02  7.25127684e-05]
 [-1.59562510e-02  3.11154849e-06]
 [-1.61000490e-02 -8.69706200e-05]
 [-1.50935240e-02 -4.31435146e-05]
 [-1.45398350e-02 -2.96908402e-04]
 [-1.51903071e-02 -6.33260119e-04]
 [-1.56672802e-02 -1.03211496e-03]
 [-1.62389111e-02 -1.64955889e-03]
 [-1.72978565e-02 -2.28639669e-03]
 [-1.82430297e-02 -2.89848237e-03]
 [-1.99397039e-02 -4.09532245e-03]
 [-2.11585108e-02 -4.93849814e-03]
 [-2.20795721e-02 -4.94015962e-03]
 [-2.09112354e-02 -4.83016856e-03]
 [-1.84424482e-02 -4.25794628e-03]
 [-1.78618748e-02 -3.76125891e-03]
 [-1.50603577e-02 -2.91505293e-03]
 [-1.45754395e-02 -2.09036330e-03]
 [-1.22993924e-02 -1.03455456e-03]
 [-1.00409258e-02 -1.06499057e-04]
 [-8.52943584e-03  9.29454865e-04]
 [-6.10585697e-03  2.08192598e-03]
 [-7.38051534e-03  1.21716433e-03]
 [-1.07937055e-02 -1.01652229e-03]
 [-1.24667436e-02 -2.00177170e-03]
 [-1.27487518e-02 -2.02157884e-03]
 [-1.26066720e-02 -1.89304911e-03]
 [-1.34282717e-02 -2.35864264e-03]
 [-1.61653366e-02 -3.85964708e-03]
 [-1.86196864e-02 -5.03837876e-03]
 [-1.85626000e-02 -4.85372823e-03]
 [-1.61451846e-02 -3.45182163e-03]
 [-1.71613563e-02 -3.99989169e-03]
 [-1.82723869e-02 -4.57041711e-03]
 [-1.88055336e-02 -4.83767921e-03]
 [-1.59912519e-02 -3.30723566e-03]
 [-1.64432582e-02 -3.50715918e-03]
 [-1.47867538e-02 -2.52900436e-03]
 [-1.48241278e-02 -2.65508634e-03]
 [-1.39405197e-02 -2.25881138e-03]
 [-1.64977051e-02 -3.83337191e-03]
 [-1.81041583e-02 -4.85479319e-03]
 [-1.92009211e-02 -5.19033941e-03]
 [-1.91920605e-02 -5.05656470e-03]
 [-2.56763976e-02 -8.21421389e-03]
 [-2.94831283e-02 -1.00919865e-02]
 [-3.50935571e-02 -1.28298681e-02]
 [-3.75592411e-02 -1.39343999e-02]
 [-3.46578211e-02 -1.23714013e-02]
 [-3.77107635e-02 -1.42236203e-02]
 [-4.04926799e-02 -1.51853738e-02]
 [-4.34968285e-02 -1.63695179e-02]
 [-4.74462882e-02 -1.85214560e-02]
 [-4.78531942e-02 -1.89623069e-02]
 [-4.84258607e-02 -1.92882530e-02]
 [-4.92311232e-02 -1.98269319e-02]
 [-4.94090505e-02 -2.04676203e-02]
 [-4.66785766e-02 -1.89052671e-02]
 [-4.32787351e-02 -1.71089824e-02]
 [-4.26302291e-02 -1.68608017e-02]
 [-4.07642834e-02 -1.60518214e-02]
 [-3.77572142e-02 -1.45401219e-02]
 [-3.76900695e-02 -1.48935458e-02]
 [-3.53731923e-02 -1.38430418e-02]
 [-3.42177786e-02 -1.33392606e-02]
 [-3.54101099e-02 -1.41755091e-02]
 [-3.51537615e-02 -1.43586844e-02]
 [-3.65246162e-02 -1.56281758e-02]
 [-3.52891088e-02 -1.53838573e-02]
 [-3.38251889e-02 -1.53904911e-02]
 [-3.27955857e-02 -1.53408190e-02]
 [-2.87203956e-02 -1.45212766e-02]
 [-2.61618700e-02 -1.33343628e-02]
 [-2.21222471e-02 -1.17870010e-02]
 [-1.85819045e-02 -1.04511147e-02]
 [-1.46975825e-02 -8.08631163e-03]
 [-1.24216164e-02 -7.43540423e-03]
 [-8.10055342e-03 -5.19977510e-03]
 [-8.11393280e-03 -5.14045032e-03]
 [-6.85105426e-03 -4.33981558e-03]
 [-5.96806314e-03 -3.94903822e-03]
 [-5.47642400e-03 -3.86307761e-03]
 [-5.04191546e-03 -3.42854531e-03]
 [-4.27222298e-03 -3.26649449e-03]
 [-6.34269323e-03 -4.49193781e-03]
 [-4.50945739e-03 -3.39767942e-03]
 [-2.66922172e-03 -2.25687772e-03]
 [-3.03077581e-03 -2.81018834e-03]
 [-2.13279971e-03 -2.23741052e-03]
 [-1.71143573e-03 -2.34583742e-03]
 [-1.16033130e-03 -1.81415770e-03]
 [-2.36712978e-03 -2.46303156e-03]
 [-1.84119260e-03 -1.85060955e-03]
 [-1.30855560e-03 -9.68694338e-04]
 [-9.57990123e-04 -2.37686909e-04]
 [-1.64176128e-03 -3.34103359e-04]
 [-5.48234303e-03 -2.70740595e-03]
 [-4.01501125e-03 -1.80884032e-03]
 [-5.39299008e-03 -2.60671158e-03]
 [-4.70812479e-03 -2.07900605e-03]
 [-6.00153860e-03 -2.73389556e-03]
 [-3.92489322e-03 -1.41715596e-03]
 [-4.13504895e-03 -1.28341164e-03]
 [-5.58888074e-03 -2.23111431e-03]
 [-3.98294721e-03 -1.08739571e-03]
 [-2.63123121e-03 -4.77687077e-04]
 [-9.95963928e-04 -5.07514305e-05]
 [ 2.25126091e-03  1.42075820e-03]
 [ 2.96237972e-03  1.23571360e-03]
 [ 3.64550157e-03  9.20072955e-04]
 [ 4.62595094e-03  9.49531037e-04]
 [ 6.19079778e-03  1.88190595e-03]
 [ 6.42376626e-03  3.13370209e-03]
 [ 6.94759237e-03  3.17012426e-03]
 [ 7.48350471e-03  3.10851261e-03]
 [ 8.20019748e-03  3.02608474e-03]
 [ 8.88537243e-03  3.33056157e-03]
 [ 9.14836768e-03  3.42124421e-03]
 [ 9.27301496e-03  3.23469820e-03]
 [ 9.71076358e-03  3.90164671e-03]
 [ 1.04853986e-02  4.08836873e-03]
 [ 1.11389318e-02  4.28925967e-03]]
Actions:
[[-0.12710142  0.20787067]
 [ 0.32028852  0.25469008]
 [ 0.04426602 -0.08089828]
 [ 0.00202187 -0.18244443]
 [-0.02538042  0.01839433]
 [-0.00454046  0.20062694]
 [-0.02937468  0.15774364]
 [-0.13938709 -0.131643  ]
 [-0.35898485  0.17550165]
 [ 0.20752243 -0.04436667]
 [ 0.00925645  0.43257779]
 [-0.11465225  0.19935994]
 [ 0.43344724  0.20408612]
 [ 0.16093247  0.7777778 ]
 [-0.26764303  0.04699859]
 [-0.12944866  0.34629994]
 [ 0.17819021  0.13840972]
 [ 0.1472062  -0.44985294]
 [-0.38634207  0.45618584]
 [ 0.14121386  0.03695325]
 [ 0.05401729 -0.41957945]
 [-0.34317618 -0.58820085]
 [-0.28622682 -0.20326176]
 [ 0.48707281  0.2292838 ]
 [-0.41142322 -0.00744033]
 [ 0.26393076 -0.02592561]
 [ 0.0647807  -0.13700158]
 [-0.34708264  0.15127664]
 [ 0.22365086 -0.06428269]
 [ 0.07332149 -0.14260669]
 [ 0.0278288  -0.19878761]
 [ 0.69133424 -0.04612219]
 [-0.21140118  0.04268916]
 [-0.44240914 -0.14770868]
 [ 0.1029978  -0.42269753]
 [-0.35944638  0.10226343]
 [ 0.12296494  0.00452853]
 [ 0.09031534  0.00918523]
 [-0.31883279 -0.10259896]
 [ 0.06749121  0.24597238]
 [ 0.25145728 -0.16996576]
 [-0.08791964 -0.08263575]
 [-0.02078919 -0.02875612]
 [ 0.13609943  0.11113685]
 [-0.15915347 -0.16583016]
 [ 0.32300604 -0.12720142]
 [-0.29330607  0.0229969 ]
 [ 0.2940513   0.36593609]
 [-0.00878158  0.01910414]
 [-0.24665039 -0.40909513]
 [ 0.10524788 -0.02979564]
 [-0.06460782  0.04204464]
 [ 0.02726479  0.17951576]
 [ 0.01997667 -0.15806683]
 [-0.35675442 -0.5522239 ]
 [ 0.01108025 -0.09779251]
 [-0.15465775  0.02213175]
 [ 0.47365658  0.05406571]
 [ 0.1145674   0.18738515]
 [-0.29213291 -0.09406817]
 [ 0.17970973  0.09471706]
 [ 0.06496576 -0.44433786]
 [-0.02071469  0.00526654]
 [ 0.13346676 -0.05798591]
 [ 0.26864737 -0.2029359 ]
 [-0.2919104  -0.02635973]
 [ 0.30589708 -0.24025865]
 [ 0.11056536  0.06271798]
 [-0.11715988 -0.63565235]
 [-0.13190651  0.27944393]
 [ 0.41330733 -0.09437129]
 [ 0.3744301  -0.12168178]
 [ 0.04095543  0.26510013]
 [-0.07854317  0.00736224]
 [-0.04575167 -0.16033512]
 [ 0.12760346 -0.1134195 ]
 [ 0.48162791 -0.092541  ]
 [ 0.02018257 -0.27155283]
 [ 0.07105059 -0.35019828]
 [ 0.19198677  0.12483837]
 [-0.32493485 -0.12323555]
 [-0.1777744   0.00946249]
 [ 0.02366568 -0.33589227]
 [ 0.15011348  0.08369887]
 [-0.05665219  0.03015248]
 [ 0.05946426 -0.05029839]
 [-0.12145945 -0.24230351]
 [-0.36411314 -0.168504  ]
 [-0.23510985  0.4614609 ]
 [ 0.20244519 -0.26456565]
 [-0.37356243 -0.15473589]
 [-0.35491768 -0.01949154]
 [ 0.11437424 -0.11323242]
 [-0.33411499 -0.15059417]
 [ 0.293345    0.03829243]
 [-0.0122257  -0.04851831]
 [-0.14748429 -0.27914125]
 [ 0.16636427 -0.0313946 ]
 [-0.04874649  0.03277182]
 [-0.04428539  0.11501203]
 [-0.06366166 -0.16293182]
 [-0.14192599  0.12678712]
 [ 0.20773694  0.16827339]
 [ 0.13447966  0.05426846]
 [ 0.02816408  0.13703829]
 [-0.39357518 -0.05416339]
 [ 0.04286012  0.23925383]
 [ 0.09053002 -0.1183522 ]
 [ 0.34785441 -0.1479641 ]
 [-0.12319656 -0.0160363 ]
 [-0.15489636 -0.07122678]
 [-0.05747493 -0.05849119]
 [ 0.16160745 -0.34903261]
 [ 0.05363018  0.09693538]
 [ 0.43278446  0.1825186 ]
 [-0.04690327  0.03842671]
 [-0.08333139 -0.19521297]
 [-0.44458706  0.04155851]
 [-0.380451   -0.10038845]
 [ 0.14561769  0.10643111]
 [ 0.0715478  -0.06665821]
 [-0.21346004  0.51269634]
 [-0.21236896  0.11647554]
 [-0.12191951  0.43925811]
 [-0.01454557  0.09023216]
 [-0.07412247 -0.82977313]
 [-0.44745667  0.02433251]
 [ 0.15188199  0.00084255]
 [ 0.18342409  0.19986054]
 [-0.05182793  0.56845545]
 [-0.10443886 -0.0306335 ]
 [ 0.05775839  0.05889281]
 [ 0.02153526  0.17029005]
 [-0.20548355  0.13084116]
 [ 0.42670579 -0.14739064]
 [ 0.26127186 -0.34314197]
 [ 0.18241284  0.17779489]
 [ 0.14157985 -0.00294357]
 [ 0.26775901 -0.16613039]
 [-0.39617051 -0.05275668]
 [ 0.01053389 -0.29409931]
 [ 0.02339982 -0.10102732]
 [-0.11809735  0.33923087]
 [-0.11203271  0.13498057]
 [-0.43227761  0.29365713]
 [-0.13734676  0.02415116]
 [-0.36336631  0.1477748 ]
 [ 0.06204525  0.31824057]
 [-0.46041854 -0.03868877]
 [ 0.36565276  0.47590814]
 [-0.02092463 -0.40562857]
 [ 0.00498955 -0.05901458]
 [ 0.43158966 -0.24812676]
 [-0.09469669 -0.01314433]
 [ 0.00819443 -0.44366317]
 [ 0.22031971  0.19640986]
 [ 0.15760186 -0.03243531]
 [ 0.06484898  0.04984326]
 [ 0.0388824   0.13628753]
 [ 0.25991349  0.17219244]
 [-0.1638096  -0.08520854]
 [ 0.18972197  0.61252389]
 [ 0.08329157 -0.11366144]
 [-0.12963769 -0.40603116]
 [-0.27723545  0.00792987]
 [ 0.05452804 -0.06559754]
 [-0.22134514 -0.04403805]
 [ 0.17629796 -0.0112523 ]
 [ 0.26470409  0.45270994]
 [ 0.00239558 -0.21608423]
 [ 0.29561031 -0.11265756]
 [ 0.24423968 -0.13930825]
 [ 0.05296761 -0.03762715]
 [-0.4388585   0.26924593]
 [-0.03956907 -0.33580927]
 [-0.12766357  0.10337267]
 [ 0.1406769  -0.07440745]
 [-0.04465394  0.10527968]
 [ 0.04559756 -0.38190944]
 [ 0.18103669  0.04684696]
 [-0.29881414  0.01627786]
 [ 0.15731663 -0.24066891]
 [-0.17142362 -0.20616186]
 [-0.29760157 -0.14288134]
 [-0.2848802  -0.45147366]
 [-0.13582302  0.11204768]
 [-0.17584598  0.14795262]
 [ 0.03661875  0.17378531]
 [ 0.05042285 -0.18657147]
 [ 0.44076637 -0.31152234]
 [-0.01466081  0.05902724]
 [-0.01042264  0.1100766 ]
 [-0.24222522 -0.00764184]
 [ 0.03155683 -0.02051927]
 [ 0.09366833  0.06921246]
 [ 0.0077998   0.12765486]
 [ 0.13202194 -0.19018405]
 [-0.14453008 -0.09263191]
 [-0.1068539  -0.08480929]
 [ 0.33483237  0.09227705]]
States:
[[0.99866989 0.99958764 0.54661635 0.48045973 0.5133587  0.59725482]
 [0.99884681 0.99974388 0.54406769 0.48459935 0.48074028 0.65174068]
 [0.9987503  0.99999485 0.54548056 0.4978164  0.56349729 0.71737164]
 ...
 [0.62139526 0.65455398 0.01574927 0.96648107 0.44581009 0.45211843]
 [0.60852696 0.67803647 0.01261033 0.9574937  0.41007759 0.43072393]
 [0.59093492 0.70397405 0.00890074 0.94612575 0.38471804 0.4118002 ]]
Logstds:
[[-3. -3.]
 [-3. -3.]
 [-3. -3.]
 [-3. -3.]
 [-3. -3.]
 [-3. -3.]
 [-3. -3.]
 [-3. -3.]
 [-3. -3.]
 [-3. -3.]
 [-3. -3.]
 [-3. -3.]
 [-3. -3.]
 [-3. -3.]
 [-3. -3.]
 [-3. -3.]
 [-3. -3.]
 [-3. -3.]
 [-3. -3.]
 [-3. -3.]
 [-3. -3.]
 [-3. -3.]
 [-3. -3.]
 [-3. -3.]
 [-3. -3.]
 [-3. -3.]
 [-3. -3.]
 [-3. -3.]
 [-3. -3.]
 [-3. -3.]
 [-3. -3.]
 [-3. -3.]
 [-3. -3.]
 [-3. -3.]
 [-3. -3.]
 [-3. -3.]
 [-3. -3.]
 [-3. -3.]
 [-3. -3.]
 [-3. -3.]
 [-3. -3.]
 [-3. -3.]
 [-3. -3.]
 [-3. -3.]
 [-3. -3.]
 [-3. -3.]
 [-3. -3.]
 [-3. -3.]
 [-3. -3.]
 [-3. -3.]
 [-3. -3.]
 [-3. -3.]
 [-3. -3.]
 [-3. -3.]
 [-3. -3.]
 [-3. -3.]
 [-3. -3.]
 [-3. -3.]
 [-3. -3.]
 [-3. -3.]
 [-3. -3.]
 [-3. -3.]
 [-3. -3.]
 [-3. -3.]
 [-3. -3.]
 [-3. -3.]
 [-3. -3.]
 [-3. -3.]
 [-3. -3.]
 [-3. -3.]
 [-3. -3.]
 [-3. -3.]
 [-3. -3.]
 [-3. -3.]
 [-3. -3.]
 [-3. -3.]
 [-3. -3.]
 [-3. -3.]
 [-3. -3.]
 [-3. -3.]
 [-3. -3.]
 [-3. -3.]
 [-3. -3.]
 [-3. -3.]
 [-3. -3.]
 [-3. -3.]
 [-3. -3.]
 [-3. -3.]
 [-3. -3.]
 [-3. -3.]
 [-3. -3.]
 [-3. -3.]
 [-3. -3.]
 [-3. -3.]
 [-3. -3.]
 [-3. -3.]
 [-3. -3.]
 [-3. -3.]
 [-3. -3.]
 [-3. -3.]
 [-3. -3.]
 [-3. -3.]
 [-3. -3.]
 [-3. -3.]
 [-3. -3.]
 [-3. -3.]
 [-3. -3.]
 [-3. -3.]
 [-3. -3.]
 [-3. -3.]
 [-3. -3.]
 [-3. -3.]
 [-3. -3.]
 [-3. -3.]
 [-3. -3.]
 [-3. -3.]
 [-3. -3.]
 [-3. -3.]
 [-3. -3.]
 [-3. -3.]
 [-3. -3.]
 [-3. -3.]
 [-3. -3.]
 [-3. -3.]
 [-3. -3.]
 [-3. -3.]
 [-3. -3.]
 [-3. -3.]
 [-3. -3.]
 [-3. -3.]
 [-3. -3.]
 [-3. -3.]
 [-3. -3.]
 [-3. -3.]
 [-3. -3.]
 [-3. -3.]
 [-3. -3.]
 [-3. -3.]
 [-3. -3.]
 [-3. -3.]
 [-3. -3.]
 [-3. -3.]
 [-3. -3.]
 [-3. -3.]
 [-3. -3.]
 [-3. -3.]
 [-3. -3.]
 [-3. -3.]
 [-3. -3.]
 [-3. -3.]
 [-3. -3.]
 [-3. -3.]
 [-3. -3.]
 [-3. -3.]
 [-3. -3.]
 [-3. -3.]
 [-3. -3.]
 [-3. -3.]
 [-3. -3.]
 [-3. -3.]
 [-3. -3.]
 [-3. -3.]
 [-3. -3.]
 [-3. -3.]
 [-3. -3.]
 [-3. -3.]
 [-3. -3.]
 [-3. -3.]
 [-3. -3.]
 [-3. -3.]
 [-3. -3.]
 [-3. -3.]
 [-3. -3.]
 [-3. -3.]
 [-3. -3.]
 [-3. -3.]
 [-3. -3.]
 [-3. -3.]
 [-3. -3.]
 [-3. -3.]
 [-3. -3.]
 [-3. -3.]
 [-3. -3.]
 [-3. -3.]
 [-3. -3.]
 [-3. -3.]
 [-3. -3.]
 [-3. -3.]
 [-3. -3.]
 [-3. -3.]
 [-3. -3.]
 [-3. -3.]
 [-3. -3.]
 [-3. -3.]
 [-3. -3.]
 [-3. -3.]
 [-3. -3.]
 [-3. -3.]
 [-3. -3.]
 [-3. -3.]]
