Baseline:
[0.52008814 0.5289434  0.52927816 0.54759735 0.5570105  0.5424655
 0.51729894 0.5095969  0.49414435 0.47847444 0.46976238 0.45681027
 0.45165363 0.44324467 0.43686077 0.4396452  0.41819865 0.4238287
 0.44051388 0.45984513 0.4395541  0.42255667 0.39123744 0.3570456
 0.34196684 0.30962613 0.2704817  0.24014726 0.20916758 0.17662622
 0.15564887 0.1536825  0.13792238 0.13508259 0.13111311 0.13295203
 0.13663515 0.14305115 0.15360497 0.17924431 0.2126046  0.20632398
 0.21046156 0.21864915 0.21685982 0.19068182 0.19310442 0.20100103
 0.20145366 0.19653678 0.18917057 0.18674396 0.16575451 0.15432632
 0.15798736 0.1523292  0.15218195 0.16513087 0.1618934  0.16365965
 0.16408223 0.15731758 0.15422177 0.1649855  0.16698724 0.15719718
 0.17652102 0.18798247 0.2002478  0.20775235 0.21601722 0.19292468
 0.21086106 0.21840349 0.23475882 0.24070457 0.2334582  0.24092034
 0.2388322  0.24983999 0.28685814 0.27233818 0.3014078  0.32117465
 0.3417455  0.3398398  0.34735993 0.36574656 0.3768354  0.38388392
 0.38649002 0.3985505  0.39458475 0.38691434 0.3943644  0.3981734
 0.40708998 0.41178367 0.40925637 0.41508707 0.4153925  0.42057058
 0.4203895  0.40945926 0.4233233  0.43731365 0.4279096  0.4244017
 0.39653814 0.39153305 0.3805526  0.37598568 0.3712571  0.3604103
 0.34721345 0.33364338 0.31605518 0.29789722 0.28069237 0.2524
 0.2361778  0.21101414 0.19285583 0.17789169 0.1512131  0.12194301
 0.11684693 0.09887472 0.09048706 0.08574882 0.08573087 0.08171661
 0.09559548 0.17083418 0.19917877 0.20758882 0.22053407 0.23080446
 0.25207826 0.25480586 0.26104784 0.28180796 0.29213253 0.28271583
 0.26726177 0.272984   0.25859198 0.27808017 0.29340485 0.28458157
 0.28490135 0.3088636  0.2762202  0.26978037 0.25733578 0.25532842
 0.21838792 0.21969669 0.21948016 0.21455552 0.23168913 0.21252193
 0.2039142  0.21973841 0.19564554 0.18226846 0.18362194 0.1850322
 0.18350418 0.18737085 0.17479633 0.17982563 0.18166366 0.17493643
 0.17754845 0.1619996  0.16309613 0.15927029 0.13743359 0.15300822
 0.16659127 0.16217187 0.16607545 0.1707963  0.18114644 0.15963301
 0.1606358  0.15978198 0.16053575 0.17181906 0.17370792 0.15506169
 0.13510978 0.1492498  0.14162086 0.15499224 0.16171649 0.17630322
 0.203244   0.21068238 0.21068238]
Returns:
[ 2.73398609  2.7523352   2.82076266  2.74337144  2.63966568  2.43312216
  2.34666861  2.11516482  2.03357381  1.73969225  1.72506644  1.65968712
  1.6565052   1.6280174   1.63490895  1.5401035   1.41763938  1.3880342
  1.19044734  0.79132408  0.67317007  0.71191874  0.68280718  0.63525958
  0.59918126  0.40212339  0.40840696  0.46856007  0.41691017  0.52176306
  0.48714334  0.28601716  0.37895778  0.44206196  0.38102275  0.46321166
  0.50617193  0.58789039  0.60629765  0.60303192  0.0149263   0.09211834
 -0.00530172  0.03880701  0.11668504  0.01833515  0.01722507  0.05091928
 -0.05531475  0.01267976  0.05375687 -0.1423543  -0.35961659 -0.44759381
 -0.70022358 -0.7462567  -0.76548735 -0.69589744 -0.68818705 -0.60365205
 -0.51941639 -0.44812804 -0.35731999 -0.3031019  -0.45253791 -0.49007659
 -0.5731575  -0.48420061 -0.55344269 -0.73630217 -0.66070886 -0.72107621
 -0.64980679 -0.56027505 -0.44546219 -0.31752269 -0.42135362 -0.44408746
 -0.33908382 -0.21648855 -0.26949269 -0.29936775 -0.32981034 -0.22317387
 -0.11507305 -0.32406038 -0.22093497 -0.09400316  0.03558954  0.0983907
  0.21579968  0.26536856  0.36675652  0.46122421  0.5540693   0.54990481
  0.40271677  0.34624063  0.43368803  0.51166872  0.58110335  0.66640693
  0.75323977  0.79292711  0.75420609  0.8077953   0.80932509  0.78343908
  0.27439184  0.28082353  0.27202142  0.27164541  0.30025493  0.18594641
  0.01640609 -0.1401376  -0.10981414 -0.11811755 -0.50104064 -0.57761277
 -0.85148399 -0.80598535 -0.7667888  -0.77174845 -0.83236919 -0.85754683
 -0.87886729 -0.87158381 -0.87548368 -0.94621971 -0.88012246 -0.98465986
 -0.90378317 -0.90614612 -0.86484616 -0.80015099 -0.82848637 -0.7676265
 -0.71996463 -0.81681761 -0.72086977 -0.93574397 -0.86285797 -0.83272313
 -0.76828146 -0.91483355 -0.86389811 -0.86741683 -0.86272456 -0.77707638
 -0.71328892 -0.74619766 -0.77465516 -0.80783305 -0.78589494 -0.77108563
 -0.97148959 -0.89593251 -0.86884827 -0.89271026 -0.87876922 -0.90819947
 -0.84178464 -0.83946563 -0.83587641 -0.77264698 -0.86884312 -0.80101219
 -0.74641256 -0.69155723 -0.65751345 -0.63778129 -0.56834387 -0.49220831
 -0.4478518  -0.72422871 -0.77967893 -0.74426926 -0.96121061 -1.05756396
 -1.03900709 -0.96921396 -0.89107268 -0.816698   -0.73873312 -0.81130536
 -0.71248502 -0.62795853 -0.51784389 -0.55322232 -0.43914935 -0.46396296
 -0.56547095 -0.5013995  -0.4533402  -0.3440967  -0.20560733 -0.23567593
 -0.1943811  -0.12299341]
Advants:
[ 1.73120314  1.76834226  1.86854126  1.80471204  1.72269168  1.55850275
  1.52549899  1.3254681   1.28307996  1.02203733  1.03457234  1.00054399
  1.02254598  1.02357949  1.06017639  0.98487634  0.90492319  0.89145708
  0.6941816   0.28122967  0.18631137  0.24697707  0.25459173  0.24669049
  0.2309606   0.0668677   0.11437811  0.20992406  0.19410389  0.34101063
  0.33726917  0.14269413  0.25973207  0.33676297  0.28995957  0.38393551
  0.43921415  0.53421015  0.56367765  0.55733391 -0.05886938  0.03289589
 -0.06280367 -0.01941446  0.0708211   0.00788556  0.01426679  0.05162072
 -0.04582477  0.03937001  0.10264136 -0.08094225 -0.27232394 -0.34593269
 -0.60695924 -0.65372209 -0.68032775 -0.63009804 -0.62576903 -0.5476231
 -0.46623449 -0.3883985  -0.29182588 -0.24413144 -0.3956516  -0.42434784
 -0.53094809 -0.45560877 -0.54197684 -0.74350317 -0.68620555 -0.73551852
 -0.69359966 -0.62146112 -0.53064844 -0.41317777 -0.51765791 -0.55735592
 -0.45726353 -0.34982053 -0.44712456 -0.4708566  -0.54129994 -0.46360593
 -0.38332613 -0.60468012 -0.52160619 -0.42330279 -0.31224813 -0.26285492
 -0.1514026  -0.11637017 -0.01044495  0.09547224  0.18760938  0.18670572
  0.03344517 -0.02653009  0.06752362  0.14633156  0.22482391  0.31758828
  0.4210089   0.4909963   0.45780478  0.51967399  0.55511344  0.55863643
  0.0906783   0.11682103  0.13502542  0.1567372   0.21011981  0.12521028
 -0.01583593 -0.14663103 -0.08402159 -0.05791242 -0.41730219 -0.46020762
 -0.71999301 -0.64946362 -0.59047915 -0.57839678 -0.61113383 -0.60560704
 -0.62077668 -0.59359529 -0.58687896 -0.65249953 -0.58393018 -0.68489909
 -0.61631289 -0.6945909  -0.68196883 -0.62430464 -0.66536542 -0.61297275
 -0.58381176 -0.68346298 -0.59105941 -0.83105387 -0.7712891  -0.73354922
 -0.65314848 -0.80958429 -0.74675239 -0.77317899 -0.78785125 -0.69484198
 -0.63099815 -0.68921984 -0.68637023 -0.71538537 -0.68241033 -0.66660115
 -0.83621348 -0.76634152 -0.74294555 -0.76670605 -0.77523135 -0.79159884
 -0.72088045 -0.73947416 -0.71645792 -0.64254545 -0.74603562 -0.6840073
 -0.63091026 -0.58163342 -0.53543097 -0.52072465 -0.4510308  -0.36333236
 -0.31504922 -0.57684846 -0.636198   -0.59879056 -0.80191316 -0.92600383
 -0.93407496 -0.87172342 -0.80806111 -0.74772933 -0.68813955 -0.7494861
 -0.65980739 -0.58061861 -0.47459443 -0.52632023 -0.41616197 -0.42471853
 -0.51138966 -0.46546475 -0.41240201 -0.31641393 -0.18044777 -0.22192526
 -0.20367872 -0.13352753]
Mus:
[[-0.02461876 -0.01058707]
 [-0.02406939 -0.01040724]
 [-0.02403791 -0.01042394]
 [-0.02327945 -0.01042   ]
 [-0.0235344  -0.01118014]
 [-0.0255305  -0.0126009 ]
 [-0.02470706 -0.01201559]
 [-0.02249768 -0.01039261]
 [-0.02116916 -0.00967239]
 [-0.02011191 -0.00849143]
 [-0.01978656 -0.00837519]
 [-0.01952178 -0.00831504]
 [-0.01960889 -0.00852252]
 [-0.01886261 -0.0089079 ]
 [-0.0181557  -0.00884913]
 [-0.01767742 -0.00845431]
 [-0.01636059 -0.00814785]
 [-0.01470024 -0.00761163]
 [-0.01365571 -0.0069851 ]
 [-0.01468555 -0.00673713]
 [-0.01635337 -0.00693561]
 [-0.01677577 -0.00727685]
 [-0.01665992 -0.00752494]
 [-0.01702055 -0.00767833]
 [-0.01802589 -0.00780462]
 [-0.01963546 -0.00780218]
 [-0.01892629 -0.00794967]
 [-0.01771958 -0.00786012]
 [-0.01697502 -0.00691998]
 [-0.01488081 -0.00622434]
 [-0.01303606 -0.00594202]
 [-0.01135256 -0.00541034]
 [-0.01089033 -0.00536149]
 [-0.01012137 -0.00540141]
 [-0.00719896 -0.00340397]
 [-0.00580113 -0.00256295]
 [-0.00476731 -0.00217458]
 [-0.00343096 -0.0019754 ]
 [-0.00321228 -0.00191148]
 [-0.00772764 -0.00595576]
 [-0.00466004 -0.00403536]
 [-0.00615818 -0.00482012]
 [-0.00585109 -0.00427178]
 [-0.00699088 -0.00474637]
 [-0.00864371 -0.0054922 ]
 [-0.00879562 -0.00508392]
 [-0.01129005 -0.00662818]
 [-0.0111764  -0.00658052]
 [-0.0137696  -0.00854615]
 [-0.01384329 -0.00855852]
 [-0.01319427 -0.00800307]
 [-0.01516458 -0.00998782]
 [-0.01418058 -0.00961992]
 [-0.01253788 -0.00950524]
 [-0.00838946 -0.00688278]
 [-0.00466083 -0.00487229]
 [ 0.00028876 -0.00228622]
 [-0.00258411 -0.0048551 ]
 [-0.0029678  -0.00562478]
 [-0.00167603 -0.00502442]
 [ 0.00052195 -0.00385055]
 [ 0.00266544 -0.00272791]
 [ 0.00384953 -0.00231992]
 [ 0.00650098 -0.00082991]
 [ 0.00363684 -0.00307459]
 [ 0.0084662  -0.00024599]
 [ 0.00600102 -0.00201794]
 [ 0.00622365 -0.00198381]
 [ 0.00336851 -0.00386787]
 [ 0.00019806 -0.00609778]
 [ 0.00096668 -0.00547354]
 [ 0.00494884 -0.00300971]
 [ 0.00508559 -0.00280518]
 [ 0.00334807 -0.00355631]
 [ 0.00368854 -0.00299761]
 [ 0.00311647 -0.00294515]
 [ 0.00560152 -0.00112088]
 [ 0.00793029  0.00067468]
 [ 0.00684832  0.00043874]
 [ 0.00530726 -0.00013348]
 [ 0.00682023  0.00105524]
 [ 0.0025725  -0.0009788 ]
 [-0.00042535 -0.00247398]
 [-0.00342126 -0.00366467]
 [-0.00462102 -0.00379228]
 [-0.0121093  -0.00769413]
 [-0.0162601  -0.00932021]
 [-0.02026065 -0.01076985]
 [-0.02374711 -0.01182414]
 [-0.02530136 -0.01184387]
 [-0.02852953 -0.01317137]
 [-0.03245771 -0.01502124]
 [-0.03521695 -0.01577313]
 [-0.0375578  -0.01655   ]
 [-0.03861148 -0.01669681]
 [-0.03812653 -0.0160909 ]
 [-0.03602803 -0.01475219]
 [-0.039526   -0.01635539]
 [-0.04205879 -0.01763519]
 [-0.04238249 -0.01763384]
 [-0.04192735 -0.01738462]
 [-0.0423853  -0.01764411]
 [-0.04349525 -0.01844909]
 [-0.04333156 -0.01860523]
 [-0.04379107 -0.0188867 ]
 [-0.04426706 -0.01932574]
 [-0.04391238 -0.01960975]
 [-0.04199938 -0.01866863]
 [-0.03827591 -0.01718433]
 [-0.03939212 -0.01766024]
 [-0.03997521 -0.01809911]
 [-0.04073349 -0.01880878]
 [-0.04001734 -0.01893913]
 [-0.03760874 -0.01819976]
 [-0.03576495 -0.01725737]
 [-0.03340921 -0.01606784]
 [-0.03073418 -0.01527606]
 [-0.02777349 -0.01470002]
 [-0.02348355 -0.01246019]
 [-0.01842969 -0.01061633]
 [-0.01666243 -0.00983414]
 [-0.01264714 -0.00821292]
 [-0.00924518 -0.00680493]
 [-0.00667415 -0.00606002]
 [-0.00313477 -0.00405398]
 [ 0.00030094 -0.00248472]
 [ 0.002385   -0.00161168]
 [ 0.00458135 -0.00096999]
 [ 0.00839512  0.00148928]
 [ 0.01205379  0.00397221]
 [ 0.01497811  0.00579434]
 [ 0.01591509  0.00701932]
 [ 0.01762485  0.00822906]
 [ 0.0196957   0.00623628]
 [ 0.01647331  0.00330372]
 [ 0.01909238  0.00475021]
 [ 0.02287965  0.00704706]
 [ 0.02242761  0.00647208]
 [ 0.02352745  0.00694647]
 [ 0.02746109  0.00954099]
 [ 0.02711976  0.00922436]
 [ 0.03026809  0.01164258]
 [ 0.03008653  0.01150458]
 [ 0.02997977  0.01198368]
 [ 0.02895256  0.01177201]
 [ 0.02693728  0.00976861]
 [ 0.02647707  0.00989642]
 [ 0.02563384  0.0093042 ]
 [ 0.02625738  0.00994688]
 [ 0.02404491  0.00866429]
 [ 0.02123342  0.00694963]
 [ 0.02095575  0.00689366]
 [ 0.0185851   0.00590121]
 [ 0.01277634  0.00273873]
 [ 0.01322063  0.00326483]
 [ 0.00795972  0.00047175]
 [ 0.00904882  0.0013222 ]
 [ 0.00717431  0.00036967]
 [ 0.0090919   0.00162757]
 [ 0.01011277  0.00258898]
 [ 0.00979281  0.00246845]
 [ 0.0094909   0.00269684]
 [ 0.00771932  0.00173844]
 [ 0.0068628   0.00125545]
 [ 0.00515631  0.00055169]
 [ 0.00438829  0.00029693]
 [ 0.00091092 -0.00184058]
 [ 0.00028654 -0.00220459]
 [ 0.00096089 -0.0017151 ]
 [-0.00061092 -0.00265928]
 [-0.00216932 -0.00351491]
 [-0.0042953  -0.00491572]
 [-0.00532961 -0.00563473]
 [-0.00548807 -0.00584179]
 [-0.00655289 -0.00671011]
 [-0.00811821 -0.00829126]
 [-0.00423189 -0.00586105]
 [-0.00129863 -0.00412767]
 [-0.0013544  -0.00482634]
 [ 0.00207367 -0.00258914]
 [ 0.00450446 -0.00127949]
 [ 0.00614313 -0.00040512]
 [ 0.00650321 -0.00035768]
 [ 0.00922924  0.00110349]
 [ 0.00982838  0.00131852]
 [ 0.01198899  0.00258776]
 [ 0.01306508  0.00303799]
 [ 0.01598697  0.00461909]
 [ 0.01703029  0.00499636]
 [ 0.01504357  0.00338362]
 [ 0.01705748  0.00446721]
 [ 0.01614524  0.0038613 ]
 [ 0.01800311  0.0052201 ]
 [ 0.01842649  0.00502926]
 [ 0.01764774  0.00447966]
 [ 0.01774455  0.00447988]
 [ 0.01836532  0.00504703]
 [ 0.0210006   0.00719911]
 [ 0.02270382  0.00793374]
 [ 0.02381169  0.00897078]]
Actions:
[[ 1.28574160e-01  1.22285503e-01]
 [-1.63177318e-02  3.13129906e-02]
 [ 1.36221794e-01  3.39630383e-01]
 [-1.33665835e-01  4.18584197e-01]
 [-5.66584759e-01  1.97984049e-01]
 [-2.36805574e-01 -3.08843024e-01]
 [ 1.93170155e-01 -4.26274839e-01]
 [-1.41135084e-01 -2.88567125e-01]
 [ 4.25616263e-02 -5.19695622e-01]
 [-1.00352059e-01 -1.59556949e-01]
 [-1.66180428e-01 -2.28114468e-01]
 [-4.97568118e-02 -9.48887681e-02]
 [-2.44411540e-01  6.39892683e-02]
 [-8.21856605e-02 -8.03441809e-02]
 [ 1.92061525e-01 -1.40242743e-01]
 [-2.99520986e-01 -2.94071250e-01]
 [ 1.46331114e-01  3.88229804e-02]
 [ 3.75325217e-01  1.05160632e-01]
 [ 5.49471583e-01  4.53680361e-02]
 [ 5.16011863e-02 -3.29640048e-01]
 [-5.90127422e-02 -5.35234993e-02]
 [-2.56271032e-01 -2.05652354e-01]
 [-1.80868739e-01 -3.14848658e-01]
 [ 2.17951674e-01 -3.67527650e-02]
 [ 8.59245783e-02 -4.65365666e-01]
 [-3.54284100e-01 -8.31787382e-02]
 [-1.61200966e-01  1.99949714e-01]
 [ 1.91822522e-01 -2.75196255e-01]
 [-1.55342061e-02  6.47058299e-02]
 [ 1.07846862e-01  3.68550823e-01]
 [ 4.32736047e-01  3.36528347e-01]
 [-2.19266201e-01 -7.09323107e-02]
 [ 8.44920599e-03  2.17852644e-01]
 [ 2.89745723e-01 -2.99662751e-01]
 [ 1.78127779e-01 -2.45947999e-02]
 [-2.80415429e-01 -1.63153863e-01]
 [-2.20929258e-01  8.56527647e-02]
 [ 1.99538783e-01  2.36893905e-01]
 [-3.73523465e-01 -6.94116605e-02]
 [ 7.25565390e-01 -3.49793719e-01]
 [-1.39140807e-01 -1.13348816e-01]
 [ 2.27974246e-01 -3.61984157e-01]
 [ 1.00606004e-01  1.07967791e-01]
 [-4.96162362e-02  2.40797920e-02]
 [-9.38394008e-02 -4.35364066e-01]
 [-3.10053978e-01  3.15582352e-02]
 [ 1.19819845e-01 -1.35857042e-01]
 [-2.94135351e-01  3.19020019e-01]
 [-4.62506118e-02 -5.61494869e-02]
 [-3.58963835e-02 -2.09159502e-01]
 [-3.32119112e-01  4.23140933e-01]
 [-4.45361144e-01 -3.71754516e-01]
 [-4.33456302e-01 -3.57590886e-02]
 [ 4.68912679e-01 -2.80111720e-01]
 [-8.01176895e-02 -3.56200139e-01]
 [ 4.71319650e-02 -3.12415981e-01]
 [ 4.43829878e-02 -1.86962817e-02]
 [-2.43973762e-01  1.24220996e-01]
 [ 4.89801248e-02  2.38558504e-02]
 [ 8.67081271e-02 -5.92443634e-02]
 [-4.58549114e-02 -1.67203485e-01]
 [-1.23718312e-01 -3.11861390e-02]
 [ 2.26219389e-01 -7.74963945e-02]
 [-3.92712928e-01  3.10834448e-01]
 [ 9.36607376e-02 -3.65944697e-01]
 [-1.36647375e-01  4.09521430e-01]
 [ 3.22026324e-02  1.54181659e-01]
 [-1.67589210e-01  3.89534744e-01]
 [-2.91636024e-01  4.48470334e-01]
 [ 1.45370056e-01  1.21579347e-01]
 [-2.56060629e-03 -4.05105443e-01]
 [ 8.90052853e-02  1.97617904e-01]
 [-1.11063179e-01  1.42268077e-01]
 [ 1.08596512e-01  2.45605072e-02]
 [ 6.76736353e-04 -6.52298509e-02]
 [ 2.49530686e-02 -4.72000362e-01]
 [ 1.78181911e-01 -3.32398514e-01]
 [-9.44369039e-02 -1.04685684e-01]
 [-7.03007043e-04  9.18470821e-02]
 [ 4.20522321e-01  1.00041334e-01]
 [-3.92225064e-01 -4.69754214e-02]
 [ 8.19777157e-02  3.84122175e-01]
 [ 3.21827683e-02  1.48681225e-01]
 [ 1.58937850e-01  1.90765402e-02]
 [-4.95845867e-01  3.10746562e-01]
 [-1.84419451e-01 -2.88017180e-02]
 [-1.06870585e-02  6.30371348e-02]
 [-6.61927912e-03 -8.82150002e-02]
 [ 1.07376261e-01 -2.43433083e-01]
 [-1.56900667e-01  2.75071387e-02]
 [-1.37635104e-01  2.67661970e-01]
 [-1.21870781e-01 -1.78808166e-01]
 [-1.59077134e-01 -1.59835772e-01]
 [ 9.97856233e-02 -1.24828377e-01]
 [ 1.24420409e-01 -2.91610412e-01]
 [ 3.40698427e-01 -2.94865415e-01]
 [ 3.90638741e-02  4.04262814e-01]
 [-1.76838259e-01  1.28034982e-01]
 [ 7.76274379e-02 -4.73022746e-02]
 [ 2.98848485e-02 -1.19044270e-01]
 [ 6.54352990e-02  1.05755197e-01]
 [-1.40638514e-01  1.43056951e-01]
 [-2.60664866e-01 -1.65825854e-01]
 [ 2.32463237e-01  2.15298483e-01]
 [ 1.70908275e-02  2.06650999e-01]
 [-3.75109891e-01 -3.88762532e-02]
 [ 3.26913333e-02 -2.89666074e-01]
 [-4.71622793e-01 -6.17634013e-01]
 [ 5.07394407e-02 -8.80011317e-02]
 [-2.16333993e-01 -1.06081887e-01]
 [-5.15130644e-02  1.93297298e-01]
 [-1.16581739e-01  8.64419940e-02]
 [-4.06234777e-01 -2.17586426e-01]
 [ 1.95030665e-01 -3.22363205e-01]
 [ 1.70488219e-01 -3.17265088e-01]
 [-1.04278842e-01 -9.95131228e-02]
 [-1.12116357e-01  2.13138653e-01]
 [-1.93095690e-02 -6.37578361e-01]
 [-3.80942422e-01 -1.73423695e-01]
 [ 4.41087477e-01  2.21402221e-01]
 [-1.08412743e-01 -9.68440817e-02]
 [ 5.84733168e-02  5.35223108e-02]
 [ 5.69904109e-02  2.30350220e-01]
 [-1.37974438e-01 -3.57323321e-01]
 [-2.71664485e-01 -1.87280661e-01]
 [ 2.40073273e-01  2.09198179e-01]
 [-2.84252427e-01 -7.08105709e-03]
 [ 2.31390007e-01 -1.98027103e-01]
 [ 3.82522285e-01 -1.19077998e-01]
 [ 1.13275467e-01 -1.27789230e-01]
 [-1.51630054e-01 -3.99934860e-01]
 [ 9.69341641e-02 -6.78529146e-02]
 [ 2.51993894e-01 -1.77727324e-01]
 [-2.20561204e-01  3.82721776e-02]
 [ 1.67486291e-01 -1.33049425e-01]
 [ 3.27070752e-01 -1.75773754e-01]
 [-3.49482619e-02  2.16301849e-01]
 [ 2.02797704e-01  1.80309514e-01]
 [ 3.44911016e-01 -2.96763365e-01]
 [ 2.06867592e-02  1.21324436e-01]
 [ 5.33102401e-01 -2.16363684e-01]
 [ 1.28735079e-01  1.32428678e-01]
 [ 9.52130431e-02 -2.38614537e-01]
 [-4.53716696e-02 -1.63375382e-01]
 [-1.36933519e-01  4.72681151e-01]
 [-1.38975597e-02 -1.95911909e-01]
 [ 1.95483736e-01  2.72355652e-01]
 [ 3.20013019e-01  2.60219143e-02]
 [-6.57396400e-02  6.46447117e-02]
 [-6.85299936e-02  1.77440062e-01]
 [ 3.31708763e-01  1.93418330e-01]
 [-2.27958547e-01 -2.45881151e-01]
 [-2.49432494e-01  2.44411160e-01]
 [ 2.06275162e-02 -2.54881072e-01]
 [-1.87986927e-01  2.01219633e-01]
 [-1.97961774e-01 -4.88002128e-01]
 [-3.48065658e-02  7.85040067e-02]
 [ 1.46035055e-01 -1.82202167e-01]
 [ 1.37509043e-01 -2.87342514e-01]
 [ 2.15278722e-01  1.47747607e-01]
 [ 2.14148113e-02 -3.21924417e-01]
 [-1.11825681e-01  3.15416375e-02]
 [ 1.70847542e-01  2.21025012e-01]
 [-1.80374538e-01 -2.09723879e-01]
 [-3.60455414e-02 -1.09150347e-01]
 [-3.28227936e-01  2.51959994e-01]
 [-1.29834204e-02  6.56997952e-02]
 [ 1.04315175e-01 -8.10970088e-02]
 [-7.61498626e-02  1.49584409e-01]
 [-2.24761367e-01 -6.62350198e-02]
 [-1.37184681e-01  2.23168028e-01]
 [-9.65405784e-02  1.14825015e-01]
 [-1.53604853e-01 -4.60920932e-02]
 [-1.66536262e-01  1.54939399e-01]
 [-6.17684419e-01  5.93690592e-02]
 [ 2.85978968e-01 -2.32534856e-01]
 [ 7.53177183e-02 -2.13710432e-01]
 [-5.52498380e-01 -6.25061772e-02]
 [ 4.11902467e-01 -3.55489626e-02]
 [ 2.30833616e-01  7.94184956e-02]
 [-3.10936180e-02 -1.06371544e-01]
 [-1.93406563e-02  9.87672172e-02]
 [ 1.35051632e-01 -4.46575210e-02]
 [ 7.70021518e-02  1.32267702e-01]
 [-1.70428714e-01 -3.65147846e-01]
 [-2.47426523e-02  9.21181732e-03]
 [ 7.82090726e-02 -1.26591436e-01]
 [-4.01570571e-02  1.91859464e-02]
 [-1.54170719e-01  3.50986778e-01]
 [ 3.86077192e-02 -6.50503415e-02]
 [-3.42706658e-01 -1.23151813e-01]
 [-1.76853115e-01 -4.14449557e-01]
 [-5.11739761e-02  2.36854227e-01]
 [-2.61374814e-01  1.96189183e-02]
 [-2.31186013e-03  1.56611491e-01]
 [ 3.58138551e-02 -3.23754435e-02]
 [ 3.03343372e-01 -2.85606774e-01]
 [ 2.32354467e-01  2.37366047e-01]
 [ 2.21412257e-01 -1.64083868e-01]
 [-1.03364055e-01  9.26447792e-02]]
States:
[[0.99840023 0.99787352 0.46894341 0.54434067 0.51308551 0.59705312]
 [0.99859626 0.99763657 0.47150997 0.5467406  0.54604988 0.62908861]
 [0.99892602 0.99706074 0.47627351 0.55211048 0.54121348 0.63666455]
 ...
 [0.         0.         0.56659257 0.32854325 0.26206528 0.46227647]
 [0.00290263 0.         0.60061245 0.34314996 0.32667683 0.52715455]
 [0.00780258 0.         0.62465921 0.35624796 0.38719794 0.48554371]]
Logstds:
[[-3. -3.]
 [-3. -3.]
 [-3. -3.]
 [-3. -3.]
 [-3. -3.]
 [-3. -3.]
 [-3. -3.]
 [-3. -3.]
 [-3. -3.]
 [-3. -3.]
 [-3. -3.]
 [-3. -3.]
 [-3. -3.]
 [-3. -3.]
 [-3. -3.]
 [-3. -3.]
 [-3. -3.]
 [-3. -3.]
 [-3. -3.]
 [-3. -3.]
 [-3. -3.]
 [-3. -3.]
 [-3. -3.]
 [-3. -3.]
 [-3. -3.]
 [-3. -3.]
 [-3. -3.]
 [-3. -3.]
 [-3. -3.]
 [-3. -3.]
 [-3. -3.]
 [-3. -3.]
 [-3. -3.]
 [-3. -3.]
 [-3. -3.]
 [-3. -3.]
 [-3. -3.]
 [-3. -3.]
 [-3. -3.]
 [-3. -3.]
 [-3. -3.]
 [-3. -3.]
 [-3. -3.]
 [-3. -3.]
 [-3. -3.]
 [-3. -3.]
 [-3. -3.]
 [-3. -3.]
 [-3. -3.]
 [-3. -3.]
 [-3. -3.]
 [-3. -3.]
 [-3. -3.]
 [-3. -3.]
 [-3. -3.]
 [-3. -3.]
 [-3. -3.]
 [-3. -3.]
 [-3. -3.]
 [-3. -3.]
 [-3. -3.]
 [-3. -3.]
 [-3. -3.]
 [-3. -3.]
 [-3. -3.]
 [-3. -3.]
 [-3. -3.]
 [-3. -3.]
 [-3. -3.]
 [-3. -3.]
 [-3. -3.]
 [-3. -3.]
 [-3. -3.]
 [-3. -3.]
 [-3. -3.]
 [-3. -3.]
 [-3. -3.]
 [-3. -3.]
 [-3. -3.]
 [-3. -3.]
 [-3. -3.]
 [-3. -3.]
 [-3. -3.]
 [-3. -3.]
 [-3. -3.]
 [-3. -3.]
 [-3. -3.]
 [-3. -3.]
 [-3. -3.]
 [-3. -3.]
 [-3. -3.]
 [-3. -3.]
 [-3. -3.]
 [-3. -3.]
 [-3. -3.]
 [-3. -3.]
 [-3. -3.]
 [-3. -3.]
 [-3. -3.]
 [-3. -3.]
 [-3. -3.]
 [-3. -3.]
 [-3. -3.]
 [-3. -3.]
 [-3. -3.]
 [-3. -3.]
 [-3. -3.]
 [-3. -3.]
 [-3. -3.]
 [-3. -3.]
 [-3. -3.]
 [-3. -3.]
 [-3. -3.]
 [-3. -3.]
 [-3. -3.]
 [-3. -3.]
 [-3. -3.]
 [-3. -3.]
 [-3. -3.]
 [-3. -3.]
 [-3. -3.]
 [-3. -3.]
 [-3. -3.]
 [-3. -3.]
 [-3. -3.]
 [-3. -3.]
 [-3. -3.]
 [-3. -3.]
 [-3. -3.]
 [-3. -3.]
 [-3. -3.]
 [-3. -3.]
 [-3. -3.]
 [-3. -3.]
 [-3. -3.]
 [-3. -3.]
 [-3. -3.]
 [-3. -3.]
 [-3. -3.]
 [-3. -3.]
 [-3. -3.]
 [-3. -3.]
 [-3. -3.]
 [-3. -3.]
 [-3. -3.]
 [-3. -3.]
 [-3. -3.]
 [-3. -3.]
 [-3. -3.]
 [-3. -3.]
 [-3. -3.]
 [-3. -3.]
 [-3. -3.]
 [-3. -3.]
 [-3. -3.]
 [-3. -3.]
 [-3. -3.]
 [-3. -3.]
 [-3. -3.]
 [-3. -3.]
 [-3. -3.]
 [-3. -3.]
 [-3. -3.]
 [-3. -3.]
 [-3. -3.]
 [-3. -3.]
 [-3. -3.]
 [-3. -3.]
 [-3. -3.]
 [-3. -3.]
 [-3. -3.]
 [-3. -3.]
 [-3. -3.]
 [-3. -3.]
 [-3. -3.]
 [-3. -3.]
 [-3. -3.]
 [-3. -3.]
 [-3. -3.]
 [-3. -3.]
 [-3. -3.]
 [-3. -3.]
 [-3. -3.]
 [-3. -3.]
 [-3. -3.]
 [-3. -3.]
 [-3. -3.]
 [-3. -3.]
 [-3. -3.]
 [-3. -3.]
 [-3. -3.]
 [-3. -3.]
 [-3. -3.]
 [-3. -3.]
 [-3. -3.]
 [-3. -3.]
 [-3. -3.]
 [-3. -3.]
 [-3. -3.]
 [-3. -3.]]
