Baseline:
[0.4880004  0.48417357 0.50564486 0.5175078  0.5216899  0.52083325
 0.5230606  0.5173998  0.49959016 0.48640907 0.48344916 0.4865643
 0.49316916 0.49161807 0.5011864  0.5210292  0.53407943 0.5310595
 0.5308331  0.5418267  0.5239913  0.5098153  0.49260652 0.48718056
 0.48230693 0.46128199 0.44426286 0.41712728 0.40216753 0.38782746
 0.38352212 0.38919893 0.37095883 0.34879032 0.34830913 0.34211043
 0.3531694  0.3270714  0.334441   0.31754065 0.33692685 0.35346937
 0.33666006 0.32807472 0.31480372 0.30667663 0.31376344 0.3134983
 0.3272222  0.32327363 0.28364792 0.31723496 0.2864389  0.27910364
 0.26850048 0.2793589  0.28928185 0.2838782  0.29156324 0.296538
 0.30410466 0.30365467 0.3080649  0.3235885  0.31410092 0.29443666
 0.27725518 0.2825801  0.28143457 0.27102396 0.27515215 0.2745299
 0.2770693  0.27941158 0.2967311  0.28503168 0.3058214  0.32605013
 0.32712463 0.33160847 0.34237587 0.35064206 0.3450683  0.3270089
 0.31943777 0.2990983  0.29184976 0.31099215 0.32063305 0.3208965
 0.3342935  0.34540084 0.34412977 0.32160676 0.33120883 0.3583711
 0.35548058 0.37758222 0.29357496 0.25507095 0.24801888 0.24833961
 0.252727   0.2534681  0.26002812 0.26955387 0.28289148 0.2767748
 0.27079087 0.27841547 0.2711682  0.27445278 0.26306966 0.2837376
 0.27231607 0.28790185 0.2998455  0.30032325 0.30991405 0.30829757
 0.31160548 0.301703   0.3133339  0.3124891  0.2911996  0.324839
 0.33285972 0.33677113 0.346788   0.3506206  0.34086925 0.3271741
 0.31577635 0.3276278  0.3598907  0.3584649  0.34825596 0.32348523
 0.341595   0.34461161 0.34216782 0.3313395  0.3331407  0.3240103
 0.29395518 0.2783529  0.28752255 0.25525725 0.26055095 0.26396325
 0.26041508 0.27515593 0.28607872 0.2832642  0.28024915 0.28283054
 0.29300955 0.29248422 0.27994055 0.2641283  0.25428873 0.25102815
 0.2747559  0.30662233 0.2894439  0.27805716 0.27528164 0.26732785
 0.23492695 0.24496803 0.23380885 0.2290488  0.2329803  0.22218345
 0.23647793 0.24975519 0.27126214 0.2719477  0.26605982 0.2904125
 0.29478672 0.2930802  0.30285433 0.3193289  0.3278264  0.3273162
 0.3330017  0.32275143 0.33519456 0.3667907  0.3654497  0.381022
 0.38675404 0.37452465 0.37141472 0.37242797 0.40500447 0.42206958
 0.42030087 0.43689942 0.43689942]
Returns:
[ 0.61532665  0.6546371   0.47828787  0.26549308 -0.10282575 -0.03936289
 -0.03353334 -0.04003845 -0.0975662  -0.09726212 -0.0522905   0.00145002
 -0.35773081 -0.3234357  -0.36617586 -0.57085034 -0.67820558 -0.65211682
 -0.73565642 -0.88367861 -0.87953015 -0.87897604 -0.86826016 -0.83054532
 -0.8376394  -0.8307671  -0.76866959 -0.75687768 -0.71899084 -0.70590311
 -0.63300867 -0.62662609 -0.64264911 -0.59317721 -0.77473001 -0.7778954
 -0.77571999 -0.80620249 -0.76000065 -0.73611843 -0.85582118 -0.86905831
 -0.82297475 -0.74186954 -0.69181502 -0.67592282 -0.68424325 -0.6189397
 -0.61832011 -0.51761735 -0.87276522 -1.11088731 -1.22663864 -1.14872803
 -1.08007433 -1.03972983 -1.08162828 -1.02544322 -1.06474855 -0.99482859
 -0.91684048 -0.81697707 -0.71317188 -0.66473181 -0.60963876 -0.58448948
 -0.66602432 -0.68617802 -0.57166958 -0.50777674 -0.395719   -0.26681644
 -0.12474531  0.00350275 -0.04034285  0.03679535  0.05233148  0.04784509
  0.19940888  0.34722459 -0.24094645 -0.33969501 -0.21644809 -0.14368279
 -0.25311565 -0.2521651  -0.14496592 -0.25487257 -0.20821783 -0.28351146
 -0.36189654 -0.4757429  -0.46415912 -0.42084028 -0.42802157 -0.46393085
 -0.41876881 -1.12184818 -1.13153199 -1.0731215  -1.07308793 -1.19632684
 -1.17110088 -1.13892049 -1.17335619 -1.09948499 -1.04268746 -1.06248046
 -1.18129092 -1.18734964 -1.19526844 -1.18139661 -1.22313589 -1.22839847
 -1.28201873 -1.28753729 -1.23521154 -1.16492841 -1.09179136 -1.02415709
 -0.99806395 -0.97293095 -0.92812279 -0.85484363 -0.92619527 -1.32395607
 -1.34506423 -1.28150809 -1.26135055 -1.26383719 -1.19258495 -1.1610005
 -1.08913761 -1.05370296 -1.20994305 -1.11964376 -1.039956   -1.10669221
 -1.13476026 -1.0498934  -0.94686586 -0.85597402 -0.7836943  -0.6870767
 -0.69346196 -0.78263409 -0.70185669 -0.9193622  -0.84347017 -0.78939433
 -0.72656018 -0.65602415 -0.56490634 -0.44033024 -0.38875536 -0.2838873
 -0.36966164 -0.34731953 -0.24970103 -0.17331595 -0.08894714  0.03436494
 -0.00642864 -0.10152915 -0.02425178  0.07970626  0.20521792  0.32103233
  0.12099221  0.13873144  0.22850158  0.28594644  0.42352257  0.41661947
  0.48409505  0.55676713  0.5943249   0.69165445  0.71125181  0.71470836
  0.7911552   0.74924636  0.62397618  0.4897417   0.59116215  0.61597862
  0.66324362  0.49918058  0.58189972  0.46827023  0.36986444  0.41345795
  0.47548986  0.34675781  0.27482854  0.21945861  0.10736525  0.12945796
 -0.00209421 -0.01644248]
Advants:
[ 0.3728826   0.44221022  0.26669297  0.05929026 -0.30600634 -0.23187959
 -0.21752329 -0.20672344 -0.23503388 -0.20875219 -0.14545164 -0.07658224
 -0.4338827  -0.38771982 -0.43045056 -0.65151803 -0.77190374 -0.74187329
 -0.82676296 -0.99240749 -0.97693706 -0.96881972 -0.94720753 -0.90958266
 -0.9178576  -0.89566782 -0.82029794 -0.78423243 -0.73285721 -0.70617783
 -0.62740259 -0.62496533 -0.6208007  -0.54483115 -0.72680499 -0.72465696
 -0.73477597 -0.74063676 -0.70220557 -0.66059689 -0.80309107 -0.8374871
 -0.7776587  -0.68851974 -0.62383426 -0.59759631 -0.61107241 -0.54138014
 -0.55041491 -0.43811072 -0.75508656 -1.03677654 -1.13519038 -1.06191309
 -0.99319316 -0.97422965 -1.03907272 -0.98971019 -1.05142157 -1.0004428
 -0.94299955 -0.85366747 -0.76311523 -0.73877667 -0.6815074  -0.64324205
 -0.71669173 -0.75282956 -0.64516589 -0.57723538 -0.47288363 -0.34323548
 -0.1992545  -0.06462646 -0.11821801 -0.01841406 -0.01192963 -0.02467122
  0.14346593  0.31038198 -0.28148705 -0.38413991 -0.24660164 -0.1435077
 -0.23520538 -0.20222701 -0.0715556  -0.18699014 -0.13405724 -0.194676
 -0.2730858  -0.38739261 -0.36258634 -0.2817386  -0.28275685 -0.330671
 -0.26468361 -0.99283034 -0.91942652 -0.82051265 -0.81103816 -0.93582689
 -0.91567763 -0.88401401 -0.92603419 -0.86081041 -0.81505324 -0.82665956
 -0.94072925 -0.95618481 -0.95880032 -0.94999523 -0.98322421 -1.01307424
 -1.0608315  -1.0886206  -1.05424378 -0.98879633 -0.9280139  -0.85962062
 -0.83706123 -0.80118724 -0.76607394 -0.68755652 -0.73439926 -1.17564806
 -1.21636544 -1.16745171 -1.16864253 -1.18745402 -1.11750159 -1.08281417
 -1.00847296 -0.99383964 -1.19788488 -1.12018922 -1.04273675 -1.09950445
 -1.16317366 -1.09777339 -1.00689136 -0.91785731 -0.85896586 -0.76252146
 -0.74821567 -0.83422262 -0.77389682 -0.97710914 -0.92383044 -0.89039503
 -0.84065539 -0.80119503 -0.73624605 -0.62146031 -0.57886074 -0.48642233
 -0.5960305  -0.58727387 -0.4890175  -0.40688871 -0.32069293 -0.19890082
 -0.27060545 -0.40929442 -0.32463794 -0.21635984 -0.0917737   0.03180606
 -0.14122237 -0.13913445 -0.04117175  0.01973767  0.15610981  0.16308384
  0.2212524   0.2878965   0.31231055  0.42101921  0.46038509  0.45390578
  0.54385236  0.52180329  0.40228203  0.26375728  0.3727764   0.41635375
  0.47902457  0.34334275  0.43546772  0.30946078  0.23024989  0.27851253
  0.3585194   0.26414007  0.21720029  0.18281671  0.05754619  0.0837812
 -0.02700218 -0.03828746]
Mus:
[[-0.02621717 -0.01120456]
 [-0.02645944 -0.01189116]
 [-0.0254705  -0.01205848]
 [-0.02336678 -0.01039156]
 [-0.02278621 -0.00894016]
 [-0.02317075 -0.00904332]
 [-0.02333945 -0.00944684]
 [-0.02382061 -0.0091559 ]
 [-0.02493197 -0.00989516]
 [-0.02572121 -0.0101983 ]
 [-0.02571304 -0.01059899]
 [-0.02560686 -0.01090558]
 [-0.02498421 -0.00967781]
 [-0.02494712 -0.01002916]
 [-0.02458399 -0.01034624]
 [-0.02346388 -0.00962519]
 [-0.02338692 -0.01006601]
 [-0.02343028 -0.0101985 ]
 [-0.0244046  -0.01108596]
 [-0.0228304  -0.01006112]
 [-0.02375296 -0.01049288]
 [-0.02402508 -0.01036868]
 [-0.0243251  -0.01007608]
 [-0.02487019 -0.01029973]
 [-0.02461788 -0.00995682]
 [-0.02368711 -0.00912264]
 [-0.02355377 -0.00901314]
 [-0.02375359 -0.00892139]
 [-0.02312665 -0.00827251]
 [-0.02175063 -0.00721732]
 [-0.02133023 -0.00690836]
 [-0.02171226 -0.00752169]
 [-0.02335612 -0.00859782]
 [-0.02346912 -0.00852   ]
 [-0.02087996 -0.00674892]
 [-0.01883279 -0.00541478]
 [-0.01868968 -0.00567349]
 [-0.01845292 -0.00528314]
 [-0.01780763 -0.00519009]
 [-0.01639935 -0.0042549 ]
 [-0.01253134 -0.0024599 ]
 [-0.010253   -0.00179031]
 [-0.00935339 -0.00132942]
 [-0.00865651 -0.00111736]
 [-0.00896997 -0.0014643 ]
 [-0.00599176  0.00015198]
 [-0.00189025  0.00214812]
 [-0.00143557  0.00200361]
 [-0.00038854  0.00197327]
 [ 0.00203646  0.0030519 ]
 [-0.00051877  0.00132885]
 [-0.00075274  0.00073773]
 [-0.00025057  0.00132202]
 [-0.00046212  0.00123223]
 [-0.00100963  0.0010253 ]
 [-0.00162024  0.00054649]
 [ 0.00070695  0.00203774]
 [ 0.00182148  0.00268721]
 [ 0.00435704  0.00416206]
 [ 0.00596123  0.00453369]
 [ 0.00736899  0.00489975]
 [ 0.00857187  0.00526092]
 [ 0.01006011  0.00574584]
 [ 0.01241391  0.00675559]
 [ 0.01513199  0.00806437]
 [ 0.0154751   0.0079292 ]
 [ 0.01492207  0.00732166]
 [ 0.01715866  0.00877936]
 [ 0.01852299  0.00929494]
 [ 0.0185477   0.00895784]
 [ 0.01948877  0.00904911]
 [ 0.0203669   0.0094959 ]
 [ 0.02142541  0.00987318]
 [ 0.02189553  0.00974227]
 [ 0.02470963  0.01156925]
 [ 0.02532153  0.01211256]
 [ 0.02832686  0.01381928]
 [ 0.03014218  0.01517705]
 [ 0.03153887  0.01551747]
 [ 0.03278257  0.01611895]
 [ 0.03348889  0.01729769]
 [ 0.03579171  0.01730637]
 [ 0.03608316  0.01717164]
 [ 0.03474643  0.01690593]
 [ 0.03288384  0.01587315]
 [ 0.02943021  0.01478183]
 [ 0.02610194  0.01335146]
 [ 0.02329947  0.01117921]
 [ 0.02011856  0.00916978]
 [ 0.01594817  0.00719005]
 [ 0.01099932  0.00442744]
 [ 0.0045575   0.00119731]
 [-0.00110349 -0.00116955]
 [-0.00525842 -0.00229898]
 [-0.0104355  -0.00430579]
 [-0.01518867 -0.00623013]
 [-0.01832103 -0.00702329]
 [-0.0210538  -0.00799711]
 [-0.01889233 -0.00588349]
 [-0.01720466 -0.00421667]
 [-0.01602402 -0.00319315]
 [-0.01170118 -0.00074185]
 [-0.00964232  0.00022503]
 [-0.00861408  0.00072569]
 [-0.00858662  0.00047092]
 [-0.00623527  0.00151586]
 [-0.00318123  0.00261355]
 [-0.00096198  0.00390994]
 [-0.00049127  0.00343064]
 [ 0.00065036  0.00330416]
 [ 0.00036198  0.00278057]
 [ 0.00010001  0.00222739]
 [ 0.00023938  0.00276032]
 [ 0.00223183  0.00369083]
 [ 0.00102746  0.00276079]
 [ 0.00280828  0.00379652]
 [ 0.0046185   0.00459545]
 [ 0.00518024  0.00463489]
 [ 0.00683347  0.00524531]
 [ 0.00729778  0.00512423]
 [ 0.00770071  0.00479527]
 [ 0.0076811   0.00510857]
 [ 0.00941581  0.00608061]
 [ 0.01019689  0.00661188]
 [ 0.00871065  0.00617372]
 [ 0.01102699  0.0060454 ]
 [ 0.01076126  0.00544451]
 [ 0.01145291  0.00564843]
 [ 0.01225045  0.00579271]
 [ 0.01532307  0.00743993]
 [ 0.01597543  0.00746243]
 [ 0.01765979  0.00834768]
 [ 0.01798903  0.00832787]
 [ 0.01850127  0.0082999 ]
 [ 0.02061355  0.00915216]
 [ 0.02148893  0.00928575]
 [ 0.02209363  0.00929596]
 [ 0.02382454  0.01023108]
 [ 0.02651222  0.01166318]
 [ 0.02745883  0.01173725]
 [ 0.02867838  0.01212597]
 [ 0.02948387  0.01229677]
 [ 0.03105289  0.01323364]
 [ 0.03147934  0.01306748]
 [ 0.03098273  0.01310518]
 [ 0.03069985  0.01258262]
 [ 0.03135549  0.01304315]
 [ 0.02938695  0.01149314]
 [ 0.02886951  0.01092407]
 [ 0.03011411  0.01192211]
 [ 0.03025773  0.01244954]
 [ 0.03107549  0.01293625]
 [ 0.03168569  0.01338165]
 [ 0.03157282  0.01336176]
 [ 0.03156361  0.01394561]
 [ 0.03211755  0.01446735]
 [ 0.03278424  0.01575679]
 [ 0.03203373  0.01614393]
 [ 0.03116938  0.01527827]
 [ 0.02974116  0.01409054]
 [ 0.02820721  0.0128163 ]
 [ 0.02669873  0.01179725]
 [ 0.02537503  0.01055989]
 [ 0.02361341  0.00934627]
 [ 0.02062381  0.00785695]
 [ 0.01791337  0.00653441]
 [ 0.01620621  0.00596909]
 [ 0.01425506  0.00533259]
 [ 0.01172066  0.0054171 ]
 [ 0.01013511  0.00379859]
 [ 0.00884131  0.0032674 ]
 [ 0.00763867  0.00244137]
 [ 0.00686141  0.00211258]
 [ 0.00684887  0.00279457]
 [ 0.00568395  0.00288539]
 [ 0.00423472  0.0028864 ]
 [ 0.00257669  0.00161092]
 [ 0.00209328  0.00138459]
 [ 0.00208556  0.0019509 ]
 [ 0.00029787  0.00055916]
 [-0.00040153 -0.00015244]
 [ 0.00014558 -0.00061134]
 [-0.00053542  0.00028397]
 [-0.00208233  0.00054031]
 [-0.00348616  0.00010848]
 [-0.00401711  0.00010302]
 [-0.00425898 -0.00010593]
 [-0.00350821  0.00052325]
 [-0.00445214  0.00014737]
 [-0.00546405 -0.00047245]
 [-0.00566615 -0.00123009]
 [-0.00626923 -0.00159206]
 [-0.00663999 -0.00206002]
 [-0.00600572 -0.00123704]
 [-0.0058957  -0.00064309]
 [-0.00672153 -0.0006887 ]
 [-0.0078305  -0.00158742]
 [-0.0091477  -0.00252414]
 [-0.01061244 -0.0026098 ]
 [-0.01212241 -0.00323903]]
Actions:
[[-2.48331442e-01  1.88563196e-01]
 [ 1.43629954e-01  5.07968451e-01]
 [ 4.42192898e-01 -1.77019973e-01]
 [ 4.36665863e-01 -4.08009518e-01]
 [-1.20565881e-02  3.44172040e-02]
 [-8.49380614e-02  2.56953210e-01]
 [ 4.35609188e-02 -2.01721789e-01]
 [-4.26343414e-01 -4.20400399e-02]
 [-2.59694469e-01 -1.36274618e-01]
 [-1.91828204e-01  1.32086965e-01]
 [-7.06801880e-02  1.76631457e-01]
 [ 4.66224741e-01 -3.36298815e-01]
 [-1.49877046e-01  1.39141019e-01]
 [ 4.60574329e-03  3.36214171e-01]
 [ 4.24059721e-01  1.75279062e-01]
 [-5.84813123e-02  4.20087055e-01]
 [-1.23529872e-01  1.44968798e-01]
 [-2.28451739e-01  3.42962437e-01]
 [ 3.47196432e-01  2.36762304e-01]
 [-2.28630653e-01  7.11625240e-02]
 [-1.53899000e-02 -1.76425489e-01]
 [ 2.84668063e-02 -1.15194776e-01]
 [ 7.11449506e-02  1.34571265e-01]
 [ 2.05608924e-01  6.51547311e-02]
 [ 1.01528964e-01 -1.51533839e-01]
 [-5.62857486e-02 -1.58311133e-02]
 [-2.02268557e-01 -1.84649388e-01]
 [ 1.08415076e-01 -1.21950022e-01]
 [ 1.53857861e-01 -1.77869080e-01]
 [ 8.97061341e-02  1.63630346e-02]
 [-2.67330014e-02  2.83525848e-01]
 [-3.46044136e-01  2.36594532e-02]
 [-1.48428393e-01 -1.75534271e-01]
 [ 4.74342403e-01 -1.33669812e-01]
 [ 2.19892688e-01 -1.65551898e-01]
 [ 2.33080549e-02  2.82122265e-01]
 [-1.86284417e-01 -2.95840630e-01]
 [ 6.05955933e-02  1.89321170e-01]
 [-1.82339161e-02 -2.56206666e-01]
 [ 4.16560044e-01  1.35698487e-01]
 [ 1.24774211e-01  2.81500250e-01]
 [-1.40811752e-01 -1.64799183e-01]
 [-1.14634773e-01 -2.18936387e-02]
 [-2.31837963e-01 -8.26280518e-03]
 [ 1.50288373e-01 -2.36328519e-01]
 [ 2.94111905e-01 -1.26455199e-01]
 [-1.45931125e-01  1.36243728e-01]
 [ 4.37217050e-03  3.22056692e-01]
 [ 6.13443453e-02 -7.46466351e-02]
 [-6.68783708e-01 -9.74110555e-02]
 [ 1.93281055e-01  5.33941067e-01]
 [-1.54818008e-01 -4.10606800e-01]
 [-6.61847583e-02 -5.56943385e-02]
 [-9.96330790e-02 -9.48518935e-02]
 [ 3.51949273e-02  2.18887072e-01]
 [ 3.40584392e-01 -1.13443294e-01]
 [ 5.44741214e-02 -1.68637925e-01]
 [ 2.90536969e-01 -2.03630135e-01]
 [-3.97407890e-02  1.34213502e-01]
 [ 2.22571527e-02  1.31685723e-01]
 [-2.71643030e-02  1.03549462e-02]
 [ 5.24872011e-02  3.70138611e-02]
 [ 2.52501699e-01  5.17818228e-02]
 [ 6.38599424e-02 -2.25498891e-01]
 [-2.88980452e-01  4.57195624e-03]
 [-2.99337310e-01  3.17058605e-01]
 [ 2.75237792e-01 -2.46817534e-01]
 [-2.44694555e-03 -3.54670391e-02]
 [-2.22248731e-01  3.36842579e-02]
 [-1.60576195e-02  1.28761637e-01]
 [ 3.55550782e-02 -7.16183646e-02]
 [ 3.40456108e-02  1.42896579e-02]
 [-5.52710383e-02  1.30467839e-01]
 [ 4.25066280e-01 -1.50610735e-01]
 [-3.53174034e-02 -2.51242872e-01]
 [ 3.85555018e-01 -3.99618481e-02]
 [ 3.93053512e-01 -1.17034044e-01]
 [ 5.98304892e-03  6.57469606e-02]
 [ 1.41360806e-01 -5.94194186e-03]
 [ 8.48740142e-01 -1.97970425e-01]
 [-1.97469330e-01  4.24088820e-01]
 [ 5.96737915e-03  6.62888928e-02]
 [-6.19940375e-02 -1.97067959e-01]
 [ 5.12326922e-01  5.61888118e-02]
 [-1.88960879e-01 -2.42901478e-01]
 [ 8.54815244e-03 -6.98516661e-02]
 [ 3.18468712e-01  3.83192117e-01]
 [ 1.57192372e-01  2.22107469e-01]
 [ 4.39663261e-01  4.11520968e-02]
 [ 3.02495620e-01  2.93026372e-01]
 [ 2.80661099e-01  3.49807406e-01]
 [-2.09235595e-01  1.67306872e-01]
 [-7.18690521e-02 -1.97319531e-01]
 [-2.51348730e-01  1.90331486e-01]
 [ 1.74624545e-02  3.53963321e-01]
 [ 2.10428601e-01 -4.41892259e-02]
 [-8.28284253e-01  3.49612192e-01]
 [ 6.02196487e-02  2.68109890e-01]
 [ 7.54051442e-02  5.97292917e-02]
 [-1.37642901e-01 -2.41524796e-01]
 [ 2.20431260e-01 -3.55892288e-01]
 [-2.10144604e-01 -6.21940731e-02]
 [-2.01567456e-01 -5.60054998e-02]
 [-3.17658196e-01  1.11561782e-01]
 [ 3.48886819e-02 -2.93240771e-04]
 [ 4.80801425e-02  1.38477683e-01]
 [ 2.26713856e-02 -3.09379606e-01]
 [-4.00279371e-01  1.86299369e-01]
 [-1.64227220e-01  2.36890924e-01]
 [-2.89660890e-01  5.94840081e-02]
 [-1.59801987e-01  2.03406073e-01]
 [ 1.93296392e-02 -3.42145030e-01]
 [ 2.77477065e-01  8.01185457e-02]
 [-3.54943587e-01  5.13604629e-02]
 [ 2.83356971e-01 -2.97260868e-02]
 [ 1.55132122e-01  2.90445276e-02]
 [-8.83106997e-02  2.77865933e-02]
 [ 9.06457328e-02  5.99402485e-02]
 [-1.28611227e-01  6.80738080e-02]
 [-1.08858951e-01  2.28829041e-01]
 [-2.39013416e-02 -2.53429007e-01]
 [ 2.25288519e-01 -3.71478171e-02]
 [ 3.57198593e-02 -1.42627435e-01]
 [-2.61292395e-01 -2.99452792e-01]
 [ 6.83609036e-02  6.86753616e-01]
 [-5.59855559e-02  3.08460594e-01]
 [ 7.21620386e-02  1.09960026e-01]
 [ 1.20895467e-01  2.25525759e-01]
 [ 2.76462424e-01 -1.12369048e-01]
 [-9.80430022e-02  3.18909415e-02]
 [ 7.99032420e-04 -2.24779447e-01]
 [-1.16119118e-01 -3.73064177e-02]
 [ 8.91024762e-02  2.40451044e-01]
 [ 3.92863927e-01  3.31890274e-01]
 [-8.15411922e-03  5.73545211e-02]
 [-1.07478192e-01 -3.87082993e-02]
 [-8.26856943e-02 -3.75059504e-01]
 [ 3.72535354e-01  5.79717696e-03]
 [ 1.13541953e-02  1.23229455e-01]
 [ 2.85093649e-02 -1.43316621e-02]
 [-7.41724611e-02 -7.51259458e-02]
 [ 1.88139576e-01 -1.04503305e-01]
 [-1.10965133e-01  8.41338871e-03]
 [-1.72256474e-01 -2.65951385e-01]
 [-2.19306260e-01  3.83235381e-01]
 [ 1.67912481e-01  1.41332294e-01]
 [-5.29860112e-01 -6.00967074e-02]
 [-5.29185498e-02  1.77486033e-01]
 [ 2.12825082e-01 -1.42679611e-01]
 [ 9.34759706e-02 -2.03832552e-01]
 [ 2.25769608e-01  9.45995648e-02]
 [ 1.93604649e-01  4.82883185e-02]
 [ 1.76082796e-02 -1.73365250e-02]
 [ 1.49971064e-01 -2.31286309e-01]
 [ 1.54452959e-01 -7.43200450e-02]
 [ 4.21661021e-01 -2.13789643e-01]
 [ 2.54898890e-01 -1.97256135e-01]
 [-9.51487680e-02  8.87822899e-02]
 [-1.74186856e-01  6.88968229e-02]
 [-1.52383490e-01  9.91849728e-02]
 [-3.43309922e-02  6.96609209e-02]
 [ 1.71365366e-01  3.99747917e-01]
 [ 2.77422719e-01  4.07511345e-01]
 [-1.70599994e-01 -9.16560486e-02]
 [-1.24993138e-01 -5.95343764e-02]
 [ 4.52240005e-02 -8.76735488e-02]
 [-1.05186156e-02 -1.48257430e-01]
 [ 2.34656062e-02 -5.65548790e-01]
 [-1.77436808e-01  2.69251885e-01]
 [-1.33558666e-01 -1.40530372e-01]
 [-2.50163030e-01 -7.95563628e-02]
 [-2.51946365e-02 -1.87417660e-02]
 [-9.97181438e-02 -3.64540897e-01]
 [ 2.66377131e-01 -2.57627791e-02]
 [ 2.42633010e-01 -5.71655838e-02]
 [ 3.41757137e-02  2.80528990e-01]
 [-1.56026539e-01 -9.51980985e-02]
 [-1.11428455e-01 -3.11254141e-01]
 [ 4.19353321e-02  3.36187660e-01]
 [-2.23585218e-01  4.98667502e-02]
 [-4.16129818e-01  2.41177668e-02]
 [ 4.64420886e-01 -1.82330412e-01]
 [ 4.83686141e-01 -4.87392233e-02]
 [ 2.00983635e-02 -2.30790576e-02]
 [-2.00054580e-01 -1.99090318e-01]
 [-2.39557757e-01 -5.71369647e-02]
 [-3.73670855e-01 -3.46808775e-01]
 [ 6.02122612e-02  2.58809415e-02]
 [ 3.36330085e-01  2.59207693e-01]
 [-4.37109442e-01  4.27013047e-02]
 [ 1.13305350e-01  9.78909566e-02]
 [-1.10106795e-01  6.87387418e-02]
 [-1.45943511e-01 -4.01506447e-01]
 [ 6.48275719e-02 -3.33260451e-01]
 [ 1.49411067e-02 -2.95279545e-01]
 [ 2.50241783e-01  2.71841412e-01]
 [-1.29025537e-02  1.28542696e-01]
 [ 1.13120636e-01 -3.53280148e-01]
 [ 1.29979021e-01  3.74265457e-03]
 [-9.22779214e-02  3.15038692e-02]]
States:
[[0.9998288  0.9999788  0.49626912 0.50443211 0.51351172 0.59741242]
 [0.99967652 0.99992716 0.49128865 0.50821494 0.4498024  0.64684776]
 [0.99938273 0.99928525 0.48432107 0.52572394 0.48784153 0.77896736]
 ...
 [0.87437521 0.89079536 0.1725473  0.80154587 0.55356513 0.27740751]
 [0.87990947 0.92384674 0.17901941 0.7560654  0.58181277 0.1911475 ]
 [0.88828811 0.95389473 0.18925355 0.7022041  0.61379116 0.2001547 ]]
Logstds:
[[-3. -3.]
 [-3. -3.]
 [-3. -3.]
 [-3. -3.]
 [-3. -3.]
 [-3. -3.]
 [-3. -3.]
 [-3. -3.]
 [-3. -3.]
 [-3. -3.]
 [-3. -3.]
 [-3. -3.]
 [-3. -3.]
 [-3. -3.]
 [-3. -3.]
 [-3. -3.]
 [-3. -3.]
 [-3. -3.]
 [-3. -3.]
 [-3. -3.]
 [-3. -3.]
 [-3. -3.]
 [-3. -3.]
 [-3. -3.]
 [-3. -3.]
 [-3. -3.]
 [-3. -3.]
 [-3. -3.]
 [-3. -3.]
 [-3. -3.]
 [-3. -3.]
 [-3. -3.]
 [-3. -3.]
 [-3. -3.]
 [-3. -3.]
 [-3. -3.]
 [-3. -3.]
 [-3. -3.]
 [-3. -3.]
 [-3. -3.]
 [-3. -3.]
 [-3. -3.]
 [-3. -3.]
 [-3. -3.]
 [-3. -3.]
 [-3. -3.]
 [-3. -3.]
 [-3. -3.]
 [-3. -3.]
 [-3. -3.]
 [-3. -3.]
 [-3. -3.]
 [-3. -3.]
 [-3. -3.]
 [-3. -3.]
 [-3. -3.]
 [-3. -3.]
 [-3. -3.]
 [-3. -3.]
 [-3. -3.]
 [-3. -3.]
 [-3. -3.]
 [-3. -3.]
 [-3. -3.]
 [-3. -3.]
 [-3. -3.]
 [-3. -3.]
 [-3. -3.]
 [-3. -3.]
 [-3. -3.]
 [-3. -3.]
 [-3. -3.]
 [-3. -3.]
 [-3. -3.]
 [-3. -3.]
 [-3. -3.]
 [-3. -3.]
 [-3. -3.]
 [-3. -3.]
 [-3. -3.]
 [-3. -3.]
 [-3. -3.]
 [-3. -3.]
 [-3. -3.]
 [-3. -3.]
 [-3. -3.]
 [-3. -3.]
 [-3. -3.]
 [-3. -3.]
 [-3. -3.]
 [-3. -3.]
 [-3. -3.]
 [-3. -3.]
 [-3. -3.]
 [-3. -3.]
 [-3. -3.]
 [-3. -3.]
 [-3. -3.]
 [-3. -3.]
 [-3. -3.]
 [-3. -3.]
 [-3. -3.]
 [-3. -3.]
 [-3. -3.]
 [-3. -3.]
 [-3. -3.]
 [-3. -3.]
 [-3. -3.]
 [-3. -3.]
 [-3. -3.]
 [-3. -3.]
 [-3. -3.]
 [-3. -3.]
 [-3. -3.]
 [-3. -3.]
 [-3. -3.]
 [-3. -3.]
 [-3. -3.]
 [-3. -3.]
 [-3. -3.]
 [-3. -3.]
 [-3. -3.]
 [-3. -3.]
 [-3. -3.]
 [-3. -3.]
 [-3. -3.]
 [-3. -3.]
 [-3. -3.]
 [-3. -3.]
 [-3. -3.]
 [-3. -3.]
 [-3. -3.]
 [-3. -3.]
 [-3. -3.]
 [-3. -3.]
 [-3. -3.]
 [-3. -3.]
 [-3. -3.]
 [-3. -3.]
 [-3. -3.]
 [-3. -3.]
 [-3. -3.]
 [-3. -3.]
 [-3. -3.]
 [-3. -3.]
 [-3. -3.]
 [-3. -3.]
 [-3. -3.]
 [-3. -3.]
 [-3. -3.]
 [-3. -3.]
 [-3. -3.]
 [-3. -3.]
 [-3. -3.]
 [-3. -3.]
 [-3. -3.]
 [-3. -3.]
 [-3. -3.]
 [-3. -3.]
 [-3. -3.]
 [-3. -3.]
 [-3. -3.]
 [-3. -3.]
 [-3. -3.]
 [-3. -3.]
 [-3. -3.]
 [-3. -3.]
 [-3. -3.]
 [-3. -3.]
 [-3. -3.]
 [-3. -3.]
 [-3. -3.]
 [-3. -3.]
 [-3. -3.]
 [-3. -3.]
 [-3. -3.]
 [-3. -3.]
 [-3. -3.]
 [-3. -3.]
 [-3. -3.]
 [-3. -3.]
 [-3. -3.]
 [-3. -3.]
 [-3. -3.]
 [-3. -3.]
 [-3. -3.]
 [-3. -3.]
 [-3. -3.]
 [-3. -3.]
 [-3. -3.]
 [-3. -3.]
 [-3. -3.]
 [-3. -3.]
 [-3. -3.]
 [-3. -3.]
 [-3. -3.]
 [-3. -3.]
 [-3. -3.]
 [-3. -3.]
 [-3. -3.]]
