Baseline:
[1.2662245 1.2665533 1.299683  1.2956638 1.2895497 1.285081  1.304728
 1.2911457 1.3046502 1.2925304 1.2854854 1.2718275 1.26023   1.2759362
 1.305498  1.3182081 1.3078384 1.3276423 1.3320932 1.3248814 1.306098
 1.3111335 1.3053122 1.305152  1.2972778 1.293383  1.2369024 1.2430749
 1.2492112 1.2123264 1.2247206 1.2241141 1.2467166 1.2505172 1.2282586
 1.1960429 1.1607893 1.1503664 1.1324462 1.13896   1.1669474 1.166421
 1.1737007 1.1871234 1.1738995 1.1838812 1.1827998 1.1858542 1.1619197
 1.1837634 1.1850921 1.1737999 1.1946169 1.1608281 1.1826824 1.2173127
 1.1798434 1.2138506 1.239879  1.274824  1.2795103 1.2815343 1.2535477
 1.252082  1.261463  1.2895926 1.2962645 1.2862374 1.3171753 1.3341721
 1.3429788 1.3602425 1.3303252 1.3368425 1.3488293 1.3201249 1.346111
 1.3367249 1.3330235 1.3434582 1.3398207 1.3227352 1.3202299 1.3389462
 1.3152491 1.3246865 1.3236799 1.3225931 1.3057019 1.3050438 1.2931868
 1.3040193 1.3103034 1.2973542 1.2845273 1.2800368 1.2855786 1.2824072
 1.293756  1.2893308 1.29289   1.2885666 1.3138056 1.3348149 1.3496121
 1.324957  1.3047272 1.3013943 1.29911   1.2906679 1.289401  1.3187212
 1.3261383 1.3094771 1.3188311 1.3151673 1.3061818 1.292565  1.2703847
 1.2525532 1.2261709 1.2028474 1.1843909 1.1752785 1.1785388 1.168242
 1.1509179 1.0610478 1.0401419 1.0216485 1.0189697 1.0344019 1.0610994
 1.0672766 1.0686107 1.0865668 1.1023241 1.0690137 1.0845951 1.1025492
 1.0515072 1.0626959 1.070645  1.0834936 1.1086444 1.0880316 1.0919266
 1.0963957 1.0982908 1.0886306 1.1020929 1.110637  1.128748  1.1308824
 1.1482328 1.1553065 1.1777635 1.1748829 1.1849946 1.176221  1.1859778
 1.1874708 1.1759115 1.1668035 1.1666685 1.1447994 1.1500376 1.1303962
 1.1497571 1.1593447 1.1859154 1.1779244 1.1884955 1.1925715 1.1852245
 1.1802074 1.1957232 1.1880901 1.1882849 1.1800617 1.206049  1.200945
 1.1812693 1.2023182 1.184553  1.1965603 1.1853018 1.2039165 1.1923753
 1.171954  1.1438714 1.135812  1.1324543 1.122735  1.1234283 1.1112196
 1.1182946 1.1035842 1.0872558 1.0839022 1.0839022]
Returns:
[4.95946293 4.94941532 4.7146698  4.71060424 4.79210193 4.88110362
 4.88337443 4.94281616 4.97202605 4.9651747  5.06962522 5.12668618
 5.16712173 5.08360598 4.97832421 4.98526613 5.04918304 5.07597374
 5.15365367 5.19871507 5.24718549 5.30608512 5.29077716 5.27537131
 5.32678585 5.29855322 5.0178987  5.07581142 5.15629659 5.07966482
 5.11061351 4.9679399  4.88941668 4.91565947 4.73418492 4.69074211
 4.59072314 4.45337413 4.41025598 4.44868591 4.34154864 4.32829845
 4.39816073 4.34809394 4.37581029 4.27250441 4.24792788 4.28841092
 4.15658206 4.14874824 4.19321477 4.15473899 4.19221474 4.08650048
 4.14517329 4.12992023 3.88089103 3.91979413 3.94447934 3.8673599
 3.96390554 4.05937442 3.96879162 3.99384237 4.10275472 4.11661736
 4.23098957 4.15081563 4.06917901 4.12646721 4.23345024 4.30307772
 4.28933866 4.40313654 4.47069283 4.47105676 4.23242726 4.28809702
 4.3902655  4.38587832 4.42299071 4.24452703 4.31501161 4.12639818
 4.12916802 4.09671013 3.95056516 3.92626022 3.91285255 3.9554765
 3.92681308 3.82977672 3.82397647 3.83843442 3.84596908 3.8789411
 3.89204594 3.84660448 3.72925358 3.77149073 3.8017412  3.83057301
 3.71401575 3.62861144 3.55683975 3.53265014 3.42689737 3.40396313
 3.39667437 3.41013021 3.40624641 3.16743598 3.12274912 3.11553205
 3.04572216 2.74465678 2.76493402 2.80678042 2.65847805 2.69071142
 2.68484313 2.7313949  2.77376644 2.73012721 2.6890094  2.67529814
 2.78790886 2.70664254 2.80613589 2.83067    2.93432386 2.84754858
 2.76332176 2.84789713 2.85423028 2.86733495 2.80890877 2.70829968
 2.74147229 2.75954437 2.72525696 2.60260078 2.63358012 2.67200517
 2.60804035 2.57462346 2.67035841 2.67131915 2.76067391 2.71004501
 2.76549794 2.61246169 2.61519589 2.7033417  2.56016114 2.60214068
 2.57288784 2.58842623 2.63488016 2.65777121 2.72807772 2.82051376
 2.58348167 2.65190476 2.56713183 2.41422021 2.50502937 2.37079124
 2.37800364 2.38460665 2.18417511 2.14245262 2.01231294 1.94045104
 1.98240294 2.01911677 2.00422426 2.04092009 2.01997213 1.98378605
 1.85595092 1.88252107 1.78722902 1.60516025 1.54266083 1.35589091
 1.34876613 1.10682066 1.11176009 1.09388603 0.97810603 0.97035923
 0.88473006 0.84387618 0.76810871 0.51498217 0.45367429 0.32221249
 0.2289027  0.15563689]
Advants:
[2.36911846 2.35984692 2.08488597 2.07714873 2.15912414 2.24936883
 2.22795478 2.29885553 2.31274234 2.31620039 2.42917952 2.50369557
 2.56145856 2.46538585 2.32978955 2.32302609 2.39853001 2.40705405
 2.48421602 2.54237391 2.61809371 2.6828108  2.68480848 2.68155377
 2.75568882 2.7467091  2.53226856 2.59617151 2.68601855 2.66186074
 2.69790626 2.57042641 2.48200293 2.51892355 2.37049519 2.37062748
 2.316186   2.19653762 2.17845812 2.21908632 2.08923668 2.08184368
 2.15214689 2.0950721  2.14423962 2.0363765  2.01804112 2.06222677
 1.95832804 1.93206865 1.98025006 1.95769887 1.97989986 1.91176434
 1.95383438 1.90810706 1.69451408 1.69735521 1.69374066 1.57574545
 1.66400992 1.75644363 1.69081413 1.71485893 1.81478638 1.80050808
 1.91152703 1.84281209 1.72830964 1.76775502 1.86804965 1.92433175
 1.94526233 2.06101828 2.12750374 2.16931695 1.91034775 1.98354328
 2.10152046 2.09937886 2.15514954 2.00508054 2.09260047 1.8946263
 1.93206452 1.90077923 1.76266593 1.74635329 1.75743822 1.81030765
 1.80338574 1.7029071  1.69846888 1.73502124 1.7659368  1.81601085
 1.83749381 1.80902216 1.69131589 1.75135134 1.79338052 1.84420551
 1.7171989  1.62354364 1.54814254 1.56074157 1.48574078 1.47695161
 1.48352566 1.51866584 1.53033815 1.26942148 1.22353441 1.24001717
 1.16604317 0.8650755  0.89137349 0.94533469 0.813682   0.85929346
 0.87560912 0.94308955 1.00319999 0.9668266  0.91907223 0.91188815
 1.0417508  1.05054238 1.17486909 1.22348954 1.33918023 1.24396672
 1.13720154 1.22253789 1.2352208  1.23855763 1.17096567 1.10873863
 1.13237761 1.13906228 1.16346105 1.03377218 1.06202458 1.09405912
 1.00919558 1.00060968 1.09986764 1.10430072 1.20308342 1.17313521
 1.22838367 1.07619328 1.07053067 1.16974418 1.01857493 1.06471965
 1.02360674 1.05409507 1.10465878 1.15273565 1.23296836 1.34808374
 1.14186912 1.24269694 1.18072248 1.07022142 1.18073004 1.08965123
 1.10264828 1.12685912 0.92234826 0.91198082 0.79227252 0.73677765
 0.80978578 0.87853643 0.87650907 0.95300757 0.96612098 0.97446759
 0.85529045 0.9255407  0.88944802 0.72293892 0.71654837 0.55323361
 0.59597852 0.36925995 0.42297499 0.46600708 0.41953129 0.46458654
 0.42832492 0.44615643 0.42046835 0.22719728 0.20840538 0.14185854
 0.11697746 0.10144174]
Mus:
[[-1.69234872e-02 -6.03276584e-03]
 [-1.68811418e-02 -5.58359921e-03]
 [-1.71456579e-02 -6.12334674e-03]
 [-1.66138653e-02 -5.47491666e-03]
 [-1.66796893e-02 -5.41394716e-03]
 [-1.69337094e-02 -5.66737028e-03]
 [-1.70705002e-02 -5.77985262e-03]
 [-1.72056593e-02 -5.88835636e-03]
 [-1.66060198e-02 -5.37303742e-03]
 [-1.74350366e-02 -6.18458213e-03]
 [-1.72014125e-02 -6.14711735e-03]
 [-1.74562354e-02 -6.64459169e-03]
 [-1.60355996e-02 -5.84781915e-03]
 [-1.54045001e-02 -5.15781716e-03]
 [-1.48875276e-02 -4.58339415e-03]
 [-1.55510716e-02 -5.14716841e-03]
 [-1.61397494e-02 -5.60605666e-03]
 [-1.61805321e-02 -5.59407612e-03]
 [-1.68472286e-02 -6.06989674e-03]
 [-1.58256982e-02 -5.27729047e-03]
 [-1.60701554e-02 -5.50963543e-03]
 [-1.52608110e-02 -4.90777986e-03]
 [-1.44132143e-02 -4.11805930e-03]
 [-1.55528346e-02 -5.11193043e-03]
 [-1.50533142e-02 -4.64803260e-03]
 [-1.43124629e-02 -3.85540328e-03]
 [-1.34174079e-02 -3.47183086e-03]
 [-1.36319781e-02 -3.93803185e-03]
 [-1.36371879e-02 -4.18963609e-03]
 [-1.20826131e-02 -3.68375075e-03]
 [-1.20346379e-02 -4.13655350e-03]
 [-1.16463117e-02 -3.40689160e-03]
 [-1.21160047e-02 -3.28592118e-03]
 [-1.23795727e-02 -3.17127351e-03]
 [-1.15771852e-02 -3.69109469e-03]
 [-1.02651427e-02 -3.29418806e-03]
 [-8.57521687e-03 -2.66129430e-03]
 [-6.79541007e-03 -3.01885861e-03]
 [-4.52782027e-03 -2.84987991e-03]
 [-2.99120136e-03 -2.59804563e-03]
 [-3.15496908e-03 -2.50279484e-03]
 [-1.80389232e-03 -2.71847006e-03]
 [-7.33950932e-04 -2.44221953e-03]
 [ 1.49077721e-04 -1.77515065e-03]
 [ 2.07653968e-03 -1.30794640e-03]
 [ 2.00730143e-03 -7.68716214e-04]
 [ 3.37916869e-03 -1.00211566e-03]
 [ 4.68968088e-03 -1.00126443e-03]
 [ 7.90865999e-03  5.83112065e-04]
 [ 7.52944220e-03  5.72989520e-04]
 [ 9.14631970e-03  7.42703909e-04]
 [ 1.20066619e-02  1.21413847e-03]
 [ 1.26867788e-02  1.74207881e-03]
 [ 1.51304994e-02  2.59347470e-03]
 [ 1.60176978e-02  2.86499830e-03]
 [ 1.56755131e-02  3.32061457e-03]
 [ 1.77601855e-02  3.74106970e-03]
 [ 1.68072991e-02  3.47246975e-03]
 [ 1.51659297e-02  2.73582805e-03]
 [ 1.39266374e-02  3.20645398e-03]
 [ 1.35865714e-02  3.48960748e-03]
 [ 1.26327239e-02  3.11794830e-03]
 [ 1.13568744e-02  2.43780529e-03]
 [ 9.92933381e-03  2.45638122e-03]
 [ 7.60257803e-03  1.92354468e-03]
 [ 4.17958619e-03  7.07639323e-04]
 [ 1.69633969e-03  2.42526858e-05]
 [-2.22094753e-03 -1.53296744e-03]
 [-4.36193869e-03 -1.64663361e-03]
 [-4.68980428e-03 -1.04109244e-03]
 [-6.30764803e-03 -1.46098516e-03]
 [-7.51354452e-03 -1.68593507e-03]
 [-8.53252597e-03 -1.96461473e-03]
 [-1.00909509e-02 -2.47849361e-03]
 [-1.09574981e-02 -2.59938720e-03]
 [-1.16653033e-02 -3.29721160e-03]
 [-1.05295107e-02 -2.11707945e-03]
 [-9.96905286e-03 -1.69970107e-03]
 [-1.18126068e-02 -2.61616032e-03]
 [-1.35761816e-02 -3.11821909e-03]
 [-1.35902315e-02 -2.85581802e-03]
 [-1.17344651e-02 -1.72542082e-03]
 [-1.25153139e-02 -2.07468076e-03]
 [-1.55772194e-02 -3.66373826e-03]
 [-1.57610364e-02 -3.87253053e-03]
 [-1.74256749e-02 -4.67367517e-03]
 [-1.61644388e-02 -3.66073917e-03]
 [-1.54500362e-02 -3.08971340e-03]
 [-1.53484205e-02 -3.15388641e-03]
 [-1.59823373e-02 -3.52752139e-03]
 [-1.51798613e-02 -3.01895617e-03]
 [-1.69025268e-02 -4.06731758e-03]
 [-1.66546945e-02 -3.79585847e-03]
 [-1.64497029e-02 -3.64776212e-03]
 [-1.60361510e-02 -3.46905040e-03]
 [-1.57382898e-02 -3.32709658e-03]
 [-1.56917069e-02 -3.26911500e-03]
 [-1.50227668e-02 -2.75747501e-03]
 [-1.64597817e-02 -3.83599545e-03]
 [-1.65577661e-02 -3.93034145e-03]
 [-1.70150790e-02 -4.17463854e-03]
 [-1.76283997e-02 -4.62854374e-03]
 [-1.80828739e-02 -4.70957765e-03]
 [-1.84292551e-02 -5.10001462e-03]
 [-1.90048907e-02 -5.57916285e-03]
 [-1.95235759e-02 -5.54385968e-03]
 [-1.93261746e-02 -4.87840641e-03]
 [-1.88317578e-02 -4.34319675e-03]
 [-1.83385480e-02 -3.92130762e-03]
 [-1.79955699e-02 -3.65835847e-03]
 [-1.74554363e-02 -3.20012402e-03]
 [-1.64465252e-02 -2.52570072e-03]
 [-1.62780508e-02 -2.39581079e-03]
 [-1.55716548e-02 -1.85456593e-03]
 [-1.56732015e-02 -1.86110009e-03]
 [-1.88013036e-02 -3.99447978e-03]
 [-1.92180015e-02 -4.14117053e-03]
 [-1.77421253e-02 -3.48928338e-03]
 [-1.86791942e-02 -4.32948209e-03]
 [-1.79687347e-02 -3.96870635e-03]
 [-1.85681824e-02 -4.44645202e-03]
 [-1.98951494e-02 -5.23851952e-03]
 [-2.07210798e-02 -5.68334246e-03]
 [-1.99644249e-02 -5.23986667e-03]
 [-1.96310952e-02 -5.05872164e-03]
 [-2.22509615e-02 -6.42694812e-03]
 [-2.24562548e-02 -6.41241949e-03]
 [-1.65423434e-02 -3.00059840e-03]
 [-1.60165858e-02 -2.79714935e-03]
 [-1.45560419e-02 -2.10407027e-03]
 [-1.44314654e-02 -2.04542861e-03]
 [-1.40407691e-02 -1.40956312e-03]
 [-1.48377735e-02 -1.61422079e-03]
 [-1.45983249e-02 -1.45604857e-03]
 [-1.63176600e-02 -2.56822282e-03]
 [-1.58115644e-02 -2.28400715e-03]
 [-1.85968187e-02 -3.88274412e-03]
 [-1.67630725e-02 -2.90752482e-03]
 [-1.77676752e-02 -3.43939406e-03]
 [-1.89210530e-02 -4.11723228e-03]
 [-1.77178979e-02 -3.59246577e-03]
 [-1.59328282e-02 -2.31578457e-03]
 [-1.45627549e-02 -1.46854867e-03]
 [-1.29601089e-02 -6.45288615e-04]
 [-1.03082024e-02  6.55914540e-04]
 [-1.03993695e-02  5.52086974e-04]
 [-9.86178499e-03  6.55880547e-04]
 [-7.68519100e-03  1.90534245e-03]
 [-6.38373010e-03  2.50368658e-03]
 [-7.47850770e-03  1.55997917e-03]
 [-6.13437081e-03  2.19763815e-03]
 [-2.85383617e-03  4.11597593e-03]
 [ 4.57890244e-04  5.64054726e-03]
 [ 2.23715580e-03  6.29204325e-03]
 [ 7.04869069e-03  8.64669401e-03]
 [ 9.93845984e-03  1.00091826e-02]
 [ 1.40891541e-02  1.15473494e-02]
 [ 1.55891543e-02  1.16561297e-02]
 [ 1.81788132e-02  1.28750904e-02]
 [ 1.89946257e-02  1.27560785e-02]
 [ 2.14160662e-02  1.35289766e-02]
 [ 2.34128237e-02  1.39573999e-02]
 [ 2.28435174e-02  1.41922245e-02]
 [ 2.27519162e-02  1.40976394e-02]
 [ 2.40287948e-02  1.37660783e-02]
 [ 2.27671340e-02  1.33619839e-02]
 [ 2.32217219e-02  1.35111623e-02]
 [ 2.19041146e-02  1.26822386e-02]
 [ 2.35742051e-02  1.30818486e-02]
 [ 2.37356368e-02  1.34977521e-02]
 [ 2.55063660e-02  1.40807079e-02]
 [ 2.43483074e-02  1.39214536e-02]
 [ 2.59726495e-02  1.37662077e-02]
 [ 2.67886091e-02  1.32871578e-02]
 [ 2.62861978e-02  1.31256524e-02]
 [ 2.54756045e-02  1.27914390e-02]
 [ 2.51740627e-02  1.26698390e-02]
 [ 2.42181625e-02  1.21268146e-02]
 [ 2.32413989e-02  1.21048540e-02]
 [ 2.21929941e-02  1.10126222e-02]
 [ 2.35758852e-02  1.13055948e-02]
 [ 2.26260964e-02  1.07669113e-02]
 [ 2.02805381e-02  9.15019959e-03]
 [ 2.06356291e-02  8.75819009e-03]
 [ 1.94394235e-02  8.63241311e-03]
 [ 1.79721639e-02  7.03069801e-03]
 [ 1.59871131e-02  5.88203408e-03]
 [ 1.42163336e-02  4.93129017e-03]
 [ 1.19606489e-02  4.09163581e-03]
 [ 1.00371633e-02  3.39526148e-03]
 [ 8.82274564e-03  2.95454380e-03]
 [ 7.33927591e-03  2.28185789e-03]
 [ 7.52739515e-03  2.88241403e-03]
 [ 6.79529505e-03  2.80732289e-03]
 [ 4.14812705e-03  1.31742551e-03]
 [ 4.76281112e-03  2.39224359e-03]
 [ 2.85458798e-03  1.55176234e-03]
 [ 9.77228396e-04  1.42153865e-03]
 [-1.65060465e-03  7.73527194e-04]
 [-3.67552857e-03 -2.09836158e-04]]
Actions:
[[ 0.18489364 -0.18264725]
 [ 0.08033102  0.56270335]
 [ 0.09980934 -0.2305671 ]
 [-0.06261357 -0.09621917]
 [-0.13420159  0.03226098]
 [ 0.11218903  0.26292316]
 [-0.1986985  -0.10237446]
 [ 0.22177452  0.02388651]
 [-0.36934024  0.1159377 ]
 [-0.10299253 -0.03384408]
 [-0.28694783  0.06940764]
 [ 0.04663182 -0.21499396]
 [ 0.36302335 -0.06469934]
 [ 0.38948218  0.1001595 ]
 [-0.08840485  0.31076458]
 [-0.24202314  0.04404122]
 [ 0.13838595  0.22215232]
 [-0.12079156  0.19754432]
 [ 0.06001582 -0.19818518]
 [-0.25618646 -0.07782041]
 [ 0.17051592 -0.06058955]
 [ 0.16551191 -0.23163324]
 [-0.29498942  0.27780497]
 [ 0.06740455 -0.16621405]
 [ 0.21376302 -0.22951288]
 [-0.3601951  -0.50479566]
 [-0.12523884  0.18647362]
 [-0.04656819  0.13198989]
 [-0.23664523 -0.32817802]
 [-0.07890476  0.25769847]
 [ 0.32522884 -0.262402  ]
 [ 0.32845207  0.04526939]
 [ 0.13753822 -0.08415936]
 [-0.5247479   0.13136345]
 [-0.21010627 -0.25082135]
 [-0.18470039 -0.35765136]
 [-0.43705446  0.20171235]
 [-0.32266828 -0.04506559]
 [ 0.0510134   0.09355111]
 [ 0.33671838  0.14801978]
 [-0.25756267  0.15907361]
 [ 0.03421316  0.05823458]
 [ 0.26459562 -0.03228382]
 [-0.18648664 -0.10199029]
 [ 0.32462646 -0.13303763]
 [-0.29899912  0.18407711]
 [-0.17301133  0.14193906]
 [-0.09427853 -0.41810613]
 [ 0.1929099   0.14272017]
 [-0.17852877  0.13145463]
 [-0.37316628  0.10565862]
 [ 0.16415435  0.06483952]
 [-0.39044556 -0.23732976]
 [ 0.05055225  0.17719818]
 [ 0.29514866  0.03961121]
 [-0.54632989 -0.22501386]
 [ 0.12276963  0.20243336]
 [ 0.03153803  0.30325931]
 [ 0.38786237 -0.02440308]
 [ 0.01115704 -0.08597341]
 [-0.14870397  0.04990785]
 [-0.44960241 -0.1050973 ]
 [-0.12541381 -0.23635848]
 [-0.06280984 -0.02737641]
 [ 0.1036402   0.33186723]
 [-0.08313046  0.04706744]
 [-0.48272424  0.11265736]
 [ 0.4004343   0.1377627 ]
 [ 0.16801734 -0.09984387]
 [ 0.01148877  0.10401908]
 [ 0.12356175  0.15727452]
 [-0.33139266 -0.19678852]
 [ 0.01564384  0.11051818]
 [ 0.17293241  0.10832686]
 [-0.39680618  0.02268818]
 [ 0.52617164 -0.05965431]
 [-0.03504114 -0.18997317]
 [-0.09507846  0.1342535 ]
 [ 0.24808335  0.12971726]
 [ 0.12400492 -0.15257067]
 [ 0.09872121 -0.46110165]
 [ 0.02948907  0.01693015]
 [ 0.05535733  0.53012981]
 [-0.25097525 -0.1568398 ]
 [ 0.12521181  0.29307645]
 [ 0.33006824 -0.23314843]
 [ 0.18302886 -0.13314194]
 [-0.21310191 -0.13964416]
 [-0.02131647  0.09424921]
 [ 0.01215334 -0.24651981]
 [-0.0048193   0.38914615]
 [ 0.18923581  0.01573851]
 [-0.0743143  -0.14135583]
 [-0.10552328 -0.16702917]
 [ 0.0108138  -0.08139449]
 [ 0.13466578  0.04271077]
 [ 0.11747127 -0.20972588]
 [-0.13365993  0.4152211 ]
 [-0.04343277 -0.00382905]
 [ 0.02500063  0.09603779]
 [-0.12726238  0.09490517]
 [ 0.27094842  0.22810727]
 [ 0.05792625  0.36185838]
 [ 0.06164505  0.32672403]
 [-0.1024596  -0.21711277]
 [ 0.09793858 -0.3161983 ]
 [ 0.15578468 -0.09787318]
 [ 0.11161851 -0.0422826 ]
 [ 0.01249611 -0.05846955]
 [ 0.12061822 -0.04827841]
 [ 0.41002884  0.25322537]
 [ 0.14148028  0.21499789]
 [ 0.00882015 -0.14556341]
 [ 0.1567234   0.26141052]
 [-0.38615344  0.48366317]
 [ 0.05824136  0.09678075]
 [ 0.07636975  0.02860389]
 [-0.27996246  0.41861732]
 [ 0.05091629 -0.16834618]
 [-0.22225437  0.228446  ]
 [-0.23346888 -0.08493984]
 [-0.10815062  0.27456667]
 [ 0.10209433 -0.37666425]
 [ 0.11080503  0.39263339]
 [-0.21980818 -0.31022494]
 [-0.03250347 -0.14104208]
 [-0.07695429  0.45926363]
 [-0.15907053 -0.00530061]
 [-0.07791749 -0.27912458]
 [-0.01775783 -0.04262558]
 [ 0.38533495 -0.03964375]
 [ 0.25026252  0.29087323]
 [ 0.05797292  0.04166343]
 [-0.27601597  0.17679228]
 [ 0.20980161  0.17075205]
 [-0.18862082  0.36852453]
 [-0.07759623 -0.45301662]
 [ 0.05067664  0.23441987]
 [ 0.03613511  0.27971391]
 [-0.33836639 -0.2463226 ]
 [ 0.43156316 -0.02739084]
 [ 0.22018979 -0.05139967]
 [ 0.18909827  0.03637758]
 [ 0.33480715  0.12259168]
 [-0.29897692 -0.2501004 ]
 [-0.05829438  0.06778606]
 [ 0.20465974 -0.20655975]
 [ 0.0220224  -0.06841876]
 [-0.3749466   0.17150365]
 [ 0.16614503  0.06813438]
 [ 0.37104023 -0.31598787]
 [ 0.26461721 -0.03176527]
 [-0.04644114 -0.03697636]
 [ 0.45016766 -0.1214653 ]
 [ 0.11813541 -0.15627566]
 [ 0.22126684  0.25307784]
 [-0.26547369  0.13250148]
 [ 0.20712355 -0.11941721]
 [-0.25445323  0.12799935]
 [ 0.12957119  0.15592941]
 [ 0.02142455  0.18704858]
 [-0.01950286 -0.59150343]
 [-0.08552341 -0.18506094]
 [-0.17445426  0.39585277]
 [-0.24506586 -0.43313258]
 [ 0.04380003 -0.03536705]
 [-0.4073206  -0.22969071]
 [ 0.13486125  0.21980249]
 [ 0.17026709 -0.17965421]
 [ 0.36776649  0.36703827]
 [-0.02550657 -0.30421744]
 [-0.03675571  0.41833927]
 [-0.08506349  0.33247944]
 [-0.00226572 -0.08344886]
 [-0.01268544 -0.04796919]
 [ 0.1954798   0.13140178]
 [-0.05493531 -0.03672809]
 [ 0.18561014 -0.12063271]
 [-0.24164239  0.08436798]
 [ 0.28493694  0.2848951 ]
 [ 0.01620131  0.01155266]
 [-0.32788848  0.05143327]
 [ 0.21726146  0.40309686]
 [ 0.06453868 -0.23304024]
 [-0.08166273  0.43297998]
 [-0.10328128  0.05341062]
 [ 0.22674861  0.44980879]
 [ 0.03007088 -0.01198663]
 [-0.04879999 -0.11191732]
 [-0.16771717 -0.27451553]
 [-0.03276228  0.03217059]
 [ 0.22114003 -0.15625591]
 [ 0.04046501 -0.1481735 ]
 [-0.11288053  0.23156344]
 [ 0.25218386 -0.37887278]
 [ 0.0506912   0.15591473]
 [ 0.17355328 -0.22802758]
 [ 0.037904   -0.189555  ]
 [-0.09288601  0.06724588]
 [-0.27291255  0.14462464]]
States:
[[0.99926732 0.99977853 0.48206349 0.48567885 0.51337471 0.59736606]
 [0.99945386 0.9996532  0.48581943 0.48207988 0.5608069  0.549479  ]
 [0.99978989 0.99979196 0.49483552 0.48611979 0.58041102 0.69787743]
 ...
 [0.6700285  0.         0.03099856 0.70377907 0.81453683 0.65751953]
 [0.71335861 0.         0.04943625 0.69896289 0.81830046 0.60664767]
 [0.75305237 0.         0.07084419 0.69643452 0.78842175 0.62407944]]
Logstds:
[[-3. -3.]
 [-3. -3.]
 [-3. -3.]
 [-3. -3.]
 [-3. -3.]
 [-3. -3.]
 [-3. -3.]
 [-3. -3.]
 [-3. -3.]
 [-3. -3.]
 [-3. -3.]
 [-3. -3.]
 [-3. -3.]
 [-3. -3.]
 [-3. -3.]
 [-3. -3.]
 [-3. -3.]
 [-3. -3.]
 [-3. -3.]
 [-3. -3.]
 [-3. -3.]
 [-3. -3.]
 [-3. -3.]
 [-3. -3.]
 [-3. -3.]
 [-3. -3.]
 [-3. -3.]
 [-3. -3.]
 [-3. -3.]
 [-3. -3.]
 [-3. -3.]
 [-3. -3.]
 [-3. -3.]
 [-3. -3.]
 [-3. -3.]
 [-3. -3.]
 [-3. -3.]
 [-3. -3.]
 [-3. -3.]
 [-3. -3.]
 [-3. -3.]
 [-3. -3.]
 [-3. -3.]
 [-3. -3.]
 [-3. -3.]
 [-3. -3.]
 [-3. -3.]
 [-3. -3.]
 [-3. -3.]
 [-3. -3.]
 [-3. -3.]
 [-3. -3.]
 [-3. -3.]
 [-3. -3.]
 [-3. -3.]
 [-3. -3.]
 [-3. -3.]
 [-3. -3.]
 [-3. -3.]
 [-3. -3.]
 [-3. -3.]
 [-3. -3.]
 [-3. -3.]
 [-3. -3.]
 [-3. -3.]
 [-3. -3.]
 [-3. -3.]
 [-3. -3.]
 [-3. -3.]
 [-3. -3.]
 [-3. -3.]
 [-3. -3.]
 [-3. -3.]
 [-3. -3.]
 [-3. -3.]
 [-3. -3.]
 [-3. -3.]
 [-3. -3.]
 [-3. -3.]
 [-3. -3.]
 [-3. -3.]
 [-3. -3.]
 [-3. -3.]
 [-3. -3.]
 [-3. -3.]
 [-3. -3.]
 [-3. -3.]
 [-3. -3.]
 [-3. -3.]
 [-3. -3.]
 [-3. -3.]
 [-3. -3.]
 [-3. -3.]
 [-3. -3.]
 [-3. -3.]
 [-3. -3.]
 [-3. -3.]
 [-3. -3.]
 [-3. -3.]
 [-3. -3.]
 [-3. -3.]
 [-3. -3.]
 [-3. -3.]
 [-3. -3.]
 [-3. -3.]
 [-3. -3.]
 [-3. -3.]
 [-3. -3.]
 [-3. -3.]
 [-3. -3.]
 [-3. -3.]
 [-3. -3.]
 [-3. -3.]
 [-3. -3.]
 [-3. -3.]
 [-3. -3.]
 [-3. -3.]
 [-3. -3.]
 [-3. -3.]
 [-3. -3.]
 [-3. -3.]
 [-3. -3.]
 [-3. -3.]
 [-3. -3.]
 [-3. -3.]
 [-3. -3.]
 [-3. -3.]
 [-3. -3.]
 [-3. -3.]
 [-3. -3.]
 [-3. -3.]
 [-3. -3.]
 [-3. -3.]
 [-3. -3.]
 [-3. -3.]
 [-3. -3.]
 [-3. -3.]
 [-3. -3.]
 [-3. -3.]
 [-3. -3.]
 [-3. -3.]
 [-3. -3.]
 [-3. -3.]
 [-3. -3.]
 [-3. -3.]
 [-3. -3.]
 [-3. -3.]
 [-3. -3.]
 [-3. -3.]
 [-3. -3.]
 [-3. -3.]
 [-3. -3.]
 [-3. -3.]
 [-3. -3.]
 [-3. -3.]
 [-3. -3.]
 [-3. -3.]
 [-3. -3.]
 [-3. -3.]
 [-3. -3.]
 [-3. -3.]
 [-3. -3.]
 [-3. -3.]
 [-3. -3.]
 [-3. -3.]
 [-3. -3.]
 [-3. -3.]
 [-3. -3.]
 [-3. -3.]
 [-3. -3.]
 [-3. -3.]
 [-3. -3.]
 [-3. -3.]
 [-3. -3.]
 [-3. -3.]
 [-3. -3.]
 [-3. -3.]
 [-3. -3.]
 [-3. -3.]
 [-3. -3.]
 [-3. -3.]
 [-3. -3.]
 [-3. -3.]
 [-3. -3.]
 [-3. -3.]
 [-3. -3.]
 [-3. -3.]
 [-3. -3.]
 [-3. -3.]
 [-3. -3.]
 [-3. -3.]
 [-3. -3.]
 [-3. -3.]
 [-3. -3.]
 [-3. -3.]
 [-3. -3.]
 [-3. -3.]
 [-3. -3.]
 [-3. -3.]
 [-3. -3.]]
