Baseline:
[0.48608172 0.49386933 0.48918274 0.48802045 0.51216453 0.5240186
 0.5242836  0.5207991  0.52265924 0.5182155  0.5075147  0.536166
 0.5168891  0.51603514 0.5367029  0.5337463  0.52822185 0.5415748
 0.5335545  0.5362816  0.54052633 0.52221507 0.51056784 0.499291
 0.47872368 0.47228017 0.4625485  0.43322942 0.4244462  0.40693042
 0.39940098 0.37760356 0.36753026 0.3564965  0.3644543  0.38299108
 0.391175   0.30869764 0.30293953 0.31029543 0.32081875 0.33718574
 0.33803636 0.35844177 0.3593466  0.3588234  0.35867488 0.35364473
 0.28843257 0.27685907 0.25181514 0.26882738 0.24861026 0.2665925
 0.24918978 0.24796732 0.23031957 0.22914572 0.22878203 0.22473364
 0.22904305 0.23348331 0.24259333 0.24537542 0.23454073 0.22006583
 0.23152295 0.2594945  0.25976738 0.28146842 0.23774897 0.19934165
 0.22657606 0.20790543 0.19199656 0.18682134 0.19822653 0.19775547
 0.19702074 0.18598135 0.19101883 0.18640709 0.1863637  0.20577398
 0.21796276 0.25003523 0.24393791 0.25621513 0.24478689 0.24320883
 0.24381623 0.26282334 0.24243236 0.25678158 0.26510772 0.2559435
 0.2646668  0.26003975 0.26505348 0.26775765 0.2741938  0.2821685
 0.2888238  0.2916311  0.26406842 0.24190378 0.24325608 0.2586575
 0.2586245  0.27053443 0.2554405  0.26303917 0.26898333 0.28658193
 0.2823497  0.30304804 0.31120747 0.33238238 0.34815347 0.3640711
 0.3687118  0.37606677 0.38356212 0.38727924 0.39442813 0.40886462
 0.4148002  0.42395043 0.43509272 0.42923787 0.43144107 0.4396341
 0.44700718 0.42926395 0.41391495 0.40523285 0.40985113 0.41264877
 0.42108962 0.39573115 0.37729815 0.39765385 0.38209364 0.3646729
 0.35769367 0.34164712 0.35074311 0.34386742 0.3338333  0.30437604
 0.28703412 0.30387068 0.288717   0.28723848 0.27627477 0.26905495
 0.2673945  0.26786447 0.25959194 0.25666532 0.2520752  0.25198424
 0.2437977  0.23686326 0.23661101 0.25185126 0.2573241  0.24482349
 0.23450094 0.23546758 0.21847244 0.2188038  0.19444682 0.19976738
 0.19762369 0.19190648 0.19052589 0.18824834 0.174137   0.15524377
 0.14318255 0.15449972 0.1704979  0.17590223 0.1513952  0.14773093
 0.12958355 0.13582027 0.17012092 0.18440804 0.1972529  0.19029745
 0.21475384 0.24296579 0.23929039 0.25350335 0.2503786  0.25234583
 0.25052774 0.2333307  0.2333307 ]
Returns:
[ 6.97843749e-01  6.97899825e-01  6.76128362e-01  6.57181560e-01
  3.13860804e-01  2.55830477e-01  2.83360366e-01  3.22849127e-01
  2.59039405e-01  2.92504652e-01  2.85163348e-01 -3.12407966e-02
 -1.22400701e-01 -1.13728924e-01 -2.89304930e-01 -5.95793931e-01
 -6.23205741e-01 -7.19860923e-01 -7.12468762e-01 -7.43318690e-01
 -7.74305257e-01 -7.75916987e-01 -9.71743740e-01 -9.31217458e-01
 -9.71199216e-01 -9.19578202e-01 -8.62402171e-01 -8.92855109e-01
 -8.38494993e-01 -7.66856708e-01 -9.16989768e-01 -8.37174931e-01
 -7.61964361e-01 -6.59916318e-01 -6.14690756e-01 -7.05872246e-01
 -6.26199066e-01 -6.00956835e-01 -4.92880258e-01 -3.83301255e-01
 -2.87602886e-01 -2.36276654e-01 -1.21703929e-01 -1.29892347e-01
 -1.21080340e-01  9.12264703e-03  1.35469350e-01  1.71095275e-01
 -5.27844279e-01 -5.34453721e-01 -5.13826594e-01 -5.30889411e-01
 -4.98060008e-01 -6.37193626e-01 -6.86155250e-01 -5.98751798e-01
 -5.57251933e-01 -4.77064035e-01 -3.65740774e-01 -2.69251307e-01
 -1.54367518e-01 -2.78077075e-01 -3.84753261e-01 -2.84087945e-01
 -1.81760337e-01 -1.75689756e-01 -1.24723879e-01 -1.94325789e-01
 -7.42349965e-02 -7.21167936e-02  5.34151716e-02 -6.47319801e-03
 -1.42090712e-01 -1.10224741e-01 -2.31656293e-01 -1.40260688e-01
 -6.19967900e-02 -5.48979585e-02  9.18607489e-04  8.89912961e-03
  1.35779671e-01  1.65172399e-01  2.47074617e-01  2.39433409e-01
  2.30565135e-01  1.04918799e-01  1.55396609e-01  1.46320943e-01
  1.60431787e-01  2.80957708e-01  3.24738286e-01  1.38825766e-01
  8.20602787e-02  9.23684487e-02  1.63428998e-01  2.60370003e-01
  3.08357652e-01  4.05440514e-01  4.92945727e-01  5.68477037e-01
  6.12954907e-01  6.84905797e-01  7.07561954e-01  8.05709722e-01
  7.46259692e-01  6.12049106e-01  6.24769804e-01  5.60809339e-01
  6.41011779e-01  7.23221055e-01  5.63437679e-01  6.50484979e-01
  6.56750343e-01  7.06960111e-01  5.71025076e-01  5.44773468e-01
  5.96016466e-01  5.79550070e-01  6.39043965e-01  6.78031171e-01
  7.34638503e-01  7.79031568e-01  8.30018075e-01  7.90599805e-01
  7.26784920e-01  7.42385173e-01  6.73377759e-01  7.17179280e-01
  6.85220812e-01  6.32555105e-01  6.43674175e-01  6.56177537e-01
  6.32512336e-01  4.86031713e-01  2.46452848e-01  1.87049424e-01
  1.32735566e-01  1.14760917e-01  5.83010406e-02 -3.34289104e-02
 -6.78399237e-02 -2.95852928e-01 -2.83203626e-01 -2.80256045e-01
 -2.44058823e-01 -1.83441237e-01 -3.29554661e-01 -2.37358227e-01
 -1.45265883e-01 -2.14364096e-01 -3.89310733e-01 -6.03937491e-01
 -5.87624923e-01 -4.86866942e-01 -4.45189027e-01 -4.47248430e-01
 -3.65456940e-01 -2.75273638e-01 -5.49669095e-01 -4.64470772e-01
 -4.59873392e-01 -3.83738796e-01 -3.29630793e-01 -2.21689877e-01
 -2.49789511e-01 -4.34075066e-01 -3.65327292e-01 -2.68920214e-01
 -1.88181056e-01 -1.30816712e-01 -3.41606290e-02  4.43425774e-02
 -8.25141613e-03 -1.59227333e-01 -7.02462923e-02 -1.76387207e-03
 -1.48595548e-02  5.82431517e-02 -3.92541011e-01 -2.98143709e-01
 -1.82865381e-01 -1.88756538e-01 -1.97933157e-01 -9.96495126e-02
 -1.91102618e-01 -2.02574464e-01 -2.05513967e-01 -3.24032320e-01
 -2.42210014e-01 -1.97249476e-01 -3.72009093e-01 -3.89796855e-01
 -5.05123015e-01 -5.81121816e-01 -5.03680344e-01 -4.67583439e-01
 -3.78008726e-01 -3.21944830e-01 -2.14186966e-01 -1.28275156e-01]
Advants:
[ 0.38774598  0.40131623  0.40681943  0.41299719  0.06017097  0.00401084
  0.04701236  0.10839187  0.06066523  0.11921845  0.14508467 -0.18621856
 -0.24540103 -0.22179823 -0.40883514 -0.71176402 -0.73367333 -0.84710761
 -0.83493652 -0.87306945 -0.91433446 -0.9036661  -1.10008689 -1.05996566
 -1.09265756 -1.04720577 -0.99191591 -1.00569238 -0.95431576 -0.87517346
 -1.03305212 -0.9448735  -0.87152998 -0.76790836 -0.73975402 -0.8627554
 -0.80346981 -0.70566195 -0.59906271 -0.50152987 -0.41881034 -0.38543458
 -0.26991368 -0.2974398  -0.28812942 -0.15183742 -0.01539004  0.0373234
 -0.60291927 -0.60487201 -0.56529447 -0.607036   -0.56066843 -0.72989146
 -0.77556495 -0.69951501 -0.65218538 -0.581132   -0.47717732 -0.38192102
 -0.27365829 -0.40828008 -0.53467061 -0.44526774 -0.33780834 -0.32281614
 -0.28811181 -0.39391676 -0.27932579 -0.30518649 -0.13751316 -0.16137111
 -0.33183907 -0.28800429 -0.40406328 -0.31593961 -0.25617984 -0.25607952
 -0.2058851  -0.19317534 -0.07441164 -0.04269715  0.0392978   0.0114632
 -0.01109492 -0.17532055 -0.12405681 -0.15183395 -0.13247651 -0.01330436
  0.02802249 -0.1852385  -0.23178991 -0.24699979 -0.19444542 -0.09610583
 -0.06405428  0.03297407  0.11293644  0.18527142  0.22395562  0.29060763
  0.31000715  0.41198448  0.38631314  0.27754743  0.29282707  0.21525515
  0.29991451  0.37718887  0.23559366  0.3208573   0.32749878  0.36797727
  0.24073867  0.19718117  0.24527868  0.21191426  0.26163055  0.29191767
  0.3533239   0.40175124  0.45894696  0.42934948  0.37088212  0.38564282
  0.32313721  0.37235709  0.34373299  0.31118425  0.33585293  0.3573913
  0.34408875  0.23061638  0.01601691 -0.02582228 -0.07693831 -0.08987107
 -0.14827171 -0.20964208 -0.22068715 -0.47138416 -0.44482884 -0.42562567
 -0.38237828 -0.3032661  -0.46061925 -0.36080937 -0.25472378 -0.29129433
 -0.45044148 -0.69073724 -0.66788268 -0.57182953 -0.52426991 -0.52446483
 -0.44424342 -0.35526117 -0.63040808 -0.54935034 -0.54754792 -0.47697906
 -0.41889647 -0.30503901 -0.33485227 -0.54268233 -0.48646209 -0.3818418
 -0.29261638 -0.23646714 -0.11957054 -0.03545917 -0.05812401 -0.21320755
 -0.11794825 -0.03696703 -0.04168513  0.04361953 -0.39578879 -0.28196298
 -0.15010421 -0.16294057 -0.18414954 -0.08409403 -0.14532308 -0.14716808
 -0.12501935 -0.2461007  -0.19312263 -0.1555793  -0.34153086 -0.35090446
 -0.4934272  -0.60383459 -0.52693346 -0.50894757 -0.41761123 -0.3633207
 -0.25014542 -0.13994169]
Mus:
[[-2.62095146e-02 -1.09614143e-02]
 [-2.59750821e-02 -1.07492916e-02]
 [-2.59684846e-02 -1.13921706e-02]
 [-2.64752209e-02 -1.21661033e-02]
 [-2.41314340e-02 -1.07484935e-02]
 [-2.29560509e-02 -1.00358482e-02]
 [-2.29658596e-02 -1.01150414e-02]
 [-2.29787491e-02 -1.00559583e-02]
 [-2.22325996e-02 -9.19493660e-03]
 [-2.24182364e-02 -9.28700808e-03]
 [-2.25351360e-02 -8.94990843e-03]
 [-2.09790319e-02 -8.16504750e-03]
 [-2.15707291e-02 -7.78427953e-03]
 [-2.14906801e-02 -7.86104985e-03]
 [-2.05820017e-02 -7.44331116e-03]
 [-1.88590642e-02 -5.77817531e-03]
 [-1.79114752e-02 -5.00007672e-03]
 [-1.62772406e-02 -4.30124206e-03]
 [-1.52852070e-02 -3.77806812e-03]
 [-1.47128645e-02 -3.72728216e-03]
 [-1.28932735e-02 -3.01738130e-03]
 [-9.93620884e-03 -1.63120124e-03]
 [-1.16742793e-02 -3.10137146e-03]
 [-9.98235866e-03 -2.33301707e-03]
 [-1.03716813e-02 -3.02691478e-03]
 [-8.71662423e-03 -2.38217460e-03]
 [-5.96637558e-03 -1.14137551e-03]
 [-6.01429353e-03 -1.58542197e-03]
 [-5.75596280e-03 -1.87449076e-03]
 [-5.84245799e-03 -2.16234336e-03]
 [-4.15646378e-03 -1.38465851e-03]
 [-3.48656951e-03 -1.23577891e-03]
 [-1.89882540e-03 -4.59974632e-04]
 [-1.00597250e-03 -1.36720351e-04]
 [ 9.38739744e-04  8.86967231e-04]
 [ 4.25793324e-03  2.61692540e-03]
 [ 5.59993694e-03  3.14046233e-03]
 [ 1.12275695e-02  6.92509301e-03]
 [ 1.40246069e-02  8.24580994e-03]
 [ 1.74309313e-02  9.49296914e-03]
 [ 2.06042361e-02  1.05877686e-02]
 [ 2.41578389e-02  1.21944314e-02]
 [ 2.65737753e-02  1.28902169e-02]
 [ 3.03242486e-02  1.48029318e-02]
 [ 3.20224166e-02  1.57302935e-02]
 [ 3.35975960e-02  1.62639301e-02]
 [ 3.49978022e-02  1.65441837e-02]
 [ 3.52922156e-02  1.59849077e-02]
 [ 3.23387906e-02  1.35716889e-02]
 [ 3.07040345e-02  1.20655186e-02]
 [ 2.88199708e-02  1.11894086e-02]
 [ 3.07942145e-02  1.25490604e-02]
 [ 2.91929059e-02  1.16553055e-02]
 [ 2.95351595e-02  1.15464246e-02]
 [ 2.92956922e-02  1.22509692e-02]
 [ 2.85043605e-02  1.14861047e-02]
 [ 2.73849610e-02  1.11507056e-02]
 [ 2.73610465e-02  1.15684802e-02]
 [ 2.68322509e-02  1.10872854e-02]
 [ 2.58196983e-02  1.02505041e-02]
 [ 2.59753857e-02  1.04733128e-02]
 [ 2.29003709e-02  7.86464103e-03]
 [ 2.53582299e-02  9.88879427e-03]
 [ 2.48267278e-02  9.84244701e-03]
 [ 2.34168768e-02  9.28314310e-03]
 [ 2.12254860e-02  7.75533449e-03]
 [ 1.96449235e-02  6.43256446e-03]
 [ 1.83367096e-02  5.44227334e-03]
 [ 1.63520016e-02  4.33592778e-03]
 [ 1.46158542e-02  3.17361881e-03]
 [ 1.57857556e-02  4.78115119e-03]
 [ 1.35583971e-02  3.78587726e-03]
 [ 1.58198439e-02  5.51186828e-03]
 [ 1.33275175e-02  4.14199056e-03]
 [ 1.32487118e-02  5.25983982e-03]
 [ 1.23345833e-02  5.14917914e-03]
 [ 1.20118801e-02  4.44654282e-03]
 [ 1.07119316e-02  2.97164102e-03]
 [ 9.66416951e-03  1.90643512e-03]
 [ 1.07326983e-02  2.91841361e-03]
 [ 1.08309286e-02  2.84774019e-03]
 [ 1.18096657e-02  3.98064172e-03]
 [ 1.22045660e-02  4.77830553e-03]
 [ 1.16995266e-02  3.69604584e-03]
 [ 1.19892778e-02  4.76302113e-03]
 [ 1.11417947e-02  4.15751385e-03]
 [ 9.81802959e-03  3.21732252e-03]
 [ 8.40016641e-03  1.81615003e-03]
 [ 7.95699283e-03  1.24300679e-03]
 [ 7.68263219e-03  9.40223807e-04]
 [ 6.93889847e-03 -3.82787512e-05]
 [ 7.11425766e-03  8.27412121e-04]
 [ 7.12767849e-03  8.36908119e-04]
 [ 6.69672014e-03  9.05785128e-04]
 [ 5.51015697e-03  1.75420180e-04]
 [ 5.10824379e-03  2.25301119e-04]
 [ 4.56050690e-03  5.14881802e-04]
 [ 3.68852727e-03  4.03948536e-04]
 [ 2.26853811e-03 -5.09878504e-04]
 [ 1.31329533e-03 -4.06919222e-04]
 [ 6.27725312e-05 -4.62674361e-04]
 [-1.84159644e-03 -1.24154391e-03]
 [-2.87862611e-03 -1.14629790e-03]
 [-5.28090261e-03 -2.15953868e-03]
 [-8.34500324e-03 -3.07558943e-03]
 [-9.33072530e-03 -2.82585737e-03]
 [-9.64178797e-03 -2.21744902e-03]
 [-1.22350454e-02 -3.93247604e-03]
 [-1.29809063e-02 -4.16667527e-03]
 [-1.43032968e-02 -4.78334446e-03]
 [-1.27405673e-02 -3.42096132e-03]
 [-1.27465604e-02 -3.03392042e-03]
 [-1.21076303e-02 -2.74928752e-03]
 [-1.39989965e-02 -3.79021326e-03]
 [-1.15957847e-02 -2.04747287e-03]
 [-1.30931716e-02 -2.40551447e-03]
 [-1.36207994e-02 -2.26858701e-03]
 [-1.61204599e-02 -3.72647867e-03]
 [-1.73601191e-02 -4.28301329e-03]
 [-1.85177121e-02 -4.81519010e-03]
 [-1.88678205e-02 -4.85473638e-03]
 [-1.90693829e-02 -4.79860464e-03]
 [-1.96286943e-02 -5.21975942e-03]
 [-1.91787835e-02 -4.66227625e-03]
 [-1.97202563e-02 -5.61660249e-03]
 [-1.99771672e-02 -5.97721618e-03]
 [-1.98489465e-02 -5.50919864e-03]
 [-2.01260373e-02 -5.78559516e-03]
 [-2.09641792e-02 -5.86881628e-03]
 [-2.10400689e-02 -6.20255945e-03]
 [-2.10161377e-02 -6.79179560e-03]
 [-2.16218419e-02 -7.44714309e-03]
 [-2.23035980e-02 -8.47810321e-03]
 [-2.18685195e-02 -9.16432403e-03]
 [-2.19521299e-02 -8.80353618e-03]
 [-2.28463858e-02 -9.14373994e-03]
 [-2.40670107e-02 -1.00431247e-02]
 [-2.45492402e-02 -1.04241874e-02]
 [-2.33866349e-02 -1.05393073e-02]
 [-2.25619040e-02 -1.07442504e-02]
 [-2.04363838e-02 -1.07187452e-02]
 [-1.85540915e-02 -1.02545870e-02]
 [-1.59533769e-02 -9.58174560e-03]
 [-1.30645931e-02 -8.53297208e-03]
 [-1.04848864e-02 -7.39472080e-03]
 [-7.89240468e-03 -6.38762629e-03]
 [-6.18851744e-03 -5.99294342e-03]
 [-3.71022290e-03 -5.20822732e-03]
 [-1.69225235e-03 -4.33312310e-03]
 [ 1.71737385e-03 -3.39343748e-03]
 [ 4.49052779e-03 -3.00904526e-03]
 [ 4.43719001e-03 -2.50826124e-03]
 [ 5.58323739e-03 -2.60033808e-03]
 [ 6.21786481e-03 -2.27175141e-03]
 [ 7.37294881e-03 -1.82888214e-03]
 [ 8.24951380e-03 -7.43060664e-04]
 [ 6.40924927e-03 -1.12381286e-03]
 [ 3.08695924e-03 -2.23675091e-03]
 [-1.72003824e-03 -3.10013932e-03]
 [-6.07278710e-03 -4.45077056e-03]
 [-9.34215076e-03 -5.58126858e-03]
 [-1.06528867e-02 -5.90769574e-03]
 [-1.12247076e-02 -5.84843894e-03]
 [-1.28004560e-02 -6.52693864e-03]
 [-1.69697832e-02 -8.37974064e-03]
 [-2.10152678e-02 -9.66485869e-03]
 [-2.27990896e-02 -1.01156076e-02]
 [-2.38932911e-02 -1.05265640e-02]
 [-2.42728665e-02 -1.04405703e-02]
 [-2.52197813e-02 -1.05089685e-02]
 [-2.49597989e-02 -1.03447670e-02]
 [-2.64608320e-02 -1.06442962e-02]
 [-2.55051497e-02 -1.02813467e-02]
 [-2.87631918e-02 -1.14292176e-02]
 [-3.07847746e-02 -1.22231496e-02]
 [-3.01994048e-02 -1.16792917e-02]
 [-3.31169590e-02 -1.32428315e-02]
 [-3.27092893e-02 -1.27886385e-02]
 [-2.76114419e-02 -1.00142080e-02]
 [-2.75915917e-02 -1.02004586e-02]
 [-2.68118251e-02 -9.85678285e-03]
 [-2.70817149e-02 -9.69984476e-03]
 [-2.70220730e-02 -9.46378615e-03]
 [-2.58774385e-02 -8.77500419e-03]
 [-2.69674193e-02 -9.65090469e-03]
 [-2.45787092e-02 -8.19761213e-03]
 [-2.28623860e-02 -7.72244576e-03]
 [-2.49723438e-02 -9.29649081e-03]
 [-2.88374163e-02 -1.14842327e-02]
 [-3.05407923e-02 -1.21449288e-02]
 [-2.93091387e-02 -1.10591715e-02]
 [-2.97236033e-02 -1.13848634e-02]
 [-3.03893201e-02 -1.15969330e-02]
 [-3.15155797e-02 -1.21352170e-02]
 [-3.07485890e-02 -1.15992371e-02]
 [-2.98816878e-02 -1.11114662e-02]
 [-3.10782120e-02 -1.18056554e-02]
 [-3.31302509e-02 -1.30070765e-02]
 [-3.28390487e-02 -1.27791781e-02]
 [-3.43111269e-02 -1.36007434e-02]]
Actions:
[[ 1.57385406e-01  5.78860723e-02]
 [-2.90733452e-01  2.08299871e-01]
 [-2.54317498e-01  2.38902723e-01]
 [ 5.63826249e-01  9.02479210e-02]
 [ 2.46462187e-01  8.89905216e-02]
 [-5.26924494e-02  1.13278158e-01]
 [-5.55813785e-02  2.40299816e-02]
 [ 2.22604698e-01 -1.17885796e-01]
 [-1.02343089e-01  5.77410605e-02]
 [-2.28790702e-02 -1.70988360e-01]
 [ 4.46323483e-01  3.11630798e-01]
 [-8.28723673e-02 -2.98812055e-01]
 [-9.07510003e-02  1.33066323e-01]
 [ 2.87568482e-01  3.17099916e-01]
 [ 4.07320334e-01 -2.59567992e-01]
 [ 5.68538906e-02 -6.99237482e-02]
 [ 1.92349449e-01  2.37004073e-01]
 [-9.74713271e-02 -1.60591643e-03]
 [-5.72052005e-02  2.52198462e-01]
 [ 9.12071977e-02  2.03587741e-01]
 [-4.55726645e-02 -1.50103161e-01]
 [-3.70974983e-01  3.66174391e-01]
 [ 7.17313621e-03 -1.87846013e-02]
 [-3.30285450e-01  8.06753345e-02]
 [ 7.51147563e-02  5.77293095e-02]
 [ 1.15020817e-01 -3.02308765e-02]
 [-3.32837762e-01 -4.15515110e-02]
 [-4.91556170e-02  1.70238379e-01]
 [-1.07767097e-01  8.33131080e-02]
 [ 1.60571100e-01  4.54113025e-01]
 [-5.96015531e-02  7.00235588e-02]
 [ 1.25167235e-01 -5.44165680e-02]
 [ 1.83559042e-02  1.00850758e-02]
 [ 2.39346032e-01  6.47277930e-02]
 [ 4.11404165e-01  1.64617372e-01]
 [ 1.20670796e-01  1.19497117e-01]
 [-1.02954164e-02  2.97241332e-01]
 [ 5.52800597e-02  3.22334956e-03]
 [ 8.37656846e-02  4.76037576e-02]
 [ 1.04169247e-01  1.44869935e-01]
 [ 2.93160916e-01  1.38903981e-02]
 [-4.69518192e-02  1.28935364e-01]
 [ 3.78082349e-01  1.47874611e-01]
 [ 3.43782156e-01 -1.43270241e-01]
 [ 1.37704262e-01  3.33726567e-03]
 [-9.40406596e-02  9.40626578e-02]
 [-2.40950962e-01  2.10721044e-01]
 [-8.48794501e-01 -1.82357268e-01]
 [-2.70706129e-01  1.91866724e-01]
 [-2.74978389e-01 -5.94561359e-02]
 [ 3.75980723e-01  1.20076284e-01]
 [-2.42954964e-01 -8.79376090e-02]
 [ 1.92323269e-01  4.84753294e-01]
 [ 6.49279195e-02 -3.76639452e-01]
 [-6.83473280e-02  1.21443655e-01]
 [-1.39420674e-01 -1.91815290e-01]
 [ 1.31262921e-01 -1.33370608e-01]
 [-2.25844812e-02  7.04906543e-02]
 [-1.14119512e-01  8.75985425e-02]
 [ 1.32533205e-01 -1.06177078e-02]
 [-2.83208631e-01  3.96861718e-01]
 [ 4.58828330e-01 -1.58782327e-01]
 [ 1.54599003e-01  2.03769229e-04]
 [-4.24678787e-02 -1.11685327e-01]
 [-3.16199939e-01  1.39763966e-02]
 [-3.88683860e-02  2.72404152e-01]
 [ 2.29843592e-01  3.92897187e-01]
 [-3.25377699e-02  8.65253342e-02]
 [ 1.51083124e-01  3.35570732e-01]
 [-7.73354257e-02  2.17361853e-02]
 [-3.85667681e-01 -1.68518396e-01]
 [ 5.15666750e-01  8.21486166e-02]
 [-2.64889508e-01 -9.88812940e-02]
 [ 1.42618380e-01 -4.56891222e-01]
 [ 9.95568836e-03 -1.46417798e-01]
 [-6.51784595e-02  1.77373181e-01]
 [-2.31312528e-01  2.26592137e-01]
 [-1.91964123e-01  1.55045458e-01]
 [-3.70941569e-02 -3.34439702e-01]
 [-5.94683757e-03  4.72421950e-02]
 [ 3.80931191e-02 -3.11523387e-01]
 [ 8.32312776e-02 -2.04414358e-01]
 [-4.66245725e-02  3.61357512e-01]
 [ 3.38939829e-01 -1.67144470e-01]
 [ 3.37280690e-01  3.80888494e-01]
 [-2.41355097e-01 -3.84307778e-02]
 [-3.31528440e-02  3.38249810e-01]
 [-3.11771242e-01 -6.62616814e-02]
 [-9.12273633e-02  2.82246000e-02]
 [-1.74628812e-01  2.31726713e-01]
 [ 5.62007086e-01  2.01343649e-02]
 [-3.17360146e-01 -2.69294483e-01]
 [ 3.11784680e-01  1.22654627e-01]
 [ 7.28311202e-02  1.92677674e-01]
 [-4.61092751e-02 -1.60511650e-01]
 [ 2.71846747e-01 -3.94173777e-02]
 [-1.74422591e-02 -1.46364830e-01]
 [-2.00025316e-02  1.64035789e-01]
 [ 2.13619137e-01 -6.52393279e-02]
 [ 2.68703407e-01  1.45280484e-02]
 [ 1.32289429e-01  1.35818782e-01]
 [ 2.99436920e-01 -4.10712666e-03]
 [ 4.12095580e-02  9.52156046e-02]
 [-2.59589913e-01 -3.38841782e-01]
 [-1.36797189e-01 -4.80294378e-01]
 [ 1.84810779e-01 -2.38863883e-01]
 [-2.44850907e-01  3.17109484e-01]
 [-1.26672390e-01 -6.79079329e-02]
 [ 5.66679327e-03  1.38123446e-01]
 [-1.50785812e-01 -4.93964399e-01]
 [ 4.11812642e-02 -1.08871339e-01]
 [-3.02684262e-01 -1.02963383e-01]
 [-1.11260305e-01  1.87848517e-01]
 [-1.11974275e-01 -4.62705400e-01]
 [ 2.91821669e-01  5.09731947e-02]
 [ 4.31565239e-02 -1.28300992e-01]
 [-2.13364993e-01  2.50286885e-01]
 [ 8.81850170e-03  7.67185397e-02]
 [ 7.26916408e-02  1.06054769e-01]
 [-1.61747970e-02 -6.28282053e-02]
 [ 1.95275443e-02 -8.80471552e-02]
 [-1.70165668e-01  6.99907970e-03]
 [ 1.28934372e-02 -2.93327397e-01]
 [-3.89436972e-01  1.47965361e-01]
 [ 9.10867628e-02  1.16652128e-01]
 [ 1.56468889e-01 -2.39541628e-01]
 [-3.27351296e-02 -1.43756622e-02]
 [ 1.46150421e-01 -1.38626684e-01]
 [-3.10275469e-01 -1.52473530e-01]
 [-2.00794910e-01  5.17613484e-02]
 [ 2.21741177e-02  1.03170605e-01]
 [-7.75390981e-02  2.70319146e-01]
 [-5.03319927e-01  1.82582332e-03]
 [-5.32511785e-02 -4.92937198e-01]
 [-3.84783008e-02 -2.64321970e-01]
 [ 1.59090166e-01  1.69417868e-01]
 [ 1.01238829e-01 -2.85461899e-03]
 [ 8.04140193e-02  2.51778560e-01]
 [-4.12783054e-01 -1.24915709e-01]
 [-3.72723606e-01  7.80021306e-02]
 [ 2.54190889e-01  3.98983250e-01]
 [-2.54491324e-01 -8.09280007e-02]
 [-1.63885909e-01 -2.00710493e-01]
 [ 4.92505318e-02 -1.12470960e-01]
 [-8.86049466e-02 -1.29130982e-01]
 [ 1.84690678e-01  4.16832488e-01]
 [-6.55456162e-02  8.26031642e-02]
 [-6.29403729e-02 -8.66279393e-02]
 [-4.01962991e-01 -1.46543567e-01]
 [-5.16329153e-01  1.57716413e-01]
 [ 5.09030477e-01  1.33561732e-01]
 [-2.71620539e-01  8.44471570e-02]
 [-2.25616607e-02  5.37969943e-02]
 [-2.44086590e-01 -8.79009009e-02]
 [-4.66521879e-02 -3.22275595e-01]
 [-1.73708640e-01 -2.58661822e-02]
 [-1.50053384e-01  8.59873634e-02]
 [-8.09001149e-03 -6.08289926e-01]
 [-1.39443149e-01  8.17585193e-02]
 [-1.67146279e-01  2.84198053e-01]
 [ 1.80876440e-01 -3.89978354e-02]
 [ 1.67945496e-01 -1.69446558e-01]
 [-5.39165025e-02  9.31482448e-02]
 [-1.25585626e-01  3.58781227e-01]
 [ 4.68199612e-01  2.37588568e-01]
 [ 1.86091779e-01  7.15290908e-04]
 [-6.00123177e-02 -1.39233555e-01]
 [ 6.45629979e-02 -1.82131205e-01]
 [ 2.27333400e-01 -9.20267045e-03]
 [-8.61820494e-02 -1.69940274e-01]
 [ 1.97271426e-01  2.74562590e-02]
 [-2.39225176e-01 -3.78829430e-01]
 [ 2.77570916e-01  4.16783109e-01]
 [ 6.25038906e-02  1.60392213e-01]
 [ 1.20825850e-01 -1.98327984e-01]
 [-1.40067733e-01  3.52855817e-01]
 [ 1.78067555e-01 -1.20133054e-01]
 [ 1.49702803e-01 -7.27242038e-01]
 [-1.62685847e-01  4.02822206e-02]
 [-2.74485906e-02 -2.39748777e-02]
 [ 2.65347100e-01  1.87945584e-01]
 [ 2.42501588e-01  2.25720882e-01]
 [ 1.19080200e-01 -2.44193856e-02]
 [-4.81643689e-01 -1.03400572e-01]
 [ 1.28993744e-01 -3.25549076e-01]
 [-3.42424559e-01 -1.55163620e-01]
 [-2.59020839e-01  4.07790573e-01]
 [ 1.46233625e-01  2.18682617e-02]
 [ 2.05259112e-01  1.08767742e-01]
 [ 4.79303891e-01 -1.38938898e-01]
 [-1.54148657e-01 -3.33698599e-01]
 [ 3.28653833e-01  2.82859963e-01]
 [ 2.04422331e-01  3.32837620e-01]
 [ 8.67098187e-02 -7.85678291e-02]
 [ 1.94447110e-01  1.12772884e-01]
 [-1.52640831e-01  7.42962122e-02]
 [-1.59355939e-01  2.00082656e-01]
 [ 5.91978506e-02 -3.95026875e-02]
 [-2.39753127e-01 -3.89170373e-02]
 [-2.37081837e-02 -6.56335015e-02]]
States:
[[0.99923717 0.9991648  0.53763292 0.52780562 0.51331632 0.59701645]
 [0.99905385 0.9990959  0.54082087 0.52892882 0.55367119 0.61217322]
 [0.99902888 0.9986533  0.54123013 0.53529927 0.47829153 0.6664931 ]
 ...
 [0.86667408 0.         0.85524247 0.30649676 0.59331027 0.8299778 ]
 [0.85740331 0.         0.86515293 0.27558044 0.60691658 0.81501728]
 [0.85064421 0.         0.87205416 0.24762353 0.54352447 0.80050474]]
Logstds:
[[-3. -3.]
 [-3. -3.]
 [-3. -3.]
 [-3. -3.]
 [-3. -3.]
 [-3. -3.]
 [-3. -3.]
 [-3. -3.]
 [-3. -3.]
 [-3. -3.]
 [-3. -3.]
 [-3. -3.]
 [-3. -3.]
 [-3. -3.]
 [-3. -3.]
 [-3. -3.]
 [-3. -3.]
 [-3. -3.]
 [-3. -3.]
 [-3. -3.]
 [-3. -3.]
 [-3. -3.]
 [-3. -3.]
 [-3. -3.]
 [-3. -3.]
 [-3. -3.]
 [-3. -3.]
 [-3. -3.]
 [-3. -3.]
 [-3. -3.]
 [-3. -3.]
 [-3. -3.]
 [-3. -3.]
 [-3. -3.]
 [-3. -3.]
 [-3. -3.]
 [-3. -3.]
 [-3. -3.]
 [-3. -3.]
 [-3. -3.]
 [-3. -3.]
 [-3. -3.]
 [-3. -3.]
 [-3. -3.]
 [-3. -3.]
 [-3. -3.]
 [-3. -3.]
 [-3. -3.]
 [-3. -3.]
 [-3. -3.]
 [-3. -3.]
 [-3. -3.]
 [-3. -3.]
 [-3. -3.]
 [-3. -3.]
 [-3. -3.]
 [-3. -3.]
 [-3. -3.]
 [-3. -3.]
 [-3. -3.]
 [-3. -3.]
 [-3. -3.]
 [-3. -3.]
 [-3. -3.]
 [-3. -3.]
 [-3. -3.]
 [-3. -3.]
 [-3. -3.]
 [-3. -3.]
 [-3. -3.]
 [-3. -3.]
 [-3. -3.]
 [-3. -3.]
 [-3. -3.]
 [-3. -3.]
 [-3. -3.]
 [-3. -3.]
 [-3. -3.]
 [-3. -3.]
 [-3. -3.]
 [-3. -3.]
 [-3. -3.]
 [-3. -3.]
 [-3. -3.]
 [-3. -3.]
 [-3. -3.]
 [-3. -3.]
 [-3. -3.]
 [-3. -3.]
 [-3. -3.]
 [-3. -3.]
 [-3. -3.]
 [-3. -3.]
 [-3. -3.]
 [-3. -3.]
 [-3. -3.]
 [-3. -3.]
 [-3. -3.]
 [-3. -3.]
 [-3. -3.]
 [-3. -3.]
 [-3. -3.]
 [-3. -3.]
 [-3. -3.]
 [-3. -3.]
 [-3. -3.]
 [-3. -3.]
 [-3. -3.]
 [-3. -3.]
 [-3. -3.]
 [-3. -3.]
 [-3. -3.]
 [-3. -3.]
 [-3. -3.]
 [-3. -3.]
 [-3. -3.]
 [-3. -3.]
 [-3. -3.]
 [-3. -3.]
 [-3. -3.]
 [-3. -3.]
 [-3. -3.]
 [-3. -3.]
 [-3. -3.]
 [-3. -3.]
 [-3. -3.]
 [-3. -3.]
 [-3. -3.]
 [-3. -3.]
 [-3. -3.]
 [-3. -3.]
 [-3. -3.]
 [-3. -3.]
 [-3. -3.]
 [-3. -3.]
 [-3. -3.]
 [-3. -3.]
 [-3. -3.]
 [-3. -3.]
 [-3. -3.]
 [-3. -3.]
 [-3. -3.]
 [-3. -3.]
 [-3. -3.]
 [-3. -3.]
 [-3. -3.]
 [-3. -3.]
 [-3. -3.]
 [-3. -3.]
 [-3. -3.]
 [-3. -3.]
 [-3. -3.]
 [-3. -3.]
 [-3. -3.]
 [-3. -3.]
 [-3. -3.]
 [-3. -3.]
 [-3. -3.]
 [-3. -3.]
 [-3. -3.]
 [-3. -3.]
 [-3. -3.]
 [-3. -3.]
 [-3. -3.]
 [-3. -3.]
 [-3. -3.]
 [-3. -3.]
 [-3. -3.]
 [-3. -3.]
 [-3. -3.]
 [-3. -3.]
 [-3. -3.]
 [-3. -3.]
 [-3. -3.]
 [-3. -3.]
 [-3. -3.]
 [-3. -3.]
 [-3. -3.]
 [-3. -3.]
 [-3. -3.]
 [-3. -3.]
 [-3. -3.]
 [-3. -3.]
 [-3. -3.]
 [-3. -3.]
 [-3. -3.]
 [-3. -3.]
 [-3. -3.]
 [-3. -3.]
 [-3. -3.]
 [-3. -3.]
 [-3. -3.]
 [-3. -3.]
 [-3. -3.]
 [-3. -3.]
 [-3. -3.]
 [-3. -3.]
 [-3. -3.]
 [-3. -3.]
 [-3. -3.]]
