Baseline:
[1.3722316 1.3647121 1.3580285 1.3268394 1.3227655 1.3317064 1.3810773
 1.3928608 1.4096512 1.4268588 1.3985447 1.4247091 1.4220871 1.401882
 1.3999163 1.4192728 1.4362742 1.4458451 1.4525914 1.4813571 1.4909353
 1.4653631 1.4904515 1.501377  1.4952897 1.4690536 1.449453  1.4760692
 1.4935182 1.5061578 1.507294  1.4969407 1.4946858 1.4943329 1.5066622
 1.5193946 1.5321568 1.5379164 1.5390561 1.5230271 1.5530506 1.5791773
 1.5697857 1.5677115 1.5752921 1.5704198 1.5580233 1.5364393 1.512138
 1.4856125 1.4556314 1.4216589 1.3866979 1.351644  1.3227814 1.3047699
 1.2894139 1.2813253 1.2502981 1.1494462 1.1412109 1.1071954 1.1222285
 1.1086553 1.0983024 1.0953755 1.1164192 1.1315662 1.1249638 1.1342676
 1.1199849 1.1219051 1.1091142 1.0865334 1.0958065 1.1076939 1.1145114
 1.0892221 1.1094936 1.1417965 1.1628646 1.1632322 1.1730002 1.1565413
 1.1456817 1.1511091 1.1279312 1.1322798 1.1339922 1.1382548 1.1565084
 1.1765075 1.1745695 1.1884276 1.2122954 1.2221286 1.2454522 1.2420903
 1.2627364 1.2625498 1.2800561 1.27027   1.2840265 1.2708824 1.2643769
 1.2887999 1.2901796 1.2831572 1.2796448 1.3076557 1.2948855 1.333875
 1.3694288 1.3638583 1.3665245 1.3597004 1.381267  1.3898587 1.4067067
 1.438649  1.4494662 1.4460907 1.4544384 1.4507848 1.4755044 1.4772431
 1.4990677 1.5077236 1.5380058 1.5487036 1.5564182 1.5665451 1.5718155
 1.5615557 1.5426868 1.5082375 1.5047678 1.4946643 1.4770116 1.4907176
 1.462509  1.4580743 1.4342136 1.4270905 1.4177953 1.4149154 1.437323
 1.418818  1.4031594 1.433926  1.4597834 1.4560882 1.4681338 1.4253727
 1.4248747 1.4259747 1.4111403 1.4066775 1.4182911 1.3993379 1.381847
 1.3763493 1.3799835 1.4054686 1.397954  1.392042  1.3928839 1.3669573
 1.3646429 1.3522321 1.3734561 1.3562034 1.3644866 1.3726665 1.3806673
 1.3634169 1.3706942 1.3609537 1.3566939 1.3666284 1.3940446 1.4062797
 1.3983331 1.3800576 1.3711768 1.3602148 1.3675638 1.3601464 1.3635908
 1.3540462 1.3539368 1.3594598 1.3598347 1.3719306 1.3559788 1.337987
 1.3531297 1.356238  1.3592426 1.3667544 1.3667544]
Returns:
[7.91967687 7.88485229 7.98428667 7.90240897 7.88034986 7.95029514
 7.48646503 7.54295793 7.40906342 7.43678146 7.42184268 7.26219038
 7.19905687 7.19247957 7.29193928 7.29789652 7.33406608 7.36765386
 7.39208063 7.27152011 7.36058609 7.32246099 7.27069847 7.33049804
 7.41525613 6.89480667 6.83245893 6.70599682 6.56534648 6.29468353
 6.31701169 6.26326816 6.233715   6.21645366 6.20083519 6.18228256
 5.87726642 5.87766655 5.89516598 5.8045001  5.58604604 5.28505081
 5.25906795 5.27032902 4.87941619 4.75730017 4.66233815 4.58050751
 4.61424532 4.67593792 4.65656042 4.658025   4.75929565 4.8646206
 4.91758037 4.88745683 4.86753655 5.0039713  5.14635064 5.28981204
 5.38324019 5.37775293 5.4198543  5.49480851 5.58596374 5.63311599
 5.6865814  5.74617734 5.81588264 5.92302908 6.01200846 6.14280013
 6.23142993 6.25962201 6.31218135 6.43833167 6.51418065 6.46494582
 6.55283435 6.50179188 6.54396701 6.66190493 6.78203583 6.76844989
 6.8629527  6.99446187 6.97809001 7.04563607 7.16962264 7.3009332
 7.41565668 7.52646948 7.64016247 7.63194009 7.64638778 7.71775147
 7.77531    7.846092   7.90486463 7.93719636 8.01318305 7.97279821
 7.85696706 7.92316264 7.93582    7.98216831 8.06521672 8.10901611
 7.99991424 7.89223359 7.6845007  7.58178357 7.49739202 7.54476223
 7.59883169 7.48150924 7.49533593 7.47683779 7.53673576 7.39471045
 7.46694355 7.53180051 7.62360397 7.48602757 7.55726303 7.64907462
 7.66582722 7.72936931 7.77076818 7.91313023 8.08208786 8.2126744
 7.57087534 7.71791633 7.90801948 7.58920387 7.38501653 7.38287778
 7.52916871 7.53219568 7.5328786  7.56494111 7.49160377 7.56086668
 7.45834102 7.53783297 7.51809032 7.50933623 7.41908948 7.19675314
 7.16817055 7.17512951 7.18031629 6.85489965 6.83772304 6.85517131
 6.79888552 6.80167417 6.79768874 6.73567397 6.67908102 6.4325859
 6.42884129 6.21085801 6.12632041 5.88739325 5.86105537 5.7267044
 5.71161977 5.68380768 5.41943482 5.3836656  5.06464962 5.01202863
 4.9200808  4.83656227 4.77397391 4.66816908 4.40844827 4.13531432
 3.86049795 3.76180002 3.69890931 3.59284856 3.51905913 3.44333793
 3.25267797 3.18789795 3.09698296 2.79662547 2.70753218 2.45863507
 2.34040472 2.07949742 1.91551481 1.67899948 1.42729113 1.2496286
 0.78276176 0.49567857]
Advants:
[4.38300415 4.37297017 4.50111271 4.47275701 4.47845112 4.56703853
 4.06789818 4.12924876 3.99196234 4.01733756 4.04725771 3.87364828
 3.82451253 3.85090654 3.9693227  3.97394705 4.01326709 4.05989537
 4.10266018 3.97593679 4.08241133 4.09875591 4.05088736 4.13272426
 4.26215017 3.79451876 3.7792961  3.65135253 3.51563952 3.24786865
 3.28657048 3.26083997 3.25186141 3.25431032 3.24650447 3.23610963
 2.93117275 2.93958312 2.97139167 2.91121128 2.67073675 2.34218255
 2.32352376 2.33502796 1.92222285 1.78582217 1.67991414 1.5924734
 1.62279665 1.68366621 1.66491961 1.66960209 1.77667254 1.88974777
 1.9444712  1.90257711 1.86555262 1.97932034 2.12471425 2.34618474
 2.42620387 2.43212619 2.43549989 2.50105227 2.58076768 2.60874639
 2.61818772 2.63907342 2.69217051 2.76785136 2.85025751 2.96048205
 3.04480414 3.07859191 3.10478515 3.20403271 3.25890481 3.21885313
 3.271083   3.1684621  3.16930444 3.26851997 3.36237773 3.34742838
 3.43670893 3.5492383  3.54154794 3.59096884 3.70207429 3.8209316
 3.91149655 3.99871104 4.11401224 4.09089116 4.08005045 4.14194221
 4.17762824 4.25563977 4.29914258 4.33850105 4.40621281 4.38468546
 4.26093412 4.34906109 4.37835251 4.4119473  4.50880547 4.57768234
 4.4884204  4.36625067 4.1799318  4.04322288 3.92499112 3.98142869
 4.03821663 3.93014416 3.92479746 3.8994667  3.94575731 3.76992571
 3.83121839 3.90142746 3.98960925 3.85667318 3.90569845 4.00128035
 4.00202976 4.06493067 4.08508877 4.23063682 4.41193308 4.55787982
 3.91845632 4.08891925 4.31863779 4.04799049 3.85595292 3.87358323
 4.05308638 4.0589618  4.1067117  4.16480254 4.13722882 4.23974608
 4.17198968 4.28455301 4.27386269 4.31805513 4.2785356  4.0556607
 4.03234002 4.07709416 4.10702789 3.85555727 3.87220434 3.92522275
 3.92228329 3.97155172 4.00106667 4.0056303  4.01700111 3.82332272
 3.86706559 3.67154397 3.64417004 3.45782669 3.48045404 3.42272646
 3.46457674 3.5079725  3.27734851 3.31791521 3.04460979 3.04052175
 2.99902592 2.9941407  2.98872613 2.95963211 2.76894572 2.54741509
 2.30261515 2.25057642 2.25784443 2.23485579 2.23825605 2.24562212
 2.11975846 2.13891294 2.12467062 1.91180549 1.90465744 1.73117601
 1.69673602 1.50662448 1.44396837 1.31133409 1.12943559 1.03526359
 0.6448359  0.42734087]
Mus:
[[-1.77870039e-02 -6.12528622e-03]
 [-1.76433194e-02 -5.67803672e-03]
 [-1.78506691e-02 -5.91552258e-03]
 [-1.72963161e-02 -5.62546449e-03]
 [-1.84209533e-02 -5.84946992e-03]
 [-1.99036337e-02 -6.55985577e-03]
 [-2.10353695e-02 -7.04109995e-03]
 [-2.12462768e-02 -6.99969707e-03]
 [-2.11281590e-02 -6.28736150e-03]
 [-2.15838142e-02 -6.19097333e-03]
 [-2.11090147e-02 -6.27253531e-03]
 [-2.17391923e-02 -6.98913168e-03]
 [-2.06685215e-02 -6.01344788e-03]
 [-1.99223813e-02 -6.11708034e-03]
 [-1.96616724e-02 -6.01985119e-03]
 [-1.97290946e-02 -5.82434237e-03]
 [-1.99891422e-02 -6.05770899e-03]
 [-2.07934640e-02 -6.72087446e-03]
 [-2.13904399e-02 -7.36396993e-03]
 [-1.97116770e-02 -6.20975858e-03]
 [-1.88687444e-02 -5.74699324e-03]
 [-1.77326277e-02 -5.25766565e-03]
 [-1.79013629e-02 -5.37413033e-03]
 [-1.73656903e-02 -5.00956085e-03]
 [-1.70334242e-02 -4.85128723e-03]
 [-1.43135739e-02 -2.85998103e-03]
 [-1.36818076e-02 -2.43701809e-03]
 [-1.39340935e-02 -2.54133460e-03]
 [-1.27158510e-02 -1.64371438e-03]
 [-1.12793949e-02 -3.62227613e-04]
 [-1.06875412e-02 -2.26712305e-04]
 [-9.51837655e-03  5.06173703e-04]
 [-8.31492245e-03  1.27341924e-03]
 [-7.78859062e-03  1.15845934e-03]
 [-6.59331679e-03  1.71068416e-03]
 [-6.08318951e-03  1.84154510e-03]
 [-2.85642152e-03  3.60792759e-03]
 [-3.34843906e-04  4.61396901e-03]
 [ 1.94087182e-03  5.48048411e-03]
 [ 1.96797121e-03  5.17432718e-03]
 [ 4.07716027e-03  6.02522166e-03]
 [ 4.31359978e-03  6.03508763e-03]
 [ 7.72331888e-03  7.37359468e-03]
 [ 9.13192797e-03  7.74337724e-03]
 [ 1.28128948e-02  9.26461071e-03]
 [ 1.67828649e-02  1.02591272e-02]
 [ 2.07992904e-02  1.12650869e-02]
 [ 2.45017987e-02  1.23370057e-02]
 [ 2.68934295e-02  1.30482232e-02]
 [ 2.81132758e-02  1.33309746e-02]
 [ 2.83801537e-02  1.32387653e-02]
 [ 2.82537043e-02  1.29170371e-02]
 [ 2.72547714e-02  1.23232557e-02]
 [ 2.49818843e-02  1.13153309e-02]
 [ 2.15822160e-02  9.88954026e-03]
 [ 1.78732835e-02  8.27203039e-03]
 [ 1.37663893e-02  6.30912511e-03]
 [ 9.66587011e-03  4.47102170e-03]
 [ 7.78942415e-03  4.27551661e-03]
 [ 4.79036197e-03  4.07865876e-03]
 [ 2.41151429e-03  3.13774426e-03]
 [ 2.25074575e-04  1.94022711e-03]
 [-9.56389704e-04  1.77054666e-03]
 [-3.01276124e-03  6.75192918e-04]
 [-5.27763972e-03 -3.83321341e-04]
 [-7.43090361e-03 -1.61434140e-03]
 [-8.65488034e-03 -2.35818815e-03]
 [-9.20207612e-03 -2.39914143e-03]
 [-1.15227252e-02 -3.54637578e-03]
 [-1.27852848e-02 -4.11833590e-03]
 [-1.33010698e-02 -4.18745214e-03]
 [-1.38525795e-02 -4.35936498e-03]
 [-1.37378220e-02 -4.33555618e-03]
 [-1.14149889e-02 -3.20898346e-03]
 [-1.09180063e-02 -2.73629068e-03]
 [-1.14217158e-02 -2.94140284e-03]
 [-1.11889374e-02 -2.53053871e-03]
 [-8.43932480e-03 -1.10633334e-03]
 [-9.32725146e-03 -1.70492474e-03]
 [-1.23989703e-02 -3.32809938e-03]
 [-1.31686069e-02 -3.53042781e-03]
 [-1.41295549e-02 -4.01809392e-03]
 [-1.50105115e-02 -4.33374383e-03]
 [-1.56829767e-02 -4.94583091e-03]
 [-1.42214820e-02 -4.12046071e-03]
 [-1.40631953e-02 -3.96944582e-03]
 [-1.12164142e-02 -2.73820525e-03]
 [-9.84502956e-03 -1.92252779e-03]
 [-9.09377821e-03 -1.63340359e-03]
 [-8.40145070e-03 -1.24022015e-03]
 [-8.86176433e-03 -1.51057239e-03]
 [-9.55536216e-03 -1.90856354e-03]
 [-8.75917822e-03 -1.53290119e-03]
 [-9.05783754e-03 -1.25842972e-03]
 [-1.04394061e-02 -1.59566372e-03]
 [-1.10715944e-02 -1.52865308e-03]
 [-1.21981716e-02 -1.84353197e-03]
 [-1.34600997e-02 -2.41359812e-03]
 [-1.42521122e-02 -2.64476915e-03]
 [-1.43106654e-02 -2.19696714e-03]
 [-1.60912164e-02 -3.09400214e-03]
 [-1.77002009e-02 -4.13854001e-03]
 [-1.71482861e-02 -3.34417773e-03]
 [-1.75319072e-02 -3.45042069e-03]
 [-1.68726575e-02 -2.74414034e-03]
 [-1.78035926e-02 -3.41905071e-03]
 [-1.72448661e-02 -2.94627738e-03]
 [-1.77000873e-02 -3.43714864e-03]
 [-1.79404486e-02 -4.21463465e-03]
 [-1.83889233e-02 -4.14176192e-03]
 [-1.70319583e-02 -2.88660754e-03]
 [-1.69353914e-02 -2.67239171e-03]
 [-1.70114636e-02 -2.77592451e-03]
 [-1.60968900e-02 -2.13921932e-03]
 [-1.67259164e-02 -2.57274439e-03]
 [-1.49605256e-02 -1.30751368e-03]
 [-1.40221631e-02 -6.94429385e-04]
 [-1.28142424e-02  1.49629064e-04]
 [-1.20232916e-02  6.03208144e-04]
 [-1.07369218e-02  1.40864006e-03]
 [-9.03871004e-03  2.21368950e-03]
 [-6.52727764e-03  3.32768378e-03]
 [-4.87433979e-03  3.85339116e-03]
 [-1.86059391e-03  5.15793357e-03]
 [ 4.19612887e-04  5.87584497e-03]
 [ 2.60213879e-03  6.45725429e-03]
 [ 5.31519763e-03  7.49453949e-03]
 [ 6.59959111e-03  7.95261748e-03]
 [ 9.49775614e-03  8.88000615e-03]
 [ 1.19053554e-02  9.50190052e-03]
 [ 1.35484161e-02  9.98476800e-03]
 [ 1.54437115e-02  1.07693654e-02]
 [ 1.72761902e-02  1.12730917e-02]
 [ 1.91770755e-02  1.18721323e-02]
 [ 2.06324030e-02  1.24124493e-02]
 [ 2.20290236e-02  1.34626161e-02]
 [ 2.19473746e-02  1.29062058e-02]
 [ 2.16839109e-02  1.19023426e-02]
 [ 2.13533044e-02  1.16737578e-02]
 [ 2.02760082e-02  1.11833103e-02]
 [ 1.82409193e-02  1.08510880e-02]
 [ 1.61639601e-02  9.75452829e-03]
 [ 1.24388020e-02  8.76278058e-03]
 [ 9.75711644e-03  7.61505868e-03]
 [ 6.57281466e-03  6.28339220e-03]
 [ 3.39403190e-03  4.84732026e-03]
 [ 2.18549580e-03  3.81505210e-03]
 [-7.81454073e-05  3.05943144e-03]
 [-2.84665963e-03  2.13241135e-03]
 [-4.01105499e-03  1.46692607e-03]
 [-6.15696562e-03  5.55043865e-04]
 [-8.57631490e-03 -6.87776992e-05]
 [-1.06429914e-02 -6.50352216e-04]
 [-1.23976404e-02 -1.19031756e-03]
 [-1.31911673e-02 -1.49443804e-03]
 [-1.36016719e-02 -1.64777576e-03]
 [-1.41627910e-02 -2.11115787e-03]
 [-1.47467535e-02 -2.58939341e-03]
 [-1.47198522e-02 -2.50409194e-03]
 [-1.47392377e-02 -2.65159900e-03]
 [-1.42225837e-02 -2.50226259e-03]
 [-1.42246429e-02 -2.03422876e-03]
 [-1.44396415e-02 -2.20417371e-03]
 [-1.52910249e-02 -2.28359457e-03]
 [-1.46878483e-02 -2.65699299e-03]
 [-1.46842934e-02 -3.43402708e-03]
 [-1.51607450e-02 -3.72919370e-03]
 [-1.44347511e-02 -3.82888829e-03]
 [-1.52549949e-02 -4.28776722e-03]
 [-1.53140640e-02 -4.44431137e-03]
 [-1.73328854e-02 -5.16981259e-03]
 [-1.72392670e-02 -5.34862978e-03]
 [-1.83938537e-02 -5.31712128e-03]
 [-1.90009344e-02 -5.68058109e-03]
 [-1.96634661e-02 -5.86812105e-03]
 [-1.97992846e-02 -6.36995304e-03]
 [-2.03516632e-02 -6.50887657e-03]
 [-2.15924159e-02 -7.46256812e-03]
 [-2.07994133e-02 -6.75056223e-03]
 [-2.12686677e-02 -6.46460382e-03]
 [-2.19985973e-02 -6.34289952e-03]
 [-2.24340856e-02 -6.39407709e-03]
 [-2.21068431e-02 -6.36472879e-03]
 [-2.15373952e-02 -6.33843942e-03]
 [-2.18124967e-02 -6.53755153e-03]
 [-2.22453717e-02 -6.75179251e-03]
 [-2.31373217e-02 -6.74612680e-03]
 [-2.36994103e-02 -7.18741538e-03]
 [-2.44577676e-02 -7.49002164e-03]
 [-2.50187851e-02 -8.42042826e-03]
 [-2.57887896e-02 -8.84357467e-03]
 [-2.85178833e-02 -1.04747554e-02]
 [-2.79261600e-02 -1.02494210e-02]
 [-2.92450171e-02 -1.14106769e-02]
 [-2.84330063e-02 -1.13288593e-02]
 [-2.66861580e-02 -1.05761224e-02]
 [-2.72768252e-02 -1.10638151e-02]
 [-2.70155165e-02 -1.11788567e-02]
 [-2.53772829e-02 -1.00084459e-02]
 [-2.47956607e-02 -9.57041886e-03]]
Actions:
[[ 1.37608091e-01 -2.66324704e-01]
 [-1.04473740e-01 -1.35820562e-02]
 [-1.50455574e-01 -4.04086939e-01]
 [ 1.71588254e-01 -1.99179558e-01]
 [ 7.60061961e-02  1.71373101e-01]
 [ 3.63744089e-01  6.14636408e-01]
 [ 1.03215441e-01  8.28852910e-02]
 [ 3.59831431e-01 -1.37466056e-01]
 [ 1.69152183e-01  7.93931669e-02]
 [-3.96027151e-01 -1.72174412e-01]
 [-1.06750618e-01  5.17843598e-01]
 [ 1.65872534e-01 -2.93024179e-01]
 [-3.77033174e-01 -5.84748262e-02]
 [-3.94580581e-02 -2.45890246e-02]
 [ 2.06854369e-01  1.24322074e-01]
 [-1.09563964e-02  2.67225024e-01]
 [-1.77024368e-01  2.86256774e-01]
 [-2.34236736e-01  2.75405663e-01]
 [ 3.79641948e-01  8.84455083e-02]
 [ 7.12337848e-03  8.29864645e-02]
 [-3.31000795e-01 -2.27453791e-01]
 [ 1.17865306e-01  3.44691192e-01]
 [ 6.77407937e-02  1.23104227e-01]
 [-1.42111540e-01  3.44118082e-02]
 [ 1.59493447e-01 -6.99886939e-01]
 [-1.26027069e-01 -3.03836105e-01]
 [ 2.09869518e-01  3.51344296e-01]
 [ 3.47454652e-01  4.65030409e-02]
 [ 4.13992550e-01 -2.15637251e-01]
 [-1.17584032e-01  1.17533429e-01]
 [-6.78796094e-02 -2.67857162e-01]
 [ 5.92104322e-02 -2.19150732e-01]
 [-2.20280537e-01  1.63320579e-01]
 [ 1.64888861e-01  9.80250206e-02]
 [ 8.34571077e-02  2.36103105e-01]
 [ 4.58251437e-01 -2.12605688e-01]
 [ 9.66350372e-02 -4.46699926e-02]
 [-1.04048852e-02 -6.22472711e-02]
 [-4.06772911e-01  3.93472257e-02]
 [ 4.29814259e-01  1.96814852e-01]
 [ 3.53046586e-01  4.52187370e-01]
 [-2.32251099e-03 -2.24667871e-01]
 [ 8.61538231e-03  1.75781616e-01]
 [ 6.20613668e-01  1.22421298e-02]
 [-8.58058305e-04  4.13683998e-01]
 [ 1.73855051e-01  3.49466765e-01]
 [-5.35800177e-02  4.04030176e-01]
 [-9.30586165e-02 -1.25151486e-01]
 [ 1.47988026e-01  1.29350883e-02]
 [ 2.49623153e-01  2.43595225e-01]
 [ 1.80626989e-02  3.42529892e-01]
 [ 5.29832563e-03  1.70425958e-02]
 [ 6.89352525e-02  1.82195054e-02]
 [ 1.79734278e-01  2.00049737e-01]
 [-4.09119306e-01  9.08287723e-02]
 [-1.42854560e-01  3.88500556e-01]
 [-1.52362511e-02  7.95833939e-02]
 [ 3.36539160e-02 -8.54011173e-03]
 [-1.70200244e-01 -2.85256240e-02]
 [ 1.63428650e-02  2.47604190e-01]
 [-3.45608653e-01 -2.24766821e-01]
 [ 2.59478736e-01  4.47126180e-02]
 [-2.47412272e-01 -3.71846469e-02]
 [-2.11152038e-01 -5.06289979e-02]
 [-2.97572661e-01  6.37914496e-02]
 [ 8.18147444e-03  2.73791442e-01]
 [ 1.96001038e-01  9.65276605e-02]
 [-2.57532814e-01  1.67650148e-02]
 [ 1.48967242e-02  1.28331793e-01]
 [-1.08651681e-01 -1.87674554e-01]
 [ 7.55243504e-03  7.71100819e-04]
 [-1.66181178e-01 -1.59373944e-01]
 [-9.99878432e-02 -3.28841547e-01]
 [ 2.52615877e-01 -6.58692331e-03]
 [ 4.39679806e-02  9.79330573e-02]
 [ 2.05509918e-01 -4.29298183e-02]
 [-8.89373112e-02 -4.22221387e-01]
 [-9.16690397e-02  1.94076870e-01]
 [-9.55890676e-02  4.09774417e-01]
 [ 1.98060868e-01  1.66969377e-01]
 [-1.11919053e-01  3.23524655e-02]
 [ 6.09261191e-02  9.61322279e-02]
 [-4.06794547e-01 -5.89414152e-02]
 [ 3.36090393e-02 -2.00375651e-01]
 [ 8.06882615e-02 -3.29319356e-03]
 [-2.42150320e-01 -3.35656906e-01]
 [ 1.93872353e-01 -1.23774985e-01]
 [-1.12228833e-01 -6.67862851e-02]
 [ 1.72493644e-02 -7.91795808e-02]
 [ 1.23820561e-02  1.12926929e-01]
 [ 3.67835924e-02  1.40483695e-01]
 [-7.89860661e-02 -1.11436852e-01]
 [ 3.15470622e-01 -5.02014261e-02]
 [ 2.66899974e-01  1.04003147e-01]
 [ 1.80427920e-01 -4.11710593e-02]
 [ 1.61280520e-01  1.44190216e-01]
 [-2.54228608e-01 -5.54997247e-02]
 [ 1.45689639e-01  1.57330142e-01]
 [ 1.92493665e-01 -1.49150310e-01]
 [-1.60459777e-01  1.77221070e-01]
 [-4.51745627e-01  4.59625145e-02]
 [ 4.11617258e-01 -8.74189133e-02]
 [-2.04940148e-01 -1.50564972e-01]
 [ 1.16042525e-01 -2.44736977e-01]
 [-8.65134544e-02  2.60264242e-01]
 [ 7.59020029e-02 -1.15159182e-01]
 [-3.27049600e-01  2.86653048e-02]
 [-4.79680983e-01  1.90583348e-01]
 [ 3.86914181e-01  9.49490438e-02]
 [ 2.75906506e-01 -4.07364912e-01]
 [ 3.21056159e-01  1.96283726e-01]
 [ 1.52294011e-01  3.46328539e-01]
 [ 4.87489026e-02 -1.37354209e-01]
 [-1.82826346e-01  1.38524563e-01]
 [ 2.39289729e-01 -3.09280928e-01]
 [ 2.03880757e-01  6.23608567e-02]
 [ 1.74219728e-01 -1.70402798e-01]
 [ 8.78728738e-02  4.36966214e-02]
 [ 4.03144640e-01  9.93486517e-02]
 [ 7.70561415e-02  4.99570889e-04]
 [-2.51441652e-02 -1.82066181e-01]
 [-7.80931986e-02  1.46283314e-01]
 [ 4.05041068e-02 -4.68800519e-01]
 [ 8.05618729e-02  2.19691766e-01]
 [-2.23608158e-01  4.51111316e-02]
 [ 2.61055901e-01 -1.17838846e-01]
 [ 4.44301240e-03 -2.60912064e-01]
 [ 2.41579676e-01  2.25660460e-01]
 [-1.42306042e-02  1.86077825e-01]
 [ 3.47261422e-02  1.29787156e-01]
 [ 2.00482428e-01  4.42241284e-02]
 [ 8.29215975e-01  3.26056553e-01]
 [-1.60749022e-01  1.67110201e-01]
 [-3.99690375e-02 -2.12590983e-02]
 [ 3.92290464e-01 -5.35629869e-01]
 [-5.68026511e-01  2.62782733e-01]
 [-3.19622272e-01  2.99369171e-01]
 [-1.24637506e-02 -1.03971736e-01]
 [ 3.42840094e-01  2.09230169e-01]
 [ 1.14105924e-03 -3.58850315e-01]
 [ 3.15920805e-01  3.08042980e-02]
 [-1.06067955e-02 -3.94676447e-01]
 [ 1.52996528e-01 -5.45829927e-02]
 [ 3.80119211e-01 -8.49342343e-02]
 [-9.32914845e-02  6.57234761e-03]
 [-2.85721445e-02  3.25879670e-01]
 [ 7.77500976e-02 -1.97443365e-01]
 [-3.60731487e-01 -1.85076662e-01]
 [ 3.36353542e-01  3.22230941e-01]
 [-3.18813211e-02  2.80574843e-01]
 [-1.39006284e-02 -9.74135330e-02]
 [-1.83653078e-01  3.12257403e-02]
 [-4.02210582e-01 -4.45200082e-01]
 [-1.70342246e-01 -4.05330641e-02]
 [-1.22647626e-01 -3.11938939e-02]
 [-3.19416790e-01 -4.14422168e-02]
 [-2.18021876e-01  7.05223738e-02]
 [ 8.80289788e-02  7.39726754e-02]
 [-2.78777269e-01 -1.77942669e-01]
 [-1.76826955e-01 -2.07893557e-01]
 [ 1.84718038e-01 -4.04960713e-01]
 [-4.15164157e-03 -5.22639285e-02]
 [ 3.85929162e-01  9.64851852e-02]
 [-3.65992173e-01  1.14059934e-01]
 [-4.32203730e-01  3.36588398e-01]
 [ 1.20259428e-02  5.68070447e-02]
 [-3.24981667e-01 -2.19810372e-01]
 [ 1.81789299e-02  4.54945745e-02]
 [-3.97657712e-02 -1.34410772e-01]
 [ 3.05450323e-01  3.20812947e-01]
 [-1.81032681e-01 -1.24849708e-01]
 [ 4.30091131e-01 -1.80130826e-01]
 [ 4.89868937e-02  1.76664986e-01]
 [ 1.17225849e-01  7.47338393e-02]
 [-3.32819043e-01  1.08876025e-02]
 [ 1.30606075e-01  6.46577594e-02]
 [-3.15638467e-01  1.51302966e-01]
 [ 2.59009973e-01 -2.92395837e-01]
 [ 3.51923388e-01 -9.48924963e-02]
 [ 3.61278343e-01  1.33758465e-01]
 [ 8.71156464e-02  1.19321024e-01]
 [-1.24757054e-01 -2.19348233e-02]
 [-2.33924387e-01 -1.51500018e-01]
 [-1.06151484e-01 -6.84809190e-02]
 [-8.51276001e-02 -1.26113171e-01]
 [ 2.24057240e-01 -1.32380942e-01]
 [-1.15083981e-01  1.29779710e-01]
 [ 3.75114008e-02  1.37092992e-01]
 [-3.79736012e-01  3.84738883e-01]
 [-6.58056527e-02  9.14690053e-02]
 [-2.99157279e-01  3.66227314e-01]
 [-2.13950786e-03 -4.10995867e-02]
 [-2.38967067e-01  3.83277549e-01]
 [-2.47663223e-01 -1.04272917e-01]
 [-8.61659691e-02 -2.69918594e-01]
 [ 5.72119891e-02  2.50099937e-01]
 [-7.09045267e-02  1.10089373e-01]
 [ 3.11763251e-01 -2.78759870e-01]
 [ 1.62901782e-01 -3.43049142e-02]
 [ 3.78986872e-01 -7.34625895e-03]]
States:
[[0.99854792 0.99951796 0.54827542 0.4788739  0.51298969 0.59715652]
 [0.99833499 0.99924626 0.551012   0.47358592 0.54831129 0.5273499 ]
 [0.9980559  0.99851154 0.5543446  0.46289344 0.52082594 0.52518385]
 ...
 [0.94582756 0.95314988 0.73969595 0.29624425 0.28346746 0.78159513]
 [0.95819199 0.96236693 0.71304486 0.31657068 0.36799655 0.70486116]
 [0.96546541 0.96823628 0.69519696 0.33100676 0.41265183 0.69372256]]
Logstds:
[[-3. -3.]
 [-3. -3.]
 [-3. -3.]
 [-3. -3.]
 [-3. -3.]
 [-3. -3.]
 [-3. -3.]
 [-3. -3.]
 [-3. -3.]
 [-3. -3.]
 [-3. -3.]
 [-3. -3.]
 [-3. -3.]
 [-3. -3.]
 [-3. -3.]
 [-3. -3.]
 [-3. -3.]
 [-3. -3.]
 [-3. -3.]
 [-3. -3.]
 [-3. -3.]
 [-3. -3.]
 [-3. -3.]
 [-3. -3.]
 [-3. -3.]
 [-3. -3.]
 [-3. -3.]
 [-3. -3.]
 [-3. -3.]
 [-3. -3.]
 [-3. -3.]
 [-3. -3.]
 [-3. -3.]
 [-3. -3.]
 [-3. -3.]
 [-3. -3.]
 [-3. -3.]
 [-3. -3.]
 [-3. -3.]
 [-3. -3.]
 [-3. -3.]
 [-3. -3.]
 [-3. -3.]
 [-3. -3.]
 [-3. -3.]
 [-3. -3.]
 [-3. -3.]
 [-3. -3.]
 [-3. -3.]
 [-3. -3.]
 [-3. -3.]
 [-3. -3.]
 [-3. -3.]
 [-3. -3.]
 [-3. -3.]
 [-3. -3.]
 [-3. -3.]
 [-3. -3.]
 [-3. -3.]
 [-3. -3.]
 [-3. -3.]
 [-3. -3.]
 [-3. -3.]
 [-3. -3.]
 [-3. -3.]
 [-3. -3.]
 [-3. -3.]
 [-3. -3.]
 [-3. -3.]
 [-3. -3.]
 [-3. -3.]
 [-3. -3.]
 [-3. -3.]
 [-3. -3.]
 [-3. -3.]
 [-3. -3.]
 [-3. -3.]
 [-3. -3.]
 [-3. -3.]
 [-3. -3.]
 [-3. -3.]
 [-3. -3.]
 [-3. -3.]
 [-3. -3.]
 [-3. -3.]
 [-3. -3.]
 [-3. -3.]
 [-3. -3.]
 [-3. -3.]
 [-3. -3.]
 [-3. -3.]
 [-3. -3.]
 [-3. -3.]
 [-3. -3.]
 [-3. -3.]
 [-3. -3.]
 [-3. -3.]
 [-3. -3.]
 [-3. -3.]
 [-3. -3.]
 [-3. -3.]
 [-3. -3.]
 [-3. -3.]
 [-3. -3.]
 [-3. -3.]
 [-3. -3.]
 [-3. -3.]
 [-3. -3.]
 [-3. -3.]
 [-3. -3.]
 [-3. -3.]
 [-3. -3.]
 [-3. -3.]
 [-3. -3.]
 [-3. -3.]
 [-3. -3.]
 [-3. -3.]
 [-3. -3.]
 [-3. -3.]
 [-3. -3.]
 [-3. -3.]
 [-3. -3.]
 [-3. -3.]
 [-3. -3.]
 [-3. -3.]
 [-3. -3.]
 [-3. -3.]
 [-3. -3.]
 [-3. -3.]
 [-3. -3.]
 [-3. -3.]
 [-3. -3.]
 [-3. -3.]
 [-3. -3.]
 [-3. -3.]
 [-3. -3.]
 [-3. -3.]
 [-3. -3.]
 [-3. -3.]
 [-3. -3.]
 [-3. -3.]
 [-3. -3.]
 [-3. -3.]
 [-3. -3.]
 [-3. -3.]
 [-3. -3.]
 [-3. -3.]
 [-3. -3.]
 [-3. -3.]
 [-3. -3.]
 [-3. -3.]
 [-3. -3.]
 [-3. -3.]
 [-3. -3.]
 [-3. -3.]
 [-3. -3.]
 [-3. -3.]
 [-3. -3.]
 [-3. -3.]
 [-3. -3.]
 [-3. -3.]
 [-3. -3.]
 [-3. -3.]
 [-3. -3.]
 [-3. -3.]
 [-3. -3.]
 [-3. -3.]
 [-3. -3.]
 [-3. -3.]
 [-3. -3.]
 [-3. -3.]
 [-3. -3.]
 [-3. -3.]
 [-3. -3.]
 [-3. -3.]
 [-3. -3.]
 [-3. -3.]
 [-3. -3.]
 [-3. -3.]
 [-3. -3.]
 [-3. -3.]
 [-3. -3.]
 [-3. -3.]
 [-3. -3.]
 [-3. -3.]
 [-3. -3.]
 [-3. -3.]
 [-3. -3.]
 [-3. -3.]
 [-3. -3.]
 [-3. -3.]
 [-3. -3.]
 [-3. -3.]
 [-3. -3.]
 [-3. -3.]
 [-3. -3.]
 [-3. -3.]
 [-3. -3.]
 [-3. -3.]
 [-3. -3.]]
