Baseline:
[1.3758117  1.3737723  1.3759716  1.3805412  1.3622259  1.3319975
 1.3121958  1.3123912  1.3020912  1.3242432  1.3168193  1.3370552
 1.3268317  1.3191258  1.3164065  1.3264524  1.3148128  1.3250244
 1.313259   1.3054885  1.3167602  1.309827   1.2828802  1.2558138
 1.2668556  1.2723265  1.2656308  1.2597764  1.257162   1.2162608
 1.1897179  1.1657954  1.1579573  1.1387119  1.1240234  1.0942239
 1.0949911  1.1033663  1.106681   1.1213953  1.1280149  1.1681789
 1.1885439  1.2023281  1.1728371  1.1623908  1.1343668  1.1462336
 1.1459054  1.1522237  1.1430355  1.1366838  1.1289556  1.124658
 1.1407717  1.1287664  1.138981   1.11528    1.1335202  1.1255854
 1.1314564  1.1260725  1.1464926  1.1526965  1.1542729  1.1469829
 1.1337571  1.1181256  1.1084279  1.1445659  1.1583856  1.1658186
 1.17582    1.1728361  1.1709296  1.1672331  1.1439745  1.1611124
 1.1524173  1.1399118  1.1441365  1.1329092  1.1154283  1.0833274
 1.0722598  1.0785319  1.0655311  1.0449663  1.0521226  1.0627657
 1.040082   1.0739638  1.0539771  1.0331186  1.0317729  1.0235283
 1.0424863  1.0502063  1.030548   1.0662478  1.0359771  1.0135397
 0.9941299  1.0038934  0.9845533  0.9730216  0.9966663  0.9830499
 0.98857516 0.970803   0.99449354 1.0047247  1.0015156  1.0144466
 1.0417393  1.0506908  1.0530342  1.070315   1.0993112  1.1108998
 1.10451    1.0919858  1.0937818  1.0803474  1.063474   1.0612296
 1.0553635  1.0772189  1.0884     1.0916588  1.0858568  1.0914879
 1.0875201  1.0533348  1.0621011  1.0493553  1.0405875  1.0439681
 1.027474   0.98895586 0.9820611  0.9752389  0.9587263  0.96455944
 0.9755487  0.98205763 1.0076646  0.9866327  0.9855657  0.96577334
 0.9586558  0.9640592  0.971291   1.0363572  1.033161   1.0412678
 1.0287186  0.9974236  0.9897801  0.9968907  1.011262   1.0194856
 1.0350893  1.0560135  1.0589168  1.0585233  1.0489602  1.0729067
 1.1090006  1.1012739  1.0709164  1.102687   1.0921402  1.1136919
 1.1277514  1.137897   1.1503907  1.1272951  1.1279846  1.101802
 1.1152042  1.1224724  1.1415251  1.1525103  1.1646913  1.1823946
 1.1771057  1.2189654  1.25643    1.2818387  1.3058016  1.3225042
 1.3357912  1.3311024  1.3310013  1.374113   1.3800048  1.3819538
 1.3973936  1.4148146  1.4148146 ]
Returns:
[7.13617427 6.88520991 6.46671884 6.31877364 6.19809551 6.09830663
 5.94878068 5.88974083 5.90047097 5.5937388  5.59622891 5.37342418
 5.41309841 5.44506921 5.48990302 5.48680276 5.51246216 5.34465228
 4.88482963 4.87011591 4.78072478 4.83745695 4.71183229 4.62999734
 4.52921914 4.48444967 4.4702526  4.54315528 4.54216991 4.39184463
 4.07425441 3.96968435 3.68297162 3.7375488  3.82049056 3.84759525
 3.86941475 3.84458928 3.87782089 3.92420842 3.93125967 3.76626759
 3.7721062  3.7998451  3.76357706 3.85702248 3.76465253 3.80464351
 3.80918337 3.87917463 3.90360557 3.96733867 4.05404315 4.16323446
 4.11877151 4.21834301 4.26677085 4.28079603 4.28142081 4.40260622
 4.5153819  4.63599239 4.6107376  4.68115184 4.7962733  4.72947115
 4.04994507 3.98144429 3.99593528 4.00236922 3.94936216 3.99656936
 4.01857846 4.03770621 4.09208952 4.17044657 4.22190324 4.24754833
 4.30626385 4.23789813 4.3081541  4.35070903 4.22006464 4.138906
 4.22084934 4.28873972 4.32458606 4.36038295 4.33939612 4.3872539
 4.37490649 4.14187125 4.11180793 3.71050922 3.73314874 3.71762102
 3.7544916  3.79364369 3.77952805 3.5081156  3.31337309 3.30799071
 3.31272324 3.304927   3.29919376 3.3115524  3.22566869 3.17880719
 3.14317806 3.14526014 3.06636266 3.17841986 3.22501221 3.31262095
 3.25775506 3.43779415 3.51180381 3.31418157 3.40319804 3.51458126
 3.63859064 3.76159053 3.86085265 3.89915622 3.87900055 3.78029278
 3.84897173 3.74513551 3.74739123 3.783432   3.84607013 3.5663913
 3.6227695  3.52093254 3.48349573 3.48592986 3.51755583 3.49360588
 3.36333955 3.29431961 3.27439369 3.29484207 3.31294581 3.22663473
 3.21366554 3.14715642 2.96407593 2.91405603 2.9447574  2.8898185
 2.89022692 2.91644607 2.93789083 2.97360565 2.95697408 2.97477988
 2.95453148 2.88469495 2.85012333 2.88453926 2.62903303 2.7350927
 2.81013068 2.88341895 3.00793049 3.10877791 3.02962469 3.12325358
 3.03586602 3.1105496  2.84326168 2.76186731 2.76353369 2.70176308
 2.70125874 2.73701833 2.74591359 2.75430811 2.79689745 2.80003171
 2.71801574 2.78263331 2.77069162 2.78611489 2.71808275 2.67245511
 2.69663583 2.35410388 2.15228082 2.01814634 1.81968288 1.74712148
 1.70196931 1.58988371 1.33661022 1.03348414 0.89247595 0.69478116
 0.51350284 0.30497244]
Advants:
[4.20736983 3.99660666 3.60431785 3.4779071  3.40070627 3.35629982
 3.24986043 3.21406164 3.26117499 2.95042443 2.98032331 2.75145337
 2.81827213 2.87753853 2.94782073 2.95893337 3.02371124 2.87000373
 2.43447416 2.44091122 2.3516551  2.42966795 2.34350781 2.3006295
 2.19825436 2.15670965 2.15841256 2.24959402 2.26475598 2.16663345
 1.87884897 1.79924793 1.51288407 1.58086258 1.67517039 1.73022908
 1.7499297  1.71423531 1.74237139 1.77309162 1.77250249 1.55989367
 1.53683044 1.54195258 1.52538095 1.62185692 1.54747344 1.56557464
 1.55971661 1.61371891 1.63788343 1.6998757  1.78844709 1.89908542
 1.83354174 1.94317933 1.98047    2.01836171 2.0003812  2.13309865
 2.2472134  2.38492864 2.35056055 2.42902673 2.56155369 2.5208
 1.85424883 1.79947225 1.82233919 1.79028215 1.71883511 1.75482567
 1.76309875 1.78184154 1.83621635 1.91872936 1.99625411 2.00807333
 2.08116302 2.02973792 2.10262429 2.16550911 2.05872361 2.01507002
 2.116822   2.18983169 2.25255126 2.32571044 2.31492541 2.37212772
 2.40447408 2.15318684 2.1597597  1.7856212  1.81718686 1.81790457
 1.84505357 1.88748113 1.90512736 1.60165133 1.43603872 1.45238335
 1.47650137 1.4583722  1.47178191 1.49619715 1.38385095 1.34651972
 1.29965844 1.31393354 1.20211843 1.29708048 1.34097355 1.41154917
 1.32239799 1.49118885 1.56257916 1.34073014 1.39506907 1.49178473
 1.62287559 1.76334177 1.86918534 1.93161469 1.93983286 1.85286636
 1.94002279 1.82412952 1.82556116 1.8705962  1.95444998 1.67704272
 1.74783095 1.68941888 1.65181342 1.67679299 1.72907028 1.71379049
 1.60957671 1.58850435 1.58530287 1.6240838  1.67226175 1.59198453
 1.58016308 1.51805755 1.31475805 1.29072043 1.32884344 1.29950587
 1.31356843 1.34212146 1.36517021 1.3444997  1.34006907 1.35983998
 1.36283249 1.33470143 1.31823774 1.35774351 1.09275897 1.19893085
 1.26924918 1.33504389 1.47498797 1.59925799 1.55250642 1.64912796
 1.55106175 1.66360089 1.45203819 1.36290218 1.40156892 1.34437656
 1.35771825 1.41440718 1.44441949 1.51335759 1.59719136 1.6729211
 1.62491852 1.73549625 1.7613059  1.82752456 1.81187385 1.81664666
 1.92093315 1.6058432  1.43436034 1.34346367 1.18865234 1.17000282
 1.18638612 1.15686414 0.98037044 0.70663506 0.63387034 0.50850269
 0.38630391 0.23423171]
Mus:
[[-1.71124563e-02 -5.74145326e-03]
 [-1.68417208e-02 -4.96089272e-03]
 [-1.72023494e-02 -4.26018517e-03]
 [-1.80993658e-02 -5.30023500e-03]
 [-1.82682816e-02 -5.20896958e-03]
 [-1.87193137e-02 -5.80359576e-03]
 [-2.00681090e-02 -6.22603483e-03]
 [-2.19144467e-02 -6.92620082e-03]
 [-2.29856689e-02 -7.43839797e-03]
 [-2.44570486e-02 -8.26210342e-03]
 [-2.56515536e-02 -9.08294693e-03]
 [-2.56700460e-02 -8.56526755e-03]
 [-2.62427088e-02 -8.97029415e-03]
 [-2.69192867e-02 -9.40169115e-03]
 [-2.74616219e-02 -9.69430804e-03]
 [-2.81181596e-02 -9.88133438e-03]
 [-2.86473539e-02 -1.04454644e-02]
 [-2.80428212e-02 -9.65213962e-03]
 [-2.75740325e-02 -8.80462490e-03]
 [-2.84069888e-02 -9.45224892e-03]
 [-2.95283459e-02 -9.47614107e-03]
 [-3.00743356e-02 -9.72174481e-03]
 [-2.94030625e-02 -9.38904006e-03]
 [-2.96431128e-02 -1.01247802e-02]
 [-3.18588391e-02 -1.08686555e-02]
 [-3.26807350e-02 -1.08211366e-02]
 [-3.25766392e-02 -1.04982229e-02]
 [-3.26928645e-02 -1.04615362e-02]
 [-3.27704139e-02 -1.01524880e-02]
 [-3.08210533e-02 -9.83387418e-03]
 [-3.06720734e-02 -9.18993726e-03]
 [-3.03094741e-02 -8.57685320e-03]
 [-2.89401505e-02 -7.05610961e-03]
 [-2.61959899e-02 -5.91959013e-03]
 [-2.31385790e-02 -4.57285251e-03]
 [-1.86332706e-02 -2.97819520e-03]
 [-1.65215526e-02 -2.01665983e-03]
 [-1.35886837e-02 -4.08328982e-04]
 [-1.20072374e-02  7.76555316e-05]
 [-9.83622018e-03  1.10019790e-03]
 [-7.85553176e-03  2.06420827e-03]
 [-1.01538664e-02 -1.97329995e-04]
 [-9.98905394e-03 -2.53383507e-04]
 [-9.40807164e-03 -3.40696388e-05]
 [-1.05361240e-02 -7.94761581e-04]
 [-1.06861964e-02 -8.69703188e-04]
 [-9.71474778e-03 -3.05408117e-04]
 [-9.81018972e-03 -2.12219049e-04]
 [-8.81296769e-03  5.62627683e-04]
 [-9.59812757e-03 -8.46837574e-05]
 [-1.13635510e-02 -1.28012290e-03]
 [-1.23446742e-02 -1.77463645e-03]
 [-1.34834442e-02 -2.31468258e-03]
 [-1.44577632e-02 -2.72471923e-03]
 [-1.37518346e-02 -2.02910509e-03]
 [-1.50369694e-02 -2.78440490e-03]
 [-1.47842234e-02 -2.45444570e-03]
 [-1.69982482e-02 -3.73897841e-03]
 [-1.78806223e-02 -4.02235286e-03]
 [-1.88103095e-02 -4.45972616e-03]
 [-1.99293531e-02 -4.93915658e-03]
 [-2.01451704e-02 -4.98093478e-03]
 [-2.04277299e-02 -4.99696890e-03]
 [-1.95015129e-02 -4.48444253e-03]
 [-2.12676376e-02 -5.44812717e-03]
 [-1.82722695e-02 -3.72139504e-03]
 [-1.48226917e-02 -1.48157601e-03]
 [-1.55589050e-02 -2.24215677e-03]
 [-1.44029930e-02 -1.64677750e-03]
 [-1.54699143e-02 -2.14248174e-03]
 [-1.65379960e-02 -2.97748367e-03]
 [-1.72298346e-02 -3.47325462e-03]
 [-1.92223284e-02 -4.60310653e-03]
 [-2.35409029e-02 -6.83683809e-03]
 [-2.23961044e-02 -6.18371135e-03]
 [-2.14514770e-02 -5.64027904e-03]
 [-2.23131906e-02 -6.11358276e-03]
 [-2.37977766e-02 -6.74048206e-03]
 [-2.82606836e-02 -8.89489055e-03]
 [-2.44830996e-02 -7.01350952e-03]
 [-2.31260676e-02 -6.28947699e-03]
 [-2.67180111e-02 -8.11618101e-03]
 [-2.23771520e-02 -6.01514801e-03]
 [-2.39696968e-02 -7.04412581e-03]
 [-2.61428095e-02 -8.13823659e-03]
 [-2.78946683e-02 -8.69254209e-03]
 [-2.56545711e-02 -7.67997373e-03]
 [-2.43651532e-02 -7.36325141e-03]
 [-2.37926319e-02 -6.78467099e-03]
 [-2.56895181e-02 -7.43588898e-03]
 [-2.42046267e-02 -7.11424742e-03]
 [-2.80968212e-02 -8.36645253e-03]
 [-2.52877232e-02 -7.22886901e-03]
 [-2.87363213e-02 -9.37243458e-03]
 [-3.08678132e-02 -1.04904454e-02]
 [-3.27221379e-02 -1.17102806e-02]
 [-3.68312225e-02 -1.36532672e-02]
 [-3.74650098e-02 -1.41297318e-02]
 [-3.65477651e-02 -1.44230975e-02]
 [-4.07768153e-02 -1.68905891e-02]
 [-3.98562625e-02 -1.75275542e-02]
 [-3.54278460e-02 -1.59381386e-02]
 [-3.07272673e-02 -1.42462645e-02]
 [-2.98165921e-02 -1.45609248e-02]
 [-2.38805842e-02 -1.21989669e-02]
 [-1.80396885e-02 -9.88265499e-03]
 [-1.58062596e-02 -9.01350006e-03]
 [-1.45409834e-02 -9.03946999e-03]
 [-1.43995900e-02 -9.32792109e-03]
 [-1.03974286e-02 -7.22341985e-03]
 [-1.08450595e-02 -7.80612463e-03]
 [-8.85881111e-03 -6.77148020e-03]
 [-6.93074288e-03 -5.76183619e-03]
 [-6.02463214e-03 -5.33594936e-03]
 [-6.87814411e-03 -5.95101668e-03]
 [-5.67860901e-03 -5.15470468e-03]
 [-5.40727004e-03 -4.52610524e-03]
 [-6.51995419e-03 -4.65432275e-03]
 [-1.08953547e-02 -6.34589233e-03]
 [-1.32679325e-02 -6.45265169e-03]
 [-1.42200515e-02 -6.12997683e-03]
 [-1.47466362e-02 -5.80301043e-03]
 [-1.87557023e-02 -7.41854636e-03]
 [-1.92578137e-02 -7.46366242e-03]
 [-1.87203679e-02 -7.15279859e-03]
 [-2.29762159e-02 -8.87304265e-03]
 [-2.68187616e-02 -1.04514863e-02]
 [-3.21035869e-02 -1.21405190e-02]
 [-3.68460603e-02 -1.39135020e-02]
 [-4.08658683e-02 -1.57881752e-02]
 [-4.27579992e-02 -1.66897345e-02]
 [-4.32758443e-02 -1.63868312e-02]
 [-4.44758087e-02 -1.70247201e-02]
 [-4.19244394e-02 -1.60824731e-02]
 [-4.38445099e-02 -1.69099793e-02]
 [-4.37437445e-02 -1.73014589e-02]
 [-4.30578329e-02 -1.73057802e-02]
 [-4.25522700e-02 -1.71025340e-02]
 [-3.86510901e-02 -1.53318467e-02]
 [-3.49373110e-02 -1.38599267e-02]
 [-3.40286791e-02 -1.33277420e-02]
 [-3.37751620e-02 -1.34428842e-02]
 [-3.14601846e-02 -1.24892062e-02]
 [-3.15442346e-02 -1.30587947e-02]
 [-3.02830227e-02 -1.29189687e-02]
 [-2.65552644e-02 -1.12279318e-02]
 [-2.47402545e-02 -1.03809657e-02]
 [-2.07199734e-02 -8.57272279e-03]
 [-1.80597696e-02 -7.52872555e-03]
 [-1.37059540e-02 -5.66214463e-03]
 [-9.55419801e-03 -4.16266732e-03]
 [-4.86394204e-03 -2.36491207e-03]
 [-5.18988294e-04 -8.54245678e-04]
 [-8.85721110e-03 -5.40165557e-03]
 [-9.39528458e-03 -6.12773653e-03]
 [-9.80084483e-03 -6.53124088e-03]
 [-5.93127497e-03 -4.55269124e-03]
 [-3.65013722e-03 -3.66914505e-03]
 [-4.05150140e-03 -4.24536504e-03]
 [-2.97354371e-03 -3.99869541e-03]
 [-9.54873511e-04 -2.88651953e-03]
 [ 4.21503471e-04 -2.12437334e-03]
 [ 3.38069105e-04 -2.18813075e-03]
 [ 2.43422249e-03 -8.40285327e-04]
 [ 4.53172391e-03  3.71944421e-04]
 [ 5.32636419e-03  1.12596434e-03]
 [ 5.86130191e-03  2.17459095e-03]
 [ 6.77278591e-03  2.97294511e-03]
 [ 8.81497376e-03  4.13230713e-03]
 [ 4.82280087e-03  2.40403763e-03]
 [-9.88495653e-04 -2.80716777e-04]
 [-4.98057285e-04  6.97206939e-04]
 [-4.52622352e-03 -1.28744089e-03]
 [-3.08366097e-03  1.05751669e-05]
 [-3.91544076e-03 -1.46628576e-04]
 [-5.70612866e-03 -8.18964443e-04]
 [-8.03806540e-03 -1.89046736e-03]
 [-1.21185649e-02 -3.83372209e-03]
 [-1.21783260e-02 -3.42281093e-03]
 [-1.65253114e-02 -5.54077374e-03]
 [-2.31163241e-02 -8.57196189e-03]
 [-2.65910607e-02 -9.83798411e-03]
 [-2.92661954e-02 -1.06615135e-02]
 [-3.40185761e-02 -1.27998078e-02]
 [-3.57026719e-02 -1.31255900e-02]
 [-3.91297899e-02 -1.48363803e-02]
 [-4.10543680e-02 -1.57706793e-02]
 [-4.14570123e-02 -1.54213989e-02]
 [-4.28863540e-02 -1.58834271e-02]
 [-4.26149294e-02 -1.55033637e-02]
 [-4.13128063e-02 -1.45224780e-02]
 [-4.04190086e-02 -1.39818508e-02]
 [-4.04003859e-02 -1.40998466e-02]
 [-3.80479619e-02 -1.32489670e-02]
 [-3.93352471e-02 -1.45852864e-02]
 [-3.96179184e-02 -1.47399660e-02]
 [-3.77341472e-02 -1.42701641e-02]
 [-3.64062898e-02 -1.43160895e-02]
 [-3.50185819e-02 -1.39953047e-02]
 [-3.30136307e-02 -1.32450853e-02]]
Actions:
[[ 3.13835283e-01 -3.46345799e-01]
 [ 4.26784121e-01 -3.98323284e-01]
 [-2.80832076e-01  3.71511618e-01]
 [-3.03385701e-02 -3.40687127e-01]
 [-3.64199827e-01 -2.07520527e-01]
 [ 8.91826788e-03 -3.66053985e-01]
 [ 1.86138923e-01  5.18846249e-02]
 [-1.81695767e-02 -7.48946280e-02]
 [ 1.00810715e-01  5.51168189e-01]
 [-1.85083468e-01  1.99430886e-01]
 [ 4.04102963e-01 -6.33460389e-02]
 [-1.44858634e-01  2.67447754e-02]
 [-1.17852247e-01  4.63854653e-02]
 [-4.23176653e-02  4.06827214e-02]
 [ 9.22429524e-02  1.22281730e-01]
 [-2.47860535e-01  5.99305653e-02]
 [ 3.42323486e-01 -1.63725417e-01]
 [ 2.65515853e-01 -5.86382071e-01]
 [-1.93338799e-01  1.83359563e-01]
 [ 2.65912057e-01  1.65318109e-03]
 [-7.16392485e-02 -7.29873538e-03]
 [-1.00799326e-01 -3.96219374e-01]
 [-4.45357751e-01  9.96576924e-02]
 [ 1.50394246e-01  3.11087813e-01]
 [ 2.04664922e-01 -1.75104166e-02]
 [ 1.11340651e-01 -1.57109973e-01]
 [-6.67030729e-03 -1.81252234e-02]
 [ 1.35884705e-01 -1.16199846e-01]
 [-4.39867319e-01 -2.94790739e-01]
 [ 1.85573246e-01 -5.40973526e-01]
 [ 1.66380932e-01 -3.07985208e-01]
 [ 4.82800666e-01 -1.71061393e-01]
 [-1.07813595e-01  6.95062792e-02]
 [-3.22788176e-02  2.64415164e-02]
 [-2.44811055e-01 -1.92835888e-01]
 [ 5.84026709e-02  2.06387705e-01]
 [ 2.69517979e-01 -4.95541453e-03]
 [-2.42252823e-01  1.32659917e-01]
 [ 4.85365507e-02  1.52323591e-01]
 [ 4.96088170e-03 -3.05259963e-01]
 [-4.56243032e-01  2.98797366e-01]
 [ 1.14202904e-01  2.27671552e-01]
 [ 1.46918672e-01  1.45265823e-01]
 [-3.88878382e-01 -1.67739365e-01]
 [-6.99734380e-02 -1.03746141e-01]
 [-1.25224678e-01 -4.31303763e-01]
 [ 1.44249815e-01  8.97800531e-02]
 [ 1.48739631e-01 -2.40772743e-01]
 [-1.15066123e-01 -1.80737883e-01]
 [-2.98363130e-01 -1.41765457e-01]
 [-9.14611245e-02 -2.23736275e-01]
 [-9.35085349e-02 -1.38820204e-01]
 [-3.88021477e-02 -6.26129112e-02]
 [ 3.22322185e-01 -1.12173574e-01]
 [-1.97458164e-01 -2.34985387e-02]
 [ 1.97200333e-01  1.51184836e-02]
 [-3.65069596e-01 -5.99208746e-02]
 [ 1.87311540e-01  1.96375287e-01]
 [-7.77588779e-02 -5.00947952e-02]
 [ 4.09817675e-02  9.31202721e-02]
 [ 6.72603269e-03 -7.28464988e-02]
 [ 2.41560362e-01  2.21675918e-01]
 [ 1.71846327e-01  2.82866629e-02]
 [-1.25166789e-01  1.29686963e-01]
 [ 2.50688328e-01 -3.45706046e-01]
 [ 2.68182381e-01 -8.22194687e-01]
 [-4.35525644e-01  1.25777672e-01]
 [-2.52827007e-02 -2.79176860e-01]
 [ 2.10100108e-01  3.99103323e-02]
 [-5.91088946e-02  3.65194253e-01]
 [-2.93957665e-02  1.99766851e-01]
 [-8.74262165e-02  2.58693053e-01]
 [-3.07377337e-01  1.82475652e-01]
 [ 1.86886698e-01 -8.06157999e-02]
 [ 1.36624730e-01 -8.04620582e-02]
 [-2.39950594e-01 -1.89519266e-01]
 [ 1.38865644e-01  2.21426347e-01]
 [-3.00035063e-01  1.06075265e-01]
 [ 2.12277367e-01 -3.52032039e-01]
 [ 1.64697387e-01 -8.55393090e-02]
 [-3.39518669e-01  7.40545432e-02]
 [ 1.25109462e-01 -4.69735444e-01]
 [-4.49547967e-01 -2.03355657e-01]
 [-2.05733752e-01  7.64001386e-02]
 [ 1.17907287e-01  7.34432047e-02]
 [ 5.46830612e-02 -2.73682735e-01]
 [-2.25555188e-01 -2.36408710e-01]
 [ 2.72133583e-01 -9.78549696e-02]
 [ 7.16622928e-02  1.64039975e-01]
 [-3.04301597e-01 -2.33419059e-01]
 [ 3.50009976e-01  3.61568697e-01]
 [-9.12583466e-02 -3.24108971e-01]
 [-7.13711673e-01  1.64067057e-01]
 [-1.68778344e-01  9.60295459e-02]
 [-2.94169876e-01  9.80647600e-02]
 [ 3.77746675e-02 -8.57719333e-02]
 [ 3.14818263e-02  5.98095228e-02]
 [-3.15417611e-01  3.62736885e-02]
 [ 7.97323295e-02  5.03662241e-01]
 [-5.44173064e-01  4.31450383e-02]
 [-9.25456098e-02 -2.33524338e-01]
 [-9.88998155e-02 -2.05782294e-01]
 [-3.39477087e-02  2.05484894e-01]
 [ 2.16394382e-02 -2.46937123e-01]
 [ 7.81727929e-02 -1.85301094e-01]
 [ 2.87528510e-01  1.74164523e-01]
 [-3.73305583e-01  1.11464517e-01]
 [-2.46703926e-01  2.53958260e-01]
 [ 4.97196420e-03 -3.14482474e-01]
 [ 1.68713388e-01  3.45670239e-01]
 [ 5.53371422e-02  2.55406157e-02]
 [-3.19611475e-01 -1.03577672e-01]
 [-2.77622498e-01  1.15699283e-01]
 [-1.51921045e-01  4.57682578e-01]
 [ 1.31968220e-03 -1.91676885e-02]
 [ 2.40952586e-01 -1.92923789e-01]
 [-6.61603879e-01  1.17372114e-02]
 [ 1.10523458e-02  3.06803776e-01]
 [-3.80991941e-02 -2.76969004e-01]
 [ 8.28881697e-02 -2.06903049e-01]
 [-1.14764295e-01 -2.05864447e-01]
 [-2.94501380e-02  2.06523682e-01]
 [ 1.78385619e-01 -1.95366885e-01]
 [-4.86255099e-02 -3.88665172e-01]
 [ 3.42885763e-01  7.79578495e-02]
 [-2.02814262e-02  1.17607746e-02]
 [ 3.17133072e-01  1.12669144e-01]
 [ 1.23175183e-01  1.39880888e-01]
 [-1.20352668e-01  1.57367834e-01]
 [-5.91413770e-02 -6.23203800e-02]
 [ 4.25363035e-01 -2.56099074e-01]
 [-5.50472772e-02 -1.27871921e-02]
 [-1.16205580e-01 -3.93886101e-01]
 [ 1.08238804e-01  1.31503960e-01]
 [-2.63507469e-01  4.75891784e-02]
 [-9.81976016e-02  6.39871430e-03]
 [ 1.52407834e-01  7.06229552e-03]
 [ 1.75162488e-01 -3.16355842e-01]
 [-1.22147100e-01 -3.30696727e-01]
 [ 1.26384579e-01 -2.69841869e-02]
 [-2.19245531e-01  6.33726779e-02]
 [-4.68543907e-02 -1.27619074e-01]
 [-2.88345382e-01  2.73443109e-01]
 [ 7.17669373e-03  1.88469504e-01]
 [ 2.45974455e-01 -1.14133068e-01]
 [ 3.72008673e-01  1.47437485e-01]
 [-3.32567400e-02 -3.27668124e-01]
 [-1.46431228e-02 -7.53421458e-02]
 [-8.34206684e-02 -3.03020977e-01]
 [-1.81560128e-01 -1.47121008e-01]
 [-3.96998304e-02 -7.71311725e-02]
 [-1.03973035e-01 -2.21436377e-02]
 [-8.94238204e-03  3.81348271e-02]
 [-2.42784751e-01 -1.60185605e-01]
 [-3.46094299e-02  2.14411279e-01]
 [ 4.09952315e-02 -2.80066132e-01]
 [-3.31172453e-01 -2.49230923e-01]
 [-2.97540630e-01 -2.06594626e-01]
 [-2.42639666e-01 -1.18913697e-01]
 [ 1.04874956e-01 -5.51022564e-01]
 [-3.98179920e-02 -2.88418604e-02]
 [ 2.72872229e-02  2.07328424e-01]
 [ 2.08312195e-01  5.13139263e-02]
 [-9.26254632e-03 -9.79148475e-02]
 [-9.29014885e-02 -1.67640670e-01]
 [-1.82077040e-01 -4.22422581e-01]
 [ 1.69326879e-01  7.10026444e-02]
 [ 4.06334318e-01  2.02799515e-01]
 [-2.75879300e-01 -2.60829073e-02]
 [-6.30941182e-01 -1.59297743e-01]
 [ 3.99951649e-01 -1.26573551e-01]
 [-2.74573986e-01  2.38102003e-01]
 [ 3.78677478e-01 -3.29146571e-02]
 [ 1.77762418e-01  1.92970701e-01]
 [ 8.48697200e-02  1.88114309e-01]
 [ 5.84062258e-02  2.61406292e-01]
 [-3.09519780e-01 -5.73104008e-04]
 [ 1.43098603e-01 -1.45651512e-01]
 [-3.12455342e-01 -2.55128938e-03]
 [-1.16481805e-01  3.72581580e-01]
 [ 5.89010212e-02  6.26033727e-02]
 [ 2.17599060e-01  8.16926226e-02]
 [-2.07194544e-02  1.94145959e-01]
 [ 2.75216382e-01 -5.96896428e-02]
 [-4.13223047e-02  2.93896052e-01]
 [-1.53269447e-01 -9.33598426e-02]
 [ 5.15431804e-01  3.29085775e-02]
 [ 2.66225871e-01  2.74725502e-01]
 [ 2.42802554e-01 -1.05260966e-01]
 [ 3.03339541e-01 -1.26754320e-01]
 [ 1.06657880e-01 -8.43118773e-02]
 [-7.35310409e-02  3.92446618e-02]
 [-1.69321023e-01 -2.37348308e-01]
 [-4.41761982e-01  2.86962481e-01]
 [ 1.98092004e-01  3.46997597e-01]
 [-1.84085536e-01 -4.49766190e-02]
 [-3.54791832e-01  5.57364926e-02]
 [-9.17547601e-02  9.30516289e-02]
 [ 3.54360407e-02  1.05863964e-01]
 [ 8.81428826e-02  2.32766946e-01]]
States:
[[0.99836406 0.99991996 0.55064919 0.50861152 0.51306059 0.59706418]
 [0.99782292 0.99999683 0.55694625 0.50171323 0.59358274 0.50627117]
 [0.99545447 0.99957678 0.5779465  0.48020426 0.70148279 0.40364367]
 ...
 [0.79264841 0.80323591 0.92194704 0.11392926 0.35854677 0.98674763]
 [0.81295824 0.85075527 0.90618449 0.15483311 0.3380667  1.        ]
 [0.8329027  0.89440406 0.88898455 0.20292907 0.35061291 1.        ]]
Logstds:
[[-3. -3.]
 [-3. -3.]
 [-3. -3.]
 [-3. -3.]
 [-3. -3.]
 [-3. -3.]
 [-3. -3.]
 [-3. -3.]
 [-3. -3.]
 [-3. -3.]
 [-3. -3.]
 [-3. -3.]
 [-3. -3.]
 [-3. -3.]
 [-3. -3.]
 [-3. -3.]
 [-3. -3.]
 [-3. -3.]
 [-3. -3.]
 [-3. -3.]
 [-3. -3.]
 [-3. -3.]
 [-3. -3.]
 [-3. -3.]
 [-3. -3.]
 [-3. -3.]
 [-3. -3.]
 [-3. -3.]
 [-3. -3.]
 [-3. -3.]
 [-3. -3.]
 [-3. -3.]
 [-3. -3.]
 [-3. -3.]
 [-3. -3.]
 [-3. -3.]
 [-3. -3.]
 [-3. -3.]
 [-3. -3.]
 [-3. -3.]
 [-3. -3.]
 [-3. -3.]
 [-3. -3.]
 [-3. -3.]
 [-3. -3.]
 [-3. -3.]
 [-3. -3.]
 [-3. -3.]
 [-3. -3.]
 [-3. -3.]
 [-3. -3.]
 [-3. -3.]
 [-3. -3.]
 [-3. -3.]
 [-3. -3.]
 [-3. -3.]
 [-3. -3.]
 [-3. -3.]
 [-3. -3.]
 [-3. -3.]
 [-3. -3.]
 [-3. -3.]
 [-3. -3.]
 [-3. -3.]
 [-3. -3.]
 [-3. -3.]
 [-3. -3.]
 [-3. -3.]
 [-3. -3.]
 [-3. -3.]
 [-3. -3.]
 [-3. -3.]
 [-3. -3.]
 [-3. -3.]
 [-3. -3.]
 [-3. -3.]
 [-3. -3.]
 [-3. -3.]
 [-3. -3.]
 [-3. -3.]
 [-3. -3.]
 [-3. -3.]
 [-3. -3.]
 [-3. -3.]
 [-3. -3.]
 [-3. -3.]
 [-3. -3.]
 [-3. -3.]
 [-3. -3.]
 [-3. -3.]
 [-3. -3.]
 [-3. -3.]
 [-3. -3.]
 [-3. -3.]
 [-3. -3.]
 [-3. -3.]
 [-3. -3.]
 [-3. -3.]
 [-3. -3.]
 [-3. -3.]
 [-3. -3.]
 [-3. -3.]
 [-3. -3.]
 [-3. -3.]
 [-3. -3.]
 [-3. -3.]
 [-3. -3.]
 [-3. -3.]
 [-3. -3.]
 [-3. -3.]
 [-3. -3.]
 [-3. -3.]
 [-3. -3.]
 [-3. -3.]
 [-3. -3.]
 [-3. -3.]
 [-3. -3.]
 [-3. -3.]
 [-3. -3.]
 [-3. -3.]
 [-3. -3.]
 [-3. -3.]
 [-3. -3.]
 [-3. -3.]
 [-3. -3.]
 [-3. -3.]
 [-3. -3.]
 [-3. -3.]
 [-3. -3.]
 [-3. -3.]
 [-3. -3.]
 [-3. -3.]
 [-3. -3.]
 [-3. -3.]
 [-3. -3.]
 [-3. -3.]
 [-3. -3.]
 [-3. -3.]
 [-3. -3.]
 [-3. -3.]
 [-3. -3.]
 [-3. -3.]
 [-3. -3.]
 [-3. -3.]
 [-3. -3.]
 [-3. -3.]
 [-3. -3.]
 [-3. -3.]
 [-3. -3.]
 [-3. -3.]
 [-3. -3.]
 [-3. -3.]
 [-3. -3.]
 [-3. -3.]
 [-3. -3.]
 [-3. -3.]
 [-3. -3.]
 [-3. -3.]
 [-3. -3.]
 [-3. -3.]
 [-3. -3.]
 [-3. -3.]
 [-3. -3.]
 [-3. -3.]
 [-3. -3.]
 [-3. -3.]
 [-3. -3.]
 [-3. -3.]
 [-3. -3.]
 [-3. -3.]
 [-3. -3.]
 [-3. -3.]
 [-3. -3.]
 [-3. -3.]
 [-3. -3.]
 [-3. -3.]
 [-3. -3.]
 [-3. -3.]
 [-3. -3.]
 [-3. -3.]
 [-3. -3.]
 [-3. -3.]
 [-3. -3.]
 [-3. -3.]
 [-3. -3.]
 [-3. -3.]
 [-3. -3.]
 [-3. -3.]
 [-3. -3.]
 [-3. -3.]
 [-3. -3.]
 [-3. -3.]
 [-3. -3.]
 [-3. -3.]
 [-3. -3.]
 [-3. -3.]
 [-3. -3.]
 [-3. -3.]
 [-3. -3.]
 [-3. -3.]]
