Baseline:
[0.51628673 0.5170973  0.5350169  0.53403604 0.50721663 0.5109095
 0.508229   0.48970434 0.4871383  0.48639247 0.48019972 0.4769861
 0.467659   0.45684746 0.4457807  0.42729497 0.40664405 0.39765114
 0.37959418 0.37213638 0.36465806 0.37757242 0.38258436 0.3884991
 0.37284493 0.3670903  0.3638202  0.364448   0.38038245 0.38924542
 0.37249383 0.3924313  0.39764822 0.4076958  0.3948713  0.37153003
 0.35526982 0.3581451  0.35501686 0.36382562 0.3715303  0.3764651
 0.3628977  0.3548194  0.35788938 0.36076915 0.3548391  0.3431485
 0.33813503 0.33026403 0.31548777 0.3066474  0.29625145 0.29430863
 0.30955875 0.29550394 0.29032645 0.29123336 0.2899755  0.28073037
 0.2641554  0.25736132 0.24648127 0.25202274 0.23766077 0.22225124
 0.22063832 0.21527511 0.21845172 0.20419441 0.18678117 0.18182291
 0.17120045 0.17528684 0.16990374 0.16149248 0.18951903 0.17659467
 0.19647637 0.19513941 0.20499597 0.23240821 0.250462   0.2688156
 0.27920672 0.29531768 0.29713002 0.322321   0.33138263 0.33835244
 0.3596519  0.36831272 0.37977332 0.3737654  0.37258673 0.38840464
 0.4054924  0.40770137 0.4148922  0.42351848 0.4398288  0.44345397
 0.448088   0.439101   0.43035927 0.4198042  0.41883874 0.40651062
 0.39176938 0.38054326 0.38237336 0.35843572 0.34649494 0.32863757
 0.3131115  0.3039237  0.28515175 0.2680607  0.24902608 0.22438069
 0.20197628 0.17206068 0.14444856 0.12474723 0.10778241 0.09943199
 0.10620448 0.11605965 0.13844374 0.16427779 0.16555622 0.17052595
 0.1744872  0.1719372  0.1668639  0.17145024 0.18295059 0.1859945
 0.19043463 0.17965983 0.17554139 0.17394018 0.16694522 0.18130465
 0.17291927 0.19000328 0.18897864 0.18842265 0.19683042 0.19920877
 0.20158193 0.21106523 0.21908101 0.24033746 0.24437585 0.2613259
 0.2676314  0.27852833 0.28767097 0.28809932 0.27205458 0.26767573
 0.26249507 0.23884907 0.23840275 0.24886715 0.24291658 0.22819635
 0.21854106 0.21251425 0.19880274 0.17858908 0.19469099 0.16608694
 0.14919339 0.16034949 0.16596094 0.16242857 0.144861   0.14696857
 0.1451415  0.12543581 0.11530161 0.11663148 0.1175653  0.13368101
 0.14897612 0.15168896 0.15066779 0.15692934 0.1575985  0.15676391
 0.16048342 0.15536582 0.15992391 0.15832813 0.13288085 0.13278317
 0.13299337 0.1305087  0.1305087 ]
Returns:
[ 2.41776616e+00  2.44956061e+00  2.31272239e+00  2.34528862e+00
  2.18412185e+00  2.21203779e+00  1.95709692e+00  1.87227545e+00
  1.81656650e+00  1.24205116e+00  1.26339389e+00  1.13696894e+00
  1.08513104e+00  1.10132072e+00  1.11987557e+00  1.11617853e+00
  1.08443155e+00  1.14568091e+00  1.09977470e+00  1.08600596e+00
  1.04550906e+00  8.99110049e-01  8.95840282e-01  9.29502432e-01
  8.07291713e-01  8.45117424e-01  9.61340827e-01  1.03255248e+00
  9.85295710e-01  8.99831618e-01  9.59264490e-01  8.82583013e-01
  8.32781092e-01  9.42107518e-01  9.15398492e-01  4.80705451e-01
  4.98188495e-01  4.86098629e-01  5.01490624e-01  4.54594150e-01
  4.14048291e-01  4.74184853e-01  4.74236652e-01  4.98754868e-01
  4.75221725e-01  4.73724197e-01  5.35861893e-01  5.75909785e-01
  5.90908644e-01  6.39408323e-01  6.51984782e-01  7.44173622e-01
  8.14923148e-01  8.81441498e-01  7.06179769e-02  5.43318800e-02
  1.22781882e-02  4.55008149e-03  2.68442819e-02  4.22259579e-02
 -3.31339459e-01 -4.22144605e-01 -3.92369360e-01 -4.69311335e-01
 -4.37125541e-01 -3.93572143e-01 -3.74458204e-01 -3.03495756e-01
 -2.67730441e-01 -2.24526614e-01 -1.75376723e-01 -8.37797344e-02
  1.29471515e-02  3.91153071e-02  1.53105884e-01  2.73985265e-01
 -4.78891336e-02  2.27403428e-02 -1.00579786e-01  1.29035400e-02
 -6.12146304e-02 -1.39658079e-01 -2.50003323e-01 -1.74971741e-01
 -6.41014505e-02  2.30627386e-02  8.40051976e-04  1.12654519e-01
  1.47526810e-01  2.11729040e-01  2.50186832e-01  3.26891543e-01
  4.36748581e-01  2.73182096e-01  1.98887714e-01  3.19295378e-01
  2.16581352e-01  2.45211124e-01  2.75632904e-01  3.61289148e-01
  4.11157298e-01  5.36046204e-01  6.30390955e-01  7.11877924e-01
  4.75201588e-01  4.73922252e-01  3.85774255e-01  4.12232343e-01
  4.34394263e-01  4.64258532e-01  3.95984188e-02 -3.61956749e-02
 -6.29283665e-02 -4.14229567e-02 -1.26934611e-02 -8.96583380e-02
 -2.29044482e-01 -3.69462574e-01 -5.16821956e-01 -4.72451423e-01
 -4.16531661e-01 -4.25249881e-01 -4.02622763e-01 -3.61273481e-01
 -2.97238841e-01 -2.37668391e-01 -1.86865137e-01 -2.28723461e-01
 -3.08457858e-01 -2.59618327e-01 -2.30031688e-01 -2.76334306e-01
 -2.94741727e-01 -5.76534373e-01 -6.69769375e-01 -6.80610536e-01
 -7.95663406e-01 -7.34179699e-01 -6.90107182e-01 -6.37455379e-01
 -5.64850166e-01 -5.01107557e-01 -4.83354658e-01 -7.76750007e-01
 -7.50756053e-01 -7.25371365e-01 -6.59167331e-01 -5.68964400e-01
 -5.27820062e-01 -4.26660725e-01 -4.53501008e-01 -5.41059115e-01
 -4.64484230e-01 -4.40317801e-01 -3.33965380e-01 -2.54850533e-01
 -1.70896457e-01 -7.18464839e-02 -3.68236992e-01 -3.37736940e-01
 -3.09598734e-01 -2.12676452e-01 -1.82259335e-01 -3.84318090e-01
 -2.68130027e-01 -1.74158145e-01 -7.32995847e-02 -8.09756056e-02
 -8.17128060e-02  5.42370021e-02  1.83296950e-01  2.66956343e-01
  1.19415223e-01 -6.41367946e-02 -4.74428570e-02  1.48460702e-02
  1.10227012e-02  7.26161969e-02  1.20668544e-01  2.02995240e-01
  2.70200559e-01  5.48125027e-02  1.49837305e-01  2.56838349e-01
  2.85783957e-01  1.98615612e-01 -2.77170996e-02 -2.06552848e-02
 -9.38086557e-02 -1.21822864e-01 -6.71725213e-02 -5.79445550e-02
 -9.95087194e-02 -2.74193462e-02 -9.45597130e-02  2.47575276e-02
 -2.31785122e-01 -2.79582617e-01 -1.52126297e-01 -7.85109401e-02]
Advants:
[ 1.50128191  1.55794103  1.42625928  1.48588577  1.37568442  1.42685956
  1.19604537  1.15097129  1.11921542  0.55090933  0.5852253   0.46556135
  0.42558547  0.45617257  0.49060168  0.51106477  0.50578335  0.58450801
  0.56500243  0.56755073  0.54312494  0.38820912  0.38444342  0.41794972
  0.31434709  0.36248078  0.49061126  0.5727508   0.52014534  0.43438851
  0.52222947  0.4352718   0.3890356   0.50091574  0.50027657  0.09057624
  0.12715524  0.11480459  0.13673483  0.08300723  0.03541054  0.0930291
  0.10969219  0.14660004  0.12385273  0.12352434  0.1980911   0.2584824
  0.28850359  0.35747917  0.39935653  0.51927232  0.62342292  0.7189663
 -0.10326662 -0.10139914 -0.13496789 -0.14028078 -0.11239518 -0.082304
 -0.4444055  -0.53656134 -0.50348726 -0.59674877 -0.56045761 -0.51080141
 -0.49953307 -0.43111108 -0.40609143 -0.355067   -0.29343024 -0.19923478
 -0.09112617 -0.06753753  0.05716337  0.19623372 -0.15387607 -0.06796474
 -0.21303717 -0.0966957  -0.18161682 -0.29177339 -0.42881079 -0.37975414
 -0.28443794 -0.21678997 -0.24526368 -0.16077793 -0.13648886 -0.07913757
 -0.06131957  0.00954462  0.11404482 -0.041763   -0.11524009 -0.00780778
 -0.12823005 -0.10166545 -0.07755999  0.00280134  0.04101218  0.17107576
  0.27311052  0.3797565   0.16232207  0.18327936  0.10607711  0.15689337
  0.20799272  0.26575947 -0.15582416 -0.20395992 -0.21517165 -0.17070629
 -0.11954475 -0.18192374 -0.30041034 -0.4252428  -0.55916998 -0.49409924
 -0.41763394 -0.39779819 -0.34748278 -0.28446135 -0.19881803 -0.12375707
 -0.0706162  -0.11404291 -0.21032699 -0.18027858 -0.14345194 -0.18706596
 -0.20181571 -0.48142677 -0.57271494 -0.59201237 -0.7266792  -0.67523679
 -0.64197212 -0.58349404 -0.50976756 -0.44565529 -0.4214785  -0.73937119
 -0.7149301  -0.71715756 -0.65927465 -0.57585065 -0.55006138 -0.45576441
 -0.49074737 -0.59705107 -0.5364229  -0.54202946 -0.44579314 -0.38830116
 -0.31332198 -0.22533932 -0.54050685 -0.51996019 -0.48474724 -0.39004721
 -0.36051189 -0.55102145 -0.44390714 -0.368148   -0.26644391 -0.26472175
 -0.26130327 -0.12090373  0.02457191  0.13459209 -0.02744129 -0.18543472
 -0.15411332 -0.10385818 -0.11453725 -0.04874744  0.01962247  0.10530685
  0.18240509 -0.01057636  0.10076599  0.21641544  0.25612186  0.16233432
 -0.07646101 -0.06890377 -0.13978529 -0.17376391 -0.11779073 -0.10525529
 -0.14925595 -0.06826883 -0.13808258 -0.01138473 -0.24334974 -0.29346854
 -0.16491202 -0.08503637]
Mus:
[[-2.69401278e-02 -1.15936883e-02]
 [-2.68847700e-02 -1.13642095e-02]
 [-2.59608086e-02 -1.08289775e-02]
 [-2.63209771e-02 -1.07469046e-02]
 [-2.81682126e-02 -1.17572024e-02]
 [-2.81084701e-02 -1.21884579e-02]
 [-2.84892078e-02 -1.14026442e-02]
 [-2.97726896e-02 -1.17276274e-02]
 [-3.04345638e-02 -1.17258886e-02]
 [-3.04640401e-02 -1.06650293e-02]
 [-3.23032402e-02 -1.17489230e-02]
 [-3.34349573e-02 -1.19710974e-02]
 [-3.53722833e-02 -1.24307601e-02]
 [-3.67537215e-02 -1.32909743e-02]
 [-3.78373899e-02 -1.42006017e-02]
 [-3.93743068e-02 -1.53652439e-02]
 [-4.16500643e-02 -1.68660097e-02]
 [-4.26190309e-02 -1.75089426e-02]
 [-4.28522266e-02 -1.72642544e-02]
 [-4.27993685e-02 -1.72327124e-02]
 [-4.23547402e-02 -1.67168751e-02]
 [-4.17164601e-02 -1.63780246e-02]
 [-4.27933335e-02 -1.70187112e-02]
 [-4.38578427e-02 -1.76408701e-02]
 [-4.31542359e-02 -1.68524105e-02]
 [-4.48159836e-02 -1.79008916e-02]
 [-4.50661182e-02 -1.79810580e-02]
 [-4.62164432e-02 -1.86775476e-02]
 [-4.71143611e-02 -1.91497877e-02]
 [-4.50991653e-02 -1.77764706e-02]
 [-4.61352132e-02 -1.85098872e-02]
 [-4.65673842e-02 -1.88200399e-02]
 [-4.87709604e-02 -2.02812068e-02]
 [-4.83210124e-02 -2.00745538e-02]
 [-4.80296500e-02 -2.04231124e-02]
 [-4.47968468e-02 -1.89478602e-02]
 [-4.44306061e-02 -1.91416293e-02]
 [-4.58266512e-02 -2.00315416e-02]
 [-4.56525721e-02 -1.98318940e-02]
 [-4.71830256e-02 -2.07487997e-02]
 [-4.64206040e-02 -2.01841630e-02]
 [-4.59079891e-02 -2.01493334e-02]
 [-4.62233983e-02 -2.02804338e-02]
 [-4.60614823e-02 -2.06606071e-02]
 [-4.55557294e-02 -2.02739872e-02]
 [-4.47825752e-02 -1.99107770e-02]
 [-4.45398614e-02 -2.01012250e-02]
 [-4.36180010e-02 -1.98601540e-02]
 [-4.22747321e-02 -1.91626549e-02]
 [-4.10782546e-02 -1.85994003e-02]
 [-3.98643166e-02 -1.85529832e-02]
 [-3.83216180e-02 -1.81702394e-02]
 [-3.63033116e-02 -1.74268968e-02]
 [-3.41133140e-02 -1.69601329e-02]
 [-3.14174332e-02 -1.49505790e-02]
 [-3.09538972e-02 -1.53602054e-02]
 [-2.95840949e-02 -1.55305266e-02]
 [-2.76813880e-02 -1.45653477e-02]
 [-2.60271952e-02 -1.37261190e-02]
 [-2.43244488e-02 -1.26725435e-02]
 [-2.27748733e-02 -1.07786022e-02]
 [-2.30392348e-02 -1.17008537e-02]
 [-2.24214960e-02 -1.12647098e-02]
 [-2.24039592e-02 -1.15538845e-02]
 [-2.25651674e-02 -1.18635884e-02]
 [-2.13027708e-02 -1.10996272e-02]
 [-2.15330813e-02 -1.16622895e-02]
 [-2.09236983e-02 -1.15905711e-02]
 [-2.08748113e-02 -1.18688243e-02]
 [-1.90755837e-02 -1.11253466e-02]
 [-1.68497842e-02 -1.01497732e-02]
 [-1.50827840e-02 -9.64883156e-03]
 [-1.24650802e-02 -8.49225186e-03]
 [-1.02048432e-02 -7.59067340e-03]
 [-8.94115586e-03 -7.22464686e-03]
 [-7.30234571e-03 -6.57785172e-03]
 [-7.77964387e-03 -7.02218991e-03]
 [-6.30173972e-03 -6.35707332e-03]
 [-8.04029591e-03 -7.85967149e-03]
 [-6.75016502e-03 -7.27933086e-03]
 [-8.99585243e-03 -9.03657544e-03]
 [-8.07549991e-03 -8.57353024e-03]
 [-1.02857854e-02 -1.03335241e-02]
 [-9.84002184e-03 -1.02490047e-02]
 [-8.75926204e-03 -9.85665713e-03]
 [-8.23961850e-03 -9.82743502e-03]
 [-4.89333039e-03 -8.22564214e-03]
 [-3.29425093e-03 -7.58003583e-03]
 [-4.50849475e-04 -6.04754547e-03]
 [-2.54858256e-04 -6.12356747e-03]
 [ 1.08241802e-03 -4.75355610e-03]
 [ 1.81755773e-03 -3.76685453e-03]
 [ 5.24353200e-05 -4.58102301e-03]
 [-1.52984619e-04 -3.81836016e-03]
 [-3.48031777e-03 -5.38016111e-03]
 [-7.07477378e-03 -6.47176523e-03]
 [-1.04423612e-02 -6.48079673e-03]
 [-1.43551901e-02 -8.13292433e-03]
 [-1.88088901e-02 -9.85554513e-03]
 [-2.30147224e-02 -1.08390078e-02]
 [-2.61671264e-02 -1.16979508e-02]
 [-2.90324800e-02 -1.27755795e-02]
 [-3.07209436e-02 -1.32241603e-02]
 [-3.30553502e-02 -1.43428175e-02]
 [-3.18845846e-02 -1.34317689e-02]
 [-3.22465152e-02 -1.34378541e-02]
 [-3.36079337e-02 -1.37191797e-02]
 [-3.72595042e-02 -1.55415563e-02]
 [-3.79352905e-02 -1.58831067e-02]
 [-3.99384424e-02 -1.71543472e-02]
 [-4.09978889e-02 -1.69968810e-02]
 [-4.14457954e-02 -1.74110513e-02]
 [-4.30583619e-02 -1.79284941e-02]
 [-4.41341698e-02 -1.88459773e-02]
 [-4.50042076e-02 -1.91901047e-02]
 [-4.65052575e-02 -1.95498299e-02]
 [-4.54327241e-02 -1.88414995e-02]
 [-4.52821366e-02 -1.86265707e-02]
 [-4.39519733e-02 -1.76310129e-02]
 [-4.28934544e-02 -1.71929281e-02]
 [-4.20838110e-02 -1.71347074e-02]
 [-3.97098176e-02 -1.62121225e-02]
 [-3.65342572e-02 -1.51572898e-02]
 [-3.33093852e-02 -1.42159024e-02]
 [-2.72901393e-02 -1.19264815e-02]
 [-2.09439676e-02 -9.50648449e-03]
 [-1.49353938e-02 -6.79779425e-03]
 [-9.18564014e-03 -4.78684204e-03]
 [-6.77746721e-03 -3.66840046e-03]
 [-2.03974079e-02 -1.19166989e-02]
 [-1.89782269e-02 -1.23508284e-02]
 [-1.79992691e-02 -1.23424595e-02]
 [-1.58710871e-02 -1.14007480e-02]
 [-1.63996778e-02 -1.28823491e-02]
 [-1.28349410e-02 -1.07565066e-02]
 [-1.05251232e-02 -9.41412803e-03]
 [-8.05966463e-03 -7.83426873e-03]
 [-6.92290720e-03 -7.15750223e-03]
 [-7.91959837e-03 -7.82883074e-03]
 [-7.45993713e-03 -7.66076846e-03]
 [-6.94133667e-03 -7.55158998e-03]
 [-7.25161377e-03 -7.95928575e-03]
 [-3.81410657e-03 -5.93933370e-03]
 [-7.74360914e-03 -8.68707616e-03]
 [-5.33731375e-03 -7.22080283e-03]
 [-5.58342924e-03 -7.37597886e-03]
 [-3.04581947e-03 -5.84744569e-03]
 [-2.44962657e-03 -5.64981019e-03]
 [-3.48983216e-03 -6.47808937e-03]
 [-1.56730076e-03 -5.33313211e-03]
 [-3.24317021e-03 -6.59201900e-03]
 [ 1.59829692e-03 -3.52706341e-03]
 [ 3.54871317e-03 -2.16204301e-03]
 [ 5.49147930e-03 -5.56077168e-04]
 [ 5.72868809e-03 -7.99489135e-05]
 [ 4.92986897e-03 -4.38305724e-04]
 [ 5.93946502e-03  5.07341349e-04]
 [ 4.34940029e-03 -3.80881975e-04]
 [ 7.61964824e-03  2.21726438e-03]
 [ 6.27688598e-03  1.13190757e-03]
 [ 4.80063166e-03  3.80012585e-04]
 [ 4.05627675e-03  2.70693883e-04]
 [ 4.91792150e-03  1.15695549e-03]
 [ 1.40461023e-03 -6.71949529e-04]
 [ 8.83977977e-04 -5.84581576e-04]
 [ 1.26681814e-03 -3.67626926e-04]
 [-4.38590447e-04 -1.07662787e-03]
 [-8.90047115e-04 -8.41533765e-04]
 [ 8.64392612e-04  3.58045218e-04]
 [ 1.57732877e-03  7.55437475e-04]
 [ 1.90952397e-03  8.90093041e-04]
 [ 2.61584553e-03  1.05171872e-03]
 [ 5.16518136e-04  1.81000563e-04]
 [-2.58376682e-03 -1.76701439e-03]
 [-4.25840542e-03 -2.42718216e-03]
 [-7.78417336e-03 -3.53884650e-03]
 [-1.23677105e-02 -5.65628707e-03]
 [-1.63974911e-02 -7.64486007e-03]
 [-1.90862566e-02 -8.95849988e-03]
 [-2.33906433e-02 -1.09040579e-02]
 [-2.54373625e-02 -1.12801911e-02]
 [-2.57607512e-02 -1.13005294e-02]
 [-2.62137204e-02 -1.14369150e-02]
 [-2.65515689e-02 -1.16439536e-02]
 [-2.56247520e-02 -1.12862792e-02]
 [-2.95328423e-02 -1.35355303e-02]
 [-3.37324366e-02 -1.61484201e-02]
 [-3.19762900e-02 -1.58821624e-02]
 [-2.90966444e-02 -1.51911471e-02]
 [-2.67518703e-02 -1.53441401e-02]
 [-2.27244888e-02 -1.44247161e-02]
 [-2.00572740e-02 -1.40480557e-02]
 [-1.67835616e-02 -1.32793076e-02]
 [-1.24254338e-02 -1.16558699e-02]
 [-1.01209693e-02 -1.10399527e-02]
 [-7.48693710e-03 -9.80868470e-03]
 [-1.87701860e-03 -6.49305945e-03]
 [ 1.02923019e-03 -4.95456252e-03]
 [ 3.27628246e-03 -3.65945976e-03]
 [ 6.26424840e-03 -1.98719464e-03]]
Actions:
[[ 0.07883609 -0.07134616]
 [ 0.33174349  0.15392769]
 [ 0.04099368 -0.06582076]
 [-0.50535724 -0.18516717]
 [-0.08482604  0.20790806]
 [ 0.26788994 -0.38999631]
 [-0.18638882 -0.3330513 ]
 [ 0.11756937 -0.17009021]
 [ 0.44962906 -0.51192126]
 [-0.03716194  0.07643719]
 [ 0.27516991 -0.02397093]
 [ 0.13410039 -0.16675137]
 [-0.02689491  0.07773597]
 [-0.12044977  0.164587  ]
 [-0.31782573  0.08129005]
 [-0.39603148  0.08691965]
 [-0.02937619  0.14066881]
 [ 0.00805762 -0.34795539]
 [ 0.20254086  0.08751064]
 [ 0.26102805 -0.08421104]
 [ 0.31938605  0.2828376 ]
 [-0.02660199  0.30496572]
 [-0.05858577  0.27439084]
 [ 0.06538529 -0.44384129]
 [-0.25896291  0.20028987]
 [-0.01020663  0.02527947]
 [-0.09103431  0.25817679]
 [ 0.09729791  0.37318799]
 [ 0.2602266  -0.2617986 ]
 [-0.3563796  -0.08267645]
 [ 0.11997165  0.403889  ]
 [-0.29889198  0.36492136]
 [ 0.0145049  -0.01668236]
 [-0.46623559 -0.13875173]
 [-0.16879728 -0.71160223]
 [-0.33296299 -0.0704303 ]
 [-0.04889949  0.30818254]
 [ 0.08020639 -0.1693922 ]
 [ 0.05576622  0.3239022 ]
 [ 0.25276698 -0.08067696]
 [ 0.01794959  0.10735799]
 [-0.21570545 -0.25849755]
 [-0.27448164  0.10641112]
 [ 0.20802154 -0.08877702]
 [ 0.14238112 -0.00943779]
 [-0.17367931  0.04537563]
 [-0.25387782 -0.13636436]
 [ 0.03378364 -0.18286413]
 [-0.03370252 -0.16331134]
 [-0.37519736  0.00442369]
 [-0.03794043  0.01336006]
 [-0.04061525 -0.1200581 ]
 [-0.00421501  0.12691164]
 [ 0.80186332 -0.26643744]
 [-0.37425205  0.1203824 ]
 [-0.10767781  0.3068912 ]
 [ 0.16757706 -0.09622273]
 [ 0.11512745 -0.0798547 ]
 [ 0.10348889 -0.19279772]
 [ 0.34714819 -0.52093103]
 [-0.12054517  0.36375902]
 [ 0.06561656 -0.08227302]
 [ 0.14727309  0.25772971]
 [-0.27304145 -0.04369631]
 [-0.03793937 -0.20120727]
 [-0.1061214   0.20335719]
 [-0.07949867  0.03845823]
 [-0.02061903  0.1597166 ]
 [-0.21698544 -0.1657719 ]
 [-0.19260092 -0.18492794]
 [-0.07527344  0.06276254]
 [-0.06449465 -0.11004181]
 [ 0.19509675  0.1348892 ]
 [-0.07745667  0.06287165]
 [-0.10983126 -0.03137654]
 [ 0.36733061  0.537032  ]
 [-0.16774274 -0.17469391]
 [-0.09810205  0.47367063]
 [-0.05595685 -0.05358874]
 [-0.25217052  0.3605832 ]
 [ 0.30357984  0.29716842]
 [-0.19213406  0.43123842]
 [-0.00297     0.19575325]
 [-0.12154778 -0.04609994]
 [-0.15905365  0.13760765]
 [-0.19736494 -0.34347123]
 [ 0.04492157  0.1173902 ]
 [-0.13711576 -0.28743722]
 [-0.27659026 -0.01623407]
 [ 0.25522673 -0.17333845]
 [ 0.03252266 -0.24205298]
 [-0.10149512  0.15991567]
 [-0.26526744 -0.47161682]
 [-0.44547462  0.11875858]
 [ 0.04810515  0.12203968]
 [ 0.32211114 -0.33357633]
 [-0.29959816  0.14688393]
 [-0.30269112  0.14589292]
 [ 0.09428071 -0.15062096]
 [ 0.21759253  0.05024156]
 [-0.07765953  0.01802561]
 [ 0.04172529 -0.11042797]
 [-0.23889869  0.00922348]
 [ 0.04834941 -0.54018382]
 [ 0.05712044 -0.24399682]
 [ 0.31803536 -0.08177841]
 [-0.14287201  0.24478371]
 [-0.05279482 -0.18840509]
 [-0.11852323  0.21354013]
 [ 0.55649969 -0.2417394 ]
 [-0.31550268 -0.2578209 ]
 [ 0.15474298 -0.13886235]
 [-0.14983951  0.18203014]
 [-0.05050424 -0.14294273]
 [ 0.28202459  0.0129276 ]
 [-0.13695667 -0.45100533]
 [ 0.33834288  0.07723969]
 [ 0.33706044 -0.11889073]
 [-0.11997325 -0.11145516]
 [-0.18662295  0.03073427]
 [-0.22666268 -0.27732071]
 [-0.26472392 -0.11855743]
 [-0.22952717  0.00670643]
 [-0.13819835 -0.12241742]
 [-0.14059953 -0.08561972]
 [ 0.06549191 -0.15406605]
 [-0.38408696 -0.01225089]
 [ 0.34905359  0.07006526]
 [-0.15101689 -0.00526629]
 [-0.20655075  0.06816957]
 [ 0.13179144  0.26328825]
 [ 0.25743691  0.07202642]
 [-0.50213938  0.35196334]
 [ 0.32156091 -0.21782257]
 [ 0.26766206 -0.02280845]
 [ 0.41763072  0.02174332]
 [ 0.10970284 -0.0133779 ]
 [-0.03966959  0.19055459]
 [-0.16784183 -0.11865788]
 [-0.1498257  -0.05758843]
 [-0.20444329  0.0204398 ]
 [ 0.08648029 -0.27607212]
 [-0.32274954  0.52832793]
 [-0.03808671 -0.25819078]
 [ 0.08961999  0.24138651]
 [ 0.04900031 -0.17188762]
 [-0.12307114 -0.01436059]
 [-0.15259755  0.21165082]
 [ 0.0199161  -0.11473479]
 [-0.35809853  0.14396416]
 [ 0.28939658 -0.33713086]
 [ 0.08775861 -0.17096929]
 [ 0.28302407 -0.13601447]
 [ 0.03744828 -0.09956795]
 [ 0.08076732  0.20820631]
 [ 0.16038666 -0.13481905]
 [-0.05738421  0.18803588]
 [ 0.49159102 -0.4153043 ]
 [-0.18391775  0.2405321 ]
 [-0.27871214 -0.11753138]
 [-0.08260232 -0.14365844]
 [ 0.07517241 -0.29612155]
 [-0.56824761 -0.04444238]
 [ 0.0012649  -0.08177927]
 [ 0.10926092  0.13961472]
 [-0.1818312  -0.00734964]
 [-0.09378455 -0.36225143]
 [ 0.10495023 -0.34640286]
 [ 0.00432893  0.02328393]
 [-0.11374383 -0.05417806]
 [-0.23222533 -0.12551793]
 [ 0.16751849  0.50958945]
 [-0.5642167   0.08755564]
 [-0.21687852 -0.26866053]
 [ 0.19438668  0.16709457]
 [-0.02307585  0.36070658]
 [-0.11744106  0.23729797]
 [-0.28829068 -0.12445097]
 [-0.0725413   0.21180117]
 [ 0.12732552 -0.22018447]
 [-0.44296645 -0.42451326]
 [ 0.03523166 -0.17160397]
 [-0.1782872  -0.03966929]
 [-0.3248489  -0.12912367]
 [ 0.29273647 -0.2931202 ]
 [ 0.05870113 -0.56054435]
 [-0.31916632 -0.14757292]
 [-0.44023    -0.03087729]
 [-0.02051808  0.28396724]
 [-0.13499267  0.07902202]
 [ 0.02487806  0.22017034]
 [-0.32763981  0.18508231]
 [-0.22649372 -0.03222366]
 [ 0.37942541  0.14797504]
 [-0.11589882 -0.03128169]
 [ 0.2892281  -0.53836905]
 [-0.41890497 -0.07681913]
 [ 0.07813525 -0.03901171]
 [ 0.25235453 -0.08781602]
 [-0.22665236  0.14306946]]
States:
[[0.99960568 0.99942211 0.48938705 0.47686959 0.51327746 0.59725178]
 [0.9996657  0.99934975 0.49098557 0.47546495 0.53350172 0.57854529]
 [0.99992631 0.99936388 0.50084265 0.47573289 0.61816232 0.61921887]
 ...
 [0.13482286 0.00485704 0.15669845 0.23161077 0.         0.66060379]
 [0.06810452 0.00997598 0.24460262 0.22429868 0.         0.64914355]
 [0.02462633 0.01359865 0.33668259 0.21928736 0.         0.62511841]]
Logstds:
[[-3. -3.]
 [-3. -3.]
 [-3. -3.]
 [-3. -3.]
 [-3. -3.]
 [-3. -3.]
 [-3. -3.]
 [-3. -3.]
 [-3. -3.]
 [-3. -3.]
 [-3. -3.]
 [-3. -3.]
 [-3. -3.]
 [-3. -3.]
 [-3. -3.]
 [-3. -3.]
 [-3. -3.]
 [-3. -3.]
 [-3. -3.]
 [-3. -3.]
 [-3. -3.]
 [-3. -3.]
 [-3. -3.]
 [-3. -3.]
 [-3. -3.]
 [-3. -3.]
 [-3. -3.]
 [-3. -3.]
 [-3. -3.]
 [-3. -3.]
 [-3. -3.]
 [-3. -3.]
 [-3. -3.]
 [-3. -3.]
 [-3. -3.]
 [-3. -3.]
 [-3. -3.]
 [-3. -3.]
 [-3. -3.]
 [-3. -3.]
 [-3. -3.]
 [-3. -3.]
 [-3. -3.]
 [-3. -3.]
 [-3. -3.]
 [-3. -3.]
 [-3. -3.]
 [-3. -3.]
 [-3. -3.]
 [-3. -3.]
 [-3. -3.]
 [-3. -3.]
 [-3. -3.]
 [-3. -3.]
 [-3. -3.]
 [-3. -3.]
 [-3. -3.]
 [-3. -3.]
 [-3. -3.]
 [-3. -3.]
 [-3. -3.]
 [-3. -3.]
 [-3. -3.]
 [-3. -3.]
 [-3. -3.]
 [-3. -3.]
 [-3. -3.]
 [-3. -3.]
 [-3. -3.]
 [-3. -3.]
 [-3. -3.]
 [-3. -3.]
 [-3. -3.]
 [-3. -3.]
 [-3. -3.]
 [-3. -3.]
 [-3. -3.]
 [-3. -3.]
 [-3. -3.]
 [-3. -3.]
 [-3. -3.]
 [-3. -3.]
 [-3. -3.]
 [-3. -3.]
 [-3. -3.]
 [-3. -3.]
 [-3. -3.]
 [-3. -3.]
 [-3. -3.]
 [-3. -3.]
 [-3. -3.]
 [-3. -3.]
 [-3. -3.]
 [-3. -3.]
 [-3. -3.]
 [-3. -3.]
 [-3. -3.]
 [-3. -3.]
 [-3. -3.]
 [-3. -3.]
 [-3. -3.]
 [-3. -3.]
 [-3. -3.]
 [-3. -3.]
 [-3. -3.]
 [-3. -3.]
 [-3. -3.]
 [-3. -3.]
 [-3. -3.]
 [-3. -3.]
 [-3. -3.]
 [-3. -3.]
 [-3. -3.]
 [-3. -3.]
 [-3. -3.]
 [-3. -3.]
 [-3. -3.]
 [-3. -3.]
 [-3. -3.]
 [-3. -3.]
 [-3. -3.]
 [-3. -3.]
 [-3. -3.]
 [-3. -3.]
 [-3. -3.]
 [-3. -3.]
 [-3. -3.]
 [-3. -3.]
 [-3. -3.]
 [-3. -3.]
 [-3. -3.]
 [-3. -3.]
 [-3. -3.]
 [-3. -3.]
 [-3. -3.]
 [-3. -3.]
 [-3. -3.]
 [-3. -3.]
 [-3. -3.]
 [-3. -3.]
 [-3. -3.]
 [-3. -3.]
 [-3. -3.]
 [-3. -3.]
 [-3. -3.]
 [-3. -3.]
 [-3. -3.]
 [-3. -3.]
 [-3. -3.]
 [-3. -3.]
 [-3. -3.]
 [-3. -3.]
 [-3. -3.]
 [-3. -3.]
 [-3. -3.]
 [-3. -3.]
 [-3. -3.]
 [-3. -3.]
 [-3. -3.]
 [-3. -3.]
 [-3. -3.]
 [-3. -3.]
 [-3. -3.]
 [-3. -3.]
 [-3. -3.]
 [-3. -3.]
 [-3. -3.]
 [-3. -3.]
 [-3. -3.]
 [-3. -3.]
 [-3. -3.]
 [-3. -3.]
 [-3. -3.]
 [-3. -3.]
 [-3. -3.]
 [-3. -3.]
 [-3. -3.]
 [-3. -3.]
 [-3. -3.]
 [-3. -3.]
 [-3. -3.]
 [-3. -3.]
 [-3. -3.]
 [-3. -3.]
 [-3. -3.]
 [-3. -3.]
 [-3. -3.]
 [-3. -3.]
 [-3. -3.]
 [-3. -3.]
 [-3. -3.]
 [-3. -3.]
 [-3. -3.]
 [-3. -3.]
 [-3. -3.]
 [-3. -3.]
 [-3. -3.]
 [-3. -3.]
 [-3. -3.]
 [-3. -3.]]
