Baseline:
[1.4874258 1.4769225 1.4977157 1.5109874 1.5179317 1.5519987 1.5307664
 1.5308843 1.5285866 1.5458724 1.5461328 1.5400524 1.559516  1.5656834
 1.5751781 1.5647758 1.556581  1.5404625 1.5475588 1.5411961 1.5339193
 1.527097  1.5102563 1.5053836 1.4958293 1.4786038 1.4882401 1.4927775
 1.4833636 1.4892353 1.4677248 1.4612184 1.44452   1.4136307 1.3944569
 1.390015  1.3828405 1.3567657 1.358265  1.3573899 1.3588562 1.3359643
 1.3370913 1.3384051 1.3362722 1.3339319 1.3297124 1.3464308 1.3279793
 1.3159637 1.306048  1.3281817 1.3173246 1.3045995 1.30987   1.2823305
 1.278241  1.2707858 1.2626033 1.2240783 1.1951104 1.1961759 1.1933398
 1.17959   1.1407702 1.1276572 1.0976074 1.0872648 1.1119509 1.1085505
 1.1134348 1.1192547 1.1675415 1.1792874 1.1937965 1.2047257 1.2168497
 1.2252693 1.2269046 1.2234755 1.1872869 1.1510148 1.1663702 1.1737444
 1.1621877 1.1526117 1.1474817 1.1292664 1.1314951 1.1327682 1.1032162
 1.1164076 1.1165612 1.1258929 1.1325114 1.1748165 1.1927614 1.1801326
 1.1609157 1.1851077 1.1558716 1.1617174 1.1877754 1.1673968 1.1711447
 1.1831799 1.1937513 1.1804903 1.1866071 1.1898408 1.1989949 1.1924176
 1.1872323 1.1878854 1.2009776 1.2002759 1.2095532 1.1874582 1.1828625
 1.2037585 1.2092228 1.2095699 1.219417  1.2273948 1.2351611 1.2426434
 1.2589824 1.2559397 1.2701912 1.2697823 1.2818484 1.2692099 1.2824969
 1.3013844 1.3426086 1.3750451 1.4126537 1.4340752 1.466562  1.481666
 1.4750707 1.4778517 1.4832444 1.4926798 1.5051947 1.5219996 1.5162477
 1.5245405 1.5316577 1.5196061 1.5081054 1.4771214 1.4684279 1.4380201
 1.4262257 1.4259288 1.4066534 1.3823136 1.3739924 1.3562273 1.3260121
 1.3185806 1.3296742 1.3250734 1.3047237 1.2975194 1.3016428 1.2898088
 1.2754953 1.2810875 1.2888452 1.3054612 1.304152  1.3030086 1.2996979
 1.2936872 1.2844571 1.2688961 1.2593462 1.2778857 1.2785822 1.2970334
 1.2960799 1.3172853 1.3313932 1.3344777 1.320572  1.306979  1.3091536
 1.3066324 1.3071159 1.3133452 1.3111877 1.3005571 1.3068205 1.3239776
 1.3131814 1.3019245 1.2963035 1.2972533 1.2972533]
Returns:
[8.78468185 8.83366082 8.64110248 8.5892147  8.60934209 8.24620046
 8.2110939  8.1617824  8.17863906 8.04837704 8.07767987 8.10921192
 8.05768678 8.08274894 7.99043256 8.00907904 8.04259551 7.97279879
 7.99916113 8.06598551 7.99886761 7.82258496 7.84014492 7.58593916
 7.61079875 7.62432823 7.57442415 7.5537004  7.5826236  7.4670694
 7.39648984 7.40611928 7.35101695 7.28639027 7.26295976 7.13224974
 7.06548982 6.83554322 6.75494286 6.68382032 6.59150363 6.45709256
 6.39352222 6.28561831 6.17211944 5.72331398 5.49352582 5.36027559
 5.149838   4.92180401 4.59078657 4.40262032 4.35306913 4.26516
 3.81596757 3.76593353 3.64357485 3.56204079 3.36098588 3.32945071
 3.36885193 3.26778923 3.22610156 3.20802326 3.29939887 3.39617344
 3.45688671 3.54706162 3.5194977  3.27014529 3.34217171 3.41721615
 3.459433   3.51188582 3.53862869 3.57860226 3.62703725 3.69345969
 3.78638261 3.89591561 3.89248315 3.74385787 3.64812475 3.66612481
 3.76463318 3.76156528 3.86331497 3.8639558  3.98771857 4.08859842
 3.83584366 3.94189983 4.06003324 4.19958225 4.08706204 3.95095152
 4.01358363 4.14041598 4.18925854 4.22170132 3.82122209 3.96887016
 4.00858739 3.97922488 4.07767124 4.18357317 4.35307174 4.46201428
 4.66367284 4.88894943 5.09933313 5.26845432 5.45657679 5.6531306
 5.72852911 5.89039157 5.97880092 6.02083586 6.16213081 6.17050489
 6.28795757 6.35818898 6.38533435 6.43905461 6.45591595 6.56926898
 6.5161968  6.56534507 6.54248431 6.62248301 6.44779989 6.28310752
 6.32145223 6.38748511 6.29924237 6.36253629 6.40348439 6.48496814
 6.55889713 6.66621923 6.62410654 6.69688145 6.70134194 6.75835943
 6.83709634 6.69224338 6.62863579 6.64104483 6.60360418 6.50629387
 6.45165868 6.36770676 6.25174596 6.14661677 6.04519394 5.89171466
 5.65923374 5.53023864 5.30638157 5.1562576  4.94904271 4.80705842
 4.5805937  4.38472176 4.23644493 4.18227419 3.84754191 3.64271478
 3.38965446 3.22478614 3.16921803 3.05059119 3.0376288  2.96193104
 2.97351372 2.96420022 2.88451136 2.85973772 2.90641116 2.59451803
 2.5382657  2.33048897 2.32665663 1.9827468  1.85410022 1.80444692
 1.66823942 1.60506641 1.55340997 1.51447055 1.42721738 1.32812825
 1.26082656 1.18530358 1.06993796 0.69413977 0.58445271 0.45909617
 0.3315399  0.19440058]
Advants:
[4.9260063  5.01101648 4.81876896 4.77449606 4.81075277 4.42629863
 4.42583629 4.38943257 4.42331446 4.28718533 4.32951752 4.38271514
 4.32644383 4.36189395 4.27489978 4.3209262  4.38235148 4.34840646
 4.38968245 4.48901801 4.45570215 4.30978551 4.3707995  4.14263545
 4.20108606 4.25887665 4.22683344 4.23063068 4.30168711 4.21201257
 4.19588205 4.24826148 4.24800075 4.25461241 4.29401042 4.21121054
 4.19695345 4.03596604 3.99786496 3.97319155 3.92596441 3.86151792
 3.84590243 3.78656981 3.72589415 3.32062948 3.13279465 3.01913602
 2.86061527 2.67423204 2.37535903 2.1826773  2.16190559 2.10384545
 1.65390953 1.635632   1.51828117 1.44290776 1.24266552 1.24187386
 1.30391315 1.19175723 1.14082207 1.12324686 1.24309372 1.34514985
 1.43022129 1.52767109 1.47047613 1.21155109 1.2666918  1.32503344
 1.30696577 1.33591189 1.33576139 1.35226474 1.37608953 1.42233624
 1.50368957 1.60936492 1.63522654 1.51191667 1.3855024  1.37982541
 1.47560304 1.46680795 1.56038646 1.56539137 1.67565306 1.7661079
 1.52607034 1.60353815 1.7084585  1.82853113 1.69469878 1.49481978
 1.51759727 1.63759549 1.68663896 1.67450903 1.26966727 1.37939443
 1.35866859 1.31209263 1.36892545 1.42460404 1.547005   1.63335052
 1.79602711 1.98927256 2.16547507 2.31944842 2.49515891 2.678022
 2.72810722 2.8824369  2.95508034 3.01415243 3.15906638 3.14509726
 3.25897875 3.33307883 3.35548701 3.40818934 3.42511851 3.5427651
 3.48398607 3.54932903 3.52534144 3.62247852 3.44810811 3.30478503
 3.34009218 3.39981814 3.27999951 3.32228155 3.33812214 3.41360789
 3.47306937 3.58769387 3.57539312 3.67274615 3.70147492 3.78271621
 3.88751305 3.7627162  3.74307224 3.7887827  3.7879844  3.74757607
 3.75177851 3.7485419  3.6919247  3.66985715 3.63459616 3.53567488
 3.37475892 3.32361084 3.15947417 3.07879967 2.95241275 2.86862301
 2.67880491 2.53342525 2.45134238 2.45267302 2.15574878 2.00229013
 1.79906171 1.66187328 1.63269541 1.53032669 1.55398768 1.51545013
 1.56988907 1.60939837 1.58321968 1.62177431 1.73157281 1.44905981
 1.44235126 1.26364671 1.31225067 0.99171178 0.89291579 0.88625031
 0.81016282 0.80920085 0.80646445 0.82436712 0.79286527 0.74531497
 0.7408452  0.73978891 0.68367235 0.34965713 0.31166866 0.26013073
 0.2023154  0.12953782]
Mus:
[[-1.55923534e-02 -5.31206047e-03]
 [-1.57222729e-02 -5.48984203e-03]
 [-1.53759439e-02 -4.81316401e-03]
 [-1.55937467e-02 -4.64362837e-03]
 [-1.57436728e-02 -4.74784197e-03]
 [-1.59627087e-02 -4.12493851e-03]
 [-1.61615368e-02 -4.32219729e-03]
 [-1.62745249e-02 -4.05773381e-03]
 [-1.67241562e-02 -4.47965972e-03]
 [-1.69062074e-02 -4.12596390e-03]
 [-1.70499925e-02 -4.23399545e-03]
 [-1.70283727e-02 -4.36955225e-03]
 [-1.72053017e-02 -4.51290328e-03]
 [-1.67736989e-02 -4.13354533e-03]
 [-1.64550710e-02 -3.53174750e-03]
 [-1.56438053e-02 -3.15636117e-03]
 [-1.48352692e-02 -2.95308651e-03]
 [-1.47799030e-02 -2.87875230e-03]
 [-1.47450343e-02 -2.88218260e-03]
 [-1.45759927e-02 -3.03002959e-03]
 [-1.53714940e-02 -3.15301982e-03]
 [-1.56636592e-02 -3.98326013e-03]
 [-1.57799646e-02 -4.20077797e-03]
 [-1.86570045e-02 -6.04411820e-03]
 [-1.96532477e-02 -6.82742381e-03]
 [-1.93775240e-02 -6.98188180e-03]
 [-2.03935355e-02 -7.32931122e-03]
 [-2.03545447e-02 -7.27664726e-03]
 [-2.02333387e-02 -7.41192512e-03]
 [-1.95291899e-02 -6.83686323e-03]
 [-1.95749719e-02 -7.34105846e-03]
 [-1.94397923e-02 -7.48219341e-03]
 [-1.90363303e-02 -7.90339150e-03]
 [-1.73788685e-02 -7.57978158e-03]
 [-1.62018426e-02 -7.61754671e-03]
 [-1.43588996e-02 -6.81843376e-03]
 [-1.33808572e-02 -7.09289499e-03]
 [-9.56794340e-03 -5.44426125e-03]
 [-8.46564583e-03 -5.74506307e-03]
 [-6.86145155e-03 -5.60099073e-03]
 [-5.18566510e-03 -5.66478167e-03]
 [-9.27008339e-04 -4.05541295e-03]
 [ 1.03124185e-03 -3.67476791e-03]
 [ 4.09298483e-03 -2.18938082e-03]
 [ 6.93163974e-03 -7.73910666e-04]
 [ 8.91275518e-03  1.18711079e-03]
 [ 8.11224617e-03  1.58944738e-03]
 [ 7.09352922e-03  1.26755238e-03]
 [ 7.05591030e-03  1.72221649e-03]
 [ 9.65503324e-03  1.78345758e-03]
 [ 8.62212386e-03  2.31033820e-03]
 [ 5.72759937e-03  1.46269379e-03]
 [ 6.37843693e-03  1.26314245e-03]
 [ 6.61911583e-03  1.54181418e-03]
 [ 3.63578321e-03  1.50209677e-03]
 [ 3.84593615e-03  1.28567347e-03]
 [ 2.44164164e-03  1.20251079e-03]
 [ 1.04733219e-03  1.02866953e-03]
 [-5.06155542e-04  1.13103888e-03]
 [-1.87037494e-05  1.57663052e-03]
 [ 8.24723160e-04  1.78252382e-03]
 [ 8.77415412e-04  2.03137030e-03]
 [ 2.34056916e-03  3.10282502e-03]
 [ 2.50953622e-03  3.76034481e-03]
 [ 4.49308706e-03  4.57661925e-03]
 [ 5.87472180e-03  5.16220508e-03]
 [ 7.45805213e-03  5.30060334e-03]
 [ 8.05475470e-03  5.76629955e-03]
 [ 8.34426377e-03  5.75945107e-03]
 [ 8.87390133e-03  4.63408511e-03]
 [ 9.54370201e-03  4.98296600e-03]
 [ 1.03027700e-02  5.30534936e-03]
 [ 6.18063938e-03  2.05023913e-03]
 [ 4.99704247e-03  1.37328787e-03]
 [ 5.23890369e-03  1.61641510e-03]
 [ 6.12264080e-03  2.23634485e-03]
 [ 5.92023367e-03  2.22580461e-03]
 [ 5.12592588e-03  1.90726423e-03]
 [ 2.99497088e-03  8.51194665e-04]
 [ 8.31049634e-04 -1.54260997e-04]
 [-1.47730683e-03 -1.27947144e-03]
 [ 1.44554162e-03  2.83569068e-04]
 [ 5.86470123e-03  2.88859871e-03]
 [ 7.80491205e-03  4.13538190e-03]
 [ 7.80949509e-03  4.20878828e-03]
 [ 5.31177921e-03  2.45132926e-03]
 [ 4.10470925e-03  1.67825341e-03]
 [ 6.28039567e-03  2.76861433e-03]
 [ 6.85654953e-03  3.02674784e-03]
 [ 6.01917412e-03  2.36276351e-03]
 [ 3.37323430e-03  4.46419028e-04]
 [ 3.38983489e-03  2.56368512e-04]
 [ 5.42488741e-03  1.21417001e-03]
 [ 6.11630548e-03  1.51878304e-03]
 [ 8.76684207e-03  3.08482512e-03]
 [ 9.62557364e-03  3.32801719e-03]
 [ 1.06123509e-02  3.76180420e-03]
 [ 1.06343450e-02  3.87125113e-03]
 [ 8.31055455e-03  2.61838897e-03]
 [ 1.05123799e-02  3.76502331e-03]
 [ 2.79352814e-03 -5.68970398e-04]
 [ 2.15912983e-03 -8.47015239e-04]
 [ 1.56037183e-03 -1.02439569e-03]
 [ 3.71518824e-03  3.73501505e-04]
 [-1.40322358e-04 -1.50727865e-03]
 [-2.62018875e-03 -2.69158324e-03]
 [-5.81318280e-03 -4.06402256e-03]
 [-9.53295175e-03 -5.53007657e-03]
 [-1.17221363e-02 -5.92481717e-03]
 [-1.52284717e-02 -7.11089233e-03]
 [-1.88547596e-02 -8.48094095e-03]
 [-1.95588693e-02 -8.14351719e-03]
 [-2.15578489e-02 -8.76728073e-03]
 [-2.44561378e-02 -9.80222318e-03]
 [-2.53096782e-02 -9.76077281e-03]
 [-2.80245654e-02 -1.08600389e-02]
 [-2.92172991e-02 -1.10985264e-02]
 [-3.20761316e-02 -1.27963573e-02]
 [-3.54460329e-02 -1.42791411e-02]
 [-4.10388932e-02 -1.68409012e-02]
 [-4.42645364e-02 -1.84188224e-02]
 [-4.54922803e-02 -1.90954302e-02]
 [-4.67628166e-02 -2.01868378e-02]
 [-4.67084683e-02 -2.07534116e-02]
 [-4.44283970e-02 -2.05882657e-02]
 [-3.94137539e-02 -1.94056146e-02]
 [-3.54007967e-02 -1.87101569e-02]
 [-2.87103802e-02 -1.62580274e-02]
 [-2.32754312e-02 -1.46005284e-02]
 [-1.62528213e-02 -1.20007079e-02]
 [-1.05822477e-02 -1.01024341e-02]
 [-2.07776623e-03 -6.32556109e-03]
 [ 1.77317276e-03 -4.91940603e-03]
 [ 4.75855637e-03 -3.77956429e-03]
 [ 4.86019487e-03 -4.07285569e-03]
 [ 6.30320143e-03 -3.46499402e-03]
 [ 6.50028279e-03 -3.32204206e-03]
 [ 7.07548717e-03 -2.68272194e-03]
 [ 6.84935553e-03 -2.26396159e-03]
 [ 6.37060869e-03 -2.04886054e-03]
 [ 6.12836983e-03 -1.16711878e-03]
 [ 4.20813076e-03 -1.48580514e-03]
 [ 2.61853938e-03 -1.02477847e-03]
 [-4.39914838e-05 -1.09952700e-03]
 [-1.90826925e-03 -1.05620548e-03]
 [-5.30359894e-03 -2.03962158e-03]
 [-6.18427433e-03 -1.49839360e-03]
 [-9.55484342e-03 -2.82862503e-03]
 [-1.23439776e-02 -4.15370893e-03]
 [-1.42326653e-02 -4.58489172e-03]
 [-1.69389062e-02 -5.78867039e-03]
 [-1.78181250e-02 -6.20046956e-03]
 [-2.04765834e-02 -7.91259203e-03]
 [-1.94479451e-02 -7.76263326e-03]
 [-1.91740561e-02 -8.25524423e-03]
 [-1.98292602e-02 -9.45655443e-03]
 [-1.63490847e-02 -8.80079251e-03]
 [-1.01009896e-02 -7.00335298e-03]
 [-6.20655669e-03 -6.32743305e-03]
 [-1.68385555e-03 -5.00162784e-03]
 [ 3.83488974e-03 -2.57887482e-03]
 [ 5.50211594e-03 -2.05262774e-03]
 [ 3.84012144e-03 -3.32670845e-03]
 [ 4.54917690e-03 -3.09390202e-03]
 [ 6.63875602e-03 -1.90986891e-03]
 [ 7.11533427e-03 -1.28885743e-03]
 [ 6.86009787e-03 -1.16080826e-03]
 [ 7.47050717e-03 -2.12289378e-04]
 [ 8.95296596e-03  1.15101447e-03]
 [ 8.56926199e-03  1.57121790e-03]
 [ 7.44659035e-03  1.66752434e-03]
 [ 4.03373595e-03  7.51360712e-05]
 [ 9.58700257e-04 -9.02465137e-04]
 [-1.47726678e-03 -1.39630900e-03]
 [-3.89292091e-03 -1.97822554e-03]
 [-5.13602141e-03 -1.80729793e-03]
 [-4.49788850e-03 -6.97872252e-04]
 [-5.23212925e-03 -4.83791984e-04]
 [-7.24491756e-03 -1.17534376e-03]
 [-3.61902313e-03  1.21303112e-03]
 [-6.70000259e-03 -3.82695958e-04]
 [-4.26393794e-03  1.04464125e-03]
 [-4.66137147e-03  9.68678854e-04]
 [-1.28646486e-03  3.06148408e-03]
 [-6.03284512e-04  3.22505366e-03]
 [ 7.23162433e-04  3.89427273e-03]
 [ 4.89752693e-03  6.33499213e-03]
 [ 4.84350743e-03  6.16438827e-03]
 [ 5.47714578e-03  6.32340740e-03]
 [ 5.54714352e-03  6.21039467e-03]
 [ 7.01095536e-03  6.98751258e-03]
 [ 9.20570083e-03  8.03564582e-03]
 [ 1.06041599e-02  8.66843946e-03]
 [ 1.02375578e-02  8.39393120e-03]
 [ 1.03794746e-02  8.17873515e-03]
 [ 1.46484599e-02  1.04238447e-02]
 [ 1.45674897e-02  1.03978189e-02]
 [ 1.42752184e-02  1.04067987e-02]
 [ 1.46571277e-02  1.07641779e-02]
 [ 1.56721678e-02  1.13829775e-02]]
Actions:
[[-0.12536782 -0.03074328]
 [ 0.38509149 -0.07195801]
 [ 0.18520178  0.00190219]
 [ 0.00291025  0.07793623]
 [ 0.52662743  0.01742049]
 [-0.27269116 -0.13382896]
 [ 0.11074742 -0.1306344 ]
 [-0.16566437  0.11650413]
 [ 0.29507939 -0.02034241]
 [-0.07794715  0.05458442]
 [-0.16171676  0.03879893]
 [ 0.05146673  0.25053159]
 [ 0.07167117 -0.02716569]
 [ 0.2288402  -0.12211386]
 [-0.12767878 -0.11660229]
 [-0.17435899 -0.05666889]
 [-0.16044009 -0.3207819 ]
 [ 0.06168425  0.09393431]
 [-0.15563509  0.01955635]
 [ 0.02551112 -0.29350615]
 [-0.35654136  0.42162893]
 [-0.17999006 -0.17663765]
 [-0.3714895   0.49306422]
 [-0.24176518  0.09022098]
 [-0.2165374  -0.08915239]
 [ 0.19554287  0.10467397]
 [ 0.13324309  0.03905861]
 [-0.12192442 -0.01173772]
 [ 0.25756168 -0.07758617]
 [-0.38052279 -0.00523959]
 [-0.05843665  0.02342328]
 [-0.30552706  0.12253469]
 [-0.26101698 -0.18207964]
 [-0.23611926  0.02168655]
 [ 0.20761043 -0.12597325]
 [-0.19782028  0.15759147]
 [ 0.06649034 -0.39144406]
 [-0.16342673  0.19928351]
 [-0.10036318  0.09892822]
 [-0.15453877  0.1942479 ]
 [-0.11202272 -0.27129086]
 [-0.08035906  0.13105035]
 [ 0.11757464 -0.149237  ]
 [ 0.09669557 -0.1783509 ]
 [ 0.3320209  -0.4538031 ]
 [ 0.15359662 -0.31990829]
 [ 0.14781412  0.11863045]
 [-0.00353101 -0.35723622]
 [-0.40659534  0.25716379]
 [ 0.17527851 -0.43420578]
 [ 0.27402469  0.12751519]
 [-0.18973157  0.09265554]
 [-0.04863651 -0.20884472]
 [ 0.39875806 -0.41817123]
 [-0.20120397 -0.06802471]
 [ 0.14839154 -0.19637325]
 [ 0.16729715 -0.1129174 ]
 [ 0.34806996 -0.16619383]
 [ 0.02090034 -0.25397623]
 [-0.10570082  0.12708066]
 [ 0.25175805  0.28996875]
 [ 0.30394766  0.03608541]
 [ 0.26127886 -0.110107  ]
 [-0.06840323 -0.12401303]
 [ 0.04944132  0.07937706]
 [-0.263761    0.08082611]
 [ 0.0386012  -0.11942181]
 [ 0.10655406  0.34410414]
 [-0.530377    0.2719093 ]
 [ 0.01199809 -0.05978199]
 [-0.01395724 -0.04687418]
 [-0.23027911 -0.10087067]
 [ 0.01196418  0.15287847]
 [ 0.16129815  0.13848716]
 [ 0.18353736  0.05596887]
 [ 0.13853766  0.14228261]
 [ 0.08945421  0.13090096]
 [-0.03138131  0.15193968]
 [-0.05098849  0.08237699]
 [-0.30656663 -0.2192403 ]
 [-0.14488354 -0.51821524]
 [ 0.39899062 -0.16735893]
 [ 0.25693523 -0.10960966]
 [-0.0196329  -0.16209505]
 [-0.34170891  0.14944557]
 [-0.16049621  0.0459031 ]
 [-0.0625698  -0.33376803]
 [-0.00650661 -0.03492222]
 [-0.15913062  0.09694832]
 [-0.6363001  -0.03720244]
 [-0.05833377  0.13790777]
 [-0.04580987 -0.10814376]
 [-0.00959256  0.06955956]
 [ 0.11341981 -0.46915165]
 [ 0.24181171 -0.4304855 ]
 [ 0.14471119  0.21978023]
 [-0.11395683 -0.12155858]
 [-0.35183901 -0.03534193]
 [ 0.25934613  0.22641679]
 [-0.75080261  0.19207866]
 [-0.05935907  0.1486289 ]
 [ 0.13282798  0.34851845]
 [-0.13877345 -0.43508453]
 [-0.17788149  0.27977031]
 [-0.04965769  0.31785761]
 [-0.06352742  0.22011176]
 [-0.32424859 -0.20983256]
 [-0.06886367 -0.16440972]
 [-0.10693142  0.01980819]
 [-0.05173732  0.14253659]
 [ 0.0014851  -0.22783572]
 [-0.14598072 -0.04508958]
 [-0.02850369  0.04160593]
 [ 0.23146946 -0.1300868 ]
 [-0.06756405 -0.01928838]
 [ 0.15903357 -0.15326432]
 [-0.39622673  0.11522039]
 [-0.07897258 -0.00671085]
 [ 0.00971927  0.32107138]
 [-0.09616799  0.09862138]
 [-0.32489253 -0.06361028]
 [-0.37971665  0.17442642]
 [ 0.10349009  0.14044434]
 [-0.4222765   0.10442964]
 [-0.06863112  0.07794688]
 [ 0.11543976  0.28967376]
 [-0.29243557 -0.19024584]
 [ 0.19447063  0.09530849]
 [-0.0388343  -0.13067646]
 [ 0.40358603  0.022232  ]
 [-0.16449378 -0.48929598]
 [ 0.10044593  0.06092942]
 [-0.04621726  0.08777614]
 [ 0.10894033  0.37340198]
 [-0.19973591  0.15174527]
 [-0.03349167  0.22119819]
 [ 0.07650376  0.00886256]
 [ 0.12999032  0.10444971]
 [-0.06284502  0.08733984]
 [-0.04636199 -0.36747588]
 [-0.217323    0.00913353]
 [-0.14320299 -0.28669174]
 [-0.20207627 -0.14250241]
 [-0.09966294 -0.06518574]
 [-0.47187995  0.24570295]
 [-0.15846577 -0.33898501]
 [-0.06553068  0.23608448]
 [-0.15323401  0.27905278]
 [-0.39458516 -0.12975368]
 [ 0.16901357  0.00669189]
 [-0.05155554 -0.21192525]
 [ 0.06928093  0.24533448]
 [ 0.00083976 -0.17527531]
 [-0.17040346  0.04138529]
 [-0.06258368  0.25933014]
 [-0.41702661 -0.0156156 ]
 [ 0.03118942 -0.08354146]
 [ 0.21817228  0.14204575]
 [ 0.11760532  0.00790129]
 [ 0.10479998 -0.27523043]
 [ 0.16938642  0.02838912]
 [ 0.12559216  0.35135566]
 [ 0.29277253  0.09660078]
 [-0.31487859 -0.16372266]
 [-0.1974584  -0.04514515]
 [-0.58027894  0.19501626]
 [ 0.40264351 -0.06752065]
 [ 0.39661044 -0.23484454]
 [-0.45293566 -0.0231681 ]
 [ 0.23825109 -0.02292388]
 [ 0.07617382  0.39502452]
 [-0.2325213   0.1420183 ]
 [ 0.27706509  0.08864592]
 [ 0.12876431  0.18554387]
 [ 0.20303417  0.01171754]
 [ 0.19096587 -0.25433923]
 [-0.01904346 -0.27044154]
 [-0.05682525  0.01224182]
 [ 0.52044813 -0.15697955]
 [-0.10956092  0.2564342 ]
 [ 0.41829078  0.06208543]
 [ 0.04844488 -0.01549867]
 [ 0.51954167 -0.14368473]
 [ 0.15547079  0.2435438 ]
 [ 0.10515152  0.08298437]
 [ 0.22668179 -0.20966031]
 [-0.20735475 -0.0473075 ]
 [-0.01675701  0.07291192]
 [-0.08306793  0.04333757]
 [ 0.11658947 -0.16435647]
 [ 0.18896939 -0.11586109]
 [ 0.03216132 -0.13763891]
 [-0.20397782 -0.05849992]
 [-0.03106987  0.25304058]
 [ 0.46424866 -0.24178479]
 [-0.13561144 -0.15100807]
 [-0.09965754 -0.20815573]
 [-0.01987343 -0.20565903]
 [ 0.05523813 -0.15194985]
 [ 0.00131863  0.2710727 ]]
States:
[[0.99903999 0.99763819 0.47808789 0.54672459 0.51346961 0.59719795]
 [0.99888157 0.99769895 0.47559229 0.54612102 0.48131725 0.5891536 ]
 [0.9990593  0.99795359 0.47840577 0.5434994  0.58071393 0.57041582]
 ...
 [0.15855426 0.         0.88590397 0.69090512 0.65570275 0.38498071]
 [0.14301046 0.         0.87088751 0.72350087 0.64778038 0.335286  ]
 [0.12792119 0.         0.85500045 0.76040595 0.65929405 0.30065047]]
Logstds:
[[-3. -3.]
 [-3. -3.]
 [-3. -3.]
 [-3. -3.]
 [-3. -3.]
 [-3. -3.]
 [-3. -3.]
 [-3. -3.]
 [-3. -3.]
 [-3. -3.]
 [-3. -3.]
 [-3. -3.]
 [-3. -3.]
 [-3. -3.]
 [-3. -3.]
 [-3. -3.]
 [-3. -3.]
 [-3. -3.]
 [-3. -3.]
 [-3. -3.]
 [-3. -3.]
 [-3. -3.]
 [-3. -3.]
 [-3. -3.]
 [-3. -3.]
 [-3. -3.]
 [-3. -3.]
 [-3. -3.]
 [-3. -3.]
 [-3. -3.]
 [-3. -3.]
 [-3. -3.]
 [-3. -3.]
 [-3. -3.]
 [-3. -3.]
 [-3. -3.]
 [-3. -3.]
 [-3. -3.]
 [-3. -3.]
 [-3. -3.]
 [-3. -3.]
 [-3. -3.]
 [-3. -3.]
 [-3. -3.]
 [-3. -3.]
 [-3. -3.]
 [-3. -3.]
 [-3. -3.]
 [-3. -3.]
 [-3. -3.]
 [-3. -3.]
 [-3. -3.]
 [-3. -3.]
 [-3. -3.]
 [-3. -3.]
 [-3. -3.]
 [-3. -3.]
 [-3. -3.]
 [-3. -3.]
 [-3. -3.]
 [-3. -3.]
 [-3. -3.]
 [-3. -3.]
 [-3. -3.]
 [-3. -3.]
 [-3. -3.]
 [-3. -3.]
 [-3. -3.]
 [-3. -3.]
 [-3. -3.]
 [-3. -3.]
 [-3. -3.]
 [-3. -3.]
 [-3. -3.]
 [-3. -3.]
 [-3. -3.]
 [-3. -3.]
 [-3. -3.]
 [-3. -3.]
 [-3. -3.]
 [-3. -3.]
 [-3. -3.]
 [-3. -3.]
 [-3. -3.]
 [-3. -3.]
 [-3. -3.]
 [-3. -3.]
 [-3. -3.]
 [-3. -3.]
 [-3. -3.]
 [-3. -3.]
 [-3. -3.]
 [-3. -3.]
 [-3. -3.]
 [-3. -3.]
 [-3. -3.]
 [-3. -3.]
 [-3. -3.]
 [-3. -3.]
 [-3. -3.]
 [-3. -3.]
 [-3. -3.]
 [-3. -3.]
 [-3. -3.]
 [-3. -3.]
 [-3. -3.]
 [-3. -3.]
 [-3. -3.]
 [-3. -3.]
 [-3. -3.]
 [-3. -3.]
 [-3. -3.]
 [-3. -3.]
 [-3. -3.]
 [-3. -3.]
 [-3. -3.]
 [-3. -3.]
 [-3. -3.]
 [-3. -3.]
 [-3. -3.]
 [-3. -3.]
 [-3. -3.]
 [-3. -3.]
 [-3. -3.]
 [-3. -3.]
 [-3. -3.]
 [-3. -3.]
 [-3. -3.]
 [-3. -3.]
 [-3. -3.]
 [-3. -3.]
 [-3. -3.]
 [-3. -3.]
 [-3. -3.]
 [-3. -3.]
 [-3. -3.]
 [-3. -3.]
 [-3. -3.]
 [-3. -3.]
 [-3. -3.]
 [-3. -3.]
 [-3. -3.]
 [-3. -3.]
 [-3. -3.]
 [-3. -3.]
 [-3. -3.]
 [-3. -3.]
 [-3. -3.]
 [-3. -3.]
 [-3. -3.]
 [-3. -3.]
 [-3. -3.]
 [-3. -3.]
 [-3. -3.]
 [-3. -3.]
 [-3. -3.]
 [-3. -3.]
 [-3. -3.]
 [-3. -3.]
 [-3. -3.]
 [-3. -3.]
 [-3. -3.]
 [-3. -3.]
 [-3. -3.]
 [-3. -3.]
 [-3. -3.]
 [-3. -3.]
 [-3. -3.]
 [-3. -3.]
 [-3. -3.]
 [-3. -3.]
 [-3. -3.]
 [-3. -3.]
 [-3. -3.]
 [-3. -3.]
 [-3. -3.]
 [-3. -3.]
 [-3. -3.]
 [-3. -3.]
 [-3. -3.]
 [-3. -3.]
 [-3. -3.]
 [-3. -3.]
 [-3. -3.]
 [-3. -3.]
 [-3. -3.]
 [-3. -3.]
 [-3. -3.]
 [-3. -3.]
 [-3. -3.]
 [-3. -3.]
 [-3. -3.]
 [-3. -3.]
 [-3. -3.]
 [-3. -3.]
 [-3. -3.]
 [-3. -3.]
 [-3. -3.]
 [-3. -3.]
 [-3. -3.]]
