Baseline:
[0.6041028  0.6284875  0.62236357 0.62670034 0.59875774 0.57459617
 0.5615438  0.5697814  0.55495304 0.5463848  0.5305281  0.51657945
 0.51443493 0.52175784 0.4993654  0.49859214 0.48323756 0.45297998
 0.46732777 0.47595626 0.46219254 0.45212147 0.4468301  0.43164465
 0.42423245 0.39621097 0.36902845 0.35826355 0.35384437 0.34327465
 0.33524805 0.3342091  0.34186748 0.35018697 0.35162777 0.34041333
 0.34625494 0.34355712 0.32492298 0.3353411  0.3261019  0.3298089
 0.31462872 0.29376286 0.28222227 0.28601822 0.2869341  0.28158066
 0.29266602 0.30060992 0.32324272 0.3136839  0.3007927  0.27682614
 0.2932157  0.29830563 0.32121435 0.32509005 0.3306222  0.3589222
 0.3655191  0.38814023 0.34315032 0.35408044 0.36317748 0.35294545
 0.3463667  0.32700223 0.33846298 0.34599283 0.36411443 0.37377453
 0.3597574  0.3839947  0.3838475  0.32994372 0.3420705  0.33934727
 0.32175    0.3272532  0.33358523 0.33521414 0.3612234  0.37563452
 0.365455   0.38203678 0.38189095 0.39741078 0.37231493 0.40679458
 0.39444768 0.41129926 0.40025213 0.39550996 0.42175102 0.44844776
 0.45259622 0.45473957 0.4489502  0.44767922 0.45494053 0.47221005
 0.4894855  0.508263   0.5019128  0.4941764  0.5017688  0.50165725
 0.4965544  0.531106   0.52460444 0.54860336 0.5581298  0.5670806
 0.59586555 0.5920111  0.5698256  0.5456895  0.5322355  0.5176194
 0.5077092  0.51435935 0.51001877 0.50581187 0.5012794  0.5084056
 0.4954049  0.5059122  0.49312437 0.49852872 0.4865684  0.4697559
 0.4636175  0.4798538  0.47095418 0.4640605  0.47872943 0.5075382
 0.4884005  0.49253005 0.48987624 0.48812485 0.4899254  0.47208863
 0.47800332 0.4824919  0.47458634 0.46401864 0.45810828 0.45420647
 0.48627836 0.4852785  0.47458905 0.4745332  0.45857072 0.44712666
 0.4434597  0.43348134 0.42789006 0.4153552  0.40007702 0.38267356
 0.35915053 0.3435704  0.32124045 0.30157432 0.28154057 0.2579844
 0.2418534  0.22197881 0.20200752 0.19455779 0.18178909 0.177821
 0.17583607 0.17625521 0.17288904 0.17613609 0.17330326 0.16899034
 0.17576666 0.18369852 0.19123073 0.2013114  0.2157016  0.24265553
 0.25670296 0.23897623 0.2485114  0.2510831  0.2865801  0.30330265
 0.3303901  0.32455227 0.34388232 0.32577413 0.3276221  0.33612788
 0.3408956  0.3325813  0.3325813 ]
Returns:
[ 3.05492812  2.8244101   2.80674755  2.75477572  2.58791298  2.33321014
  2.21127595  2.07966169  1.97636845  1.91197386  1.80420777  1.72150609
  1.61639461  1.4160214   1.28799978  1.15237277  1.088188    0.94794547
  0.66647121  0.43774347  0.37578889  0.28912938  0.24241379  0.15079126
  0.13921716  0.01646976 -0.05440505 -0.07813773 -0.07267415 -0.15947097
 -0.14963551 -0.15477559 -0.12164684 -0.14234038 -0.11101316 -0.07817656
 -0.14382121 -0.04475528 -0.15157355 -0.42410688 -0.34257065 -0.44919597
 -0.35160791 -0.37261274 -0.27810507 -0.25956599 -0.19033329 -0.07198401
 -0.04207762  0.04671898 -0.15490931 -0.0468042   0.05355156 -0.09203082
 -0.07134847  0.04615893 -0.02734546  0.07454686  0.16617271  0.21519184
  0.22239894  0.27948401  0.13166451  0.08669953  0.07542166  0.1721378
  0.29709202  0.37759718  0.47426183  0.57342455  0.6789034   0.79060673
  0.89343622  0.91563454  1.06745585  0.95904547  1.01488017  1.16960562
  1.32361814  1.46018106  1.60056617  1.64725425  1.70855353  1.79536032
  1.98021066  2.10051925  2.27469201  2.33572489  2.28877726  2.27779677
  2.34956904  2.44486453  2.5386941   2.5901138   2.60301513  2.70007786
  2.77120518  2.81083919  2.72442374  2.83254068  2.95996866  2.95221175
  2.99231208  3.0288137   3.05066607  3.05318306  3.09954553  3.16846013
  3.26310985  2.88986073  2.97523883  2.84604201  2.85023881  2.88326459
  2.68318533  2.62841154  2.50058     2.20282333  2.16191448  2.06260215
  2.0289852   1.98646137  1.96046575  1.97120662  1.95882737  1.8492284
  1.77802637  1.74254596  1.73361307  1.73200155  1.61440863  1.56007492
  1.55707368  1.50289442  1.55427489  1.62655351  1.57780861  1.3420667
  1.23369486  1.20054764  1.2715233   1.34612304  1.39898406  1.23168204
  1.22434119  1.30607521  1.39074268  1.373337    1.39131308  1.31770198
  0.99328786  0.9560537   0.88279745  0.85005248  0.89437278  0.97806694
  0.97593648  0.94691896  0.89927658  0.64662817  0.56975904  0.52692994
  0.52155321  0.46504751  0.44631849  0.07341998 -0.22957088 -0.28865709
 -0.31122812 -0.37019773 -0.36606677 -0.64446056 -0.62162249 -0.65935849
 -0.67772776 -0.76684513 -0.73187253 -0.65582084 -0.58301059 -0.5362235
 -0.42597586 -0.31506105 -0.19825228 -0.07479243  0.00941177  0.03500989
  0.10693095  0.17710285  0.19105912  0.22221654 -0.16490165 -0.31326198
 -0.34627972 -0.32355811 -0.44530758 -0.40499166 -0.32175739 -0.2584152
 -0.20762131 -0.10579765]
Advants:
[ 2.04575074e+00  1.82425600e+00  1.84861448e+00  1.82951936e+00
  1.72668637e+00  1.52817623e+00  1.45068668e+00  1.34057604e+00
  1.28164991e+00  1.25615203e+00  1.19431214e+00  1.15606386e+00
  1.08301569e+00  9.01363441e-01  8.20729837e-01  7.08830256e-01
  6.83399387e-01  5.95405456e-01  3.14298684e-01  8.55704015e-02
  4.52520604e-02 -2.51619833e-02 -6.11669804e-02 -1.34087207e-01
 -1.34561417e-01 -2.28215154e-01 -2.72095231e-01 -2.85667855e-01
 -2.76135855e-01 -3.55101116e-01 -3.39658030e-01 -3.46511046e-01
 -3.23239201e-01 -3.55535425e-01 -3.28287514e-01 -2.85737360e-01
 -3.61063264e-01 -2.60318928e-01 -3.52336663e-01 -6.48199399e-01
 -5.68627621e-01 -6.94530295e-01 -5.95171154e-01 -6.09865832e-01
 -5.16333356e-01 -5.14716233e-01 -4.58530700e-01 -3.44166831e-01
 -3.34898125e-01 -2.61910873e-01 -5.01643414e-01 -3.97129766e-01
 -2.94650815e-01 -4.31713297e-01 -4.44050220e-01 -3.46202305e-01
 -4.61407955e-01 -3.80753301e-01 -3.10837891e-01 -3.07034453e-01
 -3.24762057e-01 -3.09132177e-01 -4.35580544e-01 -5.18835139e-01
 -5.69530381e-01 -4.92177785e-01 -3.88693532e-01 -3.16173232e-01
 -2.58013314e-01 -1.92894220e-01 -1.31607606e-01 -5.46999054e-02
  3.84837646e-02  1.07029587e-02  1.39436826e-01  5.80305548e-02
  7.38990645e-02  2.06006302e-01  3.55423449e-01  4.66453368e-01
  5.82916312e-01  6.10280501e-01  6.27459602e-01  6.82440535e-01
  8.64604038e-01  9.57576509e-01  1.12561589e+00  1.16572248e+00
  1.13732779e+00  1.08336141e+00  1.16085136e+00  1.23452742e+00
  1.33747372e+00  1.39327771e+00  1.37913707e+00  1.45081017e+00
  1.52127900e+00  1.56371644e+00  1.48596497e+00  1.60185548e+00
  1.73279517e+00  1.71868544e+00  1.75406294e+00  1.78595715e+00
  1.83040921e+00  1.85861342e+00  1.91806252e+00  2.01166415e+00
  2.14117089e+00  1.75304657e+00  1.86912048e+00  1.73744202e+00
  1.75529780e+00  1.80527789e+00  1.59744730e+00  1.56777857e+00
  1.48192598e+00  1.22132254e+00  1.20714464e+00  1.13423689e+00
  1.12258963e+00  1.08498162e+00  1.07520809e+00  1.10351181e+00
  1.10991604e+00  1.00504583e+00  9.57909323e-01  9.22506722e-01
  9.37967702e-01  9.43329611e-01  8.47862175e-01  8.20211648e-01
  8.34157332e-01  7.73293245e-01  8.45802833e-01  9.40695046e-01
  8.92379007e-01  6.36030289e-01  5.52937027e-01  5.21171270e-01
  6.03058481e-01  6.90732187e-01  7.55658961e-01  6.16618627e-01
  6.14266123e-01  7.05732378e-01  8.16600777e-01  8.29405141e-01
  8.75345999e-01  8.27413917e-01  4.83534936e-01  4.59860996e-01
  4.08989431e-01  3.87980833e-01  4.62803594e-01  5.76662834e-01
  5.98562678e-01  6.01032690e-01  5.81022537e-01  3.57401391e-01
  3.11802882e-01  3.02945656e-01  3.39633036e-01  3.17562247e-01
  3.41735512e-01 -9.66997928e-05 -2.79433745e-01 -3.12134247e-01
 -3.15702869e-01 -3.52891028e-01 -3.25974018e-01 -6.02243246e-01
 -5.71314046e-01 -6.11202370e-01 -6.34735243e-01 -7.34798413e-01
 -7.06697309e-01 -6.42750755e-01 -5.74380888e-01 -5.29593250e-01
 -4.29771891e-01 -3.27564803e-01 -2.15750506e-01 -9.61108295e-02
 -1.73438130e-02 -9.02587651e-03  6.11354893e-02  1.65087131e-01
  1.87065472e-01  2.35588188e-01 -1.78462166e-01 -3.39356267e-01
 -3.96774789e-01 -3.64416546e-01 -5.05736912e-01 -4.45767253e-01
 -3.60186599e-01 -2.99102599e-01 -2.44873113e-01 -1.22426718e-01]
Mus:
[[-2.50830352e-02 -1.08028697e-02]
 [-2.39862613e-02 -1.02557298e-02]
 [-2.43548322e-02 -1.05330469e-02]
 [-2.43022814e-02 -1.07540265e-02]
 [-2.51839291e-02 -1.12071484e-02]
 [-2.52044126e-02 -1.09133609e-02]
 [-2.51236465e-02 -1.07658170e-02]
 [-2.49175187e-02 -1.12855164e-02]
 [-2.42455713e-02 -1.11349719e-02]
 [-2.31204275e-02 -1.10996552e-02]
 [-2.22583618e-02 -1.08357826e-02]
 [-2.12897677e-02 -1.06712775e-02]
 [-2.01456696e-02 -1.03246951e-02]
 [-1.89226232e-02 -9.57441330e-03]
 [-1.75061096e-02 -9.19089746e-03]
 [-1.62223484e-02 -8.53002258e-03]
 [-1.46961557e-02 -8.33015796e-03]
 [-1.18766604e-02 -7.81832077e-03]
 [-9.99713223e-03 -6.76195882e-03]
 [-9.25781392e-03 -6.22301735e-03]
 [-8.06330796e-03 -5.95319690e-03]
 [-6.38462231e-03 -5.81511389e-03]
 [-4.31972649e-03 -5.25345514e-03]
 [-1.81937008e-03 -4.83241910e-03]
 [ 1.55059606e-04 -4.16493556e-03]
 [ 3.66212055e-03 -3.12600820e-03]
 [ 6.65861182e-03 -2.05734442e-03]
 [ 7.81940855e-03 -1.65270572e-03]
 [ 8.12881719e-03 -1.56924815e-03]
 [ 9.13503114e-03 -7.02103483e-04]
 [ 8.80642515e-03 -2.23545794e-04]
 [ 6.84738671e-03 -7.38247531e-04]
 [ 4.14670119e-03 -1.70426874e-03]
 [ 1.03263138e-03 -2.11725989e-03]
 [-2.34754314e-03 -2.86454801e-03]
 [-3.92200984e-03 -3.08866380e-03]
 [-4.45863279e-03 -3.20991781e-03]
 [-5.91994729e-03 -3.75486026e-03]
 [-7.85829220e-03 -4.56598355e-03]
 [-5.41892787e-03 -2.84030661e-03]
 [-5.15449187e-03 -2.49051698e-03]
 [-2.55717849e-03 -7.93952553e-04]
 [-2.37613893e-03 -6.26393536e-04]
 [-2.36630178e-04  5.48800803e-04]
 [ 6.14591991e-04  9.03160893e-04]
 [ 1.52683316e-03  1.34832773e-03]
 [ 2.41363700e-03  1.61017419e-03]
 [ 3.03862221e-03  1.85479899e-03]
 [ 3.06238327e-03  1.63541455e-03]
 [ 4.28863149e-03  2.31064786e-03]
 [ 8.21240619e-03  4.40299837e-03]
 [ 8.94650724e-03  4.56769019e-03]
 [ 9.57371294e-03  4.92650131e-03]
 [ 1.01477727e-02  5.67428907e-03]
 [ 1.27219865e-02  6.80769840e-03]
 [ 1.48936845e-02  7.70645915e-03]
 [ 1.91929229e-02  9.81779024e-03]
 [ 2.19684150e-02  1.11202942e-02]
 [ 2.49793176e-02  1.19347712e-02]
 [ 2.84299813e-02  1.32135181e-02]
 [ 2.90131699e-02  1.27562303e-02]
 [ 3.06374356e-02  1.32056382e-02]
 [ 2.95891147e-02  1.24219181e-02]
 [ 3.06848232e-02  1.31322611e-02]
 [ 3.12391594e-02  1.31223593e-02]
 [ 3.08613088e-02  1.24447709e-02]
 [ 3.08231153e-02  1.20093105e-02]
 [ 3.02190408e-02  1.20303920e-02]
 [ 3.10412440e-02  1.28040425e-02]
 [ 3.13768350e-02  1.33822206e-02]
 [ 3.18913162e-02  1.36265149e-02]
 [ 3.18423398e-02  1.38387047e-02]
 [ 3.04886494e-02  1.25395283e-02]
 [ 2.96352617e-02  1.23276059e-02]
 [ 2.79003344e-02  1.12791331e-02]
 [ 2.45916396e-02  9.80809517e-03]
 [ 2.15149932e-02  7.57991895e-03]
 [ 1.89607721e-02  6.05315343e-03]
 [ 1.63423233e-02  4.70065838e-03]
 [ 1.32908598e-02  3.04954709e-03]
 [ 1.04516409e-02  1.57635647e-03]
 [ 1.19005460e-02  2.85689044e-03]
 [ 9.46489535e-03  1.86834903e-03]
 [ 3.34199541e-03 -1.12556142e-03]
 [-6.93900394e-04 -2.88951932e-03]
 [-3.19657940e-03 -3.82159580e-03]
 [-7.88401067e-03 -6.12906134e-03]
 [-1.28830373e-02 -8.71124119e-03]
 [-1.44368047e-02 -9.01136547e-03]
 [-1.70261785e-02 -1.01696262e-02]
 [-2.01080795e-02 -1.12647507e-02]
 [-2.29068864e-02 -1.26986317e-02]
 [-2.58288104e-02 -1.38641195e-02]
 [-2.88320612e-02 -1.55806681e-02]
 [-3.07332184e-02 -1.66491438e-02]
 [-3.15382853e-02 -1.69737246e-02]
 [-3.05500459e-02 -1.63002275e-02]
 [-3.08116190e-02 -1.67597290e-02]
 [-2.74691004e-02 -1.49218338e-02]
 [-2.64170375e-02 -1.44639155e-02]
 [-2.52640676e-02 -1.39082102e-02]
 [-2.40916479e-02 -1.31818596e-02]
 [-2.38586105e-02 -1.30701652e-02]
 [-2.40346249e-02 -1.32274982e-02]
 [-2.29155719e-02 -1.25264442e-02]
 [-2.19255686e-02 -1.17921513e-02]
 [-2.19175890e-02 -1.17790028e-02]
 [-2.18048692e-02 -1.14801116e-02]
 [-2.21441761e-02 -1.19176656e-02]
 [-2.22015269e-02 -1.18319541e-02]
 [-2.28332523e-02 -1.22995581e-02]
 [-2.37904564e-02 -1.29852733e-02]
 [-2.42958348e-02 -1.35318134e-02]
 [-2.25908067e-02 -1.25627015e-02]
 [-2.18871534e-02 -1.19908163e-02]
 [-2.14472339e-02 -1.14560854e-02]
 [-2.13257894e-02 -1.16427401e-02]
 [-2.11346596e-02 -1.10833403e-02]
 [-2.05813814e-02 -1.08198877e-02]
 [-1.90627556e-02 -1.09041613e-02]
 [-1.69201717e-02 -1.04808193e-02]
 [-1.47119639e-02 -9.87051241e-03]
 [-1.22060245e-02 -8.66409764e-03]
 [-1.01193311e-02 -7.82254059e-03]
 [-8.01619980e-03 -6.82123378e-03]
 [-6.24308176e-03 -6.70897635e-03]
 [-3.43933026e-03 -5.34613524e-03]
 [-1.94227241e-03 -4.70082369e-03]
 [ 5.35344589e-04 -3.72823933e-03]
 [ 1.49766041e-03 -3.10348650e-03]
 [ 2.38690991e-03 -2.08383286e-03]
 [ 4.85329377e-03 -1.77809573e-03]
 [ 6.26013940e-03 -1.86440675e-03]
 [ 6.12086104e-03 -1.73119642e-03]
 [ 7.49179116e-03 -1.02350442e-03]
 [ 8.69552232e-03 -8.15065403e-04]
 [ 8.01316183e-03 -3.49610986e-04]
 [ 7.72757083e-03 -1.25382992e-03]
 [ 8.90911371e-03 -1.16562456e-04]
 [ 7.89680239e-03  3.29427829e-04]
 [ 8.13088659e-03  1.57108050e-04]
 [ 8.22114293e-03 -1.87447276e-05]
 [ 6.83478313e-03  8.34464936e-06]
 [ 5.58122993e-03  4.44628415e-04]
 [ 5.04513225e-03 -4.72826330e-04]
 [ 3.92313115e-03 -6.69635716e-04]
 [ 2.70294538e-03 -1.17071671e-03]
 [ 1.60707673e-03 -2.07948009e-03]
 [-2.83354864e-04 -3.02876369e-03]
 [-4.82335640e-03 -3.92071623e-03]
 [-7.53791258e-03 -4.26388346e-03]
 [-1.15546472e-02 -6.09290740e-03]
 [-1.43240821e-02 -7.08869472e-03]
 [-1.58979334e-02 -7.32411630e-03]
 [-1.90327782e-02 -8.60662200e-03]
 [-2.18313485e-02 -9.63525474e-03]
 [-2.78795622e-02 -1.21341208e-02]
 [-3.07969134e-02 -1.33901509e-02]
 [-3.58776078e-02 -1.57476217e-02]
 [-3.57460938e-02 -1.54743697e-02]
 [-3.73919830e-02 -1.63576659e-02]
 [-4.13746499e-02 -1.84682608e-02]
 [-4.34498936e-02 -1.94227137e-02]
 [-4.40030582e-02 -2.00431142e-02]
 [-4.27095219e-02 -1.97101682e-02]
 [-3.93271409e-02 -1.84260625e-02]
 [-3.64176445e-02 -1.73371751e-02]
 [-3.32165807e-02 -1.66207608e-02]
 [-2.88020615e-02 -1.50364041e-02]
 [-2.33182106e-02 -1.28204450e-02]
 [-1.77178849e-02 -1.06597375e-02]
 [-1.41786607e-02 -1.00618163e-02]
 [-8.84183869e-03 -8.01098812e-03]
 [-3.82239535e-03 -6.43075723e-03]
 [-1.57974882e-03 -5.73458709e-03]
 [-1.91910495e-03 -5.95935062e-03]
 [-8.17894703e-04 -5.11787878e-03]
 [ 1.20850265e-04 -4.53886343e-03]
 [ 2.99190893e-03 -2.88052275e-03]
 [ 5.35385543e-03 -1.27336069e-03]
 [ 4.47159866e-03 -1.17959478e-03]
 [ 3.60815623e-03 -1.32118817e-03]
 [ 3.17521603e-03 -1.18974946e-03]
 [ 1.99625921e-03 -1.49435562e-03]
 [-7.62698008e-04 -2.65469262e-03]
 [-2.11675395e-03 -2.64510256e-03]
 [-3.12181679e-03 -2.33843457e-03]
 [-5.66890556e-03 -3.53460782e-03]
 [-6.82851532e-03 -3.31345247e-03]
 [-6.91902405e-03 -2.80792033e-03]
 [-1.00783817e-02 -4.61706659e-03]
 [-9.59843956e-03 -3.69687844e-03]
 [-1.06294481e-02 -4.19465918e-03]
 [-1.01918504e-02 -3.58486245e-03]
 [-8.10494646e-03 -2.24564807e-03]
 [-8.16713460e-03 -2.16735760e-03]
 [-8.07697698e-03 -2.36213417e-03]
 [-6.83222059e-03 -1.70665456e-03]
 [-7.44796032e-03 -2.37561041e-03]
 [-8.01232271e-03 -2.59753386e-03]]
Actions:
[[ 3.33538097e-01  1.93078699e-01]
 [-1.50286976e-01  1.69766824e-02]
 [-6.32715326e-02  1.50981763e-01]
 [-3.97426912e-01 -1.93765981e-01]
 [-2.61826426e-01 -4.12767784e-01]
 [-1.11807673e-01 -2.51499974e-01]
 [ 3.94360772e-03  2.53668562e-01]
 [-2.00746313e-01 -1.82427600e-01]
 [-1.66867704e-01 -1.23855350e-02]
 [-1.37616903e-01 -1.92631852e-01]
 [-1.40281134e-01 -1.17669170e-01]
 [ 3.67102425e-02 -1.78013354e-02]
 [ 2.60353052e-01 -7.47744328e-02]
 [-2.42214380e-01 -1.95399092e-01]
 [ 1.35291227e-01 -9.27098887e-02]
 [-2.17389572e-01  8.98756251e-03]
 [-4.09922035e-01 -9.75688543e-02]
 [ 3.65436604e-01  1.01937165e-01]
 [ 3.06369265e-01  1.34482627e-01]
 [-1.13209452e-01  4.56041865e-03]
 [-1.44492443e-01  2.01047448e-01]
 [-4.92861480e-02  1.33121151e-01]
 [-3.13227528e-01  8.96890822e-02]
 [-9.60104617e-02  3.00375047e-02]
 [-3.64250776e-01 -1.59524476e-01]
 [-2.51355904e-01 -1.85506307e-01]
 [-2.60411120e-01  2.16814536e-02]
 [ 1.04882314e-01  1.19852938e-01]
 [-3.49057467e-01 -1.85812975e-01]
 [ 6.72283402e-02 -1.96593843e-01]
 [ 2.31766564e-01  1.36188250e-02]
 [ 1.07959920e-01  2.11409249e-01]
 [ 2.72507703e-01 -1.37396407e-01]
 [ 2.14017603e-01 -8.79822198e-02]
 [-5.41834551e-02 -2.36196977e-01]
 [ 2.19233901e-01  3.36528407e-01]
 [-1.15673581e-01  4.54762559e-02]
 [-4.25769425e-01 -2.19918293e-01]
 [ 5.15079028e-01 -2.60618239e-01]
 [ 8.12066470e-02 -9.38201116e-03]
 [ 3.75803398e-01 -1.85482878e-01]
 [-6.91074026e-02  1.70929950e-02]
 [-5.80797505e-02 -3.47314258e-01]
 [-1.91766172e-02  1.09238902e-01]
 [ 1.37652423e-01  2.62397183e-01]
 [ 1.40062464e-02  2.12192607e-01]
 [-3.04079067e-02  5.79785583e-02]
 [ 5.07534569e-02  3.00429116e-01]
 [ 1.89133510e-01  2.60073333e-02]
 [ 5.65908069e-01  1.94292059e-03]
 [-1.28316522e-01 -1.29726745e-02]
 [-8.12482512e-02 -1.53975280e-01]
 [-1.03591576e-01 -5.05651577e-01]
 [ 2.90215678e-01  1.51590027e-01]
 [ 1.06521755e-01  4.66476309e-02]
 [ 4.54820290e-01 -2.72742425e-02]
 [ 1.35255121e-01 -1.06522785e-01]
 [-1.35759440e-02  2.13720148e-01]
 [ 2.19859074e-01  2.27827338e-01]
 [-1.82484717e-01  3.05025688e-01]
 [ 1.86529701e-01  2.49924895e-01]
 [-4.36343695e-01 -2.56102603e-01]
 [ 1.98723357e-01 -3.73210061e-01]
 [ 6.46101243e-02 -3.65582548e-01]
 [-1.59716705e-01  9.83078970e-02]
 [-1.04528907e-01  8.19249758e-02]
 [-5.72542553e-02 -2.34574753e-01]
 [ 2.54710821e-01 -5.35644027e-02]
 [ 2.23551422e-01 -1.16605161e-01]
 [ 2.49208914e-01 -4.35761709e-02]
 [ 2.48827988e-01  5.00808375e-02]
 [-1.75595157e-01  1.67174083e-01]
 [ 3.51584236e-01  2.13470036e-01]
 [ 9.87442587e-02  1.31172655e-01]
 [-3.56622807e-01 -3.53430341e-01]
 [-8.17587528e-02  3.24376641e-01]
 [-7.17977544e-02  1.03634732e-01]
 [-1.50560383e-01 -3.39135641e-02]
 [-1.55313120e-02  2.00886242e-01]
 [ 2.29665849e-02  1.99001576e-01]
 [ 2.82919161e-01 -2.07410140e-01]
 [ 2.63029121e-01  1.95273851e-01]
 [ 1.00393207e-02  2.99976354e-01]
 [-6.27752980e-02 -7.27949255e-02]
 [ 2.07627063e-01  1.20243374e-03]
 [-8.62851219e-02  1.14785647e-01]
 [-1.03728273e-01  3.11719107e-01]
 [-1.35217059e-01 -4.88792933e-01]
 [ 2.04062446e-01  2.84368452e-01]
 [-1.70072819e-01 -2.87503174e-01]
 [-5.57255546e-02  2.17458423e-01]
 [-2.63711204e-01 -1.93798083e-01]
 [-3.86836780e-01  9.23108569e-02]
 [-9.29206753e-03  3.23810590e-01]
 [ 7.44178119e-02  1.29161847e-01]
 [-8.46739064e-02 -2.71422049e-01]
 [-4.14816697e-01  1.63531261e-02]
 [-9.40391873e-05 -4.50985661e-01]
 [-1.31257264e-01 -1.33093123e-01]
 [ 3.38003970e-02 -3.17672415e-02]
 [ 2.37241481e-01  1.55697194e-02]
 [ 1.40062876e-01  1.44802096e-01]
 [ 1.03374146e-01  2.01314329e-01]
 [-1.58810339e-01 -3.08392318e-01]
 [-4.78344944e-02 -3.18286410e-01]
 [ 9.35470153e-02  8.75547333e-02]
 [ 5.93622283e-02 -1.36307357e-01]
 [-1.89043028e-01  6.26915903e-02]
 [ 4.74045261e-01  3.62696377e-01]
 [-2.61102520e-01 -1.00571295e-02]
 [ 1.18106418e-01  3.78339325e-01]
 [-1.58661072e-01  2.05829178e-01]
 [ 4.30609872e-02 -1.43832914e-01]
 [ 3.70350059e-01  1.25526901e-01]
 [-1.18929562e-01 -2.72889845e-01]
 [-4.80777258e-01 -1.55713848e-01]
 [-2.31642280e-01 -5.33423247e-01]
 [-1.64879861e-01 -1.79511159e-01]
 [-3.67248773e-01  1.49934795e-01]
 [-2.54803127e-01  5.79832993e-02]
 [ 3.30036708e-03  1.54024480e-01]
 [ 2.41894140e-02 -1.54584677e-01]
 [-3.64750138e-02 -5.63163453e-02]
 [ 8.00397119e-03 -1.17267896e-01]
 [-6.29568022e-02  3.61067461e-01]
 [-1.23974331e-01 -2.80243533e-01]
 [ 1.43127372e-01  1.23448708e-01]
 [-1.65747411e-01 -1.39595549e-01]
 [ 1.24039177e-01  1.58237436e-02]
 [ 9.85209509e-02 -3.35170188e-01]
 [-3.63838529e-01  9.23675938e-02]
 [-2.10475038e-01  1.86282010e-01]
 [ 2.04057088e-01  1.92640727e-01]
 [-6.53390891e-02 -1.10431784e-01]
 [-1.62384733e-01  5.49368119e-02]
 [ 3.01116255e-01  1.72454754e-02]
 [ 4.28815071e-02  5.50378232e-01]
 [-1.17669509e-01 -4.06541244e-01]
 [ 2.01508602e-01 -1.94388652e-01]
 [-1.31837965e-01  6.34612833e-02]
 [-1.37028442e-01  6.83599202e-02]
 [ 1.06988748e-01 -1.42039654e-01]
 [-5.51627723e-02 -4.87167510e-01]
 [-1.34007120e-01  3.26597596e-01]
 [ 5.59542267e-02 -1.10636026e-02]
 [-1.83606570e-01 -6.26288180e-02]
 [-3.85400549e-01  6.03588224e-02]
 [-3.37747184e-01  3.41385666e-02]
 [-7.55411262e-02 -4.20048636e-01]
 [ 5.99646358e-01 -1.56235817e-02]
 [-2.36852825e-01  3.17774465e-01]
 [-3.94076473e-01 -2.04351765e-01]
 [ 5.92280485e-02 -3.04405220e-01]
 [-2.47015953e-01 -4.46307544e-02]
 [-1.31671203e-01 -5.28811474e-02]
 [-2.03346720e-01  2.63852037e-01]
 [-4.21722572e-01  1.83675930e-02]
 [ 7.93157824e-02  3.17248835e-01]
 [-3.77134883e-01 -4.49664152e-01]
 [-3.57648121e-01 -2.04658087e-01]
 [-2.99416764e-02  2.75518142e-01]
 [-1.25578574e-01 -1.51879164e-01]
 [-3.17356269e-01  1.08260811e-01]
 [ 4.39270701e-02 -1.26589216e-01]
 [ 4.40767288e-01 -2.81867552e-01]
 [ 3.92972430e-01 -2.16023385e-01]
 [-4.65609743e-02  1.74953845e-01]
 [ 5.76305356e-02 -3.42001684e-02]
 [-3.23152751e-01 -1.57412211e-01]
 [ 3.83893446e-02 -6.38020680e-02]
 [-4.47952027e-01  3.91224757e-01]
 [-1.23128684e-01  1.03818994e-02]
 [ 7.64410554e-02  1.85470689e-01]
 [ 1.59538477e-01  1.66920017e-01]
 [ 3.06312539e-01  2.11368082e-01]
 [-2.21115265e-01 -4.63622170e-02]
 [-1.20261310e-01  5.16327167e-02]
 [-6.59256860e-02 -1.48175112e-01]
 [-1.10325668e-01 -2.18543370e-01]
 [ 6.38535844e-02 -4.51246730e-02]
 [ 9.04116733e-02  6.09790870e-02]
 [ 1.13938338e-01 -4.09108939e-03]
 [-4.70529405e-02  8.34354691e-02]
 [ 1.92822217e-02  2.21061778e-01]
 [ 3.21251531e-01  5.91094566e-02]
 [ 2.30368429e-01 -9.89036834e-02]
 [-2.65451963e-01 -5.44428159e-02]
 [ 3.04430594e-01 -1.53131705e-01]
 [ 2.45706535e-01 -1.95046640e-01]
 [ 3.83618158e-02  7.02557160e-01]
 [ 4.60504804e-01 -1.72385731e-01]
 [ 1.90557697e-01  2.82892975e-01]
 [ 1.61678116e-01 -2.24476282e-01]
 [ 4.37193958e-01 -2.84708364e-02]
 [-1.43811956e-01 -2.07432776e-01]
 [-8.22791932e-02  1.11551611e-01]
 [ 1.69040190e-01  1.06282304e-02]
 [-1.54385272e-01  2.02780643e-01]
 [-8.80234810e-02 -7.79379216e-02]
 [-1.07480098e-01  6.15832361e-02]]
States:
[[0.99857458 0.99913433 0.47121757 0.52830778 0.51321809 0.59686546]
 [0.99903102 0.99888747 0.47794133 0.53208739 0.59873641 0.6474359 ]
 [0.99955764 0.99827668 0.48819356 0.53992419 0.55850263 0.65090561]
 ...
 [0.3911948  0.04790037 1.         0.17737754 0.57599172 0.5850359 ]
 [0.38480194 0.04944528 1.         0.17569063 0.53512656 0.63841719]
 [0.38324175 0.0526987  1.         0.172187   0.51210248 0.61717645]]
Logstds:
[[-3. -3.]
 [-3. -3.]
 [-3. -3.]
 [-3. -3.]
 [-3. -3.]
 [-3. -3.]
 [-3. -3.]
 [-3. -3.]
 [-3. -3.]
 [-3. -3.]
 [-3. -3.]
 [-3. -3.]
 [-3. -3.]
 [-3. -3.]
 [-3. -3.]
 [-3. -3.]
 [-3. -3.]
 [-3. -3.]
 [-3. -3.]
 [-3. -3.]
 [-3. -3.]
 [-3. -3.]
 [-3. -3.]
 [-3. -3.]
 [-3. -3.]
 [-3. -3.]
 [-3. -3.]
 [-3. -3.]
 [-3. -3.]
 [-3. -3.]
 [-3. -3.]
 [-3. -3.]
 [-3. -3.]
 [-3. -3.]
 [-3. -3.]
 [-3. -3.]
 [-3. -3.]
 [-3. -3.]
 [-3. -3.]
 [-3. -3.]
 [-3. -3.]
 [-3. -3.]
 [-3. -3.]
 [-3. -3.]
 [-3. -3.]
 [-3. -3.]
 [-3. -3.]
 [-3. -3.]
 [-3. -3.]
 [-3. -3.]
 [-3. -3.]
 [-3. -3.]
 [-3. -3.]
 [-3. -3.]
 [-3. -3.]
 [-3. -3.]
 [-3. -3.]
 [-3. -3.]
 [-3. -3.]
 [-3. -3.]
 [-3. -3.]
 [-3. -3.]
 [-3. -3.]
 [-3. -3.]
 [-3. -3.]
 [-3. -3.]
 [-3. -3.]
 [-3. -3.]
 [-3. -3.]
 [-3. -3.]
 [-3. -3.]
 [-3. -3.]
 [-3. -3.]
 [-3. -3.]
 [-3. -3.]
 [-3. -3.]
 [-3. -3.]
 [-3. -3.]
 [-3. -3.]
 [-3. -3.]
 [-3. -3.]
 [-3. -3.]
 [-3. -3.]
 [-3. -3.]
 [-3. -3.]
 [-3. -3.]
 [-3. -3.]
 [-3. -3.]
 [-3. -3.]
 [-3. -3.]
 [-3. -3.]
 [-3. -3.]
 [-3. -3.]
 [-3. -3.]
 [-3. -3.]
 [-3. -3.]
 [-3. -3.]
 [-3. -3.]
 [-3. -3.]
 [-3. -3.]
 [-3. -3.]
 [-3. -3.]
 [-3. -3.]
 [-3. -3.]
 [-3. -3.]
 [-3. -3.]
 [-3. -3.]
 [-3. -3.]
 [-3. -3.]
 [-3. -3.]
 [-3. -3.]
 [-3. -3.]
 [-3. -3.]
 [-3. -3.]
 [-3. -3.]
 [-3. -3.]
 [-3. -3.]
 [-3. -3.]
 [-3. -3.]
 [-3. -3.]
 [-3. -3.]
 [-3. -3.]
 [-3. -3.]
 [-3. -3.]
 [-3. -3.]
 [-3. -3.]
 [-3. -3.]
 [-3. -3.]
 [-3. -3.]
 [-3. -3.]
 [-3. -3.]
 [-3. -3.]
 [-3. -3.]
 [-3. -3.]
 [-3. -3.]
 [-3. -3.]
 [-3. -3.]
 [-3. -3.]
 [-3. -3.]
 [-3. -3.]
 [-3. -3.]
 [-3. -3.]
 [-3. -3.]
 [-3. -3.]
 [-3. -3.]
 [-3. -3.]
 [-3. -3.]
 [-3. -3.]
 [-3. -3.]
 [-3. -3.]
 [-3. -3.]
 [-3. -3.]
 [-3. -3.]
 [-3. -3.]
 [-3. -3.]
 [-3. -3.]
 [-3. -3.]
 [-3. -3.]
 [-3. -3.]
 [-3. -3.]
 [-3. -3.]
 [-3. -3.]
 [-3. -3.]
 [-3. -3.]
 [-3. -3.]
 [-3. -3.]
 [-3. -3.]
 [-3. -3.]
 [-3. -3.]
 [-3. -3.]
 [-3. -3.]
 [-3. -3.]
 [-3. -3.]
 [-3. -3.]
 [-3. -3.]
 [-3. -3.]
 [-3. -3.]
 [-3. -3.]
 [-3. -3.]
 [-3. -3.]
 [-3. -3.]
 [-3. -3.]
 [-3. -3.]
 [-3. -3.]
 [-3. -3.]
 [-3. -3.]
 [-3. -3.]
 [-3. -3.]
 [-3. -3.]
 [-3. -3.]
 [-3. -3.]
 [-3. -3.]
 [-3. -3.]
 [-3. -3.]
 [-3. -3.]
 [-3. -3.]
 [-3. -3.]
 [-3. -3.]
 [-3. -3.]
 [-3. -3.]]
