Baseline:
[0.4829891  0.4968802  0.49809268 0.48344997 0.4846156  0.4768246
 0.48738697 0.48709396 0.49698964 0.47958213 0.46721116 0.46660486
 0.46342632 0.45529327 0.44456878 0.43030182 0.43139043 0.42727244
 0.42892018 0.42087868 0.40951458 0.39968866 0.3763261  0.36463428
 0.35121787 0.33916572 0.33236352 0.318898   0.3153303  0.3086774
 0.3009297  0.2850743  0.28254744 0.2869104  0.27764523 0.26312032
 0.26667204 0.2730343  0.28075448 0.28985503 0.31056023 0.3117565
 0.31329203 0.3315322  0.33596852 0.33847347 0.3411995  0.33730194
 0.33618408 0.33407083 0.32093728 0.33984247 0.32591245 0.3282053
 0.3162798  0.31562725 0.30688918 0.29928574 0.27745897 0.2860198
 0.26996103 0.2651523  0.26624575 0.26084933 0.25684336 0.2713563
 0.26083824 0.2689867  0.28436896 0.3037949  0.30427578 0.301943
 0.28176787 0.26803234 0.27626857 0.2673955  0.2629212  0.24783945
 0.24457413 0.21749114 0.19515836 0.19287658 0.17192774 0.1467559
 0.12936285 0.12454499 0.12939857 0.13026904 0.14128636 0.15486364
 0.16731884 0.1831043  0.1844887  0.18918139 0.1833283  0.17835847
 0.19437611 0.1848712  0.20413837 0.22496828 0.22091235 0.20373079
 0.21334095 0.25316375 0.23297967 0.23057538 0.21651226 0.23048554
 0.20224608 0.22077298 0.22581622 0.2032386  0.21708602 0.22234967
 0.24678081 0.22871765 0.220143   0.2266928  0.2334004  0.2303038
 0.2261526  0.23131306 0.27130395 0.2790955  0.29041332 0.30376258
 0.34655455 0.37776878 0.40021917 0.41281092 0.43442306 0.4315845
 0.43531865 0.44653672 0.45959455 0.45931628 0.43083802 0.43356174
 0.42645696 0.4386594  0.45489785 0.46429798 0.44161645 0.452979
 0.45392683 0.45378616 0.43777305 0.45914698 0.45783272 0.44584784
 0.45417717 0.47343427 0.47845355 0.4905338  0.46611172 0.4736699
 0.4638839  0.44244534 0.45130235 0.47072414 0.4832565  0.47517624
 0.47023737 0.47198868 0.4651479  0.443128   0.44266412 0.435082
 0.41093484 0.39196193 0.38276145 0.35893604 0.3425199  0.3263306
 0.33270943 0.32061663 0.28390005 0.26593494 0.2631259  0.24815291
 0.25504437 0.26215824 0.24818727 0.24820744 0.2518269  0.24639195
 0.24448384 0.23642702 0.2458415  0.25337377 0.26345757 0.227624
 0.2279395  0.21019213 0.23715234 0.2333051  0.24390346 0.23372157
 0.23408791 0.21919838 0.21919838]
Returns:
[ 0.75686858  0.65623394  0.65227833  0.63621251  0.69704694  0.44872705
  0.38175294  0.27425719  0.22446253  0.09385074  0.00901379 -0.0539356
 -0.01723836 -0.20161062 -0.17276042 -0.18472373 -0.37858247 -0.3539182
 -0.36394389 -0.55531447 -0.55405089 -0.62063841 -0.83706408 -0.8271275
 -0.79974173 -0.7613217  -0.73037603 -0.73751926 -0.78302117 -0.74373881
 -0.86053765 -0.90940481 -0.90147765 -0.9949613  -0.95770589 -1.06421318
 -1.02924694 -1.04297649 -1.03097739 -0.98403738 -1.06371363 -1.07363424
 -1.03189422 -1.10943918 -1.05480142 -1.06515328 -1.00472485 -0.95542041
 -0.88542453 -0.95622932 -0.92601211 -1.1486004  -1.11057363 -1.07689021
 -1.04542749 -1.00150897 -0.93268372 -0.96194229 -0.96539153 -0.99375354
 -0.9934174  -0.92449071 -0.84924681 -0.78873403 -0.69459208 -0.76133993
 -0.69176075 -0.65376602 -0.69021235 -0.71589941 -0.63396868 -0.55804669
 -0.63610823 -0.5857848  -0.51970846 -0.54011295 -0.62959493 -0.53236548
 -0.47969421 -0.47253356 -0.65221734 -0.66311008 -0.56389276 -0.51826801
 -0.49249877 -0.42649283 -0.32263595 -0.22549861 -0.17418365 -0.2034746
 -0.28731468 -0.23310488 -0.25146441 -0.37881667 -0.41872019 -0.33429347
 -0.28173489 -0.30509787 -0.30734329 -0.41160545 -0.39921462 -0.34685737
 -0.30698105 -0.55927273 -0.52042731 -0.43304239 -0.35535603 -0.30964537
 -0.31951998 -0.39782328 -0.33518459 -0.4301882  -0.43081756 -0.37222042
 -0.62065955 -0.69499385 -0.62827549 -0.65887658 -0.65743934 -0.58950128
 -0.53983571 -0.45478779 -0.67247685 -0.64083648 -0.59369163 -0.50920196
 -0.65816197 -0.63238624 -0.54360625 -0.45961584 -0.36539091 -0.36078867
 -0.5692887  -0.46542855 -0.42878316 -0.34300695 -0.50286743 -0.50312471
 -0.39949962 -0.35654855 -0.36371821 -0.40086564 -0.53078887 -0.50592294
 -0.39235971 -0.3191937  -0.30946105 -0.28950673 -0.21052392 -0.21989102
 -0.10621053 -0.00225073  0.02600514  0.08382232  0.08166201  0.17748677
  0.18125897  0.1318754   0.22770029  0.26530414  0.25488853  0.17723541
  0.19313231  0.32077704  0.24547324 -0.35191099 -0.28227923 -0.28103936
 -0.32221603 -0.23759785 -0.16396664 -0.0989398  -0.00658872  0.11645126
  0.02532394  0.03592627 -0.06735282 -0.45241185 -0.42077136 -0.36080498
 -0.34880341 -0.33520436 -0.32645841 -0.33075282 -0.28045977 -0.17521345
 -0.14485999 -0.06324651 -0.06895111 -0.01480813 -0.16436709 -0.23853592
 -0.16732396 -0.08334864 -0.30219882 -0.28449051 -0.26957942 -0.16337276
 -0.16845729 -0.0698455 ]
Advants:
[ 0.42444534  0.32767436  0.34161366  0.36088168  0.44484961  0.22325076
  0.16385894  0.07303095  0.0292642  -0.07016115 -0.1299156  -0.18039248
 -0.12640635 -0.29278391 -0.24128351 -0.22596697 -0.41282224 -0.37436835
 -0.3759073  -0.55390855 -0.5351086  -0.58692768 -0.78059824 -0.7589601
 -0.71688543 -0.66347138 -0.62136356 -0.61011438 -0.64799891 -0.59624834
 -0.70236148 -0.73320597 -0.72007672 -0.8180464  -0.77022055 -0.86363129
 -0.83279524 -0.85413619 -0.85108048 -0.81339817 -0.9170547  -0.93206948
 -0.89485152 -0.99684002 -0.95181777 -0.97069261 -0.91773628 -0.86803924
 -0.79852966 -0.87108648 -0.83058949 -1.08264877 -1.04055093 -1.01888831
 -0.98471483 -0.948765   -0.87815846 -0.90803275 -0.89800617 -0.94513333
 -0.93930491 -0.87475565 -0.80828061 -0.74866222 -0.6543055  -0.74219371
 -0.66681118 -0.64115819 -0.69914023 -0.75232608 -0.67711776 -0.60321598
 -0.66761648 -0.60864531 -0.55453754 -0.5704759  -0.66289507 -0.55515313
 -0.50244505 -0.47064589 -0.6355161  -0.65255313 -0.53781437 -0.47071795
 -0.43023611 -0.36013068 -0.25884498 -0.15712396 -0.10966123 -0.14607982
 -0.23835422 -0.19437812 -0.20870796 -0.33896147 -0.37212097 -0.27899275
 -0.23727212 -0.24593785 -0.26248112 -0.38604939 -0.36744035 -0.29340437
 -0.25732187 -0.55215904 -0.49425848 -0.40291739 -0.30664622 -0.2690204
 -0.2436975  -0.33597164 -0.27165073 -0.33901831 -0.3484535  -0.28799947
 -0.56158188 -0.62036621 -0.54547181 -0.58420424 -0.5913539  -0.52016167
 -0.46450949 -0.38015951 -0.64096626 -0.619773   -0.58571971 -0.51430394
 -0.71168756 -0.72340566 -0.66183914 -0.59340112 -0.52175544 -0.51513401
 -0.73482127 -0.64740198 -0.62875261 -0.54539552 -0.68376831 -0.69442756
 -0.58860539 -0.56223152 -0.59111104 -0.64503572 -0.76359973 -0.76196554
 -0.65874749 -0.59337148 -0.57543573 -0.58537456 -0.51183902 -0.51647779
 -0.41574308 -0.33343041 -0.31206877 -0.26695201 -0.24467471 -0.15366139
 -0.13670316 -0.16182276 -0.06909904 -0.04410851 -0.06037773 -0.1248546
 -0.09784435  0.03864317 -0.02044069 -0.6034217  -0.53942366 -0.53694583
 -0.56138666 -0.46263439 -0.3824919  -0.29380994 -0.18186359 -0.03487828
 -0.12698334 -0.09772509 -0.15922405 -0.53217652 -0.50301911 -0.431505
 -0.42995388 -0.4271303  -0.40768432 -0.41568192 -0.3715616  -0.26022794
 -0.22626063 -0.13196598 -0.14253438 -0.08954374 -0.2472005  -0.2845662
 -0.21042492 -0.10203493 -0.34821242 -0.3263886  -0.32165136 -0.20120248
 -0.20241572 -0.08080542]
Mus:
[[-2.75694542e-02 -1.16996011e-02]
 [-2.67665498e-02 -1.10744089e-02]
 [-2.68134046e-02 -1.16361650e-02]
 [-2.73174625e-02 -1.17619839e-02]
 [-2.70927921e-02 -1.15669407e-02]
 [-2.80081332e-02 -1.09959701e-02]
 [-2.75591761e-02 -1.12622445e-02]
 [-2.76694614e-02 -1.06994556e-02]
 [-2.72628292e-02 -1.04931276e-02]
 [-2.86604855e-02 -1.05200261e-02]
 [-3.04605048e-02 -1.12356031e-02]
 [-3.14319469e-02 -1.22457715e-02]
 [-3.21115665e-02 -1.25765689e-02]
 [-3.28935087e-02 -1.24709848e-02]
 [-3.45033370e-02 -1.34932688e-02]
 [-3.57757211e-02 -1.44693209e-02]
 [-3.72367427e-02 -1.57937054e-02]
 [-3.75614613e-02 -1.59129314e-02]
 [-3.76731865e-02 -1.59566980e-02]
 [-3.75375301e-02 -1.53763378e-02]
 [-3.84580381e-02 -1.57184340e-02]
 [-3.81876193e-02 -1.53831067e-02]
 [-3.96928415e-02 -1.65734123e-02]
 [-3.99729349e-02 -1.68552417e-02]
 [-4.05839235e-02 -1.73787903e-02]
 [-4.08482999e-02 -1.77287664e-02]
 [-4.09140363e-02 -1.79971009e-02]
 [-3.98329981e-02 -1.74378026e-02]
 [-3.99648324e-02 -1.78502407e-02]
 [-3.95381898e-02 -1.80799868e-02]
 [-3.82705182e-02 -1.70772616e-02]
 [-3.80551070e-02 -1.73230302e-02]
 [-3.70240621e-02 -1.72863789e-02]
 [-3.57169583e-02 -1.67048927e-02]
 [-3.51745114e-02 -1.68669671e-02]
 [-3.38264666e-02 -1.71150155e-02]
 [-3.18981037e-02 -1.66501962e-02]
 [-3.05643342e-02 -1.67227723e-02]
 [-2.83762291e-02 -1.59056932e-02]
 [-2.65874341e-02 -1.54306032e-02]
 [-2.56165043e-02 -1.51377534e-02]
 [-2.28771009e-02 -1.43387541e-02]
 [-1.92658864e-02 -1.28382491e-02]
 [-1.76796746e-02 -1.19651575e-02]
 [-1.54418321e-02 -1.12353005e-02]
 [-1.22581255e-02 -9.45093296e-03]
 [-1.04878992e-02 -8.58128350e-03]
 [-8.37392639e-03 -7.54683465e-03]
 [-6.59467978e-03 -6.68232422e-03]
 [-4.22405126e-03 -4.95252945e-03]
 [-2.76515819e-03 -4.52716509e-03]
 [-3.54098482e-03 -4.00263444e-03]
 [-2.60898215e-03 -3.74465017e-03]
 [-2.77679600e-03 -3.91037483e-03]
 [-1.82468235e-03 -3.37895961e-03]
 [-2.03362177e-03 -3.66493128e-03]
 [-1.33870437e-03 -3.42382374e-03]
 [-4.57514951e-04 -2.38788803e-03]
 [ 8.72868695e-04 -2.25917436e-03]
 [ 6.12329575e-04 -1.97333423e-03]
 [ 1.82325277e-03 -2.11214623e-03]
 [ 2.67410162e-03 -1.48880493e-03]
 [ 3.44968471e-03 -1.04068802e-03]
 [ 3.94319044e-03 -4.44951875e-04]
 [ 4.66748653e-03 -2.23417039e-04]
 [ 5.15608722e-03  2.23231953e-04]
 [ 5.17694419e-03  4.34093323e-04]
 [ 5.73698711e-03  4.82944917e-04]
 [ 6.35159202e-03  1.42689794e-03]
 [ 6.33070432e-03  1.63174223e-03]
 [ 6.08717091e-03  1.74260500e-03]
 [ 5.75439166e-03  1.17387355e-03]
 [ 4.44373861e-03 -3.19423591e-04]
 [ 3.66539042e-03 -9.15414072e-04]
 [ 3.86473583e-03 -5.13562583e-04]
 [ 3.38339806e-03 -2.28814766e-04]
 [ 2.93921074e-03  5.28952165e-04]
 [ 3.22407973e-03  3.70663533e-04]
 [ 3.67303775e-03  8.87856062e-04]
 [ 3.82078928e-03  1.10489444e-03]
 [ 3.22532165e-03  1.82934164e-03]
 [ 3.05907894e-03  1.95841119e-03]
 [ 3.29095265e-03  1.89684972e-03]
 [ 2.63224123e-03  1.84449565e-03]
 [ 4.04220121e-03  1.75499415e-03]
 [ 4.52858349e-03  1.50785199e-03]
 [ 4.76846192e-03  1.71186693e-03]
 [ 4.28071292e-03  1.66488183e-03]
 [ 4.34506265e-03  1.50473823e-03]
 [ 3.25771351e-03  3.34752549e-04]
 [ 8.66936229e-04 -2.01639417e-03]
 [-6.68913053e-05 -2.72033922e-03]
 [-2.94794003e-03 -4.61309357e-03]
 [ 4.83810785e-04 -2.25042109e-03]
 [ 1.54075900e-03 -9.64682375e-04]
 [ 1.02272024e-03 -9.25246975e-04]
 [-4.63145698e-04 -1.79654802e-03]
 [-3.17416736e-03 -3.45969526e-03]
 [-4.21516458e-03 -4.14292654e-03]
 [-4.05160384e-03 -3.65722016e-03]
 [-5.06235193e-03 -3.56148696e-03]
 [-8.58857669e-03 -5.08817984e-03]
 [-9.65817459e-03 -5.35818143e-03]
 [-1.04484335e-02 -5.68116084e-03]
 [-1.30108921e-02 -6.39566919e-03]
 [-1.59283169e-02 -7.45995389e-03]
 [-2.00677477e-02 -9.04505514e-03]
 [-2.29289737e-02 -1.02450913e-02]
 [-2.65419334e-02 -1.14531182e-02]
 [-3.11171766e-02 -1.38635309e-02]
 [-3.40198539e-02 -1.53169977e-02]
 [-3.80251929e-02 -1.72482803e-02]
 [-3.92801277e-02 -1.81478709e-02]
 [-3.95532511e-02 -1.79545023e-02]
 [-3.75336148e-02 -1.65475495e-02]
 [-3.70889381e-02 -1.56588797e-02]
 [-3.87088843e-02 -1.60636082e-02]
 [-3.75115760e-02 -1.50520522e-02]
 [-4.10984829e-02 -1.68404952e-02]
 [-4.13630456e-02 -1.66163146e-02]
 [-4.04255427e-02 -1.58736184e-02]
 [-4.17160094e-02 -1.64454598e-02]
 [-4.22009043e-02 -1.67272203e-02]
 [-4.07187827e-02 -1.57422330e-02]
 [-3.96058820e-02 -1.49312196e-02]
 [-4.02787700e-02 -1.52514447e-02]
 [-3.74301337e-02 -1.38102798e-02]
 [-3.60077731e-02 -1.32235019e-02]
 [-3.45299952e-02 -1.23554012e-02]
 [-3.28860953e-02 -1.13221668e-02]
 [-3.14613245e-02 -1.06913317e-02]
 [-2.89851129e-02 -9.41705517e-03]
 [-2.42066495e-02 -6.85144309e-03]
 [-2.01717056e-02 -5.30928373e-03]
 [-1.72382463e-02 -4.55121323e-03]
 [-1.38048660e-02 -3.15734581e-03]
 [-1.24097792e-02 -3.07708560e-03]
 [-1.00108720e-02 -2.51933048e-03]
 [-8.52332823e-03 -2.17704079e-03]
 [-6.75417762e-03 -1.60225050e-03]
 [-4.62185917e-03 -5.04477066e-04]
 [-3.86928185e-03 -8.77032871e-04]
 [-3.03473719e-03 -6.19566708e-04]
 [-1.10490050e-03  4.97447676e-04]
 [ 1.54457040e-04  7.19819567e-04]
 [ 1.28887221e-03  1.23700104e-03]
 [ 1.14061078e-03  3.42493819e-04]
 [ 1.55362848e-03  3.06237518e-04]
 [ 2.41419091e-03  6.76060852e-04]
 [ 2.44878652e-03 -1.71837150e-04]
 [ 2.36499612e-03 -5.12133061e-04]
 [ 2.51046335e-03 -4.08465217e-04]
 [ 2.59897439e-03  2.48357857e-04]
 [ 2.52063200e-03  7.47970014e-04]
 [ 2.68229004e-03  5.49457152e-04]
 [ 2.22748565e-03  6.78032869e-04]
 [ 2.30654492e-03 -1.04915685e-04]
 [ 2.26234971e-03  2.55756295e-05]
 [ 1.58670032e-03 -4.24554135e-04]
 [ 8.91242758e-04 -6.53255149e-04]
 [ 3.11388605e-04 -1.56338164e-03]
 [ 5.44248032e-04 -2.60910974e-03]
 [ 8.04549782e-04 -1.84123684e-03]
 [ 1.02838920e-03 -1.58619008e-03]
 [ 8.56626022e-04 -1.01224659e-03]
 [ 1.13175243e-04 -2.38851935e-04]
 [-6.42738654e-04 -9.65671090e-04]
 [-2.05551041e-03 -1.15027057e-03]
 [-4.01669182e-03 -1.50985667e-03]
 [-4.92048217e-03 -2.01874692e-03]
 [-4.81545692e-03 -2.54372065e-03]
 [-5.20909484e-03 -2.68438552e-03]
 [-4.71844478e-03 -2.94266664e-03]
 [-4.82228864e-03 -3.04021919e-03]
 [-6.25279965e-03 -3.34778451e-03]
 [-7.38622900e-03 -3.31480475e-03]
 [-6.21003471e-03 -3.46207339e-03]
 [-6.40268065e-03 -5.13371313e-03]
 [-6.60137553e-03 -5.62260486e-03]
 [-5.64966490e-03 -5.30106621e-03]
 [-5.17071644e-03 -4.98735346e-03]
 [-4.43913601e-03 -4.15845588e-03]
 [-4.68113506e-03 -4.91354940e-03]
 [-3.64731555e-03 -3.82081070e-03]
 [-3.24067613e-03 -3.29390261e-03]
 [-2.86818226e-03 -2.99475621e-03]
 [-2.42317049e-03 -2.36881198e-03]
 [-2.78022885e-03 -3.04461853e-03]
 [-3.17040668e-03 -3.65343993e-03]
 [-3.31988977e-03 -3.33903823e-03]
 [-3.67025728e-03 -2.70702038e-03]
 [-5.19013684e-03 -3.41613800e-03]
 [-6.20787311e-03 -4.26925672e-03]
 [-7.27145979e-03 -4.50502429e-03]
 [-7.89954886e-03 -4.86476580e-03]
 [-9.42552276e-03 -4.93715797e-03]
 [-1.15319360e-02 -5.89128630e-03]
 [-1.47500746e-02 -7.03016156e-03]
 [-1.76220592e-02 -7.53767928e-03]
 [-2.17420254e-02 -8.90090689e-03]]
Actions:
[[ 3.19722398e-01  5.50912689e-02]
 [-1.67020491e-01  2.59543161e-01]
 [-2.39683702e-01 -2.06192603e-01]
 [ 4.55595719e-02 -2.93673242e-02]
 [ 1.65903840e-01 -4.70253472e-01]
 [ 6.53391181e-02  3.22489471e-01]
 [ 2.10280881e-01 -2.33978443e-01]
 [ 2.07744968e-01  1.04594587e-01]
 [-1.02814729e-01 -3.94778191e-01]
 [-2.43663792e-01 -2.83153753e-01]
 [-9.76583831e-02  3.12125667e-01]
 [-1.36702053e-02 -2.26432708e-02]
 [ 5.16163233e-02 -4.19975302e-01]
 [-1.62013548e-01  6.29934232e-02]
 [-2.97881370e-01  1.45881398e-02]
 [-4.96697993e-02  4.87888316e-01]
 [ 2.31213801e-02 -5.19148374e-02]
 [ 1.36200310e-01  5.78697920e-02]
 [ 1.23213038e-01 -4.15446430e-01]
 [-8.10103368e-02 -1.64291465e-01]
 [ 1.94430091e-01 -1.48183106e-01]
 [-5.76888521e-01 -7.33500607e-02]
 [ 4.64502971e-02  5.22671158e-02]
 [-1.03290621e-01  1.15000600e-01]
 [-6.62552700e-02  1.09367377e-01]
 [-5.83349445e-03  1.45530911e-01]
 [-8.03021602e-02 -2.71173957e-01]
 [ 6.68107842e-02  2.84899886e-01]
 [-1.32079845e-01  1.45497649e-01]
 [ 1.94475652e-01 -3.19980051e-01]
 [-3.97547391e-01 -4.44018345e-02]
 [ 2.74575123e-02  1.91331184e-01]
 [ 3.13032982e-01  5.43741086e-02]
 [-2.12346793e-01  7.72745927e-02]
 [-4.22822545e-01  1.55014860e-01]
 [ 2.97955005e-02  1.18108684e-01]
 [-9.80819207e-02  2.58238044e-01]
 [ 1.42414204e-01  7.71958029e-02]
 [-2.14104147e-02  1.33009379e-01]
 [ 2.09195864e-01  2.56436164e-01]
 [-3.10727544e-01 -2.68451330e-02]
 [-1.24731057e-01 -1.38532997e-01]
 [ 2.97835902e-01  1.11205972e-01]
 [-1.02817667e-01  6.46473850e-02]
 [ 1.20363857e-01 -2.38798078e-01]
 [ 5.49607971e-02 -4.21666587e-02]
 [-8.47511477e-02 -1.39976701e-01]
 [-3.42433942e-02 -7.63943268e-02]
 [ 8.34316025e-02 -3.64233743e-01]
 [-2.21003593e-01 -4.97213362e-02]
 [ 4.95957334e-01 -4.23909532e-02]
 [-1.73717080e-01 -6.20629806e-02]
 [ 9.55218927e-02  1.47885122e-01]
 [-1.29568702e-01 -1.61989790e-01]
 [ 3.96746223e-02  1.56176971e-01]
 [-1.03703061e-01 -3.97957653e-02]
 [ 7.49944854e-03 -3.21308912e-01]
 [-2.96970599e-01 -2.25284987e-03]
 [ 3.11956873e-01  5.96411127e-02]
 [-2.34817515e-01  1.69486627e-01]
 [ 1.97351098e-02 -1.16296639e-01]
 [ 1.03403901e-01  2.50711162e-02]
 [ 4.82422439e-02 -1.64108473e-01]
 [ 2.74603719e-02  6.09862449e-02]
 [ 3.81745515e-01  1.56256866e-01]
 [-5.38710407e-02 -1.52009823e-01]
 [ 1.45853024e-01  2.20435518e-01]
 [ 3.58946793e-01 -1.10470450e-01]
 [ 3.39013505e-01  1.40919486e-01]
 [ 1.33444979e-01 -5.06860733e-02]
 [ 2.65406896e-02  1.82474719e-01]
 [-3.58419295e-01  2.31658167e-01]
 [-2.31220665e-01 -5.21571701e-02]
 [ 1.73975125e-01 -6.95688170e-02]
 [-2.00040699e-02 -3.45196471e-01]
 [ 1.78849254e-01 -3.84888061e-01]
 [-9.30275739e-02 -4.01044703e-04]
 [ 2.20917553e-01 -6.11134919e-02]
 [-1.30434324e-01 -2.85047323e-01]
 [ 1.89973453e-01 -4.84134843e-01]
 [ 3.16166195e-01  1.01481491e-01]
 [-1.90478135e-02 -1.95333497e-02]
 [-6.62358969e-02 -2.31173352e-01]
 [-2.41087669e-01  1.46923560e-01]
 [-1.54428863e-01  1.18938258e-01]
 [ 6.57094536e-02  9.65841941e-03]
 [-5.95064074e-02 -1.08879811e-01]
 [ 9.85432289e-02  2.28152723e-01]
 [-8.49636014e-02  3.63941125e-01]
 [-3.68269514e-01 -2.36860453e-01]
 [ 1.04331142e-01  2.07858540e-01]
 [-2.25910242e-01  2.75234343e-01]
 [ 3.95010661e-01 -2.66443831e-01]
 [ 2.49864569e-01 -2.74935597e-01]
 [ 4.55300279e-02 -1.19520623e-01]
 [ 8.04404908e-02  2.09294162e-01]
 [-3.24261998e-01 -1.66681691e-01]
 [ 1.40201707e-01  2.84851939e-01]
 [ 4.22334643e-01  1.27876997e-01]
 [ 2.33891155e-01 -1.48805140e-01]
 [-2.14886338e-01 -8.74066674e-02]
 [ 2.14520151e-01  6.54515532e-02]
 [ 4.18112363e-01  3.91968113e-01]
 [ 4.14750250e-03 -2.23821116e-01]
 [ 1.92776542e-02 -2.57163911e-03]
 [-1.63262642e-01 -7.26641532e-02]
 [ 2.24679780e-02  2.21745560e-01]
 [-2.58812491e-01 -2.59912904e-01]
 [-2.15933550e-01  3.69245229e-01]
 [-1.24266337e-01  1.71551262e-01]
 [-4.73487779e-01 -1.42057262e-01]
 [-2.76066036e-03  2.97639913e-01]
 [ 1.48765719e-01 -8.43916514e-02]
 [ 5.34416566e-01  6.72598793e-02]
 [ 1.19387029e-01 -3.63078105e-01]
 [-6.55746449e-02 -1.59844720e-01]
 [ 2.98517973e-01 -5.27706457e-02]
 [-2.63014051e-01  1.92879313e-01]
 [ 5.45112343e-02 -1.25187338e-01]
 [ 5.08551017e-02 -1.96934020e-01]
 [-8.39033381e-02  1.03954280e-01]
 [ 2.65805266e-01  4.50268391e-01]
 [ 1.79756292e-01 -1.09306252e-01]
 [ 1.63172846e-01 -8.31980390e-02]
 [-7.10894746e-02  1.23541823e-01]
 [ 4.08705010e-01  1.85423658e-01]
 [ 1.15349091e-01  2.14940071e-01]
 [ 7.80311182e-02 -1.62843060e-02]
 [ 2.31593417e-02 -1.53672868e-01]
 [ 5.60847254e-02  1.04860189e-01]
 [-3.05930521e-02 -3.27799718e-01]
 [ 3.26746021e-01 -4.18876915e-01]
 [ 3.55481388e-02  3.14111582e-02]
 [-1.27658947e-01  2.59825110e-01]
 [-3.68052213e-02 -1.80227629e-01]
 [-4.41937874e-01 -3.04946926e-01]
 [-3.90833874e-02  3.37069724e-01]
 [-1.24940003e-01 -2.54473647e-02]
 [ 1.32745204e-01  2.46647410e-01]
 [ 3.39767671e-01  7.80984842e-02]
 [-4.04724880e-02  4.04345265e-01]
 [-2.68529729e-01 -4.16266545e-01]
 [ 2.46416400e-01 -1.47510223e-01]
 [ 2.00223649e-02  8.99456912e-02]
 [ 5.47041164e-02 -2.02450451e-01]
 [-2.91824075e-01  1.82610432e-01]
 [ 2.16846525e-01  2.42547022e-01]
 [ 2.12806799e-03 -2.00758527e-01]
 [-2.76301997e-01  2.54205480e-01]
 [ 7.45950347e-03  1.58398850e-01]
 [ 1.51326873e-01  1.02478525e-01]
 [ 1.10877487e-01 -2.94648464e-01]
 [ 2.34851465e-01 -1.35933911e-01]
 [-3.24971529e-01 -1.86857990e-01]
 [ 1.91739085e-01 -4.90363453e-02]
 [-1.79561197e-01  3.33539033e-01]
 [-2.21819380e-01 -3.64762682e-01]
 [ 8.90280379e-02  1.89213709e-01]
 [ 2.58810367e-01  1.81384784e-01]
 [ 6.00698730e-03  3.92712831e-01]
 [-4.00252323e-01  2.49129778e-01]
 [-3.98523715e-02 -3.32516743e-01]
 [ 4.47759272e-03 -9.35745291e-02]
 [ 2.92850066e-02 -4.24417214e-01]
 [ 2.85058528e-02 -7.96755151e-01]
 [-6.46828050e-03  1.82372899e-01]
 [ 7.70891290e-02 -2.56677896e-01]
 [-1.51497493e-02 -3.53131285e-01]
 [-1.11618773e-01 -1.01964908e-01]
 [-1.27396880e-01  1.46287237e-01]
 [-1.16923980e-01 -1.92664898e-01]
 [-1.79663036e-01  5.19065803e-02]
 [-4.68152838e-02 -3.41034822e-02]
 [ 3.96460135e-01  1.74028813e-01]
 [ 2.46975056e-01 -1.67574058e-01]
 [-4.80581757e-01 -1.10480026e-01]
 [-5.14070983e-01  4.84567207e-01]
 [ 2.76347797e-02  2.55773547e-01]
 [-2.21881786e-01 -1.00773096e-01]
 [ 2.50826592e-01  1.38771965e-01]
 [ 2.80360877e-01 -7.50046846e-02]
 [-2.81376928e-01  1.81497041e-01]
 [ 1.64702194e-01 -2.81553901e-01]
 [ 2.30915877e-01 -2.97328192e-02]
 [ 6.27241314e-02 -7.95433958e-02]
 [ 2.65249357e-01 -9.61443139e-02]
 [-1.42490091e-01  1.51229492e-01]
 [ 9.89315986e-02  3.45127505e-01]
 [ 2.43742923e-01 -6.41742018e-02]
 [ 4.95883303e-01 -1.05744672e-01]
 [-3.17620392e-01 -3.19155136e-01]
 [-1.54221809e-02  2.08950632e-01]
 [-3.69306598e-02 -1.83011607e-01]
 [ 4.14259382e-01  3.83635989e-01]
 [ 2.52298707e-01 -1.35673796e-01]
 [ 1.99680175e-01  2.13233378e-01]
 [-3.11207421e-03 -9.21162403e-02]
 [ 2.85714280e-01 -1.11165809e-01]
 [-5.27968793e-02 -1.47837676e-01]
 [-4.71783399e-02 -2.35501264e-01]]
States:
[[0.99991339 0.99945458 0.51902799 0.47752855 0.51314752 0.5968469 ]
 [0.99975503 0.999504   0.52547634 0.47857042 0.59513782 0.61125815]
 [0.99938181 0.99978317 0.53483439 0.48582951 0.55065944 0.67901275]
 ...
 [0.76705948 0.18328253 0.07955053 0.07085039 0.88025338 0.55963095]
 [0.81723258 0.1760675  0.11648728 0.07491771 0.94631377 0.53124755]
 [0.86485516 0.16441654 0.16190737 0.08179461 0.92419891 0.49382195]]
Logstds:
[[-3. -3.]
 [-3. -3.]
 [-3. -3.]
 [-3. -3.]
 [-3. -3.]
 [-3. -3.]
 [-3. -3.]
 [-3. -3.]
 [-3. -3.]
 [-3. -3.]
 [-3. -3.]
 [-3. -3.]
 [-3. -3.]
 [-3. -3.]
 [-3. -3.]
 [-3. -3.]
 [-3. -3.]
 [-3. -3.]
 [-3. -3.]
 [-3. -3.]
 [-3. -3.]
 [-3. -3.]
 [-3. -3.]
 [-3. -3.]
 [-3. -3.]
 [-3. -3.]
 [-3. -3.]
 [-3. -3.]
 [-3. -3.]
 [-3. -3.]
 [-3. -3.]
 [-3. -3.]
 [-3. -3.]
 [-3. -3.]
 [-3. -3.]
 [-3. -3.]
 [-3. -3.]
 [-3. -3.]
 [-3. -3.]
 [-3. -3.]
 [-3. -3.]
 [-3. -3.]
 [-3. -3.]
 [-3. -3.]
 [-3. -3.]
 [-3. -3.]
 [-3. -3.]
 [-3. -3.]
 [-3. -3.]
 [-3. -3.]
 [-3. -3.]
 [-3. -3.]
 [-3. -3.]
 [-3. -3.]
 [-3. -3.]
 [-3. -3.]
 [-3. -3.]
 [-3. -3.]
 [-3. -3.]
 [-3. -3.]
 [-3. -3.]
 [-3. -3.]
 [-3. -3.]
 [-3. -3.]
 [-3. -3.]
 [-3. -3.]
 [-3. -3.]
 [-3. -3.]
 [-3. -3.]
 [-3. -3.]
 [-3. -3.]
 [-3. -3.]
 [-3. -3.]
 [-3. -3.]
 [-3. -3.]
 [-3. -3.]
 [-3. -3.]
 [-3. -3.]
 [-3. -3.]
 [-3. -3.]
 [-3. -3.]
 [-3. -3.]
 [-3. -3.]
 [-3. -3.]
 [-3. -3.]
 [-3. -3.]
 [-3. -3.]
 [-3. -3.]
 [-3. -3.]
 [-3. -3.]
 [-3. -3.]
 [-3. -3.]
 [-3. -3.]
 [-3. -3.]
 [-3. -3.]
 [-3. -3.]
 [-3. -3.]
 [-3. -3.]
 [-3. -3.]
 [-3. -3.]
 [-3. -3.]
 [-3. -3.]
 [-3. -3.]
 [-3. -3.]
 [-3. -3.]
 [-3. -3.]
 [-3. -3.]
 [-3. -3.]
 [-3. -3.]
 [-3. -3.]
 [-3. -3.]
 [-3. -3.]
 [-3. -3.]
 [-3. -3.]
 [-3. -3.]
 [-3. -3.]
 [-3. -3.]
 [-3. -3.]
 [-3. -3.]
 [-3. -3.]
 [-3. -3.]
 [-3. -3.]
 [-3. -3.]
 [-3. -3.]
 [-3. -3.]
 [-3. -3.]
 [-3. -3.]
 [-3. -3.]
 [-3. -3.]
 [-3. -3.]
 [-3. -3.]
 [-3. -3.]
 [-3. -3.]
 [-3. -3.]
 [-3. -3.]
 [-3. -3.]
 [-3. -3.]
 [-3. -3.]
 [-3. -3.]
 [-3. -3.]
 [-3. -3.]
 [-3. -3.]
 [-3. -3.]
 [-3. -3.]
 [-3. -3.]
 [-3. -3.]
 [-3. -3.]
 [-3. -3.]
 [-3. -3.]
 [-3. -3.]
 [-3. -3.]
 [-3. -3.]
 [-3. -3.]
 [-3. -3.]
 [-3. -3.]
 [-3. -3.]
 [-3. -3.]
 [-3. -3.]
 [-3. -3.]
 [-3. -3.]
 [-3. -3.]
 [-3. -3.]
 [-3. -3.]
 [-3. -3.]
 [-3. -3.]
 [-3. -3.]
 [-3. -3.]
 [-3. -3.]
 [-3. -3.]
 [-3. -3.]
 [-3. -3.]
 [-3. -3.]
 [-3. -3.]
 [-3. -3.]
 [-3. -3.]
 [-3. -3.]
 [-3. -3.]
 [-3. -3.]
 [-3. -3.]
 [-3. -3.]
 [-3. -3.]
 [-3. -3.]
 [-3. -3.]
 [-3. -3.]
 [-3. -3.]
 [-3. -3.]
 [-3. -3.]
 [-3. -3.]
 [-3. -3.]
 [-3. -3.]
 [-3. -3.]
 [-3. -3.]
 [-3. -3.]
 [-3. -3.]
 [-3. -3.]
 [-3. -3.]
 [-3. -3.]
 [-3. -3.]
 [-3. -3.]
 [-3. -3.]]
