Baseline:
[0.66228163 0.6608931  0.64634985 0.65011626 0.651104   0.6442775
 0.64322555 0.64152694 0.6414027  0.64526117 0.64696485 0.6072227
 0.5886265  0.57458794 0.581643   0.579553   0.5898188  0.60553145
 0.58937323 0.60244924 0.5900833  0.6140529  0.6516475  0.6640339
 0.6718569  0.6482566  0.66125125 0.66368    0.66692346 0.6652814
 0.68208045 0.6843899  0.71289694 0.73063713 0.7114785  0.72266066
 0.72828984 0.69963765 0.692127   0.6664422  0.6800808  0.67686844
 0.69554913 0.6614088  0.6844623  0.7006305  0.6902193  0.66614556
 0.66689974 0.6667313  0.6533656  0.6737443  0.68776405 0.7174883
 0.67693317 0.68168414 0.7186695  0.7080101  0.69717103 0.6958271
 0.70318615 0.68574923 0.66343194 0.63650155 0.6151325  0.61351645
 0.6015184  0.5836656  0.5915573  0.5978266  0.5837543  0.5857783
 0.5798959  0.5831075  0.5806801  0.5881899  0.5972588  0.60973567
 0.60008967 0.58676183 0.5872221  0.58340746 0.5863995  0.583933
 0.5812118  0.5892253  0.5878474  0.5936988  0.59811616 0.63281167
 0.62213725 0.619083   0.6254489  0.63106334 0.63083243 0.6240359
 0.64651144 0.63301814 0.6186826  0.60473394 0.6024029  0.60658664
 0.6035665  0.5888865  0.58880395 0.5900654  0.6098     0.62612593
 0.63011515 0.66134673 0.6577214  0.64494026 0.6479741  0.6452718
 0.6381672  0.6461295  0.6464134  0.6339316  0.6250078  0.63336337
 0.6337432  0.6248962  0.62744427 0.6653681  0.69172585 0.6962812
 0.7042329  0.71432173 0.70806986 0.712585   0.7076722  0.7277024
 0.72420555 0.73409534 0.7406125  0.7357008  0.74373204 0.71943897
 0.7267822  0.72200704 0.72457266 0.6871786  0.6826831  0.69984394
 0.6725928  0.6361033  0.634446   0.63053775 0.6020961  0.60269725
 0.5811363  0.5577074  0.5694186  0.54168314 0.5390526  0.5272975
 0.5154463  0.49166736 0.4933434  0.50104666 0.48260668 0.47755012
 0.4756402  0.47077498 0.4718737  0.46452475 0.45405236 0.45400864
 0.46255684 0.45606163 0.4448064  0.4526371  0.4788947  0.4897151
 0.49851376 0.4945983  0.47090116 0.49430135 0.5037261  0.4932275
 0.5021538  0.5225967  0.5275743  0.5091262  0.50987077 0.4953844
 0.48061204 0.44807732 0.45704272 0.47273186 0.4662486  0.47450778
 0.48400825 0.50995696 0.50312454 0.5116263  0.5135338  0.5244566
 0.510932   0.51323044 0.51323044]
Returns:
[ 5.74425185e+00  5.77120185e+00  5.83931873e+00  5.90616500e+00
  6.00739585e+00  6.13386316e+00  6.17658529e+00  6.29946668e+00
  6.45065961e+00  6.57614160e+00  6.66977958e+00  6.28851041e+00
  6.31970240e+00  6.45560084e+00  6.48390441e+00  6.61779823e+00
  6.68951219e+00  6.70668972e+00  6.82720090e+00  6.88960557e+00
  7.00420065e+00  6.89248983e+00  6.43597344e+00  6.55235714e+00
  6.47647532e+00  6.28347756e+00  6.31445479e+00  6.42860908e+00
  6.45589478e+00  6.50137256e+00  6.44906632e+00  6.51338440e+00
  6.25728488e+00  6.24465648e+00  6.26883425e+00  6.28466000e+00
  6.31722145e+00  6.23711521e+00  6.32312493e+00  6.28042709e+00
  6.27315094e+00  6.36533338e+00  6.30438858e+00  6.19058803e+00
  6.09464702e+00  6.02078498e+00  6.08669965e+00  6.08114222e+00
  6.16867515e+00  6.07094899e+00  6.11380891e+00  6.01366787e+00
  5.76130797e+00  5.50581595e+00  5.28148472e+00  5.16271638e+00
  4.75841672e+00  4.77958837e+00  4.78982231e+00  4.80480769e+00
  4.59584163e+00  4.62056322e+00  4.66412150e+00  4.59615399e+00
  4.64734562e+00  4.60773925e+00  4.61824189e+00  4.66562451e+00
  4.55841951e+00  4.59520024e+00  4.64431898e+00  4.73088482e+00
  4.81435710e+00  4.87860798e+00  4.97679691e+00  5.08762967e+00
  5.17735367e+00  5.24488470e+00  5.35152596e+00  5.44970411e+00
  5.50425666e+00  5.57764442e+00  5.71614599e+00  5.84431761e+00
  5.98872592e+00  6.13303563e+00  6.26388127e+00  6.29473592e+00
  6.40058601e+00  6.13271073e+00  6.20901030e+00  6.30720919e+00
  6.17339379e+00  6.19461264e+00  6.32283739e+00  6.38044932e+00
  6.19202705e+00  6.24267213e+00  6.02408740e+00  6.04491409e+00
  6.13072897e+00  6.17774007e+00  6.25479614e+00  6.32021063e+00
  6.22901583e+00  6.30202036e+00  6.19826580e+00  6.19755996e+00
  6.31723807e+00  6.05565018e+00  6.16820663e+00  6.20880986e+00
  6.31602194e+00  6.39605944e+00  6.43278670e+00  6.08721381e+00
  6.18862685e+00  6.20387987e+00  6.30654521e+00  6.19803743e+00
  6.17410608e+00  6.24309348e+00  6.32182873e+00  5.91667489e+00
  5.65445051e+00  5.71530666e+00  5.70553430e+00  5.72878382e+00
  5.79605457e+00  5.67245675e+00  5.60834189e+00  5.52622386e+00
  5.43236923e+00  5.27972083e+00  5.24162498e+00  5.17998567e+00
  5.10377017e+00  4.93891908e+00  4.91863880e+00  4.94471497e+00
  4.91323682e+00  4.72935923e+00  4.75072983e+00  4.52560603e+00
  4.50067997e+00  4.35727389e+00  4.18143054e+00  3.96793838e+00
  3.94899496e+00  3.90213505e+00  3.86215615e+00  3.77842238e+00
  3.64133417e+00  3.45933763e+00  3.35031761e+00  3.29842468e+00
  3.32748020e+00  3.21507388e+00  3.22554805e+00  3.18667470e+00
  3.17268179e+00  3.21187971e+00  3.21328468e+00  3.22762064e+00
  3.25524554e+00  3.22486211e+00  3.02970134e+00  2.98853055e+00
  2.92526659e+00  2.87578162e+00  2.81896770e+00  2.78742075e+00
  2.50981029e+00  2.44073161e+00  2.33644542e+00  2.29915659e+00
  2.01855276e+00  1.87042419e+00  1.80612838e+00  1.56289891e+00
  1.45248580e+00  1.21632321e+00  1.08792972e+00  8.16009665e-01
  7.57355841e-01  7.25126237e-01  7.02573658e-01  5.18583311e-01
  5.20941849e-01  3.60687088e-01  3.13504632e-01  3.26454760e-01
  1.72840954e-01  7.99655617e-02  1.22216595e-01  9.57908888e-02
  1.19849722e-01  6.94513425e-02  3.58411670e-03 -3.20893526e-02]
Advants:
[ 3.03926758e+00  3.05164480e+00  3.11954041e+00  3.16854892e+00
  3.25662234e+00  3.38083215e+00  3.41610229e+00  3.53530692e+00
  3.68547069e+00  3.80960412e+00  3.90710549e+00  3.56105701e+00
  3.60747845e+00  3.75839912e+00  3.78137234e+00  3.92343338e+00
  3.99337700e+00  4.00410631e+00  4.15505624e+00  4.22140754e+00
  4.37076799e+00  4.25519892e+00  3.76763071e+00  3.88194451e+00
  3.80684624e+00  3.64154934e+00  3.66453799e+00  3.78515143e+00
  3.81958234e+00  3.87943314e+00  3.82200608e+00  3.89860551e+00
  3.62103047e+00  3.59735320e+00  3.64929122e+00  3.66341272e+00
  3.70146329e+00  3.66048334e+00  3.76826241e+00  3.76619651e+00
  3.76085544e+00  3.87610092e+00  3.81555445e+00  3.75413489e+00
  3.65125466e+00  3.57592708e+00  3.67056858e+00  3.70953345e+00
  3.82118657e+00  3.74760497e+00  3.83158806e+00  3.73746300e+00
  3.49148796e+00  3.21959348e+00  3.04459020e+00  2.92677081e+00
  2.47802336e+00  2.50274064e+00  2.51674564e+00  2.52590980e+00
  2.29511869e+00  2.32288278e+00  2.37517512e+00  2.31812845e+00
  2.37555995e+00  2.31997664e+00  2.32408155e+00  2.37137168e+00
  2.23324128e+00  2.23970053e+00  2.27874485e+00  2.33969767e+00
  2.40621734e+00  2.44436423e+00  2.52324984e+00  2.60618645e+00
  2.66721303e+00  2.70266924e+00  2.80128561e+00  2.89706405e+00
  2.93576196e+00  2.99864626e+00  3.12280900e+00  3.24517409e+00
  3.38787617e+00  3.52358316e+00  3.65925661e+00  3.68877704e+00
  3.79824879e+00  3.49504408e+00  3.58402001e+00  3.69057723e+00
  3.55181629e+00  3.56944463e+00  3.70406953e+00  3.77716475e+00
  3.56917101e+00  3.63844455e+00  3.43345109e+00  3.46849425e+00
  3.55965686e+00  3.60708256e+00  3.69462532e+00  3.78529966e+00
  3.70285062e+00  3.78621373e+00  3.67151524e+00  3.66349624e+00
  3.79254366e+00  3.50516438e+00  3.63084309e+00  3.69618446e+00
  3.81656031e+00  3.91943648e+00  3.98647575e+00  3.64719092e+00
  3.76691199e+00  3.81568025e+00  3.95354587e+00  3.86158306e+00
  3.86354171e+00  3.97229109e+00  4.08438320e+00  3.66656566e+00
  3.39647021e+00  3.47457378e+00  3.47996164e+00  3.51861011e+00
  3.62206566e+00  3.52247337e+00  3.49239058e+00  3.41868285e+00
  3.35639379e+00  3.21928849e+00  3.20089519e+00  3.17086633e+00
  3.11298717e+00  2.99669574e+00  2.99455170e+00  3.05400724e+00
  3.04995144e+00  2.93148011e+00  2.98854462e+00  2.77262286e+00
  2.80362841e+00  2.72452885e+00  2.57514219e+00  2.38598841e+00
  2.41795086e+00  2.39339976e+00  2.39927387e+00  2.36346523e+00
  2.23664685e+00  2.10146833e+00  2.01249660e+00  1.99001890e+00
  2.05135532e+00  1.98215692e+00  2.01231123e+00  1.98746964e+00
  2.01564076e+00  2.08700893e+00  2.11984977e+00  2.17168602e+00
  2.23444773e+00  2.25002321e+00  2.10152184e+00  2.09839244e+00
  2.06559390e+00  2.06361170e+00  2.06114477e+00  2.06731191e+00
  1.80347051e+00  1.76453677e+00  1.69240946e+00  1.70245058e+00
  1.48471112e+00  1.35038114e+00  1.31474816e+00  1.11615166e+00
  1.03016347e+00  8.01814103e-01  6.94981323e-01  4.62469028e-01
  4.23978658e-01  4.28375802e-01  4.44381466e-01  3.14053791e-01
  3.30170359e-01  1.73444079e-01  1.52340887e-01  1.78442204e-01
  3.35174023e-02 -6.92426998e-02 -1.20873119e-03 -1.66515355e-02
  2.73293986e-02 -1.21991773e-02 -4.25115483e-02 -5.77508807e-02]
Mus:
[[-0.02673175 -0.01160364]
 [-0.02677883 -0.01130544]
 [-0.02790086 -0.01165141]
 [-0.02793439 -0.01212488]
 [-0.02792166 -0.01225706]
 [-0.02816482 -0.01239969]
 [-0.02758391 -0.01289137]
 [-0.02691502 -0.012657  ]
 [-0.02611068 -0.01254592]
 [-0.02522986 -0.01221505]
 [-0.02461926 -0.0123826 ]
 [-0.02280294 -0.0112112 ]
 [-0.022256   -0.01080545]
 [-0.02136365 -0.01066088]
 [-0.02039661 -0.01014234]
 [-0.0192329  -0.01000581]
 [-0.01790052 -0.00969146]
 [-0.0167503  -0.00935803]
 [-0.01506355 -0.00920113]
 [-0.01363334 -0.0085245 ]
 [-0.01178916 -0.00831727]
 [-0.01066997 -0.00807095]
 [-0.0107076  -0.00877199]
 [-0.00961026 -0.00865067]
 [-0.00603118 -0.00627377]
 [-0.00480868 -0.00519315]
 [-0.00364156 -0.00475401]
 [-0.00279501 -0.00428255]
 [-0.0024822  -0.00350651]
 [-0.00309986 -0.00323507]
 [-0.0023239  -0.00267284]
 [-0.003315   -0.00365522]
 [-0.00265214 -0.00263512]
 [-0.00372353 -0.00262874]
 [-0.00554074 -0.00316818]
 [-0.00656217 -0.00329511]
 [-0.00837638 -0.00438498]
 [-0.01024144 -0.00472415]
 [-0.01169266 -0.00519011]
 [-0.01410875 -0.00643701]
 [-0.01396815 -0.00634134]
 [-0.01486601 -0.00680085]
 [-0.01463777 -0.00728573]
 [-0.01632603 -0.00787279]
 [-0.01510616 -0.00741998]
 [-0.01491638 -0.00796994]
 [-0.01523655 -0.00804721]
 [-0.01592641 -0.00793498]
 [-0.01549504 -0.00783543]
 [-0.01453809 -0.00671879]
 [-0.01538751 -0.00687567]
 [-0.01449129 -0.00700759]
 [-0.01334283 -0.00577179]
 [-0.01289318 -0.00532772]
 [-0.01610331 -0.00671847]
 [-0.01577106 -0.00592391]
 [-0.0149227  -0.00548319]
 [-0.01657694 -0.00583413]
 [-0.0178271  -0.00592686]
 [-0.01917762 -0.00645482]
 [-0.02121622 -0.00793584]
 [-0.02201479 -0.00795489]
 [-0.02338411 -0.00836973]
 [-0.02200984 -0.00719718]
 [-0.02188305 -0.00700154]
 [-0.0201613  -0.00585495]
 [-0.01920272 -0.00498941]
 [-0.01951686 -0.00516327]
 [-0.01814933 -0.00404074]
 [-0.0172426  -0.00343039]
 [-0.01708665 -0.00367228]
 [-0.01663169 -0.00346497]
 [-0.01644041 -0.00341671]
 [-0.01587273 -0.00294092]
 [-0.01581577 -0.00286744]
 [-0.01559857 -0.00303137]
 [-0.01535173 -0.00297024]
 [-0.01553877 -0.00343716]
 [-0.0161328  -0.00383065]
 [-0.01583738 -0.00359509]
 [-0.01753548 -0.00485942]
 [-0.01687279 -0.00427775]
 [-0.01694091 -0.00424804]
 [-0.01687475 -0.00414913]
 [-0.01683828 -0.00416986]
 [-0.01765528 -0.00453249]
 [-0.01792416 -0.00456505]
 [-0.01874995 -0.00445789]
 [-0.01949682 -0.00461783]
 [-0.0216409  -0.00610303]
 [-0.02188251 -0.00610868]
 [-0.02209148 -0.00681817]
 [-0.02278792 -0.00642236]
 [-0.02340752 -0.00634091]
 [-0.02402127 -0.00701529]
 [-0.02436676 -0.00794959]
 [-0.02513155 -0.00909709]
 [-0.02545618 -0.00902053]
 [-0.02604609 -0.00880718]
 [-0.02689273 -0.00996028]
 [-0.02811031 -0.01114689]
 [-0.02937721 -0.01216043]
 [-0.02968002 -0.01306644]
 [-0.02815568 -0.01318604]
 [-0.0280534  -0.01272021]
 [-0.02758732 -0.01264683]
 [-0.02715971 -0.01274866]
 [-0.02664487 -0.01277892]
 [-0.0258548  -0.01280951]
 [-0.02477002 -0.01292218]
 [-0.02358174 -0.0124255 ]
 [-0.02198309 -0.01157587]
 [-0.02107104 -0.01150314]
 [-0.01967805 -0.01136624]
 [-0.01751918 -0.01119843]
 [-0.01453554 -0.00897214]
 [-0.01292903 -0.00855847]
 [-0.01045083 -0.00716921]
 [-0.00871435 -0.00635186]
 [-0.00804324 -0.00550831]
 [-0.00832414 -0.00514827]
 [-0.00826044 -0.00497518]
 [-0.0077696  -0.00500222]
 [-0.0069695  -0.00452998]
 [-0.00594219 -0.00386327]
 [-0.00677192 -0.00416514]
 [-0.00773702 -0.00412597]
 [-0.00883539 -0.0048321 ]
 [-0.01019724 -0.00562835]
 [-0.01060575 -0.00500662]
 [-0.01158196 -0.00475109]
 [-0.01251133 -0.00497651]
 [-0.01503342 -0.00673546]
 [-0.01537096 -0.00609705]
 [-0.01617556 -0.00610793]
 [-0.01804311 -0.00738742]
 [-0.01890851 -0.00818229]
 [-0.021219   -0.00950943]
 [-0.02095807 -0.00937546]
 [-0.02118648 -0.0093187 ]
 [-0.02160245 -0.00968949]
 [-0.0227711  -0.00992846]
 [-0.02304465 -0.01037738]
 [-0.02300093 -0.01101653]
 [-0.02303182 -0.01057317]
 [-0.02407889 -0.0108071 ]
 [-0.02621236 -0.01272346]
 [-0.02406326 -0.01125761]
 [-0.02459573 -0.01154493]
 [-0.02436086 -0.01155736]
 [-0.02257732 -0.010405  ]
 [-0.02075131 -0.00898774]
 [-0.02069189 -0.009238  ]
 [-0.02169459 -0.01025941]
 [-0.0202155  -0.00935457]
 [-0.01880738 -0.0083755 ]
 [-0.01834974 -0.00805898]
 [-0.01699372 -0.00714203]
 [-0.01750067 -0.00787038]
 [-0.01823907 -0.00850244]
 [-0.01662744 -0.00780463]
 [-0.01535951 -0.00726225]
 [-0.01356888 -0.00629247]
 [-0.01175698 -0.00552429]
 [-0.01178126 -0.00590173]
 [-0.01060153 -0.00588041]
 [-0.00544374 -0.00306186]
 [-0.0029564  -0.00164642]
 [-0.00340291 -0.00261352]
 [-0.00202782 -0.00248002]
 [ 0.00062287 -0.00121016]
 [ 0.00167684 -0.0008823 ]
 [ 0.00221945 -0.00069949]
 [ 0.00311733 -0.00011729]
 [ 0.00417068  0.00091822]
 [ 0.00502477  0.001443  ]
 [ 0.00600794  0.00174728]
 [ 0.00648284  0.00132788]
 [ 0.0069381   0.00125591]
 [ 0.00719073  0.00076622]
 [ 0.00734734  0.0004008 ]
 [ 0.00714488 -0.00020846]
 [ 0.00850087  0.00057433]
 [ 0.00719014 -0.00070283]
 [ 0.00806668 -0.00066055]
 [ 0.01033457  0.00055604]
 [ 0.01140836  0.00107166]
 [ 0.01277935  0.00223216]
 [ 0.01379502  0.00253445]
 [ 0.01271808  0.00112309]
 [ 0.01570216  0.00307133]
 [ 0.01797052  0.00411909]
 [ 0.02222936  0.00666443]
 [ 0.02435915  0.00732266]
 [ 0.02496248  0.00768977]
 [ 0.02684204  0.00885731]
 [ 0.02787502  0.00949721]
 [ 0.02690568  0.00833496]
 [ 0.02506142  0.00688013]
 [ 0.02682189  0.00818233]]
Actions:
[[ 1.01324166e-01 -1.21164689e-01]
 [-1.25361913e-01 -1.68244186e-01]
 [-8.95582258e-02  1.89067972e-01]
 [-2.71021258e-02  4.89683444e-02]
 [-7.50259461e-02 -5.25382266e-02]
 [-2.69708601e-01  2.32461704e-01]
 [-1.57857720e-02 -2.67231632e-02]
 [-7.35374559e-02  5.92578672e-02]
 [ 5.41035109e-02  2.20883357e-02]
 [-1.49911498e-01  1.84702239e-01]
 [-2.90366397e-01 -6.91318005e-01]
 [-8.34882595e-02 -3.01903166e-01]
 [-1.33351768e-01 -9.43446896e-02]
 [ 2.07424435e-01 -2.64829854e-02]
 [-6.63522377e-02  1.18774566e-01]
 [ 1.31328188e-01  1.97390066e-01]
 [ 2.06351389e-01  2.11891004e-01]
 [-3.48535479e-01  4.21736280e-02]
 [ 2.27868457e-01  7.54343854e-02]
 [-3.35330807e-01  7.78462048e-02]
 [ 2.83660902e-01  3.82325293e-01]
 [ 2.72395318e-01  7.07110979e-01]
 [-5.06567921e-02  1.94652289e-01]
 [ 3.25894159e-01 -2.81416624e-01]
 [-2.58225099e-01 -5.42566017e-01]
 [ 1.77113620e-01  1.76849204e-01]
 [ 4.61917860e-02 -1.80990566e-02]
 [ 1.92347867e-01 -1.69808584e-01]
 [ 9.79026849e-02 -2.00932870e-01]
 [ 3.19125639e-01  1.42278101e-01]
 [-1.16147829e-01  2.54185344e-01]
 [ 5.23934625e-01  4.05410916e-02]
 [ 2.54542310e-01  2.65415526e-03]
 [-1.88938395e-01 -2.56344087e-01]
 [ 1.77053171e-01 -7.03235125e-04]
 [-4.19414185e-02  2.17436793e-01]
 [-2.36143218e-01 -3.85766438e-01]
 [-6.30573400e-02 -8.22223764e-02]
 [-4.39656889e-01 -1.16621036e-01]
 [ 1.71373172e-01  1.19047767e-01]
 [-9.71832420e-02  2.44902605e-02]
 [ 2.25173567e-02  3.96910350e-01]
 [-4.29211963e-01 -2.98201319e-01]
 [ 2.87854250e-01  2.24402950e-01]
 [-7.09469931e-03  4.11485560e-01]
 [-1.05814995e-01 -4.84348259e-02]
 [-1.95121705e-01 -2.85458346e-01]
 [ 2.33465015e-02  5.52385689e-02]
 [ 2.72174815e-01 -2.27025422e-01]
 [-1.32780602e-01 -1.57371319e-01]
 [ 1.27416599e-01  3.58336647e-01]
 [ 4.73222800e-01 -1.02518212e-01]
 [ 4.34978349e-01  2.15573660e-01]
 [-5.72612258e-01 -2.00756167e-01]
 [ 3.06562745e-01 -1.32101949e-01]
 [ 4.71452220e-01  3.28054957e-01]
 [-4.01782979e-02 -4.30251123e-02]
 [ 5.27551482e-03 -8.11107718e-02]
 [-4.09354627e-02  1.55831160e-01]
 [-2.33014183e-01  4.84230470e-01]
 [-5.05199555e-02 -6.40263054e-02]
 [-1.79221713e-01 -3.60756366e-02]
 [ 2.24345045e-02 -3.26515637e-01]
 [-1.49666812e-01 -1.21551166e-01]
 [ 2.37382532e-01 -1.29260038e-01]
 [ 8.64499420e-02 -2.25780025e-01]
 [-2.61880057e-01 -6.70909615e-02]
 [ 3.21462569e-01 -1.80261070e-01]
 [ 1.29700368e-01 -5.32416559e-02]
 [-2.92390809e-01  5.18540749e-02]
 [-1.66475676e-02 -1.48919703e-02]
 [-1.38626643e-01 -5.62928034e-02]
 [ 6.36295220e-02 -1.34112936e-01]
 [-1.07479962e-01 -9.30176267e-02]
 [-7.81762835e-02  1.27134713e-01]
 [ 4.58836018e-02  4.62300738e-02]
 [-2.24470119e-02  2.57768094e-01]
 [-2.05848779e-01 -8.08690995e-03]
 [-1.49867961e-01 -1.91251134e-01]
 [-2.54235274e-01  2.52109507e-01]
 [ 7.64211105e-02 -2.08903812e-01]
 [ 4.10275937e-02 -4.92817633e-02]
 [-5.14343626e-02 -1.23581818e-01]
 [-1.16170021e-01 -1.10872426e-01]
 [ 4.39815367e-02  4.52288817e-03]
 [-7.45988459e-02 -1.57911317e-01]
 [ 1.65567311e-01 -2.44415239e-01]
 [ 1.00178660e-02 -1.83748280e-01]
 [ 2.54645384e-01  5.59692743e-01]
 [-1.95310879e-01 -2.13497472e-01]
 [-2.92460045e-01  1.26914153e-01]
 [ 3.07953993e-01 -3.24587064e-01]
 [ 1.32092799e-01 -2.45658675e-01]
 [-1.58959298e-01  6.44033477e-02]
 [-3.72899369e-01  1.58034735e-01]
 [ 1.39658066e-01  5.33844090e-01]
 [-1.28790823e-01 -2.81063087e-01]
 [-8.79511510e-02 -5.76595291e-01]
 [-4.15445427e-01  1.92680395e-02]
 [-1.35357215e-01  2.20260557e-01]
 [ 6.60395481e-02  2.46053948e-01]
 [-1.59417642e-01  2.46973658e-01]
 [-3.51408500e-01  1.29971088e-03]
 [ 2.88900509e-01 -2.77480546e-01]
 [ 1.31689166e-01 -2.22658126e-02]
 [ 2.79157031e-01  2.82016819e-01]
 [ 1.59569804e-01  2.55168763e-01]
 [-8.07570541e-02  1.60254409e-01]
 [ 1.55981703e-01  5.48902596e-01]
 [-7.11370692e-02 -5.97306173e-02]
 [-9.49251041e-02 -2.58393768e-01]
 [-8.72557599e-02  1.48653663e-01]
 [-2.39373375e-01  1.23320809e-01]
 [-3.69936350e-01  9.92866517e-02]
 [ 5.11999567e-01 -2.75158729e-01]
 [-7.13270333e-02  6.03937338e-02]
 [-7.17743047e-03 -2.82619537e-01]
 [-3.56552372e-02 -1.41006621e-01]
 [ 3.53167621e-01 -1.15840802e-01]
 [ 1.78672533e-01 -1.77520176e-01]
 [-5.83761254e-02 -1.69527829e-01]
 [-1.77791464e-02  9.24992110e-02]
 [ 5.14921359e-01  3.60651096e-01]
 [ 4.49926877e-01  2.44396128e-01]
 [ 4.94244843e-02  3.21159285e-02]
 [ 1.55021314e-01 -8.88801217e-02]
 [ 4.15219079e-02  1.93354595e-01]
 [-1.59689460e-01  7.16000144e-02]
 [ 2.11905839e-01 -2.77841867e-01]
 [ 1.03276042e-01 -2.81937851e-01]
 [ 2.35772426e-01  1.14257090e-01]
 [-2.53253540e-01  3.41840287e-01]
 [ 3.01091765e-01 -1.79553164e-01]
 [ 1.45708898e-01  6.24919125e-03]
 [-2.77581908e-01  2.74643381e-01]
 [-1.15355588e-01  3.62802868e-01]
 [-5.39611397e-01  3.60097993e-02]
 [ 8.87397802e-02  1.59195328e-01]
 [-3.34994666e-02  2.15096024e-02]
 [-6.19156966e-02  2.46284231e-01]
 [-4.12518674e-01 -3.11404452e-01]
 [-1.15324688e-01  1.44887004e-01]
 [ 1.28993484e-01  4.86951342e-01]
 [-6.92142997e-02 -2.45503797e-01]
 [-3.38927422e-01 -2.99637493e-01]
 [-2.47210572e-01  4.27222666e-01]
 [ 3.95973165e-01 -1.50017791e-01]
 [-2.64188073e-01 -1.36299490e-01]
 [ 1.79587546e-01  1.45067772e-01]
 [ 6.76003660e-02 -2.39874775e-01]
 [ 5.76053043e-02 -3.40782803e-01]
 [ 2.30096711e-01  2.75446575e-01]
 [-5.26351063e-01 -6.88362237e-03]
 [ 3.02302597e-01 -3.07718835e-02]
 [ 1.69720531e-01 -1.65861536e-01]
 [-1.48127480e-03 -9.14628233e-02]
 [-2.23333803e-01 -3.64350097e-01]
 [-1.47389731e-01  1.70815674e-01]
 [ 1.01690108e-01  2.28184216e-01]
 [-1.92706166e-01 -1.97106237e-01]
 [-2.42617089e-02 -8.51996279e-02]
 [ 8.91278040e-02 -1.42961721e-01]
 [-1.33891398e-01 -1.48607471e-01]
 [-1.10559291e-01  9.99698928e-02]
 [-3.24314272e-01 -3.32959834e-03]
 [ 9.16067299e-02 -4.70317619e-01]
 [ 4.33247368e-02 -2.50313034e-01]
 [-2.07629763e-01  2.42993282e-01]
 [-2.97511857e-01 -1.91574635e-02]
 [-1.59087359e-01 -2.29441970e-01]
 [ 1.48524314e-01  9.07053302e-02]
 [ 4.28465638e-01  2.26680230e-01]
 [ 2.21714850e-01  6.38252651e-03]
 [ 2.45931497e-01 -1.08051239e-01]
 [-7.99209263e-02 -1.33842288e-01]
 [-4.66370519e-01 -2.30405949e-01]
 [ 8.30187296e-02  2.91671912e-01]
 [-3.36666238e-03  1.22307798e-01]
 [-4.71775171e-01  3.75261317e-02]
 [-2.40264595e-02  2.24087435e-01]
 [ 9.89751164e-02  3.80833341e-01]
 [ 2.25837785e-01  5.61234918e-02]
 [-4.77295882e-01  1.09495967e-01]
 [-4.83126958e-03  1.66867398e-01]
 [-1.06353789e-02 -1.16214456e-01]
 [-1.40808074e-01 -7.68057951e-02]
 [-2.45718482e-01 -3.55807883e-01]
 [ 4.20673263e-02  1.35344487e-01]
 [-2.00777239e-01  3.97788837e-01]
 [ 2.23784504e-01 -1.58326567e-01]
 [ 1.80542454e-01  7.41802073e-02]
 [ 4.08692542e-01 -1.19118837e-01]
 [ 2.71690067e-01  2.41413784e-01]
 [-1.34383934e-02 -4.34974440e-02]
 [ 2.48626964e-01  1.14470811e-02]
 [ 1.33112933e-01  1.38139211e-02]
 [-6.32674025e-02  3.09226966e-01]
 [-3.12633464e-01  1.41476205e-01]
 [ 3.03167287e-01 -1.57938394e-02]
 [-4.07914065e-03  1.84573082e-01]]
States:
[[0.99869501 0.99911507 0.47287123 0.47138102 0.51320619 0.59719738]
 [0.99883615 0.99896029 0.47491001 0.46898115 0.53920396 0.56543425]
 [0.99893498 0.99834808 0.47641252 0.46091199 0.50655755 0.52198551]
 ...
 [0.00884877 0.39746627 0.38999458 0.99660749 0.47954589 0.80098825]
 [0.00629672 0.36192826 0.40127323 0.9916356  0.39999362 0.83403927]
 [0.00401285 0.32492493 0.41252974 0.98403101 0.4800263  0.82520036]]
Logstds:
[[-3. -3.]
 [-3. -3.]
 [-3. -3.]
 [-3. -3.]
 [-3. -3.]
 [-3. -3.]
 [-3. -3.]
 [-3. -3.]
 [-3. -3.]
 [-3. -3.]
 [-3. -3.]
 [-3. -3.]
 [-3. -3.]
 [-3. -3.]
 [-3. -3.]
 [-3. -3.]
 [-3. -3.]
 [-3. -3.]
 [-3. -3.]
 [-3. -3.]
 [-3. -3.]
 [-3. -3.]
 [-3. -3.]
 [-3. -3.]
 [-3. -3.]
 [-3. -3.]
 [-3. -3.]
 [-3. -3.]
 [-3. -3.]
 [-3. -3.]
 [-3. -3.]
 [-3. -3.]
 [-3. -3.]
 [-3. -3.]
 [-3. -3.]
 [-3. -3.]
 [-3. -3.]
 [-3. -3.]
 [-3. -3.]
 [-3. -3.]
 [-3. -3.]
 [-3. -3.]
 [-3. -3.]
 [-3. -3.]
 [-3. -3.]
 [-3. -3.]
 [-3. -3.]
 [-3. -3.]
 [-3. -3.]
 [-3. -3.]
 [-3. -3.]
 [-3. -3.]
 [-3. -3.]
 [-3. -3.]
 [-3. -3.]
 [-3. -3.]
 [-3. -3.]
 [-3. -3.]
 [-3. -3.]
 [-3. -3.]
 [-3. -3.]
 [-3. -3.]
 [-3. -3.]
 [-3. -3.]
 [-3. -3.]
 [-3. -3.]
 [-3. -3.]
 [-3. -3.]
 [-3. -3.]
 [-3. -3.]
 [-3. -3.]
 [-3. -3.]
 [-3. -3.]
 [-3. -3.]
 [-3. -3.]
 [-3. -3.]
 [-3. -3.]
 [-3. -3.]
 [-3. -3.]
 [-3. -3.]
 [-3. -3.]
 [-3. -3.]
 [-3. -3.]
 [-3. -3.]
 [-3. -3.]
 [-3. -3.]
 [-3. -3.]
 [-3. -3.]
 [-3. -3.]
 [-3. -3.]
 [-3. -3.]
 [-3. -3.]
 [-3. -3.]
 [-3. -3.]
 [-3. -3.]
 [-3. -3.]
 [-3. -3.]
 [-3. -3.]
 [-3. -3.]
 [-3. -3.]
 [-3. -3.]
 [-3. -3.]
 [-3. -3.]
 [-3. -3.]
 [-3. -3.]
 [-3. -3.]
 [-3. -3.]
 [-3. -3.]
 [-3. -3.]
 [-3. -3.]
 [-3. -3.]
 [-3. -3.]
 [-3. -3.]
 [-3. -3.]
 [-3. -3.]
 [-3. -3.]
 [-3. -3.]
 [-3. -3.]
 [-3. -3.]
 [-3. -3.]
 [-3. -3.]
 [-3. -3.]
 [-3. -3.]
 [-3. -3.]
 [-3. -3.]
 [-3. -3.]
 [-3. -3.]
 [-3. -3.]
 [-3. -3.]
 [-3. -3.]
 [-3. -3.]
 [-3. -3.]
 [-3. -3.]
 [-3. -3.]
 [-3. -3.]
 [-3. -3.]
 [-3. -3.]
 [-3. -3.]
 [-3. -3.]
 [-3. -3.]
 [-3. -3.]
 [-3. -3.]
 [-3. -3.]
 [-3. -3.]
 [-3. -3.]
 [-3. -3.]
 [-3. -3.]
 [-3. -3.]
 [-3. -3.]
 [-3. -3.]
 [-3. -3.]
 [-3. -3.]
 [-3. -3.]
 [-3. -3.]
 [-3. -3.]
 [-3. -3.]
 [-3. -3.]
 [-3. -3.]
 [-3. -3.]
 [-3. -3.]
 [-3. -3.]
 [-3. -3.]
 [-3. -3.]
 [-3. -3.]
 [-3. -3.]
 [-3. -3.]
 [-3. -3.]
 [-3. -3.]
 [-3. -3.]
 [-3. -3.]
 [-3. -3.]
 [-3. -3.]
 [-3. -3.]
 [-3. -3.]
 [-3. -3.]
 [-3. -3.]
 [-3. -3.]
 [-3. -3.]
 [-3. -3.]
 [-3. -3.]
 [-3. -3.]
 [-3. -3.]
 [-3. -3.]
 [-3. -3.]
 [-3. -3.]
 [-3. -3.]
 [-3. -3.]
 [-3. -3.]
 [-3. -3.]
 [-3. -3.]
 [-3. -3.]
 [-3. -3.]
 [-3. -3.]
 [-3. -3.]
 [-3. -3.]
 [-3. -3.]
 [-3. -3.]
 [-3. -3.]
 [-3. -3.]
 [-3. -3.]]
