Baseline:
[1.4202421 1.4101208 1.4379297 1.4359483 1.394714  1.385379  1.3401076
 1.3366919 1.3255422 1.3316869 1.3288504 1.3334409 1.33003   1.2993208
 1.3303064 1.3108054 1.3304505 1.305962  1.3243513 1.3382236 1.33873
 1.3456568 1.350667  1.371662  1.3714156 1.3627355 1.3776336 1.3587343
 1.373786  1.3781527 1.3790401 1.3623441 1.3224741 1.3095217 1.346612
 1.3366996 1.3336235 1.343568  1.3434519 1.3736054 1.3797562 1.3805324
 1.4172448 1.4033097 1.4123571 1.3919932 1.3864658 1.3850579 1.3608514
 1.3905071 1.3646468 1.3372419 1.3298799 1.3207229 1.3445507 1.3280047
 1.3383611 1.3333642 1.3210522 1.3349471 1.3307498 1.3445998 1.3547748
 1.3490162 1.3313955 1.3072242 1.2973676 1.2767378 1.2551769 1.250552
 1.2166007 1.212023  1.2090888 1.1966468 1.191565  1.2077689 1.2046361
 1.2291201 1.250152  1.2708207 1.2880794 1.2917951 1.2856288 1.294686
 1.3015754 1.3066293 1.3124778 1.2955884 1.2774915 1.3123585 1.3420802
 1.3949485 1.4289839 1.4208273 1.4087616 1.4281707 1.4300963 1.4603674
 1.4778999 1.4663867 1.4676285 1.4912509 1.5021521 1.4837139 1.5015544
 1.4934074 1.4766753 1.4529418 1.4523057 1.4620305 1.4607671 1.4762658
 1.4554247 1.4421154 1.4082417 1.3881537 1.3756857 1.3325382 1.3132604
 1.2857691 1.2719193 1.2800132 1.2727562 1.2610174 1.2267298 1.1414516
 1.1103795 1.104805  1.0973305 1.1161903 1.1044819 1.0984656 1.069161
 1.0700277 1.0491506 1.0449802 1.0753547 1.0869292 1.131147  1.1286323
 1.1427547 1.1474712 1.1463634 1.1512777 1.1603668 1.1560994 1.1806935
 1.1737268 1.2126256 1.2450931 1.2722354 1.2744118 1.3052899 1.3047094
 1.3233136 1.3292902 1.3569704 1.3621124 1.3510675 1.3395205 1.3363043
 1.3363141 1.3175955 1.2942456 1.2945956 1.2743229 1.2887299 1.268899
 1.2897036 1.28177   1.294244  1.279025  1.2921611 1.342461  1.355546
 1.3812435 1.3964359 1.4129244 1.4562236 1.4801986 1.4989662 1.5390004
 1.5555061 1.5643562 1.5512117 1.5546352 1.5557791 1.5547694 1.5664426
 1.5746279 1.5602428 1.5509449 1.5538719 1.5471343 1.5411848 1.5374757
 1.5179018 1.4874948 1.4864842 1.4773866 1.4773866]
Returns:
[8.59416258 8.6019238  8.52681735 8.59346593 8.50335166 8.50629041
 8.24059446 8.28901562 8.34778105 8.37203282 8.44141398 8.48927365
 8.48726929 8.46931512 8.36437144 8.27410393 8.25451486 8.23860309
 8.13558487 7.91950965 7.81913882 7.83411867 7.84652302 7.76250074
 7.82587078 7.9213504  7.73404427 7.78675483 7.84045406 7.85825113
 7.92787537 8.01716224 7.85778213 7.93662517 7.72147083 7.7295772
 7.72464707 7.72885413 7.66563617 7.54931778 7.54268521 7.62512402
 7.22686922 7.27934875 7.30880381 7.18809528 7.17121175 7.22232659
 7.2383552  7.07514064 7.05801784 7.06163866 7.14223411 7.21794808
 7.12710767 7.19339338 7.22455615 7.2359656  7.33247217 7.35999806
 7.18941012 7.17335083 7.21490059 7.22500215 7.17162212 7.18410036
 7.12511806 7.22780396 7.31262487 7.42299482 7.46047186 7.5737874
 7.68903564 7.8687413  8.00386851 7.9675936  8.06232141 7.72230272
 7.81776741 7.9538691  7.89042889 8.01553217 8.1092683  8.17111943
 8.30215233 8.28813169 8.40087628 8.43124502 8.32641205 8.19904632
 8.13043981 7.81953892 7.78085611 7.74906182 7.54872033 7.56060101
 7.59582625 7.54335925 7.56029214 7.49528366 7.52686324 7.47526479
 7.47724201 7.42526376 7.10878234 6.97404411 6.95604083 6.90572525
 6.89433551 6.65009273 6.48993794 6.0882314  6.08484627 6.02706299
 5.96696052 5.97644024 5.83642363 5.74413581 5.78733    5.76234049
 5.81726934 5.77288353 5.60457091 5.64323656 5.4563317  5.53060729
 5.62312548 5.70396767 5.78706645 5.79341508 5.87883188 5.98911067
 5.88132892 5.89429423 5.85863854 5.91327713 5.9705953  6.06768137
 5.94128502 5.97987565 6.05073812 6.09534467 5.70929716 5.71644631
 5.73813975 5.75666449 5.70851882 5.55467658 5.39982782 5.32290105
 5.30203918 5.28119642 5.23314709 5.00792874 4.95407043 5.00953948
 4.90698977 4.9175097  5.00045058 5.04171936 5.16061003 5.23446561
 5.30223571 5.17233408 5.24585753 5.15888282 5.25106565 5.17336981
 5.24730991 5.2503847  5.2769386  4.81968871 4.69301529 4.56657172
 4.37525352 4.35185372 4.20457833 4.14736458 3.99714554 3.91589654
 3.85443927 3.47841214 3.33192334 3.20946195 3.00503778 2.89539763
 2.76634194 2.59868335 2.41669528 2.18662006 2.06515633 1.93282747
 1.70990106 1.59309917 1.44116709 1.29808081 1.0879437  0.70840135
 0.54973556 0.22039515]
Advants:
[4.66467813 4.69123215 4.5945442  4.67205465 4.63129991 4.65277059
 4.43550918 4.4923818  4.569924   4.59686791 4.68090869 4.73834651
 4.75517207 4.78505408 4.66350686 4.60615897 4.58027304 4.60360042
 4.4944451  4.27068194 4.17339584 4.18559491 4.19771703 4.09458252
 4.16220971 4.27394328 4.07370442 4.14966172 4.19422232 4.21448472
 4.29276147 4.4123749  4.30396031 4.41063542 4.16673667 4.19436968
 4.20289136 4.20823618 4.15520902 4.01513997 4.00890948 4.1002089
 3.66224678 3.72746552 3.74720658 3.64303512 3.62717485 3.67643428
 3.71437259 3.51304468 3.51287418 3.53519274 3.61642151 3.69661544
 3.57332554 3.64936286 3.66343944 3.67305029 3.77785998 3.78756211
 3.61176176 3.57071597 3.5909761  3.59526548 3.54584349 3.56880014
 3.50329574 3.61265126 3.70717375 3.81285568 3.87638683 3.98935622
 4.10585066 4.30210915 4.45111552 4.4065605  4.51604654 4.15288621
 4.23107798 4.35416006 4.27926614 4.41070739 4.52460977 4.59422909
 4.74047051 4.74478663 4.88037192 4.96022492 4.90617784 4.77440121
 4.70608239 4.36362861 4.31179235 4.31008461 4.13978393 4.15152898
 4.20677387 4.14529159 4.16773997 4.13760164 4.19422436 4.14520104
 4.16443023 4.16040443 3.84777107 3.74080099 3.76078311 3.75644258
 3.76949259 3.53350173 3.3892043  2.97493313 2.99611286 2.95430429
 2.93015691 2.96289789 2.834848   2.78364371 2.84580813 2.84805363
 2.91868137 2.86658509 2.70096447 2.74797388 2.58695241 2.7423206
 2.86519114 2.95349938 3.04892661 3.04129588 3.1467211  3.27562029
 3.20839358 3.23307535 3.23149473 3.30644481 3.35173785 3.45980661
 3.30839457 3.3716091  3.45409661 3.52316108 3.15797584 3.18171708
 3.21804957 3.26729615 3.22101478 3.09830898 2.92479798 2.83398084
 2.80465169 2.80118643 2.74103759 2.52983041 2.46970169 2.53410934
 2.41603736 2.4347752  2.54616576 2.61950266 2.7676551  2.87204929
 2.99436357 2.92339382 3.03744348 3.01303694 3.13911665 3.13188082
 3.24160168 3.31435625 3.39587776 3.01336276 2.933815   2.81700063
 2.67130981 2.68440806 2.58440939 2.57621821 2.44780678 2.40998138
 2.40041547 2.04816441 1.94937503 1.88367702 1.75768426 1.71197234
 1.65083506 1.55397778 1.43006393 1.26012353 1.22387324 1.17389933
 1.02034126 0.98532679 0.91627251 0.85606628 0.7455246  0.47242967
 0.39241671 0.14652574]
Mus:
[[-1.60569027e-02 -5.60100051e-03]
 [-1.69744324e-02 -6.43495377e-03]
 [-1.62821487e-02 -5.97467227e-03]
 [-1.61705893e-02 -5.94503246e-03]
 [-1.55612165e-02 -5.79481293e-03]
 [-1.54870413e-02 -6.34388952e-03]
 [-1.28648700e-02 -5.13737276e-03]
 [-1.25095369e-02 -5.21257892e-03]
 [-1.16226822e-02 -5.08586410e-03]
 [-1.12461029e-02 -5.37056522e-03]
 [-1.06519582e-02 -5.53599186e-03]
 [-9.87021066e-03 -5.25449496e-03]
 [-8.25473107e-03 -4.37638490e-03]
 [-6.45504240e-03 -4.18953085e-03]
 [-7.49557558e-03 -4.88014985e-03]
 [-4.57137870e-03 -3.37297097e-03]
 [-4.69718454e-03 -3.32462206e-03]
 [-3.22051370e-03 -2.61757802e-03]
 [-5.24629932e-03 -2.83162342e-03]
 [-8.47645197e-03 -3.27655952e-03]
 [-1.09835807e-02 -3.70485475e-03]
 [-1.04586221e-02 -4.04730346e-03]
 [-1.13395816e-02 -4.30493802e-03]
 [-1.29216118e-02 -4.61554294e-03]
 [-1.23631302e-02 -4.88259876e-03]
 [-1.26543287e-02 -5.08807646e-03]
 [-1.49474395e-02 -5.34351170e-03]
 [-1.56477634e-02 -5.61795803e-03]
 [-1.59927662e-02 -6.00573281e-03]
 [-1.65696274e-02 -6.76011946e-03]
 [-1.68823283e-02 -6.76209619e-03]
 [-1.72219016e-02 -7.20697222e-03]
 [-1.68404598e-02 -6.75334921e-03]
 [-1.71796028e-02 -7.29870657e-03]
 [-1.83938425e-02 -8.10904521e-03]
 [-1.90946124e-02 -8.95615667e-03]
 [-1.74335390e-02 -7.94850755e-03]
 [-1.82106812e-02 -8.71035457e-03]
 [-1.64259691e-02 -7.51172332e-03]
 [-1.64637845e-02 -7.27615738e-03]
 [-1.61941610e-02 -6.82213670e-03]
 [-1.63648687e-02 -6.92228228e-03]
 [-1.68576147e-02 -6.31158799e-03]
 [-1.72118973e-02 -6.54762844e-03]
 [-1.80064533e-02 -6.84495131e-03]
 [-1.85740348e-02 -6.58016745e-03]
 [-1.95410717e-02 -6.63317507e-03]
 [-2.06176601e-02 -7.41335098e-03]
 [-2.14218907e-02 -7.95303378e-03]
 [-2.21349299e-02 -8.00650008e-03]
 [-2.30627134e-02 -8.25248659e-03]
 [-2.38325428e-02 -8.63521080e-03]
 [-2.50481479e-02 -9.25813708e-03]
 [-2.58813296e-02 -9.89470817e-03]
 [-2.69927830e-02 -1.04405582e-02]
 [-2.75057741e-02 -1.08952988e-02]
 [-2.77023949e-02 -1.10060507e-02]
 [-2.72763893e-02 -1.06065823e-02]
 [-2.78058145e-02 -1.10762799e-02]
 [-2.79871151e-02 -1.11666154e-02]
 [-2.71503013e-02 -1.03150373e-02]
 [-2.80541573e-02 -1.08774202e-02]
 [-2.85548884e-02 -1.12260925e-02]
 [-2.79531777e-02 -1.07360184e-02]
 [-2.76594777e-02 -1.03244381e-02]
 [-2.76898257e-02 -1.01974746e-02]
 [-2.68112905e-02 -9.52567905e-03]
 [-2.76032239e-02 -9.94576234e-03]
 [-2.91366782e-02 -1.09159155e-02]
 [-3.01051196e-02 -1.12294769e-02]
 [-2.99827531e-02 -1.16688330e-02]
 [-3.20066437e-02 -1.25412308e-02]
 [-3.29953358e-02 -1.28324032e-02]
 [-3.33736129e-02 -1.31588522e-02]
 [-3.49435322e-02 -1.40774390e-02]
 [-3.79699171e-02 -1.55570870e-02]
 [-3.94158550e-02 -1.67066157e-02]
 [-4.09465879e-02 -1.86759215e-02]
 [-3.88947427e-02 -1.85419228e-02]
 [-3.62607315e-02 -1.77924689e-02]
 [-3.31941880e-02 -1.61555689e-02]
 [-2.92157996e-02 -1.45470342e-02]
 [-2.48387437e-02 -1.28271729e-02]
 [-2.19717845e-02 -1.14626968e-02]
 [-2.01238990e-02 -1.09974481e-02]
 [-1.78159028e-02 -1.10362237e-02]
 [-1.40270153e-02 -1.02321748e-02]
 [-8.13111383e-03 -8.43386445e-03]
 [-1.94100582e-03 -5.40722348e-03]
 [-3.26609181e-04 -4.02279384e-03]
 [ 9.16767458e-04 -2.92324345e-03]
 [ 7.44310964e-04 -3.04652727e-03]
 [ 2.46890285e-03 -2.13542324e-03]
 [ 4.98454832e-03 -5.02311508e-04]
 [ 4.80052503e-03  4.33159206e-04]
 [ 5.19859558e-03  5.43806585e-04]
 [ 6.23682514e-03  4.21053439e-04]
 [ 6.67903805e-03  8.39325658e-04]
 [ 7.08287396e-03  1.05063210e-03]
 [ 7.61586195e-03  1.88498187e-03]
 [ 8.01468920e-03  1.91044423e-03]
 [ 8.13769456e-03  1.81229040e-03]
 [ 7.94794504e-03  1.75618881e-03]
 [ 7.43609108e-03  1.12580589e-03]
 [ 6.21784152e-03  2.24115756e-05]
 [ 7.09140161e-03  9.58746357e-04]
 [ 7.86166545e-03  1.43139204e-03]
 [ 8.62548687e-03  1.99558400e-03]
 [ 8.65316298e-03  2.23734160e-03]
 [ 6.66066306e-03  4.27866995e-04]
 [ 6.71718409e-03  1.27621507e-03]
 [ 5.83582418e-03  1.19488512e-03]
 [ 3.78248771e-03  3.12833203e-04]
 [ 1.36906514e-03 -4.86353092e-04]
 [-2.81926547e-03 -2.34504882e-03]
 [-4.45186067e-03 -2.80428678e-03]
 [-5.55283017e-03 -2.92603066e-03]
 [-6.60959305e-03 -2.86668749e-03]
 [-8.44682567e-03 -3.42365145e-03]
 [-1.18408538e-02 -4.99458611e-03]
 [-1.42646600e-02 -6.10572100e-03]
 [-1.64729822e-02 -7.04951677e-03]
 [-2.29763929e-02 -1.01901963e-02]
 [-2.55736131e-02 -1.12497648e-02]
 [-3.12471613e-02 -1.42532978e-02]
 [-2.55577359e-02 -1.10435244e-02]
 [-1.75073463e-02 -7.26605952e-03]
 [-1.62222274e-02 -7.01084873e-03]
 [-1.31013971e-02 -5.83808916e-03]
 [-1.31751504e-02 -5.94072416e-03]
 [-9.81415529e-03 -4.64648288e-03]
 [-7.31419493e-03 -3.87714431e-03]
 [ 9.25869608e-05 -7.91226747e-04]
 [ 4.20895405e-03  1.26111403e-03]
 [ 7.77670881e-03  3.29010515e-03]
 [ 1.04904110e-02  4.82360553e-03]
 [ 1.15349712e-02  4.77189478e-03]
 [ 1.24603584e-02  5.02089132e-03]
 [ 1.24324346e-02  5.28330402e-03]
 [ 1.35339545e-02  6.17499230e-03]
 [ 1.38185890e-02  6.32543024e-03]
 [ 1.39213447e-02  6.41107699e-03]
 [ 1.39731597e-02  5.13117062e-03]
 [ 1.49123920e-02  5.95310843e-03]
 [ 1.49482200e-02  5.76299895e-03]
 [ 1.57029573e-02  6.08801330e-03]
 [ 1.49420248e-02  5.10775205e-03]
 [ 1.65439248e-02  6.87379204e-03]
 [ 1.59241576e-02  5.66577958e-03]
 [ 1.47923613e-02  4.77230502e-03]
 [ 1.52446888e-02  5.21213515e-03]
 [ 1.42699620e-02  4.44880826e-03]
 [ 1.37718711e-02  4.10616957e-03]
 [ 1.82493497e-02  7.11020688e-03]
 [ 1.70920342e-02  6.10057032e-03]
 [ 1.84006225e-02  7.00112153e-03]
 [ 1.99792441e-02  7.62488507e-03]
 [ 2.18171384e-02  8.87596980e-03]
 [ 2.12834943e-02  8.82152840e-03]
 [ 1.85227022e-02  7.33415177e-03]
 [ 1.75989456e-02  6.86951308e-03]
 [ 1.92983411e-02  7.87848607e-03]
 [ 1.95244383e-02  8.44743289e-03]
 [ 1.81189720e-02  8.70031584e-03]
 [ 1.87209882e-02  9.44000855e-03]
 [ 1.47484085e-02  7.67193967e-03]
 [ 1.48359416e-02  7.64796790e-03]
 [ 1.28365643e-02  7.37938238e-03]
 [ 1.22775044e-02  7.05263903e-03]
 [ 1.19582592e-02  7.53247319e-03]
 [ 1.28397150e-02  8.38915724e-03]
 [ 1.49888787e-02  1.02026686e-02]
 [ 1.61203369e-02  1.11667858e-02]
 [ 1.47630600e-02  1.08595919e-02]
 [ 1.38184838e-02  1.08889602e-02]
 [ 1.38372164e-02  1.07326424e-02]
 [ 1.41680883e-02  1.01184435e-02]
 [ 1.33682806e-02  9.36051644e-03]
 [ 1.12480270e-02  8.37244559e-03]
 [ 1.01042408e-02  7.87477009e-03]
 [ 8.53291620e-03  7.06365937e-03]
 [ 8.30572098e-03  7.08786817e-03]
 [ 7.82981422e-03  6.68728119e-03]
 [ 7.33847730e-03  6.34561665e-03]
 [ 6.64119981e-03  5.96212689e-03]
 [ 6.65137917e-03  5.92690986e-03]
 [ 5.65907452e-03  5.25014522e-03]
 [ 5.62975695e-03  5.22702606e-03]
 [ 5.35960542e-03  5.22744842e-03]
 [ 4.25379723e-03  4.55915788e-03]
 [ 3.52660194e-03  4.00416693e-03]
 [ 2.31555686e-03  3.24308686e-03]
 [ 2.62300856e-03  3.54507915e-03]
 [ 1.61870127e-03  2.93663610e-03]
 [ 5.68468880e-04  2.24589370e-03]
 [-4.43786295e-04  1.66742771e-03]
 [-1.07751263e-03  1.15372054e-03]
 [-2.99489591e-03 -6.86213534e-05]
 [-4.39704396e-03 -6.55070180e-04]
 [-4.37692599e-03 -4.67335369e-04]]
Actions:
[[-2.76903667e-01  1.33952940e-01]
 [ 2.65920256e-01  1.51982080e-01]
 [-4.31645360e-02  2.09633461e-03]
 [-3.05894385e-01 -3.02036734e-01]
 [-2.83589387e-01  1.68515776e-01]
 [-1.44363459e-01 -5.48260051e-01]
 [-2.35104036e-02  3.07555511e-02]
 [-7.69796162e-02 -4.46687453e-02]
 [-5.37019122e-02  2.36139022e-01]
 [-1.16371669e-01  1.10580312e-01]
 [ 7.94786623e-02  2.91618907e-02]
 [ 1.39086476e-01 -1.60791073e-01]
 [-3.37045722e-01 -1.30615634e-01]
 [ 1.08288451e-01  4.03307816e-01]
 [ 7.31250555e-02 -3.66732486e-01]
 [ 1.96482128e-01  1.06462018e-01]
 [-7.32776164e-02 -3.15784401e-01]
 [ 3.42186191e-01 -6.57155763e-02]
 [ 4.10034362e-01 -1.70930954e-01]
 [ 2.86706348e-01 -1.36745296e-01]
 [-1.17288072e-01  2.59063327e-01]
 [ 1.09923413e-01  4.71937256e-02]
 [ 3.10321596e-01  1.15090664e-01]
 [-1.88485306e-01  1.81404755e-01]
 [-1.01631025e-01 -3.90097306e-02]
 [ 4.06054589e-01 -1.11876520e-01]
 [-1.26912858e-01 -1.57266958e-01]
 [ 2.32138684e-02  2.30810562e-01]
 [-2.14964934e-01  2.67234965e-01]
 [ 3.97134352e-02 -5.03378489e-02]
 [-2.51214381e-01 -8.85727118e-03]
 [-1.24026128e-01 -4.95238904e-01]
 [-2.37516062e-01  7.81000409e-02]
 [ 1.65124769e-01  5.11171228e-01]
 [-3.27555390e-01  1.92612932e-01]
 [ 1.20678220e-01 -2.25197221e-01]
 [-1.12855865e-01  3.06717663e-01]
 [ 1.73067642e-01 -2.55322623e-01]
 [ 3.00125105e-01  1.67445675e-01]
 [ 1.50226265e-01 -1.17558190e-01]
 [-2.87330142e-02  1.88067393e-02]
 [ 5.86603290e-01 -5.24683994e-02]
 [-1.92058397e-01 -7.40555744e-02]
 [ 5.98487799e-02  9.40327043e-02]
 [ 4.39793855e-02 -3.87861703e-01]
 [ 1.24453624e-01 -1.34348153e-01]
 [-1.58454431e-01  1.25639252e-01]
 [-2.63771070e-01 -1.23012828e-01]
 [ 3.34973118e-01  2.17842004e-01]
 [-1.54231145e-01 -2.61704784e-01]
 [-1.95863924e-01 -1.99705318e-01]
 [-8.21276613e-02  3.46425516e-02]
 [-1.93732413e-01  8.74359704e-02]
 [ 1.29928618e-01  3.44902378e-01]
 [-2.49510008e-01 -2.33646562e-03]
 [ 6.92707693e-02  1.32717387e-01]
 [ 8.64490045e-02 -1.90330857e-01]
 [-2.14303766e-01  4.49863844e-02]
 [ 1.06559619e-01  1.59696947e-01]
 [ 2.43470485e-01 -3.52982493e-01]
 [ 7.91167514e-05  3.00209448e-01]
 [-2.25782602e-02  2.10965448e-01]
 [ 5.44398809e-02 -2.37351478e-01]
 [ 2.46890674e-02 -3.42417362e-01]
 [-2.08420880e-02 -2.85092519e-01]
 [ 1.83945275e-01 -2.61281851e-01]
 [-1.22723205e-01 -1.11676054e-01]
 [-2.72218688e-01  6.32726478e-02]
 [ 8.19380874e-02  3.55213261e-02]
 [-4.49639626e-01 -2.82095294e-02]
 [-2.35261763e-02  1.86063173e-01]
 [ 9.99569532e-02  4.76138863e-02]
 [-1.55629013e-01  3.25725431e-02]
 [-2.19441914e-01  1.93615634e-01]
 [-3.16801538e-02  4.60192576e-01]
 [-2.88087752e-01  2.42048977e-01]
 [-4.39249559e-01  6.32234061e-01]
 [-7.60813270e-02  2.80605510e-01]
 [ 4.08654104e-02  1.56910493e-01]
 [ 3.49456193e-01 -8.82841169e-02]
 [ 1.27813910e-02 -1.49998969e-01]
 [-9.00146211e-02 -2.48468441e-01]
 [ 1.74654458e-01 -9.29342613e-02]
 [-5.94813970e-02  1.24235995e-01]
 [-3.87407554e-01  2.98825226e-01]
 [-2.44734257e-01  1.43427821e-01]
 [-3.69658613e-01 -1.81539623e-01]
 [ 1.58064849e-02 -4.95941235e-01]
 [ 4.16217545e-01  2.76444868e-02]
 [ 3.57035494e-01  1.91723364e-02]
 [ 3.24655165e-01  5.11481391e-01]
 [ 2.52572928e-01  1.88607194e-01]
 [ 5.17995715e-02 -3.48216608e-01]
 [ 1.72015496e-01 -4.68015626e-01]
 [ 9.43516384e-02  1.90983209e-01]
 [-1.75709906e-01  1.98064395e-01]
 [ 2.41639391e-01  1.90203022e-01]
 [ 1.18394746e-01  1.48455509e-01]
 [ 1.03036998e-01 -2.83470394e-01]
 [-3.36569900e-02  6.56237408e-02]
 [ 1.20428877e-01  2.85876561e-01]
 [ 1.04371260e-01  1.66242019e-01]
 [-3.01469420e-01 -2.44316811e-02]
 [-1.31158258e-02  6.04221004e-01]
 [ 1.61147728e-01 -3.19897444e-01]
 [-4.16835262e-02 -1.57321930e-01]
 [-7.01615755e-02 -2.44198794e-01]
 [ 1.15286863e-01  7.78406760e-03]
 [-1.22289988e-01  5.09850756e-01]
 [ 3.48931732e-01 -7.47744500e-02]
 [ 4.60975372e-01  3.77470907e-01]
 [-4.14067136e-02 -5.33213420e-02]
 [ 4.73422243e-02  2.52940936e-01]
 [-2.33116536e-01  1.69989243e-01]
 [ 9.31523446e-02  3.08893666e-02]
 [ 1.78175088e-01 -3.52456781e-01]
 [-9.64645780e-02 -3.54141171e-01]
 [-5.48293679e-02 -8.97040121e-02]
 [-3.04602346e-01 -2.97238163e-02]
 [-1.23473429e-01  6.86692835e-02]
 [ 1.25570042e-01  2.91529061e-01]
 [-3.41725239e-01  4.04586304e-01]
 [-6.46838519e-02  2.24283961e-01]
 [-5.74089941e-01  5.54021156e-02]
 [-2.16963677e-01 -6.13621480e-02]
 [ 2.38004840e-02 -6.40204797e-02]
 [-1.27932065e-01  1.43972881e-01]
 [-5.76930809e-02 -1.45257699e-01]
 [ 2.18034383e-01  2.15372278e-01]
 [-9.77989787e-02 -1.93522711e-01]
 [-1.64223611e-01 -7.31226087e-02]
 [-1.96515920e-01 -4.65189619e-01]
 [ 2.46903098e-01 -1.53357927e-01]
 [ 4.51483628e-02 -3.79119765e-01]
 [ 9.07675029e-02 -1.93490429e-01]
 [-8.97666122e-02  2.22289924e-01]
 [-1.02342053e-01  3.49278128e-02]
 [ 4.19693753e-01  1.80798153e-01]
 [-1.71047391e-02 -2.13213672e-01]
 [-3.92957948e-02 -4.81814181e-03]
 [-1.37265165e-01 -7.26062268e-02]
 [-6.37671025e-01  2.68706771e-01]
 [ 3.55970616e-02 -1.48534250e-01]
 [-1.40699655e-01  8.29159812e-02]
 [-1.62433599e-01 -7.50375032e-02]
 [-1.06811146e-01  3.08637909e-01]
 [ 1.65170663e-01 -3.79266139e-01]
 [-1.63476223e-01  4.23060274e-01]
 [-5.00874985e-02  3.49092553e-01]
 [ 2.00716034e-01  1.71177989e-01]
 [-2.74524803e-01  1.41749721e-01]
 [ 1.17058390e-01  3.42825981e-01]
 [ 3.52340925e-01 -3.40195558e-01]
 [-1.26429887e-01  3.61942290e-01]
 [ 1.14993750e-01 -1.88740530e-02]
 [ 2.68635781e-01  3.46005128e-01]
 [ 2.50019991e-01 -1.99356474e-02]
 [-6.53559074e-02 -9.79237143e-02]
 [-2.61244360e-01  1.25665372e-01]
 [-5.78040117e-02  1.21295363e-01]
 [ 2.34911347e-01  8.01627803e-02]
 [ 6.45399654e-03 -2.40493417e-01]
 [-5.46594755e-02 -4.90876344e-01]
 [ 1.36677830e-01 -1.71824761e-01]
 [-4.49327178e-01 -1.64461007e-01]
 [ 7.39661399e-02  1.73230643e-01]
 [-2.21336636e-01 -4.00670686e-01]
 [ 9.92208938e-02  1.95423552e-01]
 [-3.41243173e-02 -3.33540773e-01]
 [ 1.63926209e-01 -2.00109048e-01]
 [-6.93683464e-02 -7.16990468e-01]
 [ 1.06627195e-01 -3.98288328e-01]
 [ 3.43991409e-01  2.94846982e-02]
 [ 1.18548154e-01 -3.88451340e-01]
 [-4.95089259e-03 -9.24243907e-02]
 [-3.42948892e-01  2.24037786e-01]
 [-2.10065549e-01  9.87360775e-02]
 [ 2.43431859e-01  1.98085205e-01]
 [ 1.33911264e-01 -1.68804198e-02]
 [-6.35567777e-04  1.44832974e-01]
 [ 4.85084644e-01  5.33627620e-02]
 [ 8.23506110e-02  2.78679297e-01]
 [ 7.96294299e-02  2.27487572e-01]
 [-1.90928024e-01 -2.64281088e-01]
 [ 6.21713752e-02 -9.38293126e-02]
 [-4.66630705e-02  2.16569693e-01]
 [-3.77330668e-03 -2.19145103e-01]
 [ 2.20404611e-01 -6.36899105e-02]
 [ 9.11900307e-02  3.86699709e-01]
 [-1.84166985e-01 -1.58261602e-02]
 [-1.48142683e-01  1.39876770e-01]
 [ 1.18506700e-01 -2.51952642e-01]
 [-8.55714572e-02  9.80854851e-02]
 [-1.03339855e-01  2.24652291e-01]
 [-6.11604702e-02  1.90803551e-01]
 [-2.85861579e-01 -1.17916215e-01]
 [-5.15504259e-01 -5.74508419e-02]
 [-9.04708361e-02  1.98571985e-02]
 [-1.05678317e-01 -3.67494998e-01]
 [-2.12726560e-01  5.46972711e-02]]
States:
[[0.99881724 0.99961022 0.47462992 0.51899947 0.5131018  0.5968525 ]
 [0.99840637 0.99949559 0.46902127 0.52161213 0.44207855 0.63199065]
 [0.99792768 0.99903887 0.46334194 0.52982635 0.51166748 0.67110221]
 ...
 [0.07873427 0.94721298 0.79147705 0.28434171 0.31476931 0.50710298]
 [0.09744013 0.94095742 0.81813595 0.27261687 0.29548895 0.51409848]
 [0.11993953 0.93090163 0.84601262 0.25522944 0.27272457 0.41944767]]
Logstds:
[[-3. -3.]
 [-3. -3.]
 [-3. -3.]
 [-3. -3.]
 [-3. -3.]
 [-3. -3.]
 [-3. -3.]
 [-3. -3.]
 [-3. -3.]
 [-3. -3.]
 [-3. -3.]
 [-3. -3.]
 [-3. -3.]
 [-3. -3.]
 [-3. -3.]
 [-3. -3.]
 [-3. -3.]
 [-3. -3.]
 [-3. -3.]
 [-3. -3.]
 [-3. -3.]
 [-3. -3.]
 [-3. -3.]
 [-3. -3.]
 [-3. -3.]
 [-3. -3.]
 [-3. -3.]
 [-3. -3.]
 [-3. -3.]
 [-3. -3.]
 [-3. -3.]
 [-3. -3.]
 [-3. -3.]
 [-3. -3.]
 [-3. -3.]
 [-3. -3.]
 [-3. -3.]
 [-3. -3.]
 [-3. -3.]
 [-3. -3.]
 [-3. -3.]
 [-3. -3.]
 [-3. -3.]
 [-3. -3.]
 [-3. -3.]
 [-3. -3.]
 [-3. -3.]
 [-3. -3.]
 [-3. -3.]
 [-3. -3.]
 [-3. -3.]
 [-3. -3.]
 [-3. -3.]
 [-3. -3.]
 [-3. -3.]
 [-3. -3.]
 [-3. -3.]
 [-3. -3.]
 [-3. -3.]
 [-3. -3.]
 [-3. -3.]
 [-3. -3.]
 [-3. -3.]
 [-3. -3.]
 [-3. -3.]
 [-3. -3.]
 [-3. -3.]
 [-3. -3.]
 [-3. -3.]
 [-3. -3.]
 [-3. -3.]
 [-3. -3.]
 [-3. -3.]
 [-3. -3.]
 [-3. -3.]
 [-3. -3.]
 [-3. -3.]
 [-3. -3.]
 [-3. -3.]
 [-3. -3.]
 [-3. -3.]
 [-3. -3.]
 [-3. -3.]
 [-3. -3.]
 [-3. -3.]
 [-3. -3.]
 [-3. -3.]
 [-3. -3.]
 [-3. -3.]
 [-3. -3.]
 [-3. -3.]
 [-3. -3.]
 [-3. -3.]
 [-3. -3.]
 [-3. -3.]
 [-3. -3.]
 [-3. -3.]
 [-3. -3.]
 [-3. -3.]
 [-3. -3.]
 [-3. -3.]
 [-3. -3.]
 [-3. -3.]
 [-3. -3.]
 [-3. -3.]
 [-3. -3.]
 [-3. -3.]
 [-3. -3.]
 [-3. -3.]
 [-3. -3.]
 [-3. -3.]
 [-3. -3.]
 [-3. -3.]
 [-3. -3.]
 [-3. -3.]
 [-3. -3.]
 [-3. -3.]
 [-3. -3.]
 [-3. -3.]
 [-3. -3.]
 [-3. -3.]
 [-3. -3.]
 [-3. -3.]
 [-3. -3.]
 [-3. -3.]
 [-3. -3.]
 [-3. -3.]
 [-3. -3.]
 [-3. -3.]
 [-3. -3.]
 [-3. -3.]
 [-3. -3.]
 [-3. -3.]
 [-3. -3.]
 [-3. -3.]
 [-3. -3.]
 [-3. -3.]
 [-3. -3.]
 [-3. -3.]
 [-3. -3.]
 [-3. -3.]
 [-3. -3.]
 [-3. -3.]
 [-3. -3.]
 [-3. -3.]
 [-3. -3.]
 [-3. -3.]
 [-3. -3.]
 [-3. -3.]
 [-3. -3.]
 [-3. -3.]
 [-3. -3.]
 [-3. -3.]
 [-3. -3.]
 [-3. -3.]
 [-3. -3.]
 [-3. -3.]
 [-3. -3.]
 [-3. -3.]
 [-3. -3.]
 [-3. -3.]
 [-3. -3.]
 [-3. -3.]
 [-3. -3.]
 [-3. -3.]
 [-3. -3.]
 [-3. -3.]
 [-3. -3.]
 [-3. -3.]
 [-3. -3.]
 [-3. -3.]
 [-3. -3.]
 [-3. -3.]
 [-3. -3.]
 [-3. -3.]
 [-3. -3.]
 [-3. -3.]
 [-3. -3.]
 [-3. -3.]
 [-3. -3.]
 [-3. -3.]
 [-3. -3.]
 [-3. -3.]
 [-3. -3.]
 [-3. -3.]
 [-3. -3.]
 [-3. -3.]
 [-3. -3.]
 [-3. -3.]
 [-3. -3.]
 [-3. -3.]
 [-3. -3.]
 [-3. -3.]
 [-3. -3.]
 [-3. -3.]
 [-3. -3.]
 [-3. -3.]
 [-3. -3.]
 [-3. -3.]
 [-3. -3.]]
