Baseline:
[0.5552006  0.5562659  0.5615688  0.5615418  0.56711525 0.5501165
 0.54723006 0.53880167 0.54884636 0.52355725 0.5361017  0.5253649
 0.5251401  0.5372572  0.5346932  0.5349898  0.53586733 0.53629506
 0.5520406  0.5428322  0.55756515 0.54796517 0.542484   0.536506
 0.549055   0.53478    0.52489    0.5199604  0.5200834  0.5105894
 0.5128791  0.5103251  0.4994596  0.4952992  0.46702418 0.47190675
 0.48575446 0.49836296 0.50187325 0.49113774 0.49919894 0.48855588
 0.48373196 0.47366247 0.4619025  0.45892623 0.44642115 0.44960552
 0.43589294 0.43571308 0.42747506 0.43922186 0.4459494  0.45328665
 0.45064965 0.46788868 0.48727247 0.51168287 0.50967664 0.5017626
 0.46867016 0.46035227 0.45931673 0.43168846 0.39226755 0.4042077
 0.38447914 0.3670182  0.3747045  0.3803735  0.41436276 0.43198946
 0.41489384 0.40192744 0.42299494 0.4046591  0.38775513 0.3961496
 0.4153652  0.4067263  0.39112958 0.3992838  0.42100084 0.40979958
 0.4175574  0.43049577 0.4425837  0.42846918 0.41898233 0.40020645
 0.378323   0.37478545 0.39640298 0.40589884 0.36628446 0.33843526
 0.32241517 0.31710163 0.3219355  0.33815995 0.31990626 0.29957488
 0.2951547  0.30244112 0.31832865 0.33348978 0.34407708 0.33061293
 0.34105524 0.35338035 0.36135867 0.35389444 0.34250534 0.34701663
 0.34403107 0.3426881  0.33408332 0.3640937  0.36216155 0.37449428
 0.37032306 0.36661896 0.35068342 0.37964207 0.395977   0.3922985
 0.3989564  0.4165453  0.40761057 0.41697732 0.43563125 0.43505484
 0.4720089  0.4780861  0.49052083 0.5017367  0.5094041  0.5238076
 0.56019443 0.5563593  0.55080813 0.57149625 0.557871   0.58206683
 0.57508045 0.5555082  0.55178404 0.551029   0.54340285 0.53129977
 0.5622137  0.56244946 0.56813014 0.5812183  0.5801027  0.59338945
 0.6111282  0.6174941  0.6271512  0.6174684  0.6172443  0.60341805
 0.61060464 0.59952956 0.5927715  0.5756002  0.58194065 0.57581484
 0.54829746 0.55410635 0.5400118  0.52490103 0.5138447  0.5199674
 0.48761484 0.45608118 0.42550454 0.40783438 0.38169572 0.3666204
 0.3637096  0.35851738 0.3404353  0.32357723 0.33853784 0.34137464
 0.33790234 0.31568933 0.32154414 0.31447682 0.31039315 0.3407289
 0.348081   0.33143982 0.33301342 0.32004428 0.29700238 0.26721117
 0.27780816 0.2575089  0.2575089 ]
Returns:
[ 4.13858706  4.20580224  4.157633    4.05877493  4.08032873  4.11456309
  4.18716187  4.27763607  4.28802673  3.80579839  3.83621236  3.89549838
  3.91652507  3.84332861  3.77753793  3.84324631  3.70919971  3.78369524
  3.68926257  3.69771679  3.50328804  3.522191    3.54336024  3.55706963
  3.47451502  3.19535688  3.07280011  3.04824114  2.96795121  2.94599179
  2.91637694  2.88749029  2.87588899  2.90374021  2.75768435  2.71355616
  2.42817589  2.38507687  2.38147427  2.37608842  2.18561252  2.2093157
  2.24771805  2.28058949  2.32493196  2.30011822  2.33019564  2.22415319
  2.24978544  2.29857892  2.34047814  2.23039673  2.2844391   2.32263353
  2.39361339  2.27062613  2.19202414  1.93109703  1.94312664  1.9997026
  1.95732223  1.96410667  2.03819124  2.06619869  1.88127754  1.91313121
  1.8668437   1.65483161  1.70700201  1.77566587  1.47954074  1.43541619
  1.47120874  1.44300065  1.27383022  1.31886638  1.2670767   1.26097915
  1.26322361  1.17476509  1.22202225  1.29365395  1.22314465  1.29006599
  1.35872833  1.16313424  1.14791104  1.17771703  1.11248048  1.19295687
  1.25400105  1.38454892  1.34040934  1.29463419  1.12022171  1.0525572
  1.14206782  1.23814335  1.38307191  1.42935776  1.53506981  1.54824741
  1.58889043  1.6722932   1.81064412  1.9183407   1.99451184  1.90086665
  1.82774986  1.95839186  2.10034648  2.22966945  2.21079895  2.3664323
  2.51812469  2.67881179  2.80334837  2.75715364  2.80524262  2.80292624
  2.900633    2.93454796  2.87580811  2.87638277  2.93951267  2.99490376
  3.02843629  3.07377011  2.99349955  3.06358397  3.08163392  2.99735818
  2.82635674  2.86590925  2.80998889  2.54236563  2.527475    2.5504362
  2.34566067  2.36386191  2.3512923   2.2589549   2.05919004  1.87990484
  1.73502344  1.55119676  1.35291948  1.32445985  1.27795798  1.04674333
  0.8251763   0.81738485  0.83082401  0.78146181  0.74048667  0.66483032
  0.52897426  0.42987632  0.40060462  0.37343943  0.38175338  0.32647128
  0.26135006  0.07833873  0.05704759 -0.01536573 -0.07348281 -0.08410479
 -0.18922891 -0.26782806 -0.23897335 -0.28237829 -0.39352117 -0.67484577
 -0.69141189 -0.64441453 -0.57775119 -0.52600092 -0.5061581  -0.41229698
 -0.38871721 -0.32830563 -0.35410534 -0.4575797  -0.59930973 -0.54382951
 -0.44873508 -0.60917775 -0.59819604 -0.49193308 -0.37776517 -0.44089712
 -0.34144259 -0.24554974 -0.18345253 -0.06785504 -0.1491852  -0.11574893
 -0.09473089 -0.10238433]
Advants:
[ 2.40008807e+00  2.47830834e+00  2.43628105e+00  2.34681322e+00
  2.37344863e+00  2.43782902e+00  2.52991602e+00  2.64989356e+00
  2.67312050e+00  2.22687933e+00  2.25691080e+00  2.34229734e+00
  2.38087849e+00  2.31173239e+00  2.26409493e+00  2.34844698e+00
  2.22990363e+00  2.32403845e+00  2.23222914e+00  2.27037167e+00
  2.07696566e+00  2.12344800e+00  2.17043369e+00  2.21279749e+00
  2.13936073e+00  1.88979784e+00  1.79027195e+00  1.78429581e+00
  1.71621211e+00  1.71674075e+00  1.69795046e+00  1.68503480e+00
  1.69883618e+00  1.74761342e+00  1.64438370e+00  1.60964779e+00
  1.31665626e+00  1.26599354e+00  1.26413522e+00  1.27535257e+00
  1.07704264e+00  1.11269767e+00  1.15868109e+00  1.20594215e+00
  1.26846785e+00  1.25292541e+00  1.30365622e+00  1.19989370e+00
  1.24638511e+00  1.30462848e+00  1.36637609e+00  1.25337943e+00
  1.31174147e+00  1.35554128e+00  1.44548015e+00  1.31862940e+00
  1.23212812e+00  9.50428572e-01  9.68846395e-01  1.04008613e+00
  1.03783572e+00  1.06104215e+00  1.14728002e+00  1.21670128e+00
  1.08166090e+00  1.11354122e+00  1.09914714e+00  9.11780075e-01
  9.65436015e-01  1.04033236e+00  7.12923633e-01  6.52198634e-01
  7.07836227e-01  6.95106766e-01  5.01711464e-01  5.63617032e-01
  5.26061034e-01  5.08223036e-01  4.87096023e-01  4.00297853e-01
  4.57522637e-01  5.16854715e-01  4.17277447e-01  4.89839112e-01
  5.46592612e-01  3.27106074e-01  2.87063004e-01  3.18525380e-01
  2.47532049e-01  3.33311771e-01  4.04183952e-01  5.29333906e-01
  4.51846434e-01  3.82136355e-01  2.27500138e-01  1.64925370e-01
  2.49021645e-01  3.30286084e-01  4.52874602e-01  4.64868268e-01
  5.73061134e-01  5.90489951e-01  6.19496911e-01  6.80543292e-01
  7.90440500e-01  8.72201203e-01  9.28120772e-01  8.34972404e-01
  7.34756992e-01  8.38657970e-01  9.61133882e-01  1.08967153e+00
  1.07300648e+00  1.21883639e+00  1.37255525e+00  1.53855574e+00
  1.68012357e+00  1.61070585e+00  1.66963962e+00  1.66420935e+00
  1.77924236e+00  1.83230059e+00  1.80492678e+00  1.79240992e+00
  1.85787098e+00  1.93902368e+00  1.99069379e+00  2.04620451e+00
  2.00279352e+00  2.09569274e+00  2.12999306e+00  2.08158281e+00
  1.90549093e+00  1.97457959e+00  1.94275763e+00  1.69493983e+00
  1.70534811e+00  1.74994512e+00  1.54043346e+00  1.59749832e+00
  1.62827525e+00  1.55276921e+00  1.40158834e+00  1.22975083e+00
  1.12193019e+00  9.85232060e-01  8.14565554e-01  8.11925561e-01
  7.99047288e-01  6.01371212e-01  3.64343026e-01  3.72836765e-01
  3.98763479e-01  3.54097580e-01  3.32304826e-01  2.60216664e-01
  1.20162328e-01  2.61306590e-02 -1.59605191e-03 -7.46285777e-03
  1.39443836e-02 -1.48281391e-02 -7.56085011e-02 -2.40352910e-01
 -2.47530922e-01 -2.96499877e-01 -3.56143508e-01 -3.55554712e-01
 -4.30043547e-01 -5.13678616e-01 -4.68562242e-01 -4.95379729e-01
 -5.96959289e-01 -8.94916810e-01 -8.90047806e-01 -8.20935438e-01
 -7.30909033e-01 -6.67169648e-01 -6.25931065e-01 -5.18772385e-01
 -4.93391717e-01 -4.26963394e-01 -4.34024955e-01 -5.22608119e-01
 -6.86279329e-01 -6.39582938e-01 -5.44421425e-01 -6.90621513e-01
 -6.93985468e-01 -5.86364273e-01 -4.70650893e-01 -5.69763755e-01
 -4.80938823e-01 -3.68481090e-01 -3.06168384e-01 -1.71683990e-01
 -2.25353091e-01 -1.55157471e-01 -1.36852372e-01 -1.15259781e-01]
Mus:
[[-2.54631322e-02 -1.08948424e-02]
 [-2.53537409e-02 -1.10892849e-02]
 [-2.51159612e-02 -1.04783280e-02]
 [-2.56631430e-02 -9.98386741e-03]
 [-2.58624759e-02 -9.89268161e-03]
 [-2.74205580e-02 -1.07783908e-02]
 [-2.77582388e-02 -1.13931270e-02]
 [-2.82756798e-02 -1.19264629e-02]
 [-2.78176162e-02 -1.23393144e-02]
 [-2.77196374e-02 -1.34664001e-02]
 [-2.70564221e-02 -1.35435266e-02]
 [-2.52032597e-02 -1.30323907e-02]
 [-2.30081677e-02 -1.20048551e-02]
 [-2.15746686e-02 -1.13214273e-02]
 [-1.93720572e-02 -1.00198500e-02]
 [-1.86324418e-02 -9.93313361e-03]
 [-1.75413918e-02 -8.84948112e-03]
 [-1.68404244e-02 -8.64567608e-03]
 [-1.61014423e-02 -8.62425938e-03]
 [-1.59339700e-02 -8.96632299e-03]
 [-1.58162192e-02 -9.70436260e-03]
 [-1.41503885e-02 -9.05564521e-03]
 [-1.25169335e-02 -8.69387202e-03]
 [-1.09939482e-02 -8.61088187e-03]
 [-9.37203318e-03 -7.93691725e-03]
 [-5.99257462e-03 -5.52224787e-03]
 [-5.27683133e-03 -5.99904684e-03]
 [-2.91905808e-03 -4.73444909e-03]
 [-1.43647275e-03 -3.58363660e-03]
 [-4.56074195e-04 -3.59246577e-03]
 [ 1.98582158e-04 -3.78798833e-03]
 [ 1.83229137e-03 -2.72736698e-03]
 [ 3.58498399e-03 -1.58468948e-03]
 [ 4.16158512e-03 -1.61923538e-03]
 [ 6.56541064e-03 -1.60858486e-04]
 [ 8.07876885e-03  8.52672732e-04]
 [ 9.75230336e-03  2.37413123e-03]
 [ 1.01464260e-02  2.56316224e-03]
 [ 9.40807909e-03  1.87741197e-03]
 [ 9.78541933e-03  2.31248327e-03]
 [ 7.35882996e-03  1.37654584e-04]
 [ 7.95862265e-03  5.30003512e-04]
 [ 8.19657277e-03  5.97716600e-04]
 [ 8.21897294e-03  4.88959136e-04]
 [ 8.63901712e-03  6.21098443e-04]
 [ 1.10126883e-02  2.25204974e-03]
 [ 1.08673433e-02  2.04244605e-03]
 [ 1.36526786e-02  3.96704162e-03]
 [ 1.38718598e-02  4.26183082e-03]
 [ 1.44708659e-02  4.90317354e-03]
 [ 1.51211359e-02  5.34627447e-03]
 [ 1.41825154e-02  3.90840927e-03]
 [ 1.47101488e-02  4.20521479e-03]
 [ 1.56515930e-02  4.89593158e-03]
 [ 1.62012354e-02  5.46777714e-03]
 [ 1.68761071e-02  6.48532202e-03]
 [ 1.70974247e-02  6.89970562e-03]
 [ 1.43855195e-02  4.26635519e-03]
 [ 1.26874866e-02  2.91959289e-03]
 [ 1.16723683e-02  2.23508291e-03]
 [ 1.03911515e-02  1.64053310e-03]
 [ 1.16016008e-02  2.74154823e-03]
 [ 1.11724483e-02  2.32041092e-03]
 [ 1.08630285e-02  2.31091282e-03]
 [ 1.13089215e-02  3.40326154e-03]
 [ 1.21897310e-02  3.98416258e-03]
 [ 1.19049586e-02  4.25635325e-03]
 [ 1.19512957e-02  4.41091508e-03]
 [ 1.25112515e-02  4.39763162e-03]
 [ 1.37445247e-02  5.04448451e-03]
 [ 1.29605103e-02  3.61497118e-03]
 [ 1.28513481e-02  2.96586519e-03]
 [ 1.33613395e-02  3.41845606e-03]
 [ 1.30538559e-02  2.67508253e-03]
 [ 1.50073841e-02  4.05167136e-03]
 [ 1.51849203e-02  4.18461300e-03]
 [ 1.65739711e-02  5.81333553e-03]
 [ 1.78253502e-02  7.03513250e-03]
 [ 1.77529287e-02  6.45196717e-03]
 [ 1.62480045e-02  4.79640579e-03]
 [ 1.62262823e-02  4.83743800e-03]
 [ 1.68538038e-02  5.02833119e-03]
 [ 1.85565930e-02  6.07188698e-03]
 [ 1.79036614e-02  5.61606465e-03]
 [ 1.78676751e-02  5.20184031e-03]
 [ 2.09618527e-02  7.51020294e-03]
 [ 2.01679766e-02  6.38404535e-03]
 [ 1.86302122e-02  5.22515923e-03]
 [ 1.68279577e-02  3.41230421e-03]
 [ 1.79029703e-02  4.26237145e-03]
 [ 1.89536419e-02  5.22501115e-03]
 [ 1.94870550e-02  5.40160574e-03]
 [ 1.97877493e-02  4.73195361e-03]
 [ 2.11321283e-02  5.69241680e-03]
 [ 1.95746236e-02  4.69019357e-03]
 [ 2.07165387e-02  6.30218349e-03]
 [ 2.05712281e-02  6.63926732e-03]
 [ 2.00685281e-02  5.94941201e-03]
 [ 2.03256831e-02  5.77516668e-03]
 [ 2.14914754e-02  6.40293024e-03]
 [ 2.14845128e-02  6.70475280e-03]
 [ 2.15770416e-02  7.75386021e-03]
 [ 2.08282676e-02  6.66122139e-03]
 [ 2.20785141e-02  7.91505631e-03]
 [ 2.29578279e-02  8.13328940e-03]
 [ 2.29164138e-02  7.47584086e-03]
 [ 2.18229406e-02  6.15507178e-03]
 [ 2.39305831e-02  8.43093451e-03]
 [ 2.54047792e-02  1.00693870e-02]
 [ 2.47402582e-02  9.67793632e-03]
 [ 2.36320756e-02  8.99927132e-03]
 [ 2.16020904e-02  7.55368033e-03]
 [ 2.09981017e-02  8.41541775e-03]
 [ 1.94070954e-02  7.35370023e-03]
 [ 1.78806502e-02  7.05908472e-03]
 [ 1.57658923e-02  5.84761146e-03]
 [ 1.44011946e-02  5.82841830e-03]
 [ 1.37841972e-02  6.01360062e-03]
 [ 1.10931750e-02  5.71951736e-03]
 [ 9.11122188e-03  3.74264875e-03]
 [ 6.59643766e-03  3.25857732e-03]
 [ 3.88099253e-03  3.04193771e-03]
 [ 2.20879633e-03  3.27147311e-03]
 [ 5.54266269e-04  2.64020241e-03]
 [-1.91530411e-03  1.27812661e-03]
 [-3.86454957e-03  7.01897603e-04]
 [-6.09673234e-03 -5.57870721e-04]
 [-7.86081795e-03 -1.32856681e-03]
 [-9.33175813e-03 -1.25361665e-03]
 [-1.07139871e-02 -1.77975849e-03]
 [-1.17543023e-02 -2.30620452e-03]
 [-1.23982243e-02 -1.70931802e-03]
 [-1.40432781e-02 -3.11099598e-03]
 [-1.59834139e-02 -3.81128979e-03]
 [-1.60632208e-02 -3.54051846e-03]
 [-1.48778986e-02 -2.25760043e-03]
 [-1.58210285e-02 -2.24807695e-03]
 [-1.67720914e-02 -2.63165170e-03]
 [-1.60205700e-02 -2.44525634e-03]
 [-1.66579355e-02 -2.73238402e-03]
 [-1.64087024e-02 -2.74161692e-03]
 [-1.44218067e-02 -2.01998116e-03]
 [-1.31964721e-02 -2.25557992e-03]
 [-1.18257925e-02 -1.95251778e-03]
 [-9.58721526e-03 -4.41572512e-04]
 [-7.89581146e-03  7.75805966e-04]
 [-5.82407461e-03  2.22943863e-03]
 [-4.78482805e-03  2.10488983e-03]
 [-4.30371892e-03  1.97521085e-03]
 [-5.60255954e-03  1.68741227e-03]
 [-3.21358978e-03  2.49658362e-03]
 [-3.04725743e-03  2.27865996e-03]
 [-2.89841625e-03  2.19226698e-03]
 [-2.09314632e-03  2.35299557e-03]
 [-1.56034750e-03  2.67069112e-03]
 [-3.67440225e-04  3.27264005e-03]
 [ 3.44064028e-04  3.83827626e-03]
 [ 2.03026444e-04  3.95511137e-03]
 [ 1.57423539e-03  4.16694675e-03]
 [ 1.10500993e-03  3.70289059e-03]
 [ 1.02601526e-03  3.54182604e-03]
 [ 1.44112837e-05  2.83800298e-03]
 [ 3.24828492e-04  2.98118941e-03]
 [-1.28535286e-03  2.25540856e-03]
 [-2.90903100e-03  1.08552701e-03]
 [-5.39687416e-03 -3.75979958e-04]
 [-6.37781527e-03 -8.09120305e-04]
 [-7.85242766e-03 -1.86808920e-03]
 [-9.70405154e-03 -3.01070861e-03]
 [-1.12171434e-02 -3.54528194e-03]
 [-1.29490374e-02 -4.45192354e-03]
 [-1.34413717e-02 -4.59423894e-03]
 [-1.42033864e-02 -4.60141525e-03]
 [-1.36193940e-02 -3.87123041e-03]
 [-1.30384387e-02 -3.87497083e-03]
 [-1.18415179e-02 -3.54912574e-03]
 [-1.03865042e-02 -3.11085302e-03]
 [-8.35742801e-03 -2.13633035e-03]
 [-7.24587962e-03 -1.86568848e-03]
 [-5.48297865e-03 -1.02558034e-03]
 [-3.24614532e-03 -6.32641531e-05]
 [-6.93548820e-04  8.86722351e-04]
 [ 9.70828813e-04  1.86359033e-03]
 [ 3.02436785e-03  2.08825152e-03]
 [ 6.76617539e-03  4.12293291e-03]
 [ 1.01337740e-02  5.56180580e-03]
 [ 1.33292861e-02  6.81406679e-03]
 [ 1.45241581e-02  6.33023586e-03]
 [ 1.69374421e-02  7.72864604e-03]
 [ 1.88330971e-02  8.34679324e-03]
 [ 2.04734411e-02  8.92332941e-03]
 [ 2.26149354e-02  1.01755001e-02]
 [ 2.41617076e-02  1.07206097e-02]
 [ 2.45806519e-02  1.07043236e-02]
 [ 2.49452684e-02  1.03808790e-02]
 [ 2.46160831e-02  1.00765675e-02]
 [ 2.45997831e-02  1.05397766e-02]
 [ 2.42238957e-02  1.01215532e-02]
 [ 2.48124693e-02  9.86245647e-03]
 [ 2.44687721e-02  1.02212876e-02]]
Actions:
[[-0.06259535  0.10582046]
 [ 0.23950046 -0.14236876]
 [ 0.22357129 -0.25507979]
 [ 0.13347584  0.0038354 ]
 [-0.32175109 -0.04712592]
 [-0.17705564  0.14497235]
 [-0.21556351  0.01620487]
 [-0.04908801  0.32305788]
 [-0.82384781  0.22259692]
 [ 0.03833341  0.24566224]
 [-0.23432174 -0.07902093]
 [ 0.11169363 -0.15654347]
 [ 0.2831985   0.0464488 ]
 [ 0.14080848 -0.27381393]
 [-0.0488832   0.07814829]
 [ 0.23904042 -0.28390781]
 [-0.00649099  0.01086117]
 [ 0.19588342  0.30757907]
 [-0.31116998  0.04742594]
 [-0.02262163  0.50993815]
 [-0.17173702 -0.13780876]
 [-0.17912632  0.03275983]
 [-0.23873664  0.1307883 ]
 [ 0.2580209   0.15525251]
 [ 0.23198301 -0.47768792]
 [-0.40902272  0.17327236]
 [ 0.10733383 -0.11830179]
 [ 0.26452416 -0.10641775]
 [-0.27807249  0.0430002 ]
 [-0.07653514  0.23521358]
 [ 0.19614986 -0.05441352]
 [ 0.06334486 -0.17394234]
 [-0.13495259  0.07036488]
 [-0.22350386 -0.39266112]
 [ 0.26289735  0.00859353]
 [ 0.53385924  0.00520505]
 [ 0.18681391  0.14456925]
 [-0.07217736  0.14138764]
 [-0.01414934 -0.14994604]
 [-0.29741763  0.38877355]
 [-0.05862102 -0.09532393]
 [-0.03322075  0.01513254]
 [-0.1506644  -0.01162738]
 [-0.13461999 -0.03411336]
 [ 0.23923078 -0.13938482]
 [-0.21219116 -0.03383507]
 [ 0.37649106 -0.1292254 ]
 [-0.12439563 -0.16385347]
 [ 0.11848145 -0.08231604]
 [-0.08887938 -0.14472372]
 [-0.24447886  0.3500959 ]
 [ 0.13309574  0.07718231]
 [ 0.2051954   0.02166163]
 [ 0.09068206 -0.08037612]
 [ 0.43222092  0.01255297]
 [ 0.36145611  0.09085166]
 [-0.20033797  0.54506891]
 [-0.11933638  0.18778492]
 [-0.07144426  0.05467967]
 [-0.29338583 -0.17020532]
 [ 0.16194659 -0.17654566]
 [-0.01564163  0.08297056]
 [-0.17481206 -0.18145568]
 [-0.12306987 -0.49191033]
 [ 0.20510421  0.04547105]
 [-0.20014181 -0.28558751]
 [-0.43705401 -0.3104553 ]
 [-0.05224668  0.08820414]
 [ 0.05733601 -0.01445447]
 [ 0.12371415  0.59868929]
 [ 0.07519694  0.31301811]
 [-0.10209258 -0.15535737]
 [-0.32660169  0.04572054]
 [ 0.4731363   0.10559693]
 [-0.15098301 -0.1144956 ]
 [ 0.10651778 -0.33123928]
 [ 0.27210167 -0.08731376]
 [ 0.05699128  0.24692268]
 [-0.37294937  0.16419824]
 [-0.1471601  -0.10019324]
 [ 0.08610043  0.0950129 ]
 [ 0.38330387  0.10565742]
 [-0.14472328 -0.01170569]
 [ 0.00984868  0.17279315]
 [ 0.52201722 -0.09597145]
 [-0.00118868  0.31015732]
 [-0.22784279  0.05818681]
 [-0.35101941  0.20136875]
 [ 0.02157658 -0.16925173]
 [-0.00390605 -0.23652867]
 [ 0.00498195  0.01570433]
 [ 0.124314    0.4009366 ]
 [ 0.41045559  0.10673009]
 [-0.49488511 -0.21895182]
 [ 0.08258107 -0.42221514]
 [-0.07551195 -0.20414809]
 [-0.21025228  0.04875905]
 [-0.02832442  0.10818978]
 [ 0.29389472  0.16539821]
 [-0.10882674 -0.20600172]
 [ 0.01064287 -0.37694364]
 [-0.33669333  0.10160451]
 [ 0.26883711 -0.09086949]
 [ 0.15526858  0.1476634 ]
 [ 0.01859918  0.27647608]
 [-0.10433551  0.32290771]
 [ 0.34608934 -0.38281593]
 [ 0.46632866 -0.14411818]
 [ 0.16577633  0.11863481]
 [ 0.09798724  0.11928206]
 [-0.18719824  0.08424874]
 [ 0.24910994 -0.35191382]
 [-0.040175    0.10136801]
 [ 0.06401127 -0.1334889 ]
 [-0.10509553  0.03559086]
 [ 0.01680443 -0.24333758]
 [ 0.44088423  0.09955272]
 [ 0.21433074 -0.22991805]
 [-0.23378076  0.27404709]
 [ 0.10388899 -0.17197447]
 [ 0.18069791 -0.24942036]
 [-0.02107774 -0.43959935]
 [ 0.25817966  0.12254402]
 [-0.03052434  0.14663156]
 [-0.08558244 -0.17944864]
 [-0.23192294  0.05869904]
 [ 0.09021942  0.1209888 ]
 [-0.13716378 -0.3686297 ]
 [-0.08838868 -0.02243203]
 [ 0.10343788  0.14562092]
 [ 0.17075622 -0.30142731]
 [ 0.02622452  0.44780162]
 [-0.11110721 -0.00176566]
 [ 0.23446412  0.00610946]
 [ 0.43391966 -0.17509487]
 [ 0.03801942 -0.10504415]
 [-0.08461625  0.06609947]
 [ 0.26941364  0.34043461]
 [-0.17578988  0.06907618]
 [-0.25248268  0.00455926]
 [ 0.20075129  0.22170481]
 [-0.49523441  0.2444004 ]
 [ 0.21856272  0.36878866]
 [ 0.17608509 -0.3005482 ]
 [-0.07458431 -0.43629428]
 [ 0.02256902 -0.42502753]
 [-0.2745493   0.1509334 ]
 [-0.31513176  0.00750399]
 [-0.27361635 -0.42018771]
 [ 0.34427664  0.25502055]
 [-0.16957046  0.06319462]
 [-0.02134441  0.04488366]
 [ 0.12268708  0.14678817]
 [-0.05302834 -0.21408306]
 [ 0.18991374 -0.10394228]
 [ 0.283468   -0.11861243]
 [ 0.08895641 -0.23769641]
 [ 0.07464178  0.1589391 ]
 [-0.21339744 -0.08834218]
 [-0.01901077 -0.06213484]
 [-0.26562747 -0.1336158 ]
 [ 0.14109603 -0.13952436]
 [-0.19606291 -0.36835408]
 [-0.16770225  0.11020886]
 [-0.31531846 -0.07813011]
 [ 0.14780863 -0.09657229]
 [-0.08110213  0.19614832]
 [-0.34747676 -0.16720266]
 [ 0.2313659   0.0538933 ]
 [-0.06741736  0.07053324]
 [ 0.02619395 -0.23255031]
 [ 0.18177632 -0.27845294]
 [ 0.41210299 -0.24852021]
 [-0.06628101  0.22937921]
 [-0.09905629  0.01671238]
 [-0.07852805  0.05078013]
 [ 0.1106389  -0.03158288]
 [-0.07336115  0.26233134]
 [ 0.04542837 -0.03518115]
 [ 0.163686    0.22027038]
 [ 0.08427447  0.19787354]
 [ 0.00543191 -0.36022988]
 [-0.20744569  0.41022158]
 [ 0.48784174 -0.00225039]
 [ 0.21279758  0.07190988]
 [ 0.10410927  0.04666142]
 [-0.44894599  0.24145084]
 [ 0.27443883 -0.139966  ]
 [-0.0347311  -0.01033632]
 [-0.00604949 -0.00784797]
 [ 0.41984283  0.13652677]
 [ 0.12141347  0.1007783 ]
 [-0.11751451 -0.069406  ]
 [-0.07373687  0.24421928]
 [-0.10167936 -0.02325701]
 [ 0.00166044 -0.44154759]
 [-0.25967377 -0.10909511]
 [ 0.02373247  0.34041975]
 [-0.01122962 -0.35566411]
 [ 0.05208191  0.18139628]]
States:
[[0.99948892 0.99929211 0.48659382 0.52560041 0.51314467 0.59720917]
 [0.99943028 0.99917083 0.48531236 0.52770512 0.49708342 0.62494612]
 [0.99953439 0.99908971 0.48763913 0.52902762 0.55883815 0.58706274]
 ...
 [0.01659397 0.04716952 0.36119131 0.17818086 0.666822   0.46078156]
 [0.02414446 0.03784633 0.33804324 0.18873954 0.66987351 0.5526932 ]
 [0.03269093 0.02878726 0.31550298 0.19959185 0.66389182 0.46036957]]
Logstds:
[[-3. -3.]
 [-3. -3.]
 [-3. -3.]
 [-3. -3.]
 [-3. -3.]
 [-3. -3.]
 [-3. -3.]
 [-3. -3.]
 [-3. -3.]
 [-3. -3.]
 [-3. -3.]
 [-3. -3.]
 [-3. -3.]
 [-3. -3.]
 [-3. -3.]
 [-3. -3.]
 [-3. -3.]
 [-3. -3.]
 [-3. -3.]
 [-3. -3.]
 [-3. -3.]
 [-3. -3.]
 [-3. -3.]
 [-3. -3.]
 [-3. -3.]
 [-3. -3.]
 [-3. -3.]
 [-3. -3.]
 [-3. -3.]
 [-3. -3.]
 [-3. -3.]
 [-3. -3.]
 [-3. -3.]
 [-3. -3.]
 [-3. -3.]
 [-3. -3.]
 [-3. -3.]
 [-3. -3.]
 [-3. -3.]
 [-3. -3.]
 [-3. -3.]
 [-3. -3.]
 [-3. -3.]
 [-3. -3.]
 [-3. -3.]
 [-3. -3.]
 [-3. -3.]
 [-3. -3.]
 [-3. -3.]
 [-3. -3.]
 [-3. -3.]
 [-3. -3.]
 [-3. -3.]
 [-3. -3.]
 [-3. -3.]
 [-3. -3.]
 [-3. -3.]
 [-3. -3.]
 [-3. -3.]
 [-3. -3.]
 [-3. -3.]
 [-3. -3.]
 [-3. -3.]
 [-3. -3.]
 [-3. -3.]
 [-3. -3.]
 [-3. -3.]
 [-3. -3.]
 [-3. -3.]
 [-3. -3.]
 [-3. -3.]
 [-3. -3.]
 [-3. -3.]
 [-3. -3.]
 [-3. -3.]
 [-3. -3.]
 [-3. -3.]
 [-3. -3.]
 [-3. -3.]
 [-3. -3.]
 [-3. -3.]
 [-3. -3.]
 [-3. -3.]
 [-3. -3.]
 [-3. -3.]
 [-3. -3.]
 [-3. -3.]
 [-3. -3.]
 [-3. -3.]
 [-3. -3.]
 [-3. -3.]
 [-3. -3.]
 [-3. -3.]
 [-3. -3.]
 [-3. -3.]
 [-3. -3.]
 [-3. -3.]
 [-3. -3.]
 [-3. -3.]
 [-3. -3.]
 [-3. -3.]
 [-3. -3.]
 [-3. -3.]
 [-3. -3.]
 [-3. -3.]
 [-3. -3.]
 [-3. -3.]
 [-3. -3.]
 [-3. -3.]
 [-3. -3.]
 [-3. -3.]
 [-3. -3.]
 [-3. -3.]
 [-3. -3.]
 [-3. -3.]
 [-3. -3.]
 [-3. -3.]
 [-3. -3.]
 [-3. -3.]
 [-3. -3.]
 [-3. -3.]
 [-3. -3.]
 [-3. -3.]
 [-3. -3.]
 [-3. -3.]
 [-3. -3.]
 [-3. -3.]
 [-3. -3.]
 [-3. -3.]
 [-3. -3.]
 [-3. -3.]
 [-3. -3.]
 [-3. -3.]
 [-3. -3.]
 [-3. -3.]
 [-3. -3.]
 [-3. -3.]
 [-3. -3.]
 [-3. -3.]
 [-3. -3.]
 [-3. -3.]
 [-3. -3.]
 [-3. -3.]
 [-3. -3.]
 [-3. -3.]
 [-3. -3.]
 [-3. -3.]
 [-3. -3.]
 [-3. -3.]
 [-3. -3.]
 [-3. -3.]
 [-3. -3.]
 [-3. -3.]
 [-3. -3.]
 [-3. -3.]
 [-3. -3.]
 [-3. -3.]
 [-3. -3.]
 [-3. -3.]
 [-3. -3.]
 [-3. -3.]
 [-3. -3.]
 [-3. -3.]
 [-3. -3.]
 [-3. -3.]
 [-3. -3.]
 [-3. -3.]
 [-3. -3.]
 [-3. -3.]
 [-3. -3.]
 [-3. -3.]
 [-3. -3.]
 [-3. -3.]
 [-3. -3.]
 [-3. -3.]
 [-3. -3.]
 [-3. -3.]
 [-3. -3.]
 [-3. -3.]
 [-3. -3.]
 [-3. -3.]
 [-3. -3.]
 [-3. -3.]
 [-3. -3.]
 [-3. -3.]
 [-3. -3.]
 [-3. -3.]
 [-3. -3.]
 [-3. -3.]
 [-3. -3.]
 [-3. -3.]
 [-3. -3.]
 [-3. -3.]
 [-3. -3.]
 [-3. -3.]
 [-3. -3.]
 [-3. -3.]
 [-3. -3.]
 [-3. -3.]
 [-3. -3.]]
