Baseline:
[1.5582639 1.5490714 1.5528283 1.5332407 1.5126117 1.5112599 1.5416312
 1.5175304 1.4794861 1.4682914 1.4548274 1.4425129 1.4794229 1.5020822
 1.5264231 1.5479716 1.5400983 1.5570109 1.5458323 1.5618024 1.5584816
 1.5425028 1.4999046 1.4666439 1.4875312 1.4496435 1.4498996 1.445592
 1.420454  1.4258921 1.3848145 1.3610893 1.361626  1.3602542 1.3608509
 1.3963305 1.4016362 1.3860933 1.381699  1.3630781 1.3608128 1.3879896
 1.4015647 1.4243915 1.4460293 1.4682009 1.4961854 1.5338169 1.5319613
 1.521197  1.5289942 1.5285279 1.506409  1.511472  1.4941849 1.5184939
 1.5283651 1.523058  1.5326079 1.5465933 1.5620173 1.6026399 1.6074333
 1.6323177 1.6288209 1.6327864 1.6397053 1.6236597 1.6019526 1.5999205
 1.6248934 1.6314592 1.6297818 1.6283003 1.6442217 1.6301843 1.6455024
 1.6657354 1.670554  1.6974605 1.6784183 1.700417  1.6966205 1.6920424
 1.694955  1.692756  1.6795138 1.6533349 1.6422778 1.6097802 1.5870168
 1.5868964 1.5556685 1.5334121 1.5060449 1.4788206 1.4629917 1.4411454
 1.4136009 1.4032304 1.3863407 1.3780044 1.360224  1.3502574 1.348341
 1.3218027 1.3200527 1.3184562 1.3595229 1.3663751 1.3680366 1.3819017
 1.3871256 1.3909749 1.3685348 1.377143  1.3808652 1.3807603 1.3652104
 1.3489875 1.3330817 1.3258415 1.3379965 1.325951  1.3301009 1.3273172
 1.3520848 1.3494803 1.3433143 1.343999  1.3428838 1.3474656 1.3474389
 1.3599256 1.3592793 1.3414181 1.3328642 1.3203849 1.3179036 1.329708
 1.3146864 1.3169798 1.332162  1.3567371 1.3684312 1.3621142 1.3491664
 1.3515246 1.3582433 1.3588921 1.3456823 1.3108085 1.3153654 1.3379582
 1.3620096 1.348971  1.3605999 1.3473741 1.3728144 1.3783792 1.3539418
 1.3442204 1.3306614 1.3250867 1.3338345 1.3256974 1.3266573 1.3285668
 1.3300178 1.3556823 1.3593441 1.3570783 1.3769723 1.3795342 1.3907902
 1.3963923 1.4222091 1.4420198 1.4416409 1.4298202 1.4328622 1.4551824
 1.4536988 1.4511279 1.4288135 1.4182439 1.3950895 1.3849401 1.380004
 1.372662  1.3646433 1.3369141 1.3218634 1.314344  1.3193051 1.3023986
 1.2904494 1.2886838 1.294712  1.3062744 1.3062744]
Returns:
[9.97083627 9.9788856  9.7500086  9.78186151 9.81136952 9.84282686
 9.75225789 9.80112629 9.79069947 9.88205378 9.46812095 9.50691341
 9.31392543 9.27836639 9.19147185 9.14615497 9.01540037 8.86602141
 8.8681469  8.82444815 8.53175418 8.44552239 8.13320558 7.99835561
 7.77143496 7.62019483 7.56507307 7.49456574 7.3860542  7.31659429
 7.14102305 7.08191173 7.04214565 6.93133327 6.86986644 6.51516331
 6.48135688 6.42611986 6.38655913 6.32600132 6.20975818 6.18560881
 6.16372548 6.15447551 6.13146355 6.16144271 6.13329217 5.98402726
 6.04777694 5.99470301 5.88413495 5.83026528 5.8503975  5.92549328
 5.93731931 5.85777431 5.90247498 5.74008902 5.83015664 5.93293461
 5.91136989 5.76227135 5.77277055 5.69395316 5.77201988 5.8520769
 5.80370763 5.83306843 5.80267852 5.86505106 5.81137547 5.85673988
 5.81292312 5.83564155 5.80920626 5.79361327 5.79495281 5.77246954
 5.78543076 5.69036186 5.55656188 5.37092808 5.34690188 5.25861306
 5.03207854 4.91780649 4.80546758 4.74937549 4.57045417 4.46550579
 4.39531393 4.09680581 3.92508497 3.8950616  3.86542326 3.81917633
 3.8443184  3.87961251 3.87866184 3.93307312 4.00494076 4.08713856
 4.15895973 4.06369446 4.14244374 4.05642101 4.09733738 4.18008831
 3.74991997 3.76391124 3.81182394 3.71984391 3.60540085 3.58418614
 3.51443808 3.47280693 3.51507469 3.54919435 3.6203948  3.67673169
 3.67727624 3.72805632 3.6676108  3.70578716 3.72036427 3.79992685
 3.71016556 3.74394144 3.82055485 3.88386738 3.95968531 4.0056152
 4.08666205 3.9339905  3.89244929 3.9256654  3.94738636 3.99627639
 4.0770394  4.02326942 4.06808537 4.11463135 4.10937833 4.00035396
 4.00003317 4.06344185 4.10399924 3.88834838 3.84295719 3.89753774
 3.92713186 3.79137061 3.84853166 3.79248666 3.70916372 3.7266927
 3.56068519 3.60367044 3.4499877  3.4744715  3.4809385  3.52041164
 3.55037793 3.60086399 3.54083323 3.581471   3.61767151 3.64945866
 3.50640204 3.39831653 3.41734287 3.44259165 3.38557527 3.41424104
 3.36212698 3.36506389 2.91688541 2.7913391  2.77860127 2.695546
 2.3878756  2.25387399 2.1930276  2.02088357 1.89409408 1.83531658
 1.7883704  1.77565107 1.67951534 1.59597291 1.5498531  1.43967357
 1.37414031 1.32594854 1.10545002 0.94866632 0.68992187 0.57597199
 0.38758815 0.15923017]
Advants:
[5.64973863 5.69233836 5.48002763 5.55511352 5.63246089 5.69581306
 5.60427721 5.71141249 5.77696089 5.92384353 5.55909931 5.65055486
 5.45733229 5.43711309 5.36367359 5.33575595 5.25133958 5.12164689
 5.17507901 5.1571111  4.90404164 4.87101213 4.63334598 4.56339786
 4.34226245 4.25434882 4.2248641  4.18471576 4.12703454 4.07770102
 3.96678988 3.95590074 3.94093539 3.85560605 3.81778801 3.44184891
 3.41698393 3.39152315 3.37071494 3.34306227 3.24106047 3.20114301
 3.17696868 3.15614504 3.12232628 3.14212883 3.09727455 2.91683956
 2.99148573 2.95767861 2.84487937 2.79586454 2.8441847  2.92296955
 2.96248082 2.8666986  2.91136469 2.7601023  2.84942236 2.95051313
 2.92572636 2.74337891 2.75726304 2.65922909 2.74946574 2.83732253
 2.79309196 2.85190218 2.85749666 2.93938652 2.87728046 2.93523075
 2.91257119 2.95865878 2.9387444  2.96149468 2.97346014 2.95757697
 2.99509024 2.9012153  2.81340247 2.6285887  2.63249586 2.57238923
 2.36146071 2.26601753 2.18190254 2.16732218 2.01090511 1.94863601
 1.91078968 1.61357187 1.47000344 1.45865879 1.45243483 1.42853433
 1.46547899 1.52001738 1.54461009 1.6092238  1.70054382 1.79665895
 1.89508808 1.81673095 1.90742428 1.85698198 1.91078026 2.00981682
 1.53994774 1.54878997 1.59831986 1.49275926 1.36970002 1.34017963
 1.28657244 1.2279435  1.25857684 1.28527365 1.36653804 1.43538864
 1.44832257 1.50432127 1.42728182 1.47423971 1.48144741 1.56284667
 1.44374805 1.4762945  1.55747355 1.62030161 1.69983133 1.74527609
 1.83330278 1.67058195 1.63106744 1.68522226 1.71977335 1.78768107
 1.88059527 1.82348655 1.89436159 1.95196043 1.94537632 1.82267606
 1.82211729 1.90643152 1.97742283 1.77164694 1.7312006  1.79945759
 1.85913081 1.77342939 1.84414028 1.78271948 1.69070802 1.73889263
 1.57488002 1.64761392 1.48088135 1.51383148 1.56091814 1.62919493
 1.69477416 1.77650148 1.73344867 1.8116493  1.87991249 1.94654966
 1.83746367 1.73801625 1.79108058 1.86035752 1.82638851 1.89989909
 1.88601433 1.93696751 1.50649858 1.40388027 1.43751866 1.4139965
 1.14545138 1.03005424 1.01326658 0.88465066 0.82139077 0.81641807
 0.83880871 0.88627579 0.84655519 0.82386253 0.84264872 0.81938202
 0.83156333 0.85763507 0.69763247 0.62446216 0.44242355 0.3970427
 0.26911217 0.09391642]
Mus:
[[-1.77693628e-02 -6.25803880e-03]
 [-1.89162809e-02 -7.25513604e-03]
 [-1.72343012e-02 -5.91861270e-03]
 [-1.73668265e-02 -5.96583541e-03]
 [-1.76610332e-02 -6.57897210e-03]
 [-1.75470300e-02 -6.39331853e-03]
 [-1.83591302e-02 -6.89578941e-03]
 [-1.82251297e-02 -6.96204230e-03]
 [-1.69496611e-02 -6.98389346e-03]
 [-1.63505860e-02 -7.11616594e-03]
 [-1.57881323e-02 -6.12068735e-03]
 [-1.54040521e-02 -6.56048767e-03]
 [-1.66873652e-02 -7.16160890e-03]
 [-1.78096257e-02 -7.81744253e-03]
 [-1.71547215e-02 -7.33781513e-03]
 [-1.76777840e-02 -7.68739870e-03]
 [-1.56983566e-02 -6.38411660e-03]
 [-1.70537140e-02 -7.44862761e-03]
 [-1.59405265e-02 -6.90919301e-03]
 [-1.53318169e-02 -6.56437129e-03]
 [-1.39658060e-02 -5.23647666e-03]
 [-1.43413683e-02 -5.91058843e-03]
 [-1.30308950e-02 -5.05011668e-03]
 [-1.17016267e-02 -5.19542024e-03]
 [-1.21108256e-02 -4.92500747e-03]
 [-1.08266165e-02 -4.68965713e-03]
 [-1.07821226e-02 -4.84325644e-03]
 [-1.09249940e-02 -4.84208204e-03]
 [-1.03215668e-02 -5.36239380e-03]
 [-1.03229899e-02 -5.70518011e-03]
 [-7.70785287e-03 -4.89968946e-03]
 [-5.99331781e-03 -4.78321174e-03]
 [-4.97894129e-03 -4.52195993e-03]
 [-4.50803200e-03 -5.12731681e-03]
 [-2.33833212e-03 -4.96644108e-03]
 [-1.96055789e-03 -4.03314922e-03]
 [ 1.67692066e-04 -3.46994842e-03]
 [ 4.05974127e-03 -2.26211548e-03]
 [ 7.06942100e-03 -1.63325458e-03]
 [ 1.00639360e-02 -8.42283713e-04]
 [ 1.20190447e-02  6.82121958e-04]
 [ 1.23165054e-02  1.09186757e-03]
 [ 1.24458317e-02  1.70750229e-03]
 [ 1.14510786e-02  1.68970425e-03]
 [ 1.00798579e-02  1.83444098e-03]
 [ 9.20321979e-03  1.68436836e-03]
 [ 8.64286162e-03  1.37382117e-03]
 [ 8.05655587e-03  1.93886273e-03]
 [ 7.74449669e-03  1.87517272e-03]
 [ 7.19450600e-03  2.11274088e-03]
 [ 6.70813769e-03  2.68461229e-03]
 [ 6.41585095e-03  2.97995796e-03]
 [ 5.86364325e-03  2.49580946e-03]
 [ 4.43800492e-03  1.97603600e-03]
 [ 3.69888917e-03  1.82561541e-03]
 [ 1.92143884e-03  1.19468523e-03]
 [ 1.02387462e-03  8.24138930e-04]
 [-1.36753995e-04 -5.57998079e-04]
 [-5.47673437e-04 -8.98145780e-04]
 [-1.00528426e-03 -8.44830880e-04]
 [-1.35064533e-03 -1.49926404e-03]
 [-1.80927117e-03 -1.55813259e-03]
 [-1.13798573e-03 -7.87723635e-04]
 [-9.27551067e-04  1.57206068e-05]
 [-2.16531320e-04  2.51063291e-04]
 [ 1.74703993e-04  1.77057518e-04]
 [ 1.54742913e-03  1.35709892e-03]
 [ 1.82904699e-03  1.39987085e-03]
 [ 1.68338045e-03  1.23872957e-03]
 [ 1.08523469e-03  8.15652718e-04]
 [ 8.62131943e-04  9.53817915e-04]
 [ 7.91233266e-04  7.61490257e-04]
 [ 3.79275880e-04 -3.36781050e-05]
 [ 9.73360846e-04  6.03584514e-04]
 [ 3.27379908e-04  5.40190995e-05]
 [ 1.70777072e-04 -7.87342069e-05]
 [ 3.58545512e-04  3.62200080e-04]
 [ 3.05694994e-06  3.01377731e-04]
 [ 7.50001811e-04  9.36685072e-04]
 [ 8.22566624e-04  1.04316429e-03]
 [-1.95332439e-04  1.54968831e-04]
 [ 1.69641292e-03  1.64561870e-03]
 [ 1.25381781e-03  1.30876119e-03]
 [-2.91115808e-04  4.54355788e-04]
 [-2.82743684e-04  5.35401748e-04]
 [ 1.08571618e-03  1.33520470e-03]
 [ 1.98512990e-03  1.80808816e-03]
 [ 9.22751671e-04  1.32101926e-03]
 [ 3.39774461e-03  2.66028917e-03]
 [ 1.97272003e-03  1.97259244e-03]
 [ 1.09419448e-03  1.82633521e-03]
 [ 3.90505837e-03  3.46994749e-03]
 [ 2.21776310e-03  2.55727372e-03]
 [ 2.44722283e-03  2.84616603e-03]
 [ 1.62589294e-03  2.55786162e-03]
 [ 1.61252113e-03  2.78356043e-03]
 [ 2.15265248e-03  3.10401875e-03]
 [ 2.14549643e-03  3.24016903e-03]
 [-6.80696045e-04  1.76352961e-03]
 [-2.16176704e-04  1.99254951e-03]
 [-6.90695713e-04  1.92242826e-03]
 [-2.52861623e-03  9.61018552e-04]
 [-5.50062815e-03 -4.84445482e-04]
 [-4.47081728e-03  5.98137791e-04]
 [-4.59813653e-03  7.39478273e-04]
 [-1.29433267e-03  3.12718912e-03]
 [-1.22713041e-03  3.25982622e-03]
 [-1.26036734e-03  3.31379892e-03]
 [ 1.31122861e-03  4.78248112e-03]
 [ 2.23014690e-03  5.11716772e-03]
 [ 3.37265851e-03  5.62490942e-03]
 [ 5.33336122e-03  6.48322562e-03]
 [ 7.08863698e-03  7.16972537e-03]
 [ 8.75111576e-03  7.78379478e-03]
 [ 9.19797923e-03  7.99687579e-03]
 [ 9.18055046e-03  7.65101705e-03]
 [ 9.71535034e-03  7.69708259e-03]
 [ 9.73301847e-03  7.42792385e-03]
 [ 9.65144206e-03  7.37618469e-03]
 [ 8.58172122e-03  6.80422410e-03]
 [ 8.03271029e-03  6.70969812e-03]
 [ 7.70983705e-03  6.75742002e-03]
 [ 9.67042428e-03  7.96330161e-03]
 [ 8.10476672e-03  7.14891730e-03]
 [ 7.05281598e-03  6.44647842e-03]
 [ 6.43924437e-03  6.22627884e-03]
 [ 8.26761499e-03  7.09790038e-03]
 [ 7.04116886e-03  6.31924905e-03]
 [ 6.49608020e-03  6.12346781e-03]
 [ 5.82476566e-03  5.75743057e-03]
 [ 4.75004409e-03  5.18508162e-03]
 [ 5.53192478e-03  5.71956346e-03]
 [ 5.53175155e-03  5.79781551e-03]
 [ 4.00008680e-03  4.65345290e-03]
 [ 5.70665207e-03  5.79030113e-03]
 [ 3.62979504e-03  4.78550978e-03]
 [ 3.69163393e-03  5.12167346e-03]
 [ 1.56327384e-03  4.05738130e-03]
 [ 1.73233435e-04  3.42266331e-03]
 [-1.88318221e-03  2.32117088e-03]
 [-3.23066441e-03  1.76947645e-03]
 [-2.87412968e-03  2.17035739e-03]
 [-3.64683382e-03  1.79402030e-03]
 [-3.25637613e-03  2.10654782e-03]
 [-3.44439666e-03  1.98011380e-03]
 [-4.34837025e-03  1.45307719e-03]
 [-3.79646220e-03  1.96064124e-03]
 [-5.35556930e-04  3.94978514e-03]
 [ 9.10015369e-04  4.67982609e-03]
 [ 1.53127185e-03  4.85533522e-03]
 [ 1.74673076e-03  4.95060859e-03]
 [ 7.23225763e-04  4.33260668e-03]
 [ 5.47377276e-04  4.29360755e-03]
 [ 1.13572122e-03  4.69152955e-03]
 [ 2.01738346e-03  5.02695842e-03]
 [ 1.02589419e-03  4.43735206e-03]
 [-8.90640193e-04  3.13608465e-03]
 [-2.06344272e-03  2.51991209e-03]
 [-3.54949327e-04  3.55372461e-03]
 [-2.62342364e-04  3.47728655e-03]
 [ 1.40015862e-03  4.53021191e-03]
 [ 1.51010475e-03  4.58427751e-03]
 [ 6.91879366e-04  4.16400423e-03]
 [ 2.40534515e-04  3.94642167e-03]
 [-1.46713562e-03  2.91424897e-03]
 [-1.72363792e-03  2.91826110e-03]
 [-1.39985676e-03  3.21605569e-03]
 [-9.42472019e-04  3.54238017e-03]
 [ 7.08870473e-04  4.72005270e-03]
 [ 2.89395917e-03  5.82748931e-03]
 [ 3.37260053e-03  5.84753184e-03]
 [ 4.04262869e-03  6.14544982e-03]
 [ 5.22366539e-03  6.50167558e-03]
 [ 6.52925437e-03  7.05703208e-03]
 [ 6.87091891e-03  6.91692159e-03]
 [ 8.78790487e-03  7.77182821e-03]
 [ 1.50605822e-02  1.07736550e-02]
 [ 1.86532754e-02  1.23493308e-02]
 [ 2.07447335e-02  1.32778808e-02]
 [ 2.19430439e-02  1.31227532e-02]
 [ 2.37084497e-02  1.44771338e-02]
 [ 2.56871562e-02  1.51502769e-02]
 [ 2.57221404e-02  1.53026506e-02]
 [ 2.70820167e-02  1.51076633e-02]
 [ 2.56405454e-02  1.48414634e-02]
 [ 2.52564959e-02  1.41745666e-02]
 [ 2.39593703e-02  1.31615372e-02]
 [ 2.27404144e-02  1.26726395e-02]
 [ 2.18947269e-02  1.16066374e-02]
 [ 2.07153670e-02  1.04122395e-02]
 [ 1.90472864e-02  9.85787343e-03]
 [ 1.74300373e-02  8.88120010e-03]
 [ 1.63538586e-02  8.01878609e-03]
 [ 1.51547771e-02  7.32946163e-03]
 [ 1.24698114e-02  5.38847735e-03]
 [ 1.25330267e-02  6.02184143e-03]
 [ 1.28692454e-02  6.79790368e-03]
 [ 1.21447295e-02  6.04827516e-03]
 [ 1.20984111e-02  6.32133801e-03]
 [ 1.15183359e-02  6.29810663e-03]]
Actions:
[[-0.30396269  0.18162541]
 [ 0.34331818 -0.29650128]
 [-0.09512538 -0.18007134]
 [-0.31284987  0.05072771]
 [ 0.11472241 -0.09422333]
 [ 0.14290523  0.34410508]
 [-0.18278073 -0.15379685]
 [-0.41903571 -0.10372684]
 [-0.15050435  0.05274502]
 [ 0.34352261 -0.50726079]
 [-0.21810381  0.15442803]
 [ 0.23822269  0.39717482]
 [ 0.05969569  0.30011224]
 [ 0.26354458  0.08848076]
 [ 0.03594966  0.28568045]
 [ 0.14231359 -0.34839662]
 [-0.15850682  0.4306884 ]
 [-0.07613568 -0.1571456 ]
 [ 0.1348112   0.08507008]
 [ 0.24668592 -0.39702117]
 [-0.35673821  0.1052132 ]
 [-0.13650708 -0.53571601]
 [-0.41510632 -0.04176098]
 [ 0.35436907  0.00465815]
 [-0.27922453 -0.26988505]
 [ 0.00672428  0.08221748]
 [ 0.0546597  -0.0710924 ]
 [-0.36665531  0.12031844]
 [-0.03420479  0.20337629]
 [-0.27079813 -0.34157708]
 [-0.26086273 -0.050555  ]
 [ 0.01930252  0.06597305]
 [-0.27045274  0.28000529]
 [-0.20934942  0.23047778]
 [ 0.47616546  0.12008262]
 [-0.08516843  0.08547865]
 [-0.25250518 -0.13569506]
 [-0.25950659  0.08379531]
 [-0.3091443  -0.05048407]
 [ 0.0569001  -0.31917683]
 [ 0.1324669   0.07696294]
 [ 0.11128285 -0.13659252]
 [ 0.15456057  0.04037788]
 [ 0.20011695 -0.07787941]
 [ 0.10050147  0.11342243]
 [ 0.07476899  0.27164611]
 [ 0.40626098  0.02156422]
 [-0.09502438 -0.06205621]
 [-0.07206674 -0.31731992]
 [ 0.21295282 -0.27975363]
 [ 0.13566924 -0.23033848]
 [-0.2541656  -0.07777822]
 [ 0.04766616  0.07442285]
 [-0.09961403 -0.2620152 ]
 [ 0.22447484  0.36177038]
 [ 0.0857245   0.21478292]
 [-0.29636259  0.50067817]
 [-0.04052205  0.16050339]
 [ 0.06175178  0.01010234]
 [-0.01429133  0.39717272]
 [ 0.32113001  0.33455134]
 [-0.02324907 -0.28132159]
 [ 0.31731549 -0.13703053]
 [-0.10025637 -0.0409495 ]
 [-0.05545989  0.13497761]
 [ 0.15397036 -0.29164543]
 [-0.20274598 -0.1054054 ]
 [-0.30865757 -0.1791204 ]
 [-0.1224427   0.07788162]
 [ 0.26273656  0.16437549]
 [-0.01911892  0.15038441]
 [-0.24560455  0.27883038]
 [-0.01783779 -0.18495963]
 [-0.02141397  0.30477297]
 [-0.28579532 -0.10963809]
 [ 0.13542762  0.03642548]
 [ 0.12272587  0.21130621]
 [ 0.06071336 -0.05208031]
 [ 0.20252426  0.27256154]
 [-0.43072403  0.10852814]
 [ 0.37679317 -0.04389208]
 [-0.16429717  0.14513581]
 [-0.20379163  0.24769803]
 [-0.04007737  0.48492547]
 [ 0.04202006  0.29907184]
 [-0.03629552 -0.25059088]
 [-0.19358925  0.05527599]
 [ 0.31400882  0.1168955 ]
 [-0.14618505 -0.2375703 ]
 [ 0.07870806 -0.14849309]
 [ 0.47410589  0.019834  ]
 [-0.16860669  0.37057361]
 [ 0.10023039  0.04373575]
 [-0.0577237  -0.13834426]
 [-0.02713214 -0.23428132]
 [ 0.04861221  0.03136864]
 [-0.01882025 -0.07449573]
 [-0.25904473  0.07743421]
 [ 0.08132163  0.09340394]
 [-0.04053734 -0.12007378]
 [-0.09428141  0.09499045]
 [-0.20997681  0.01971098]
 [ 0.09514077 -0.41481005]
 [ 0.06541594  0.09865394]
 [ 0.17355577 -0.36700479]
 [ 0.0415808   0.14272754]
 [ 0.01833022 -0.05040425]
 [ 0.57646261  0.31160846]
 [ 0.03929699  0.12859129]
 [ 0.04216932 -0.06018534]
 [ 0.18634532  0.28230924]
 [ 0.08425204  0.38704579]
 [ 0.06317026  0.23337547]
 [-0.17502563 -0.33290196]
 [-0.07883926  0.29821764]
 [ 0.00435604  0.13918969]
 [-0.06051897  0.16668611]
 [-0.13132117  0.09039913]
 [-0.21066327  0.06100006]
 [-0.14504682 -0.25274442]
 [-0.05044832 -0.17958881]
 [ 0.27060132 -0.16501631]
 [-0.24156707  0.01567693]
 [-0.08578139  0.23902936]
 [-0.05683581 -0.03061974]
 [ 0.31177054  0.16849412]
 [-0.14140645  0.17391732]
 [-0.07198524 -0.07394771]
 [-0.0417156   0.08367142]
 [-0.07499248  0.09226231]
 [ 0.11192883 -0.08015803]
 [ 0.01576529 -0.04218133]
 [-0.03915166  0.48159242]
 [ 0.14971635 -0.29392983]
 [-0.26419514 -0.06777389]
 [-0.01332105 -0.2707032 ]
 [-0.23645516  0.03258603]
 [-0.08091427  0.04789366]
 [-0.00792233  0.34292461]
 [-0.16870199 -0.1384912 ]
 [ 0.13604818 -0.08181043]
 [ 0.11303152  0.23015806]
 [ 0.30824908  0.22269017]
 [ 0.12478426  0.20060179]
 [-0.0933165   0.03404084]
 [ 0.0275618  -0.19306252]
 [ 0.37879405  0.30452097]
 [ 0.1319104   0.2543772 ]
 [-0.03886681  0.12046239]
 [-0.12511504 -0.18473264]
 [-0.42663726 -0.26817996]
 [ 0.0219744   0.03612865]
 [ 0.24044553  0.14466949]
 [ 0.18722869  0.24764596]
 [-0.23171399 -0.02949663]
 [-0.10994746  0.45042953]
 [-0.1698289  -0.04374088]
 [ 0.40004882  0.09717488]
 [ 0.03194428  0.12971883]
 [-0.01354788 -0.21332988]
 [-0.08582686 -0.10848685]
 [-0.18263812 -0.08150658]
 [-0.07564593 -0.03225539]
 [-0.10378263  0.30280945]
 [-0.01187516 -0.1101095 ]
 [ 0.09863266 -0.07188662]
 [ 0.09044159 -0.06273935]
 [ 0.26075886 -0.31768219]
 [ 0.32145972  0.07116704]
 [-0.08725426  0.09629872]
 [-0.02706975 -0.08702543]
 [ 0.1158567   0.24122129]
 [ 0.06396206 -0.03984091]
 [ 0.0008351   0.28609315]
 [ 0.14748652 -0.04674324]
 [ 0.62820567 -0.15759004]
 [ 0.32831425  0.0867871 ]
 [ 0.09815342 -0.12836305]
 [-0.24471436  0.26803281]
 [ 0.28630816 -0.47959391]
 [ 0.22119195  0.27218349]
 [ 0.17122755 -0.16916162]
 [-0.11338051  0.39077285]
 [ 0.01012078 -0.36558596]
 [-0.1006073   0.20404155]
 [-0.20991226  0.03524202]
 [ 0.03379414 -0.06954272]
 [-0.09340322  0.27406359]
 [-0.08497863  0.25660676]
 [ 0.08569885 -0.06501688]
 [-0.21961022 -0.18756512]
 [-0.16242324 -0.0232168 ]
 [-0.06073327 -0.02866632]
 [-0.14463782  0.38525725]
 [ 0.08701933 -0.2668216 ]
 [ 0.22037803 -0.33196022]
 [-0.09790074  0.09786786]
 [ 0.21521873 -0.05851728]
 [ 0.25681374  0.06073791]
 [ 0.04171986  0.03722745]]
States:
[[0.99989512 0.99912486 0.51997815 0.47153962 0.51305804 0.59723661]
 [0.99998267 0.99933315 0.51380024 0.47515392 0.43509155 0.64486294]
 [0.99999906 0.99939809 0.50858164 0.47639403 0.52471228 0.56618229]
 ...
 [0.27181588 0.         0.05421615 0.57301832 0.70208532 0.57316217]
 [0.3020332  0.         0.04007747 0.57771832 0.75358729 0.55830432]
 [0.34138834 0.         0.02517449 0.58226705 0.81474731 0.57499268]]
Logstds:
[[-3. -3.]
 [-3. -3.]
 [-3. -3.]
 [-3. -3.]
 [-3. -3.]
 [-3. -3.]
 [-3. -3.]
 [-3. -3.]
 [-3. -3.]
 [-3. -3.]
 [-3. -3.]
 [-3. -3.]
 [-3. -3.]
 [-3. -3.]
 [-3. -3.]
 [-3. -3.]
 [-3. -3.]
 [-3. -3.]
 [-3. -3.]
 [-3. -3.]
 [-3. -3.]
 [-3. -3.]
 [-3. -3.]
 [-3. -3.]
 [-3. -3.]
 [-3. -3.]
 [-3. -3.]
 [-3. -3.]
 [-3. -3.]
 [-3. -3.]
 [-3. -3.]
 [-3. -3.]
 [-3. -3.]
 [-3. -3.]
 [-3. -3.]
 [-3. -3.]
 [-3. -3.]
 [-3. -3.]
 [-3. -3.]
 [-3. -3.]
 [-3. -3.]
 [-3. -3.]
 [-3. -3.]
 [-3. -3.]
 [-3. -3.]
 [-3. -3.]
 [-3. -3.]
 [-3. -3.]
 [-3. -3.]
 [-3. -3.]
 [-3. -3.]
 [-3. -3.]
 [-3. -3.]
 [-3. -3.]
 [-3. -3.]
 [-3. -3.]
 [-3. -3.]
 [-3. -3.]
 [-3. -3.]
 [-3. -3.]
 [-3. -3.]
 [-3. -3.]
 [-3. -3.]
 [-3. -3.]
 [-3. -3.]
 [-3. -3.]
 [-3. -3.]
 [-3. -3.]
 [-3. -3.]
 [-3. -3.]
 [-3. -3.]
 [-3. -3.]
 [-3. -3.]
 [-3. -3.]
 [-3. -3.]
 [-3. -3.]
 [-3. -3.]
 [-3. -3.]
 [-3. -3.]
 [-3. -3.]
 [-3. -3.]
 [-3. -3.]
 [-3. -3.]
 [-3. -3.]
 [-3. -3.]
 [-3. -3.]
 [-3. -3.]
 [-3. -3.]
 [-3. -3.]
 [-3. -3.]
 [-3. -3.]
 [-3. -3.]
 [-3. -3.]
 [-3. -3.]
 [-3. -3.]
 [-3. -3.]
 [-3. -3.]
 [-3. -3.]
 [-3. -3.]
 [-3. -3.]
 [-3. -3.]
 [-3. -3.]
 [-3. -3.]
 [-3. -3.]
 [-3. -3.]
 [-3. -3.]
 [-3. -3.]
 [-3. -3.]
 [-3. -3.]
 [-3. -3.]
 [-3. -3.]
 [-3. -3.]
 [-3. -3.]
 [-3. -3.]
 [-3. -3.]
 [-3. -3.]
 [-3. -3.]
 [-3. -3.]
 [-3. -3.]
 [-3. -3.]
 [-3. -3.]
 [-3. -3.]
 [-3. -3.]
 [-3. -3.]
 [-3. -3.]
 [-3. -3.]
 [-3. -3.]
 [-3. -3.]
 [-3. -3.]
 [-3. -3.]
 [-3. -3.]
 [-3. -3.]
 [-3. -3.]
 [-3. -3.]
 [-3. -3.]
 [-3. -3.]
 [-3. -3.]
 [-3. -3.]
 [-3. -3.]
 [-3. -3.]
 [-3. -3.]
 [-3. -3.]
 [-3. -3.]
 [-3. -3.]
 [-3. -3.]
 [-3. -3.]
 [-3. -3.]
 [-3. -3.]
 [-3. -3.]
 [-3. -3.]
 [-3. -3.]
 [-3. -3.]
 [-3. -3.]
 [-3. -3.]
 [-3. -3.]
 [-3. -3.]
 [-3. -3.]
 [-3. -3.]
 [-3. -3.]
 [-3. -3.]
 [-3. -3.]
 [-3. -3.]
 [-3. -3.]
 [-3. -3.]
 [-3. -3.]
 [-3. -3.]
 [-3. -3.]
 [-3. -3.]
 [-3. -3.]
 [-3. -3.]
 [-3. -3.]
 [-3. -3.]
 [-3. -3.]
 [-3. -3.]
 [-3. -3.]
 [-3. -3.]
 [-3. -3.]
 [-3. -3.]
 [-3. -3.]
 [-3. -3.]
 [-3. -3.]
 [-3. -3.]
 [-3. -3.]
 [-3. -3.]
 [-3. -3.]
 [-3. -3.]
 [-3. -3.]
 [-3. -3.]
 [-3. -3.]
 [-3. -3.]
 [-3. -3.]
 [-3. -3.]
 [-3. -3.]
 [-3. -3.]
 [-3. -3.]
 [-3. -3.]
 [-3. -3.]
 [-3. -3.]
 [-3. -3.]
 [-3. -3.]]
