Baseline:
[1.2982008  1.285043   1.2760504  1.2818778  1.2928592  1.2911493
 1.2942789  1.3022807  1.3128291  1.3433771  1.3399403  1.3394374
 1.3331014  1.3318576  1.3209176  1.3095447  1.311091   1.3038098
 1.2840939  1.2966988  1.3189029  1.3119113  1.3151582  1.3200132
 1.3130617  1.2952833  1.2716606  1.2542474  1.2495761  1.2240336
 1.2140107  1.2022084  1.1907687  1.1591371  1.1261201  1.0948807
 1.0539074  1.0299683  0.9940993  0.95882356 0.9345158  0.9046157
 0.88436854 0.88661397 0.8716318  0.8698863  0.8771264  0.8799529
 0.90094125 0.89882463 1.0223734  1.0368866  1.0297636  1.0432134
 1.0413302  1.0453581  1.0425789  1.0190134  0.99602306 1.0121415
 1.0039101  1.0144985  1.0243107  1.0242169  1.0179069  1.0306177
 0.9966926  0.97400343 0.95546895 0.9479654  0.96298057 0.9534215
 0.93390244 0.92629004 0.9581639  0.9612197  0.9912892  1.0110078
 1.0197365  1.0398729  1.0516849  1.0431614  1.0506938  1.0651633
 1.0816097  1.1220466  1.1233652  1.1501629  1.1701791  1.175116
 1.1742865  1.1905205  1.1903744  1.2019169  1.2114584  1.2213854
 1.2162085  1.2294447  1.2432497  1.2729236  1.2910453  1.3201644
 1.3360832  1.3267087  1.3606436  1.3809371  1.3659499  1.3794575
 1.3781656  1.3785708  1.3615751  1.3541827  1.3504546  1.3603837
 1.337941   1.3224329  1.3295153  1.3168287  1.3131901  1.2977695
 1.2912163  1.2649388  1.2730186  1.2747848  1.2478504  1.2498795
 1.2460235  1.2423563  1.2138481  1.2211097  1.1871799  1.1771947
 1.1774839  1.1710582  1.1480486  1.068432   1.0447588  1.0576997
 1.0573424  1.0550352  1.0576289  1.089212   1.041666   1.0438535
 1.0334235  1.0340555  1.0420333  1.0276161  1.0140896  1.0122062
 1.0111401  1.0038655  0.9928848  0.99309236 1.0059296  1.0279118
 1.037457   1.053964   1.0683659  1.0783397  1.1020513  1.095767
 1.1042837  1.1232917  1.1368222  1.1418568  1.1203034  1.1390908
 1.0804547  1.0549141  1.0415456  1.087302   1.0796726  1.0787603
 1.0874598  1.124539   1.1168112  1.1219568  1.1072028  1.0694228
 1.0881705  1.0640638  1.067559   1.0730269  1.0642912  1.0678933
 1.1158004  1.1256136  1.1288905  1.135596   1.1257055  1.1433735
 1.1359918  1.1522677  1.1378728  1.121483   1.1226763  1.1089823
 1.1126399  1.1085117  1.1085117 ]
Returns:
[5.52406439 5.33614964 5.39292908 5.33109141 5.2703897  5.33846004
 5.40644378 5.40941571 5.43823592 5.28376452 5.35563969 5.40173912
 5.48915895 5.32291935 5.3904344  5.45383594 5.26729179 5.33552999
 5.29402018 5.14514271 4.61920152 4.67461013 4.62508232 4.651159
 4.67562846 4.54034564 4.21982511 4.22953837 4.05308936 3.94313226
 3.95130218 3.98397987 3.83223331 3.79276974 3.80135976 3.82620723
 3.79724743 3.68000221 3.53526234 3.56301402 3.26785462 3.19170562
 3.1851191  3.18816823 3.17794875 3.06613757 3.00730503 3.05703251
 3.0837623  3.10997945 3.14079172 3.19817242 3.11912979 3.09712349
 3.15076205 3.15556266 3.23419548 3.27018362 3.24713203 3.19919793
 3.25149989 3.25099416 3.21814616 3.20077803 3.28049744 3.30247582
 3.26706862 3.33242424 3.10745046 3.17629893 3.1478763  2.5681225
 2.53592296 2.59064971 2.45415027 2.40339475 2.42536983 2.46388597
 2.5652004  2.67056491 2.79481018 2.88567183 3.00246032 3.16139405
 3.30799497 3.32183478 3.46828101 3.63069331 3.82378929 4.02202869
 4.19206131 4.37090635 4.18032596 4.38890982 4.48846695 4.66967725
 4.84176603 4.73185756 4.85609647 4.93509439 4.87233815 4.89338279
 4.99419652 4.93796278 4.82001801 4.80667332 4.81088868 4.81152601
 4.83388042 4.86377722 4.83740012 4.88393512 4.87307134 4.7733592
 4.76719953 4.77671229 4.77016392 4.7390327  4.68110437 4.71058872
 4.50051254 4.48893509 4.18333741 4.11374095 4.13412574 3.98614202
 3.87969178 3.78793902 3.747288   3.69222276 3.6396205  3.72166096
 3.78660916 3.88008681 3.94278523 3.92343505 3.94043852 3.94483187
 4.0247182  4.11296604 4.18907257 4.12821079 3.91181419 3.96131369
 3.99370632 4.00201154 4.0744262  4.0048698  3.98298834 3.82071255
 3.90713828 3.82100641 3.78707846 3.74891438 3.80428768 3.7562672
 3.80088293 3.81255475 3.84352337 3.83998969 3.73190181 3.80156408
 3.83543735 3.79722367 3.76558926 3.82477512 3.78706943 3.70517984
 3.74343502 3.71260401 3.73476953 3.41659239 3.32972558 3.39161178
 3.32659042 2.99292703 2.98444037 2.71314023 2.41636023 2.12420975
 2.06429882 1.93950619 1.90846244 1.89472647 1.80519702 1.77918944
 1.36391424 1.27744134 1.24358668 1.18787906 1.14161062 1.03938576
 1.01029907 0.92631348 0.7889568  0.65410349 0.58759912 0.35304756
 0.23465766 0.12007451]
Advants:
[2.84541769 2.67835649 2.75451384 2.69602627 2.63208543 2.71242555
 2.79074492 2.80017177 2.83469695 2.66159331 2.75216526 2.81676888
 2.93295899 2.78720584 2.88896905 2.99134993 2.82740049 2.93145299
 2.93994881 2.80634206 2.27149407 2.35025432 2.31360099 2.35297388
 2.40506398 2.30635537 2.02067212 2.06080744 1.89783412 1.82036304
 1.84665357 1.90129682 1.76767968 1.76686497 1.81737397 1.88485563
 1.9096063  1.82723659 1.72686661 1.80106835 1.53396617 1.49035562
 1.50730187 1.51169598 1.52050226 1.41142051 1.34437217 1.39166486
 1.39800892 1.427873   1.33392897 1.37681196 1.30268481 1.26373661
 1.31718581 1.31573349 1.39724871 1.45875634 1.46081355 1.39707896
 1.45982942 1.45079811 1.40905712 1.39224611 1.48143898 1.49442614
 1.49693467 1.59203296 1.38686334 1.46695464 1.42623125 0.84134726
 0.81233393 0.85887698 0.66815446 0.58842577 0.55195591 0.54054217
 0.60320636 0.65860004 0.74213463 0.81323303 0.89517187 1.01445966
 1.12131833 1.06861846 1.18990823 1.3038483  1.4587603  1.63832584
 1.7995651  1.95676275 1.75456419 1.94493316 2.030492   2.20223625
 2.38548456 2.26502358 2.38178542 2.43950178 2.36522978 2.36407422
 2.45910316 2.42179182 2.275576   2.24704401 2.27238163 2.26577102
 2.29694153 2.3355105  2.33568942 2.40165955 2.40737184 2.30828184
 2.33651857 2.37528544 2.37614986 2.37286495 2.33334738 2.39567147
 2.20475723 2.23359466 1.92555758 1.85810862 1.91113848 1.76268321
 1.65860606 1.56618705 1.54896608 1.47920091 1.45187892 1.53736441
 1.59692588 1.69438732 1.78009611 1.84222731 1.88618549 1.88093484
 1.96723788 2.06716909 2.15313065 2.07133572 1.90881995 1.96446978
 2.01766501 2.03683177 2.11573414 2.07458734 2.08115849 1.93200299
 2.03439492 1.96926819 1.9605113  1.93635217 1.99562713 1.9416242
 1.99514208 2.01017623 2.04881719 2.05884679 1.94851311 2.05010285
 2.10407141 2.07612922 2.06134132 2.15013213 2.17107058 2.1075302
 2.24771835 2.28924955 2.37669276 2.05783485 2.0250622  2.14022588
 2.12105098 1.79803471 1.84904453 1.62022743 1.38116514 1.16555107
 1.1265177  1.06571868 1.07339618 1.09941104 1.0651893  1.08520343
 0.66154689 0.60517577 0.61021098 0.59162642 0.60168558 0.52847768
 0.55676328 0.50765006 0.43639078 0.37037028 0.35748946 0.18928766
 0.12060694 0.06464887]
Mus:
[[-0.01694763 -0.00592685]
 [-0.01707581 -0.00537257]
 [-0.01753296 -0.00565248]
 [-0.01791419 -0.00542012]
 [-0.01859175 -0.0053497 ]
 [-0.01942513 -0.00585322]
 [-0.02015057 -0.00621711]
 [-0.02124939 -0.00696841]
 [-0.02169789 -0.00740272]
 [-0.02160079 -0.00690084]
 [-0.02149692 -0.00700685]
 [-0.02135578 -0.00728819]
 [-0.02133097 -0.00742995]
 [-0.01983928 -0.00617728]
 [-0.01957741 -0.0063147 ]
 [-0.01945593 -0.0063438 ]
 [-0.0193333  -0.00571925]
 [-0.01960035 -0.00610618]
 [-0.02022557 -0.00687058]
 [-0.02308803 -0.00861275]
 [-0.0208279  -0.00677985]
 [-0.02063737 -0.00684433]
 [-0.0223633  -0.00801782]
 [-0.02179542 -0.00765404]
 [-0.02104381 -0.0072183 ]
 [-0.0196114  -0.00635757]
 [-0.02023885 -0.00624594]
 [-0.02029503 -0.00665795]
 [-0.02218908 -0.00703265]
 [-0.02201605 -0.00768585]
 [-0.02342634 -0.0082295 ]
 [-0.0247458  -0.00888952]
 [-0.02588842 -0.00901503]
 [-0.02542922 -0.00925701]
 [-0.02537924 -0.00955498]
 [-0.02571937 -0.01001167]
 [-0.02456983 -0.00977416]
 [-0.02650697 -0.01100314]
 [-0.02542491 -0.01035856]
 [-0.02509785 -0.01034697]
 [-0.02570351 -0.00997458]
 [-0.02681342 -0.01070731]
 [-0.02633926 -0.01020223]
 [-0.0272469  -0.01059025]
 [-0.02517213 -0.00937063]
 [-0.02206135 -0.00754931]
 [-0.01932018 -0.00597597]
 [-0.01612694 -0.00472991]
 [-0.01486056 -0.00434981]
 [-0.01045002 -0.00268285]
 [-0.02545076 -0.00989992]
 [-0.02690326 -0.01083256]
 [-0.02573044 -0.01038771]
 [-0.02528254 -0.0102284 ]
 [-0.02657169 -0.01108666]
 [-0.02839554 -0.01235622]
 [-0.02857778 -0.01265877]
 [-0.02708307 -0.01208885]
 [-0.02679339 -0.0124656 ]
 [-0.02484604 -0.01159711]
 [-0.02566804 -0.01240771]
 [-0.02391147 -0.01148591]
 [-0.02091854 -0.00976102]
 [-0.02384223 -0.01163316]
 [-0.02126103 -0.01031966]
 [-0.01943823 -0.00921437]
 [-0.0178777  -0.00880735]
 [-0.01487573 -0.00759962]
 [-0.01633104 -0.00918477]
 [-0.01573597 -0.00937053]
 [-0.01159549 -0.00692104]
 [-0.00393038 -0.00241776]
 [-0.00109845 -0.00122946]
 [ 0.00132167 -0.00010771]
 [-0.00042186 -0.00105465]
 [-0.00304103 -0.00271564]
 [-0.00163935 -0.00189063]
 [-0.00194186 -0.00212456]
 [-0.00257732 -0.00257614]
 [-0.00150533 -0.00194923]
 [-0.00232175 -0.00236687]
 [-0.00193708 -0.00240647]
 [-0.00305931 -0.00317807]
 [-0.00172351 -0.0022975 ]
 [-0.00349182 -0.00317325]
 [-0.00200623 -0.00172441]
 [-0.00419191 -0.00293234]
 [-0.00510043 -0.00286121]
 [-0.00652391 -0.00307668]
 [-0.00864871 -0.0039606 ]
 [-0.01093013 -0.00500094]
 [-0.01137358 -0.00466773]
 [-0.01646116 -0.00763721]
 [-0.01889757 -0.00842288]
 [-0.0222362  -0.01003595]
 [-0.02484711 -0.01105306]
 [-0.02705285 -0.01174323]
 [-0.03056719 -0.01346917]
 [-0.03116257 -0.01362811]
 [-0.03190878 -0.01360803]
 [-0.03144192 -0.0127023 ]
 [-0.03251134 -0.01326323]
 [-0.03106643 -0.01264878]
 [-0.02818156 -0.01116934]
 [-0.02780491 -0.01103159]
 [-0.02709863 -0.01079051]
 [-0.02547098 -0.01047171]
 [-0.02385864 -0.00962367]
 [-0.02207257 -0.00860506]
 [-0.02095767 -0.00789281]
 [-0.01993103 -0.00708705]
 [-0.01942851 -0.00674334]
 [-0.0199212  -0.00743581]
 [-0.02140599 -0.0085455 ]
 [-0.02116697 -0.00854694]
 [-0.0205753  -0.00828246]
 [-0.02131265 -0.00879609]
 [-0.02309694 -0.01008356]
 [-0.02279644 -0.00997853]
 [-0.0228354  -0.01021144]
 [-0.02075623 -0.00899905]
 [-0.01892115 -0.00824149]
 [-0.01762614 -0.0071857 ]
 [-0.02002906 -0.00843589]
 [-0.02136729 -0.00915878]
 [-0.0219711  -0.0089897 ]
 [-0.02097823 -0.0080961 ]
 [-0.02115964 -0.00784359]
 [-0.02349682 -0.0086882 ]
 [-0.02417963 -0.00863412]
 [-0.02831305 -0.01041796]
 [-0.03093375 -0.01148568]
 [-0.0318899  -0.01161638]
 [-0.03323052 -0.01192848]
 [-0.03221679 -0.01096809]
 [-0.02819615 -0.00891601]
 [-0.02677771 -0.00827553]
 [-0.02846355 -0.00912747]
 [-0.02951032 -0.00969643]
 [-0.02855661 -0.00923901]
 [-0.0275289  -0.00870471]
 [-0.03022504 -0.0098958 ]
 [-0.02768433 -0.00888068]
 [-0.02928945 -0.00978546]
 [-0.02962921 -0.01023601]
 [-0.03189129 -0.01165602]
 [-0.03156875 -0.0116349 ]
 [-0.03025172 -0.01139852]
 [-0.02797114 -0.01079134]
 [-0.02269927 -0.00820585]
 [-0.02091051 -0.00769697]
 [-0.0169734  -0.00577405]
 [-0.01278509 -0.00383442]
 [-0.01002147 -0.00240757]
 [-0.00944143 -0.0022249 ]
 [-0.01065961 -0.00315196]
 [-0.01036413 -0.00333176]
 [-0.01135451 -0.00420647]
 [-0.0120194  -0.0045912 ]
 [-0.01188596 -0.00434387]
 [-0.01327577 -0.00491683]
 [-0.0134944  -0.00486099]
 [-0.01429626 -0.00502778]
 [-0.01764354 -0.0067202 ]
 [-0.01846706 -0.00685439]
 [-0.02072787 -0.00763258]
 [-0.02498367 -0.00952134]
 [-0.02513028 -0.00927359]
 [-0.02264677 -0.00720673]
 [-0.02101601 -0.00615855]
 [-0.01999127 -0.00557389]
 [-0.0214213  -0.0058647 ]
 [-0.0246051  -0.00746074]
 [-0.02552598 -0.00783859]
 [-0.02409204 -0.00685475]
 [-0.02260967 -0.00575077]
 [-0.02040532 -0.00445229]
 [-0.01869459 -0.00316307]
 [-0.02205565 -0.00486788]
 [-0.02237123 -0.00500734]
 [-0.02381527 -0.00572335]
 [-0.02119706 -0.00430257]
 [-0.01969397 -0.00346064]
 [-0.01934072 -0.0033593 ]
 [-0.01656519 -0.00184948]
 [-0.01607081 -0.00175157]
 [-0.01802284 -0.00269579]
 [-0.01889489 -0.00328335]
 [-0.01866131 -0.00329594]
 [-0.01900323 -0.00366051]
 [-0.01747954 -0.00285126]
 [-0.01647011 -0.00246737]
 [-0.01526465 -0.00190757]
 [-0.01397055 -0.00140099]
 [-0.0116576  -0.00016301]
 [-0.01220868 -0.00060665]
 [-0.0105779   0.00031678]
 [-0.00884666  0.00141188]
 [-0.00677614  0.00252351]
 [-0.00718332  0.0020586 ]]
Actions:
[[ 1.76296886e-01 -4.02683149e-01]
 [-8.55678195e-02 -7.92311655e-02]
 [ 2.35124055e-01 -1.33909920e-01]
 [ 2.87249752e-01 -1.86055900e-02]
 [-7.06566424e-02  3.31995907e-02]
 [ 3.33372341e-03  5.66085509e-02]
 [-9.88405765e-02  2.81880633e-01]
 [-6.18314810e-02  2.41192280e-01]
 [ 3.99272002e-01  1.38716207e-01]
 [-1.87012765e-01  3.04803329e-02]
 [-2.22892431e-01  1.43046233e-01]
 [-1.82974260e-01  8.36886262e-03]
 [ 2.66615696e-01 -3.34670407e-01]
 [-2.19958845e-01 -1.55964786e-02]
 [-1.31375411e-01 -9.85252818e-02]
 [ 3.26240998e-01 -2.95812251e-01]
 [-1.81185706e-01  4.33997957e-02]
 [-4.12705064e-01  4.73683631e-02]
 [-1.47263963e-01  4.85905915e-01]
 [ 6.43072658e-01 -2.14245999e-01]
 [-1.28610101e-01 -1.99645407e-02]
 [-2.34183483e-01  2.89991555e-01]
 [ 8.63424422e-02 -1.35418291e-02]
 [-1.33723843e-03 -1.46131657e-01]
 [ 3.60010852e-02 -3.94182200e-01]
 [ 8.39174992e-02 -5.52697091e-01]
 [-2.24900066e-01 -1.39801290e-02]
 [ 2.72786874e-01 -2.69101256e-01]
 [-4.26694916e-01  1.23950157e-01]
 [ 5.88355298e-02 -8.78313143e-02]
 [-1.86117710e-02  6.86891482e-03]
 [ 2.26915249e-01 -2.75093211e-01]
 [-3.18563217e-01 -1.63204835e-01]
 [-2.38206065e-01 -1.42107967e-01]
 [-2.02836804e-01 -2.93349137e-02]
 [-2.13426704e-01 -2.41129612e-01]
 [-3.26060665e-01  3.23451493e-01]
 [ 1.85731217e-01 -3.37046163e-01]
 [-1.77419707e-01 -1.42682673e-01]
 [ 4.86260080e-01 -1.79456583e-01]
 [-4.23436414e-01  1.30408805e-01]
 [ 1.65717355e-01 -6.99893614e-02]
 [-1.39191184e-02  2.39532646e-01]
 [ 1.55812508e-01 -1.59021510e-01]
 [ 3.32174957e-01 -1.72752626e-01]
 [ 2.83696047e-01 -1.04976600e-01]
 [-1.66077469e-01 -5.88749372e-02]
 [-1.16748241e-01  1.69098309e-01]
 [-1.68752542e-01 -1.15555168e-01]
 [ 5.51928889e-02  1.02325083e-01]
 [ 2.40182124e-02 -5.54537434e-02]
 [-1.94433739e-02 -4.07152451e-01]
 [ 2.02267319e-01  1.69506350e-01]
 [-1.38220119e-01  1.03445516e-01]
 [-1.56862707e-01  2.40095436e-01]
 [-6.68514819e-02  6.97436107e-02]
 [-1.70929854e-01 -2.31024888e-01]
 [-3.95677662e-01 -8.36585587e-02]
 [ 2.93260858e-01  1.49817869e-01]
 [-2.60510774e-01  8.58998869e-02]
 [ 2.62053649e-01  9.09763953e-02]
 [ 3.28900474e-01 -5.99999549e-02]
 [-3.08247444e-01  2.48063680e-01]
 [ 8.13366435e-02 -1.85650027e-01]
 [ 2.63741193e-01 -1.58435727e-02]
 [-3.45675000e-01 -3.11179292e-01]
 [-1.86553576e-01 -2.60616328e-01]
 [-5.93913457e-01  2.24722577e-01]
 [-2.84506481e-01  7.89793047e-02]
 [ 3.07768543e-01 -2.02089169e-01]
 [ 4.98017739e-01 -6.34603082e-01]
 [-2.74907481e-01 -3.13785416e-01]
 [-1.95100281e-01 -2.01912327e-01]
 [ 1.10712815e-01  4.61135785e-01]
 [-2.36012692e-01  3.33829008e-01]
 [ 2.05259092e-01  1.90207576e-01]
 [ 3.86590886e-02  2.99637913e-01]
 [-1.02092594e-01  1.81016982e-01]
 [ 1.12433305e-01  1.54196424e-01]
 [-3.18504915e-02  1.93683396e-01]
 [-2.56087824e-01 -1.34291859e-01]
 [-1.41148189e-01  2.09172474e-01]
 [ 4.86712231e-02 -1.21461309e-01]
 [-6.36381053e-02  2.18669835e-01]
 [ 3.67361202e-01 -1.17082531e-01]
 [-2.27881089e-01  5.73151825e-02]
 [ 1.51681368e-01 -6.14611253e-02]
 [ 9.57716787e-02 -4.30933638e-02]
 [-1.22694630e-01  3.16496227e-02]
 [-2.28547539e-01  5.54086772e-03]
 [ 1.12938432e-01 -1.32409832e-01]
 [-4.21380785e-01  4.97555851e-01]
 [-7.21467796e-02  2.12597155e-02]
 [-1.86625875e-01  2.71913836e-01]
 [-1.25865333e-01  1.00203065e-01]
 [-1.83618567e-01 -9.61291757e-02]
 [-3.72345415e-01  4.39286085e-01]
 [ 1.31003772e-01  5.93484085e-02]
 [ 1.73151454e-01 -1.09277596e-01]
 [ 2.50050287e-01 -3.02578228e-01]
 [ 7.68711845e-02  2.99294437e-01]
 [ 7.14542821e-02  2.44161748e-02]
 [ 2.44114077e-02 -3.72944298e-01]
 [ 3.07872877e-01  2.84853629e-01]
 [ 9.29343531e-02  2.90735296e-01]
 [-3.40412180e-01 -7.94579525e-02]
 [ 1.98731029e-01  7.51870502e-02]
 [ 1.00528029e-01 -9.88277472e-02]
 [ 1.07383070e-01 -2.74692392e-02]
 [ 1.41903904e-02 -2.64607172e-01]
 [ 1.94881807e-02 -5.82927199e-02]
 [-2.07251781e-01  2.18054958e-01]
 [-2.67250083e-02  4.01113646e-01]
 [-1.96671811e-01 -1.36432997e-01]
 [-5.73239064e-02 -1.18410497e-01]
 [ 5.98070421e-02  1.89441777e-01]
 [-2.59414550e-01  1.68366989e-01]
 [ 1.26921787e-01  2.74816691e-01]
 [-4.23254335e-02 -3.40601923e-02]
 [ 3.37398495e-01 -2.92284517e-01]
 [-6.13362793e-02 -1.81305779e-01]
 [ 5.38634592e-01  1.59759228e-02]
 [ 7.64811467e-02  3.09586599e-01]
 [-1.80680546e-01 -2.69143014e-02]
 [ 3.75576637e-01  1.26288565e-01]
 [ 3.49852364e-01  8.37456163e-03]
 [ 2.43274302e-01  2.56764449e-01]
 [-1.64583227e-01 -2.72033294e-01]
 [ 2.72081700e-01  1.56817953e-01]
 [-3.75596551e-01 -8.41382725e-02]
 [-9.87677149e-02  2.13989362e-02]
 [ 1.28348519e-01  1.43482883e-02]
 [ 4.46717360e-02 -3.02786490e-02]
 [ 6.91453150e-02 -1.83593993e-01]
 [-2.28653267e-01  3.16370625e-01]
 [-1.24425489e-01 -2.65305531e-01]
 [-9.08580226e-02  2.83338581e-01]
 [-1.43265359e-01  8.73809219e-02]
 [ 7.32230183e-02 -6.13949827e-02]
 [ 1.37478058e-01 -3.06519537e-02]
 [ 8.01951643e-02  3.72537275e-01]
 [-3.30687994e-01 -4.82488844e-01]
 [-1.94507050e-01  1.32819781e-01]
 [-2.92315007e-01  1.29242723e-02]
 [-2.65441525e-01  1.89855895e-01]
 [ 1.25459595e-01  6.39092074e-02]
 [-1.92585762e-01  3.77160868e-01]
 [-2.05232228e-01  2.96628698e-01]
 [ 3.43083706e-01 -3.16719934e-01]
 [-7.87964320e-02 -2.73493830e-02]
 [ 2.82180904e-01 -2.57417188e-01]
 [ 1.40450846e-01 -2.75574450e-01]
 [ 2.45575088e-01 -1.67415986e-01]
 [ 2.58579762e-02  8.13697008e-02]
 [-1.56999177e-01  3.09589037e-01]
 [-8.40620950e-02  1.19460329e-01]
 [-7.18272245e-02  2.47630434e-01]
 [ 1.19226569e-01  1.70420782e-01]
 [ 2.46922517e-01  7.73518980e-02]
 [ 2.43626413e-01  3.31717173e-01]
 [ 6.05013632e-04 -7.33831864e-02]
 [ 1.59264181e-01  1.07291191e-01]
 [-4.65828500e-02  3.55414893e-01]
 [ 2.50519715e-01  1.68098809e-01]
 [ 6.93664874e-02  1.15012621e-01]
 [-3.79826343e-01 -7.26424474e-02]
 [ 3.23761147e-01  1.67033945e-01]
 [ 1.84088197e-01  1.28904620e-02]
 [ 2.85360812e-02 -3.31945738e-01]
 [-2.28959380e-02 -2.30524725e-01]
 [ 3.88283220e-01  4.32838171e-01]
 [-4.24687533e-01  8.31482717e-02]
 [-8.67649046e-02  1.36040619e-02]
 [ 3.13111722e-01 -3.58688981e-02]
 [ 5.26002695e-01  2.15448215e-01]
 [ 1.70959637e-01 -9.81712483e-02]
 [ 3.08842100e-01  4.25607704e-01]
 [-6.15518048e-01  8.20662909e-02]
 [-4.53986123e-01 -3.72887298e-01]
 [-9.16909336e-02  2.36555578e-01]
 [ 3.35578906e-02 -3.43903606e-01]
 [ 1.26958879e-01 -3.22806382e-02]
 [-9.84474528e-02  5.89494346e-02]
 [ 1.62678639e-01 -2.02521384e-01]
 [-1.61468488e-01  3.97652337e-02]
 [ 1.72777271e-01  5.74492392e-01]
 [-1.06583318e-01  2.24978732e-01]
 [-3.70811533e-02  1.05174722e-01]
 [-8.58513603e-02  1.65374663e-01]
 [ 5.88314657e-02 -1.43658378e-01]
 [ 1.42908006e-01  2.10355210e-01]
 [-1.46985138e-02 -1.04951053e-01]
 [ 1.32546829e-01  1.73451843e-01]
 [ 5.37975928e-02 -3.20673337e-01]
 [-3.08334237e-01  1.93146634e-01]
 [ 1.19336477e-01 -8.74315750e-02]
 [ 3.65943777e-02 -4.30549989e-01]
 [ 1.28251307e-01 -1.74660382e-01]
 [-2.31664936e-01  1.19537748e-01]
 [ 6.75995922e-02  1.80368775e-01]]
States:
[[0.99993963 0.99997639 0.50167015 0.49532391 0.51337454 0.59728222]
 [0.99998202 0.99982696 0.50525843 0.48734109 0.55862395 0.49173512]
 [0.99999899 0.99902827 0.51059096 0.47001145 0.53578936 0.47306833]
 ...
 [0.64475533 0.         0.99674551 0.57605633 0.65864582 0.47494774]
 [0.62079682 0.         1.         0.59747824 0.68868408 0.4315971 ]
 [0.59905841 0.         1.         0.6193386  0.62575013 0.46619833]]
Logstds:
[[-3. -3.]
 [-3. -3.]
 [-3. -3.]
 [-3. -3.]
 [-3. -3.]
 [-3. -3.]
 [-3. -3.]
 [-3. -3.]
 [-3. -3.]
 [-3. -3.]
 [-3. -3.]
 [-3. -3.]
 [-3. -3.]
 [-3. -3.]
 [-3. -3.]
 [-3. -3.]
 [-3. -3.]
 [-3. -3.]
 [-3. -3.]
 [-3. -3.]
 [-3. -3.]
 [-3. -3.]
 [-3. -3.]
 [-3. -3.]
 [-3. -3.]
 [-3. -3.]
 [-3. -3.]
 [-3. -3.]
 [-3. -3.]
 [-3. -3.]
 [-3. -3.]
 [-3. -3.]
 [-3. -3.]
 [-3. -3.]
 [-3. -3.]
 [-3. -3.]
 [-3. -3.]
 [-3. -3.]
 [-3. -3.]
 [-3. -3.]
 [-3. -3.]
 [-3. -3.]
 [-3. -3.]
 [-3. -3.]
 [-3. -3.]
 [-3. -3.]
 [-3. -3.]
 [-3. -3.]
 [-3. -3.]
 [-3. -3.]
 [-3. -3.]
 [-3. -3.]
 [-3. -3.]
 [-3. -3.]
 [-3. -3.]
 [-3. -3.]
 [-3. -3.]
 [-3. -3.]
 [-3. -3.]
 [-3. -3.]
 [-3. -3.]
 [-3. -3.]
 [-3. -3.]
 [-3. -3.]
 [-3. -3.]
 [-3. -3.]
 [-3. -3.]
 [-3. -3.]
 [-3. -3.]
 [-3. -3.]
 [-3. -3.]
 [-3. -3.]
 [-3. -3.]
 [-3. -3.]
 [-3. -3.]
 [-3. -3.]
 [-3. -3.]
 [-3. -3.]
 [-3. -3.]
 [-3. -3.]
 [-3. -3.]
 [-3. -3.]
 [-3. -3.]
 [-3. -3.]
 [-3. -3.]
 [-3. -3.]
 [-3. -3.]
 [-3. -3.]
 [-3. -3.]
 [-3. -3.]
 [-3. -3.]
 [-3. -3.]
 [-3. -3.]
 [-3. -3.]
 [-3. -3.]
 [-3. -3.]
 [-3. -3.]
 [-3. -3.]
 [-3. -3.]
 [-3. -3.]
 [-3. -3.]
 [-3. -3.]
 [-3. -3.]
 [-3. -3.]
 [-3. -3.]
 [-3. -3.]
 [-3. -3.]
 [-3. -3.]
 [-3. -3.]
 [-3. -3.]
 [-3. -3.]
 [-3. -3.]
 [-3. -3.]
 [-3. -3.]
 [-3. -3.]
 [-3. -3.]
 [-3. -3.]
 [-3. -3.]
 [-3. -3.]
 [-3. -3.]
 [-3. -3.]
 [-3. -3.]
 [-3. -3.]
 [-3. -3.]
 [-3. -3.]
 [-3. -3.]
 [-3. -3.]
 [-3. -3.]
 [-3. -3.]
 [-3. -3.]
 [-3. -3.]
 [-3. -3.]
 [-3. -3.]
 [-3. -3.]
 [-3. -3.]
 [-3. -3.]
 [-3. -3.]
 [-3. -3.]
 [-3. -3.]
 [-3. -3.]
 [-3. -3.]
 [-3. -3.]
 [-3. -3.]
 [-3. -3.]
 [-3. -3.]
 [-3. -3.]
 [-3. -3.]
 [-3. -3.]
 [-3. -3.]
 [-3. -3.]
 [-3. -3.]
 [-3. -3.]
 [-3. -3.]
 [-3. -3.]
 [-3. -3.]
 [-3. -3.]
 [-3. -3.]
 [-3. -3.]
 [-3. -3.]
 [-3. -3.]
 [-3. -3.]
 [-3. -3.]
 [-3. -3.]
 [-3. -3.]
 [-3. -3.]
 [-3. -3.]
 [-3. -3.]
 [-3. -3.]
 [-3. -3.]
 [-3. -3.]
 [-3. -3.]
 [-3. -3.]
 [-3. -3.]
 [-3. -3.]
 [-3. -3.]
 [-3. -3.]
 [-3. -3.]
 [-3. -3.]
 [-3. -3.]
 [-3. -3.]
 [-3. -3.]
 [-3. -3.]
 [-3. -3.]
 [-3. -3.]
 [-3. -3.]
 [-3. -3.]
 [-3. -3.]
 [-3. -3.]
 [-3. -3.]
 [-3. -3.]
 [-3. -3.]
 [-3. -3.]
 [-3. -3.]
 [-3. -3.]
 [-3. -3.]
 [-3. -3.]
 [-3. -3.]
 [-3. -3.]
 [-3. -3.]
 [-3. -3.]]
