Baseline:
[0.5191132  0.5074101  0.5113869  0.50496477 0.48412246 0.49305204
 0.5063905  0.48265487 0.47388715 0.47232467 0.46758726 0.44570467
 0.45731354 0.4418443  0.43935993 0.43091723 0.4398311  0.45473447
 0.44955972 0.4487485  0.46396112 0.46548617 0.46486872 0.46526024
 0.4607569  0.4690475  0.4595845  0.48787948 0.47542858 0.48185322
 0.4771689  0.44752702 0.4475625  0.43841988 0.45719135 0.4497078
 0.46014103 0.43622106 0.4356394  0.42566988 0.41606382 0.42230588
 0.41448697 0.40343392 0.42792463 0.43098757 0.44887668 0.4621999
 0.44607568 0.41960093 0.43871528 0.4310992  0.42478165 0.4197403
 0.4141606  0.42070985 0.39702493 0.3807043  0.38748118 0.3857458
 0.4018965  0.3843627  0.40455338 0.41771373 0.4254815  0.42799088
 0.43463507 0.4512916  0.46428406 0.47219697 0.48924568 0.47612092
 0.47121665 0.47161892 0.46738324 0.4541449  0.4381173  0.43395966
 0.41887167 0.43651852 0.4297872  0.43483278 0.43288893 0.41126183
 0.40520743 0.39971697 0.39937213 0.4101081  0.38266197 0.35341325
 0.33533674 0.34075066 0.29773122 0.28632963 0.25528714 0.21751545
 0.19317207 0.16624425 0.16265294 0.15176073 0.14260486 0.14654876
 0.22500479 0.25488198 0.23171902 0.24053727 0.22717008 0.2507841
 0.22733438 0.24521168 0.23908424 0.2544303  0.26186088 0.25118396
 0.23981483 0.2538935  0.2869679  0.2917371  0.30164936 0.26559165
 0.2636021  0.25480866 0.24546517 0.23782185 0.25261718 0.27531382
 0.29832342 0.30773878 0.30327556 0.31932086 0.29838037 0.29121974
 0.2921966  0.28778824 0.28557986 0.28835976 0.28139472 0.29114437
 0.30654207 0.30929294 0.31224835 0.3206426  0.346656   0.37218896
 0.37909505 0.39747414 0.38994655 0.36307222 0.37639418 0.35999635
 0.35832933 0.33264455 0.33083862 0.31792536 0.31908855 0.31645086
 0.32159945 0.32219604 0.33724108 0.35043633 0.36459282 0.37298122
 0.3806965  0.3817997  0.37888694 0.36768574 0.36556244 0.3503811
 0.3350331  0.32529476 0.32168034 0.3127174  0.29948    0.2881467
 0.27944544 0.2653552  0.25662544 0.251231   0.22741075 0.20067349
 0.19685082 0.19598338 0.20026276 0.20924696 0.21494949 0.22522151
 0.22233097 0.22211856 0.21675731 0.21747953 0.19731542 0.17807426
 0.17079602 0.1685813  0.17329472 0.1923764  0.1999626  0.19974881
 0.20082456 0.19796154 0.19796154]
Returns:
[ 2.44907051e+00  2.43484763e+00  2.42713537e+00  2.41924861e+00
  2.32276951e+00  2.31955934e+00  2.24662082e+00  1.92528215e+00
  1.89166505e+00  1.88617858e+00  1.88359489e+00  1.84361164e+00
  1.76466823e+00  1.75654884e+00  1.71220477e+00  1.52190367e+00
  1.47791037e+00  1.30175161e+00  1.26894219e+00  1.31311613e+00
  1.17212301e+00  1.23161937e+00  1.03995173e+00  9.63414900e-01
  9.96006531e-01  9.89694577e-01  9.98257348e-01  5.12239754e-01
  4.80314932e-01  3.89725432e-01  4.05155028e-01  1.84806361e-01
  1.94824949e-01  9.70807669e-02 -6.14714318e-05  1.38387432e-03
 -8.90151084e-03 -1.57015422e-01 -1.31821485e-01 -2.51189119e-01
 -2.50113017e-01 -3.25380289e-01 -3.14198976e-01 -2.73948098e-01
 -3.96247312e-01 -3.88912637e-01 -4.25202678e-01 -4.41686271e-01
 -3.82368876e-01 -5.46513434e-01 -5.66957369e-01 -5.65663623e-01
 -5.53170993e-01 -4.67736924e-01 -3.84271798e-01 -2.91764106e-01
 -3.19200640e-01 -2.93439161e-01 -4.19494867e-01 -3.28769872e-01
 -3.80996240e-01 -5.45695594e-01 -5.67243420e-01 -5.11054765e-01
 -4.68358723e-01 -4.32879263e-01 -3.34834105e-01 -5.22805145e-01
 -5.29265473e-01 -6.73882595e-01 -8.27181957e-01 -7.77262535e-01
 -7.93915199e-01 -8.17110776e-01 -7.48615828e-01 -6.80570568e-01
 -6.83571707e-01 -5.91615512e-01 -5.62726557e-01 -5.54324043e-01
 -4.76760061e-01 -4.04443523e-01 -2.94167766e-01 -2.80257865e-01
 -2.00107019e-01 -7.93549056e-02 -1.08061585e-02  3.34167007e-02
 -3.51462737e-02  6.54088033e-03  1.22684790e-01  1.03109869e-01
  1.32815386e-01  2.40718956e-02  1.37381515e-01  1.26161127e-01
  2.35019074e-01  2.82902876e-01  3.47083754e-01  4.76484431e-01
  4.27303454e-01  5.13918672e-01  6.23934869e-01  6.08428909e-01
  6.03761060e-01  5.18934709e-01  4.82587796e-01  4.70793310e-01
  4.09827926e-01  3.67279547e-01  4.17369497e-01  4.45548560e-01
  5.17744041e-01  6.01868166e-01  6.54095363e-01  5.98484493e-01
  4.76473483e-01  4.44231789e-01  5.31839614e-01  4.47060690e-01
  5.65599126e-01  6.15655290e-01  6.81451734e-01  7.67249524e-01
  5.27758284e-01  5.45580840e-01  5.51235227e-01  6.06355948e-01
  7.29060092e-01  7.17233738e-01  7.14734187e-01  8.07708429e-01
  8.60435200e-01  8.40073397e-01  9.00990326e-01  1.03796823e+00
  1.14217157e+00  1.12160458e+00  1.05409646e+00  1.11951108e+00
  1.26151155e+00  1.28949521e+00  1.29900965e+00  1.29606824e+00
  1.31499769e+00  1.39690370e+00  1.27419705e+00  6.21429183e-01
  5.77355553e-01  4.06780169e-01  4.23610996e-01  1.80122208e-02
  4.67337557e-03  5.82624882e-02  1.32882115e-01  1.97978173e-01
  2.27097936e-01  2.23173005e-01  2.67932112e-02  3.25521273e-02
  1.40635658e-01  2.57142143e-01  2.87358323e-01  3.51170719e-01
  4.57819575e-01  4.16716237e-01  4.34916651e-01  1.64986573e-01
  2.24659968e-01  2.15998939e-01  2.64119779e-01  2.95749688e-01
  2.14689995e-01  2.24189189e-01  1.65625399e-01  2.39563559e-01
  2.09897824e-01  2.72398505e-01  2.54870500e-01  3.08440505e-02
 -5.35197448e-02 -8.17669579e-02 -8.08824075e-02 -3.55134640e-03
  1.15689371e-01 -9.03182450e-03  1.26800859e-01  6.18729089e-02
  1.44507079e-01  2.45690752e-01  2.48118334e-01  3.76520714e-01
  4.81892281e-01  4.99473929e-01  3.68149782e-01  2.87024687e-01
  2.69503134e-01  1.38169733e-01  1.99401282e-01  2.03527808e-01]
Advants:
[ 1.48198907  1.50091958  1.51214668  1.53550501  1.48446653  1.49864503
  1.43825994  1.15955029  1.15443522  1.1718052   1.19713351  1.20362185
  1.13695263  1.17044738  1.15566517  0.99756641  0.96880656  0.79803967
  0.79157448  0.86092377  0.72632658  0.80954013  0.63997372  0.58398007
  0.64494038  0.6557846   0.70198233  0.20233504  0.19817346  0.11477565
  0.15028788 -0.029607   -0.00758221 -0.08585656 -0.19414827 -0.17667192
 -0.18875572 -0.30742031 -0.27484717 -0.38025208 -0.36490621 -0.44387546
 -0.42153113 -0.36501149 -0.51068125 -0.50506186 -0.5594542  -0.59041421
 -0.51389079 -0.65464443 -0.69877274 -0.69454668 -0.68023748 -0.59184826
 -0.50231345 -0.41316473 -0.41357033 -0.36655568 -0.49814372 -0.4014732
 -0.46739621 -0.61645017 -0.66152887 -0.62079449 -0.5872753  -0.55481465
 -0.46113968 -0.66962824 -0.69387252 -0.85631966 -1.0426982  -0.99510018
 -1.02397392 -1.06688583 -1.01286516 -0.94937143 -0.95524742 -0.87667371
 -0.85037097 -0.87908103 -0.81330261 -0.7640454  -0.66790337 -0.64871445
 -0.57758381 -0.4637956  -0.40628661 -0.38411844 -0.43878989 -0.38036941
 -0.25557936 -0.29157477 -0.22854481 -0.33941812 -0.20528565 -0.1890034
 -0.06282628  0.00667651  0.07078369  0.2114383   0.17056785  0.25487864
  0.28919404  0.24539723  0.26618583  0.17213385  0.14800135  0.11024677
  0.06902488  0.00270843  0.0542719   0.06245145  0.1241695   0.21859614
  0.28375305  0.2136017   0.05321866  0.0093142   0.08193193  0.02619345
  0.14283406  0.19928522  0.27414632  0.37017478  0.11083144  0.10031905
  0.07630849  0.11620509  0.24100189  0.20969572  0.22497988  0.32478603
  0.37777973  0.36268263  0.42868956  0.57016512  0.69266919  0.67371625
  0.60057809  0.67577967  0.83273096  0.87235784  0.87709298  0.87078097
  0.90722648  0.99922074  0.91137188  0.2957792   0.2477868   0.09904507
  0.12401395 -0.2606277  -0.2776477  -0.21504308 -0.14354455 -0.07584065
 -0.05116051 -0.0550525  -0.27233309 -0.28635398 -0.19666748 -0.08980731
 -0.06797556 -0.00405306  0.1102137   0.08449271  0.10998234 -0.14703923
 -0.07216405 -0.07121211 -0.01801283  0.02542421 -0.04140919 -0.01885929
 -0.06840022  0.02269968  0.00444936  0.07735877  0.08928708 -0.10798765
 -0.19100405 -0.22191677 -0.2292505  -0.16306428 -0.04835928 -0.18626135
 -0.04640436 -0.11189107 -0.022011    0.0836027   0.11248426  0.27151979
  0.40001603  0.43762101  0.31670177  0.22980204  0.21835839  0.09801165
  0.17171853  0.19362971]
Mus:
[[-2.56638024e-02 -1.09379543e-02]
 [-2.65851114e-02 -1.09822750e-02]
 [-2.67223958e-02 -1.08277583e-02]
 [-2.70364266e-02 -1.16404044e-02]
 [-2.73004081e-02 -1.21153388e-02]
 [-2.69298442e-02 -1.21095274e-02]
 [-2.59723291e-02 -1.22306980e-02]
 [-2.61692554e-02 -1.16506880e-02]
 [-2.63405517e-02 -1.15508288e-02]
 [-2.65306402e-02 -1.15520628e-02]
 [-2.66857482e-02 -1.14402259e-02]
 [-2.64853947e-02 -1.19124213e-02]
 [-2.58844960e-02 -1.18806334e-02]
 [-2.51678508e-02 -1.22218896e-02]
 [-2.41486933e-02 -1.15102744e-02]
 [-2.29360759e-02 -1.20750722e-02]
 [-2.08924823e-02 -1.16838580e-02]
 [-1.91848408e-02 -1.16976574e-02]
 [-1.66085362e-02 -1.02935797e-02]
 [-1.45600885e-02 -9.50610824e-03]
 [-1.36266220e-02 -9.50832479e-03]
 [-1.15444865e-02 -8.70969612e-03]
 [-8.80770292e-03 -8.63109995e-03]
 [-5.48619777e-03 -6.71534799e-03]
 [-2.77832523e-03 -5.60686924e-03]
 [-8.70670832e-04 -4.70743841e-03]
 [ 2.09169905e-03 -3.77770537e-03]
 [ 2.20683217e-03 -2.64008227e-03]
 [ 3.90921580e-03 -1.96136301e-03]
 [ 3.85146239e-03 -1.26960978e-03]
 [ 5.42381452e-03 -1.02949096e-03]
 [ 7.78508233e-03 -1.72877189e-04]
 [ 8.19319114e-03  3.15862213e-04]
 [ 1.03743430e-02  2.21305032e-04]
 [ 1.02439793e-02  5.53463004e-04]
 [ 1.06052179e-02  1.06398284e-03]
 [ 1.03971520e-02  1.02599279e-03]
 [ 1.08113000e-02  1.59401982e-03]
 [ 1.03839254e-02  1.60457601e-03]
 [ 9.25758202e-03  2.06927327e-03]
 [ 8.58813524e-03  2.19304417e-03]
 [ 7.46048382e-03  2.25331332e-03]
 [ 6.85764151e-03  1.44219154e-03]
 [ 6.70094416e-03  1.13917689e-03]
 [ 5.22225024e-03  7.54865003e-04]
 [ 4.66400431e-03  8.45762494e-04]
 [ 4.63277800e-03  9.71291622e-04]
 [ 4.71172389e-03  1.37026375e-03]
 [ 4.34238184e-03  1.07274589e-03]
 [ 4.27672127e-03  9.31094328e-05]
 [ 4.12071962e-03  2.30832695e-04]
 [ 4.79421858e-03 -1.70025494e-04]
 [ 4.06785635e-03 -8.50041324e-05]
 [ 3.88442678e-03 -2.80486856e-04]
 [ 3.37209832e-03 -3.77781136e-04]
 [ 3.08373570e-03 -4.15297865e-04]
 [ 2.37267651e-03 -9.65436164e-04]
 [ 1.29333045e-03 -1.21186022e-03]
 [ 9.52195027e-04 -2.12679524e-03]
 [-3.24007066e-04 -2.42558448e-03]
 [-8.04552576e-04 -1.84517959e-03]
 [-2.77515338e-03 -3.46583896e-03]
 [-4.09770478e-03 -3.93638946e-03]
 [-4.60435357e-03 -3.72149399e-03]
 [-6.06552837e-03 -4.55434201e-03]
 [-6.28125342e-03 -4.19750810e-03]
 [-7.02483393e-03 -4.36057011e-03]
 [-6.04393566e-03 -3.05053778e-03]
 [-5.54731302e-03 -2.87594553e-03]
 [-3.85254552e-03 -1.59183424e-03]
 [-2.70417379e-03 -1.06085150e-03]
 [-2.44149310e-03 -1.36230700e-03]
 [-1.83825125e-03 -7.74828659e-04]
 [-1.33128383e-03 -1.33270209e-04]
 [-6.33664778e-04  2.59908353e-04]
 [-3.32250202e-04  4.51535103e-04]
 [ 1.12557644e-03  4.60793963e-04]
 [ 1.90730940e-03  7.31999637e-04]
 [ 2.29216903e-03  2.16855362e-04]
 [ 2.64980062e-03  5.93537639e-04]
 [ 2.91692140e-03  2.73752463e-04]
 [ 3.15725850e-03  6.66105072e-04]
 [ 3.33302352e-03  6.06924703e-04]
 [ 3.80530767e-03  7.84563250e-04]
 [ 3.90350539e-03  1.08438998e-03]
 [ 4.00602585e-03  1.10022747e-03]
 [ 3.95339355e-03  1.52567436e-03]
 [ 4.11181664e-03  1.77456450e-03]
 [ 4.02139034e-03  2.11140583e-03]
 [ 3.80970282e-03  2.14580819e-03]
 [ 4.80259955e-03  2.23781704e-03]
 [ 5.52934036e-03  3.06559470e-03]
 [ 5.52188884e-03  2.92763556e-03]
 [ 5.66286361e-03  3.75474989e-03]
 [ 5.86710870e-03  3.98793072e-03]
 [ 5.25848335e-03  4.40012710e-03]
 [ 7.12794252e-03  4.78162197e-03]
 [ 9.34249070e-03  4.91373660e-03]
 [ 9.41537973e-03  5.46059897e-03]
 [ 8.64833687e-03  5.17676864e-03]
 [ 6.26902189e-03  5.10583166e-03]
 [ 8.12680926e-03  4.77592135e-03]
 [ 8.12655222e-03  1.48146262e-03]
 [ 8.51078238e-03  1.79928727e-03]
 [ 5.65202069e-03  2.45155738e-04]
 [ 5.68512874e-03  9.33239004e-04]
 [ 3.22890305e-03 -2.35673011e-04]
 [ 2.03202385e-03 -8.87672359e-04]
 [-2.60220678e-03 -3.46556259e-03]
 [-2.84036575e-03 -3.20234429e-03]
 [-4.19208407e-03 -3.36181931e-03]
 [-6.18387526e-03 -4.15891316e-03]
 [-9.95542761e-03 -5.88608766e-03]
 [-1.43492958e-02 -7.88441114e-03]
 [-1.53760323e-02 -7.93689676e-03]
 [-1.49882361e-02 -7.39850663e-03]
 [-1.99084096e-02 -9.78208054e-03]
 [-2.68150605e-02 -1.30955335e-02]
 [-2.98614539e-02 -1.42692095e-02]
 [-3.36656831e-02 -1.56213930e-02]
 [-3.56790461e-02 -1.62423383e-02]
 [-3.63526642e-02 -1.59999412e-02]
 [-3.71142216e-02 -1.59001239e-02]
 [-4.03784402e-02 -1.73445903e-02]
 [-3.75929326e-02 -1.55891469e-02]
 [-3.97473723e-02 -1.66735761e-02]
 [-4.28912155e-02 -1.83715485e-02]
 [-4.31671180e-02 -1.81095712e-02]
 [-4.56846654e-02 -1.91995222e-02]
 [-4.47535664e-02 -1.82860605e-02]
 [-4.75065224e-02 -1.92698278e-02]
 [-4.92553264e-02 -2.02525724e-02]
 [-5.04433401e-02 -2.13090014e-02]
 [-5.16228564e-02 -2.25196611e-02]
 [-5.12049906e-02 -2.21855696e-02]
 [-5.08672185e-02 -2.23455708e-02]
 [-5.01899347e-02 -2.23640669e-02]
 [-5.01064435e-02 -2.31851544e-02]
 [-4.83877473e-02 -2.21503191e-02]
 [-4.80358042e-02 -2.26664189e-02]
 [-4.65852208e-02 -2.23580711e-02]
 [-4.56478484e-02 -2.27883365e-02]
 [-4.36195731e-02 -2.25647334e-02]
 [-4.07309346e-02 -2.21152306e-02]
 [-3.55193317e-02 -1.98040381e-02]
 [-3.13976221e-02 -1.82104986e-02]
 [-2.41141170e-02 -1.56742819e-02]
 [-1.54346135e-02 -1.14790713e-02]
 [-1.13270683e-02 -1.04755731e-02]
 [-5.39359776e-03 -7.57936761e-03]
 [-1.35127362e-03 -6.14265865e-03]
 [ 4.91946097e-03 -2.95094145e-03]
 [ 6.63182605e-03 -2.58329720e-03]
 [ 9.00246762e-03 -1.23456516e-03]
 [ 9.49926861e-03 -1.03552500e-03]
 [ 9.61519871e-03 -3.11652169e-04]
 [ 7.23987818e-03 -9.41686856e-04]
 [ 3.30702472e-03 -1.80201791e-03]
 [-2.34589656e-03 -4.19729715e-03]
 [-9.35719814e-03 -6.85239583e-03]
 [-1.58298053e-02 -8.52930173e-03]
 [-2.16426644e-02 -1.03629958e-02]
 [-2.76722107e-02 -1.27055310e-02]
 [-3.14917825e-02 -1.40134078e-02]
 [-3.56658585e-02 -1.57671329e-02]
 [-3.66955996e-02 -1.60887614e-02]
 [-4.14736643e-02 -1.83548667e-02]
 [-3.97927836e-02 -1.76756009e-02]
 [-4.14132401e-02 -1.87754594e-02]
 [-4.33556400e-02 -2.00258549e-02]
 [-4.33110707e-02 -2.04088110e-02]
 [-4.18511070e-02 -1.99676119e-02]
 [-3.82678583e-02 -1.86417233e-02]
 [-3.27345915e-02 -1.71234030e-02]
 [-2.46015228e-02 -1.42583260e-02]
 [-1.58530977e-02 -1.10265352e-02]
 [-7.77756516e-03 -8.04751646e-03]
 [-1.63719081e-03 -5.49034309e-03]
 [ 3.97459185e-03 -2.57895025e-03]
 [ 6.99788751e-03 -3.96840653e-04]
 [ 6.10012049e-03 -1.04145566e-03]
 [ 1.77053350e-03 -2.89195706e-03]
 [-2.14787317e-03 -3.14903632e-03]
 [-4.60287277e-03 -3.84069048e-03]
 [-5.17468480e-03 -3.69447120e-03]
 [-9.43682808e-03 -5.46141947e-03]
 [-1.26387859e-02 -6.65740483e-03]
 [-1.94018781e-02 -9.51250736e-03]
 [-2.56508626e-02 -1.20917512e-02]
 [-3.24095003e-02 -1.48918452e-02]
 [-3.63901742e-02 -1.64027158e-02]
 [-4.13034745e-02 -1.85397658e-02]
 [-4.44442295e-02 -2.01948639e-02]
 [-4.48931232e-02 -2.09249295e-02]
 [-4.68549803e-02 -2.28348710e-02]
 [-4.56503257e-02 -2.34524123e-02]
 [-3.99301462e-02 -2.18625627e-02]
 [-3.14118788e-02 -1.84701718e-02]
 [-2.41602547e-02 -1.57566424e-02]
 [-1.67591944e-02 -1.26497122e-02]]
Actions:
[[-7.97862850e-02 -2.56591948e-01]
 [ 1.49808924e-01 -4.48665484e-02]
 [-2.90268622e-01  1.69271277e-01]
 [-4.42662681e-01 -1.48582675e-01]
 [ 1.55712224e-01  1.15242830e-01]
 [ 5.98395967e-02  3.36184273e-01]
 [-1.42514340e-01 -5.88580952e-01]
 [-2.07377212e-02 -2.23462135e-01]
 [ 8.05137732e-02 -8.00418208e-02]
 [ 5.89006302e-02 -1.77254188e-01]
 [-3.80304194e-01 -8.27564102e-02]
 [ 2.26218007e-01  1.72038374e-01]
 [-3.22076795e-01  7.47894939e-02]
 [ 1.36849617e-01 -2.05383311e-01]
 [-3.65528609e-01  4.09673369e-01]
 [ 5.50431492e-02  2.88659558e-01]
 [ 1.91957757e-02  4.83578373e-01]
 [ 2.65947752e-02 -2.77515951e-01]
 [-3.42042997e-02 -3.30801504e-02]
 [ 1.21006272e-01  4.02335807e-01]
 [-4.81006494e-02 -8.83479086e-03]
 [-4.33264622e-01  3.17768216e-01]
 [ 1.15931985e-01 -2.89192496e-01]
 [-8.84539785e-02 -9.35854049e-02]
 [ 1.34661169e-01  3.52093429e-02]
 [-2.34248863e-01 -4.79586845e-02]
 [ 6.62507284e-01 -2.76177141e-02]
 [-1.89765576e-01 -1.49724609e-01]
 [ 2.19905563e-01 -1.19523678e-01]
 [-1.59140201e-01  7.76005632e-02]
 [-4.04841204e-01 -3.21965695e-01]
 [ 7.41748168e-02 -6.23685938e-02]
 [-3.41970814e-01  1.88901912e-01]
 [ 2.77353555e-01  1.71047287e-01]
 [-1.92555744e-02 -1.70746522e-01]
 [ 1.10561474e-01  1.55603516e-01]
 [-2.13326150e-01 -3.63141584e-01]
 [ 2.25093743e-02 -1.02882681e-02]
 [ 8.93533679e-02 -3.40351360e-01]
 [-3.92410729e-03 -1.99190817e-01]
 [ 2.63160658e-01 -1.52760015e-01]
 [-2.07463379e-01  1.61035218e-01]
 [-1.78540895e-01 -2.57463160e-02]
 [ 3.64930969e-01  1.99230027e-01]
 [ 1.58872656e-01 -7.99785443e-02]
 [ 2.64903964e-01  1.44933110e-01]
 [ 2.69769903e-01 -3.07813681e-02]
 [-1.31850621e-01 -6.99138806e-02]
 [-4.71218106e-01  1.90953091e-01]
 [ 2.67615910e-01  1.36731511e-01]
 [-2.24569104e-01  2.08884245e-01]
 [-1.86412130e-02 -2.35567875e-01]
 [-8.22450467e-02  7.03972969e-03]
 [-4.84107153e-02 -1.02635169e-01]
 [ 9.44110585e-02  6.16266941e-02]
 [-3.32989068e-01 -1.32709274e-01]
 [-1.57363377e-01 -2.17210467e-01]
 [-6.09522216e-02  4.75444868e-01]
 [-4.58381719e-02 -9.85064041e-02]
 [ 3.47269764e-01 -1.49431919e-01]
 [-4.41509549e-01  2.73305495e-01]
 [ 2.16095288e-01  2.61837242e-01]
 [ 1.76596576e-01 -5.26059489e-02]
 [-3.24614568e-02  2.45477613e-01]
 [-4.99459151e-03 -2.38834376e-01]
 [ 3.72440799e-02  1.49917809e-02]
 [ 3.54452954e-01 -3.55052454e-01]
 [ 2.26750715e-01  2.11262371e-01]
 [ 2.52142774e-01 -3.70860787e-01]
 [ 3.44268740e-01  3.32948395e-01]
 [-1.87765887e-01  4.02990781e-02]
 [ 2.65412741e-02 -2.96294081e-01]
 [ 1.82501037e-01 -2.51095687e-01]
 [ 1.06597483e-01 -3.37663882e-02]
 [-5.05423435e-03 -1.36756602e-01]
 [-1.11737447e-01  2.93066151e-01]
 [ 4.12872578e-02  1.58007457e-02]
 [-1.91166295e-01  1.99192495e-01]
 [ 2.87478269e-01  7.71058327e-02]
 [-1.00481340e-01  1.46198499e-01]
 [ 1.21147468e-01 -1.15094984e-01]
 [ 4.11736680e-04  5.05944056e-02]
 [-2.13228632e-01 -2.23055193e-01]
 [ 3.01109433e-02 -1.72980404e-01]
 [ 2.24341857e-02  5.42474665e-03]
 [ 1.62861102e-01 -1.59187054e-01]
 [ 2.72503121e-01  1.09994508e-01]
 [-8.88293782e-02 -4.23432322e-01]
 [-1.30441122e-01 -2.57892982e-01]
 [-2.39671875e-02  1.38032850e-01]
 [ 3.64262963e-01 -1.40116397e-01]
 [-2.66103559e-01 -1.76152768e-01]
 [ 2.86210505e-01 -3.86326695e-01]
 [ 2.35410829e-03 -1.40531596e-01]
 [ 1.03705852e-01 -3.62352635e-01]
 [-2.76215899e-02  1.87588334e-01]
 [-2.30573210e-01  2.04152012e-01]
 [ 2.55419521e-01 -1.13851520e-01]
 [-7.09358055e-02 -1.02337275e-01]
 [ 7.03900244e-02 -4.31813114e-01]
 [-2.10160017e-01  1.04409386e-01]
 [-1.45541334e-01 -5.64035257e-02]
 [ 3.70092338e-01 -7.64685075e-02]
 [-2.75603939e-01 -2.70849488e-01]
 [ 3.30315757e-01 -2.92690050e-01]
 [-1.31653914e-01 -3.98540316e-01]
 [ 2.17690377e-01  2.74497874e-01]
 [-4.40527103e-01  3.56641599e-02]
 [ 3.46935220e-01  9.18854693e-02]
 [ 1.69702242e-01 -1.19073769e-01]
 [ 1.84682514e-01  1.63592626e-01]
 [-1.28385070e-02  1.62951971e-01]
 [-1.99626685e-01  2.57264749e-02]
 [ 1.31636382e-01 -1.74235186e-01]
 [ 3.60069001e-01  3.15134780e-02]
 [-2.12525215e-02  4.72775563e-01]
 [-2.63131017e-01  3.18037626e-01]
 [ 6.31174754e-02  1.18377612e-01]
 [-3.23069556e-01 -3.91473349e-01]
 [-3.76288689e-02 -9.81077174e-02]
 [ 9.10940108e-02 -2.33740761e-01]
 [ 5.09985612e-02 -2.04891536e-01]
 [-2.94511860e-01 -6.35669995e-02]
 [ 5.34118663e-01  4.66564612e-02]
 [ 8.18652156e-03  3.03675768e-01]
 [-1.48641980e-01  3.33407037e-01]
 [ 1.67429202e-01 -7.23997188e-02]
 [-2.19065821e-01 -1.08826085e-02]
 [ 2.73358694e-01 -1.16105421e-01]
 [-3.43912696e-01 -2.81341959e-01]
 [-3.00627801e-01 -3.74472296e-03]
 [-2.93838043e-01  2.07280612e-01]
 [-4.60638934e-01  1.17717505e-01]
 [-6.77513179e-02 -2.64739392e-01]
 [-1.07782792e-01  6.70858171e-02]
 [-2.51522341e-01 -1.11430037e-01]
 [-2.22683481e-01  3.65845899e-01]
 [ 3.47812432e-01 -6.41493268e-02]
 [-3.22279434e-01  1.26489701e-01]
 [-1.49263935e-01 -2.48162954e-02]
 [-3.47420343e-01  2.25995194e-01]
 [-6.06723759e-03  3.08716603e-01]
 [-1.42438528e-01  3.57619353e-01]
 [-5.81675731e-02 -3.01359475e-01]
 [ 8.49016401e-02  3.91618342e-02]
 [-4.72789747e-01 -2.61068050e-01]
 [-1.20747410e-01 -8.44009439e-01]
 [-1.84045914e-01  3.12838631e-01]
 [-5.84712611e-02 -4.62808047e-01]
 [-2.98462644e-01  5.90050455e-02]
 [-5.20437010e-01 -4.84617965e-01]
 [ 1.86140555e-01  1.81965954e-01]
 [-1.12605545e-01 -1.91834874e-01]
 [-1.51235225e-01  1.49531146e-01]
 [-1.26189466e-01 -2.09502939e-01]
 [ 2.91103499e-01  1.22181406e-02]
 [-2.80546003e-01 -2.32836320e-01]
 [-2.76595915e-01  4.97137452e-01]
 [ 7.47411158e-02  3.39933656e-01]
 [-4.64461509e-02 -1.38076465e-01]
 [-1.32514653e-01 -6.48271679e-02]
 [-2.74262570e-01  1.99032697e-01]
 [ 1.51736038e-01 -1.36668486e-01]
 [ 1.95750661e-02  1.25558740e-01]
 [-3.20275290e-01 -2.47966991e-01]
 [-8.64025869e-02  2.87510185e-01]
 [ 9.93967392e-02 -5.43020547e-01]
 [-5.78863290e-03  1.25515485e-01]
 [-2.79173523e-01  1.93539171e-01]
 [ 1.88487515e-03  3.68002159e-02]
 [-2.13839937e-01 -1.33049052e-01]
 [-3.57511488e-01 -2.83995884e-01]
 [-3.38842593e-01  5.91973067e-02]
 [ 1.87672318e-01 -1.38602259e-01]
 [-5.35109023e-02 -1.11407313e-01]
 [-4.04988155e-01  6.48333907e-02]
 [ 1.47038408e-01  3.12939179e-03]
 [-1.70036511e-01 -3.42657807e-01]
 [ 2.14309872e-01 -5.14036645e-01]
 [-1.86459504e-01  4.18232991e-01]
 [ 1.97086216e-01  3.48684351e-01]
 [ 4.95209822e-02 -3.52277587e-01]
 [-2.21182947e-01  1.02485245e-01]
 [ 1.06955665e-01 -1.04148304e-01]
 [-3.60829122e-01  3.60432866e-01]
 [ 2.32613976e-02  9.41236881e-03]
 [-3.40576549e-01  2.98345857e-01]
 [ 1.56592084e-01  1.27813272e-01]
 [-1.32266369e-01  1.38635582e-01]
 [ 9.20755344e-02 -3.34530326e-01]
 [-8.14571840e-02  1.51628775e-02]
 [-1.10128763e-01  1.11235796e-01]
 [-3.88794989e-01  7.27699170e-02]
 [-5.01907323e-02  4.72768735e-01]
 [-2.48733142e-01  3.82423097e-01]
 [ 2.34628363e-01  1.49855490e-02]
 [ 2.88859493e-01 -3.26198770e-01]
 [ 9.01954198e-02 -9.22151524e-02]
 [-3.27469553e-01 -2.00671113e-01]
 [-1.27406977e-01 -5.56866439e-01]]
States:
[[0.99979236 0.99937518 0.49492203 0.52405233 0.51353154 0.5969324 ]
 [0.99974554 0.99961329 0.49335529 0.51892458 0.49309    0.52970285]
 [0.99974217 0.9999319  0.49324811 0.50794301 0.53191162 0.51926556]
 ...
 [0.8345668  0.29900973 0.13167143 0.0228324  0.         0.72663718]
 [0.7342763  0.31717277 0.06014111 0.01788768 0.         0.69994494]
 [0.61764208 0.32906603 0.01479617 0.01499328 0.         0.64537375]]
Logstds:
[[-3. -3.]
 [-3. -3.]
 [-3. -3.]
 [-3. -3.]
 [-3. -3.]
 [-3. -3.]
 [-3. -3.]
 [-3. -3.]
 [-3. -3.]
 [-3. -3.]
 [-3. -3.]
 [-3. -3.]
 [-3. -3.]
 [-3. -3.]
 [-3. -3.]
 [-3. -3.]
 [-3. -3.]
 [-3. -3.]
 [-3. -3.]
 [-3. -3.]
 [-3. -3.]
 [-3. -3.]
 [-3. -3.]
 [-3. -3.]
 [-3. -3.]
 [-3. -3.]
 [-3. -3.]
 [-3. -3.]
 [-3. -3.]
 [-3. -3.]
 [-3. -3.]
 [-3. -3.]
 [-3. -3.]
 [-3. -3.]
 [-3. -3.]
 [-3. -3.]
 [-3. -3.]
 [-3. -3.]
 [-3. -3.]
 [-3. -3.]
 [-3. -3.]
 [-3. -3.]
 [-3. -3.]
 [-3. -3.]
 [-3. -3.]
 [-3. -3.]
 [-3. -3.]
 [-3. -3.]
 [-3. -3.]
 [-3. -3.]
 [-3. -3.]
 [-3. -3.]
 [-3. -3.]
 [-3. -3.]
 [-3. -3.]
 [-3. -3.]
 [-3. -3.]
 [-3. -3.]
 [-3. -3.]
 [-3. -3.]
 [-3. -3.]
 [-3. -3.]
 [-3. -3.]
 [-3. -3.]
 [-3. -3.]
 [-3. -3.]
 [-3. -3.]
 [-3. -3.]
 [-3. -3.]
 [-3. -3.]
 [-3. -3.]
 [-3. -3.]
 [-3. -3.]
 [-3. -3.]
 [-3. -3.]
 [-3. -3.]
 [-3. -3.]
 [-3. -3.]
 [-3. -3.]
 [-3. -3.]
 [-3. -3.]
 [-3. -3.]
 [-3. -3.]
 [-3. -3.]
 [-3. -3.]
 [-3. -3.]
 [-3. -3.]
 [-3. -3.]
 [-3. -3.]
 [-3. -3.]
 [-3. -3.]
 [-3. -3.]
 [-3. -3.]
 [-3. -3.]
 [-3. -3.]
 [-3. -3.]
 [-3. -3.]
 [-3. -3.]
 [-3. -3.]
 [-3. -3.]
 [-3. -3.]
 [-3. -3.]
 [-3. -3.]
 [-3. -3.]
 [-3. -3.]
 [-3. -3.]
 [-3. -3.]
 [-3. -3.]
 [-3. -3.]
 [-3. -3.]
 [-3. -3.]
 [-3. -3.]
 [-3. -3.]
 [-3. -3.]
 [-3. -3.]
 [-3. -3.]
 [-3. -3.]
 [-3. -3.]
 [-3. -3.]
 [-3. -3.]
 [-3. -3.]
 [-3. -3.]
 [-3. -3.]
 [-3. -3.]
 [-3. -3.]
 [-3. -3.]
 [-3. -3.]
 [-3. -3.]
 [-3. -3.]
 [-3. -3.]
 [-3. -3.]
 [-3. -3.]
 [-3. -3.]
 [-3. -3.]
 [-3. -3.]
 [-3. -3.]
 [-3. -3.]
 [-3. -3.]
 [-3. -3.]
 [-3. -3.]
 [-3. -3.]
 [-3. -3.]
 [-3. -3.]
 [-3. -3.]
 [-3. -3.]
 [-3. -3.]
 [-3. -3.]
 [-3. -3.]
 [-3. -3.]
 [-3. -3.]
 [-3. -3.]
 [-3. -3.]
 [-3. -3.]
 [-3. -3.]
 [-3. -3.]
 [-3. -3.]
 [-3. -3.]
 [-3. -3.]
 [-3. -3.]
 [-3. -3.]
 [-3. -3.]
 [-3. -3.]
 [-3. -3.]
 [-3. -3.]
 [-3. -3.]
 [-3. -3.]
 [-3. -3.]
 [-3. -3.]
 [-3. -3.]
 [-3. -3.]
 [-3. -3.]
 [-3. -3.]
 [-3. -3.]
 [-3. -3.]
 [-3. -3.]
 [-3. -3.]
 [-3. -3.]
 [-3. -3.]
 [-3. -3.]
 [-3. -3.]
 [-3. -3.]
 [-3. -3.]
 [-3. -3.]
 [-3. -3.]
 [-3. -3.]
 [-3. -3.]
 [-3. -3.]
 [-3. -3.]
 [-3. -3.]
 [-3. -3.]
 [-3. -3.]
 [-3. -3.]
 [-3. -3.]
 [-3. -3.]
 [-3. -3.]
 [-3. -3.]
 [-3. -3.]
 [-3. -3.]
 [-3. -3.]
 [-3. -3.]]
