Baseline:
[1.4888811 1.4850348 1.4461008 1.4524624 1.4794548 1.4597553 1.4804786
 1.4802307 1.4639513 1.4571073 1.450234  1.4560304 1.4445376 1.4064162
 1.3837343 1.3714166 1.3477752 1.343441  1.3260527 1.294013  1.2796683
 1.2617807 1.2682242 1.2502985 1.2177863 1.2226202 1.2233143 1.2147231
 1.2178788 1.2313944 1.2434514 1.2467802 1.250335  1.2507992 1.3015159
 1.312784  1.310988  1.2809    1.2801945 1.2730088 1.2596898 1.2755649
 1.263059  1.2373784 1.2007804 1.1939926 1.1687636 1.1708431 1.1599294
 1.1556165 1.1498067 1.1343951 1.141571  1.1272906 1.1618972 1.1656573
 1.16868   1.1809142 1.1638246 1.1670196 1.1692328 1.1611172 1.134348
 1.1426183 1.1066289 1.1044129 1.0448692 1.0575585 1.0429901 1.0379901
 1.0761626 1.0744863 1.0694104 1.0796196 1.0987797 1.112695  1.1266117
 1.1347005 1.1241446 1.1476741 1.1753478 1.1919127 1.1990687 1.1919739
 1.2188706 1.2270389 1.2238013 1.2082975 1.2053335 1.2027619 1.1960342
 1.1954372 1.1966052 1.1641897 1.1734066 1.167867  1.1711166 1.187861
 1.1738167 1.1818388 1.1783264 1.2196418 1.2326362 1.2370812 1.2374399
 1.238653  1.2083919 1.2224565 1.1960033 1.2069834 1.2057028 1.2154784
 1.2034128 1.1881458 1.2219503 1.1884798 1.2159699 1.1627004 1.1949704
 1.1942323 1.2046049 1.2225088 1.2318201 1.2065394 1.1603343 1.1228602
 1.1539984 1.1677091 1.1749988 1.1765947 1.1905223 1.1855245 1.1862755
 1.2292373 1.2397699 1.2588178 1.2433797 1.2591462 1.2759876 1.2852865
 1.301239  1.3110394 1.3101797 1.3025098 1.3104451 1.3295023 1.3440967
 1.3734443 1.3718716 1.3820388 1.3908864 1.4274701 1.4381465 1.452477
 1.470722  1.4717243 1.4943478 1.5025434 1.5021503 1.5041826 1.5059924
 1.4759965 1.4717904 1.4804136 1.4821571 1.4882742 1.4781114 1.46594
 1.4865173 1.506318  1.5235476 1.532829  1.5201643 1.5287611 1.5052567
 1.4823909 1.4767838 1.502158  1.5353056 1.5439721 1.5578845 1.5799396
 1.5903606 1.6212087 1.6227288 1.6414944 1.6456276 1.6592371 1.70847
 1.7394149 1.7283212 1.7415898 1.7438378 1.7343594 1.7298939 1.7055176
 1.6785251 1.6506906 1.634571  1.6230351 1.6230351]
Returns:
[7.12971313 7.07180055 6.91316312 6.75554878 6.27857566 6.15802169
 5.92592101 5.64260331 5.51937132 5.43303181 5.34974507 5.02298723
 4.886354   4.72540476 4.67492683 4.62135611 4.60320208 4.4616095
 4.42223921 4.36611602 4.33401143 4.16815957 4.0166773  3.98242001
 3.98656056 3.96189756 3.98738968 4.06396891 4.10808088 4.13398725
 4.04623421 4.14218723 4.21286682 4.31339795 4.41163698 4.52128796
 4.58094335 4.49406285 4.33218273 4.44327545 4.51833967 4.47166838
 4.57006664 4.64904682 4.49357539 4.60802166 4.65938631 4.7726506
 4.85187888 4.96074382 5.08562556 5.18921002 5.27861083 5.18327475
 5.00472885 5.055951   5.14459277 5.18312095 5.22308652 5.26999723
 5.35297424 5.43244914 5.26945206 5.04579076 5.0215431  5.07587509
 4.88874704 4.77670306 4.76733164 4.73237773 4.65551956 4.60964195
 4.54951626 4.51676651 4.16914133 3.96626677 4.02924057 4.11059212
 4.21394579 4.25641002 4.1595857  4.04587129 4.15058641 4.01750331
 3.70278891 3.74616904 3.82168401 3.86137434 3.99528688 4.00990013
 4.12592033 4.25381833 4.36950156 4.41000214 4.48795058 4.56376812
 4.69716658 4.80182393 4.87658868 5.01279753 5.17227084 4.99843454
 5.13505201 5.30992845 5.44310567 5.61911712 5.7033235  5.70837433
 5.79073708 5.91359206 6.07013234 5.83821356 5.9656625  5.79791573
 5.77278853 5.81998617 5.32968126 5.21358463 5.02916446 5.04829209
 5.12257116 5.15338803 5.16519685 5.17868586 4.85945095 4.72940616
 4.55609947 4.58274144 4.5424777  4.61937745 4.55610772 4.61268365
 4.57739453 4.33027134 4.3718531  4.38334049 4.42514773 4.362262
 4.33087564 4.38152195 4.24699816 4.25045411 4.36589227 4.45187679
 4.42996697 4.35865237 4.35246953 4.30462121 4.43496666 4.42654999
 4.56047468 4.55797966 4.73163098 4.81755642 4.95653835 5.15046028
 5.28469899 5.46430177 5.68679459 5.90612023 6.14276634 6.26673298
 6.48459635 6.64794345 6.84101928 7.01675265 7.21777921 7.3923914
 7.47990067 7.58920665 7.51875621 7.59832671 7.20812976 7.27268426
 7.07042234 6.72062164 6.75160169 6.6585851  6.02143842 5.9866222
 5.84485878 5.5673829  5.41170932 5.19356193 5.07518654 4.93293425
 4.81227925 4.66443805 4.12885043 3.68791351 3.39892717 2.99383046
 2.60594959 2.30278042 2.08964966 1.58959801 1.29937053 0.93755352
 0.7096428  0.45470831]
Advants:
[4.16293684 4.15575941 4.08323701 3.96538992 3.49589626 3.429331
 3.20589787 2.94596795 2.86081859 2.80252511 2.74675649 2.42632074
 2.31046058 2.19390501 2.17205562 2.13598017 2.14725572 2.0120336
 1.99158157 1.96841342 1.95109755 1.79903887 1.63178564 1.6048269
 1.63108085 1.58938697 1.60171597 1.67598927 1.70638686 1.70770269
 1.5927874  1.67188423 1.72640529 1.81588959 1.85339746 1.94395588
 1.99881661 1.93311557 1.75728874 1.86332495 1.94115641 1.86522502
 1.96503397 2.06089132 1.92878799 2.03941472 2.10686625 2.21156881
 2.29746428 2.40953426 2.54306549 2.66882349 2.76092933 2.68808952
 2.4772604  2.52871161 2.62130768 2.65598615 2.7239048  2.78076135
 2.87828338 2.98676863 2.86900217 2.64993164 2.67599315 2.74982954
 2.63706059 2.52454688 2.54316534 2.52684976 2.42306162 2.38969349
 2.34469704 2.31131927 1.94358765 1.71906586 1.76124962 1.82931934
 1.94111673 1.95834477 1.8281442  1.68764741 1.77713581 1.63849263
 1.27258348 1.28251653 1.33627241 1.36604744 1.47957286 1.47194879
 1.5715706  1.67894359 1.7740792  1.82821992 1.87870247 1.9427723
 2.05818626 2.13282815 2.20998231 2.32948577 2.48808933 2.26152792
 2.37659264 2.54300801 2.67557603 2.85550873 2.97908793 2.97968358
 3.10229279 3.23259606 3.41529636 3.19312559 3.35814184 3.22862035
 3.19277994 3.30100139 2.79709258 2.74739148 2.5382438  2.56690876
 2.64234077 2.66816029 2.68474116 2.73999301 2.47640518 2.39121782
 2.18846224 2.20362658 2.15702574 2.2356922  2.15975648 2.22460362
 2.19100112 1.89458974 1.91973381 1.9055315  1.95733954 1.87035431
 1.81159209 1.84278647 1.67663841 1.65309085 1.75431691 1.83451219
 1.78913838 1.6791199  1.63637998 1.53296267 1.64050584 1.59489564
 1.69451255 1.62659614 1.76331721 1.80863608 1.90459279 2.07658783
 2.16894793 2.32476096 2.5376177  2.75074784 2.98832933 3.15003263
 3.3873703  3.56344854 3.78387166 3.99030284 4.24797489 4.49097773
 4.62098811 4.78171356 4.76860878 4.92200005 4.62297312 4.76585406
 4.67589629 4.43521415 4.56653323 4.54728268 3.9638434  4.01326986
 3.95360328 3.74899647 3.68077533 3.53029008 3.51358839 3.45957528
 3.44704765 3.40242749 2.92630287 2.55778203 2.38346093 2.06455075
 1.77028356 1.5715374  1.45945122 1.07387068 0.90026431 0.65321611
 0.52921472 0.37355661]
Mus:
[[-1.67990513e-02 -5.70773613e-03]
 [-1.66559629e-02 -5.52124623e-03]
 [-1.62014756e-02 -5.55230910e-03]
 [-1.66884679e-02 -5.51536120e-03]
 [-1.73370689e-02 -4.98224515e-03]
 [-1.80599019e-02 -5.30331349e-03]
 [-1.88389067e-02 -5.39565645e-03]
 [-1.92537140e-02 -5.13677672e-03]
 [-2.07358990e-02 -5.80382347e-03]
 [-2.18281895e-02 -6.27924455e-03]
 [-2.27975082e-02 -6.67795632e-03]
 [-2.44964808e-02 -6.75051240e-03]
 [-2.59442274e-02 -7.16695515e-03]
 [-2.60534044e-02 -7.83820264e-03]
 [-2.71293502e-02 -8.36120266e-03]
 [-2.81230714e-02 -8.65500420e-03]
 [-2.87984554e-02 -9.12866183e-03]
 [-3.01636122e-02 -9.18520521e-03]
 [-3.07956059e-02 -9.20159463e-03]
 [-3.11614033e-02 -9.18057561e-03]
 [-3.14378440e-02 -9.20832995e-03]
 [-3.09182629e-02 -8.36579502e-03]
 [-2.91651580e-02 -7.10040517e-03]
 [-2.62963492e-02 -5.57519123e-03]
 [-2.29970738e-02 -4.51589096e-03]
 [-1.97934136e-02 -3.24128522e-03]
 [-1.67498812e-02 -2.02796981e-03]
 [-1.38516696e-02 -8.37344385e-04]
 [-1.10656954e-02  2.72516132e-04]
 [-9.10016801e-03  8.86434340e-04]
 [-7.18627358e-03  2.17202026e-03]
 [-4.98074200e-03  3.05489800e-03]
 [-2.78088078e-03  4.09873528e-03]
 [-6.75765681e-04  4.95052012e-03]
 [ 1.42314925e-03  4.91161318e-03]
 [ 2.61020032e-03  5.14022168e-03]
 [ 1.82103529e-03  4.42127464e-03]
 [ 1.98628474e-03  4.52768756e-03]
 [-1.16972183e-03  2.57918448e-03]
 [-2.27055023e-03  1.97998667e-03]
 [-4.55402164e-03  7.12062058e-04]
 [-6.73394604e-03 -5.14753279e-04]
 [-1.03516430e-02 -2.34620040e-03]
 [-1.17050158e-02 -2.71971780e-03]
 [-1.04480647e-02 -1.90751825e-03]
 [-1.13814780e-02 -2.15281034e-03]
 [-1.20441969e-02 -2.39194511e-03]
 [-1.43358735e-02 -3.38158850e-03]
 [-1.39596639e-02 -3.06060165e-03]
 [-1.44442292e-02 -3.12678958e-03]
 [-1.58081613e-02 -3.71051277e-03]
 [-1.64055116e-02 -4.11846815e-03]
 [-1.93977002e-02 -5.45685319e-03]
 [-1.67708583e-02 -4.04064031e-03]
 [-2.09051594e-02 -5.56611316e-03]
 [-2.42644604e-02 -7.24379905e-03]
 [-2.85983458e-02 -9.21592955e-03]
 [-3.26488726e-02 -1.09060565e-02]
 [-3.58905233e-02 -1.25845056e-02]
 [-4.04683240e-02 -1.47687346e-02]
 [-4.31268513e-02 -1.60419419e-02]
 [-4.28575501e-02 -1.59737766e-02]
 [-3.69164981e-02 -1.33688804e-02]
 [-4.20243591e-02 -1.62432007e-02]
 [-3.71980146e-02 -1.44704878e-02]
 [-3.54302377e-02 -1.38487061e-02]
 [-2.85965074e-02 -1.17524564e-02]
 [-2.82085370e-02 -1.22798318e-02]
 [-2.29471009e-02 -1.04281269e-02]
 [-1.75042599e-02 -8.51361547e-03]
 [-1.87857039e-02 -1.01029808e-02]
 [-1.55735873e-02 -9.11698584e-03]
 [-1.23735657e-02 -7.92850088e-03]
 [-9.03944671e-03 -6.25089137e-03]
 [-5.70681132e-03 -4.47295560e-03]
 [-2.86548794e-03 -2.91067851e-03]
 [-3.74815799e-03 -3.39484098e-03]
 [-4.79561323e-03 -4.01877332e-03]
 [-3.02055269e-03 -3.18341632e-03]
 [-2.98231211e-03 -3.14094522e-03]
 [ 7.58372014e-04 -9.95038543e-04]
 [ 6.11996604e-03  2.14732648e-03]
 [ 7.36156432e-03  3.02366028e-03]
 [ 1.53467956e-03 -3.08826886e-04]
 [ 7.25415163e-03  3.28984624e-03]
 [ 8.34100228e-03  4.21025977e-03]
 [ 5.30445576e-03  2.49647722e-03]
 [ 7.36772839e-04  1.61196494e-05]
 [ 9.73276910e-04  3.26684298e-04]
 [ 3.79883451e-03  2.06520967e-03]
 [ 8.04269686e-04  4.40913718e-04]
 [ 1.69104838e-03  1.00593606e-03]
 [ 2.72701215e-03  1.65692670e-03]
 [ 1.87088258e-03  1.08808593e-03]
 [ 3.25035583e-03  2.04389030e-03]
 [-6.06246685e-05  9.86991727e-05]
 [ 1.05407240e-03  7.36122485e-04]
 [ 3.13631579e-04  4.24299098e-04]
 [ 1.52945530e-03  1.23217027e-03]
 [ 1.27693731e-03  1.27775350e-03]
 [ 1.25029648e-03  1.41888286e-03]
 [-9.88160493e-04  2.21397771e-04]
 [-3.02612619e-03 -7.27626844e-04]
 [-4.89746640e-03 -1.53034821e-03]
 [-5.84185822e-03 -1.78430614e-03]
 [-8.76737013e-03 -3.29862046e-03]
 [-9.88218747e-03 -3.59439175e-03]
 [-1.04550347e-02 -3.38262413e-03]
 [-1.11208679e-02 -3.40764876e-03]
 [-1.44580696e-02 -5.00456011e-03]
 [-1.57736465e-02 -5.37631940e-03]
 [-2.10025087e-02 -8.42070114e-03]
 [-2.19856538e-02 -8.71204026e-03]
 [-2.07962804e-02 -7.43422657e-03]
 [-2.33823508e-02 -8.50753672e-03]
 [-2.56709624e-02 -9.53728426e-03]
 [-2.40986776e-02 -7.91275408e-03]
 [-2.57834103e-02 -8.40311311e-03]
 [-3.05627547e-02 -1.07587287e-02]
 [-3.08564138e-02 -1.04898866e-02]
 [-3.26778367e-02 -1.11881839e-02]
 [-3.50304209e-02 -1.22370562e-02]
 [-3.48618440e-02 -1.17893554e-02]
 [-3.51380631e-02 -1.17287152e-02]
 [-3.23123410e-02 -1.02848755e-02]
 [-2.93339361e-02 -8.94485507e-03]
 [-3.04878838e-02 -9.05479491e-03]
 [-2.95026265e-02 -8.41479935e-03]
 [-3.12402565e-02 -9.28895641e-03]
 [-3.06453779e-02 -9.01353545e-03]
 [-2.75356174e-02 -7.38553097e-03]
 [-2.77174674e-02 -7.60958716e-03]
 [-2.51744073e-02 -6.25524949e-03]
 [-2.42917389e-02 -5.69684058e-03]
 [-2.36319173e-02 -5.36591327e-03]
 [-2.25744788e-02 -4.89166845e-03]
 [-2.13693008e-02 -4.38381825e-03]
 [-2.10517813e-02 -4.61799279e-03]
 [-1.87365822e-02 -3.38788261e-03]
 [-1.74719114e-02 -2.96876673e-03]
 [-1.44958207e-02 -1.21675874e-03]
 [-1.16511956e-02  2.52309692e-04]
 [-9.12766624e-03  1.01990951e-03]
 [-6.90117246e-03  1.98139949e-03]
 [-4.76696948e-03  2.21518567e-03]
 [-4.73305210e-03  1.64466340e-03]
 [-7.17072235e-03  9.69501998e-05]
 [-5.08106081e-03  1.24532601e-03]
 [-5.35955001e-03  8.60736356e-04]
 [-3.18578305e-03  2.15768907e-03]
 [-1.96641032e-03  2.71431729e-03]
 [-6.88722241e-04  3.41288024e-03]
 [-9.35546705e-04  3.03144404e-03]
 [ 2.28917212e-04  3.73540702e-03]
 [ 8.15778680e-04  3.88678769e-03]
 [ 7.04290229e-04  3.37781641e-03]
 [ 6.13555196e-04  3.15273763e-03]
 [ 6.41040388e-04  3.22812283e-03]
 [-1.00478390e-03  2.20767828e-03]
 [-2.49030069e-03  1.49876659e-03]
 [-3.91694158e-03  5.73123631e-04]
 [-5.43935224e-03 -5.66742965e-04]
 [-7.27458810e-03 -1.69703353e-03]
 [-8.18817876e-03 -2.24744342e-03]
 [-8.72390438e-03 -2.37912103e-03]
 [-9.51213576e-03 -2.66145379e-03]
 [-1.02833817e-02 -3.04138847e-03]
 [-9.47150122e-03 -3.44834081e-03]
 [-1.00323875e-02 -3.91749339e-03]
 [-1.05886031e-02 -4.08074120e-03]
 [-1.15013039e-02 -3.72566259e-03]
 [-1.20365657e-02 -3.98533139e-03]
 [-1.26731656e-02 -4.15741513e-03]
 [-1.39961205e-02 -4.89184959e-03]
 [-1.57187041e-02 -5.04524074e-03]
 [-1.72044933e-02 -5.25112776e-03]
 [-1.83093157e-02 -5.74491965e-03]
 [-1.98291503e-02 -6.36508502e-03]
 [-2.12630257e-02 -7.11736130e-03]
 [-2.21266095e-02 -7.12672854e-03]
 [-2.30188984e-02 -7.59687414e-03]
 [-2.48001143e-02 -8.70024879e-03]
 [-2.40878910e-02 -7.81850796e-03]
 [-2.40325499e-02 -7.19373301e-03]
 [-2.29927246e-02 -6.66014990e-03]
 [-2.20699497e-02 -5.87004004e-03]
 [-2.05207486e-02 -5.22005837e-03]
 [-1.87165979e-02 -4.18785168e-03]
 [-1.89800113e-02 -4.43973439e-03]
 [-1.65101290e-02 -2.92030605e-03]
 [-1.35405557e-02 -1.79108849e-03]
 [-1.04688602e-02 -9.04840344e-05]
 [-7.38077844e-03  1.38904760e-03]
 [-3.80745879e-03  2.92760483e-03]
 [-7.70147817e-05  4.31476021e-03]
 [ 6.48619793e-03  7.07713980e-03]
 [ 9.02735628e-03  7.69441202e-03]
 [ 1.26904324e-02  9.11194179e-03]
 [ 1.54731954e-02  9.94022470e-03]
 [ 1.81375016e-02  1.08190570e-02]]
Actions:
[[ 4.18609406e-02 -9.98354477e-02]
 [-3.22253880e-01 -2.59741003e-01]
 [ 2.08621708e-01 -7.52858392e-02]
 [ 5.30981150e-01 -1.20364137e-01]
 [-9.90558618e-02 -1.95056404e-01]
 [ 2.83230937e-01  1.12105669e-01]
 [ 2.83772080e-01 -1.93693712e-01]
 [-1.21997927e-01 -2.08264795e-01]
 [-2.48525723e-02 -9.18584548e-02]
 [ 1.25523545e-03 -7.20685658e-02]
 [ 3.48997188e-01 -2.06999953e-01]
 [ 2.70277431e-02 -1.91811625e-01]
 [-4.44032346e-01 -3.99018562e-02]
 [-1.05297239e-01 -7.92034936e-02]
 [ 6.07301687e-02 -1.34396988e-02]
 [-1.65624645e-01  3.74136888e-02]
 [ 2.61908969e-01 -8.29377747e-02]
 [ 4.22198966e-02 -1.20966113e-01]
 [-7.15960015e-02 -2.66999260e-01]
 [-1.56549196e-02  1.94014798e-01]
 [ 2.49494928e-01 -2.60726767e-01]
 [ 2.82867553e-01  2.20865788e-01]
 [ 1.09725327e-01 -1.82767433e-01]
 [-3.09122427e-01 -1.25461504e-01]
 [ 2.76725025e-02  2.67979884e-01]
 [ 9.33654004e-03  1.80273565e-01]
 [-2.82228410e-02 -2.38334579e-02]
 [-5.17449029e-03  1.78730988e-01]
 [-1.19740123e-01  2.26695014e-01]
 [ 3.37110773e-01 -1.52458908e-01]
 [-4.36114157e-02 -4.08813745e-02]
 [ 3.22045161e-02 -1.65792180e-01]
 [-9.96701259e-02 -1.22099206e-01]
 [-1.74655437e-02 -1.12329218e-01]
 [-3.42965054e-03  5.09514965e-02]
 [-2.18993123e-01  1.79627799e-01]
 [-2.52593005e-01 -4.17835880e-01]
 [-3.41715159e-01  4.42363744e-01]
 [-1.15898071e-01  4.00282850e-02]
 [-2.50470836e-01  9.30055035e-02]
 [ 5.89641333e-02  3.91749809e-01]
 [-1.98548549e-01  1.30728475e-01]
 [-1.49519378e-01 -2.57812990e-01]
 [-9.38929156e-02 -5.50185175e-01]
 [ 1.57300662e-02 -1.16053380e-01]
 [-1.50997443e-01 -2.81494500e-01]
 [-5.01031976e-02  1.04078112e-01]
 [ 1.73645495e-02 -2.35844282e-01]
 [ 1.35851943e-02 -1.21991646e-01]
 [-7.62705503e-02  8.04421277e-05]
 [-1.88550929e-01 -8.07421341e-02]
 [-1.03724427e-01  1.75999994e-01]
 [ 1.54883246e-01 -4.24171032e-01]
 [ 2.27459763e-01  4.13174486e-01]
 [-1.72638241e-01  1.58154106e-01]
 [-1.44195903e-01 -1.11597805e-02]
 [ 5.27915568e-02  1.64853827e-01]
 [-3.20786798e-01  2.63988709e-02]
 [-1.07120716e-01  2.12439834e-01]
 [-2.74732849e-02  7.24877300e-02]
 [ 4.06566678e-02 -1.07864244e-01]
 [ 1.35798865e-01 -4.75866184e-01]
 [-3.94416185e-01  4.40019770e-01]
 [-1.52756210e-01 -3.56919709e-01]
 [ 7.77111551e-02 -8.23305728e-02]
 [-5.34285593e-01 -3.01989284e-01]
 [-4.39620472e-01  1.86815454e-01]
 [-3.17783084e-01 -2.01248338e-01]
 [ 2.07615018e-01 -1.47196108e-01]
 [-1.07482875e-02  3.48150952e-01]
 [ 1.63055061e-01 -2.70452035e-01]
 [ 1.37293286e-01 -3.56242559e-01]
 [ 2.60162202e-01 -1.72495399e-01]
 [ 3.38947327e-01 -5.30381455e-01]
 [ 2.65821549e-01 -4.34006054e-01]
 [-9.50427051e-03  1.92590646e-01]
 [-8.10599465e-02  1.64902631e-01]
 [-1.05736181e-01 -1.51405519e-01]
 [ 1.26806676e-01  2.39540171e-01]
 [ 4.23874403e-01  8.60504808e-02]
 [ 4.42002210e-01 -1.75961748e-01]
 [ 1.73408631e-01 -3.75536397e-02]
 [-3.68288157e-01  3.96799780e-01]
 [ 6.15344661e-01 -1.88944136e-01]
 [ 2.65990268e-01 -5.31742329e-02]
 [-1.33527686e-01  2.27280692e-01]
 [-2.91988978e-01  1.58335554e-01]
 [ 6.09726452e-02 -8.13455192e-02]
 [ 2.01663045e-01 -2.79102651e-01]
 [-1.74152717e-01  1.05740017e-01]
 [ 1.04320173e-01 -8.35937056e-02]
 [ 1.43708943e-01 -8.75220653e-02]
 [-2.94848577e-01 -2.59707876e-01]
 [ 2.29766310e-01 -7.75777184e-02]
 [-2.34289675e-01  2.17825117e-01]
 [ 1.22337154e-01 -4.71564559e-02]
 [ 1.36904229e-01  1.65466264e-01]
 [ 4.48698965e-02 -3.05300491e-01]
 [ 1.56496126e-01 -2.56308235e-03]
 [ 1.16145255e-01 -1.33291357e-01]
 [ 1.60433478e-01  5.31157510e-01]
 [ 1.00130428e-01  1.34710450e-01]
 [ 7.68287882e-02  6.74887609e-03]
 [ 1.44627834e-01 -8.39349383e-02]
 [-8.54282577e-02  1.13493564e-01]
 [-5.12268896e-02 -3.29098335e-01]
 [ 3.49140477e-01 -3.97549887e-02]
 [ 5.75772670e-02 -3.03129313e-01]
 [-6.80744160e-02  2.30942342e-01]
 [ 1.05019274e-01 -5.09889631e-02]
 [-4.94681951e-01  4.42556732e-01]
 [-2.62189453e-02 -1.47254686e-01]
 [ 3.56504311e-01 -3.93483284e-01]
 [ 1.30457585e-01  3.27136136e-01]
 [-3.19686600e-01 -2.24107551e-01]
 [ 7.05442297e-01 -8.24593022e-02]
 [-2.53828073e-01 -4.72466977e-01]
 [-2.32014759e-01  4.80580312e-01]
 [ 1.45774366e-01 -1.09143061e-01]
 [-4.49939215e-02  9.45406554e-02]
 [-7.30639429e-02  2.28733313e-01]
 [ 1.91239962e-01 -2.80883460e-02]
 [-1.63468917e-01 -3.12402760e-01]
 [-1.31315737e-01 -6.43401477e-01]
 [-1.75882377e-01 -4.56977423e-01]
 [ 2.56271780e-01  3.34897460e-01]
 [ 1.17525286e-01  9.84971998e-02]
 [-2.54764536e-01  2.75544865e-01]
 [-4.61581729e-02  3.18343504e-02]
 [ 2.89453976e-01 -4.86274033e-02]
 [-2.45748021e-01  3.47600488e-02]
 [ 2.04449809e-01 -1.90312440e-01]
 [ 2.91194376e-01  3.89494837e-01]
 [ 2.35306827e-02  1.00296522e-01]
 [ 9.46684388e-02  1.84358664e-01]
 [-1.80427716e-01 -1.48406335e-01]
 [-1.14708502e-01  3.46711771e-01]
 [ 2.60477299e-01  1.68286524e-02]
 [ 1.21414002e-03  1.53928582e-01]
 [ 3.75201529e-01 -1.50989606e-01]
 [ 2.06100338e-01 -1.14902339e-01]
 [-1.59821418e-01  1.76573598e-02]
 [-3.33657333e-02 -1.89069539e-01]
 [-1.94132429e-01  3.43384167e-01]
 [-1.08780691e-01  4.31570609e-01]
 [-1.70060881e-01  3.67416615e-01]
 [ 3.79923529e-01  7.42359555e-03]
 [-1.37823485e-01 -2.81094483e-02]
 [ 2.57378600e-01 -2.52457527e-01]
 [ 8.36145655e-02 -7.51676211e-02]
 [ 3.19878272e-01  1.46342764e-01]
 [-5.43459502e-02  8.01726742e-02]
 [ 2.07372082e-01 -1.92393308e-01]
 [ 1.37295155e-01  1.46831490e-01]
 [-1.10625696e-01  1.12460965e-01]
 [ 1.46285157e-01  2.13425576e-01]
 [ 1.16245136e-01 -1.78931921e-01]
 [-4.00095883e-02  9.95174764e-02]
 [ 5.19210377e-02 -4.54518807e-02]
 [-3.62890541e-03  1.05751288e-01]
 [-3.36705123e-01 -2.06176022e-01]
 [-5.05444948e-02  1.46609624e-01]
 [ 1.04716124e-01  1.75434340e-01]
 [ 8.47489240e-02 -1.01198534e-01]
 [ 1.49495690e-01  1.88640412e-02]
 [ 9.98351025e-03 -1.05657589e-01]
 [-2.40516068e-01  1.24399618e-01]
 [ 1.36421364e-01  2.51824388e-01]
 [ 1.80988433e-01  7.77346466e-02]
 [ 3.26594574e-01 -2.62797734e-01]
 [ 1.74852288e-01 -2.62792427e-02]
 [ 5.43423679e-01 -3.11961298e-01]
 [-8.76131392e-02  1.35711364e-01]
 [ 2.30982928e-01 -4.08819745e-01]
 [-6.11608462e-01 -3.45378013e-01]
 [-7.84820163e-02 -3.37107451e-02]
 [ 1.67736502e-01  2.50006303e-01]
 [ 6.15825742e-01  3.67513282e-01]
 [-2.31337998e-01 -6.78886117e-02]
 [-3.72648451e-01  1.78040528e-01]
 [-1.92931686e-01  4.65200524e-01]
 [ 8.66850102e-02 -1.85704850e-01]
 [ 2.69177909e-01  6.35967863e-02]
 [-1.70707026e-01  1.18003248e-02]
 [ 1.05406768e-01  3.46100322e-02]
 [-1.67689356e-01  2.82531625e-02]
 [ 7.54127365e-02 -1.07505124e-02]
 [ 8.32774133e-02  6.15808501e-01]
 [ 3.31311942e-01  3.47452274e-01]
 [-2.93371293e-01  3.05787327e-01]
 [ 2.75436274e-01 -2.72339371e-01]
 [ 2.93882602e-01 -1.80188666e-01]
 [ 2.05021856e-01 -1.06267701e-01]
 [-2.78463817e-02  7.22000284e-02]
 [-1.49071936e-01 -5.04752818e-01]
 [-3.19026628e-01  8.54103284e-03]
 [-8.80747537e-02 -3.46825796e-01]
 [-9.52518877e-02 -3.85742557e-02]
 [-3.18269708e-02 -6.68734661e-02]
 [ 4.06747744e-01 -1.56289962e-02]]
States:
[[0.99983194 0.99974398 0.52274489 0.51539933 0.51302214 0.5972675 ]
 [0.99981059 0.99980527 0.52355694 0.51343063 0.52377189 0.57109855]
 [0.99991963 0.99997935 0.51868072 0.5043744  0.44094639 0.50357992]
 ...
 [0.20191575 0.71329329 0.92176193 0.94165081 0.89023913 0.73346503]
 [0.15856227 0.69439332 0.88591139 0.95050751 0.85835707 0.72065881]
 [0.12180865 0.67758416 0.8481561  0.95767824 0.84337554 0.70068616]]
Logstds:
[[-3. -3.]
 [-3. -3.]
 [-3. -3.]
 [-3. -3.]
 [-3. -3.]
 [-3. -3.]
 [-3. -3.]
 [-3. -3.]
 [-3. -3.]
 [-3. -3.]
 [-3. -3.]
 [-3. -3.]
 [-3. -3.]
 [-3. -3.]
 [-3. -3.]
 [-3. -3.]
 [-3. -3.]
 [-3. -3.]
 [-3. -3.]
 [-3. -3.]
 [-3. -3.]
 [-3. -3.]
 [-3. -3.]
 [-3. -3.]
 [-3. -3.]
 [-3. -3.]
 [-3. -3.]
 [-3. -3.]
 [-3. -3.]
 [-3. -3.]
 [-3. -3.]
 [-3. -3.]
 [-3. -3.]
 [-3. -3.]
 [-3. -3.]
 [-3. -3.]
 [-3. -3.]
 [-3. -3.]
 [-3. -3.]
 [-3. -3.]
 [-3. -3.]
 [-3. -3.]
 [-3. -3.]
 [-3. -3.]
 [-3. -3.]
 [-3. -3.]
 [-3. -3.]
 [-3. -3.]
 [-3. -3.]
 [-3. -3.]
 [-3. -3.]
 [-3. -3.]
 [-3. -3.]
 [-3. -3.]
 [-3. -3.]
 [-3. -3.]
 [-3. -3.]
 [-3. -3.]
 [-3. -3.]
 [-3. -3.]
 [-3. -3.]
 [-3. -3.]
 [-3. -3.]
 [-3. -3.]
 [-3. -3.]
 [-3. -3.]
 [-3. -3.]
 [-3. -3.]
 [-3. -3.]
 [-3. -3.]
 [-3. -3.]
 [-3. -3.]
 [-3. -3.]
 [-3. -3.]
 [-3. -3.]
 [-3. -3.]
 [-3. -3.]
 [-3. -3.]
 [-3. -3.]
 [-3. -3.]
 [-3. -3.]
 [-3. -3.]
 [-3. -3.]
 [-3. -3.]
 [-3. -3.]
 [-3. -3.]
 [-3. -3.]
 [-3. -3.]
 [-3. -3.]
 [-3. -3.]
 [-3. -3.]
 [-3. -3.]
 [-3. -3.]
 [-3. -3.]
 [-3. -3.]
 [-3. -3.]
 [-3. -3.]
 [-3. -3.]
 [-3. -3.]
 [-3. -3.]
 [-3. -3.]
 [-3. -3.]
 [-3. -3.]
 [-3. -3.]
 [-3. -3.]
 [-3. -3.]
 [-3. -3.]
 [-3. -3.]
 [-3. -3.]
 [-3. -3.]
 [-3. -3.]
 [-3. -3.]
 [-3. -3.]
 [-3. -3.]
 [-3. -3.]
 [-3. -3.]
 [-3. -3.]
 [-3. -3.]
 [-3. -3.]
 [-3. -3.]
 [-3. -3.]
 [-3. -3.]
 [-3. -3.]
 [-3. -3.]
 [-3. -3.]
 [-3. -3.]
 [-3. -3.]
 [-3. -3.]
 [-3. -3.]
 [-3. -3.]
 [-3. -3.]
 [-3. -3.]
 [-3. -3.]
 [-3. -3.]
 [-3. -3.]
 [-3. -3.]
 [-3. -3.]
 [-3. -3.]
 [-3. -3.]
 [-3. -3.]
 [-3. -3.]
 [-3. -3.]
 [-3. -3.]
 [-3. -3.]
 [-3. -3.]
 [-3. -3.]
 [-3. -3.]
 [-3. -3.]
 [-3. -3.]
 [-3. -3.]
 [-3. -3.]
 [-3. -3.]
 [-3. -3.]
 [-3. -3.]
 [-3. -3.]
 [-3. -3.]
 [-3. -3.]
 [-3. -3.]
 [-3. -3.]
 [-3. -3.]
 [-3. -3.]
 [-3. -3.]
 [-3. -3.]
 [-3. -3.]
 [-3. -3.]
 [-3. -3.]
 [-3. -3.]
 [-3. -3.]
 [-3. -3.]
 [-3. -3.]
 [-3. -3.]
 [-3. -3.]
 [-3. -3.]
 [-3. -3.]
 [-3. -3.]
 [-3. -3.]
 [-3. -3.]
 [-3. -3.]
 [-3. -3.]
 [-3. -3.]
 [-3. -3.]
 [-3. -3.]
 [-3. -3.]
 [-3. -3.]
 [-3. -3.]
 [-3. -3.]
 [-3. -3.]
 [-3. -3.]
 [-3. -3.]
 [-3. -3.]
 [-3. -3.]
 [-3. -3.]
 [-3. -3.]
 [-3. -3.]
 [-3. -3.]
 [-3. -3.]
 [-3. -3.]
 [-3. -3.]
 [-3. -3.]
 [-3. -3.]]
