Baseline:
[0.55444616 0.54732645 0.5426143  0.531495   0.52253145 0.5271698
 0.5360159  0.51830584 0.5214235  0.5079583  0.50509995 0.49502167
 0.50397676 0.47918108 0.4844995  0.4787322  0.51269484 0.5030189
 0.5066792  0.49694988 0.507401   0.5006594  0.50573987 0.51534945
 0.514666   0.5217926  0.5233794  0.52921563 0.5393178  0.53501457
 0.5222265  0.5161982  0.52873313 0.51069146 0.51786494 0.52682585
 0.52877814 0.52867323 0.5360527  0.551878   0.5521692  0.5609965
 0.5640597  0.5746695  0.57150203 0.5780646  0.5835386  0.56226707
 0.5610684  0.54968715 0.5562624  0.5579659  0.5593166  0.53943604
 0.5166601  0.49459597 0.4720902  0.45274636 0.46558234 0.45222905
 0.44235075 0.4344258  0.4140263  0.41544273 0.39643046 0.3588015
 0.33150265 0.29396343 0.26750138 0.2378624  0.20552126 0.17440954
 0.16704012 0.16349542 0.16631152 0.16871995 0.17177464 0.18245259
 0.1865938  0.2307612  0.24734747 0.24426991 0.23061043 0.22624221
 0.2320019  0.23741463 0.24105352 0.20741701 0.20783563 0.21210182
 0.24142018 0.25972357 0.25392595 0.2204831  0.22235522 0.2173527
 0.21785659 0.2141473  0.19540581 0.21151468 0.2255266  0.23163217
 0.2338657  0.22891611 0.22680013 0.23604752 0.23442873 0.23182476
 0.21901922 0.19793132 0.2156859  0.21480799 0.21744317 0.22383003
 0.22303918 0.24127355 0.23231684 0.2423572  0.2563314  0.28529117
 0.29726583 0.31244463 0.3218445  0.35768977 0.36987683 0.39851853
 0.42663947 0.45752302 0.47274795 0.5060496  0.5305816  0.5527737
 0.5599319  0.56708795 0.5673752  0.5626893  0.56453377 0.5553446
 0.5513148  0.52340764 0.4991645  0.49072784 0.47661188 0.45305952
 0.41772953 0.40158918 0.39332792 0.3818526  0.3467855  0.3262523
 0.3192474  0.31734097 0.25236613 0.21937895 0.244382   0.25820023
 0.2692935  0.26802206 0.25048077 0.23476496 0.23394305 0.22767244
 0.2205409  0.2220736  0.23687415 0.24253064 0.24873964 0.26590025
 0.3115904  0.3527367  0.37730938 0.3966496  0.3772952  0.35247967
 0.37010458 0.37071866 0.38320833 0.42646793 0.43151468 0.42591664
 0.44332486 0.42104298 0.42914253 0.44036928 0.44344607 0.45032674
 0.43994132 0.4460563  0.43908337 0.4143283  0.44250286 0.45632917
 0.45512158 0.45298612 0.465777   0.5008022  0.4809465  0.47021618
 0.5053628  0.52721876 0.52721876]
Returns:
[ 3.5015081   3.54373892  3.60781528  3.63310498  3.6816831   3.72984608
  3.75569973  3.56220368  3.59753958  3.6422652   3.67592567  3.73446967
  3.70449228  3.69239997  3.63087238  3.72311236  3.20105178  3.30954803
  3.37277012  3.47405175  3.39106595  3.29331059  3.01829859  3.07033692
  3.17174389  3.24767291  3.25760797  3.22153709  3.24045637  3.20152625
  3.16269787  3.21030054  3.1979326   3.185451    3.22910933  3.23378843
  3.12120726  3.1852346   3.0325994   2.97275218  2.95961787  2.97003202
  3.02378321  2.91575818  2.97622114  2.98393237  2.94992226  2.81170418
  2.51650976  2.47598743  2.07435356  2.03579964  2.02591703  1.90338899
  1.8437829   1.79882384  1.64349857  1.64561225  1.43141798  1.38877101
  1.39427343  1.3262025   1.32602559  1.18004295  1.19449443  1.0516939
  1.10098957  0.86495135  0.85419166  0.69440088  0.71493874  0.71421678
  0.61720435  0.57389367  0.47655627  0.50542508  0.54264757  0.57296241
  0.64125903  0.7033342   0.75496578  0.8278804   0.8319771   0.86711824
  0.92699083  0.99880516  1.08044385  0.92493596  1.02280192  1.07051622
  0.80374855  0.7064217   0.70324248  0.64219212  0.7170583   0.62000262
  0.63298149  0.71418826  0.46389635  0.51219728  0.44524133  0.46417738
  0.41633256  0.46904735  0.53540222  0.52589088  0.58889244  0.53686677
  0.58844188  0.5640003   0.52386894  0.6068954   0.69164083  0.76809472
  0.87657346  0.88747835  0.96520151  1.07061933  1.13977349  0.989684
  1.11131638  1.20531772  1.33903527  1.22614264  1.01299386  0.68189224
  0.76176439  0.8305104   0.82750699  0.76623727  0.75998402  0.73763985
  0.63355991  0.54883347  0.51028343  0.42717833  0.37396419  0.31488148
  0.18258504 -0.15630241 -0.25251548 -0.30976024 -0.31474555 -0.47788583
 -0.50852028 -0.50384268 -0.54770797 -0.57044519 -0.5753768  -0.50659637
 -0.39169278 -0.36923308 -0.24121254 -0.26554311 -0.26244486 -0.20262487
 -0.08216295  0.00878783  0.0555861   0.10187802  0.22808586  0.35111765
  0.44885024  0.50699875  0.65462574  0.79998471  0.9721556   1.14498675
  0.98228869  0.91131772  0.99647711  1.11517478  1.18310046  1.12986087
  1.29083219  1.46642481  1.60489965  1.39484682  1.54965981  1.71595582
  1.76482452  1.77495756  1.91809055  2.02551581  2.13897769  2.16704308
  1.97088492  1.98116839  1.99301536  1.80964364  1.52889693  1.5155823
  1.50718642  1.49390774  1.47517749  1.27504994  1.16685239  1.07912631
  0.65521637  0.42221415]
Advants:
[ 1.8680791   1.91818669  1.98992422  2.03065951  2.0946756   2.14657231
  2.17319119  2.00239867  2.04103212  2.10798438  2.15514039  2.23742841
  2.21212171  2.2400045   2.18756355  2.30423427  1.75126778  1.87641184
  1.94538162  2.0700352   1.98851335  1.90761474  1.62983649  1.67608881
  1.78548601  1.86434555  1.88386582  1.85278634  1.87362622  1.8509753
  1.83712579  1.90564472  1.89612796  1.91855679  1.97447573  1.9911512
  1.89581798  1.98276955  1.84256928  1.7860587   1.79301215  1.81676316
  1.89307108  1.79856956  1.89035708  1.92209695  1.91458894  1.8287255
  1.55936803  1.55606287  1.16326552  1.13848771  1.14370526  1.05573533
  1.033694    1.02613963  0.90585966  0.94158862  0.72302402  0.70201113
  0.72685376  0.67511555  0.70508757  0.56370968  0.60474252  0.50453209
  0.58887929  0.39265422  0.4113099   0.28033773  0.33396185  0.3661001
  0.27558206  0.23363665  0.12802053  0.1493713   0.17905095  0.19442469
  0.25593796  0.27153237  0.30515113  0.38194553  0.40112138  0.44339331
  0.50217771  0.57570242  0.66384451  0.54921018  0.65752492  0.71410995
  0.42312266  0.30944929  0.31427223  0.28820321  0.36512438  0.27448586
  0.28888184  0.37850879  0.14490922  0.17587321  0.09106848  0.10013207
  0.04441713  0.09774817  0.1636342   0.14149031  0.20443567  0.15166777
  0.21440835  0.20917115  0.14745096  0.22978944  0.31273988  0.38588571
  0.50187582  0.50161271  0.59864173  0.70819977  0.7804749   0.6144395
  0.74161116  0.84187742  0.99331046  0.86939759  0.66403247  0.31483501
  0.379631    0.43282049  0.43066111  0.35060273  0.33461457  0.30475851
  0.20601089  0.12484111  0.09642805  0.02689564 -0.02022192 -0.06304098
 -0.18759753 -0.50416961 -0.58443356 -0.64375174 -0.64574414 -0.80171982
 -0.81466281 -0.81234213 -0.86912031 -0.9037084  -0.89795416 -0.83233653
 -0.73237224 -0.73106609 -0.55712618 -0.56888059 -0.61361265 -0.59096
 -0.50354693 -0.43229843 -0.38872939 -0.3473438  -0.23876415 -0.12548457
 -0.03476493  0.00825245  0.13043007  0.26289728  0.4261404   0.58367512
  0.37086492  0.25048138  0.30397148  0.39870069  0.48365761  0.45183343
  0.59592346  0.77712067  0.91375071  0.66415557  0.82258769  1.00920217
  1.05761005  1.10941862  1.26967407  1.39621841  1.54294836  1.60422926
  1.45622283  1.50150377  1.56552043  1.45104502  1.18047101  1.19410459
  1.23094203  1.26723028  1.28620628  1.09857965  1.05908036  1.03270661
  0.61438672  0.39585322]
Mus:
[[-2.64144503e-02 -1.12040956e-02]
 [-2.67479140e-02 -1.15003157e-02]
 [-2.69389171e-02 -1.16509162e-02]
 [-2.71086525e-02 -1.21064307e-02]
 [-2.64939461e-02 -1.21543976e-02]
 [-2.57009733e-02 -1.20603628e-02]
 [-2.47801635e-02 -1.19431932e-02]
 [-2.46553812e-02 -1.12633957e-02]
 [-2.43176185e-02 -1.11806365e-02]
 [-2.35834401e-02 -1.12294182e-02]
 [-2.33452935e-02 -1.09886201e-02]
 [-2.29776371e-02 -1.08373165e-02]
 [-2.24739537e-02 -1.04847560e-02]
 [-2.18939483e-02 -1.05099166e-02]
 [-2.10765004e-02 -9.85963363e-03]
 [-2.07471568e-02 -1.01440707e-02]
 [-1.98849700e-02 -1.00369034e-02]
 [-2.01956909e-02 -1.03383660e-02]
 [-1.95782688e-02 -1.00757750e-02]
 [-1.96948219e-02 -1.02211973e-02]
 [-1.88288409e-02 -9.47897602e-03]
 [-1.95401739e-02 -1.06724063e-02]
 [-1.91063918e-02 -1.15546603e-02]
 [-1.75330751e-02 -1.08726425e-02]
 [-1.60330199e-02 -1.03604598e-02]
 [-1.44414771e-02 -9.85813048e-03]
 [-1.25002898e-02 -8.64934921e-03]
 [-1.15978625e-02 -8.92976578e-03]
 [-9.36029479e-03 -7.71109248e-03]
 [-7.79771572e-03 -6.56724581e-03]
 [-6.47208840e-03 -5.79284225e-03]
 [-5.19830082e-03 -5.12425136e-03]
 [-4.19743452e-03 -4.91624512e-03]
 [-2.49927142e-03 -4.49397089e-03]
 [-1.29955914e-03 -4.04846529e-03]
 [-2.83328787e-04 -3.39077390e-03]
 [-2.47826771e-04 -2.42559658e-03]
 [-1.04845494e-04 -2.28425511e-03]
 [-1.49946252e-03 -1.96156511e-03]
 [-1.32829126e-03 -2.01443257e-03]
 [-2.39104003e-04 -2.38299300e-03]
 [-2.53525533e-04 -2.23004958e-03]
 [-4.56637616e-04 -2.28760904e-03]
 [-1.84446806e-03 -2.18995032e-03]
 [-2.43531773e-03 -2.67448742e-03]
 [-3.00248154e-03 -2.90659443e-03]
 [-4.19927388e-03 -2.91554071e-03]
 [-6.80884812e-03 -3.98957310e-03]
 [-8.40833411e-03 -3.60967615e-03]
 [-1.00257061e-02 -4.98268334e-03]
 [-1.14199268e-02 -4.44764039e-03]
 [-1.31601142e-02 -5.24401292e-03]
 [-1.48369111e-02 -5.97782386e-03]
 [-1.78065207e-02 -6.65444508e-03]
 [-2.00884975e-02 -7.71409972e-03]
 [-2.10274477e-02 -8.74325726e-03]
 [-2.07706857e-02 -9.68283229e-03]
 [-2.10768450e-02 -1.00442087e-02]
 [-2.01843102e-02 -9.69758537e-03]
 [-2.08968576e-02 -9.69544053e-03]
 [-2.15929672e-02 -1.00858845e-02]
 [-2.28531100e-02 -1.03336684e-02]
 [-2.43035033e-02 -1.06481249e-02]
 [-2.49786116e-02 -1.11516416e-02]
 [-2.67402641e-02 -1.16760517e-02]
 [-2.87793372e-02 -1.20605510e-02]
 [-2.91852485e-02 -1.24212112e-02]
 [-3.01157273e-02 -1.20758405e-02]
 [-3.05113196e-02 -1.27016623e-02]
 [-2.95532625e-02 -1.14954663e-02]
 [-2.80813556e-02 -1.04765492e-02]
 [-2.70610787e-02 -1.06164580e-02]
 [-2.61839014e-02 -1.07467994e-02]
 [-2.36658622e-02 -9.26311128e-03]
 [-2.24683601e-02 -8.24956596e-03]
 [-2.17719041e-02 -7.97588099e-03]
 [-1.98180638e-02 -6.90772897e-03]
 [-1.95364542e-02 -6.96821883e-03]
 [-1.79878604e-02 -6.40589651e-03]
 [-2.61442531e-02 -1.09545812e-02]
 [-2.75909211e-02 -1.16744414e-02]
 [-2.87598893e-02 -1.21378275e-02]
 [-3.05779483e-02 -1.30830100e-02]
 [-3.06268632e-02 -1.31229414e-02]
 [-3.08807064e-02 -1.32306591e-02]
 [-3.16466987e-02 -1.36768268e-02]
 [-3.24749947e-02 -1.41582936e-02]
 [-3.02887149e-02 -1.27897440e-02]
 [-3.01915873e-02 -1.28587727e-02]
 [-2.94468850e-02 -1.24192452e-02]
 [-2.88951918e-02 -1.20496126e-02]
 [-2.78362036e-02 -1.13078877e-02]
 [-3.10853682e-02 -1.29048526e-02]
 [-3.11192330e-02 -1.27903912e-02]
 [-3.16405855e-02 -1.30770272e-02]
 [-3.42245474e-02 -1.48281353e-02]
 [-3.29132676e-02 -1.40164373e-02]
 [-3.30113769e-02 -1.42129734e-02]
 [-2.75394451e-02 -1.15449680e-02]
 [-3.14343199e-02 -1.37271490e-02]
 [-3.11364885e-02 -1.34574901e-02]
 [-3.24991457e-02 -1.44108795e-02]
 [-3.44432406e-02 -1.59023050e-02]
 [-3.47868949e-02 -1.63208824e-02]
 [-3.47173437e-02 -1.65547077e-02]
 [-3.43339294e-02 -1.65540222e-02]
 [-3.39595526e-02 -1.65496785e-02]
 [-3.45292054e-02 -1.76538397e-02]
 [-3.34066190e-02 -1.70383919e-02]
 [-3.24450321e-02 -1.74220111e-02]
 [-3.17906924e-02 -1.72815323e-02]
 [-3.04071605e-02 -1.68270376e-02]
 [-2.91054696e-02 -1.65090468e-02]
 [-2.78421957e-02 -1.60780009e-02]
 [-2.65692305e-02 -1.56492107e-02]
 [-2.60469858e-02 -1.56242428e-02]
 [-2.39754878e-02 -1.45981982e-02]
 [-2.25277171e-02 -1.41792065e-02]
 [-2.19956674e-02 -1.44149270e-02]
 [-1.95949208e-02 -1.29360557e-02]
 [-1.91273410e-02 -1.29100000e-02]
 [-1.76603217e-02 -1.20428978e-02]
 [-1.66694764e-02 -1.15687866e-02]
 [-1.57234464e-02 -1.10542150e-02]
 [-1.75483730e-02 -1.29266717e-02]
 [-1.55030424e-02 -1.20655186e-02]
 [-1.43214529e-02 -1.16477842e-02]
 [-1.20373983e-02 -1.06011163e-02]
 [-9.34810098e-03 -9.89359245e-03]
 [-5.81493275e-03 -7.98009522e-03]
 [-3.15371598e-03 -6.73246989e-03]
 [-7.50273291e-04 -5.51292021e-03]
 [ 1.82785816e-03 -4.14014840e-03]
 [ 2.35201349e-03 -4.38704621e-03]
 [ 3.95420333e-03 -3.94149823e-03]
 [ 5.64052118e-03 -3.54332058e-03]
 [ 7.37273227e-03 -2.71427771e-03]
 [ 7.92200211e-03 -2.58987909e-03]
 [ 8.13181140e-03 -2.19401461e-03]
 [ 7.01909419e-03 -3.10575194e-03]
 [ 7.52414251e-03 -3.10903019e-03]
 [ 9.41159390e-03 -1.99579727e-03]
 [ 1.07044065e-02 -1.46262418e-03]
 [ 1.15482397e-02 -1.24804035e-03]
 [ 1.27919372e-02 -1.03946263e-03]
 [ 1.51472576e-02 -7.82469215e-05]
 [ 1.76341813e-02  1.32334034e-03]
 [ 1.96479391e-02  2.75239116e-03]
 [ 1.81909893e-02  1.93204661e-03]
 [ 1.85697842e-02  2.41227145e-03]
 [ 1.73934884e-02  2.07123347e-03]
 [ 1.70264412e-02  2.20295088e-03]
 [ 2.10699309e-02  5.71736041e-03]
 [ 2.45351121e-02  8.83472152e-03]
 [ 2.69720219e-02  1.02481246e-02]
 [ 2.73311120e-02  1.02791637e-02]
 [ 2.77502388e-02  1.04566934e-02]
 [ 2.69142706e-02  9.96802002e-03]
 [ 2.59822272e-02  9.74082015e-03]
 [ 2.40347497e-02  8.95603932e-03]
 [ 2.38052122e-02  9.25505813e-03]
 [ 2.23292820e-02  8.79542064e-03]
 [ 2.07541827e-02  8.59699585e-03]
 [ 2.06021722e-02  9.38978512e-03]
 [ 2.10744850e-02  9.51349922e-03]
 [ 2.11240519e-02  9.97957215e-03]
 [ 1.99847445e-02  9.63673182e-03]
 [ 1.94963608e-02  9.25491098e-03]
 [ 2.24496257e-02  1.11264596e-02]
 [ 2.54900251e-02  1.22848721e-02]
 [ 2.77743395e-02  1.32284323e-02]
 [ 2.96376441e-02  1.40157342e-02]
 [ 2.97251344e-02  1.41057270e-02]
 [ 2.79628541e-02  1.34492591e-02]
 [ 2.92731505e-02  1.39314365e-02]
 [ 2.92088613e-02  1.37723461e-02]
 [ 2.98506748e-02  1.45449927e-02]
 [ 3.26418243e-02  1.58129316e-02]
 [ 3.31179537e-02  1.57097336e-02]
 [ 3.28873470e-02  1.53629081e-02]
 [ 3.29851732e-02  1.56213026e-02]
 [ 3.24734040e-02  1.46856857e-02]
 [ 3.24196257e-02  1.46321598e-02]
 [ 3.22613232e-02  1.41336303e-02]
 [ 3.13731544e-02  1.41160656e-02]
 [ 3.01882904e-02  1.42804822e-02]
 [ 2.69551761e-02  1.40714906e-02]
 [ 2.53096931e-02  1.29005397e-02]
 [ 2.12703496e-02  1.14168599e-02]
 [ 1.39290132e-02  9.50915087e-03]
 [ 1.30048497e-02  8.08945857e-03]
 [ 1.13486871e-02  6.92496961e-03]
 [ 8.40874482e-03  5.95888589e-03]
 [ 6.24408480e-03  4.95565869e-03]
 [ 4.20378521e-03  3.85599094e-03]
 [ 1.87294988e-03  2.41905567e-03]
 [-1.37399696e-03  1.30808097e-03]
 [-4.13113553e-03  3.24542576e-04]
 [-5.71330544e-03 -1.12608068e-04]
 [-7.85463024e-03 -1.70629122e-03]]
Actions:
[[-1.47987255e-01 -1.45281946e-02]
 [-8.48496182e-02 -3.86892661e-02]
 [-2.86200377e-01 -9.46143367e-04]
 [-2.08047398e-01 -4.08048735e-02]
 [ 4.19676366e-02  9.64784739e-02]
 [ 7.02144188e-02  1.61456450e-01]
 [-4.18179529e-02 -5.00529687e-01]
 [ 8.66298381e-02  1.86484004e-02]
 [-2.55398548e-01 -8.90899407e-02]
 [ 7.25391174e-02 -1.29291624e-01]
 [-6.87979243e-02 -1.56492805e-01]
 [ 2.32489588e-01 -4.06523735e-03]
 [-3.27359061e-01 -2.07761015e-01]
 [ 2.53973999e-01 -1.21841319e-01]
 [-1.03624328e-01  1.22668737e-01]
 [ 4.90228479e-01  5.22753416e-01]
 [-1.62129853e-01 -2.90218543e-02]
 [ 1.11825035e-01  5.32351358e-02]
 [-1.44737964e-01 -6.91607755e-02]
 [ 3.27916418e-01 -4.69471307e-02]
 [-3.12130365e-01  3.80603879e-01]
 [-2.72354410e-01  5.58967900e-01]
 [ 1.00139338e-01  8.10440934e-02]
 [-1.15274271e-01  5.12993391e-03]
 [-4.56182939e-03  1.17458034e-01]
 [ 9.34309871e-02 -2.10946014e-01]
 [-2.02019399e-01  3.13229266e-01]
 [ 1.98587637e-01 -3.42238269e-02]
 [-3.01401918e-03 -3.22616796e-01]
 [-1.67141985e-01 -3.02960903e-01]
 [-2.11641999e-02 -1.47684033e-01]
 [ 1.05444943e-01  2.41621616e-01]
 [-3.29729693e-01 -1.31927808e-01]
 [ 9.78577400e-02  9.88122376e-02]
 [ 1.93706457e-01  2.51444794e-02]
 [ 2.39994623e-01 -2.94137055e-01]
 [ 1.86072621e-02 -2.99426200e-02]
 [ 3.20022727e-01 -2.22716710e-01]
 [ 1.86710398e-01  2.15603422e-01]
 [-1.84270931e-01  2.78475727e-01]
 [ 1.71348404e-01  6.98585102e-02]
 [ 5.45024165e-02  3.74555707e-02]
 [ 3.22010427e-01 -7.57884489e-02]
 [-1.02499255e-01  3.24127410e-02]
 [ 1.18250734e-01  1.10101472e-01]
 [ 1.74648514e-01 -1.05562134e-01]
 [-3.62033365e-01 -3.13826945e-01]
 [ 2.48244940e-01 -4.25658295e-01]
 [-3.42281637e-01  7.99486031e-02]
 [ 4.62319829e-01 -2.78170591e-01]
 [ 3.64590495e-02  4.19044063e-02]
 [ 4.74147934e-02  3.31704747e-02]
 [-4.63741555e-02 -3.56445015e-01]
 [-2.54018571e-01 -2.02320294e-01]
 [-3.35284958e-01 -1.41207519e-02]
 [-4.83134370e-01  1.06457616e-01]
 [-2.11048646e-01 -7.85171379e-02]
 [ 3.52696615e-01  1.98800813e-01]
 [ 9.50429252e-02 -1.45471163e-01]
 [ 5.05995529e-03  6.41658205e-03]
 [ 1.96556009e-01 -4.56430770e-02]
 [ 1.68228878e-02 -1.86580082e-01]
 [ 2.50966727e-01  2.54726741e-01]
 [ 6.34446833e-04 -1.41331368e-01]
 [-1.75065922e-01 -4.61089981e-01]
 [-1.83808846e-01 -8.40929804e-02]
 [-5.76975520e-02 -5.62252909e-01]
 [-1.06682854e-01  2.61960174e-01]
 [ 2.19822415e-01 -3.89374029e-01]
 [ 6.35542768e-02 -2.29099032e-01]
 [-2.36555465e-01  2.46907370e-01]
 [ 1.02850933e-01  3.82429577e-01]
 [ 2.72242946e-01 -1.27276311e-01]
 [ 3.65127749e-01 -6.92503672e-02]
 [ 1.25178868e-01  1.37593500e-01]
 [-7.62625387e-02 -2.09716127e-01]
 [ 2.78631851e-02  2.10247208e-01]
 [-1.17467271e-01  5.73781303e-03]
 [-8.02012871e-02 -1.18486353e-01]
 [ 5.70184489e-02  1.69334095e-02]
 [-7.64934777e-02 -5.48887781e-03]
 [-3.35653974e-01 -7.33291980e-02]
 [-6.50156163e-02 -2.21731596e-01]
 [ 6.85090265e-02  6.72798771e-02]
 [ 2.08811978e-03  1.11498676e-01]
 [-2.39898025e-02  9.17038892e-02]
 [-1.39966739e-01 -5.10239883e-01]
 [-8.45920830e-02  4.27455932e-03]
 [ 1.56826280e-01 -2.47643677e-02]
 [ 4.62712435e-01  2.68778775e-01]
 [ 3.45192525e-01  6.79476650e-02]
 [-3.24045729e-01  9.83364925e-02]
 [-2.87049871e-01 -3.21102355e-01]
 [-4.96154222e-02  3.85140424e-02]
 [-4.61028048e-01  1.40279321e-01]
 [ 1.86076906e-01 -9.41818909e-02]
 [-1.18751160e-01 -1.13419999e-02]
 [-1.28286999e-01 -5.82099974e-01]
 [ 1.03380349e-02 -1.43152963e-01]
 [ 2.96313780e-01  4.97822081e-02]
 [-1.18842539e-01  1.85066882e-01]
 [-2.65923895e-01  2.57946843e-01]
 [-1.14437260e-01  2.47187847e-02]
 [-6.24741090e-02  4.64552908e-02]
 [ 1.57788855e-01  1.42095951e-01]
 [ 3.34890045e-03  1.81978604e-02]
 [-3.19948321e-01  2.39238482e-01]
 [-1.66788155e-02 -2.02163770e-01]
 [-4.21152057e-01  2.67086556e-02]
 [ 2.16748767e-01  1.54166657e-01]
 [-4.39634604e-04 -2.97913073e-02]
 [-5.26958498e-03  4.01504105e-02]
 [ 7.29007651e-02  5.63344777e-02]
 [-3.66837415e-02 -3.74012785e-02]
 [ 1.18170128e-01  2.11085294e-01]
 [-7.95142564e-02 -2.62191339e-01]
 [ 1.30037769e-02  8.59641108e-02]
 [-9.89117088e-02  2.15318786e-01]
 [ 4.36890212e-01  8.01137994e-02]
 [-7.70194754e-02  5.30032734e-02]
 [ 1.17721633e-01 -4.61009944e-02]
 [-3.77902842e-02 -7.52390970e-02]
 [ 3.39776683e-01  2.50997770e-01]
 [-4.11405506e-01  4.51751249e-01]
 [ 4.33862647e-02  6.32878328e-01]
 [-8.47526192e-02 -9.57781997e-02]
 [ 3.95832326e-02  3.27726813e-02]
 [-2.93175868e-01  9.04585621e-02]
 [ 2.71021228e-01  9.96888310e-02]
 [ 4.77320326e-02 -1.93360743e-01]
 [ 1.13403992e-01 -1.43372089e-01]
 [-9.21276381e-03 -3.17472697e-01]
 [-1.74549923e-01  2.56477109e-01]
 [-1.76466395e-01  9.75831436e-02]
 [-2.32110844e-01  1.67067262e-01]
 [ 3.27748883e-02  8.58241302e-02]
 [-1.27890777e-01 -8.24425260e-02]
 [ 1.25610930e-01  2.80656789e-01]
 [-4.39779369e-01  3.62510179e-01]
 [-2.22730831e-01 -8.02083938e-02]
 [ 1.79437248e-01 -1.88913665e-03]
 [-1.55278885e-02  1.24604093e-01]
 [-1.27991803e-01  4.22738660e-01]
 [-2.60928237e-01 -1.01691356e-01]
 [-5.96005078e-02 -2.55326062e-01]
 [ 2.04721389e-01  3.17674385e-01]
 [ 3.50808783e-01 -8.10513540e-02]
 [-2.55227697e-01  1.84176868e-01]
 [ 1.02061194e-01 -1.74995982e-01]
 [-4.20501393e-03  9.49551743e-02]
 [ 7.12180511e-02  3.18700548e-01]
 [-1.05720207e-02  5.48537713e-02]
 [ 7.04572713e-02 -3.72384582e-01]
 [ 3.59899555e-01  1.00282037e-01]
 [ 7.86828724e-02  2.63126779e-01]
 [ 9.85624417e-02  1.03912372e-01]
 [-1.00332944e-01  1.86316807e-01]
 [-1.89147579e-01 -2.11498632e-01]
 [-2.58543711e-01 -1.29521244e-01]
 [ 4.08468257e-02 -1.49624317e-01]
 [-1.22543097e-01 -1.11873006e-01]
 [-6.65669434e-02 -2.26525225e-01]
 [ 1.35989222e-01 -2.86456330e-01]
 [ 8.70792609e-02  1.25776221e-01]
 [ 9.33605978e-02 -1.37055526e-01]
 [-5.42506500e-02 -5.38386092e-02]
 [ 1.15385057e-02  1.25658426e-01]
 [ 5.89939145e-01  8.10030178e-02]
 [ 4.04268734e-01  3.05596008e-01]
 [ 2.68223514e-01  1.54282857e-01]
 [ 2.24606490e-01  1.05224755e-01]
 [-1.91376424e-01 -2.46912888e-01]
 [-3.28079183e-01 -3.13524766e-01]
 [ 1.25506722e-01  9.33598026e-02]
 [-9.60069566e-02 -2.58292029e-02]
 [ 1.93015815e-01 -1.40220222e-01]
 [ 5.78844797e-01  2.56926025e-01]
 [ 3.40600234e-02  1.23141233e-01]
 [-8.27862695e-02  3.50429315e-02]
 [ 3.30865745e-01  1.34979767e-01]
 [-3.83425395e-01  1.01398372e-02]
 [ 1.39503742e-01  8.87366810e-02]
 [ 1.03536367e-01  2.45430684e-01]
 [ 2.35188311e-01  1.92086760e-02]
 [ 3.70747156e-01 -4.38046703e-02]
 [ 3.55959792e-01 -4.24939186e-01]
 [ 3.15087548e-01  1.34019675e-01]
 [ 2.62591753e-01 -1.66444472e-01]
 [ 2.90811998e-02 -5.18255887e-01]
 [-4.60013056e-01  3.66435300e-01]
 [ 1.33103164e-01  1.46589538e-01]
 [-1.59468300e-01 -1.29552862e-01]
 [-1.22558280e-01 -8.96600074e-02]
 [-1.87379172e-03  7.80929191e-02]
 [ 2.06329980e-01  3.43878471e-01]
 [-1.89740433e-01 -2.35301305e-01]
 [-1.36541340e-01 -1.69821862e-01]
 [ 5.24324270e-01  1.71817031e-01]
 [-2.12338985e-01  3.42329978e-01]
 [ 4.44722755e-01 -2.50054461e-01]]
States:
[[0.99999351 0.99993236 0.51215872 0.50791642 0.5130018  0.59725447]
 [0.99999981 0.99993698 0.50912755 0.50764099 0.47505633 0.59346065]
 [0.99993649 0.99995692 0.50146781 0.50631768 0.45405561 0.58340358]
 ...
 [0.86550428 0.53358402 0.16261396 0.99536598 0.89354493 0.4676627 ]
 [0.90878383 0.55061715 0.21682422 0.99294497 1.         0.51521322]
 [0.94652801 0.5564236  0.28084906 0.9920013  0.95598681 0.6065454 ]]
Logstds:
[[-3. -3.]
 [-3. -3.]
 [-3. -3.]
 [-3. -3.]
 [-3. -3.]
 [-3. -3.]
 [-3. -3.]
 [-3. -3.]
 [-3. -3.]
 [-3. -3.]
 [-3. -3.]
 [-3. -3.]
 [-3. -3.]
 [-3. -3.]
 [-3. -3.]
 [-3. -3.]
 [-3. -3.]
 [-3. -3.]
 [-3. -3.]
 [-3. -3.]
 [-3. -3.]
 [-3. -3.]
 [-3. -3.]
 [-3. -3.]
 [-3. -3.]
 [-3. -3.]
 [-3. -3.]
 [-3. -3.]
 [-3. -3.]
 [-3. -3.]
 [-3. -3.]
 [-3. -3.]
 [-3. -3.]
 [-3. -3.]
 [-3. -3.]
 [-3. -3.]
 [-3. -3.]
 [-3. -3.]
 [-3. -3.]
 [-3. -3.]
 [-3. -3.]
 [-3. -3.]
 [-3. -3.]
 [-3. -3.]
 [-3. -3.]
 [-3. -3.]
 [-3. -3.]
 [-3. -3.]
 [-3. -3.]
 [-3. -3.]
 [-3. -3.]
 [-3. -3.]
 [-3. -3.]
 [-3. -3.]
 [-3. -3.]
 [-3. -3.]
 [-3. -3.]
 [-3. -3.]
 [-3. -3.]
 [-3. -3.]
 [-3. -3.]
 [-3. -3.]
 [-3. -3.]
 [-3. -3.]
 [-3. -3.]
 [-3. -3.]
 [-3. -3.]
 [-3. -3.]
 [-3. -3.]
 [-3. -3.]
 [-3. -3.]
 [-3. -3.]
 [-3. -3.]
 [-3. -3.]
 [-3. -3.]
 [-3. -3.]
 [-3. -3.]
 [-3. -3.]
 [-3. -3.]
 [-3. -3.]
 [-3. -3.]
 [-3. -3.]
 [-3. -3.]
 [-3. -3.]
 [-3. -3.]
 [-3. -3.]
 [-3. -3.]
 [-3. -3.]
 [-3. -3.]
 [-3. -3.]
 [-3. -3.]
 [-3. -3.]
 [-3. -3.]
 [-3. -3.]
 [-3. -3.]
 [-3. -3.]
 [-3. -3.]
 [-3. -3.]
 [-3. -3.]
 [-3. -3.]
 [-3. -3.]
 [-3. -3.]
 [-3. -3.]
 [-3. -3.]
 [-3. -3.]
 [-3. -3.]
 [-3. -3.]
 [-3. -3.]
 [-3. -3.]
 [-3. -3.]
 [-3. -3.]
 [-3. -3.]
 [-3. -3.]
 [-3. -3.]
 [-3. -3.]
 [-3. -3.]
 [-3. -3.]
 [-3. -3.]
 [-3. -3.]
 [-3. -3.]
 [-3. -3.]
 [-3. -3.]
 [-3. -3.]
 [-3. -3.]
 [-3. -3.]
 [-3. -3.]
 [-3. -3.]
 [-3. -3.]
 [-3. -3.]
 [-3. -3.]
 [-3. -3.]
 [-3. -3.]
 [-3. -3.]
 [-3. -3.]
 [-3. -3.]
 [-3. -3.]
 [-3. -3.]
 [-3. -3.]
 [-3. -3.]
 [-3. -3.]
 [-3. -3.]
 [-3. -3.]
 [-3. -3.]
 [-3. -3.]
 [-3. -3.]
 [-3. -3.]
 [-3. -3.]
 [-3. -3.]
 [-3. -3.]
 [-3. -3.]
 [-3. -3.]
 [-3. -3.]
 [-3. -3.]
 [-3. -3.]
 [-3. -3.]
 [-3. -3.]
 [-3. -3.]
 [-3. -3.]
 [-3. -3.]
 [-3. -3.]
 [-3. -3.]
 [-3. -3.]
 [-3. -3.]
 [-3. -3.]
 [-3. -3.]
 [-3. -3.]
 [-3. -3.]
 [-3. -3.]
 [-3. -3.]
 [-3. -3.]
 [-3. -3.]
 [-3. -3.]
 [-3. -3.]
 [-3. -3.]
 [-3. -3.]
 [-3. -3.]
 [-3. -3.]
 [-3. -3.]
 [-3. -3.]
 [-3. -3.]
 [-3. -3.]
 [-3. -3.]
 [-3. -3.]
 [-3. -3.]
 [-3. -3.]
 [-3. -3.]
 [-3. -3.]
 [-3. -3.]
 [-3. -3.]
 [-3. -3.]
 [-3. -3.]
 [-3. -3.]
 [-3. -3.]
 [-3. -3.]
 [-3. -3.]
 [-3. -3.]
 [-3. -3.]
 [-3. -3.]
 [-3. -3.]
 [-3. -3.]]
