Baseline:
[0.48674732 0.5030507  0.4932014  0.5026272  0.50613713 0.5132033
 0.5160525  0.53096634 0.5301504  0.532565   0.5491319  0.5578827
 0.536955   0.5442578  0.5294541  0.5160835  0.49812144 0.51383036
 0.52059567 0.5226031  0.5297878  0.5003749  0.47782817 0.47047207
 0.48316082 0.4545485  0.4528148  0.46927685 0.47610477 0.4458853
 0.43583933 0.40935555 0.40053704 0.38164908 0.37807688 0.37491792
 0.35610196 0.3493916  0.36007273 0.3578115  0.3614172  0.37216556
 0.3924624  0.3883414  0.40430948 0.3217918  0.31050518 0.31503227
 0.3066753  0.33171    0.33699867 0.34642473 0.34152877 0.33611378
 0.32349896 0.31145078 0.30653816 0.29288843 0.2960446  0.29031444
 0.29096293 0.2649064  0.2626337  0.25341013 0.28597307 0.29261944
 0.28232816 0.3193678  0.3373669  0.29482386 0.30320588 0.31879333
 0.2949339  0.29679087 0.31365904 0.31933784 0.33681563 0.36233458
 0.3623748  0.36056918 0.36323428 0.36519492 0.366219   0.3545921
 0.34669793 0.33360723 0.31492102 0.31170392 0.28937957 0.27784666
 0.28063363 0.28836387 0.28716543 0.3096367  0.2980061  0.2838205
 0.25396863 0.2656698  0.26289532 0.2509135  0.2594411  0.26349035
 0.24736089 0.27118173 0.2526661  0.24280028 0.21413578 0.19031224
 0.17218637 0.1728295  0.18256071 0.20965886 0.20895366 0.20905055
 0.20544416 0.20578966 0.22250788 0.22759505 0.23017752 0.2277505
 0.22630866 0.23129617 0.2081828  0.21984376 0.22086707 0.21584558
 0.22601923 0.239502   0.25319877 0.255147   0.23447528 0.22015353
 0.22399242 0.22363676 0.23650964 0.24475805 0.24994393 0.252384
 0.25176585 0.25515    0.2640448  0.26686436 0.26539692 0.26329032
 0.25927693 0.24798632 0.23549782 0.22850545 0.21392787 0.20609085
 0.19136077 0.19311227 0.19453233 0.20259146 0.19759871 0.19395973
 0.19523577 0.19164987 0.18976934 0.194049   0.19002385 0.18242614
 0.1616099  0.15918808 0.15541299 0.14808007 0.15185076 0.153306
 0.13854358 0.13827695 0.15218624 0.15032615 0.15520567 0.16357876
 0.173457   0.18342167 0.18717645 0.18937774 0.18351775 0.17519076
 0.16477315 0.16456772 0.17037809 0.17454812 0.18212897 0.1685184
 0.1906106  0.19820033 0.18908602 0.2051834  0.2247547  0.22059794
 0.22343469 0.22106546 0.22124183 0.23200355 0.24561055 0.23780672
 0.2576633  0.288762   0.288762  ]
Returns:
[ 0.14095355  0.08009405  0.1091966   0.08983492 -0.10000518 -0.04920285
  0.00344817 -0.09980355 -0.27511902 -0.44073338 -0.54121282 -0.55658312
 -0.61469559 -0.66240431 -0.78718413 -0.76082438 -0.77844554 -0.88722037
 -0.88001511 -0.83953936 -0.85864796 -0.89969493 -0.88886708 -0.9931538
 -1.09405422 -1.21875091 -1.16777824 -1.36080062 -1.4090731  -1.40603001
 -1.34637488 -1.32190913 -1.29192647 -1.28744997 -1.23100797 -1.16207428
 -1.16985978 -1.09242685 -1.05745788 -0.9646995  -0.8949471  -0.82484345
 -0.82395788 -0.71060729 -0.78693333 -0.67773446 -0.79866964 -0.74509094
 -0.65836816 -0.67921569 -0.59920005 -0.5251703  -0.40387113 -0.46681367
 -0.45667596 -0.37710775 -0.27150231 -0.19062556 -0.1919029  -0.08447185
  0.01166021  0.02381783  0.01762383  0.09805101 -0.1914414  -0.17590317
 -0.17880372 -0.42397804 -0.37305946 -0.48626417 -0.42536629 -0.38818006
 -0.28461172 -0.39496329 -0.52214738 -0.49290679 -0.47665716 -0.7237452
 -0.84169913 -0.84556329 -0.83180895 -0.74473772 -0.63298261 -0.59432277
 -0.50448283 -0.41282022 -0.32904054 -0.40026547 -0.3719544  -0.28174553
 -0.24543439 -0.18172439 -0.07986391 -0.21245718 -0.14447827 -0.05884228
 -0.1855023  -0.15345528 -0.14483921 -0.07272286 -0.01237418  0.10263372
  0.18093254  0.03064508  0.02590725  0.12337349  0.05960889  0.00808586
 -0.21927569 -0.15364814 -0.18217256 -0.62202933 -0.54420141 -0.45336451
 -0.5346269  -0.45596298 -0.55769452 -0.58856447 -0.53084162 -0.48350174
 -0.38374481 -0.43134119 -0.52553079 -0.64814081 -0.64335324 -0.61395364
 -0.60435376 -0.59213369 -0.58136453 -0.53329024 -0.67647843 -0.76079972
 -0.67708952 -0.63744672 -0.65640459 -0.58420197 -0.49517937 -0.75484497
 -0.74172645 -0.72181409 -1.23972183 -1.18125733 -1.12722324 -1.1662444
 -1.35377333 -1.42222382 -1.38269288 -1.41157452 -1.45822081 -1.47120287
 -1.47409655 -1.47882325 -1.43020442 -1.53525148 -1.47837424 -1.43620993
 -1.3425851  -1.25751678 -1.1594791  -1.0777766  -0.96931055 -1.07500374
 -1.00421704 -0.93416805 -0.93182382 -0.86124649 -0.7648184  -0.73071985
 -0.69410125 -0.59936515 -0.67584424 -0.68874265 -0.71388974 -0.6979039
 -0.61956365 -0.53980948 -0.44729353 -0.53707908 -0.46414293 -0.43118826
 -0.44621593 -0.46819053 -0.47597604 -0.38777972 -0.33786523 -0.40700637
 -0.40331471 -0.32824083 -0.35052151 -0.46121805 -0.42329878 -0.36703895
 -0.24532002 -0.23070863 -0.16113083 -0.08683693  0.03797839  0.10486431
  0.13371829 -0.11267734]
Advants:
[-0.00923544 -0.07080896 -0.01373508 -0.02374703 -0.20270211 -0.14199201
 -0.07222997 -0.17238962 -0.33274624 -0.49062427 -0.60027494 -0.61711643
 -0.64755138 -0.6969395  -0.80421456 -0.76032422 -0.75545848 -0.87888191
 -0.87727769 -0.8363562  -0.86080055 -0.87078801 -0.8345943  -0.9314635
 -1.04849912 -1.1512952  -1.10424216 -1.32634046 -1.39683339 -1.37924585
 -1.32439939 -1.28799416 -1.26377625 -1.25551473 -1.21003395 -1.15148311
 -1.1548069  -1.0836383  -1.07267923 -0.98918511 -0.93349993 -0.88366162
 -0.91400097 -0.80475521 -0.90883037 -0.72396908 -0.84444808 -0.80563244
 -0.71872002 -0.77488441 -0.70900434 -0.65200315 -0.53015522 -0.5941795
 -0.57777346 -0.49021066 -0.38067343 -0.28428786 -0.28684099 -0.16813941
 -0.06369041 -0.0145652  -0.00676721  0.09837386 -0.21683206 -0.2002323
 -0.18424847 -0.46586562 -0.43128034 -0.5023197  -0.44858952 -0.42500493
 -0.29148114 -0.40054474 -0.54563936 -0.52248001 -0.52418288 -0.80573616
 -0.93708803 -0.95370584 -0.95807318 -0.88710357 -0.7882935  -0.74938797
 -0.66098186 -0.56311144 -0.46494571 -0.53972333 -0.49486838 -0.39625285
 -0.36508441 -0.30992973 -0.20457877 -0.36195185 -0.28238536 -0.17952322
 -0.27602583 -0.25471917 -0.24193369 -0.15372078 -0.09583174  0.02514354
  0.13336218 -0.03116579 -0.00656541  0.11583069  0.09599234  0.08399802
 -0.11466583 -0.03619914 -0.06100718 -0.52781082 -0.4466847  -0.3503244
 -0.42428306 -0.33953012 -0.45466062 -0.4881278  -0.42857999 -0.37249102
 -0.26130177 -0.30467041 -0.36794459 -0.49790163 -0.4893395  -0.44864726
 -0.4424334  -0.43636929 -0.4314365  -0.37535385 -0.49085471 -0.55540594
 -0.46715196 -0.41681966 -0.43842071 -0.36138742 -0.26076454 -0.51276047
 -0.48762797 -0.45822196 -0.98734259 -0.93249221 -0.87613639 -0.91326555
 -1.10268974 -1.16802942 -1.12327774 -1.15373088 -1.1960848  -1.21255038
 -1.21263278 -1.23224548 -1.19784035 -1.32832816 -1.28340696 -1.25457969
 -1.17779691 -1.10329285 -1.01563996 -0.94913275 -0.84500796 -0.95521643
 -0.87392528 -0.81040331 -0.81380589 -0.74381912 -0.65689448 -0.6294627
 -0.58214805 -0.48861987 -0.58340395 -0.59955379 -0.63605602 -0.63523512
 -0.57202612 -0.50577869 -0.41811614 -0.51414014 -0.43728807 -0.39683934
 -0.40249588 -0.42607394 -0.44205329 -0.35801476 -0.31435855 -0.37017132
 -0.38944722 -0.32082584 -0.3331653  -0.46298335 -0.44734965 -0.38800999
 -0.26661972 -0.24639217 -0.17132079 -0.09967073  0.02378644  0.11407847
  0.14028552 -0.12711543]
Mus:
[[-2.69475598e-02 -1.13533931e-02]
 [-2.59617567e-02 -1.11321872e-02]
 [-2.62939632e-02 -1.15976678e-02]
 [-2.54679061e-02 -1.09374272e-02]
 [-2.61263475e-02 -1.21397981e-02]
 [-2.50743739e-02 -1.16544170e-02]
 [-2.42458116e-02 -1.12155015e-02]
 [-2.25851312e-02 -1.03483833e-02]
 [-2.13762876e-02 -8.92321486e-03]
 [-2.04771366e-02 -7.70679815e-03]
 [-2.03445666e-02 -7.91007467e-03]
 [-1.95100848e-02 -7.30362022e-03]
 [-2.04077326e-02 -7.17212493e-03]
 [-2.04176418e-02 -7.45141134e-03]
 [-1.93546824e-02 -6.19656034e-03]
 [-1.89131387e-02 -5.75878983e-03]
 [-1.89012140e-02 -5.45241823e-03]
 [-1.71385389e-02 -4.58706124e-03]
 [-1.59662366e-02 -4.23047552e-03]
 [-1.47694433e-02 -3.73276975e-03]
 [-1.36467731e-02 -3.43034882e-03]
 [-1.17959082e-02 -2.46999180e-03]
 [-1.16592506e-02 -2.52144830e-03]
 [-8.45141802e-03 -5.75919461e-04]
 [-7.98078347e-03 -9.64181963e-04]
 [-8.70681461e-03 -1.68038183e-03]
 [-7.22596515e-03 -9.79225384e-04]
 [-8.15811381e-03 -2.21969117e-03]
 [-5.66616189e-03 -1.33423530e-03]
 [-3.83401662e-03 -5.28851640e-04]
 [-1.74796744e-03  2.15740278e-04]
 [-8.27803044e-04  4.18505428e-04]
 [ 2.13560765e-03  1.89138402e-03]
 [ 4.89371922e-03  3.33978049e-03]
 [ 7.58768898e-03  4.58848989e-03]
 [ 1.01676993e-02  5.71292918e-03]
 [ 1.03064282e-02  5.26212435e-03]
 [ 1.21397218e-02  6.10221177e-03]
 [ 1.40715959e-02  6.81469310e-03]
 [ 1.56189036e-02  7.30456226e-03]
 [ 1.65366475e-02  7.40981754e-03]
 [ 1.84681825e-02  8.29030108e-03]
 [ 1.94605216e-02  8.34572315e-03]
 [ 2.13330686e-02  8.94260872e-03]
 [ 2.29723752e-02  9.28088184e-03]
 [ 2.66888607e-02  1.22706005e-02]
 [ 2.89437231e-02  1.39435222e-02]
 [ 3.00625525e-02  1.48275802e-02]
 [ 3.08383405e-02  1.50430901e-02]
 [ 3.27269174e-02  1.57013573e-02]
 [ 3.40422429e-02  1.58023350e-02]
 [ 3.51804532e-02  1.63767245e-02]
 [ 3.53341624e-02  1.63209252e-02]
 [ 3.45036387e-02  1.64655093e-02]
 [ 3.25115733e-02  1.55530442e-02]
 [ 2.98964884e-02  1.40861021e-02]
 [ 2.60701180e-02  1.20454505e-02]
 [ 2.25044508e-02  1.04936333e-02]
 [ 1.91059355e-02  8.56915209e-03]
 [ 1.52061014e-02  6.92623202e-03]
 [ 1.10984603e-02  5.01610152e-03]
 [ 6.56793965e-03  3.68012441e-03]
 [ 2.27142265e-03  1.83741620e-03]
 [-2.47661327e-03  2.16920249e-04]
 [-5.90612693e-03 -2.01077294e-03]
 [-9.82633792e-03 -3.57222604e-03]
 [-1.33096613e-02 -4.46541095e-03]
 [-1.64987072e-02 -5.96809387e-03]
 [-1.87257845e-02 -6.66265842e-03]
 [-1.79170631e-02 -5.41847805e-03]
 [-1.76592842e-02 -5.07424632e-03]
 [-1.64406728e-02 -4.37796162e-03]
 [-1.28802508e-02 -2.05833674e-03]
 [-9.44063440e-03 -1.93622414e-04]
 [-5.20402659e-03  1.63314934e-03]
 [ 7.23110337e-04  4.14091675e-03]
 [ 6.93969149e-03  6.44184090e-03]
 [ 1.31757995e-02  8.37846752e-03]
 [ 1.91973299e-02  1.06385844e-02]
 [ 2.37885546e-02  1.25102941e-02]
 [ 2.81701908e-02  1.41716860e-02]
 [ 3.12525742e-02  1.53530929e-02]
 [ 3.32115591e-02  1.60124972e-02]
 [ 3.40040475e-02  1.65744144e-02]
 [ 3.44591253e-02  1.67106055e-02]
 [ 3.40583064e-02  1.65630095e-02]
 [ 3.19682434e-02  1.59280617e-02]
 [ 3.02180462e-02  1.43900691e-02]
 [ 2.64657270e-02  1.29946219e-02]
 [ 2.26888638e-02  1.12690777e-02]
 [ 1.89555958e-02  9.11175925e-03]
 [ 1.53483814e-02  7.12490128e-03]
 [ 1.12258904e-02  5.30213444e-03]
 [ 7.05776364e-03  2.64208578e-03]
 [ 2.75898469e-03  9.79619566e-04]
 [-1.28985604e-03 -4.11271700e-04]
 [-5.65265864e-03 -1.32743816e-03]
 [-9.09010880e-03 -2.86303833e-03]
 [-1.30920466e-02 -4.73557273e-03]
 [-1.51231000e-02 -5.09558804e-03]
 [-1.77616514e-02 -6.25733240e-03]
 [-1.91536061e-02 -6.69705123e-03]
 [-2.04820354e-02 -6.98820176e-03]
 [-2.40232218e-02 -8.97053722e-03]
 [-2.65093278e-02 -1.01510147e-02]
 [-2.59337705e-02 -9.66255832e-03]
 [-2.51536500e-02 -9.21670813e-03]
 [-2.44587865e-02 -8.96935537e-03]
 [-1.82064045e-02 -6.20708894e-03]
 [-1.63231380e-02 -5.60620567e-03]
 [-1.97592750e-02 -7.54025392e-03]
 [-2.59753373e-02 -1.05064521e-02]
 [-2.50548981e-02 -1.00518148e-02]
 [-2.55255029e-02 -1.04257884e-02]
 [-2.26884168e-02 -8.76110047e-03]
 [-2.26144176e-02 -8.95341765e-03]
 [-2.46253144e-02 -9.91277304e-03]
 [-2.32453849e-02 -8.91002454e-03]
 [-2.21593883e-02 -8.20660032e-03]
 [-2.37828922e-02 -9.10857134e-03]
 [-2.38168929e-02 -9.08054132e-03]
 [-2.15504374e-02 -7.66324112e-03]
 [-1.95417572e-02 -6.24834141e-03]
 [-2.22464614e-02 -8.01503938e-03]
 [-2.07023509e-02 -6.87813247e-03]
 [-1.91794224e-02 -5.87590598e-03]
 [-2.06402652e-02 -6.89107645e-03]
 [-2.22214404e-02 -7.81761948e-03]
 [-2.36685742e-02 -8.68192408e-03]
 [-2.45328918e-02 -9.39444080e-03]
 [-2.42674388e-02 -9.55323316e-03]
 [-2.07508560e-02 -7.72567466e-03]
 [-2.01279912e-02 -7.47536216e-03]
 [-1.79078337e-02 -6.35076454e-03]
 [-1.85172521e-02 -6.43163547e-03]
 [-1.90381501e-02 -6.85778446e-03]
 [-1.91220958e-02 -7.02796364e-03]
 [-2.06963550e-02 -8.67665093e-03]
 [-1.90375559e-02 -8.24165810e-03]
 [-1.75177529e-02 -7.98136555e-03]
 [-1.96059756e-02 -1.04918769e-02]
 [-1.78691950e-02 -1.02510834e-02]
 [-1.61646362e-02 -1.00611113e-02]
 [-1.13885328e-02 -7.74592813e-03]
 [-1.20749641e-02 -8.86733457e-03]
 [-9.88516957e-03 -8.69692955e-03]
 [-6.04197988e-03 -7.31602870e-03]
 [-4.04249830e-03 -7.33910035e-03]
 [ 1.41895632e-03 -4.53374349e-03]
 [ 3.22437240e-03 -4.46758093e-03]
 [ 8.36055353e-03 -1.94966979e-03]
 [ 9.53782629e-03 -2.06262036e-03]
 [ 1.09563526e-02 -1.63872936e-03]
 [ 1.14693539e-02 -1.48962403e-03]
 [ 1.31306965e-02 -3.06762726e-04]
 [ 1.49351945e-02  9.28188732e-04]
 [ 1.54871382e-02  1.42464205e-03]
 [ 1.54695800e-02  1.85532775e-03]
 [ 1.50225004e-02  2.11025146e-03]
 [ 1.27387727e-02  1.39026903e-03]
 [ 1.02064190e-02  8.14668601e-04]
 [ 6.39522169e-03 -1.71563108e-04]
 [ 5.35743963e-03  5.58807398e-04]
 [ 1.46572129e-03 -6.47873036e-04]
 [-4.42201644e-03 -2.87661119e-03]
 [-9.54808574e-03 -4.54661995e-03]
 [-1.59018263e-02 -7.11558573e-03]
 [-2.21821982e-02 -9.99360532e-03]
 [-2.42504627e-02 -1.05446968e-02]
 [-2.68406998e-02 -1.17341299e-02]
 [-3.08098048e-02 -1.40628153e-02]
 [-2.77246293e-02 -1.27053717e-02]
 [-2.29534339e-02 -1.07962685e-02]
 [-1.66030992e-02 -8.36997293e-03]
 [-1.45100579e-02 -8.14950559e-03]
 [-1.28396628e-02 -8.10909551e-03]
 [-8.00105929e-03 -6.49079261e-03]
 [-6.00931188e-03 -6.66861003e-03]
 [-2.12642760e-03 -5.52655058e-03]
 [ 3.20519670e-03 -3.28441849e-03]
 [ 9.14766360e-03 -2.96036218e-04]
 [ 1.12261046e-02  8.61543158e-05]
 [ 1.38036590e-02  1.35765737e-03]
 [ 1.56380031e-02  2.51562474e-03]
 [ 1.67752355e-02  2.45771697e-03]
 [ 1.88874137e-02  4.52587288e-03]
 [ 1.94571875e-02  4.73923516e-03]
 [ 2.04706416e-02  5.91337588e-03]
 [ 2.07217056e-02  5.74912177e-03]
 [ 2.20625773e-02  7.52847688e-03]
 [ 2.20729280e-02  7.06831459e-03]
 [ 2.35258583e-02  8.41134880e-03]
 [ 2.45229639e-02  9.16416012e-03]
 [ 2.59759799e-02  1.07034612e-02]
 [ 2.66706776e-02  1.16211688e-02]
 [ 2.75267661e-02  1.25692226e-02]
 [ 2.77941097e-02  1.28426962e-02]
 [ 2.72231903e-02  1.27819711e-02]
 [ 2.75850501e-02  1.20336078e-02]
 [ 2.68923007e-02  1.00983866e-02]]
Actions:
[[ 2.09019714e-01  2.78405671e-01]
 [-2.92179563e-01  2.54882904e-02]
 [ 2.39689646e-01 -1.31147462e-03]
 [-3.06520498e-01  4.63573047e-01]
 [ 9.86218322e-02  8.15552065e-02]
 [ 5.34387779e-02  3.21429197e-02]
 [ 3.30319256e-01  1.71351214e-01]
 [ 3.23379583e-01 -2.79866371e-01]
 [ 3.40206023e-01 -2.10871865e-01]
 [ 6.99002009e-02  3.95508886e-01]
 [ 1.90283018e-01  1.28126365e-01]
 [-1.98530356e-01 -2.37403317e-01]
 [-5.85795274e-02  3.54183788e-01]
 [ 1.56187361e-01 -3.14249160e-01]
 [-1.03032905e-01 -1.02788607e-01]
 [-1.86381774e-01 -1.93850973e-01]
 [ 3.24024641e-01  1.55146720e-01]
 [ 8.34046323e-02  2.30332461e-01]
 [ 4.07818865e-02  1.36478628e-01]
 [ 8.87492158e-02  2.84653901e-01]
 [-2.13874216e-01 -2.54456835e-01]
 [-2.60004175e-01 -3.28206905e-02]
 [ 2.53342887e-01 -2.83398713e-01]
 [-3.33952672e-03  4.14028316e-01]
 [-4.43689320e-01 -4.92139336e-02]
 [ 1.01579797e-01  9.61954648e-03]
 [-1.36430945e-02  5.09502228e-01]
 [ 2.32339065e-01  2.21909792e-01]
 [-1.32287295e-01 -1.94550480e-01]
 [ 4.30817474e-02  4.39875702e-02]
 [-1.83652131e-01 -8.96051049e-02]
 [ 1.77744161e-01 -8.37469326e-02]
 [ 7.29035668e-02 -2.41200860e-01]
 [ 1.21409492e-01 -5.88608358e-02]
 [ 8.91027476e-02 -4.17968842e-02]
 [-2.84685307e-01  8.95233855e-02]
 [ 6.06755841e-02 -7.67201286e-02]
 [ 1.80039445e-01  1.73508505e-01]
 [ 2.55822149e-02  6.05214825e-02]
 [ 3.22361637e-02  1.84144591e-01]
 [ 2.09877804e-01  2.86636469e-02]
 [ 1.62189247e-01  3.02557840e-01]
 [ 1.03474368e-02 -9.52771247e-03]
 [ 1.13522701e-01  4.33984583e-01]
 [-7.15674839e-02  5.56845006e-03]
 [ 1.75974075e-01 -4.38785119e-01]
 [ 1.81471671e-01 -1.63240009e-01]
 [-1.01811530e-01 -8.00671383e-02]
 [ 2.73608529e-01  2.82198816e-01]
 [ 5.23584418e-02  1.94757386e-01]
 [ 2.32875135e-01  6.53580868e-02]
 [ 3.79111767e-02  1.75056624e-02]
 [ 4.20856579e-01 -1.52978664e-01]
 [ 3.55800270e-01  1.78331003e-02]
 [ 1.84071816e-01  1.23913287e-01]
 [ 1.18096954e-01  6.03122221e-02]
 [ 1.41678334e-01 -1.30716806e-01]
 [-2.98658340e-01  1.15089289e-01]
 [ 3.67928551e-02 -6.51759285e-02]
 [ 1.12108097e-01  6.42554093e-02]
 [-2.65051564e-02 -3.21641701e-01]
 [ 3.29467077e-01  3.48366071e-02]
 [-8.93434069e-02 -1.40119591e-01]
 [-9.19015815e-02  6.12073468e-01]
 [ 2.49050738e-01  1.28351979e-01]
 [-3.06232343e-01 -1.51714645e-01]
 [ 2.72406757e-01  5.05537270e-01]
 [ 1.06300121e-01  1.81338638e-01]
 [ 2.93052231e-03 -4.58090371e-01]
 [-1.72342425e-01  1.32673285e-01]
 [ 1.72652536e-01  1.78185068e-01]
 [-1.11429307e-01  7.01131983e-02]
 [ 2.87472881e-01  3.64038529e-01]
 [ 2.21653745e-01  4.25869883e-01]
 [ 2.12878062e-01 -1.58248984e-01]
 [-3.01420933e-01  8.33639865e-02]
 [ 4.61612922e-01  3.83382018e-01]
 [-4.52520016e-01  9.39305863e-02]
 [-8.52846307e-02  3.11299958e-01]
 [ 1.80826391e-01  2.56727446e-01]
 [ 1.55082986e-01 -2.25172675e-02]
 [ 4.83937249e-02  8.68815701e-03]
 [ 1.35457983e-01 -2.39198544e-01]
 [ 1.91060221e-01 -2.40459770e-02]
 [-1.04883276e-01 -7.81424948e-02]
 [-7.62057792e-02 -1.40159388e-01]
 [ 3.02544942e-01  3.56387135e-01]
 [ 1.63886639e-01 -2.37698566e-01]
 [ 1.28653239e-01 -7.86459124e-02]
 [-2.11129379e-01  1.45931670e-01]
 [-1.40801420e-01  1.45018194e-01]
 [ 5.47614433e-02  1.71226281e-02]
 [-5.14644940e-03  4.95035165e-01]
 [ 1.78259636e-01 -3.70507689e-02]
 [-6.86911107e-02 -1.33663563e-01]
 [-1.14035755e-01 -4.70482810e-01]
 [-1.50717426e-01  2.04274911e-01]
 [-2.99832752e-01  1.22278881e-01]
 [-1.59389486e-02 -1.93937520e-01]
 [-1.04004888e-01  2.12716042e-01]
 [ 5.98700143e-04  7.84477390e-02]
 [-1.66920628e-01 -1.54568477e-01]
 [-2.54288567e-01  4.62356836e-01]
 [-3.82240936e-01 -4.62035558e-02]
 [ 6.43909961e-03 -1.79863410e-01]
 [-2.95405623e-01 -3.52403727e-01]
 [-3.71003340e-01 -2.52040487e-01]
 [-2.78514161e-01 -5.32177126e-01]
 [-2.27529241e-01 -9.64445736e-02]
 [-1.75046620e-01  3.39388307e-01]
 [ 3.23304386e-01  6.36617699e-01]
 [ 9.11980326e-02 -6.94599999e-02]
 [-8.74666300e-02  5.12277926e-02]
 [ 2.88029413e-01 -2.88880595e-01]
 [-1.45666379e-01  4.78846576e-02]
 [ 2.57754630e-01  3.33298297e-01]
 [ 3.03930105e-01 -1.33350128e-01]
 [ 1.60211154e-01 -6.46927610e-02]
 [-2.01408913e-01  1.23013689e-01]
 [-1.85804042e-02 -1.62122766e-02]
 [ 3.34210892e-01 -1.44288481e-01]
 [-7.05533792e-02 -4.34880802e-01]
 [-3.66118276e-01  2.98467051e-01]
 [ 1.96421696e-01 -1.99236293e-01]
 [-3.68888422e-02 -2.49090237e-01]
 [-1.97127698e-01  2.15305104e-01]
 [ 5.22047894e-02  2.64446463e-01]
 [ 4.93644708e-02  2.67286373e-01]
 [-1.74761429e-01  1.43949634e-01]
 [-4.76985159e-01 -1.77338733e-01]
 [-5.41752983e-02 -4.16715954e-01]
 [ 3.67391635e-02 -3.25689318e-02]
 [-5.75731609e-03 -2.25637660e-01]
 [ 3.01591731e-01  4.79349851e-02]
 [-3.28980755e-02  1.20097917e-01]
 [-4.05973484e-02  5.00677522e-02]
 [-5.21360157e-01  2.95203276e-01]
 [-2.62110026e-01 -1.00612375e-01]
 [-2.62881441e-01 -5.20691765e-02]
 [-6.67474545e-01  3.88136637e-01]
 [-3.00189538e-02  3.30801135e-02]
 [-3.81243395e-02  8.38770412e-02]
 [ 2.33674971e-01 -2.04656588e-01]
 [ 1.25203810e-01  4.62959495e-01]
 [-3.45690752e-01  6.63407868e-02]
 [-1.11392042e-01 -7.39069888e-02]
 [-1.56563026e-01  2.46294423e-01]
 [ 1.26976898e-01 -2.94531176e-01]
 [-2.18779782e-01  1.54063514e-01]
 [ 3.23450833e-03 -2.55142248e-01]
 [-1.32443416e-01  2.33535761e-01]
 [-1.05472983e-01  1.23842074e-01]
 [-3.88105059e-01  1.44228045e-01]
 [-6.23314750e-02 -1.24236173e-01]
 [-1.61087163e-01 -1.04593722e-01]
 [ 4.86791697e-02  3.21995422e-02]
 [-1.01195672e-01 -2.45160583e-02]
 [-6.94305633e-02 -1.49291514e-02]
 [ 1.55982702e-01  1.16367776e-01]
 [-7.45655947e-02 -2.74689031e-02]
 [-4.49732104e-01  5.20823175e-02]
 [-1.19446918e-01  1.51814999e-01]
 [ 1.34350475e-02  1.94429424e-01]
 [-3.12898246e-01  5.22744587e-02]
 [-4.48062797e-02 -1.82782994e-01]
 [ 2.57439809e-02  8.98403878e-02]
 [ 1.01722023e-01  2.32439311e-01]
 [ 1.01926306e-01 -2.38912773e-01]
 [-1.28449994e-01  4.31628417e-03]
 [-2.92941508e-01  3.09954658e-01]
 [ 1.96941236e-02 -3.41211709e-01]
 [ 1.64028979e-01 -2.91112065e-01]
 [-1.24567997e-01 -2.65131043e-01]
 [-6.55510624e-02  9.91483569e-02]
 [-4.09843976e-02  1.15552488e-01]
 [-4.70058355e-02 -8.85050600e-02]
 [ 1.75930587e-01  3.86312067e-01]
 [-1.21562045e-01  1.29822589e-01]
 [ 2.53950034e-01 -1.06543690e-01]
 [ 2.47572822e-02 -3.49316904e-01]
 [ 2.48160277e-01  2.80032978e-01]
 [ 3.51273752e-01  8.81597251e-02]
 [ 1.88352247e-01 -4.73265376e-02]
 [-1.67535239e-01  2.13173020e-01]
 [ 3.36940656e-02 -4.25850257e-01]
 [ 2.50768149e-01  2.72986204e-01]
 [ 2.38242715e-01 -6.96687354e-02]
 [-3.62972717e-01 -5.80789164e-02]
 [ 4.88586465e-01 -1.05193030e-01]
 [ 7.29883323e-02  3.03942032e-01]
 [ 1.11757478e-01 -2.32602267e-01]
 [ 7.41317102e-02 -8.67771731e-02]
 [ 1.45849675e-01 -3.02840470e-01]
 [ 7.58779401e-02 -2.29159712e-01]
 [ 2.06558458e-01 -1.49289163e-01]
 [ 1.38416695e-01  1.82784599e-02]
 [-1.69691012e-01 -1.75143820e-01]
 [-9.85187475e-02  3.28719884e-01]
 [-8.90416085e-02  6.16657286e-01]
 [-1.00713222e-01  1.25126212e-01]]
States:
[[0.99967317 0.99999992 0.52794228 0.49972571 0.51356266 0.59702096]
 [0.99950349 0.99997047 0.53221308 0.50523129 0.56713247 0.66996171]
 [0.99938896 0.99970157 0.53468781 0.5166255  0.49113434 0.67523021]
 ...
 [0.03331982 0.13618467 0.31396207 0.89984817 0.52439491 0.31633713]
 [0.03322184 0.16760477 0.31420122 0.92012762 0.49889033 0.40804262]
 [0.03170972 0.18230526 0.3179361  0.92860872 0.47631612 0.57338939]]
Logstds:
[[-3. -3.]
 [-3. -3.]
 [-3. -3.]
 [-3. -3.]
 [-3. -3.]
 [-3. -3.]
 [-3. -3.]
 [-3. -3.]
 [-3. -3.]
 [-3. -3.]
 [-3. -3.]
 [-3. -3.]
 [-3. -3.]
 [-3. -3.]
 [-3. -3.]
 [-3. -3.]
 [-3. -3.]
 [-3. -3.]
 [-3. -3.]
 [-3. -3.]
 [-3. -3.]
 [-3. -3.]
 [-3. -3.]
 [-3. -3.]
 [-3. -3.]
 [-3. -3.]
 [-3. -3.]
 [-3. -3.]
 [-3. -3.]
 [-3. -3.]
 [-3. -3.]
 [-3. -3.]
 [-3. -3.]
 [-3. -3.]
 [-3. -3.]
 [-3. -3.]
 [-3. -3.]
 [-3. -3.]
 [-3. -3.]
 [-3. -3.]
 [-3. -3.]
 [-3. -3.]
 [-3. -3.]
 [-3. -3.]
 [-3. -3.]
 [-3. -3.]
 [-3. -3.]
 [-3. -3.]
 [-3. -3.]
 [-3. -3.]
 [-3. -3.]
 [-3. -3.]
 [-3. -3.]
 [-3. -3.]
 [-3. -3.]
 [-3. -3.]
 [-3. -3.]
 [-3. -3.]
 [-3. -3.]
 [-3. -3.]
 [-3. -3.]
 [-3. -3.]
 [-3. -3.]
 [-3. -3.]
 [-3. -3.]
 [-3. -3.]
 [-3. -3.]
 [-3. -3.]
 [-3. -3.]
 [-3. -3.]
 [-3. -3.]
 [-3. -3.]
 [-3. -3.]
 [-3. -3.]
 [-3. -3.]
 [-3. -3.]
 [-3. -3.]
 [-3. -3.]
 [-3. -3.]
 [-3. -3.]
 [-3. -3.]
 [-3. -3.]
 [-3. -3.]
 [-3. -3.]
 [-3. -3.]
 [-3. -3.]
 [-3. -3.]
 [-3. -3.]
 [-3. -3.]
 [-3. -3.]
 [-3. -3.]
 [-3. -3.]
 [-3. -3.]
 [-3. -3.]
 [-3. -3.]
 [-3. -3.]
 [-3. -3.]
 [-3. -3.]
 [-3. -3.]
 [-3. -3.]
 [-3. -3.]
 [-3. -3.]
 [-3. -3.]
 [-3. -3.]
 [-3. -3.]
 [-3. -3.]
 [-3. -3.]
 [-3. -3.]
 [-3. -3.]
 [-3. -3.]
 [-3. -3.]
 [-3. -3.]
 [-3. -3.]
 [-3. -3.]
 [-3. -3.]
 [-3. -3.]
 [-3. -3.]
 [-3. -3.]
 [-3. -3.]
 [-3. -3.]
 [-3. -3.]
 [-3. -3.]
 [-3. -3.]
 [-3. -3.]
 [-3. -3.]
 [-3. -3.]
 [-3. -3.]
 [-3. -3.]
 [-3. -3.]
 [-3. -3.]
 [-3. -3.]
 [-3. -3.]
 [-3. -3.]
 [-3. -3.]
 [-3. -3.]
 [-3. -3.]
 [-3. -3.]
 [-3. -3.]
 [-3. -3.]
 [-3. -3.]
 [-3. -3.]
 [-3. -3.]
 [-3. -3.]
 [-3. -3.]
 [-3. -3.]
 [-3. -3.]
 [-3. -3.]
 [-3. -3.]
 [-3. -3.]
 [-3. -3.]
 [-3. -3.]
 [-3. -3.]
 [-3. -3.]
 [-3. -3.]
 [-3. -3.]
 [-3. -3.]
 [-3. -3.]
 [-3. -3.]
 [-3. -3.]
 [-3. -3.]
 [-3. -3.]
 [-3. -3.]
 [-3. -3.]
 [-3. -3.]
 [-3. -3.]
 [-3. -3.]
 [-3. -3.]
 [-3. -3.]
 [-3. -3.]
 [-3. -3.]
 [-3. -3.]
 [-3. -3.]
 [-3. -3.]
 [-3. -3.]
 [-3. -3.]
 [-3. -3.]
 [-3. -3.]
 [-3. -3.]
 [-3. -3.]
 [-3. -3.]
 [-3. -3.]
 [-3. -3.]
 [-3. -3.]
 [-3. -3.]
 [-3. -3.]
 [-3. -3.]
 [-3. -3.]
 [-3. -3.]
 [-3. -3.]
 [-3. -3.]
 [-3. -3.]
 [-3. -3.]
 [-3. -3.]
 [-3. -3.]
 [-3. -3.]
 [-3. -3.]
 [-3. -3.]
 [-3. -3.]
 [-3. -3.]
 [-3. -3.]]
