Baseline:
[1.4211261 1.4070522 1.398435  1.4029284 1.3630604 1.3495519 1.3322016
 1.3384968 1.3288313 1.3479713 1.3349746 1.3377312 1.3177772 1.309276
 1.3039031 1.2830747 1.2677451 1.2558242 1.2164693 1.2260399 1.2357929
 1.236093  1.2324158 1.2676386 1.2832009 1.2735142 1.2715986 1.2608031
 1.2663871 1.2702522 1.2679307 1.2995285 1.3014532 1.3095368 1.3386261
 1.3273402 1.3111526 1.3078337 1.3268155 1.3254977 1.3157201 1.3407363
 1.3665463 1.3704222 1.3749478 1.3478855 1.3130322 1.3010951 1.2666374
 1.2493833 1.2249948 1.2252463 1.1949708 1.1776177 1.1608781 1.1452162
 1.139109  1.1025156 1.0805011 1.0899972 1.1129936 1.1099302 1.1175791
 1.0939008 1.1009179 1.0933993 1.1148939 1.1151699 1.1223677 1.1556741
 1.1356404 1.1480247 1.1430311 1.1396718 1.1447912 1.1205934 1.13861
 1.1018803 1.1057581 1.0946203 1.1032898 1.093253  1.099604  1.1233021
 1.1256138 1.1364834 1.113582  1.1142745 1.1349195 1.1270113 1.1327823
 1.177867  1.189957  1.1665391 1.1804525 1.1888076 1.2149009 1.2053325
 1.2227205 1.2492757 1.2370938 1.2387453 1.243595  1.2222604 1.214694
 1.2174228 1.190457  1.2222654 1.2139266 1.2063018 1.2195077 1.2233616
 1.2377654 1.2480652 1.2288326 1.2148137 1.2283086 1.2143971 1.197491
 1.2022201 1.2000195 1.183416  1.1836134 1.143209  1.1405481 1.1180857
 1.1279398 1.1371744 1.1575388 1.1745532 1.1704165 1.1487328 1.193143
 1.211244  1.2144037 1.2078708 1.2376435 1.2402442 1.2440072 1.2628804
 1.2475301 1.2672689 1.290465  1.2925793 1.3288252 1.3627864 1.3849841
 1.3990519 1.3773456 1.3927411 1.3988496 1.4291025 1.4535152 1.447935
 1.4815714 1.5140717 1.5269967 1.5045751 1.5167962 1.5039138 1.5283176
 1.5428069 1.5373708 1.5403587 1.5422136 1.5337068 1.5357927 1.5243713
 1.48977   1.4763427 1.4477156 1.4321324 1.44849   1.4467626 1.4333831
 1.426832  1.4500408 1.4710412 1.4463565 1.4171007 1.4404006 1.4483888
 1.4682059 1.4590513 1.4765092 1.4795978 1.4649822 1.466439  1.4882666
 1.4815165 1.4923955 1.4749416 1.4658496 1.4185823 1.3734522 1.3683189
 1.3433911 1.3259163 1.2955889 1.2836113 1.2836113]
Returns:
[7.56539363 7.40769901 7.42116567 7.3923051  7.23199884 7.15604674
 7.13863472 7.06974002 6.94736947 6.77214223 6.7682802  6.75327388
 6.46252122 6.40601562 6.22598436 6.11629282 6.03095357 6.01535338
 5.74559004 5.64807742 5.56944803 5.29302124 5.20068837 4.87551339
 4.83482563 4.75509879 4.69746599 4.66483264 4.5956272  4.59707538
 4.62956545 4.51901609 4.56374495 4.51439881 4.39899752 4.31511355
 4.27268581 4.31662433 4.25532418 4.28160397 4.36046102 4.22929258
 4.0627063  4.09582403 4.04098407 3.76619769 3.76094623 3.81286585
 3.84773863 3.92553374 4.00483624 3.98552679 3.90604793 3.90303055
 3.90057837 3.97499755 3.93918295 3.93661058 4.04239592 4.10547127
 4.00749002 4.09403598 4.09160024 4.12916629 4.11534209 4.11623033
 4.09947508 4.19088181 4.28048117 4.17540488 4.0331381  4.08538217
 4.18991284 4.29421529 4.40833647 4.23441066 4.2162896  4.17530163
 4.26185434 4.24555506 4.27883721 4.4027993  4.50533866 4.39509673
 4.52692905 4.5864593  4.54852445 4.6908188  4.7495498  4.88075218
 4.97042986 4.7694192  4.89313415 4.59998486 4.60027501 4.68046875
 4.7066641  4.86775594 4.9025427  4.8442491  4.95233513 5.08623715
 5.21272435 5.22252097 5.22492239 5.26556263 5.32052753 5.10884408
 5.20050752 5.33689907 5.22812435 5.33365203 5.37715122 5.46786465
 5.53961662 5.24982556 5.32270654 5.38282315 5.46264382 5.55321821
 5.46827313 5.55814846 5.42660182 5.3731816  5.45228884 5.51242144
 5.54278158 5.60770686 5.61132188 5.60639342 5.61794371 5.62350506
 5.40392105 5.43649383 5.58678641 5.62701097 5.54805784 5.70511609
 5.75207829 5.88315776 5.9181447  5.9661443  6.05405251 6.21052997
 6.27798156 6.30573704 6.45167761 6.60949147 6.63654748 6.78647233
 6.9374483  6.96430333 7.05777555 7.21187196 6.93894974 7.01467634
 7.1278926  7.02032213 7.05549054 7.17681802 7.09177086 6.93271622
 7.04992228 7.12089742 6.91785914 6.98654545 6.82391098 6.90012339
 6.78107089 6.7045502  6.70467223 6.64097244 6.60608299 6.44889074
 6.3928727  6.40524187 6.14247463 6.01754619 5.90495569 5.72696837
 5.59751833 5.50438888 5.38354028 5.20304081 5.05128098 4.94588219
 4.4844104  4.31349958 3.71168526 3.51934172 3.17471098 2.84917256
 2.59533157 2.14849198 1.70448969 1.36002927 1.14474974 0.902338
 0.64051287 0.2496115 ]
Advants:
[4.29189907 4.1760675  4.22899052 4.22807145 4.13910616 4.10888523
 4.14378936 4.10421835 4.02668073 3.86446545 3.90877349 3.92863102
 3.69028243 3.6760076  3.53255039 3.47479807 3.43638414 3.46687839
 3.26642855 3.18854419 3.12911453 2.87524814 2.80865864 2.46106037
 2.41696048 2.35793944 2.31245668 2.30104971 2.23526667 2.24254871
 2.28896209 2.15500884 2.20802866 2.1599088  2.02105233 1.95232291
 1.9294695  1.9818636  1.9046731  1.9364789  2.03242168 1.8793372
 1.68435469 1.71169433 1.64842861 1.38881053 1.40642074 1.4592392
 1.51873523 1.60605191 1.70455867 1.67876686 1.62128012 1.62707037
 1.6325262  1.7158093  1.67780595 1.70387661 1.82700131 1.87716427
 1.74873756 1.83303499 1.81687388 1.87341827 1.84683216 1.8492648
 1.80334878 1.88897876 1.96795938 1.82158455 1.68689808 1.71447651
 1.81406039 1.91426478 2.01854494 1.8590625  1.81122177 1.79413182
 1.86543904 1.84778161 1.85959514 1.98384887 2.07243668 1.9261062
 2.04618675 2.08610818 2.061126   2.19631105 2.22861158 2.36574618
 2.45010359 2.19688614 2.30423467 2.0215204  1.99338697 2.05170105
 2.03712969 2.19714446 2.20352914 2.10410375 2.21227313 2.33548463
 2.45107521 2.47660709 2.48080677 2.51363124 2.59257567 2.33831241
 2.42971859 2.56886055 2.43781783 2.53280196 2.55553782 2.63153725
 2.72054543 2.43409951 2.48373927 2.54948026 2.64020537 2.72219307
 2.63270315 2.73515498 2.59496643 2.57238423 2.64629991 2.72292795
 2.73759292 2.78866748 2.76639061 2.73777069 2.74669705 2.76744823
 2.48824216 2.48665391 2.62090891 2.65513776 2.52945332 2.67028464
 2.70003285 2.80111264 2.84093239 2.85865366 2.91392988 3.06282746
 3.08906714 3.07728041 3.19879391 3.34456651 3.39703622 3.53974931
 3.69797803 3.70897462 3.79579081 3.97967505 3.68990499 3.75268703
 3.87730167 3.81591482 3.86535812 4.03247188 3.9553426  3.81150644
 3.97018013 4.0793711  3.91285457 4.03408106 3.91205065 4.04872165
 4.01487286 4.0047414  4.09185307 4.10558286 4.11986558 4.03070467
 4.05869966 4.15485569 3.94385011 3.87476511 3.86753041 3.80174227
 3.73427719 3.72258225 3.6746064  3.5985482  3.5275007  3.52219113
 3.17348177 3.10229085 2.56915668 2.47604114 2.20989205 1.98925222
 1.83182752 1.51466069 1.19287759 0.92671186 0.80986685 0.65774156
 0.49809834 0.18543088]
Mus:
[[-1.56742912e-02 -5.43092052e-03]
 [-1.57495867e-02 -4.98646637e-03]
 [-1.60403363e-02 -5.25542488e-03]
 [-1.63803492e-02 -5.82874473e-03]
 [-1.53335398e-02 -5.46081970e-03]
 [-1.54640060e-02 -6.23952923e-03]
 [-1.44945914e-02 -6.02517463e-03]
 [-1.47422114e-02 -6.65261131e-03]
 [-1.44276302e-02 -7.32597243e-03]
 [-1.36579657e-02 -6.69735949e-03]
 [-1.20012304e-02 -6.20221952e-03]
 [-1.13592399e-02 -6.16983837e-03]
 [-7.98121188e-03 -4.32747183e-03]
 [-7.49566359e-03 -4.64065094e-03]
 [-5.81810856e-03 -3.58772208e-03]
 [-4.64872690e-03 -3.16191465e-03]
 [-3.41718295e-03 -3.36670363e-03]
 [-2.16683373e-03 -3.19331978e-03]
 [ 1.01971952e-03 -2.90641305e-03]
 [ 1.38675887e-03 -2.45049968e-03]
 [ 1.71364855e-03 -2.67441152e-03]
 [ 2.36068503e-03 -1.61986041e-03]
 [ 1.94243737e-03 -1.39064691e-03]
 [ 9.21586179e-04 -2.00534333e-03]
 [ 6.55094045e-04 -1.97045133e-03]
 [ 6.93018432e-04 -1.54172641e-03]
 [-1.67278558e-04 -1.47341087e-03]
 [ 1.84409658e-03 -1.20728277e-03]
 [ 3.53123783e-03 -1.23239192e-03]
 [ 3.63857998e-03 -8.08964251e-04]
 [ 4.78050066e-03 -4.57832008e-04]
 [ 3.74384527e-03 -2.95127014e-04]
 [ 4.50773630e-03 -2.17762048e-04]
 [ 3.71159799e-03  1.42093966e-04]
 [ 2.32496695e-03 -2.14619649e-04]
 [ 2.03053304e-03  8.24386880e-05]
 [ 1.80648407e-03  2.66748597e-04]
 [ 2.21578730e-03  1.55728179e-04]
 [ 3.36185039e-04 -8.15718013e-05]
 [-2.00658949e-04 -2.47800326e-05]
 [-3.57368641e-04 -1.30222877e-04]
 [-2.25992408e-03 -6.53156254e-04]
 [-4.48374031e-03 -1.20162498e-03]
 [-5.13161207e-03 -1.26440648e-03]
 [-5.53891249e-03 -9.72440583e-04]
 [-5.20081259e-03 -3.63661617e-04]
 [-5.64686442e-03 -1.14282360e-03]
 [-6.28253724e-03 -1.33479421e-03]
 [-5.69836888e-03 -1.32091518e-03]
 [-5.60909929e-03 -1.38920988e-03]
 [-5.33640385e-03 -1.38836296e-03]
 [-6.05294108e-03 -1.59850880e-03]
 [-5.74713154e-03 -1.06043578e-03]
 [-5.60932746e-03 -6.18002028e-04]
 [-5.06023364e-03 -7.69060498e-05]
 [-4.98813018e-03 -3.89003835e-04]
 [-6.41786726e-03 -1.58474268e-03]
 [-6.93243043e-03 -2.40488118e-03]
 [-6.90762000e-03 -2.52128625e-03]
 [-7.59803364e-03 -2.87648640e-03]
 [-9.94498841e-03 -4.32091719e-03]
 [-1.09135788e-02 -4.96916939e-03]
 [-1.35101350e-02 -6.48602005e-03]
 [-1.46442270e-02 -7.29314284e-03]
 [-1.16625121e-02 -5.67400595e-03]
 [-9.23379511e-03 -4.27261274e-03]
 [-1.09120132e-02 -5.17092133e-03]
 [-1.01656122e-02 -4.71678423e-03]
 [-1.07443053e-02 -5.02119632e-03]
 [-1.05073657e-02 -4.62076161e-03]
 [-1.45572536e-02 -7.12998025e-03]
 [-1.55947888e-02 -7.88272824e-03]
 [-1.54518615e-02 -7.97789916e-03]
 [-1.56373177e-02 -8.38452578e-03]
 [-1.51047064e-02 -8.23289435e-03]
 [-1.14398170e-02 -6.22784020e-03]
 [-1.08158896e-02 -5.62531454e-03]
 [-9.32536274e-03 -5.35380002e-03]
 [-8.51009786e-03 -4.85542696e-03]
 [-6.16042642e-03 -3.43529647e-03]
 [-5.69912652e-03 -2.88570370e-03]
 [-5.13028121e-03 -2.70588184e-03]
 [-5.33397729e-03 -2.70193676e-03]
 [-7.43611716e-03 -3.96430399e-03]
 [-7.47706043e-03 -4.05687653e-03]
 [-6.66601630e-03 -3.33753461e-03]
 [-7.84588698e-03 -4.61080251e-03]
 [-7.07300287e-03 -4.21077153e-03]
 [-7.55795138e-03 -4.62377071e-03]
 [-6.62352471e-03 -4.16969461e-03]
 [-5.06361993e-03 -3.07781366e-03]
 [-5.80821279e-03 -3.23242741e-03]
 [-6.03219680e-03 -3.15489247e-03]
 [-4.04174067e-03 -1.64416898e-03]
 [-5.72839612e-03 -2.57324078e-03]
 [-6.70102332e-03 -3.34667880e-03]
 [-7.60591589e-03 -3.53117473e-03]
 [-8.00817274e-03 -3.91018577e-03]
 [-8.52156337e-03 -3.73190455e-03]
 [-1.03831002e-02 -4.96393628e-03]
 [-1.00658964e-02 -4.95215785e-03]
 [-1.02519114e-02 -5.06415870e-03]
 [-1.08660646e-02 -5.70671400e-03]
 [-1.01131639e-02 -5.52527653e-03]
 [-9.77633335e-03 -4.92578791e-03]
 [-9.76083241e-03 -4.54589259e-03]
 [-8.99782684e-03 -4.43326682e-03]
 [-1.04835639e-02 -4.63842601e-03]
 [-1.12727676e-02 -5.46170166e-03]
 [-1.13118002e-02 -5.76909352e-03]
 [-1.11437067e-02 -5.02436329e-03]
 [-1.18400743e-02 -5.30272210e-03]
 [-1.29362177e-02 -5.62018389e-03]
 [-1.44346152e-02 -6.51045702e-03]
 [-1.39963022e-02 -6.28013164e-03]
 [-1.57072730e-02 -8.23035464e-03]
 [-1.57056339e-02 -8.13631527e-03]
 [-1.44055998e-02 -7.58378021e-03]
 [-1.33501478e-02 -7.36060226e-03]
 [-1.30167129e-02 -7.27916602e-03]
 [-1.19393542e-02 -6.14972366e-03]
 [-1.13404216e-02 -6.18930813e-03]
 [-1.10835657e-02 -5.33867069e-03]
 [-9.15620569e-03 -4.89097321e-03]
 [-9.26234853e-03 -5.32524893e-03]
 [-8.07526521e-03 -5.35890739e-03]
 [-8.24086275e-03 -5.52122016e-03]
 [-8.78953561e-03 -5.90122817e-03]
 [-9.87334084e-03 -6.53088605e-03]
 [-7.88757484e-03 -5.21619758e-03]
 [-7.82359391e-03 -5.93074551e-03]
 [-4.03692201e-03 -4.64654248e-03]
 [-4.10463568e-03 -3.92189063e-03]
 [-3.83816846e-03 -3.20440065e-03]
 [-3.26391333e-03 -3.20430496e-03]
 [-2.25813757e-03 -2.38534017e-03]
 [-3.44924117e-03 -2.67875614e-03]
 [-3.08240647e-03 -2.56743771e-03]
 [-2.32681097e-03 -3.12916888e-03]
 [-2.38740910e-03 -3.52198561e-03]
 [ 1.11352638e-04 -2.89587094e-03]
 [ 1.55494770e-03 -1.52133638e-03]
 [ 1.20341149e-03 -2.00372166e-03]
 [ 2.31116661e-03 -1.80299126e-03]
 [ 1.88987004e-03 -2.01064837e-03]
 [ 1.59559236e-03 -1.22735975e-03]
 [ 1.65841193e-03 -1.19276927e-03]
 [ 2.15178682e-03 -6.29321556e-04]
 [ 4.76184487e-03  3.08875424e-05]
 [ 4.99846740e-03 -1.36046889e-04]
 [ 4.85792011e-03 -6.34885277e-04]
 [ 5.08243544e-03  2.72478646e-04]
 [ 4.69977409e-03  6.77743694e-04]
 [ 5.36599988e-03  6.86157495e-04]
 [ 5.63652255e-03 -1.08649016e-04]
 [ 6.05249824e-03  3.43746651e-04]
 [ 7.39187049e-03  1.44798507e-03]
 [ 9.42154601e-03  2.90482841e-03]
 [ 1.04765017e-02  3.97487963e-03]
 [ 1.08077209e-02  3.77140287e-03]
 [ 1.22103682e-02  5.07271383e-03]
 [ 1.17697744e-02  5.94917126e-03]
 [ 1.24197621e-02  5.97900152e-03]
 [ 1.21892020e-02  6.16677711e-03]
 [ 1.12598343e-02  6.68642996e-03]
 [ 1.05411345e-02  6.47376943e-03]
 [ 7.43066194e-03  5.94700966e-03]
 [ 5.58432844e-03  4.89078043e-03]
 [ 5.62657928e-03  3.73933720e-03]
 [ 3.55174555e-03  3.25055839e-03]
 [ 2.54106382e-03  2.20173737e-03]
 [-1.14925198e-04  1.47236057e-03]
 [-2.13669823e-03  6.24525244e-04]
 [-2.32458510e-03 -4.73431661e-04]
 [-1.15822302e-03 -8.41484813e-04]
 [-3.72344104e-04 -8.82466789e-04]
 [ 1.00788893e-03 -1.09499367e-03]
 [ 5.52968530e-04 -7.76158646e-04]
 [ 1.89508626e-03 -6.86436542e-04]
 [ 2.77485233e-03 -8.91202071e-04]
 [ 3.10102385e-03 -7.67848280e-04]
 [ 3.58164753e-03 -8.45916744e-04]
 [ 4.08208231e-03 -6.66007458e-04]
 [ 4.29719314e-03  9.06356072e-05]
 [ 4.31594346e-03  8.10206329e-05]
 [ 4.26178379e-03 -3.15916222e-05]
 [ 3.64465825e-03 -1.63757743e-03]
 [ 4.93621640e-03 -7.68568192e-04]
 [ 6.40148018e-03  1.08925579e-03]
 [ 6.02262467e-03  5.52401994e-04]
 [ 4.88788821e-03  1.07406398e-04]
 [ 4.31135530e-03 -3.38130107e-04]
 [ 3.96338990e-03 -1.46419959e-04]
 [ 1.43743106e-04 -2.39097630e-03]
 [-2.67037470e-03 -4.07660892e-03]
 [-1.87080121e-03 -3.43032461e-03]
 [-2.96329358e-03 -3.98152415e-03]
 [-3.41802672e-03 -4.00334736e-03]
 [-5.51133230e-03 -4.93832352e-03]
 [-4.85801650e-03 -4.23221011e-03]]
Actions:
[[ 1.17889223e-01 -3.12020836e-01]
 [-9.31932563e-02 -2.39322794e-02]
 [-1.33922138e-01  2.11088078e-01]
 [-2.45425047e-01 -3.58194392e-01]
 [-3.28592405e-01  1.68388651e-01]
 [-1.08233564e-01 -1.32808173e-01]
 [-9.62301841e-02  3.01307222e-01]
 [-3.59828335e-01  2.51878772e-01]
 [ 3.34966476e-01  2.15921940e-02]
 [-9.22463370e-02 -7.57131003e-02]
 [-2.24514662e-02  1.01458531e-01]
 [ 1.38601720e-01 -4.66933099e-01]
 [-2.05430403e-01  1.16450226e-01]
 [ 1.80144773e-01 -2.70357019e-01]
 [-9.80568238e-02 -2.61615835e-01]
 [-3.09732003e-01  7.10196042e-02]
 [-1.47805239e-01 -6.88536205e-02]
 [-5.62596858e-01 -1.68487615e-01]
 [ 2.10314771e-01  1.37860795e-04]
 [-5.94979442e-02  3.04190569e-01]
 [ 2.84570618e-01 -3.54606415e-01]
 [ 9.89177345e-02 -1.74455927e-01]
 [ 1.43841552e-01  5.49181840e-01]
 [ 1.31210123e-01  1.10944975e-01]
 [ 4.59054012e-02 -2.67089353e-01]
 [ 1.14802353e-01 -1.47866781e-01]
 [-2.48888003e-01  1.16328317e-01]
 [-2.05691020e-01  3.13739296e-01]
 [ 7.65949877e-02 -1.04997446e-01]
 [-1.20884273e-01  2.63341712e-03]
 [ 3.21166618e-01  1.26657171e-01]
 [-1.17972298e-01  6.72726838e-02]
 [ 1.66335786e-01 -2.10020348e-01]
 [ 2.71999645e-01  2.65648149e-01]
 [-1.27488587e-02 -3.55300063e-01]
 [-5.57878615e-02 -2.99578818e-01]
 [-9.73755167e-02  1.52450596e-01]
 [ 2.87892893e-01  2.94824190e-02]
 [ 7.70769411e-02 -9.97417601e-02]
 [-5.40579741e-02 -6.90316104e-03]
 [ 3.11096806e-01  2.96478075e-01]
 [ 3.79359528e-01  2.50084717e-01]
 [ 1.59553533e-01 -1.73315440e-03]
 [ 2.53387546e-01 -1.75595798e-01]
 [ 1.12385174e-01 -5.63661181e-01]
 [-2.95559479e-01  1.73464056e-01]
 [ 8.06629440e-02  1.59203655e-02]
 [-1.77361685e-01 -1.67106177e-01]
 [-2.04055399e-02  5.05350216e-02]
 [-7.97539104e-02 -1.01348252e-01]
 [ 1.78245523e-01  1.87036999e-01]
 [ 8.14932057e-02 -4.03633418e-01]
 [ 1.98279663e-01 -1.72833829e-01]
 [ 2.22944275e-01 -1.40007527e-01]
 [-1.76796203e-02  1.57053896e-01]
 [-1.38887134e-01  3.42159029e-01]
 [-3.95410200e-01 -6.07751578e-02]
 [-1.43946989e-01 -9.50239456e-02]
 [ 4.52889489e-02  1.60139549e-01]
 [-1.12199167e-01  4.24479285e-01]
 [-1.49164200e-01  7.65101682e-02]
 [-1.86128987e-01  3.05237976e-01]
 [-3.56168526e-01 -8.60545572e-02]
 [ 2.53139785e-01 -1.40942447e-01]
 [ 1.70600726e-01 -2.61396195e-01]
 [ 1.04153831e-02  3.23842108e-01]
 [ 7.91481071e-02 -7.90995270e-02]
 [ 1.56360680e-02  1.09629292e-01]
 [ 3.68426772e-01  1.79531837e-01]
 [-5.26041614e-01  2.10734108e-01]
 [-6.84538605e-02  2.18316723e-01]
 [-1.15767488e-01 -4.09364374e-02]
 [-1.84520869e-01  4.82957532e-02]
 [-1.49195129e-02  4.32152272e-02]
 [ 2.31510897e-02 -5.34636169e-01]
 [ 2.56535127e-01  4.16049163e-02]
 [-3.80706888e-01 -2.86264907e-01]
 [ 7.26560222e-02 -5.08221906e-03]
 [ 1.23156539e-01 -3.23383587e-01]
 [ 1.85194348e-01 -2.12767569e-02]
 [-8.47309931e-02 -4.63079611e-02]
 [ 6.63594383e-02  9.60440838e-02]
 [-4.73922082e-02  4.69838600e-01]
 [-3.13071643e-02  5.04608840e-02]
 [ 2.29124226e-01 -6.65581931e-02]
 [-4.83781710e-01  1.06408508e-01]
 [-3.36994039e-03 -5.06596527e-02]
 [ 2.82382823e-02  2.91317884e-01]
 [-8.71312691e-02 -1.72747185e-01]
 [ 1.58488412e-01 -1.74743762e-01]
 [ 3.62571238e-01  4.17584878e-01]
 [ 1.16805160e-01  7.57305489e-03]
 [ 6.82710105e-02 -6.62565866e-01]
 [ 5.57651047e-02  3.44028472e-01]
 [-5.68752649e-02  2.40791639e-01]
 [ 2.44979492e-01  1.54640447e-01]
 [-1.29129436e-01 -5.87013503e-02]
 [ 2.61853450e-01 -3.29316208e-02]
 [ 2.58629990e-02  4.18646152e-01]
 [-9.74180099e-02 -1.73053121e-01]
 [ 2.73569745e-03 -5.32497012e-02]
 [-1.04229872e-01  1.39074402e-01]
 [-2.33840525e-01 -3.03456662e-01]
 [ 7.05336170e-02 -3.28562401e-01]
 [ 1.70318206e-01 -1.46454732e-01]
 [-2.49779662e-01 -2.35238941e-01]
 [ 4.24640590e-01  2.69087151e-01]
 [-2.05616981e-01  1.45652458e-01]
 [-1.46139454e-01  2.84635854e-02]
 [ 3.45468219e-01 -1.91984937e-01]
 [ 6.02060206e-02  5.10706718e-02]
 [ 1.71401849e-01  1.13447816e-01]
 [-1.18556198e-02  2.01299410e-01]
 [-1.02758621e-01 -2.48533990e-01]
 [-5.69568693e-01  3.94697935e-01]
 [ 1.05994625e-01  5.11126985e-02]
 [-1.45688296e-01 -2.25527256e-01]
 [-2.40668437e-01 -1.28439835e-01]
 [ 7.92402247e-03  5.49427293e-02]
 [ 1.81425259e-01 -3.40449605e-01]
 [-2.36725452e-01 -5.23514384e-02]
 [ 3.31958448e-01 -2.45001640e-01]
 [-4.16734309e-01 -2.62668333e-01]
 [-1.33198570e-01  1.73706504e-01]
 [-3.64551236e-01  1.83709120e-02]
 [ 7.53373367e-02  2.50005459e-01]
 [-2.70701958e-02  2.46652680e-01]
 [ 2.36051939e-02  3.11413077e-01]
 [ 3.07667739e-01 -1.31582163e-01]
 [-4.00135168e-01  2.18414281e-01]
 [-3.78906307e-01 -2.57641793e-01]
 [ 5.32429571e-01  1.02431353e-01]
 [ 2.56024537e-01 -9.08557217e-02]
 [-1.06794203e-01  8.65284105e-02]
 [-4.03853020e-02 -3.43894894e-01]
 [ 2.88812488e-01  3.18685282e-01]
 [-4.36060467e-02  3.89499513e-04]
 [-2.47911836e-01  2.97018362e-01]
 [-6.46083051e-02  2.15245539e-01]
 [-3.85139364e-01 -1.59327209e-01]
 [ 2.00066000e-01 -2.31646954e-01]
 [ 2.01183243e-02  2.99460239e-01]
 [-1.92245228e-01 -1.46978233e-02]
 [ 1.51298537e-01  2.81932123e-01]
 [ 3.25678701e-01 -1.18956702e-01]
 [ 7.99867489e-02  1.31747003e-01]
 [ 8.78547667e-02 -1.09500196e-01]
 [-3.76959847e-01 -2.16212124e-01]
 [-4.93214420e-02  1.91113862e-01]
 [-2.04354732e-01  1.55202051e-01]
 [ 3.40151673e-01 -9.20458863e-02]
 [ 2.66834272e-01 -1.16483730e-02]
 [-2.15820832e-01 -4.13891386e-02]
 [-5.60306284e-03  7.01558860e-01]
 [ 2.43652945e-01  1.60413252e-01]
 [ 1.65610133e-01 -1.27561564e-01]
 [-9.32075466e-02 -4.93558047e-01]
 [ 2.69811391e-01 -1.13812363e-01]
 [-2.26067098e-01  7.83032030e-03]
 [ 4.40618814e-01 -3.25942067e-02]
 [ 4.45183851e-01 -2.17585935e-01]
 [-2.06451478e-02  5.11985763e-02]
 [ 1.81546591e-01 -3.35185357e-02]
 [ 3.85706096e-01 -3.23209069e-01]
 [ 7.97843039e-02 -1.11678785e-01]
 [ 3.77034605e-01 -2.27979480e-01]
 [-1.37352643e-03  1.45510639e-01]
 [-4.64760113e-01  2.23388824e-01]
 [ 1.30036189e-01 -2.91464886e-01]
 [-3.24931272e-01  7.69651299e-03]
 [ 8.85306477e-02 -2.73708427e-01]
 [ 1.97041458e-01  1.67183457e-01]
 [-2.72349956e-01  4.04739822e-01]
 [-3.34874099e-01  1.72202681e-01]
 [-1.58292086e-01  6.77351670e-02]
 [-6.23792981e-02  5.38489168e-01]
 [ 2.75585705e-01  3.19332317e-02]
 [-3.43885091e-01 -1.18883284e-01]
 [-4.20746798e-01 -1.18605592e-01]
 [ 1.25614825e-01  2.13993747e-01]
 [-7.02649435e-02  1.59649883e-01]
 [ 8.71296665e-02  1.88003399e-01]
 [ 1.26684371e-01 -2.57503485e-01]
 [ 9.51650297e-02  1.93468398e-01]
 [-2.83852837e-02  9.17749996e-02]
 [-5.72334662e-01  2.70505751e-01]
 [ 1.52514921e-01 -4.24688911e-02]
 [ 6.32308219e-01 -1.91245752e-02]
 [-1.18798896e-01  1.14236682e-01]
 [ 2.05145306e-01  3.34234336e-01]
 [-9.06900093e-02  3.64672845e-01]
 [ 2.10361489e-01 -6.36423128e-02]
 [-5.25784022e-01 -2.26352409e-02]
 [-4.54957897e-01 -2.36752046e-01]
 [ 2.68161765e-01  2.05025580e-01]
 [-8.08767459e-02  1.23462790e-01]
 [ 1.11216759e-01  1.45288696e-01]
 [-8.95515194e-02  2.76443159e-01]
 [ 3.20483740e-01  2.62899213e-01]
 [ 1.80851418e-01  4.89246593e-02]]
States:
[[0.99824126 0.99880287 0.46697605 0.53328372 0.51353285 0.59737254]
 [0.99843598 0.99920517 0.46939919 0.52712579 0.54379128 0.51558854]
 [0.99865113 0.99977434 0.47226019 0.51445766 0.51928922 0.51094178]
 ...
 [0.64354123 0.21876332 0.0220153  0.94716534 0.48642904 1.        ]
 [0.63788248 0.14542128 0.02030855 0.90613144 0.46398828 1.        ]
 [0.63676511 0.07310136 0.01998018 0.84839148 0.54722557 1.        ]]
Logstds:
[[-3. -3.]
 [-3. -3.]
 [-3. -3.]
 [-3. -3.]
 [-3. -3.]
 [-3. -3.]
 [-3. -3.]
 [-3. -3.]
 [-3. -3.]
 [-3. -3.]
 [-3. -3.]
 [-3. -3.]
 [-3. -3.]
 [-3. -3.]
 [-3. -3.]
 [-3. -3.]
 [-3. -3.]
 [-3. -3.]
 [-3. -3.]
 [-3. -3.]
 [-3. -3.]
 [-3. -3.]
 [-3. -3.]
 [-3. -3.]
 [-3. -3.]
 [-3. -3.]
 [-3. -3.]
 [-3. -3.]
 [-3. -3.]
 [-3. -3.]
 [-3. -3.]
 [-3. -3.]
 [-3. -3.]
 [-3. -3.]
 [-3. -3.]
 [-3. -3.]
 [-3. -3.]
 [-3. -3.]
 [-3. -3.]
 [-3. -3.]
 [-3. -3.]
 [-3. -3.]
 [-3. -3.]
 [-3. -3.]
 [-3. -3.]
 [-3. -3.]
 [-3. -3.]
 [-3. -3.]
 [-3. -3.]
 [-3. -3.]
 [-3. -3.]
 [-3. -3.]
 [-3. -3.]
 [-3. -3.]
 [-3. -3.]
 [-3. -3.]
 [-3. -3.]
 [-3. -3.]
 [-3. -3.]
 [-3. -3.]
 [-3. -3.]
 [-3. -3.]
 [-3. -3.]
 [-3. -3.]
 [-3. -3.]
 [-3. -3.]
 [-3. -3.]
 [-3. -3.]
 [-3. -3.]
 [-3. -3.]
 [-3. -3.]
 [-3. -3.]
 [-3. -3.]
 [-3. -3.]
 [-3. -3.]
 [-3. -3.]
 [-3. -3.]
 [-3. -3.]
 [-3. -3.]
 [-3. -3.]
 [-3. -3.]
 [-3. -3.]
 [-3. -3.]
 [-3. -3.]
 [-3. -3.]
 [-3. -3.]
 [-3. -3.]
 [-3. -3.]
 [-3. -3.]
 [-3. -3.]
 [-3. -3.]
 [-3. -3.]
 [-3. -3.]
 [-3. -3.]
 [-3. -3.]
 [-3. -3.]
 [-3. -3.]
 [-3. -3.]
 [-3. -3.]
 [-3. -3.]
 [-3. -3.]
 [-3. -3.]
 [-3. -3.]
 [-3. -3.]
 [-3. -3.]
 [-3. -3.]
 [-3. -3.]
 [-3. -3.]
 [-3. -3.]
 [-3. -3.]
 [-3. -3.]
 [-3. -3.]
 [-3. -3.]
 [-3. -3.]
 [-3. -3.]
 [-3. -3.]
 [-3. -3.]
 [-3. -3.]
 [-3. -3.]
 [-3. -3.]
 [-3. -3.]
 [-3. -3.]
 [-3. -3.]
 [-3. -3.]
 [-3. -3.]
 [-3. -3.]
 [-3. -3.]
 [-3. -3.]
 [-3. -3.]
 [-3. -3.]
 [-3. -3.]
 [-3. -3.]
 [-3. -3.]
 [-3. -3.]
 [-3. -3.]
 [-3. -3.]
 [-3. -3.]
 [-3. -3.]
 [-3. -3.]
 [-3. -3.]
 [-3. -3.]
 [-3. -3.]
 [-3. -3.]
 [-3. -3.]
 [-3. -3.]
 [-3. -3.]
 [-3. -3.]
 [-3. -3.]
 [-3. -3.]
 [-3. -3.]
 [-3. -3.]
 [-3. -3.]
 [-3. -3.]
 [-3. -3.]
 [-3. -3.]
 [-3. -3.]
 [-3. -3.]
 [-3. -3.]
 [-3. -3.]
 [-3. -3.]
 [-3. -3.]
 [-3. -3.]
 [-3. -3.]
 [-3. -3.]
 [-3. -3.]
 [-3. -3.]
 [-3. -3.]
 [-3. -3.]
 [-3. -3.]
 [-3. -3.]
 [-3. -3.]
 [-3. -3.]
 [-3. -3.]
 [-3. -3.]
 [-3. -3.]
 [-3. -3.]
 [-3. -3.]
 [-3. -3.]
 [-3. -3.]
 [-3. -3.]
 [-3. -3.]
 [-3. -3.]
 [-3. -3.]
 [-3. -3.]
 [-3. -3.]
 [-3. -3.]
 [-3. -3.]
 [-3. -3.]
 [-3. -3.]
 [-3. -3.]
 [-3. -3.]
 [-3. -3.]
 [-3. -3.]
 [-3. -3.]
 [-3. -3.]
 [-3. -3.]
 [-3. -3.]
 [-3. -3.]
 [-3. -3.]
 [-3. -3.]]
