Baseline:
[0.4890766  0.49712834 0.49984604 0.5031627  0.48734945 0.47316876
 0.47070244 0.4847017  0.4913824  0.49287495 0.49934533 0.490011
 0.5030922  0.49331838 0.5025761  0.5180503  0.52904564 0.546112
 0.5555126  0.53024733 0.5132511  0.5411199  0.5394733  0.55220044
 0.5464237  0.5578816  0.56076723 0.54299784 0.5569151  0.53990734
 0.5310135  0.51455057 0.49691716 0.49507615 0.49346158 0.4891772
 0.5004507  0.46249875 0.4360514  0.42768234 0.41904706 0.41073576
 0.39243573 0.36890352 0.36770728 0.37087718 0.3735917  0.3721533
 0.29058704 0.23596646 0.22545189 0.21055375 0.22079214 0.25194186
 0.25028887 0.23254573 0.22082996 0.24292956 0.26826546 0.29762802
 0.31484604 0.31815767 0.29149643 0.29415312 0.3013096  0.31941703
 0.307624   0.29418766 0.2891905  0.28186652 0.2769335  0.27257192
 0.27568132 0.26255375 0.2564855  0.27059335 0.26970884 0.25682616
 0.2815363  0.26864108 0.27558455 0.2673952  0.2818566  0.28923073
 0.29996237 0.29364344 0.30553836 0.32188812 0.32971403 0.3349149
 0.33965248 0.35884985 0.36247995 0.3384321  0.3148153  0.30832598
 0.30124077 0.2814599  0.27136546 0.25990143 0.2556301  0.25979912
 0.26092678 0.26043895 0.2730148  0.26293027 0.25079626 0.25313765
 0.26353326 0.27641934 0.2907811  0.32519928 0.3174974  0.33531305
 0.28675944 0.30815968 0.28674614 0.27290782 0.29038823 0.28816268
 0.28010708 0.2649325  0.25695726 0.24653965 0.25008252 0.23721287
 0.23542598 0.22314401 0.2208074  0.24551766 0.25318804 0.27243173
 0.28389296 0.29345357 0.27948627 0.27962634 0.28137347 0.2993503
 0.3184457  0.30687827 0.30247453 0.30741796 0.32022706 0.32775638
 0.3385981  0.34578902 0.35298592 0.37364894 0.367318   0.36779675
 0.37602344 0.37637806 0.3903018  0.39341477 0.38416564 0.41519946
 0.43228966 0.41541258 0.43013972 0.39774653 0.38857448 0.41328704
 0.43680587 0.45827034 0.45243326 0.4597201  0.46359408 0.46281132
 0.47690645 0.48543695 0.461879   0.46463963 0.4855122  0.4825133
 0.4919277  0.49420923 0.49042532 0.49853072 0.48451766 0.47864303
 0.5016355  0.5050042  0.5054763  0.5195878  0.5149602  0.5104038
 0.48988342 0.4587249  0.4286989  0.41686404 0.36536017 0.32768038
 0.30259836 0.24718969 0.21006401 0.1628394  0.1383304  0.11737487
 0.11673445 0.11378413 0.11378413]
Returns:
[ 0.74307071  0.81662427  0.91947341  0.79049004  0.58226624  0.59583949
  0.68144791  0.5318587   0.56424497  0.27183004  0.32319579  0.3795232
  0.34135779  0.36132777  0.39148695  0.10477826  0.10441519  0.07918025
  0.15521364  0.12370121  0.17732137 -0.14243635 -0.15312367 -0.16090979
 -0.09158814 -0.13198247 -0.16474762 -0.20977466 -0.36341471 -0.31394288
 -0.21364466 -0.56262635 -0.54389953 -0.51281818 -0.42969625 -0.42839472
 -0.48587446 -0.64396336 -0.61255558 -0.56043219 -0.48180115 -0.35989472
 -0.269683   -0.67341089 -0.62533159 -0.50601465 -0.53284269 -0.49080657
 -0.44707405 -0.69498425 -0.64431291 -0.65189811 -0.56460528 -0.69864729
 -0.58183993 -0.81436761 -0.85294725 -0.8287345  -1.00554929 -1.09215865
 -1.25627377 -1.16911238 -1.51161163 -1.43460316 -1.38269638 -1.3823134
 -1.35115369 -1.30733354 -1.23108915 -1.30626318 -1.24199061 -1.19088648
 -1.18395315 -1.30168781 -1.26061907 -1.25612384 -1.21882006 -1.29658886
 -1.40452676 -1.43533287 -1.38046112 -1.39716257 -1.37424728 -1.29221624
 -1.27002672 -1.20486571 -1.13196581 -1.17094676 -1.1209292  -1.08449694
 -1.0366233  -1.14391923 -1.07592099 -1.05448977 -1.11169157 -1.05998934
 -0.95637736 -0.99474444 -0.91619023 -0.84086346 -0.84381281 -0.72810065
 -0.71420985 -0.60318036 -0.52874673 -0.43400791 -0.35296593 -0.23698478
 -0.10844581 -0.06600959  0.05229083 -0.05300908 -0.01478593 -0.16072981
 -0.54308281 -0.50478927 -0.54729358 -0.43012981 -0.51441643 -0.78528225
 -0.68339116 -0.63434714 -0.53578929 -0.56892402 -0.44977396 -0.40595964
 -0.33278714 -0.26004657 -0.21736553 -0.21667424 -0.20061354 -0.13965504
 -0.09960895  0.00836279  0.07236502  0.21175457  0.33977547  0.36358557
 -0.10922974 -0.16666431 -0.08490833 -0.04131065  0.05351238  0.02711911
  0.08333138  0.15437739  0.19982321  0.21444783  0.28037639  0.36436848
  0.44292291  0.53134362  0.41770249  0.49434298  0.5357635   0.23426883
  0.13970136  0.13067495  0.13518416 -0.30969432 -0.435925   -0.4029663
 -0.38280485 -0.43693502 -0.42437608 -0.39070789 -0.36290939 -0.36227764
 -0.28320276 -0.1742265  -0.24337754 -0.64835132 -0.61115127 -0.56758629
 -0.536641   -0.44098151 -0.45754868 -0.36216052 -0.56082345 -0.54946194
 -0.55066205 -0.51898462 -0.42300495 -0.50558927 -0.5395243  -0.49480318
 -0.39564897 -0.44534848 -0.46815015 -0.41472768 -0.42770332 -0.33642248
 -0.31437079 -0.36437626 -0.31167248 -0.37388735 -0.26270364 -0.13490236
 -0.00649791  0.01841593]
Advants:
[ 0.30684343  0.38672868  0.50556567  0.38947294  0.20869948  0.24994021
  0.3553746   0.20556512  0.24701853 -0.03888954  0.01607522  0.0946949
  0.05592509  0.10012854  0.13736783 -0.15643133 -0.15904306 -0.19316088
 -0.11558669 -0.11015357 -0.02467793 -0.36693065 -0.37041947 -0.38554234
 -0.30227163 -0.34685908 -0.37572884 -0.39647082 -0.56213962 -0.49155455
 -0.37453016 -0.70883353 -0.67328535 -0.64022602 -0.55272016 -0.54395623
 -0.6113871  -0.73380468 -0.67663504 -0.61501558 -0.5238273  -0.38532616
 -0.26446932 -0.64302687 -0.59044967 -0.46712753 -0.48979746 -0.4375203
 -0.29879377 -0.48348979 -0.41108587 -0.39137315 -0.29847947 -0.4515917
 -0.3163591  -0.51958543 -0.53473731 -0.5198491  -0.71438853 -0.8256876
 -1.00755807 -0.92169811 -1.24512287 -1.1767046  -1.1370092  -1.16076737
 -1.1230339  -1.06967048 -0.99014102 -1.06194745 -0.9948949  -0.94005022
 -0.93678192 -1.04522728 -1.00079767 -1.01364562 -0.97778719 -1.04720842
 -1.18888042 -1.21713793 -1.17895535 -1.19830663 -1.20135381 -1.13686875
 -1.13609487 -1.07399834 -1.02128938 -1.08733406 -1.0554642  -1.03446793
 -1.00110483 -1.14211577 -1.09151121 -1.05956162 -1.10886735 -1.065936
 -0.96837538 -1.00179208 -0.92649554 -0.85151002 -0.86295811 -0.76182309
 -0.75995997 -0.65682223 -0.60214474 -0.50187136 -0.41075123 -0.29582784
 -0.17263756 -0.13669665 -0.02260822 -0.15563306 -0.10102428 -0.26042502
 -0.59981803 -0.58847236 -0.61623567 -0.4884229  -0.59679834 -0.88091847
 -0.78436989 -0.73270463 -0.6364994  -0.67112679 -0.56486899 -0.51657774
 -0.44840769 -0.36812331 -0.32685514 -0.35568583 -0.35225768 -0.31463757
 -0.28961217 -0.19202007 -0.11252792  0.03268057  0.16932635  0.18659564
 -0.30811864 -0.35844671 -0.27446321 -0.23697507 -0.15369007 -0.18728245
 -0.14015039 -0.0724088  -0.02875936 -0.02912393  0.05152755  0.14673068
  0.23191911  0.33883552  0.22778151  0.32150041  0.39564857  0.07831433
 -0.02030811  0.00193105  0.0070113  -0.40162994 -0.51813737 -0.50903803
 -0.51157337 -0.58861394 -0.57121807 -0.54510614 -0.52073406 -0.51879011
 -0.45122616 -0.34486948 -0.38545818 -0.80037231 -0.79133117 -0.7512342
 -0.7360552  -0.64668223 -0.66420706 -0.5793703  -0.77238532 -0.7636939
 -0.7979073  -0.77959755 -0.69198683 -0.80024288 -0.84300172 -0.80679741
 -0.69760846 -0.72810174 -0.73362449 -0.68018185 -0.65328316 -0.53295428
 -0.4937299  -0.4967427  -0.41326795 -0.43561789 -0.30371511 -0.15447037
 -0.02090491  0.01272672]
Mus:
[[-2.54681837e-02 -1.06991343e-02]
 [-2.49810368e-02 -1.06575070e-02]
 [-2.47324724e-02 -1.05234431e-02]
 [-2.46908180e-02 -9.68693662e-03]
 [-2.59999614e-02 -9.29701794e-03]
 [-2.78452933e-02 -1.01855081e-02]
 [-2.87214816e-02 -1.09967878e-02]
 [-2.84112375e-02 -1.14392443e-02]
 [-2.80794166e-02 -1.18342815e-02]
 [-2.76562218e-02 -1.06162997e-02]
 [-2.76544597e-02 -1.07174916e-02]
 [-2.83134840e-02 -1.07505014e-02]
 [-2.79016905e-02 -1.07216667e-02]
 [-2.88541429e-02 -1.14695309e-02]
 [-2.83822101e-02 -1.11995963e-02]
 [-2.79352870e-02 -1.20192468e-02]
 [-2.83309259e-02 -1.25699230e-02]
 [-2.61339042e-02 -1.13003403e-02]
 [-2.50797607e-02 -1.07378988e-02]
 [-2.43951101e-02 -1.01799453e-02]
 [-2.40843315e-02 -9.94627178e-03]
 [-2.19053999e-02 -8.46568495e-03]
 [-2.05296874e-02 -7.37135718e-03]
 [-1.96364261e-02 -6.99115684e-03]
 [-1.87509861e-02 -6.37656264e-03]
 [-1.87472645e-02 -6.54846150e-03]
 [-1.82683393e-02 -6.16749423e-03]
 [-1.64190158e-02 -4.84470138e-03]
 [-1.36982184e-02 -3.52744269e-03]
 [-9.90562607e-03 -1.75659743e-03]
 [-6.72216294e-03 -3.34277225e-04]
 [ 1.21681012e-04  3.23735597e-03]
 [ 4.12352616e-03  5.01888199e-03]
 [ 6.56946003e-03  5.45315538e-03]
 [ 1.07808076e-02  7.20791658e-03]
 [ 1.28699802e-02  7.19661126e-03]
 [ 1.57430731e-02  7.86416698e-03]
 [ 1.62149779e-02  7.14304578e-03]
 [ 1.71993729e-02  6.99823676e-03]
 [ 2.09556893e-02  8.86060204e-03]
 [ 2.19356790e-02  8.77341535e-03]
 [ 2.42970679e-02  9.71658807e-03]
 [ 2.47159507e-02  9.43882391e-03]
 [ 2.15622354e-02  6.98175328e-03]
 [ 2.31954902e-02  7.95639306e-03]
 [ 2.37926189e-02  8.20948742e-03]
 [ 2.48254277e-02  8.64513963e-03]
 [ 2.54391171e-02  8.88067950e-03]
 [ 2.76293736e-02  1.10094994e-02]
 [ 2.51716673e-02  1.00830644e-02]
 [ 2.31892504e-02  9.06594004e-03]
 [ 1.98130403e-02  7.48250727e-03]
 [ 2.04990394e-02  8.17037281e-03]
 [ 2.39004027e-02  1.00493720e-02]
 [ 2.36126576e-02  9.84099135e-03]
 [ 2.24568397e-02  1.03681479e-02]
 [ 2.07312647e-02  9.01426282e-03]
 [ 2.25588828e-02  9.72154643e-03]
 [ 2.52908245e-02  1.17746517e-02]
 [ 2.83233095e-02  1.30890133e-02]
 [ 3.04102786e-02  1.49246603e-02]
 [ 3.14055309e-02  1.52210221e-02]
 [ 3.14763375e-02  1.38145648e-02]
 [ 3.19435671e-02  1.40021760e-02]
 [ 3.26526910e-02  1.45782167e-02]
 [ 3.33615318e-02  1.50696114e-02]
 [ 3.24931517e-02  1.42818838e-02]
 [ 3.17966565e-02  1.39201302e-02]
 [ 3.15596238e-02  1.38812829e-02]
 [ 3.17564309e-02  1.47553077e-02]
 [ 3.15628946e-02  1.45980790e-02]
 [ 3.09915990e-02  1.40447794e-02]
 [ 3.00673582e-02  1.30047146e-02]
 [ 2.83090100e-02  1.15446607e-02]
 [ 2.79267896e-02  1.14782229e-02]
 [ 2.94032618e-02  1.25964535e-02]
 [ 2.93333717e-02  1.29823396e-02]
 [ 2.83619035e-02  1.23292962e-02]
 [ 2.77430620e-02  1.10113015e-02]
 [ 2.69924644e-02  1.07108792e-02]
 [ 2.67824959e-02  1.02865193e-02]
 [ 2.55336799e-02  9.71345603e-03]
 [ 2.50475965e-02  8.92707705e-03]
 [ 2.50490066e-02  8.90351646e-03]
 [ 2.40748320e-02  7.88390823e-03]
 [ 2.37008389e-02  8.04116577e-03]
 [ 2.45347694e-02  8.45637824e-03]
 [ 2.66633127e-02  9.92225017e-03]
 [ 2.66478416e-02  9.57417767e-03]
 [ 2.82461140e-02  1.07160080e-02]
 [ 2.80336440e-02  1.01922825e-02]
 [ 2.86258738e-02  1.00194691e-02]
 [ 2.92923488e-02  1.02493614e-02]
 [ 2.83958558e-02  9.68028605e-03]
 [ 2.94628851e-02  1.09756403e-02]
 [ 2.85560209e-02  1.01225432e-02]
 [ 2.86527481e-02  1.02463560e-02]
 [ 2.69665513e-02  9.06705484e-03]
 [ 2.60646101e-02  8.55878368e-03]
 [ 2.57622860e-02  8.67254846e-03]
 [ 2.30610035e-02  7.02321995e-03]
 [ 2.21783482e-02  6.68138405e-03]
 [ 2.35845763e-02  8.08449555e-03]
 [ 2.40423903e-02  8.62259790e-03]
 [ 2.52545625e-02  9.49002616e-03]
 [ 2.51764785e-02  9.67000891e-03]
 [ 2.35930942e-02  8.88239592e-03]
 [ 2.44603120e-02  9.61565133e-03]
 [ 2.52267066e-02  1.00881374e-02]
 [ 2.75879931e-02  1.15513904e-02]
 [ 2.82557905e-02  1.16599025e-02]
 [ 2.86222845e-02  1.14211328e-02]
 [ 3.04623190e-02  1.27214277e-02]
 [ 2.95663029e-02  1.12998942e-02]
 [ 2.98697706e-02  1.19583951e-02]
 [ 3.04656290e-02  1.19481497e-02]
 [ 3.06355134e-02  1.22968573e-02]
 [ 3.05636954e-02  1.25016598e-02]
 [ 3.18615623e-02  1.39737064e-02]
 [ 3.10581177e-02  1.24877207e-02]
 [ 3.10054999e-02  1.26449233e-02]
 [ 3.04281022e-02  1.26841823e-02]
 [ 2.99887192e-02  1.26040066e-02]
 [ 2.92282458e-02  1.30435554e-02]
 [ 2.95410417e-02  1.31644858e-02]
 [ 2.92167105e-02  1.34162288e-02]
 [ 2.97219288e-02  1.41327707e-02]
 [ 2.97276564e-02  1.42881759e-02]
 [ 2.92344261e-02  1.35068251e-02]
 [ 2.94460859e-02  1.30352369e-02]
 [ 3.01476177e-02  1.40843475e-02]
 [ 3.08945999e-02  1.44224903e-02]
 [ 3.01717538e-02  1.33821825e-02]
 [ 3.00514754e-02  1.29805552e-02]
 [ 2.83821411e-02  1.21071404e-02]
 [ 2.78223585e-02  1.19827855e-02]
 [ 2.71014422e-02  1.12554077e-02]
 [ 2.81009767e-02  1.18623879e-02]
 [ 2.80713998e-02  1.33128511e-02]
 [ 2.34616157e-02  1.22872600e-02]
 [ 1.95086785e-02  1.06672943e-02]
 [ 1.54584758e-02  9.66097042e-03]
 [ 1.35305468e-02  8.73502251e-03]
 [ 1.28989192e-02  7.34986411e-03]
 [ 1.19097773e-02  6.25082804e-03]
 [ 1.01653570e-02  5.00082830e-03]
 [ 8.15538224e-03  4.68908018e-03]
 [ 6.18886668e-03  3.62651004e-03]
 [ 3.67519329e-03  2.94137839e-03]
 [ 1.24507037e-03  1.81024929e-03]
 [-9.74098686e-04  7.21251068e-04]
 [-3.18108522e-03  1.19718250e-04]
 [-4.89183655e-03  1.17308919e-04]
 [-7.44421594e-03 -1.11428497e-03]
 [-9.48273111e-03 -1.40703085e-03]
 [-1.11813024e-02 -2.45007942e-03]
 [-1.37153929e-02 -3.65904300e-03]
 [-1.41980238e-02 -3.08990898e-03]
 [-1.52122295e-02 -3.49729205e-03]
 [-1.34655321e-02 -1.56333286e-03]
 [-1.15262028e-02  1.04289953e-04]
 [-1.12466291e-02  2.36608059e-04]
 [-1.02362456e-02  5.57783351e-04]
 [-8.17064755e-03  1.02839526e-03]
 [-5.68611827e-03  2.12892168e-03]
 [-1.70018524e-03  3.96327861e-03]
 [ 2.48183310e-03  5.85323432e-03]
 [ 5.21688210e-03  6.38960162e-03]
 [ 8.24116822e-03  7.25029083e-03]
 [ 1.14753833e-02  8.38441122e-03]
 [ 1.31682353e-02  8.80234316e-03]
 [ 1.53019326e-02  1.06572080e-02]
 [ 1.73308030e-02  1.16825374e-02]
 [ 1.88066419e-02  1.20270401e-02]
 [ 1.92591101e-02  1.24604786e-02]
 [ 2.05614977e-02  1.26980310e-02]
 [ 1.85657106e-02  1.20882969e-02]
 [ 1.80854499e-02  1.17057497e-02]
 [ 1.50009682e-02  1.03057520e-02]
 [ 1.53223136e-02  9.63048264e-03]
 [ 1.53870387e-02  9.54468921e-03]
 [ 1.39665743e-02  8.87009874e-03]
 [ 1.33994855e-02  8.22665915e-03]
 [ 1.14116026e-02  7.65119120e-03]
 [ 8.79981555e-03  6.78356830e-03]
 [ 6.98853238e-03  6.06405037e-03]
 [ 5.44640981e-03  5.17945969e-03]
 [ 3.72092379e-03  4.33581043e-03]
 [ 2.33873073e-03  3.36163677e-03]
 [-2.72769452e-04  2.47552269e-03]
 [-6.57918747e-04  2.02633115e-03]
 [-7.14588736e-04  1.78769359e-03]
 [-1.31841470e-03  1.82669319e-03]
 [ 9.03336258e-05  1.79426768e-03]
 [ 1.32670440e-03  2.26029521e-03]
 [ 3.43171903e-03  2.95548933e-03]
 [ 4.91097895e-03  3.93635826e-03]
 [ 7.44930934e-03  5.12652658e-03]
 [ 8.92497785e-03  5.90956816e-03]
 [ 1.08968895e-02  6.61903620e-03]]
Actions:
[[ 7.29850069e-02  1.55859127e-01]
 [ 4.51364426e-02  3.41750481e-02]
 [ 3.11416714e-01 -2.73221260e-01]
 [ 1.85471480e-02 -5.23726650e-01]
 [-3.08658318e-01 -1.33370461e-01]
 [-1.45720193e-01  1.09117833e-01]
 [ 1.70830727e-01  4.51738508e-01]
 [-6.37661484e-02  2.99310151e-01]
 [ 3.80114382e-01 -3.97127096e-01]
 [ 8.86920350e-02  1.42242472e-01]
 [-8.71591490e-02 -1.82123090e-01]
 [ 2.03444773e-01  2.57504460e-01]
 [-3.47807943e-01  4.36598202e-02]
 [ 1.86720495e-01  1.29428841e-01]
 [-1.87779852e-01  6.12322289e-01]
 [-8.39714414e-02  3.33366365e-01]
 [ 2.89238148e-01  6.87660797e-02]
 [ 7.92052673e-02  1.35483568e-01]
 [-2.93320286e-01 -2.32581865e-01]
 [-2.01495858e-01 -1.07352228e-01]
 [ 5.78220147e-01  7.20489033e-02]
 [ 1.79498475e-01 -1.23855700e-01]
 [ 1.59007132e-01  2.58059012e-01]
 [ 3.12027481e-02  1.26250526e-02]
 [ 4.80957902e-02  3.78306206e-01]
 [ 1.45843657e-01  3.26053032e-01]
 [ 1.39391945e-01 -2.94934041e-01]
 [ 3.73729507e-01  3.08961240e-01]
 [ 2.98710488e-02 -1.85973176e-01]
 [ 6.25087846e-02 -1.21116416e-03]
 [ 3.48492665e-01 -5.18872607e-01]
 [-5.92090724e-02 -2.36558461e-01]
 [-1.96125556e-01  1.84426225e-01]
 [ 1.04342981e-01 -7.47982722e-02]
 [-2.13796015e-01  2.51158800e-01]
 [ 1.38873038e-01  3.95628059e-01]
 [-4.99016956e-01 -7.25177306e-03]
 [-2.61972787e-01  1.60154417e-02]
 [ 2.21474930e-01 -1.23962744e-01]
 [-6.54439918e-02  1.96658045e-01]
 [ 8.80397316e-02  6.83740909e-03]
 [-1.89742768e-01  4.68124076e-02]
 [-5.20207458e-01  4.84152789e-01]
 [ 2.24006642e-01 -1.82810585e-01]
 [ 1.05606387e-01  8.06500525e-02]
 [ 1.07504246e-01  3.97501773e-01]
 [ 6.25715758e-02 -2.83263879e-01]
 [-2.71159262e-01 -3.27709984e-02]
 [-5.59996711e-01 -1.33848333e-01]
 [-2.41187642e-01  1.34724355e-02]
 [-3.33300256e-01 -3.60790090e-02]
 [ 2.18678254e-01 -1.69923643e-02]
 [ 5.14625703e-01  9.73276902e-02]
 [-5.75399442e-02  2.15652223e-02]
 [ 1.07635204e-02 -5.70417728e-01]
 [-3.43276833e-01  1.29737981e-01]
 [ 2.36034052e-01  2.08306467e-01]
 [ 5.26767964e-01 -1.23928261e-01]
 [ 3.93855314e-01  2.24150622e-01]
 [ 4.27273319e-01 -2.79381608e-01]
 [ 5.66268054e-02  2.48840036e-02]
 [-5.68069023e-01  2.46802518e-01]
 [ 6.06280279e-02  1.29447386e-02]
 [ 1.83939336e-01 -5.07941203e-02]
 [ 2.88665780e-01  1.10787068e-01]
 [-1.80792338e-01  5.04258800e-02]
 [-1.31875824e-01 -8.49704306e-02]
 [-8.98740926e-03 -5.89295071e-02]
 [ 1.38977157e-01 -3.58339431e-01]
 [-6.90130788e-02 -3.68865059e-02]
 [-1.26851582e-01  6.12769219e-02]
 [-1.54305788e-01  2.11722103e-01]
 [-4.09080875e-01  2.78924468e-02]
 [-1.13144468e-01 -1.27300471e-01]
 [ 2.94805057e-01 -3.08157159e-02]
 [ 6.05067313e-02 -1.82553382e-01]
 [-3.39066428e-01 -1.13610246e-01]
 [-4.47527109e-02  4.28813833e-01]
 [-2.46024647e-01 -1.52027155e-01]
 [-8.44189848e-02  9.69127505e-02]
 [-2.51819929e-01 -1.04753928e-01]
 [-9.07755446e-02  2.16911953e-01]
 [ 4.11726792e-03  4.53103240e-02]
 [-1.20030302e-01  2.20752380e-01]
 [-6.43490225e-02 -1.21436097e-01]
 [ 1.42278564e-01  1.00393908e-01]
 [ 3.82541943e-01  4.07003158e-02]
 [ 3.94227318e-02  2.17773212e-01]
 [ 2.61249000e-01 -2.52624398e-02]
 [ 4.48429236e-03  2.29962138e-01]
 [ 2.51241601e-01  3.98512602e-01]
 [ 1.48318055e-01  1.29911745e-01]
 [-2.29685827e-01 -8.14876549e-02]
 [ 6.01299579e-02 -3.76391960e-01]
 [-1.57946331e-01  1.19986561e-01]
 [ 1.46326520e-03 -3.35788117e-02]
 [-3.45975373e-01 -7.98587871e-03]
 [-1.49180927e-01  4.19466564e-03]
 [-9.14550649e-02 -1.49188710e-01]
 [-2.64561541e-01  1.95203305e-01]
 [ 1.10932883e-02  1.06385848e-01]
 [ 2.15724857e-01 -2.50183644e-01]
 [ 7.51900664e-02 -1.08881122e-01]
 [ 2.58429738e-01  1.98480123e-02]
 [-4.09554586e-02 -1.75737399e-01]
 [-2.04472542e-01 -4.26931421e-02]
 [ 1.44469446e-01 -1.08315646e-01]
 [ 1.61950989e-01  5.14311087e-02]
 [ 3.36888808e-01 -8.17333733e-02]
 [ 1.15104441e-01  1.79710820e-01]
 [ 2.46176698e-01  4.64631260e-01]
 [ 1.84150576e-01 -2.82672697e-01]
 [-1.19886799e-01  5.27545722e-01]
 [-2.27613024e-01 -6.45111589e-01]
 [ 1.64818275e-01  2.75239643e-01]
 [-6.33713754e-02  4.10103173e-01]
 [-3.03750774e-02 -8.62038078e-02]
 [ 4.39183848e-01 -1.83640712e-01]
 [-2.81517128e-01  5.44486588e-01]
 [ 1.14849420e-02 -1.02380974e-01]
 [-6.88342499e-02 -2.29541217e-01]
 [-6.18485598e-02 -1.08793174e-01]
 [ 4.21296206e-02 -3.71499156e-01]
 [ 5.48085102e-02  5.25288041e-02]
 [-5.65964859e-02 -2.58330444e-01]
 [ 1.05420798e-01 -2.01279767e-01]
 [-1.08139510e-01 -1.75203433e-01]
 [-2.13968773e-01  1.72391130e-01]
 [ 1.00122723e-01  3.70512329e-01]
 [ 2.68641440e-01 -2.12286344e-01]
 [ 2.63091036e-01  1.35930854e-01]
 [-4.83741020e-02  3.03000892e-01]
 [ 8.02204670e-02  1.65294314e-01]
 [-2.17045156e-01 -1.02638172e-01]
 [ 4.10274805e-02 -5.03351530e-02]
 [-7.57645093e-02  1.14805926e-01]
 [ 3.71052730e-01  1.10950214e-01]
 [ 7.77860346e-01 -1.60794159e-01]
 [ 6.66151576e-02 -3.96729380e-01]
 [-1.00572919e-01 -1.15144613e-01]
 [ 1.86991227e-01 -1.84646006e-01]
 [ 9.79849635e-02  5.88085425e-02]
 [-2.61021864e-01  2.19564568e-01]
 [-1.09798716e-01  1.56624390e-01]
 [-1.00792670e-01  1.27927729e-01]
 [ 2.41737710e-01 -8.12392612e-02]
 [ 1.80391112e-01  2.07605341e-01]
 [-1.30887245e-02 -1.70117380e-01]
 [-8.53142503e-02 -8.01032795e-03]
 [ 6.85018061e-04  9.03485968e-02]
 [ 4.84474614e-02 -7.92159301e-02]
 [ 4.29486958e-01 -5.95574263e-02]
 [-4.74326745e-02  8.60222885e-02]
 [ 2.47266404e-02 -2.18807767e-01]
 [ 4.30810891e-01  4.25708471e-01]
 [ 2.24746581e-01  3.40734555e-01]
 [-8.82017714e-02 -2.86830103e-01]
 [-9.67809911e-02  2.84292479e-01]
 [ 1.60178056e-01 -6.64540634e-01]
 [ 3.44053444e-02 -4.11328634e-01]
 [ 6.25865895e-02  2.06902741e-01]
 [-1.38081012e-01  2.46228436e-01]
 [ 1.32741044e-01  3.59796892e-01]
 [-2.68962003e-01 -1.21144251e-01]
 [ 1.38397372e-01 -1.53636609e-01]
 [ 1.07017256e-01 -2.06169156e-01]
 [-2.93991765e-01  1.32976927e-01]
 [ 1.26657840e-02  1.75551715e-01]
 [ 5.83985690e-02  4.82152333e-02]
 [-3.75391597e-01 -1.72249707e-01]
 [ 3.31307259e-01 -6.07062142e-01]
 [ 2.32232864e-01 -5.54697854e-02]
 [-1.99310807e-01 -7.41979658e-02]
 [ 1.46587201e-01 -2.05005108e-01]
 [-4.31582930e-02 -1.55679805e-02]
 [-4.92654268e-02 -3.14917384e-01]
 [ 2.78837765e-02 -6.04772064e-02]
 [-3.65246846e-01 -3.69263562e-01]
 [-2.67403593e-01  8.12763390e-02]
 [ 3.15537814e-01  2.74674380e-02]
 [-1.11986647e-02 -2.25576456e-01]
 [-3.52951399e-02  3.27727785e-02]
 [ 2.33923766e-01 -3.16411929e-01]
 [ 1.16279585e-01 -2.94752174e-01]
 [ 1.98193323e-01 -9.95074932e-02]
 [-5.32751973e-02  3.82716918e-02]
 [-7.34771461e-02 -3.68479463e-01]
 [-1.25137872e-01  3.50389040e-01]
 [ 2.21337528e-01  7.74233596e-02]
 [-3.03533009e-01 -1.75655157e-01]
 [-1.37565470e-01 -6.00504193e-02]
 [ 2.13407212e-01 -2.12779656e-01]
 [-4.14243025e-01 -5.68243768e-03]
 [-1.90817884e-02 -2.50675410e-01]
 [-2.30780098e-01 -3.56545544e-01]
 [ 1.02126300e-01 -4.34750427e-03]
 [-8.44264923e-03  1.55813493e-02]
 [-2.85625394e-02 -5.20665184e-02]
 [-2.33595299e-01 -2.17876272e-01]
 [-3.29435302e-01 -1.66810059e-01]]
States:
[[0.99993224 0.99760314 0.51793586 0.54706926 0.51316667 0.59728917]
 [0.99990648 0.99727643 0.51939794 0.5501671  0.53187008 0.63812391]
 [0.99981992 0.99648976 0.52320808 0.55693226 0.54307409 0.64626468]
 ...
 [0.31068832 0.         0.0364709  0.24353617 0.61447082 0.        ]
 [0.32466586 0.         0.03104351 0.34048329 0.60512639 0.        ]
 [0.33356092 0.         0.02783845 0.44791932 0.54334858 0.        ]]
Logstds:
[[-3. -3.]
 [-3. -3.]
 [-3. -3.]
 [-3. -3.]
 [-3. -3.]
 [-3. -3.]
 [-3. -3.]
 [-3. -3.]
 [-3. -3.]
 [-3. -3.]
 [-3. -3.]
 [-3. -3.]
 [-3. -3.]
 [-3. -3.]
 [-3. -3.]
 [-3. -3.]
 [-3. -3.]
 [-3. -3.]
 [-3. -3.]
 [-3. -3.]
 [-3. -3.]
 [-3. -3.]
 [-3. -3.]
 [-3. -3.]
 [-3. -3.]
 [-3. -3.]
 [-3. -3.]
 [-3. -3.]
 [-3. -3.]
 [-3. -3.]
 [-3. -3.]
 [-3. -3.]
 [-3. -3.]
 [-3. -3.]
 [-3. -3.]
 [-3. -3.]
 [-3. -3.]
 [-3. -3.]
 [-3. -3.]
 [-3. -3.]
 [-3. -3.]
 [-3. -3.]
 [-3. -3.]
 [-3. -3.]
 [-3. -3.]
 [-3. -3.]
 [-3. -3.]
 [-3. -3.]
 [-3. -3.]
 [-3. -3.]
 [-3. -3.]
 [-3. -3.]
 [-3. -3.]
 [-3. -3.]
 [-3. -3.]
 [-3. -3.]
 [-3. -3.]
 [-3. -3.]
 [-3. -3.]
 [-3. -3.]
 [-3. -3.]
 [-3. -3.]
 [-3. -3.]
 [-3. -3.]
 [-3. -3.]
 [-3. -3.]
 [-3. -3.]
 [-3. -3.]
 [-3. -3.]
 [-3. -3.]
 [-3. -3.]
 [-3. -3.]
 [-3. -3.]
 [-3. -3.]
 [-3. -3.]
 [-3. -3.]
 [-3. -3.]
 [-3. -3.]
 [-3. -3.]
 [-3. -3.]
 [-3. -3.]
 [-3. -3.]
 [-3. -3.]
 [-3. -3.]
 [-3. -3.]
 [-3. -3.]
 [-3. -3.]
 [-3. -3.]
 [-3. -3.]
 [-3. -3.]
 [-3. -3.]
 [-3. -3.]
 [-3. -3.]
 [-3. -3.]
 [-3. -3.]
 [-3. -3.]
 [-3. -3.]
 [-3. -3.]
 [-3. -3.]
 [-3. -3.]
 [-3. -3.]
 [-3. -3.]
 [-3. -3.]
 [-3. -3.]
 [-3. -3.]
 [-3. -3.]
 [-3. -3.]
 [-3. -3.]
 [-3. -3.]
 [-3. -3.]
 [-3. -3.]
 [-3. -3.]
 [-3. -3.]
 [-3. -3.]
 [-3. -3.]
 [-3. -3.]
 [-3. -3.]
 [-3. -3.]
 [-3. -3.]
 [-3. -3.]
 [-3. -3.]
 [-3. -3.]
 [-3. -3.]
 [-3. -3.]
 [-3. -3.]
 [-3. -3.]
 [-3. -3.]
 [-3. -3.]
 [-3. -3.]
 [-3. -3.]
 [-3. -3.]
 [-3. -3.]
 [-3. -3.]
 [-3. -3.]
 [-3. -3.]
 [-3. -3.]
 [-3. -3.]
 [-3. -3.]
 [-3. -3.]
 [-3. -3.]
 [-3. -3.]
 [-3. -3.]
 [-3. -3.]
 [-3. -3.]
 [-3. -3.]
 [-3. -3.]
 [-3. -3.]
 [-3. -3.]
 [-3. -3.]
 [-3. -3.]
 [-3. -3.]
 [-3. -3.]
 [-3. -3.]
 [-3. -3.]
 [-3. -3.]
 [-3. -3.]
 [-3. -3.]
 [-3. -3.]
 [-3. -3.]
 [-3. -3.]
 [-3. -3.]
 [-3. -3.]
 [-3. -3.]
 [-3. -3.]
 [-3. -3.]
 [-3. -3.]
 [-3. -3.]
 [-3. -3.]
 [-3. -3.]
 [-3. -3.]
 [-3. -3.]
 [-3. -3.]
 [-3. -3.]
 [-3. -3.]
 [-3. -3.]
 [-3. -3.]
 [-3. -3.]
 [-3. -3.]
 [-3. -3.]
 [-3. -3.]
 [-3. -3.]
 [-3. -3.]
 [-3. -3.]
 [-3. -3.]
 [-3. -3.]
 [-3. -3.]
 [-3. -3.]
 [-3. -3.]
 [-3. -3.]
 [-3. -3.]
 [-3. -3.]
 [-3. -3.]
 [-3. -3.]
 [-3. -3.]
 [-3. -3.]
 [-3. -3.]
 [-3. -3.]
 [-3. -3.]
 [-3. -3.]
 [-3. -3.]]
