Baseline:
[1.322574   1.3219378  1.3232102  1.293016   1.265939   1.2763358
 1.2732868  1.2653928  1.2542913  1.2500602  1.246387   1.231411
 1.2164972  1.2286055  1.1954153  1.2115542  1.2260026  1.2462724
 1.2256688  1.2460407  1.2523178  1.2672601  1.2580786  1.2726104
 1.287643   1.3062223  1.3192111  1.3381996  1.3402662  1.3209517
 1.3207626  1.336355   1.3527247  1.385036   1.3919036  1.4022225
 1.3939457  1.4101968  1.4125614  1.4169283  1.4376395  1.4443126
 1.4315138  1.4343183  1.4208577  1.419225   1.4505345  1.4499907
 1.4469576  1.4395117  1.4543301  1.4450966  1.4188771  1.4254779
 1.4005392  1.3779372  1.4120247  1.3992647  1.3792602  1.3920135
 1.3721513  1.3668575  1.3959672  1.4116228  1.4037093  1.4311726
 1.4234087  1.4084351  1.3866727  1.3810246  1.3643938  1.36239
 1.3397582  1.3416244  1.346966   1.3152194  1.2944663  1.2934909
 1.2792444  1.2639617  1.248855   1.2437308  1.2482123  1.2538663
 1.2664435  1.2752821  1.3060882  1.313533   1.3030398  1.322376
 1.3243446  1.3315449  1.3404945  1.3527286  1.3562704  1.3528085
 1.341622   1.3409841  1.3583153  1.3479922  1.3366174  1.294317
 1.2743684  1.2355406  1.194551   1.1818209  1.1651607  1.1350534
 1.1243013  1.1145009  1.0984975  1.0795856  1.0539801  1.0398939
 1.0344336  1.0217178  1.0094683  1.0049056  0.98460346 0.94613886
 0.93623513 0.9074481  0.8734701  0.86190563 0.8692418  0.88108796
 0.9117581  0.93083787 1.0276796  1.0501155  1.0581377  1.0661747
 1.0880873  1.1045725  1.118489   1.1237266  1.1291105  1.1378098
 1.1415539  1.1455698  1.1586547  1.1565938  1.1248599  1.1286541
 1.119623   1.1164235  1.1012022  1.109193   1.1239116  1.1079173
 1.1294749  1.1437383  1.1594218  1.1586664  1.1781528  1.2028334
 1.2110626  1.2355105  1.2392244  1.2511113  1.2572942  1.2679288
 1.2963042  1.2995913  1.279823   1.2890785  1.3196182  1.3142885
 1.317657   1.2976034  1.2817942  1.270932   1.2596428  1.2685003
 1.2661972  1.2450981  1.2228363  1.1883373  1.2441761  1.279355
 1.2853295  1.2932308  1.2971416  1.3026874  1.3183817  1.3366511
 1.3396765  1.3620578  1.3897038  1.3580055  1.3627663  1.3871167
 1.386988   1.4060191  1.410437   1.3985717  1.3850026  1.3987724
 1.3811975  1.4047118  1.4047118 ]
Returns:
[5.93203063 5.96947313 5.91397324 5.8342944  5.76096835 5.75069587
 5.73283432 5.73466929 5.73386528 5.74609683 5.76742559 5.78177727
 5.76940469 5.75710671 5.62471307 5.59120448 5.5251704  5.45761442
 5.34353651 5.18549419 5.23093588 5.25171588 5.23274979 5.29252733
 5.34601005 5.19401672 5.22537824 5.27270144 5.3394477  5.25821042
 5.26054219 5.34373726 5.43502665 5.36702966 5.44434371 5.55592433
 5.57801231 5.61882382 5.72765845 5.68633033 5.68365195 5.8050966
 5.91667687 5.8161699  5.86011091 6.00265011 5.81904947 5.94081251
 6.06455644 6.16732637 6.24885083 6.39217095 6.39289133 6.44430472
 6.41864841 6.36279601 6.23549593 6.31586385 6.10677593 6.20181968
 6.14061408 6.22442608 6.19751647 6.21492323 6.3384328  6.1275663
 6.10739942 5.77325089 5.85240086 5.90253625 5.99102413 6.10117335
 6.15579945 6.26675775 6.29411261 6.22047416 6.20081404 6.28742823
 6.37330316 6.41499769 6.44200038 6.5015192  6.41937758 6.4254424
 6.27635733 6.31509057 6.11889466 6.02340751 6.01014343 5.81097525
 5.82373939 5.82399799 5.79659915 5.75935834 5.78177722 5.79802301
 5.66408659 5.67640469 5.43816564 5.25453166 5.15778163 4.77947941
 4.76735406 4.51508766 4.43569314 4.16023116 4.1185106  4.08569567
 4.0061038  3.87138924 3.80000045 3.84092164 3.86958172 3.88596948
 3.86515174 3.90533708 3.97516958 4.00867147 4.05541276 4.00353591
 4.08482142 4.01721756 3.94722058 3.99668149 4.07603921 4.07947002
 4.11851536 4.11488778 4.10845083 4.07655465 4.15466891 3.94852812
 3.94135348 3.97061515 4.00957534 4.09588717 4.18016031 4.27040739
 4.41634575 4.55659318 4.67496037 4.78498396 4.61749412 4.58854564
 4.73705676 4.87119917 4.96492885 5.08490442 5.16778304 5.23731402
 5.10536812 5.22757234 5.32419432 5.47161197 5.52950431 5.55528503
 5.60205306 5.65314328 5.62129836 5.66867131 5.54492153 5.60704352
 5.56221568 5.47626451 5.26760256 5.31875095 5.22183378 5.02232986
 4.99895214 4.90353778 4.80451339 4.6978851  4.62466382 4.51000109
 4.47811757 4.28328776 4.06951439 3.73045193 3.463408   3.30297932
 2.98838355 2.92700826 2.88444486 2.82889002 2.79049854 2.72866429
 2.68405731 2.43762432 2.25820643 1.9562998  1.838415   1.66449368
 1.55959123 1.40858835 1.33472048 1.14120168 0.94614949 0.7371055
 0.48826332 0.15397525]
Advants:
[3.00933968 3.05484715 3.0043806  2.96020845 2.9182939  2.90168911
 2.89082921 2.90514851 2.92074583 2.94346893 2.97603799 3.01448432
 3.0269997  3.01266233 2.92131753 2.87866251 2.80327913 2.71827047
 2.62496248 2.44121056 2.47579407 2.4768411  2.46155515 2.50223018
 2.53690953 2.35696915 2.36574441 2.38454044 2.44086926 2.36796911
 2.35865542 2.4155063  2.48107526 2.36751729 2.42576421 2.51691897
 2.53725487 2.55169179 2.6504687  2.59501211 2.56030601 2.66634655
 2.78509769 2.67248362 2.72156548 2.86116783 2.63465213 2.74814733
 2.86928321 2.97678598 3.04261094 3.19892656 3.23078208 3.28231523
 3.28886836 3.26247966 3.1035469  3.20221913 3.01330438 3.09832281
 3.05866128 3.15234788 3.0995671  3.10488704 3.24424728 3.00715978
 2.99572137 2.66772192 2.76217891 2.81268246 2.91532244 3.02825426
 3.10874669 3.22472284 3.25488745 3.22054573 3.22986589 3.32909242
 3.44493855 3.5207423  3.58458427 3.67481054 3.61327084 3.64091466
 3.50380549 3.56126929 3.35716438 3.27589663 3.29654975 3.09670697
 3.1280877  3.14327013 3.12980619 3.10363529 3.14838523 3.19677951
 3.10136339 3.14438243 2.9135319  2.76168649 2.69696476 2.37298402
 2.39409442 2.18847358 2.15736473 1.89442474 1.86836345 1.86448589
 1.79224734 1.65978171 1.59448849 1.64542039 1.69170461 1.71445996
 1.69025132 1.73518348 1.81115611 1.84376819 1.90696812 1.88897016
 1.97800335 1.93564635 1.89467156 1.95220638 2.02266749 2.0122985
 2.01881259 1.99338345 1.88395688 1.82127277 1.88446903 1.6561839
 1.61088807 1.60647028 1.61362955 1.67780339 1.74079235 1.80760747
 1.93821181 2.0660794  2.16554136 2.27477632 2.13172947 2.09006212
 2.2427919  2.37915896 2.49042176 2.60837867 2.68512763 2.78261857
 2.63735261 2.75757117 2.85433644 3.02426717 3.08747205 3.11551774
 3.18448957 3.24498135 3.2450557  3.32030798 3.22951058 3.32505928
 3.29740694 3.25484002 3.11075147 3.20256185 3.12533278 2.97965987
 3.00471945 2.98324689 2.9559368  2.91787641 2.91665034 2.85518737
 2.89203581 2.78501965 2.65998293 2.41813749 2.15332953 2.01469435
 1.74603526 1.7309492  1.74184478 1.74111125 1.75086232 1.73755614
 1.76093832 1.56087434 1.4220134  1.21746099 1.16227143 1.03106985
 0.99583919 0.89601384 0.89149634 0.78427711 0.67795627 0.52981645
 0.37243175 0.08373964]
Mus:
[[-0.01753117 -0.0064045 ]
 [-0.01752997 -0.00640204]
 [-0.01851422 -0.00734569]
 [-0.01775184 -0.00751318]
 [-0.01549168 -0.00659807]
 [-0.0156876  -0.00683472]
 [-0.01556601 -0.00733953]
 [-0.01476261 -0.00759218]
 [-0.01211695 -0.00657237]
 [-0.01033299 -0.00592181]
 [-0.00880252 -0.00560581]
 [-0.00602806 -0.00484034]
 [-0.00291447 -0.0039615 ]
 [-0.00185597 -0.00404012]
 [ 0.00243368 -0.00293669]
 [ 0.00404898 -0.00256952]
 [ 0.00704293 -0.00091457]
 [ 0.00882944  0.00024042]
 [ 0.01133189  0.00174257]
 [ 0.01249231  0.00127702]
 [ 0.01386168  0.00183274]
 [ 0.0149831   0.00256185]
 [ 0.01660131  0.00348961]
 [ 0.01715618  0.00358628]
 [ 0.0171428   0.00348764]
 [ 0.01665276  0.00449811]
 [ 0.01618294  0.00397386]
 [ 0.01540994  0.00399184]
 [ 0.01535284  0.00436076]
 [ 0.01517039  0.00430297]
 [ 0.01481725  0.0048221 ]
 [ 0.01295126  0.00417562]
 [ 0.01172043  0.00403442]
 [ 0.00928574  0.00313949]
 [ 0.00973695  0.00387201]
 [ 0.00902876  0.00361828]
 [ 0.00962274  0.00440726]
 [ 0.00962643  0.00492036]
 [ 0.00967409  0.00515882]
 [ 0.01006885  0.00596612]
 [ 0.00988202  0.00589435]
 [ 0.01005992  0.00583793]
 [ 0.01019529  0.00573047]
 [ 0.01091491  0.00673526]
 [ 0.0102384   0.00586701]
 [ 0.00988628  0.00558168]
 [ 0.00884644  0.00476812]
 [ 0.00899929  0.00454806]
 [ 0.00994378  0.00523223]
 [ 0.0094186   0.00464907]
 [ 0.01034782  0.00516713]
 [ 0.01139047  0.0057801 ]
 [ 0.01026944  0.00506889]
 [ 0.01247129  0.00642684]
 [ 0.01073536  0.00547726]
 [ 0.01087772  0.00606972]
 [ 0.01221541  0.00676773]
 [ 0.01025837  0.00572262]
 [ 0.01117227  0.00679074]
 [ 0.01110307  0.00695789]
 [ 0.01046016  0.00690651]
 [ 0.00845357  0.00588506]
 [ 0.00683427  0.00537112]
 [ 0.00487945  0.00451734]
 [ 0.00369317  0.00406857]
 [ 0.00187901  0.00309259]
 [-0.00090584  0.00143218]
 [ 0.00330931  0.00415673]
 [ 0.00181944  0.00357888]
 [ 0.00262854  0.00427974]
 [ 0.00080349  0.00339829]
 [-0.0012667   0.00241054]
 [-0.0021292   0.0022106 ]
 [-0.00337348  0.00181583]
 [-0.00311746  0.00233566]
 [-0.00496396  0.00145059]
 [-0.00801099 -0.00026881]
 [-0.00884652 -0.00032453]
 [-0.01018697 -0.00096299]
 [-0.01001389 -0.00064089]
 [-0.00966816 -0.00047107]
 [-0.00942937 -0.00026732]
 [-0.00854843  0.0003142 ]
 [-0.00827662  0.00043589]
 [-0.00846938  0.00066278]
 [-0.00946017 -0.0001736 ]
 [-0.01129554 -0.00058811]
 [-0.01265168 -0.0018179 ]
 [-0.01189372 -0.001637  ]
 [-0.01298555 -0.0017468 ]
 [-0.01280547 -0.00186599]
 [-0.01306816 -0.00213043]
 [-0.01347405 -0.00228301]
 [-0.01417059 -0.00280571]
 [-0.01443694 -0.00305819]
 [-0.01430228 -0.00299122]
 [-0.0137301  -0.00260888]
 [-0.01412864 -0.00306503]
 [-0.0150567  -0.00302736]
 [-0.01679563 -0.00342152]
 [-0.01741554 -0.00380026]
 [-0.01621139 -0.00399001]
 [-0.01713658 -0.00499759]
 [-0.01613206 -0.00499822]
 [-0.01640578 -0.00583676]
 [-0.02075483 -0.0072933 ]
 [-0.02343299 -0.00864   ]
 [-0.02470134 -0.00966781]
 [-0.0263231  -0.01019628]
 [-0.02891713 -0.01150161]
 [-0.02880187 -0.01122244]
 [-0.02947001 -0.01166264]
 [-0.029411   -0.01190138]
 [-0.0306865  -0.01264616]
 [-0.03137893 -0.01276536]
 [-0.03212011 -0.01326857]
 [-0.03247646 -0.01359213]
 [-0.0324681  -0.01352497]
 [-0.03092478 -0.0128537 ]
 [-0.02778027 -0.01156168]
 [-0.02731736 -0.01127818]
 [-0.02422499 -0.00966596]
 [-0.01963515 -0.00765313]
 [-0.01526909 -0.00558259]
 [-0.01342557 -0.00478104]
 [-0.00885779 -0.00266626]
 [-0.00641986 -0.00160786]
 [-0.0042529  -0.00072052]
 [-0.01548039 -0.00729517]
 [-0.01457005 -0.00705043]
 [-0.01402075 -0.00685046]
 [-0.00937793 -0.00413495]
 [-0.01236366 -0.0055946 ]
 [-0.01396502 -0.00621808]
 [-0.01700422 -0.00759074]
 [-0.01883061 -0.00826304]
 [-0.02006983 -0.00854397]
 [-0.02367165 -0.0101433 ]
 [-0.02537883 -0.01084737]
 [-0.02616957 -0.01114079]
 [-0.02691805 -0.01147932]
 [-0.03019809 -0.0133439 ]
 [-0.02905415 -0.01247791]
 [-0.03299042 -0.01481559]
 [-0.03302041 -0.0150872 ]
 [-0.03118545 -0.01430671]
 [-0.02887897 -0.01329546]
 [-0.0274175  -0.01262373]
 [-0.02819454 -0.01319415]
 [-0.02719958 -0.01320022]
 [-0.02370689 -0.01118879]
 [-0.02416938 -0.01146793]
 [-0.02326105 -0.01093077]
 [-0.02235724 -0.01042772]
 [-0.02366702 -0.01125826]
 [-0.0236248  -0.01108984]
 [-0.02237863 -0.01016201]
 [-0.02300685 -0.01022834]
 [-0.02443139 -0.01146592]
 [-0.02519681 -0.01228023]
 [-0.02519542 -0.0130604 ]
 [-0.02220178 -0.01181402]
 [-0.01942597 -0.01028965]
 [-0.01825742 -0.01053789]
 [-0.01447707 -0.00896895]
 [-0.01220377 -0.00834107]
 [-0.01029353 -0.00737112]
 [-0.00778763 -0.00742575]
 [-0.00411207 -0.00566233]
 [ 0.00011676 -0.00395436]
 [ 0.00455602 -0.00188409]
 [ 0.00782701 -0.0001215 ]
 [ 0.01056926  0.00063549]
 [ 0.0116208   0.00176558]
 [ 0.01293535  0.00258772]
 [ 0.01446804  0.00391274]
 [ 0.01670714  0.00483881]
 [ 0.01821224  0.00509641]
 [ 0.01677397  0.00481438]
 [ 0.01566533  0.00455003]
 [ 0.0151113   0.00548991]
 [ 0.01434677  0.00541079]
 [ 0.01310348  0.00456716]
 [ 0.01210379  0.00364713]
 [ 0.01133363  0.00327162]
 [ 0.01057026  0.00286054]
 [ 0.01018391  0.00243697]
 [ 0.00918935  0.00308407]
 [ 0.00905337  0.00304428]
 [ 0.00888039  0.0026045 ]
 [ 0.0082647   0.00296796]
 [ 0.00771277  0.00309571]
 [ 0.00702888  0.00247082]
 [ 0.00667652  0.00218858]
 [ 0.00653555  0.00215922]
 [ 0.00580773  0.00142768]
 [ 0.00570921  0.00176497]
 [ 0.00342642  0.00047078]
 [ 0.00288     0.00043631]
 [ 0.00014962 -0.00081378]]
Actions:
[[-0.00326778 -0.0071776 ]
 [-0.2564325   0.27895535]
 [-0.42488994 -0.06803003]
 [-0.10013982 -0.32673101]
 [ 0.06163433  0.18082499]
 [-0.23603473  0.21838697]
 [-0.22665742  0.13439265]
 [-0.00826825 -0.14814468]
 [ 0.01025697 -0.04820682]
 [-0.08911102  0.04005499]
 [-0.20564928 -0.10769555]
 [-0.19365625 -0.13764824]
 [-0.06589126  0.21651104]
 [-0.39633983 -0.21752527]
 [ 0.02284719  0.22420329]
 [ 0.22290446 -0.15898889]
 [ 0.26907711  0.00837156]
 [-0.07404044 -0.38251063]
 [-0.18594326  0.45115054]
 [-0.04072367  0.02922443]
 [ 0.10480303  0.03559996]
 [-0.14878048 -0.21892042]
 [-0.05747659  0.11689664]
 [-0.06551514  0.12611425]
 [ 0.36178046 -0.24137266]
 [-0.09567958  0.24748806]
 [ 0.16764472  0.10759357]
 [ 0.00339031 -0.08820672]
 [-0.36126955 -0.19786884]
 [ 0.01225989 -0.24329405]
 [ 0.02423341  0.16903709]
 [ 0.10494364  0.07484893]
 [ 0.22496425  0.37557627]
 [ 0.12443535 -0.09739784]
 [ 0.01627248  0.15585098]
 [ 0.00110642 -0.26475617]
 [ 0.25974892  0.02064185]
 [ 0.04628866 -0.05892766]
 [ 0.18638113 -0.2995095 ]
 [ 0.22978073  0.26180742]
 [ 0.04629853  0.15265758]
 [-0.16936244 -0.04773392]
 [ 0.21664513 -0.37238351]
 [-0.30630181  0.15948596]
 [-0.07930258  0.06235725]
 [ 0.16742057  0.56779625]
 [-0.10304393  0.15866841]
 [ 0.07235241 -0.09546082]
 [-0.20424573  0.17543149]
 [ 0.21804352  0.18132936]
 [-0.00142984 -0.10445111]
 [-0.41974592 -0.05470649]
 [ 0.27441451 -0.10649864]
 [-0.44385641 -0.06944145]
 [-0.14345103 -0.40845894]
 [ 0.44456037  0.26941542]
 [-0.29312476  0.08115723]
 [-0.04216435 -0.55964546]
 [ 0.15514114  0.00351969]
 [-0.28878498 -0.30722476]
 [-0.26593731  0.08063798]
 [ 0.30692519  0.25146393]
 [ 0.0973774   0.35070673]
 [-0.12224191 -0.0028742 ]
 [ 0.21195112  0.56624815]
 [-0.2581847   0.35390229]
 [ 0.36566213 -0.51105474]
 [-0.22356173 -0.1054483 ]
 [ 0.1108462  -0.17776415]
 [-0.23665638 -0.00521563]
 [-0.05812767  0.18134692]
 [-0.19615939 -0.20862364]
 [ 0.07206476  0.06403919]
 [ 0.25820065 -0.06710839]
 [-0.44501058 -0.20378833]
 [-0.4243449   0.07673845]
 [ 0.10107815 -0.10074943]
 [-0.20469631 -0.0661028 ]
 [-0.06482095 -0.25076029]
 [-0.13324116 -0.24094754]
 [ 0.04035423 -0.17273801]
 [ 0.25026257 -0.24974842]
 [ 0.14313022 -0.13630315]
 [ 0.34439177 -0.19215231]
 [-0.14007356  0.14722153]
 [ 0.43264776  0.05188046]
 [-0.28519755  0.31807751]
 [-0.05516172 -0.19076431]
 [ 0.38980795 -0.07570336]
 [-0.01731364 -0.0198212 ]
 [ 0.04771218  0.06113343]
 [ 0.14433989  0.00377178]
 [ 0.02381062  0.2314865 ]
 [-0.00120853  0.08892651]
 [-0.00180756 -0.10378342]
 [ 0.03443443 -0.34937328]
 [-0.09361529  0.1005981 ]
 [ 0.42634695 -0.00920783]
 [ 0.08886982 -0.38640915]
 [-0.12040111 -0.28529289]
 [-0.53582553 -0.38275249]
 [-0.18615658  0.12624539]
 [-0.26809363 -0.42820739]
 [-0.35262835  0.03351213]
 [ 0.42109092 -0.11544027]
 [ 0.00169532  0.21223607]
 [-0.27925966  0.13874619]
 [ 0.23107923  0.09458436]
 [-0.11125168  0.39413389]
 [ 0.18848032 -0.14394369]
 [-0.15257612  0.04676691]
 [-0.24997432 -0.0364708 ]
 [-0.18406747  0.12330345]
 [ 0.17947014  0.03442349]
 [-0.13661552  0.07333554]
 [-0.13403802  0.03265951]
 [ 0.09403525  0.02651445]
 [ 0.01816524 -0.15657898]
 [-0.11502239 -0.37894908]
 [ 0.00443956  0.02262064]
 [ 0.1243009  -0.33076898]
 [-0.19228467 -0.40137335]
 [ 0.04400795 -0.2072126 ]
 [-0.03703572  0.15014489]
 [ 0.2416174  -0.12203106]
 [ 0.19376905  0.11708263]
 [ 0.03581823 -0.30181018]
 [-0.30886759 -0.14729074]
 [ 0.25770239  0.22968889]
 [ 0.09563821  0.11317634]
 [ 0.49296888 -0.17119804]
 [ 0.02072754  0.33787942]
 [ 0.1391884   0.20632637]
 [ 0.04661577  0.26290021]
 [ 0.08656875  0.11819693]
 [ 0.14342096  0.06550857]
 [-0.00851119  0.21184939]
 [ 0.030959    0.05157258]
 [ 0.07580243  0.00410788]
 [ 0.10693246  0.09670567]
 [-0.25139827  0.15313486]
 [-0.05099562 -0.59900599]
 [-0.3343562   0.31836439]
 [-0.17773723 -0.08442277]
 [ 0.00289942 -0.15139905]
 [-0.08532295 -0.28046119]
 [ 0.09029155 -0.02974677]
 [-0.02622704  0.22326841]
 [-0.33716475 -0.15464191]
 [ 0.42980606 -0.10595507]
 [ 0.02442199  0.13950851]
 [ 0.16471979  0.00859022]
 [-0.00107495 -0.13774892]
 [-0.02492961  0.30040691]
 [ 0.20897105  0.13213481]
 [ 0.15978723 -0.20475106]
 [ 0.19421975  0.12407132]
 [-0.32919763  0.30350741]
 [-0.24290309  0.2384146 ]
 [-0.41544116  0.36355963]
 [-0.01052144 -0.17402116]
 [ 0.28172962 -0.05275312]
 [-0.34728018  0.32730865]
 [-0.26678998 -0.47552928]
 [-0.08292104  0.0774996 ]
 [ 0.25871219  0.15891744]
 [-0.52536874  0.1731339 ]
 [ 0.02102683 -0.19673731]
 [-0.2229897  -0.27336789]
 [-0.08206793 -0.31021638]
 [ 0.036397   -0.31591474]
 [-0.27559271 -0.03434271]
 [ 0.24901102 -0.13319252]
 [ 0.00634727 -0.10810441]
 [-0.02237781 -0.40834394]
 [-0.29465081 -0.31345075]
 [-0.48330959 -0.28393977]
 [ 0.38895238  0.27809019]
 [ 0.26563397  0.21742937]
 [ 0.29447787 -0.37026172]
 [ 0.07512983 -0.05298103]
 [-0.1159229   0.11974311]
 [-0.16754393  0.20813351]
 [ 0.02266597  0.15018683]
 [ 0.06641312  0.22270442]
 [-0.15477089  0.14020713]
 [ 0.40503695 -0.13717649]
 [ 0.21354257  0.33458198]
 [-0.48401492 -0.21442546]
 [ 0.11029114 -0.19089964]
 [ 0.27055263  0.16572038]
 [-0.14820545  0.17885613]
 [ 0.0830963   0.28630608]
 [-0.02450413  0.06267276]
 [-0.36118291  0.05994713]
 [-0.16630507 -0.26542722]
 [-0.12358128  0.34666096]
 [-0.29570253 -0.2204123 ]
 [ 0.06299091  0.45944894]
 [ 0.04680382  0.02383018]]
States:
[[0.99882593 0.99798846 0.47475836 0.45687376 0.51338906 0.59738684]
 [0.99882296 0.99797814 0.47471445 0.45676341 0.51254894 0.59550201]
 [0.99843851 0.99844209 0.46943154 0.46203887 0.44677208 0.66866409]
 ...
 [0.00137694 0.99902559 0.59163865 0.46997011 0.24156266 0.76133358]
 [0.01125601 0.99989489 0.63883477 0.49013386 0.1711259  0.70035049]
 [0.02676605 0.99976698 0.68835463 0.51469148 0.19400212 0.81870183]]
Logstds:
[[-3. -3.]
 [-3. -3.]
 [-3. -3.]
 [-3. -3.]
 [-3. -3.]
 [-3. -3.]
 [-3. -3.]
 [-3. -3.]
 [-3. -3.]
 [-3. -3.]
 [-3. -3.]
 [-3. -3.]
 [-3. -3.]
 [-3. -3.]
 [-3. -3.]
 [-3. -3.]
 [-3. -3.]
 [-3. -3.]
 [-3. -3.]
 [-3. -3.]
 [-3. -3.]
 [-3. -3.]
 [-3. -3.]
 [-3. -3.]
 [-3. -3.]
 [-3. -3.]
 [-3. -3.]
 [-3. -3.]
 [-3. -3.]
 [-3. -3.]
 [-3. -3.]
 [-3. -3.]
 [-3. -3.]
 [-3. -3.]
 [-3. -3.]
 [-3. -3.]
 [-3. -3.]
 [-3. -3.]
 [-3. -3.]
 [-3. -3.]
 [-3. -3.]
 [-3. -3.]
 [-3. -3.]
 [-3. -3.]
 [-3. -3.]
 [-3. -3.]
 [-3. -3.]
 [-3. -3.]
 [-3. -3.]
 [-3. -3.]
 [-3. -3.]
 [-3. -3.]
 [-3. -3.]
 [-3. -3.]
 [-3. -3.]
 [-3. -3.]
 [-3. -3.]
 [-3. -3.]
 [-3. -3.]
 [-3. -3.]
 [-3. -3.]
 [-3. -3.]
 [-3. -3.]
 [-3. -3.]
 [-3. -3.]
 [-3. -3.]
 [-3. -3.]
 [-3. -3.]
 [-3. -3.]
 [-3. -3.]
 [-3. -3.]
 [-3. -3.]
 [-3. -3.]
 [-3. -3.]
 [-3. -3.]
 [-3. -3.]
 [-3. -3.]
 [-3. -3.]
 [-3. -3.]
 [-3. -3.]
 [-3. -3.]
 [-3. -3.]
 [-3. -3.]
 [-3. -3.]
 [-3. -3.]
 [-3. -3.]
 [-3. -3.]
 [-3. -3.]
 [-3. -3.]
 [-3. -3.]
 [-3. -3.]
 [-3. -3.]
 [-3. -3.]
 [-3. -3.]
 [-3. -3.]
 [-3. -3.]
 [-3. -3.]
 [-3. -3.]
 [-3. -3.]
 [-3. -3.]
 [-3. -3.]
 [-3. -3.]
 [-3. -3.]
 [-3. -3.]
 [-3. -3.]
 [-3. -3.]
 [-3. -3.]
 [-3. -3.]
 [-3. -3.]
 [-3. -3.]
 [-3. -3.]
 [-3. -3.]
 [-3. -3.]
 [-3. -3.]
 [-3. -3.]
 [-3. -3.]
 [-3. -3.]
 [-3. -3.]
 [-3. -3.]
 [-3. -3.]
 [-3. -3.]
 [-3. -3.]
 [-3. -3.]
 [-3. -3.]
 [-3. -3.]
 [-3. -3.]
 [-3. -3.]
 [-3. -3.]
 [-3. -3.]
 [-3. -3.]
 [-3. -3.]
 [-3. -3.]
 [-3. -3.]
 [-3. -3.]
 [-3. -3.]
 [-3. -3.]
 [-3. -3.]
 [-3. -3.]
 [-3. -3.]
 [-3. -3.]
 [-3. -3.]
 [-3. -3.]
 [-3. -3.]
 [-3. -3.]
 [-3. -3.]
 [-3. -3.]
 [-3. -3.]
 [-3. -3.]
 [-3. -3.]
 [-3. -3.]
 [-3. -3.]
 [-3. -3.]
 [-3. -3.]
 [-3. -3.]
 [-3. -3.]
 [-3. -3.]
 [-3. -3.]
 [-3. -3.]
 [-3. -3.]
 [-3. -3.]
 [-3. -3.]
 [-3. -3.]
 [-3. -3.]
 [-3. -3.]
 [-3. -3.]
 [-3. -3.]
 [-3. -3.]
 [-3. -3.]
 [-3. -3.]
 [-3. -3.]
 [-3. -3.]
 [-3. -3.]
 [-3. -3.]
 [-3. -3.]
 [-3. -3.]
 [-3. -3.]
 [-3. -3.]
 [-3. -3.]
 [-3. -3.]
 [-3. -3.]
 [-3. -3.]
 [-3. -3.]
 [-3. -3.]
 [-3. -3.]
 [-3. -3.]
 [-3. -3.]
 [-3. -3.]
 [-3. -3.]
 [-3. -3.]
 [-3. -3.]
 [-3. -3.]
 [-3. -3.]
 [-3. -3.]
 [-3. -3.]
 [-3. -3.]
 [-3. -3.]
 [-3. -3.]
 [-3. -3.]
 [-3. -3.]
 [-3. -3.]]
