Baseline:
[0.60455704 0.61138546 0.61470026 0.62381566 0.61342973 0.59382117
 0.58933979 0.58574671 0.58090198 0.5720979  0.57000691 0.57471311
 0.57110906 0.55786735 0.5702492  0.59761751 0.59294289 0.58681995
 0.58700693 0.59153765 0.59257728 0.59389794 0.57111466 0.57523066
 0.5927484  0.60895437 0.61405492 0.61831075 0.5895254  0.57739574
 0.57349014 0.54917198 0.54950953 0.54714197 0.53960663 0.53689712
 0.51141673 0.50343454 0.51138395 0.49968979 0.48394877 0.48778784
 0.48092318 0.48014349 0.48184666 0.49115279 0.49428087 0.52993476
 0.53083968 0.55092078 0.54868501 0.55114895 0.53624934 0.53353667
 0.54142761 0.56451327 0.55770892 0.58116597 0.56463736 0.5690282
 0.57754403 0.58005059 0.57951009 0.59906077 0.61142451 0.61610383
 0.61437482 0.61039317 0.60840553 0.62110144 0.62144721 0.62091786
 0.61796975 0.6138829  0.62377918 0.62301403 0.62810683 0.62746257
 0.62918901 0.63937324 0.63675284 0.6510995  0.62938488 0.63520825
 0.62815636 0.6258629  0.63242519 0.64196509 0.63770771 0.63169372
 0.64617145 0.64466244 0.65346372 0.66913772 0.66767538 0.66125286
 0.66270626 0.6629653  0.65150791 0.        ]
Returns:
[4.91965539 4.97348541 5.04898536 5.09384983 5.12577166 5.02536248
 5.11850538 5.07242817 5.16485359 5.02482861 5.03047576 5.09040798
 4.93762187 5.01758805 4.99011902 4.67253966 4.73117979 4.77516504
 4.85285786 4.92597151 4.90244106 4.86040891 4.75796776 4.8129975
 4.67987906 4.57050015 4.56382207 4.57145469 4.402079   4.41917064
 4.47653258 4.39616994 4.40326092 4.45246832 4.52995249 4.60924665
 4.26155007 4.30727444 4.18434059 4.2737521  4.29927676 4.25459026
 4.34959812 4.4505164  4.25217647 4.32777574 4.43768096 4.26176185
 4.36281932 4.3444206  4.38437109 4.38625441 4.41316218 4.51734858
 4.58375183 4.56838204 4.63072439 4.60983326 3.917927   3.96215543
 3.68819209 3.71818318 3.71401118 3.66815362 3.49012915 3.42658787
 3.46682673 3.46040336 3.46625884 3.42071212 3.4073196  3.35876935
 3.37180306 3.36239754 3.30634461 3.3002643  3.26402225 3.22428442
 3.14742117 3.05721448 2.9828377  2.84686204 2.74390737 2.63235586
 2.5992394  2.55490233 2.47308959 2.36798171 2.23362717 1.85369677
 1.58530982 1.39313631 1.19977504 0.94527731 0.83861047 0.71334475
 0.59106331 0.45369661 0.13606238]
Advants:
[ 2.74577437  2.79399997  2.86974592  2.91046477  2.95947415  2.88344707
  2.98927082  2.95437072  3.06287931  2.93979586  2.95660397  3.02338061
  2.88211928  2.98680536  2.95817796  2.61474137  2.68165413  2.73721657
  2.82303838  2.9027668   2.88953178  2.85713882  2.78691078  2.84963233
  2.70715095  2.58653151  2.57977703  2.58871038  2.44980181  2.48175188
  2.54787552  2.49536749  2.50616752  2.56372887  2.65787421  2.75231731
  2.43363478  2.49283706  2.36386975  2.47018155  2.51837312  2.47586264
  2.58741337  2.7027593   2.51133988  2.58904165  2.71150167  2.51040402
  2.62502181  2.60104937  2.66028359  2.67818524  2.74134235  2.87471603
  2.96376791  2.95726427  3.06322322  3.05745162  2.40304883  2.46688015
  2.20170219  2.24881183  2.26636492  2.22192298  2.04839886  1.99636903
  2.05720489  2.07516295  2.10538622  2.06962892  2.07986654  2.0563788
  2.09947798  2.12342222  2.08718908  2.11395703  2.10615997  2.1022521
  2.05941487  1.99471718  1.95947537  1.84412906  1.79833195  1.71578913
  1.72671775  1.72351837  1.67456333  1.59914783  1.5076014   1.16395533
  0.90519125  0.73478356  0.548351    0.28689343  0.18789168  0.07210405
 -0.05214177 -0.19457849 -0.51544553]
Mus:
[[-2.45844591e-02 -1.06105739e-02]
 [-2.42168978e-02 -1.04737440e-02]
 [-2.40734164e-02 -1.03512928e-02]
 [-2.37665176e-02 -1.04593597e-02]
 [-2.41130833e-02 -1.02305263e-02]
 [-2.51563378e-02 -1.13320779e-02]
 [-2.47501582e-02 -1.13179805e-02]
 [-2.42635570e-02 -1.05952080e-02]
 [-2.40946263e-02 -1.06241591e-02]
 [-2.44930703e-02 -1.00773899e-02]
 [-2.43379418e-02 -1.08865788e-02]
 [-2.39329580e-02 -1.10274917e-02]
 [-2.42498741e-02 -1.04468325e-02]
 [-2.42361668e-02 -1.09572913e-02]
 [-2.38683410e-02 -1.10351453e-02]
 [-2.24562325e-02 -1.12300320e-02]
 [-2.21129991e-02 -1.09040746e-02]
 [-2.16720365e-02 -1.12414621e-02]
 [-2.08156668e-02 -1.09828096e-02]
 [-1.98057573e-02 -1.06483540e-02]
 [-1.83502566e-02 -9.71538667e-03]
 [-1.84733029e-02 -1.04160737e-02]
 [-1.60856526e-02 -9.28584673e-03]
 [-1.47143714e-02 -9.01393499e-03]
 [-1.40133984e-02 -9.55285318e-03]
 [-1.25570372e-02 -8.96132737e-03]
 [-1.17762834e-02 -9.20912251e-03]
 [-9.76445060e-03 -8.35274812e-03]
 [-7.73998443e-03 -7.60805095e-03]
 [-4.89488197e-03 -6.18989300e-03]
 [-3.09519935e-03 -5.48480684e-03]
 [ 5.37861022e-04 -3.47490190e-03]
 [ 1.42408791e-03 -3.66696832e-03]
 [ 2.08843732e-03 -3.76897049e-03]
 [ 3.95998685e-03 -2.75200885e-03]
 [ 4.60864836e-03 -2.40090559e-03]
 [ 9.67971515e-03  1.18371751e-03]
 [ 1.00561772e-02  9.85805411e-04]
 [ 1.21036554e-02  2.59772269e-03]
 [ 1.34916520e-02  3.43427598e-03]
 [ 1.57342311e-02  5.03174961e-03]
 [ 1.65706631e-02  6.28611306e-03]
 [ 1.72947701e-02  6.71322783e-03]
 [ 1.79352071e-02  6.62916573e-03]
 [ 1.66318901e-02  7.50714913e-03]
 [ 1.72375944e-02  7.20849121e-03]
 [ 1.71709768e-02  7.24845473e-03]
 [ 1.74236484e-02  6.73452066e-03]
 [ 1.73587352e-02  6.23530010e-03]
 [ 1.71549078e-02  5.39056025e-03]
 [ 1.77856199e-02  6.37420267e-03]
 [ 1.76878478e-02  7.11772358e-03]
 [ 1.63959432e-02  6.82146195e-03]
 [ 1.57691129e-02  6.27725897e-03]
 [ 1.52271604e-02  6.36491412e-03]
 [ 1.49653079e-02  6.36807457e-03]
 [ 1.35223446e-02  5.82276611e-03]
 [ 1.30040189e-02  5.38651505e-03]
 [ 1.25718722e-02  2.86320853e-03]
 [ 1.30907809e-02  3.38793313e-03]
 [ 1.31567679e-02  4.78418684e-03]
 [ 1.24541949e-02  4.61325794e-03]
 [ 1.13984561e-02  4.54416219e-03]
 [ 1.12583945e-02  4.36753733e-03]
 [ 9.53918602e-03  4.51822160e-03]
 [ 7.26314075e-03  3.91158601e-03]
 [ 4.83227801e-03  2.65297247e-03]
 [ 2.13378691e-03  1.44488667e-03]
 [ 2.24711548e-04  8.55776016e-05]
 [-7.01121171e-04 -5.08410914e-04]
 [-2.46547838e-03 -1.19401491e-03]
 [-4.32027131e-03 -1.72253326e-03]
 [-6.30557910e-03 -2.87370244e-03]
 [-8.18912964e-03 -3.89295863e-03]
 [-9.04943049e-03 -4.31118393e-03]
 [-1.05212498e-02 -5.08996285e-03]
 [-1.15178050e-02 -5.82837267e-03]
 [-1.25219887e-02 -6.01070141e-03]
 [-1.34082111e-02 -5.94644155e-03]
 [-1.41464788e-02 -6.27383869e-03]
 [-1.56418923e-02 -6.57706708e-03]
 [-1.62285455e-02 -6.56001642e-03]
 [-1.95024442e-02 -7.93838967e-03]
 [-1.99647658e-02 -8.54553003e-03]
 [-2.13122554e-02 -9.10844468e-03]
 [-2.22382974e-02 -9.26490780e-03]
 [-2.24491842e-02 -9.48429480e-03]
 [-2.22769454e-02 -9.62187257e-03]
 [-2.30264310e-02 -9.30100121e-03]
 [-2.41814777e-02 -8.69540032e-03]
 [-2.39877887e-02 -8.87554046e-03]
 [-2.42359322e-02 -8.36896989e-03]
 [-2.41879784e-02 -8.38618074e-03]
 [-2.33576279e-02 -7.86964037e-03]
 [-2.39347368e-02 -8.02696962e-03]
 [-2.33852658e-02 -7.49955885e-03]
 [-2.32911408e-02 -7.60661997e-03]
 [-2.21826397e-02 -6.78085024e-03]
 [-2.12033018e-02 -5.77770732e-03]]
Actions:
[[ 8.82898434e-02  7.07630038e-02]
 [ 5.69140236e-02  1.52886724e-02]
 [ 7.59583312e-03  1.82923241e-01]
 [-1.23838274e-02 -2.13451561e-01]
 [-5.14854875e-01  8.71801824e-02]
 [-1.05925351e-01 -9.67487855e-03]
 [ 1.34266231e-01 -2.78156941e-01]
 [-8.06641642e-02 -5.18600890e-02]
 [ 1.37576381e-01 -4.07889405e-01]
 [-2.53635958e-01  2.53591491e-01]
 [ 2.48478620e-02  1.27029669e-01]
 [ 2.18467960e-01 -3.35849329e-01]
 [-2.81753748e-01 -2.76645274e-03]
 [ 1.61069178e-01  2.13579875e-01]
 [ 1.34572744e-01  5.95634198e-01]
 [-9.30077195e-03 -1.36167046e-01]
 [-2.73369866e-01  1.49346095e-01]
 [-3.17592328e-02  2.28803362e-02]
 [ 3.63836106e-02  7.17966373e-02]
 [ 1.57200351e-01 -1.44514389e-01]
 [-2.55556989e-01  3.04170467e-01]
 [-2.87868118e-01 -3.73828203e-01]
 [-4.83659908e-02  1.39836399e-01]
 [-2.11661300e-02  4.67488257e-01]
 [ 2.78786449e-01  2.05767105e-01]
 [-1.22792185e-01  2.58166143e-01]
 [ 1.16627075e-01  7.02488091e-02]
 [-4.58138288e-01 -2.80106544e-01]
 [-1.07759812e-02 -1.71937220e-01]
 [-7.26407416e-03  2.71355943e-02]
 [-7.63583677e-02 -3.82027317e-01]
 [-1.71730414e-01  2.31339843e-01]
 [-1.24099730e-01  1.78880636e-01]
 [ 7.96894152e-02 -4.67735562e-02]
 [ 8.06496389e-02  7.80589253e-02]
 [ 3.03631217e-01 -5.69928240e-01]
 [-2.51499709e-01  6.80316870e-02]
 [ 4.51270441e-01 -3.68791508e-02]
 [-5.10146095e-02 -1.35290427e-01]
 [ 3.60361419e-02 -2.93858402e-01]
 [ 3.36757015e-01 -1.64164800e-01]
 [-9.61990343e-02 -1.36526563e-01]
 [-1.84563556e-01  2.91400978e-02]
 [ 3.32222673e-01 -4.20905972e-01]
 [-8.49707069e-02  1.67977402e-01]
 [-1.73872878e-02 -8.39076012e-02]
 [ 2.32305349e-01  4.93548268e-01]
 [-1.28839704e-01  1.09364562e-01]
 [ 5.64660594e-02  3.88793207e-01]
 [ 1.53992959e-01 -1.88422175e-01]
 [ 2.27496591e-01 -1.98413975e-01]
 [-1.17639477e-01 -2.84978974e-01]
 [-1.33587092e-01 -2.97279867e-03]
 [ 1.59104214e-01 -8.02374098e-02]
 [ 2.89684183e-01  1.55192175e-01]
 [-8.28686267e-02 -1.77733235e-01]
 [ 1.94799263e-01  2.92751255e-01]
 [-8.10267841e-01  4.50166783e-01]
 [ 1.40478138e-01 -1.40324618e-02]
 [ 4.66137745e-01 -2.74057288e-01]
 [ 6.25932159e-02 -3.42859685e-02]
 [ 8.99598526e-02 -1.65441809e-01]
 [ 2.01697497e-01  2.20317535e-01]
 [ 3.63253280e-01 -1.77735720e-01]
 [ 1.72271970e-01 -1.48095593e-01]
 [-1.01830673e-01 -3.26784534e-02]
 [-8.16380721e-02 -1.03620144e-01]
 [-1.97027698e-01  1.07353168e-01]
 [ 9.84061675e-02  1.73346433e-01]
 [ 2.04807259e-02 -4.22608568e-02]
 [ 7.24598298e-02 -1.19097364e-01]
 [-1.37476886e-01  4.18248738e-02]
 [-1.33261199e-01  6.69446111e-03]
 [ 1.15284633e-01  1.30530019e-01]
 [-7.11990059e-02  4.23355619e-02]
 [-2.65505108e-02  1.79283080e-01]
 [ 3.37298758e-02 -9.47327149e-02]
 [ 1.29867737e-01 -1.39302968e-01]
 [ 1.24098403e-01  1.24723827e-01]
 [ 2.88675812e-02 -1.37120997e-01]
 [ 2.51110940e-01  6.94389752e-02]
 [-3.27731596e-01 -1.71561495e-01]
 [-1.05110252e-02  2.75574277e-01]
 [-1.23866525e-01 -3.20733840e-03]
 [ 3.55793574e-03 -7.18235192e-02]
 [ 2.99613293e-02  1.53894798e-01]
 [ 1.68117461e-02  1.93664548e-01]
 [ 1.05898668e-01 -2.22811418e-01]
 [ 1.79342692e-01 -4.73817628e-01]
 [ 1.91044193e-01  3.17299422e-01]
 [ 1.45106210e-01 -1.96991176e-01]
 [ 1.48454200e-01  1.89653859e-01]
 [ 2.56337431e-01  1.73911440e-01]
 [-7.00703902e-02  5.48704535e-02]
 [-3.94713727e-02 -1.23772120e-01]
 [-1.12604473e-01  1.25601993e-01]
 [ 3.16038460e-02 -1.38973456e-01]
 [ 4.61850720e-04 -4.16101899e-01]
 [ 4.83677199e-02  2.48511933e-02]]
States:
[[9.97812522e-01 9.98187332e-01 4.62077607e-01 5.40944365e-01
  5.12999305e-01 5.97196216e-01]
 [9.97970122e-01 9.98060717e-01 4.63816753e-01 5.42347695e-01
  5.35639422e-01 6.15730972e-01]
 [9.98359958e-01 9.97768999e-01 4.68436034e-01 5.45415045e-01
  5.49790952e-01 6.19364538e-01]
 [9.98792001e-01 9.97035313e-01 4.74259573e-01 5.52334765e-01
  5.50998178e-01 6.66861555e-01]
 [9.99145987e-01 9.96295442e-01 4.79875059e-01 5.58481576e-01
  5.47097326e-01 6.09546355e-01]
 [9.98824710e-01 9.95828828e-01 4.74740309e-01 5.62041933e-01
  4.14382748e-01 6.32200149e-01]
 [9.97346514e-01 9.95125356e-01 4.57275237e-01 5.67047906e-01
  3.89174434e-01 6.28981138e-01]
 [9.95402192e-01 9.95235937e-01 4.40799803e-01 5.66286471e-01
  4.26089422e-01 5.55443040e-01]
 [9.93158246e-01 9.96220055e-01 4.25774812e-01 5.59071543e-01
  4.07131643e-01 5.42686184e-01]
 [9.90751565e-01 9.98009480e-01 4.12262991e-01 5.42902448e-01
  4.44552757e-01 4.36858707e-01]
 [9.87533883e-01 9.99377747e-01 3.96779675e-01 5.24002941e-01
  3.80839513e-01 5.06513907e-01]
 [9.82763865e-01 9.99818360e-01 3.77264072e-01 5.12971448e-01
  3.89817522e-01 5.41594568e-01]
 [9.78772414e-01 9.99995615e-01 3.63038823e-01 4.97985415e-01
  4.48318667e-01 4.54659163e-01]
 [9.74059181e-01 9.99409643e-01 3.47974805e-01 4.76621632e-01
  3.77345433e-01 4.56783812e-01]
 [9.68168708e-01 9.98260936e-01 3.31104964e-01 4.59895803e-01
  4.21317784e-01 5.15516613e-01]
 [9.64043227e-01 9.98227443e-01 3.20294759e-01 4.59512075e-01
  4.57587983e-01 6.73210727e-01]
 [9.60730723e-01 9.98904400e-01 3.12106726e-01 4.68159102e-01
  4.56317793e-01 6.36021977e-01]
 [9.55046449e-01 9.99424913e-01 2.98920715e-01 4.76925814e-01
  3.87322735e-01 6.74417804e-01]
 [9.46434379e-01 9.99867640e-01 2.80660163e-01 4.88928384e-01
  3.81667037e-01 6.78886836e-01]
 [9.37351303e-01 9.99992836e-01 2.63196169e-01 5.02577014e-01
  3.93593788e-01 6.96079396e-01]
 [9.29786065e-01 9.99773056e-01 2.49793359e-01 5.14498729e-01
  4.36290078e-01 6.56232958e-01]
 [9.20920037e-01 9.99068552e-01 2.35189936e-01 5.29362660e-01
  3.72244035e-01 7.34799870e-01]
 [9.05552942e-01 9.98047391e-01 2.12211798e-01 5.42492683e-01
  3.01246323e-01 6.34137740e-01]
 [8.85105181e-01 9.97211082e-01 1.85301477e-01 5.50763835e-01
  2.93022235e-01 6.70054389e-01]
 [8.62438214e-01 9.94561443e-01 1.59299880e-01 5.70801317e-01
  2.91903951e-01 7.91121426e-01]
 [8.42329978e-01 9.88335576e-01 1.38943267e-01 6.03387289e-01
  3.67758916e-01 8.41174783e-01]
 [8.23890291e-01 9.77224752e-01 1.22154464e-01 6.43712586e-01
  3.39122131e-01 9.04009746e-01]
 [8.04958444e-01 9.60261274e-01 1.06544193e-01 6.88302235e-01
  3.72471841e-01 9.16331083e-01]
 [7.80079017e-01 9.41354103e-01 8.82331758e-02 7.26663708e-01
  2.57788616e-01 8.36649700e-01]
 [7.46640020e-01 9.24495479e-01 6.70676929e-02 7.55054793e-01
  2.60093602e-01 7.86847774e-01]
 [7.12049824e-01 9.07807381e-01 4.88071792e-02 7.79482906e-01
  2.63234875e-01 7.90200335e-01]
 [6.75332118e-01 8.94561088e-01 3.29994520e-02 7.96875555e-01
  2.48629900e-01 6.86267398e-01]
 [6.33504197e-01 8.82796248e-01 1.90381161e-02 8.11104263e-01
  2.09797729e-01 7.45138665e-01]
 [5.85703085e-01 8.64992386e-01 7.92513455e-03 8.30795103e-01
  1.83953588e-01 7.89091209e-01]
 [5.37160658e-01 8.44538572e-01 1.59646399e-03 8.51104979e-01
  2.10908028e-01 7.73020475e-01]
 [4.92397129e-01 8.22838371e-01 2.53236752e-05 8.70382162e-01
  2.37565727e-01 7.89982339e-01]
 [4.56183506e-01 8.08609145e-01 1.71703290e-03 8.81921601e-01
  3.20943036e-01 6.36780372e-01]
 [4.21884557e-01 8.02571738e-01 5.78594418e-03 8.86577927e-01
  2.60233252e-01 6.53841208e-01]
 [3.92535995e-01 7.96069901e-01 1.12166802e-02 8.91441160e-01
  3.80989184e-01 6.43014877e-01]
 [3.71785334e-01 7.92533934e-01 1.61742042e-02 8.94022143e-01
  3.70531112e-01 6.06655394e-01]
 [3.51387315e-01 7.96280281e-01 2.19804920e-02 8.91286198e-01
  3.82621048e-01 5.29454457e-01]
 [3.38682093e-01 8.07473008e-01 2.60791340e-02 8.82808411e-01
  4.71594980e-01 4.87745765e-01]
 [3.30816943e-01 8.22986539e-01 2.88068326e-02 8.70257643e-01
  4.47756535e-01 4.54141587e-01]
 [3.17921170e-01 8.39307969e-01 3.36020191e-02 8.55950932e-01
  4.01712561e-01 4.64624440e-01]
 [3.08161486e-01 8.60359202e-01 3.75041207e-02 8.35597137e-01
  4.89165891e-01 3.56916671e-01]
 [3.03176298e-01 8.83115155e-01 3.95901697e-02 8.10732201e-01
  4.67835532e-01 4.05700671e-01]
 [2.96448025e-01 9.02659830e-01 4.25071016e-02 7.86429718e-01
  4.64282849e-01 3.87503809e-01]
 [2.93806219e-01 9.15578990e-01 4.36847143e-02 7.68494317e-01
  5.24786167e-01 5.20972242e-01]
 [2.93075295e-01 9.20849267e-01 4.40137789e-02 7.60666004e-01
  4.91504095e-01 5.51153000e-01]
 [2.91054272e-01 9.20377008e-01 4.49310166e-02 7.61380767e-01
  5.06380189e-01 6.53945767e-01]
 [2.92897097e-01 9.17676495e-01 4.40942185e-02 7.65417166e-01
  5.46028175e-01 6.03429550e-01]
 [3.01677505e-01 9.19391388e-01 4.02297939e-02 7.62863894e-01
  6.03743791e-01 5.51288325e-01]
 [3.12364209e-01 9.26354311e-01 3.57945175e-02 7.52128742e-01
  5.71808435e-01 4.77526680e-01]
 [3.18259364e-01 9.35826177e-01 3.34710632e-02 7.36462897e-01
  5.36388941e-01 4.79129373e-01]
 [3.24560418e-01 9.45300591e-01 3.10826456e-02 7.19327149e-01
  5.76742697e-01 4.60424366e-01]
 [3.39218665e-01 9.53234138e-01 2.58983977e-02 7.03582419e-01
  6.49764272e-01 5.03773655e-01]
 [3.57655081e-01 9.60623219e-01 2.00960354e-02 6.87475359e-01
  6.25827138e-01 4.59054703e-01]
 [3.78104568e-01 9.66411556e-01 1.45645223e-02 6.73629806e-01
  6.73529205e-01 5.38488870e-01]
 [3.86318218e-01 9.66348104e-01 1.26035100e-02 6.73788457e-01
  4.62513981e-01 6.57701862e-01]
 [3.81461227e-01 9.62978021e-01 1.37452809e-02 6.81988953e-01
  4.99546323e-01 6.52812044e-01]
 [3.88476328e-01 9.61839804e-01 1.21126690e-02 6.84664433e-01
  6.19390013e-01 5.79845469e-01]
 [4.05665513e-01 9.63134251e-01 8.56137069e-03 6.81618165e-01
  6.33346264e-01 5.71197941e-01]
 [4.25627241e-01 9.65894952e-01 5.22379067e-03 6.74916739e-01
  6.54057274e-01 5.28348264e-01]
 [4.51085028e-01 9.68095482e-01 2.16897385e-03 6.69357649e-01
  7.02977445e-01 5.87427883e-01]
 [4.87393902e-01 9.69895133e-01 1.01154298e-04 6.64653077e-01
  7.92401046e-01 5.41007924e-01]
 [5.33653521e-01 9.73796601e-01 1.32684716e-03 6.53899175e-01
  8.31073169e-01 5.03293199e-01]
 [5.80067407e-01 9.78455946e-01 6.93896952e-03 6.39855606e-01
  7.98672903e-01 4.96598829e-01]
 [6.21342091e-01 9.83315987e-01 1.57355500e-02 6.23356495e-01
  7.72099145e-01 4.71444323e-01]
 [6.55698858e-01 9.87465109e-01 2.59327039e-02 6.07131840e-01
  7.16438186e-01 5.02087330e-01]
 [6.86798857e-01 9.89836110e-01 3.75638286e-02 5.96576316e-01
  7.37637864e-01 5.49388055e-01]
 [7.18604266e-01 9.91434010e-01 5.20048847e-02 5.88726638e-01
  7.38455462e-01 5.39258294e-01]
 [7.50351840e-01 9.93417492e-01 6.92380884e-02 5.77850843e-01
  7.52594622e-01 5.09188115e-01]
 [7.79131482e-01 9.95327600e-01 8.75813103e-02 5.65648489e-01
  7.12598874e-01 5.21905950e-01]
 [8.01826131e-01 9.96771869e-01 1.04106967e-01 5.54603818e-01
  6.74479077e-01 5.25165222e-01]
 [8.22898568e-01 9.97664353e-01 1.21297607e-01 5.46465663e-01
  7.00841574e-01 5.60786904e-01]
 [8.43266245e-01 9.98103219e-01 1.39841263e-01 5.41881908e-01
  6.78867310e-01 5.72610242e-01]
 [8.60897034e-01 9.98113431e-01 1.57656193e-01 5.41769213e-01
  6.68764496e-01 6.20083291e-01]
 [8.77409691e-01 9.97971530e-01 1.76068769e-01 5.43308715e-01
  6.74348196e-01 5.94801755e-01]
 [8.94721705e-01 9.98253039e-01 1.97496396e-01 5.40196672e-01
  7.04480513e-01 5.58330938e-01]
 [9.13406517e-01 9.98530416e-01 2.23618149e-01 5.36872483e-01
  7.32510766e-01 5.91773755e-01]
 [9.31639336e-01 9.98798132e-01 2.52990703e-01 5.33349431e-01
  7.35590589e-01 5.55945324e-01]
 [9.50011777e-01 9.99118297e-01 2.88020831e-01 5.28568513e-01
  7.95583715e-01 5.74934739e-01]
 [9.64786850e-01 9.99484658e-01 3.22190329e-01 5.21844986e-01
  7.05968296e-01 5.30450926e-01]
 [9.74783948e-01 9.99675313e-01 3.50189247e-01 5.17341192e-01
  6.99432884e-01 6.03991339e-01]
 [9.82303072e-01 9.99638492e-01 3.75538484e-01 5.18297718e-01
  6.63984675e-01 6.03029824e-01]
 [9.87889192e-01 9.99659919e-01 3.98378753e-01 5.17747380e-01
  6.61922811e-01 5.84092603e-01]
 [9.92465299e-01 9.99616474e-01 4.21664273e-01 5.18846499e-01
  6.66650385e-01 6.24679303e-01]
 [9.96024946e-01 9.99224182e-01 4.45606489e-01 5.26799609e-01
  6.67908606e-01 6.74885879e-01]
 [9.98609396e-01 9.98751845e-01 4.71688214e-01 5.33984802e-01
  6.92030349e-01 6.14947782e-01]
 [9.99959648e-01 9.99198270e-01 5.03111102e-01 5.27243144e-01
  7.34534289e-01 4.90410382e-01]
 [9.99018805e-01 9.99666185e-01 5.41393803e-01 5.17583180e-01
  7.79118827e-01 5.75657686e-01]
 [9.94396308e-01 9.99882049e-01 5.85449242e-01 5.10453268e-01
  8.11092367e-01 5.24447395e-01]
 [9.84828340e-01 9.99987958e-01 6.33826076e-01 5.03340753e-01
  8.43253271e-01 5.75575069e-01]
 [9.68258008e-01 9.99986307e-01 6.87789289e-01 5.03562398e-01
  9.02447004e-01 6.21554393e-01]
 [9.44726443e-01 9.99925646e-01 7.41888384e-01 5.08299877e-01
  8.76773857e-01 6.35461112e-01]
 [9.17014202e-01 9.99855530e-01 7.90047556e-01 5.11568617e-01
  8.59473592e-01 6.02274092e-01]
 [8.86893130e-01 9.99762680e-01 8.31625061e-01 5.14826385e-01
  8.23735263e-01 6.35102317e-01]
 [8.54619242e-01 9.99660278e-01 8.68027503e-01 5.17738011e-01
  8.25713037e-01 5.97931066e-01]
 [8.19291753e-01 9.99900749e-01 9.00917695e-01 5.09589076e-01
  8.19692430e-01 4.88874704e-01]]
Logstds:
[[-3. -3.]
 [-3. -3.]
 [-3. -3.]
 [-3. -3.]
 [-3. -3.]
 [-3. -3.]
 [-3. -3.]
 [-3. -3.]
 [-3. -3.]
 [-3. -3.]
 [-3. -3.]
 [-3. -3.]
 [-3. -3.]
 [-3. -3.]
 [-3. -3.]
 [-3. -3.]
 [-3. -3.]
 [-3. -3.]
 [-3. -3.]
 [-3. -3.]
 [-3. -3.]
 [-3. -3.]
 [-3. -3.]
 [-3. -3.]
 [-3. -3.]
 [-3. -3.]
 [-3. -3.]
 [-3. -3.]
 [-3. -3.]
 [-3. -3.]
 [-3. -3.]
 [-3. -3.]
 [-3. -3.]
 [-3. -3.]
 [-3. -3.]
 [-3. -3.]
 [-3. -3.]
 [-3. -3.]
 [-3. -3.]
 [-3. -3.]
 [-3. -3.]
 [-3. -3.]
 [-3. -3.]
 [-3. -3.]
 [-3. -3.]
 [-3. -3.]
 [-3. -3.]
 [-3. -3.]
 [-3. -3.]
 [-3. -3.]
 [-3. -3.]
 [-3. -3.]
 [-3. -3.]
 [-3. -3.]
 [-3. -3.]
 [-3. -3.]
 [-3. -3.]
 [-3. -3.]
 [-3. -3.]
 [-3. -3.]
 [-3. -3.]
 [-3. -3.]
 [-3. -3.]
 [-3. -3.]
 [-3. -3.]
 [-3. -3.]
 [-3. -3.]
 [-3. -3.]
 [-3. -3.]
 [-3. -3.]
 [-3. -3.]
 [-3. -3.]
 [-3. -3.]
 [-3. -3.]
 [-3. -3.]
 [-3. -3.]
 [-3. -3.]
 [-3. -3.]
 [-3. -3.]
 [-3. -3.]
 [-3. -3.]
 [-3. -3.]
 [-3. -3.]
 [-3. -3.]
 [-3. -3.]
 [-3. -3.]
 [-3. -3.]
 [-3. -3.]
 [-3. -3.]
 [-3. -3.]
 [-3. -3.]
 [-3. -3.]
 [-3. -3.]
 [-3. -3.]
 [-3. -3.]
 [-3. -3.]
 [-3. -3.]
 [-3. -3.]
 [-3. -3.]]
