Baseline:
[1.4884068 1.5004878 1.5408946 1.5518692 1.5397025 1.4840274 1.4860896
 1.4672363 1.452463  1.4824514 1.5153508 1.5288985 1.541693  1.5606024
 1.5606661 1.5390216 1.5483128 1.5541035 1.5691495 1.5433481 1.5295177
 1.5218456 1.5313947 1.524279  1.4821851 1.495444  1.5037608 1.4964128
 1.4801042 1.4592007 1.461101  1.461966  1.4300591 1.4040567 1.3869858
 1.3526945 1.3739915 1.3748255 1.356267  1.3484274 1.3888617 1.399521
 1.3710971 1.3766699 1.3785132 1.4010396 1.381685  1.3512821 1.3528967
 1.3622476 1.3697263 1.3844285 1.3592225 1.3505435 1.3720224 1.3767064
 1.3830752 1.4229361 1.4459515 1.4600486 1.5004517 1.511472  1.4895775
 1.4838552 1.5314909 1.528776  1.5033423 1.5164355 1.4973869 1.5161564
 1.517606  1.5195117 1.5384048 1.548013  1.5578513 1.5568664 1.5521296
 1.5344435 1.5191408 1.5115986 1.4787314 1.4589945 1.4485345 1.428183
 1.4075326 1.3832579 1.3767359 1.3588011 1.3156247 1.3067082 1.3206329
 1.3239782 1.2740281 1.2335234 1.25313   1.2364749 1.2494559 1.2414687
 1.2415937 1.2648315 1.2614319 1.2537401 1.238067  1.2471523 1.2241392
 1.220201  1.1983716 1.1910486 1.19069   1.1981298 1.1702677 1.1619785
 1.1644919 1.1613    1.1464528 1.1289587 1.1330321 1.142779  1.154765
 1.1996188 1.1810439 1.1869161 1.191917  1.2069156 1.2126052 1.2416546
 1.2292709 1.2064254 1.2147171 1.1830945 1.1721251 1.1664721 1.2032142
 1.2361643 1.2503314 1.2251375 1.2453731 1.2441393 1.260067  1.2398853
 1.2774339 1.3011891 1.3073401 1.3030009 1.3359289 1.355327  1.3441672
 1.34187   1.3623407 1.3561385 1.3837624 1.3417751 1.3518798 1.3763409
 1.3664118 1.4005666 1.3966949 1.4251614 1.4358375 1.4461418 1.4356766
 1.4427342 1.4746672 1.4601082 1.4561491 1.445011  1.4345608 1.4298289
 1.4130754 1.4112811 1.4079323 1.3749211 1.3664459 1.3471272 1.3424294
 1.3340924 1.3583679 1.3608586 1.371239  1.3790529 1.3794422 1.3839364
 1.385618  1.3892119 1.392575  1.3779681 1.3814881 1.4016367 1.3797963
 1.3888448 1.3661587 1.3486263 1.3437303 1.3432553 1.3313051 1.3425333
 1.3808262 1.4226122 1.4202336 1.4354334 1.4354334]
Returns:
[9.84206392 9.87915831 9.73608236 9.75841024 9.65100354 9.38178583
 9.39615691 9.44873033 9.4885984  9.39004859 9.27377585 9.29539364
 9.25723521 9.24171966 9.31640631 9.33293242 9.39297313 9.38004438
 9.36923163 9.35164316 9.36812609 9.40691016 9.4165638  9.41671421
 9.33536167 9.35001513 9.3148083  9.37150032 9.41602316 9.23215172
 9.23210148 8.70807125 8.59787855 8.49112526 8.42822474 8.31863736
 8.2386619  8.14251136 8.11632745 8.08259574 7.8219069  7.77532261
 7.57428113 7.51294023 7.48530627 7.32446941 7.26734439 7.12460086
 7.10637466 7.06379706 6.93845533 6.87466972 6.78450448 6.51294288
 6.4528646  6.46403107 6.46171837 6.29848761 6.23725961 6.26301305
 6.07232557 6.07579433 5.97722737 5.98084705 5.61911776 5.63054225
 5.47738926 5.42961451 5.33650383 5.29786965 5.30700593 5.21003245
 5.12343405 5.06401355 4.99524447 4.98358102 4.9376757  4.95380482
 4.9901492  5.02440353 4.97309526 5.04369412 5.11322208 5.21062934
 5.19071688 5.30089472 5.29674625 5.45599285 5.37453077 5.47474573
 5.4640943  5.12446593 5.34170852 5.12710457 5.18832386 5.13976298
 4.80928381 4.94485763 5.10725941 4.99375835 5.18352957 5.34105083
 5.48116975 5.56623705 5.69529818 5.87819939 6.03735973 6.23718947
 6.18305614 6.34150771 6.39043605 6.50346492 6.48146295 6.65094871
 6.77399999 6.78082862 6.92351312 6.96828934 6.98058417 6.77699543
 6.76684857 6.8364279  6.89935142 6.87993545 6.84363084 6.78120985
 6.64488011 6.58834042 6.40003834 6.16111791 6.20736065 6.27120165
 6.06485597 5.97676799 5.99399564 5.8821186  5.91782781 5.94958352
 5.9673271  5.93382005 5.89698118 5.92848449 6.01581886 6.08479938
 6.05373669 6.09702437 6.12338319 6.15282193 6.17166955 5.88408628
 5.78898549 5.43683027 5.495148   5.17500608 5.13757908 5.01442485
 5.01559257 4.92944773 4.88505698 4.84117691 4.65196407 4.66426215
 4.36439989 4.34467765 4.32854046 4.25817241 4.2693531  4.29220991
 4.30205253 4.32009506 4.28186306 4.19244616 4.26898861 4.19601515
 4.12040711 4.09031261 3.99127416 3.97463273 3.96266835 3.97231164
 3.89750279 3.90399916 3.93875474 3.90867585 3.88420971 3.93524479
 3.86422856 3.76197515 3.72117251 3.62200219 3.23828127 3.0463638
 2.95811085 2.84366543 2.60623575 2.13904006 1.6524116  1.16014954
 0.81816042 0.44497603]
Advants:
[5.51402766 5.55627507 5.38581975 5.41166147 5.32919841 5.12291688
 5.14348609 5.22608591 5.29454199 5.17702003 5.03518897 5.05147527
 5.00786244 4.98033811 5.06475759 5.11473983 5.17987668 5.17619115
 5.16584724 5.19115078 5.24094812 5.30998477 5.33459678 5.36868282
 5.35731459 5.38901848 5.37704018 5.47729342 5.57930424 5.45598346
 5.49699707 5.00249236 4.95476465 4.90467759 4.8907064  4.84765395
 4.77823985 4.71282808 4.73922919 4.74946134 4.47822683 4.45164749
 4.3069677  4.26830222 4.26856786 4.11181022 4.10174368 4.01599251
 4.02439267 4.00150482 3.89609106 3.84491726 3.80758969 3.5665623
 3.50619967 3.53588279 3.55210962 3.36976721 3.30543508 3.33905946
 3.1246611  3.13499011 3.07535014 3.10346447 2.70181042 2.7247547
 2.60264048 2.54597237 2.47417738 2.41745859 2.42612618 2.32525351
 2.21433593 2.13728415 2.04753888 2.02444347 1.96852708 1.98738393
 2.02439569 2.05160298 2.01675937 2.09208924 2.15826686 2.26468072
 2.2531302  2.37840579 2.37089396 2.54282782 2.49766343 2.60270534
 2.57293126 2.21370949 2.47153356 2.28188303 2.30790675 2.25809716
 1.88458554 1.99997526 2.1366996  1.9680026  2.13246731 2.27163855
 2.40398855 2.45688154 2.58860315 2.75913479 2.92802519 3.12845454
 3.0657206  3.21168045 3.28536343 3.40706152 3.3822002  3.55984316
 3.70739478 3.74294524 3.89802739 3.9520143  3.97290524 3.73911439
 3.76370297 3.84691752 3.92780083 3.9172384  3.89982956 3.8322099
 3.73031295 3.7195041  3.54166489 3.34830815 3.42241844 3.51239941
 3.28402561 3.17521135 3.19163182 3.11676577 3.1455416  3.19398691
 3.21263138 3.21715605 3.15983866 3.18635045 3.29040664 3.39081549
 3.35424241 3.40862408 3.48039279 3.5502781  3.59000377 3.34479149
 3.25752103 2.97623474 3.05728084 2.73765013 2.73640142 2.60271237
 2.63353978 2.54336853 2.51312064 2.48419377 2.32732713 2.35647452
 2.04036097 2.05205569 2.05779487 2.01617675 2.05758888 2.10749715
 2.15913656 2.20676359 2.2009592  2.17436489 2.29436288 2.27700891
 2.24329881 2.26123752 2.17718739 2.20007238 2.22263279 2.27324926
 2.24866855 2.30566199 2.39943483 2.43059012 2.47225083 2.61533268
 2.62252787 2.58503414 2.65762694 2.64541527 2.37740033 2.29856589
 2.316321   2.30855133 2.19134593 1.81562307 1.38591701 0.93867846
 0.68276893 0.37320423]
Mus:
[[-1.58170834e-02 -5.36570558e-03]
 [-1.65216215e-02 -6.01658178e-03]
 [-1.59142688e-02 -5.59156481e-03]
 [-1.53471120e-02 -5.05908392e-03]
 [-1.45699158e-02 -4.19070665e-03]
 [-1.51402866e-02 -4.52242605e-03]
 [-1.51759898e-02 -4.36607283e-03]
 [-1.50827821e-02 -4.51442320e-03]
 [-1.50815872e-02 -4.49892413e-03]
 [-1.61113702e-02 -4.87097586e-03]
 [-1.63371228e-02 -4.81920224e-03]
 [-1.65878925e-02 -4.78619896e-03]
 [-1.69911757e-02 -5.32477954e-03]
 [-1.66125838e-02 -4.84903948e-03]
 [-1.68936197e-02 -4.97192843e-03]
 [-1.66310705e-02 -4.95103234e-03]
 [-1.66914538e-02 -4.94103506e-03]
 [-1.60975866e-02 -4.28674836e-03]
 [-1.67002231e-02 -4.77147708e-03]
 [-1.60900205e-02 -4.44866205e-03]
 [-1.65951978e-02 -4.99831280e-03]
 [-1.74600780e-02 -5.68784587e-03]
 [-1.86165050e-02 -6.50479458e-03]
 [-1.88923124e-02 -7.12564914e-03]
 [-1.74361356e-02 -6.68064738e-03]
 [-1.75644197e-02 -7.01422244e-03]
 [-1.65996384e-02 -6.37632422e-03]
 [-1.60170607e-02 -6.33514486e-03]
 [-1.46774929e-02 -5.86818112e-03]
 [-1.21090394e-02 -4.37340746e-03]
 [-1.12888245e-02 -3.94940097e-03]
 [-1.14320917e-02 -2.94128573e-03]
 [-1.01049626e-02 -2.84686126e-03]
 [-9.12594981e-03 -2.26208428e-03]
 [-7.85954949e-03 -2.45921523e-03]
 [-5.36152115e-03 -2.04336504e-03]
 [-5.00777736e-03 -2.24251417e-03]
 [-3.56116518e-03 -2.55045923e-03]
 [-9.15081822e-04 -1.98282208e-03]
 [ 1.29772362e-03 -1.24473765e-03]
 [ 5.02468902e-04 -1.62511237e-03]
 [ 1.18533918e-03 -1.68026902e-03]
 [ 3.53678525e-03 -2.82742287e-04]
 [ 3.82470433e-03 -6.57804703e-05]
 [ 4.59562102e-03 -8.85664394e-06]
 [ 3.77291953e-03 -4.03877311e-05]
 [ 5.10365237e-03  4.30462562e-04]
 [ 7.93461129e-03  1.37402199e-03]
 [ 8.49127769e-03  1.54598546e-03]
 [ 7.96181615e-03  1.49736740e-03]
 [ 6.50421157e-03  1.45434134e-03]
 [ 5.44760143e-03  1.02492282e-03]
 [ 7.45011400e-03  1.43593038e-03]
 [ 1.11769661e-02  1.59720122e-03]
 [ 1.18012130e-02  1.51320093e-03]
 [ 1.28612602e-02  1.89623621e-03]
 [ 1.32853333e-02  2.41032126e-03]
 [ 1.26642659e-02  2.25635315e-03]
 [ 1.32610379e-02  2.13696691e-03]
 [ 1.35352137e-02  2.12766859e-03]
 [ 1.26618668e-02  2.44748592e-03]
 [ 1.31202256e-02  2.47257738e-03]
 [ 1.41431317e-02  2.70194258e-03]
 [ 1.47039033e-02  3.19692167e-03]
 [ 1.42138358e-02  3.36836837e-03]
 [ 1.47147579e-02  3.77592654e-03]
 [ 1.43193901e-02  3.28421686e-03]
 [ 1.45013826e-02  3.98873864e-03]
 [ 1.32960696e-02  3.40716820e-03]
 [ 1.21985432e-02  3.28350323e-03]
 [ 1.17593249e-02  3.44482739e-03]
 [ 1.35820266e-02  5.04685193e-03]
 [ 1.24406284e-02  4.52986546e-03]
 [ 1.40280649e-02  5.58790332e-03]
 [ 1.60264913e-02  6.63870573e-03]
 [ 1.70313288e-02  6.84140157e-03]
 [ 1.64315533e-02  6.14312617e-03]
 [ 1.66605599e-02  6.10464811e-03]
 [ 1.81726068e-02  6.90844376e-03]
 [ 1.82864703e-02  6.93738181e-03]
 [ 1.94111783e-02  7.76402466e-03]
 [ 1.89495515e-02  7.63617130e-03]
 [ 1.86277777e-02  7.45844375e-03]
 [ 1.87709108e-02  7.76837673e-03]
 [ 1.46886436e-02  5.56282932e-03]
 [ 1.24581140e-02  4.64400928e-03]
 [ 1.51173361e-02  6.40172558e-03]
 [ 1.55943967e-02  6.80365087e-03]
 [ 1.13396076e-02  4.66408720e-03]
 [ 1.21958638e-02  5.27408021e-03]
 [ 1.41980611e-02  6.40517194e-03]
 [ 1.37674566e-02  6.34662295e-03]
 [ 1.62808094e-02  9.03730839e-03]
 [ 1.08653316e-02  6.69467449e-03]
 [ 1.18176276e-02  7.18987314e-03]
 [ 6.81097433e-03  4.73410729e-03]
 [ 7.91331567e-03  5.48356632e-03]
 [ 6.74304785e-03  5.25280274e-03]
 [ 6.34371117e-03  5.31031005e-03]
 [ 5.76858036e-03  4.72009974e-03]
 [ 4.86568734e-03  4.43099672e-03]
 [ 3.80458473e-03  4.17224225e-03]
 [ 1.13237137e-03  3.03643383e-03]
 [-1.46618835e-03  1.71646965e-03]
 [-2.95824884e-03  1.22747454e-03]
 [-3.72141553e-03  1.05714798e-03]
 [-5.27688069e-03  3.81287595e-04]
 [-6.86477032e-03 -2.05430886e-04]
 [-4.91167605e-03  1.30917330e-03]
 [-5.91745041e-03  1.07917970e-03]
 [-6.05002139e-03  8.19880748e-04]
 [-5.19828405e-03  1.40068203e-03]
 [-9.25617758e-03 -6.94800518e-04]
 [-1.11522172e-02 -1.60090486e-03]
 [-1.12777539e-02 -1.77096820e-03]
 [-1.05956905e-02 -1.62438478e-03]
 [-1.10236779e-02 -1.89750560e-03]
 [-1.45961707e-02 -3.72760673e-03]
 [-1.40721174e-02 -3.49910487e-03]
 [-1.92626696e-02 -6.14396995e-03]
 [-1.57827232e-02 -5.10536786e-03]
 [-1.40354801e-02 -4.69124503e-03]
 [-1.35486424e-02 -5.03904885e-03]
 [-1.36857871e-02 -5.84738096e-03]
 [-1.07588246e-02 -5.04449103e-03]
 [-1.10922325e-02 -5.95519505e-03]
 [-9.42112599e-03 -5.97234117e-03]
 [-3.31006106e-03 -3.57802329e-03]
 [-3.07503273e-03 -4.21796134e-03]
 [ 4.50981688e-03 -7.14424881e-04]
 [ 7.82614201e-03  5.86413604e-04]
 [ 9.91299935e-03  1.42111361e-03]
 [ 1.20973326e-02  3.12558189e-03]
 [ 1.22262156e-02  3.47738434e-03]
 [ 1.26371635e-02  4.03984683e-03]
 [ 1.41445249e-02  5.42613072e-03]
 [ 1.36727337e-02  5.00168605e-03]
 [ 1.35926725e-02  4.66629630e-03]
 [ 1.49560040e-02  5.77030098e-03]
 [ 1.62655916e-02  6.44152891e-03]
 [ 1.69195309e-02  6.88011060e-03]
 [ 1.72033161e-02  6.98325038e-03]
 [ 1.72456317e-02  6.88436208e-03]
 [ 1.72034707e-02  6.83701923e-03]
 [ 1.84390023e-02  7.42746424e-03]
 [ 1.92275327e-02  7.55591970e-03]
 [ 1.98825039e-02  8.43420718e-03]
 [ 1.81276482e-02  7.29718618e-03]
 [ 1.79792009e-02  6.84789103e-03]
 [ 2.08978876e-02  9.37152561e-03]
 [ 2.42525507e-02  1.11013083e-02]
 [ 2.07363479e-02  1.01512028e-02]
 [ 2.09420174e-02  1.03828376e-02]
 [ 1.90680176e-02  8.47575441e-03]
 [ 1.85588729e-02  8.76043458e-03]
 [ 2.08530370e-02  1.00921467e-02]
 [ 1.93599090e-02  9.25179012e-03]
 [ 1.90253276e-02  8.77432991e-03]
 [ 2.02032160e-02  9.74698644e-03]
 [ 1.99294705e-02  9.23402607e-03]
 [ 2.05858722e-02  1.03308484e-02]
 [ 2.06832811e-02  1.03034088e-02]
 [ 2.39691772e-02  1.17733991e-02]
 [ 2.35057231e-02  1.15207555e-02]
 [ 2.31799148e-02  1.09821837e-02]
 [ 2.15795618e-02  9.75425728e-03]
 [ 2.00873986e-02  8.95187072e-03]
 [ 2.07357462e-02  9.38307121e-03]
 [ 1.82360150e-02  8.19927547e-03]
 [ 1.91601738e-02  8.68070219e-03]
 [ 1.78902019e-02  7.81572610e-03]
 [ 1.69151053e-02  7.94298388e-03]
 [ 1.64746232e-02  7.89213553e-03]
 [ 1.65636204e-02  8.52915552e-03]
 [ 1.75580643e-02  9.61468369e-03]
 [ 1.67744663e-02  9.60273668e-03]
 [ 1.92126594e-02  1.08615132e-02]
 [ 1.93446055e-02  1.04605202e-02]
 [ 2.10375376e-02  1.13277659e-02]
 [ 2.25509461e-02  1.20333834e-02]
 [ 2.32780725e-02  1.27585605e-02]
 [ 2.40840223e-02  1.28243566e-02]
 [ 2.46833228e-02  1.29622174e-02]
 [ 2.53290124e-02  1.36298407e-02]
 [ 2.56796442e-02  1.40836788e-02]
 [ 2.56051552e-02  1.38008473e-02]
 [ 2.55077649e-02  1.41723780e-02]
 [ 2.57343482e-02  1.43323708e-02]
 [ 2.41312310e-02  1.37986448e-02]
 [ 2.33323798e-02  1.37100853e-02]
 [ 1.95461623e-02  1.24372821e-02]
 [ 1.43181346e-02  1.03933448e-02]
 [ 1.09840818e-02  8.91843066e-03]
 [ 8.90655722e-03  7.95594044e-03]
 [ 5.26081538e-03  6.84529729e-03]
 [ 3.30472435e-03  5.94680058e-03]
 [ 4.02796129e-03  5.62314084e-03]
 [ 2.66663637e-03  4.46638651e-03]
 [ 1.33719281e-04  3.62614542e-03]
 [-1.72200426e-03  2.61581712e-03]]
Actions:
[[-0.09733596  0.28186534]
 [ 0.33484031  0.26449022]
 [ 0.15578491 -0.01304953]
 [ 0.10820096 -0.3615802 ]
 [-0.47192529 -0.41289541]
 [ 0.11145663 -0.07600011]
 [-0.18725814 -0.09031474]
 [-0.03423689 -0.16827725]
 [ 0.25752849  0.24623173]
 [ 0.28721859  0.22660681]
 [ 0.12540573  0.08182904]
 [-0.14780438  0.32951812]
 [ 0.23127354  0.04557028]
 [-0.09511432  0.05196282]
 [-0.26948678 -0.14357935]
 [ 0.03851026  0.09762012]
 [ 0.18914158 -0.14157437]
 [-0.07096618  0.31506361]
 [-0.22026671 -0.26898635]
 [-0.29464374  0.08336397]
 [-0.24130131  0.13583678]
 [-0.10016831  0.28966421]
 [-0.30069763  0.18547497]
 [-0.34364965 -0.27917217]
 [ 0.07820335  0.18953316]
 [ 0.23134595 -0.05471331]
 [-0.06232363  0.01630097]
 [-0.0710717  -0.12089602]
 [ 0.13792566 -0.41424925]
 [ 0.1385897  -0.05966207]
 [ 0.53348397 -0.40416162]
 [-0.39208693 -0.14801854]
 [-0.02912795 -0.32183209]
 [-0.34314743  0.08457085]
 [-0.37182736 -0.11516952]
 [ 0.08924812  0.20847159]
 [-0.24518173  0.22427486]
 [-0.1894894  -0.07591854]
 [-0.00724488 -0.09302667]
 [ 0.30610649  0.32563869]
 [-0.01727746  0.15271989]
 [ 0.02377369 -0.4125509 ]
 [ 0.12026282 -0.00429217]
 [-0.04848849  0.07031993]
 [ 0.27321135  0.09206206]
 [-0.1431928  -0.16930151]
 [-0.28911833 -0.25796085]
 [-0.02319731 -0.00957227]
 [ 0.09566142  0.00447231]
 [ 0.22642194 -0.14294749]
 [ 0.12806604  0.1470069 ]
 [-0.36128252 -0.14067262]
 [-0.47733793  0.34813307]
 [ 0.01157045  0.26813745]
 [-0.0781408   0.02008934]
 [ 0.03261248 -0.09514318]
 [ 0.26018015  0.29659419]
 [-0.01764348  0.30999507]
 [-0.04767699  0.14279406]
 [ 0.40714344  0.13348785]
 [-0.03031745  0.17059209]
 [-0.3594306  -0.13964367]
 [-0.10173959 -0.11559095]
 [ 0.447716    0.40486752]
 [-0.04055503 -0.02745516]
 [-0.44456425 -0.08873156]
 [ 0.20495878  0.01222011]
 [-0.33841758 -0.07398968]
 [ 0.14130911  0.17605645]
 [ 0.00545248  0.01063009]
 [ 0.20689143 -0.18411065]
 [ 0.08750926  0.31895955]
 [ 0.22666098  0.06415155]
 [ 0.23724023  0.13439089]
 [ 0.02513665  0.17382669]
 [-0.10465368  0.26738685]
 [-0.12430805  0.02838359]
 [ 0.03520404 -0.06056304]
 [ 0.01762302  0.13560915]
 [-0.06736961 -0.2995203 ]
 [-0.11473735 -0.06842338]
 [ 0.03154766  0.16391231]
 [ 0.02673478 -0.08218365]
 [-0.28013863  0.28368292]
 [-0.05980346  0.21785977]
 [ 0.37052094  0.01275725]
 [ 0.08177347  0.02505756]
 [-0.3780726   0.41143718]
 [ 0.13712699  0.30633193]
 [ 0.28843577  0.36779659]
 [ 0.12596915 -0.69798569]
 [-0.02173594 -0.00999046]
 [-0.59614968 -0.28220245]
 [ 0.20732687  0.26367236]
 [-0.44768342  0.27073291]
 [ 0.2138497   0.66920517]
 [-0.07224154 -0.1934527 ]
 [ 0.01674237 -0.08940497]
 [ 0.10071951  0.50920542]
 [-0.04520282 -0.04528376]
 [-0.08244775 -0.14979083]
 [-0.26368113 -0.08386041]
 [-0.03345087  0.32658985]
 [-0.24312228  0.14191747]
 [-0.0220382   0.11245003]
 [-0.20713756 -0.12177632]
 [-0.05902231 -0.06250767]
 [ 0.29808017 -0.36614172]
 [ 0.13350203  0.03590148]
 [-0.3775102  -0.19979215]
 [ 0.03126283 -0.25583307]
 [-0.33692675  0.29420468]
 [-0.11017124  0.02957355]
 [-0.20414587 -0.16528719]
 [-0.35604244 -0.25278877]
 [-0.13196034 -0.04583719]
 [ 0.07632434  0.2392115 ]
 [ 0.24839582 -0.04148232]
 [ 0.16601462  0.4722711 ]
 [-0.30824703 -0.20462688]
 [-0.03878053 -0.03870708]
 [-0.16927386  0.04734762]
 [-0.30668126  0.17458383]
 [ 0.24236316 -0.04455243]
 [ 0.03557925  0.3270704 ]
 [-0.47815891  0.07249749]
 [-0.31730099 -0.20748129]
 [ 0.28024014  0.3596623 ]
 [ 0.21806591 -0.447065  ]
 [-0.04612642 -0.07829   ]
 [-0.05673239 -0.05472847]
 [ 0.47954596 -0.09774708]
 [ 0.3411731   0.14839183]
 [ 0.2031179   0.00916373]
 [-0.0810171  -0.41138974]
 [ 0.00860934  0.1868238 ]
 [-0.22137445  0.0449364 ]
 [ 0.22780741 -0.02410577]
 [-0.24464452 -0.23153842]
 [ 0.25120122  0.21379344]
 [ 0.10362474  0.16780694]
 [-0.08199725  0.0696487 ]
 [-0.17657583 -0.0544446 ]
 [ 0.23269517  0.2446253 ]
 [ 0.04626267  0.22781902]
 [ 0.03192611 -0.2766749 ]
 [-0.30032359  0.09165874]
 [-0.03787317  0.31788421]
 [ 0.33403481 -0.49606166]
 [ 0.40844038  0.0679031 ]
 [-0.38481309 -0.52018083]
 [ 0.01769455 -0.06987608]
 [-0.30608912  0.57411482]
 [-0.04727521 -0.27825836]
 [ 0.37745022  0.06562891]
 [-0.23136936  0.02972838]
 [ 0.09706003  0.36715923]
 [ 0.24638158 -0.08454085]
 [-0.02774653  0.30004885]
 [ 0.14501605 -0.430202  ]
 [ 0.03306595  0.08821703]
 [ 0.48573561  0.24688203]
 [-0.12409892 -0.07794582]
 [-0.11386342  0.19364242]
 [-0.27027031  0.21993633]
 [-0.17409476  0.08020432]
 [ 0.10402575  0.03603243]
 [-0.22363976  0.0418819 ]
 [ 0.15206604  0.12441083]
 [-0.00395443  0.35271908]
 [-0.08017374 -0.37567945]
 [ 0.02931664  0.0261843 ]
 [ 0.0305154  -0.36491167]
 [ 0.16940363 -0.33436356]
 [-0.05469678 -0.2976524 ]
 [ 0.35101496  0.09186025]
 [-0.07561378  0.2924192 ]
 [ 0.2362337   0.04629131]
 [ 0.20675769  0.04715613]
 [ 0.19902252 -0.27426478]
 [ 0.05244846  0.20812807]
 [ 0.08748126  0.12515982]
 [ 0.23949788 -0.15258403]
 [ 0.22161535 -0.11994995]
 [-0.09636399 -0.02084653]
 [ 0.24953017 -0.20107557]
 [ 0.32315592  0.15943111]
 [-0.03442704 -0.24006757]
 [ 0.31093307 -0.00434936]
 [ 0.49124569 -0.30097564]
 [ 0.30266057 -0.19375349]
 [-0.15183134 -0.0404521 ]
 [-0.13080903 -0.0469508 ]
 [-0.15314756 -0.30416581]
 [ 0.48781919 -0.02891569]
 [-0.40787652  0.35331469]
 [ 0.14911253  0.43734469]
 [-0.20552445 -0.12046003]
 [-0.06326926  0.17715086]
 [-0.13296802 -0.26736899]]
States:
[[0.9995901  0.99799055 0.48899232 0.54310563 0.51322882 0.59730776]
 [0.99950773 0.99743361 0.48702033 0.54870154 0.48823908 0.67118055]
 [0.99962531 0.99543155 0.48989555 0.56491726 0.57457925 0.73899355]
 ...
 [0.71094138 0.40917757 0.04827806 0.99775831 1.         0.51829667]
 [0.78009503 0.42444871 0.08824422 0.99890069 0.99549368 0.48828255]
 [0.8370936  0.43821527 0.13400473 0.99958507 0.96970549 0.5368517 ]]
Logstds:
[[-3. -3.]
 [-3. -3.]
 [-3. -3.]
 [-3. -3.]
 [-3. -3.]
 [-3. -3.]
 [-3. -3.]
 [-3. -3.]
 [-3. -3.]
 [-3. -3.]
 [-3. -3.]
 [-3. -3.]
 [-3. -3.]
 [-3. -3.]
 [-3. -3.]
 [-3. -3.]
 [-3. -3.]
 [-3. -3.]
 [-3. -3.]
 [-3. -3.]
 [-3. -3.]
 [-3. -3.]
 [-3. -3.]
 [-3. -3.]
 [-3. -3.]
 [-3. -3.]
 [-3. -3.]
 [-3. -3.]
 [-3. -3.]
 [-3. -3.]
 [-3. -3.]
 [-3. -3.]
 [-3. -3.]
 [-3. -3.]
 [-3. -3.]
 [-3. -3.]
 [-3. -3.]
 [-3. -3.]
 [-3. -3.]
 [-3. -3.]
 [-3. -3.]
 [-3. -3.]
 [-3. -3.]
 [-3. -3.]
 [-3. -3.]
 [-3. -3.]
 [-3. -3.]
 [-3. -3.]
 [-3. -3.]
 [-3. -3.]
 [-3. -3.]
 [-3. -3.]
 [-3. -3.]
 [-3. -3.]
 [-3. -3.]
 [-3. -3.]
 [-3. -3.]
 [-3. -3.]
 [-3. -3.]
 [-3. -3.]
 [-3. -3.]
 [-3. -3.]
 [-3. -3.]
 [-3. -3.]
 [-3. -3.]
 [-3. -3.]
 [-3. -3.]
 [-3. -3.]
 [-3. -3.]
 [-3. -3.]
 [-3. -3.]
 [-3. -3.]
 [-3. -3.]
 [-3. -3.]
 [-3. -3.]
 [-3. -3.]
 [-3. -3.]
 [-3. -3.]
 [-3. -3.]
 [-3. -3.]
 [-3. -3.]
 [-3. -3.]
 [-3. -3.]
 [-3. -3.]
 [-3. -3.]
 [-3. -3.]
 [-3. -3.]
 [-3. -3.]
 [-3. -3.]
 [-3. -3.]
 [-3. -3.]
 [-3. -3.]
 [-3. -3.]
 [-3. -3.]
 [-3. -3.]
 [-3. -3.]
 [-3. -3.]
 [-3. -3.]
 [-3. -3.]
 [-3. -3.]
 [-3. -3.]
 [-3. -3.]
 [-3. -3.]
 [-3. -3.]
 [-3. -3.]
 [-3. -3.]
 [-3. -3.]
 [-3. -3.]
 [-3. -3.]
 [-3. -3.]
 [-3. -3.]
 [-3. -3.]
 [-3. -3.]
 [-3. -3.]
 [-3. -3.]
 [-3. -3.]
 [-3. -3.]
 [-3. -3.]
 [-3. -3.]
 [-3. -3.]
 [-3. -3.]
 [-3. -3.]
 [-3. -3.]
 [-3. -3.]
 [-3. -3.]
 [-3. -3.]
 [-3. -3.]
 [-3. -3.]
 [-3. -3.]
 [-3. -3.]
 [-3. -3.]
 [-3. -3.]
 [-3. -3.]
 [-3. -3.]
 [-3. -3.]
 [-3. -3.]
 [-3. -3.]
 [-3. -3.]
 [-3. -3.]
 [-3. -3.]
 [-3. -3.]
 [-3. -3.]
 [-3. -3.]
 [-3. -3.]
 [-3. -3.]
 [-3. -3.]
 [-3. -3.]
 [-3. -3.]
 [-3. -3.]
 [-3. -3.]
 [-3. -3.]
 [-3. -3.]
 [-3. -3.]
 [-3. -3.]
 [-3. -3.]
 [-3. -3.]
 [-3. -3.]
 [-3. -3.]
 [-3. -3.]
 [-3. -3.]
 [-3. -3.]
 [-3. -3.]
 [-3. -3.]
 [-3. -3.]
 [-3. -3.]
 [-3. -3.]
 [-3. -3.]
 [-3. -3.]
 [-3. -3.]
 [-3. -3.]
 [-3. -3.]
 [-3. -3.]
 [-3. -3.]
 [-3. -3.]
 [-3. -3.]
 [-3. -3.]
 [-3. -3.]
 [-3. -3.]
 [-3. -3.]
 [-3. -3.]
 [-3. -3.]
 [-3. -3.]
 [-3. -3.]
 [-3. -3.]
 [-3. -3.]
 [-3. -3.]
 [-3. -3.]
 [-3. -3.]
 [-3. -3.]
 [-3. -3.]
 [-3. -3.]
 [-3. -3.]
 [-3. -3.]
 [-3. -3.]
 [-3. -3.]
 [-3. -3.]
 [-3. -3.]
 [-3. -3.]
 [-3. -3.]
 [-3. -3.]]
