Baseline:
[1.2659627  1.2562946  1.2672323  1.2373961  1.2285572  1.2060446
 1.2064705  1.1975373  1.2122661  1.2198765  1.2253326  1.1853195
 1.1736137  1.1451277  1.1279868  1.1254542  1.0973369  1.0684664
 1.0476367  1.0119544  0.97651416 0.95007527 0.93205273 0.90875876
 0.86031973 0.8363985  0.8323872  0.8098552  0.8057506  0.7935365
 0.80221474 0.89951444 0.94961536 0.9661217  0.9571363  0.93709767
 0.93892354 0.92657816 0.9240088  0.93942374 0.9437245  0.9373188
 0.9391513  0.95303875 0.95198566 0.9646512  0.9877117  0.99914885
 1.0117737  1.020564   1.012189   1.0008076  1.002462   0.9891343
 1.0095253  0.9992106  0.9981011  0.992765   0.99972326 1.0013497
 0.99858224 0.9980189  1.0141976  0.99065727 0.9882042  0.9526193
 0.95866287 0.9426342  0.9047342  0.87767994 0.88098156 0.8856846
 0.86885476 0.9022875  0.90150726 0.9165168  0.918406   0.92937815
 0.9354702  0.96003187 0.97947204 0.98434246 1.0005937  1.0163971
 1.0188249  1.0446758  1.0446469  1.0485858  1.0295314  1.0141665
 1.031809   1.0097493  1.0234734  1.0245682  1.0505804  1.060548
 1.0741099  1.1147326  1.1454059  1.1555337  1.1544527  1.1469823
 1.1875672  1.1861333  1.2101195  1.2129649  1.2214506  1.2468401
 1.2594725  1.2585869  1.252693   1.2237611  1.243279   1.2224478
 1.2410239  1.2310148  1.2253038  1.2597493  1.2691483  1.2673675
 1.2448736  1.2396332  1.2180094  1.2330781  1.254224   1.2638497
 1.2636976  1.2460388  1.247402   1.233519   1.226252   1.2355677
 1.20828    1.1915532  1.1724317  1.1426831  1.1438588  1.1113437
 1.0901766  1.0927051  1.0954386  1.0767379  1.0667458  1.069116
 1.0343096  1.0264078  1.021058   1.0165879  0.9985639  0.9894011
 1.0264589  1.0371974  1.0211031  1.0113238  1.0122266  1.0151733
 0.9949444  0.9660599  0.9882737  0.99306583 0.98979974 1.0038507
 0.99114347 1.0051669  0.99419737 1.002343   1.003105   0.99765295
 1.0029967  1.008685   1.0240524  1.01822    1.0284126  1.0295004
 1.0159374  1.0068176  1.0199933  1.036182   1.0402782  1.0656621
 1.0493966  1.0484726  1.0479144  1.018423   0.9956583  1.0078549
 1.0177212  1.0147625  1.0155096  1.0209795  1.0093962  0.999482
 0.9884982  0.97727025 0.9870096  1.0032337  1.035058   1.0396215
 1.0612043  1.0343229  1.0343229 ]
Returns:
[3.65828272 3.6726908  3.67284259 3.58623087 3.50329157 3.46944244
 3.46106976 3.36599833 3.15037112 3.11662792 3.11656487 2.96162285
 2.98593774 2.92399945 2.90521668 2.85861321 2.8421453  2.69514897
 2.70559176 2.68099721 2.45981011 2.48872854 2.40209422 2.41317771
 2.29047761 2.13680328 2.15392145 2.11945395 2.14895454 2.02605727
 2.01231969 1.85244128 1.75893314 1.6253491  1.67974277 1.65475928
 1.6892281  1.70055507 1.77094765 1.86766256 1.9821526  2.01634951
 2.11413235 2.2512808  1.88707805 1.84817873 1.94633401 2.06223476
 2.02282846 2.12353568 2.21617089 2.1764782  2.28733037 2.39351641
 2.39874802 2.43672209 2.40998505 2.41183846 2.48096584 2.57959521
 2.65808137 2.75549709 2.54535736 2.6066102  2.70381667 2.17903967
 2.17457145 2.21083666 2.09566167 2.02137185 2.06787751 2.11496043
 1.98419188 1.82164153 1.84633484 1.61980481 1.6461188  1.50070583
 1.51321094 1.38781922 1.38624235 1.46493794 1.44616141 1.45835219
 1.55097508 1.43195623 1.52906147 1.64320661 1.63402304 1.67003588
 1.72154158 1.60680914 1.71803048 1.7823304  1.82842243 1.93444453
 2.02883373 1.88684399 1.89177042 2.03298625 2.1716132  2.2907974
 2.10578673 2.23406615 2.31480409 2.45439738 2.61009661 2.61666685
 2.75843896 2.73493273 2.81260483 2.62504118 2.71099272 2.60672133
 2.68405053 2.72675977 2.73261264 2.547098   2.6174541  2.72808633
 2.7196743  2.82807885 2.75852741 2.56938886 2.3078887  2.2497072
 2.09990725 2.1261527  2.12287656 2.15212838 2.16594829 2.07541176
 2.04252493 2.11447458 2.12744997 2.17022831 2.1825117  1.99180428
 1.97508735 1.97038554 1.952998   2.02648346 2.13831919 2.12158047
 2.04316421 2.13591771 2.24075379 2.25837227 2.19754422 2.22639802
 2.29872927 2.30654337 2.32258023 2.40252596 2.46378007 2.47474237
 2.49846045 2.26214563 2.31989145 2.34363182 2.42210114 2.36420007
 2.35594127 2.32482892 2.05495878 2.0660334  2.05345563 2.09232102
 2.09222365 2.11065168 1.93374521 1.96174961 1.98121623 1.902867
 1.93886516 1.94466325 1.93174026 1.87101172 1.89742664 1.62943642
 1.66930712 1.4912047  1.47289175 1.36985848 1.32981283 1.2839319
 1.25586126 1.20013994 1.10836825 1.08159282 1.08481968 1.08593929
 1.0155009  0.89306343 0.82577072 0.76056661 0.51687406 0.52847735
 0.41497413 0.12278586]
Advants:
[1.70100182 1.74092037 1.74699287 1.70675599 1.6483113  1.65361362
 1.66259914 1.59309593 1.3736675  1.34289338 1.34868438 1.24247458
 1.2890712  1.26606112 1.27570026 1.24250832 1.26632377 1.15774687
 1.20034901 1.22407454 1.04629721 1.11201506 1.05252442 1.0978632
 1.03320043 0.90985037 0.93858177 0.93452665 0.97772292 0.8740247
 0.85849551 0.60083673 0.45226449 0.29214627 0.34660337 0.33182359
 0.35480333 0.36872146 0.43335485 0.50813117 0.61464901 0.65252314
 0.74848011 0.87556051 0.50532428 0.4444743  0.5118155  0.61109588
 0.5518307  0.63874018 0.73744031 0.70574664 0.81465111 0.93754287
 0.92558046 0.97883203 0.95779744 0.97019354 1.0399355  1.14815645
 1.24409665 1.36104372 1.14830974 1.25046693 1.37205195 0.89152345
 0.8900882  0.95384908 0.88662799 0.84884196 0.90363668 0.95990533
 0.85751473 0.66800214 0.70128517 0.4607501  0.48702034 0.32780119
 0.3313371  0.17362384 0.14353592 0.20980066 0.16548506 0.15168174
 0.23360753 0.07528348 0.1608215  0.2618521  0.262071   0.30456348
 0.32983182 0.22496582 0.31224659 0.36631964 0.37711051 0.46605558
 0.54166742 0.34774762 0.30893387 0.42989614 0.56293657 0.68627283
 0.45009906 0.5723449  0.62274816 0.75683607 0.9057161  0.88812322
 1.02258784 1.00504615 1.09670815 0.94195607 1.0146544  0.93543199
 1.00057917 1.06186673 1.08308771 0.86680421 0.93363651 1.05590204
 1.08111109 1.21034597 1.177854   0.98408161 0.70401783 0.63691559
 0.4834045  0.52447441 0.5166157  0.55759089 0.57698634 0.47221047
 0.461095   0.54652786 0.57609755 0.64812499 0.65903429 0.49573398
 0.49477884 0.48145905 0.45410748 0.54129835 0.66147323 0.63997945
 0.59243275 0.69192902 0.80426502 0.82937001 0.78851542 0.82982327
 0.86975928 0.8718042  0.91032168 1.00975219 1.08250228 1.10422074
 1.16439714 0.96816334 1.01694466 1.05085681 1.15135881 1.09754677
 1.12181809 1.09679781 0.85171911 0.86973801 0.87236106 0.93537184
 0.95004813 0.98501302 0.81091101 0.86551424 0.89761046 0.8404831
 0.91578714 0.95910236 0.96301284 0.91628221 0.9720494  0.70589964
 0.79331568 0.64460198 0.65718773 0.6142963  0.62974236 0.60538356
 0.60286465 0.5869052  0.53146343 0.53845631 0.59630529 0.65438544
 0.64414613 0.58290501 0.5577156  0.53002792 0.30430845 0.36560555
 0.28522076 0.07106972]
Mus:
[[-1.70541015e-02 -6.09326176e-03]
 [-1.70208905e-02 -6.05669245e-03]
 [-1.69394091e-02 -5.97252604e-03]
 [-1.69595163e-02 -5.99877629e-03]
 [-1.73122101e-02 -5.80271287e-03]
 [-1.67238843e-02 -5.95137710e-03]
 [-1.78202745e-02 -6.34045806e-03]
 [-1.82775222e-02 -6.26354525e-03]
 [-1.98871735e-02 -6.47904305e-03]
 [-2.12887358e-02 -7.06535392e-03]
 [-2.24766042e-02 -7.63168279e-03]
 [-2.27617659e-02 -8.06463975e-03]
 [-2.37008128e-02 -8.54931399e-03]
 [-2.41509192e-02 -9.20902751e-03]
 [-2.43328493e-02 -9.22301598e-03]
 [-2.58604009e-02 -9.69086122e-03]
 [-2.52034664e-02 -9.54728387e-03]
 [-2.52560247e-02 -1.01981973e-02]
 [-2.50521526e-02 -1.00605963e-02]
 [-2.46216990e-02 -1.02124894e-02]
 [-2.36354936e-02 -9.53983795e-03]
 [-2.39956845e-02 -9.63912532e-03]
 [-2.43607461e-02 -9.42869391e-03]
 [-2.42084842e-02 -9.00614541e-03]
 [-2.40248367e-02 -9.14876722e-03]
 [-2.30098628e-02 -9.11790598e-03]
 [-2.25585345e-02 -8.94327741e-03]
 [-1.70073714e-02 -6.51756022e-03]
 [-1.43980738e-02 -5.48444176e-03]
 [-4.56613069e-03 -1.41772279e-03]
 [ 1.41328620e-03  1.00050413e-03]
 [-1.16835684e-02 -6.69703633e-03]
 [-1.62036996e-02 -9.39664617e-03]
 [-1.71308052e-02 -1.02658169e-02]
 [-1.57319978e-02 -9.91706364e-03]
 [-1.20896772e-02 -8.04243330e-03]
 [-1.25929555e-02 -8.65671597e-03]
 [-8.98683257e-03 -6.79264171e-03]
 [-6.24218769e-03 -5.49878133e-03]
 [-5.33316005e-03 -5.08704316e-03]
 [-4.64387424e-03 -4.67126165e-03]
 [-1.27090153e-03 -2.76156887e-03]
 [ 1.15613954e-03 -1.26641185e-03]
 [ 3.13278264e-03  1.01230098e-05]
 [ 7.56727764e-03  3.25881829e-03]
 [ 4.58745938e-03  1.76594837e-03]
 [ 5.79939969e-03  2.90018413e-03]
 [ 6.26895949e-03  3.54481395e-03]
 [ 1.96070177e-03  1.68124819e-03]
 [ 1.03407991e-04  1.17010204e-03]
 [-2.95521645e-03 -2.03998745e-04]
 [-5.12486650e-03 -1.03429158e-03]
 [-6.01390516e-03 -1.04296533e-03]
 [-8.06278456e-03 -1.86891435e-03]
 [-9.31283459e-03 -1.97258452e-03]
 [-1.01981843e-02 -2.05490878e-03]
 [-1.36441579e-02 -3.58910114e-03]
 [-1.63043048e-02 -4.69877897e-03]
 [-1.80221163e-02 -5.16577903e-03]
 [-1.98393930e-02 -5.81273297e-03]
 [-2.20776517e-02 -6.76476210e-03]
 [-2.58728582e-02 -8.39413609e-03]
 [-3.61753106e-02 -1.30987521e-02]
 [-3.67276371e-02 -1.33236200e-02]
 [-4.05957922e-02 -1.50656030e-02]
 [-4.13860232e-02 -1.57860853e-02]
 [-4.43868376e-02 -1.75607260e-02]
 [-4.25889380e-02 -1.71971358e-02]
 [-3.58690247e-02 -1.45964110e-02]
 [-2.92016212e-02 -1.21372389e-02]
 [-2.64434982e-02 -1.15669444e-02]
 [-2.38701887e-02 -1.10290209e-02]
 [-1.53633393e-02 -7.59234885e-03]
 [-1.43918609e-02 -8.09876155e-03]
 [-9.54581797e-03 -6.24940358e-03]
 [-1.01159867e-02 -7.00484449e-03]
 [-8.48756824e-03 -6.27058232e-03]
 [-5.71848080e-03 -4.91503067e-03]
 [-5.94568625e-03 -5.40145393e-03]
 [-1.88688887e-03 -2.97261216e-03]
 [ 1.43851968e-03 -1.07944058e-03]
 [ 2.50465749e-03 -5.94595505e-04]
 [ 9.44486412e-04 -1.52715517e-03]
 [ 4.54825349e-03  4.43550933e-04]
 [ 4.23876848e-03  2.94572412e-04]
 [ 7.27131264e-03  2.02035601e-03]
 [ 5.49272168e-03  1.22775300e-03]
 [ 5.89416176e-03  1.59805280e-03]
 [ 4.09101322e-03  6.53464987e-04]
 [ 3.07599246e-03  5.93459627e-05]
 [ 6.94082445e-03  2.24821456e-03]
 [ 6.99996902e-03  2.29933090e-03]
 [ 7.59422174e-03  2.79321265e-03]
 [ 4.98377066e-03  1.48965383e-03]
 [ 6.51109358e-03  2.65203929e-03]
 [ 6.63854415e-03  3.08529590e-03]
 [ 5.69335558e-03  2.73595355e-03]
 [ 7.05582323e-03  3.73775931e-03]
 [ 6.69900980e-03  3.76808527e-03]
 [ 5.67475334e-03  3.36526800e-03]
 [ 4.57516592e-03  2.85382220e-03]
 [ 3.31033836e-03  2.24399730e-03]
 [ 1.69231696e-03  1.56815175e-03]
 [-7.55335204e-04  2.84655514e-04]
 [-1.31066248e-03  3.12164513e-04]
 [-2.23410898e-03 -2.51049619e-06]
 [-2.83060642e-03 -2.15660402e-04]
 [-2.57149269e-03  3.28938884e-04]
 [-3.03268177e-03  1.43669997e-04]
 [-5.21245925e-03 -1.55753538e-03]
 [-5.67319989e-03 -1.89185014e-03]
 [-5.97142521e-03 -2.40939390e-03]
 [-6.68290909e-03 -2.60582985e-03]
 [-6.98319776e-03 -2.71396944e-03]
 [-7.35276146e-03 -2.68488168e-03]
 [-7.32742809e-03 -2.56027188e-03]
 [-7.17132119e-03 -2.17043795e-03]
 [-7.75657268e-03 -1.83416612e-03]
 [-8.04182421e-03 -2.04042275e-03]
 [-8.34874250e-03 -2.43656500e-03]
 [-9.23610199e-03 -3.27656628e-03]
 [-9.67593305e-03 -3.41739180e-03]
 [-1.19694369e-02 -4.66446299e-03]
 [-1.04905199e-02 -3.32260923e-03]
 [-9.75443237e-03 -2.32455484e-03]
 [-9.52602550e-03 -1.83198240e-03]
 [-9.93378181e-03 -2.31545791e-03]
 [-9.90054570e-03 -2.55088066e-03]
 [-9.79775842e-03 -2.15182872e-03]
 [-1.00229289e-02 -2.57262727e-03]
 [-9.99486446e-03 -2.31895293e-03]
 [-9.75858420e-03 -1.75939151e-03]
 [-9.05649085e-03 -1.45200943e-03]
 [-8.07838328e-03 -9.95391281e-04]
 [-6.70958729e-03 -2.41984832e-04]
 [-5.32195764e-03  4.18932132e-06]
 [-4.19917423e-03  7.16106617e-04]
 [-3.55050177e-03  2.94546800e-04]
 [-2.65976042e-03  9.56862525e-04]
 [-1.54765358e-03  1.83158158e-03]
 [-1.12313763e-04  2.89821182e-03]
 [ 1.87984435e-03  3.48747591e-03]
 [ 2.84817745e-03  3.99951870e-03]
 [ 3.32360761e-03  4.07310342e-03]
 [ 2.48596282e-03  3.56576382e-03]
 [ 1.74276612e-03  3.30107333e-03]
 [ 1.09279843e-03  3.23337642e-03]
 [ 1.74336121e-04  3.23000853e-03]
 [ 8.24965446e-06  3.17237643e-03]
 [-2.79692904e-04  3.18646687e-03]
 [-6.37864601e-03  1.84783694e-05]
 [-1.02699455e-02 -1.87248434e-03]
 [-1.42840287e-02 -3.89512209e-03]
 [-1.52548039e-02 -4.05362155e-03]
 [-1.57455094e-02 -3.94402584e-03]
 [-2.04232987e-02 -6.17682282e-03]
 [-2.15740670e-02 -6.84744911e-03]
 [-1.78353451e-02 -4.97209141e-03]
 [-2.56543681e-02 -8.31971690e-03]
 [-2.91684382e-02 -9.76891443e-03]
 [-3.20647955e-02 -1.10380957e-02]
 [-3.50984149e-02 -1.21045839e-02]
 [-3.29018012e-02 -1.10698417e-02]
 [-3.54198702e-02 -1.20027326e-02]
 [-3.30017284e-02 -1.08182579e-02]
 [-3.55696306e-02 -1.20457821e-02]
 [-3.60850319e-02 -1.23321088e-02]
 [-3.66164148e-02 -1.27574336e-02]
 [-3.62131335e-02 -1.25271864e-02]
 [-3.56371514e-02 -1.22401211e-02]
 [-3.34203653e-02 -1.09971343e-02]
 [-3.46196555e-02 -1.16568059e-02]
 [-3.56346257e-02 -1.21432291e-02]
 [-3.96226570e-02 -1.42362909e-02]
 [-3.96900438e-02 -1.44268060e-02]
 [-4.10535410e-02 -1.53233996e-02]
 [-4.18329276e-02 -1.57222804e-02]
 [-4.21671569e-02 -1.58075914e-02]
 [-4.32866216e-02 -1.64021477e-02]
 [-4.59017158e-02 -1.79450270e-02]
 [-4.63174209e-02 -1.81656796e-02]
 [-4.32388522e-02 -1.64392609e-02]
 [-4.58478071e-02 -1.79299451e-02]
 [-4.59187925e-02 -1.81234870e-02]
 [-4.49271500e-02 -1.81965008e-02]
 [-4.54738438e-02 -1.87368244e-02]
 [-4.54287343e-02 -1.90715417e-02]
 [-4.23177406e-02 -1.77001171e-02]
 [-4.34933193e-02 -1.88938882e-02]
 [-4.28154208e-02 -1.91578642e-02]
 [-3.96287553e-02 -1.80521458e-02]
 [-3.67593504e-02 -1.71629768e-02]
 [-3.35308909e-02 -1.67447925e-02]
 [-2.85252761e-02 -1.45041896e-02]
 [-2.51201559e-02 -1.29707102e-02]
 [-2.27950662e-02 -1.20595619e-02]
 [-2.38438193e-02 -1.29661560e-02]
 [-2.12258492e-02 -1.20435795e-02]
 [-1.98310539e-02 -1.13270665e-02]
 [-1.47736007e-02 -9.76961106e-03]]
Actions:
[[-5.11997248e-02 -1.11683528e-01]
 [ 1.09694001e-01  8.14861117e-02]
 [-2.19180136e-01 -3.00046515e-01]
 [ 1.10476859e-01 -2.58407604e-01]
 [-2.57859946e-01 -1.21893697e-01]
 [ 9.21453188e-02 -1.36933124e-02]
 [ 1.58208478e-01 -2.11722658e-01]
 [ 4.15719787e-01 -3.71828683e-03]
 [ 1.04075990e-01  1.37706551e-01]
 [ 3.35503658e-02  1.19931722e-01]
 [-3.52795375e-01 -3.30997195e-01]
 [-5.07986015e-02 -3.49591021e-02]
 [-3.63184414e-01 -4.92873912e-02]
 [ 5.98662465e-02 -1.77546082e-01]
 [ 1.95032584e-01  4.22736693e-02]
 [-1.19935067e-01 -2.48667598e-01]
 [-5.05364077e-01  6.15410351e-02]
 [ 5.09447021e-02 -1.37822941e-01]
 [-3.09526330e-01 -1.21211400e-01]
 [ 2.05950568e-01 -4.02612883e-01]
 [-2.49490033e-04 -8.64638397e-02]
 [ 2.47212448e-01 -1.10990094e-01]
 [ 1.17774106e-01 -1.29406086e-01]
 [-4.86098867e-01 -1.50815254e-01]
 [-5.18145480e-01  8.20161824e-02]
 [-1.13764884e-01  1.58317877e-01]
 [-8.36355277e-02 -2.98276907e-01]
 [-1.52391097e-01  1.00031459e-01]
 [-9.02068598e-02 -4.20640288e-01]
 [-4.61702552e-02 -2.25090532e-01]
 [-4.56120507e-01  6.18350861e-02]
 [ 2.24374627e-01  2.66091622e-01]
 [ 6.50649634e-02  4.22106348e-01]
 [-1.21379267e-01  5.07990340e-02]
 [-5.80573441e-02 -3.15337261e-01]
 [-1.63820873e-01  1.82525761e-01]
 [-8.39028156e-02 -2.81776429e-01]
 [-1.50061359e-01 -1.08994403e-01]
 [ 3.52825111e-02  1.25612097e-01]
 [-1.59347234e-01  3.64960889e-02]
 [-8.59340888e-02 -2.89896106e-01]
 [ 9.49401389e-02 -1.86955199e-01]
 [ 4.99264439e-02 -4.88521693e-02]
 [-1.14992502e-03 -6.90238994e-01]
 [-1.10605511e-01  3.90422375e-01]
 [ 1.45799167e-01 -8.47661667e-02]
 [ 1.12294746e-02 -1.38972504e-01]
 [ 2.27685734e-02  4.09901237e-01]
 [ 5.84472765e-02 -1.46307527e-01]
 [-1.87972410e-01 -6.81526634e-02]
 [-1.46318807e-01 -4.05322336e-01]
 [ 1.00247985e-01 -1.80662333e-02]
 [-1.59975217e-01 -3.15669850e-02]
 [ 3.00404342e-01  8.31160645e-02]
 [-3.50339701e-02 -2.93696584e-01]
 [-7.38686652e-02 -3.78392860e-01]
 [-7.62142549e-02 -3.32615357e-01]
 [ 1.55981672e-01 -2.65684124e-02]
 [ 5.25240350e-02 -4.07146035e-02]
 [-7.44982310e-02 -1.82307792e-01]
 [-9.34711639e-02  7.99974952e-02]
 [-2.20346954e-01  5.20330561e-01]
 [-9.71603996e-02 -2.21048197e-01]
 [-2.85219949e-02  8.29691761e-02]
 [-8.29426383e-01 -1.78355222e-01]
 [-1.96221984e-02  2.41956746e-01]
 [-2.27357594e-01 -1.29111262e-01]
 [-7.40936123e-02 -4.49217192e-01]
 [ 8.32348421e-02 -3.49996747e-01]
 [-7.98335733e-04  2.46872545e-02]
 [-1.04791604e-01  5.28934293e-02]
 [-2.20953549e-01 -4.02677726e-01]
 [ 1.32520516e-01  4.16886279e-01]
 [ 3.47520798e-02 -1.73588693e-01]
 [ 2.63091302e-01 -4.27631351e-01]
 [ 1.55712765e-01 -8.82001295e-02]
 [ 1.75835171e-01 -4.01680015e-01]
 [-1.96984193e-01  1.94162807e-01]
 [ 4.02582340e-01 -1.29762087e-01]
 [ 2.62277397e-01 -4.28759346e-02]
 [-4.62303541e-02  8.30291694e-03]
 [-6.30955571e-02  3.31026304e-01]
 [ 2.72855728e-01  5.17914188e-02]
 [-7.04704488e-02  8.96781668e-02]
 [ 3.95710724e-01  2.46463692e-01]
 [-9.82681761e-02  8.93176446e-02]
 [ 3.33454470e-02  6.31881127e-04]
 [-3.21096963e-01 -1.40820737e-01]
 [-2.73843690e-01 -1.06780500e-01]
 [ 2.37820499e-01 -9.14108914e-02]
 [-3.14775747e-01 -3.63397249e-01]
 [ 8.12468603e-02  4.13024018e-02]
 [-1.63637441e-01  1.84194039e-01]
 [ 2.71770208e-01 -1.03920489e-02]
 [ 9.32549907e-02 -1.13837009e-01]
 [ 7.32958968e-02  1.69696692e-01]
 [ 4.63984705e-01  2.20041931e-01]
 [ 2.64021807e-01  2.24633443e-01]
 [ 3.84553503e-02  2.66064927e-02]
 [-7.88334396e-02 -7.75203267e-02]
 [-1.49380546e-01 -1.21895751e-01]
 [ 2.79647701e-01  4.85871329e-01]
 [-1.60842509e-01  3.12230853e-02]
 [ 2.22923052e-01  9.17659245e-02]
 [-1.95058566e-02 -1.44635374e-01]
 [ 5.85161204e-02 -1.78194878e-02]
 [ 3.60850120e-01 -3.18279802e-02]
 [ 9.72724265e-02  3.80049006e-02]
 [-2.44715104e-01  3.84799056e-01]
 [-1.60309055e-01 -2.56777310e-01]
 [-4.96283624e-01 -3.57209063e-01]
 [ 1.56859192e-01  1.33244821e-01]
 [-3.79724206e-01 -3.53311316e-01]
 [ 1.66165438e-01  8.15437345e-02]
 [-1.98027106e-01 -2.47014057e-01]
 [-1.02530863e-01 -3.32026874e-01]
 [ 4.95241287e-01  9.77816717e-02]
 [ 8.85653017e-02  1.99081689e-01]
 [-8.44210873e-02  1.52660668e-01]
 [-4.01887968e-01  5.00456531e-02]
 [-1.76961775e-01 -9.56546420e-02]
 [-4.80689001e-01  5.57044366e-03]
 [ 2.69658477e-01 -4.27617966e-01]
 [ 4.93917337e-01 -2.19453919e-01]
 [ 3.00998587e-01 -1.47849250e-01]
 [-1.63439452e-02  4.96101790e-01]
 [-2.82050377e-01 -7.19537106e-02]
 [ 1.52983383e-01 -2.26118116e-01]
 [-2.16594407e-01  1.65726733e-01]
 [ 2.26887740e-02 -2.65210934e-01]
 [ 3.32858486e-01 -1.56047756e-01]
 [-1.43685094e-01 -3.24506176e-01]
 [-3.69473508e-03 -1.06215607e-01]
 [ 2.14223255e-02 -2.70670143e-01]
 [-2.33098176e-01  9.90367179e-02]
 [ 2.21804114e-01  1.09467263e-01]
 [-4.86266087e-01  2.69463219e-01]
 [-1.13372982e-02 -3.27128230e-01]
 [ 2.58905958e-01 -2.99972383e-02]
 [ 2.74351390e-01 -1.06803113e-01]
 [-1.83909569e-01  7.07090418e-02]
 [-1.16342623e-02 -3.14918375e-02]
 [-2.45574935e-02  3.35956771e-01]
 [-3.55199861e-01 -2.69203746e-01]
 [-7.20750733e-02  6.13392971e-02]
 [-2.16678994e-02 -1.17244162e-01]
 [ 3.59156404e-02 -3.00910952e-01]
 [-3.08336820e-01 -2.91067979e-01]
 [-1.68369728e-01 -2.29340691e-01]
 [-3.59753032e-02  5.48410490e-02]
 [-2.91197015e-02 -3.21344788e-01]
 [-2.87500955e-01  1.05605293e-01]
 [-3.50956256e-03 -1.81242122e-01]
 [ 1.69559218e-01 -1.03668295e-01]
 [-1.72716392e-01  2.48895528e-01]
 [-2.78106209e-01 -1.61040336e-01]
 [ 6.31693193e-02 -5.68988011e-01]
 [-8.87347404e-02 -1.37083847e-01]
 [ 3.18189916e-02 -2.40208623e-01]
 [-5.52878236e-02  1.61849206e-02]
 [ 2.95365270e-01  1.12194406e-01]
 [ 1.10701173e-01 -2.56888462e-01]
 [ 2.26459678e-01  1.45202913e-01]
 [ 1.40816999e-01 -5.41330458e-01]
 [-1.96766395e-02 -2.12033403e-01]
 [ 4.18011065e-03 -2.62947792e-01]
 [-1.36891310e-01 -1.16731018e-01]
 [ 1.50423589e-01 -1.21955586e-01]
 [ 1.39249221e-01 -3.27791406e-02]
 [ 4.14990824e-01 -2.89474378e-02]
 [-1.82512027e-01 -2.47396608e-02]
 [ 2.55737737e-02  1.34389233e-01]
 [-3.10826402e-01  2.43926600e-01]
 [-1.58613199e-01 -8.13021089e-02]
 [-2.43074398e-01  5.12983279e-02]
 [ 1.48480756e-01  1.17776450e-01]
 [ 2.41776815e-01  1.13577687e-01]
 [ 2.11750021e-02  1.12075657e-01]
 [ 7.91180659e-02  5.32237045e-01]
 [-1.03612815e-01 -1.30579463e-01]
 [ 3.58259204e-01 -2.28354740e-01]
 [-2.16502877e-01  1.90074884e-01]
 [-3.32373117e-01 -3.05824251e-01]
 [-3.45080656e-01 -8.12702782e-02]
 [ 6.54254923e-02  2.08488206e-01]
 [ 2.17527439e-02  1.93401417e-01]
 [ 1.56335920e-01 -1.86067577e-01]
 [-2.51420767e-01  2.51411900e-01]
 [-6.96753060e-02  1.76100136e-01]
 [-7.69910554e-02 -1.85634715e-01]
 [-1.56723873e-01 -1.28955719e-01]
 [-3.86353232e-01  1.01180122e-01]
 [ 1.79500147e-02 -3.55827962e-01]
 [ 1.67333802e-01 -8.16396224e-02]
 [ 1.34410992e-01  1.21434300e-01]
 [-1.58815276e-02  4.69365643e-01]
 [-8.37519595e-02 -2.15342687e-02]
 [ 2.26649018e-01  1.16454555e-01]
 [-5.04975928e-01 -3.00743919e-01]
 [-2.93914029e-01  1.90561958e-01]]
States:
[[9.99343106e-01 9.99616681e-01 4.83523815e-01 4.81160266e-01
  5.13271040e-01 5.96924022e-01]
 [9.99290106e-01 9.99519447e-01 4.82494235e-01 4.78906536e-01
  5.00151349e-01 5.67666411e-01]
 [9.99299483e-01 9.99383658e-01 4.82673523e-01 4.76112927e-01
  5.28533429e-01 5.89593608e-01]
 ...
 [5.77930379e-01 4.28971155e-01 6.58249819e-03 8.40106794e-04
  2.24809519e-01 8.32466057e-01]
 [5.38477069e-01 4.69446098e-01 1.70412838e-03 7.21501423e-05
  2.88667823e-01 8.58319461e-01]
 [4.93970770e-01 5.05119398e-01 1.19146615e-05 1.73002497e-03
  1.63575973e-01 7.74365474e-01]]
Logstds:
[[-3. -3.]
 [-3. -3.]
 [-3. -3.]
 [-3. -3.]
 [-3. -3.]
 [-3. -3.]
 [-3. -3.]
 [-3. -3.]
 [-3. -3.]
 [-3. -3.]
 [-3. -3.]
 [-3. -3.]
 [-3. -3.]
 [-3. -3.]
 [-3. -3.]
 [-3. -3.]
 [-3. -3.]
 [-3. -3.]
 [-3. -3.]
 [-3. -3.]
 [-3. -3.]
 [-3. -3.]
 [-3. -3.]
 [-3. -3.]
 [-3. -3.]
 [-3. -3.]
 [-3. -3.]
 [-3. -3.]
 [-3. -3.]
 [-3. -3.]
 [-3. -3.]
 [-3. -3.]
 [-3. -3.]
 [-3. -3.]
 [-3. -3.]
 [-3. -3.]
 [-3. -3.]
 [-3. -3.]
 [-3. -3.]
 [-3. -3.]
 [-3. -3.]
 [-3. -3.]
 [-3. -3.]
 [-3. -3.]
 [-3. -3.]
 [-3. -3.]
 [-3. -3.]
 [-3. -3.]
 [-3. -3.]
 [-3. -3.]
 [-3. -3.]
 [-3. -3.]
 [-3. -3.]
 [-3. -3.]
 [-3. -3.]
 [-3. -3.]
 [-3. -3.]
 [-3. -3.]
 [-3. -3.]
 [-3. -3.]
 [-3. -3.]
 [-3. -3.]
 [-3. -3.]
 [-3. -3.]
 [-3. -3.]
 [-3. -3.]
 [-3. -3.]
 [-3. -3.]
 [-3. -3.]
 [-3. -3.]
 [-3. -3.]
 [-3. -3.]
 [-3. -3.]
 [-3. -3.]
 [-3. -3.]
 [-3. -3.]
 [-3. -3.]
 [-3. -3.]
 [-3. -3.]
 [-3. -3.]
 [-3. -3.]
 [-3. -3.]
 [-3. -3.]
 [-3. -3.]
 [-3. -3.]
 [-3. -3.]
 [-3. -3.]
 [-3. -3.]
 [-3. -3.]
 [-3. -3.]
 [-3. -3.]
 [-3. -3.]
 [-3. -3.]
 [-3. -3.]
 [-3. -3.]
 [-3. -3.]
 [-3. -3.]
 [-3. -3.]
 [-3. -3.]
 [-3. -3.]
 [-3. -3.]
 [-3. -3.]
 [-3. -3.]
 [-3. -3.]
 [-3. -3.]
 [-3. -3.]
 [-3. -3.]
 [-3. -3.]
 [-3. -3.]
 [-3. -3.]
 [-3. -3.]
 [-3. -3.]
 [-3. -3.]
 [-3. -3.]
 [-3. -3.]
 [-3. -3.]
 [-3. -3.]
 [-3. -3.]
 [-3. -3.]
 [-3. -3.]
 [-3. -3.]
 [-3. -3.]
 [-3. -3.]
 [-3. -3.]
 [-3. -3.]
 [-3. -3.]
 [-3. -3.]
 [-3. -3.]
 [-3. -3.]
 [-3. -3.]
 [-3. -3.]
 [-3. -3.]
 [-3. -3.]
 [-3. -3.]
 [-3. -3.]
 [-3. -3.]
 [-3. -3.]
 [-3. -3.]
 [-3. -3.]
 [-3. -3.]
 [-3. -3.]
 [-3. -3.]
 [-3. -3.]
 [-3. -3.]
 [-3. -3.]
 [-3. -3.]
 [-3. -3.]
 [-3. -3.]
 [-3. -3.]
 [-3. -3.]
 [-3. -3.]
 [-3. -3.]
 [-3. -3.]
 [-3. -3.]
 [-3. -3.]
 [-3. -3.]
 [-3. -3.]
 [-3. -3.]
 [-3. -3.]
 [-3. -3.]
 [-3. -3.]
 [-3. -3.]
 [-3. -3.]
 [-3. -3.]
 [-3. -3.]
 [-3. -3.]
 [-3. -3.]
 [-3. -3.]
 [-3. -3.]
 [-3. -3.]
 [-3. -3.]
 [-3. -3.]
 [-3. -3.]
 [-3. -3.]
 [-3. -3.]
 [-3. -3.]
 [-3. -3.]
 [-3. -3.]
 [-3. -3.]
 [-3. -3.]
 [-3. -3.]
 [-3. -3.]
 [-3. -3.]
 [-3. -3.]
 [-3. -3.]
 [-3. -3.]
 [-3. -3.]
 [-3. -3.]
 [-3. -3.]
 [-3. -3.]
 [-3. -3.]
 [-3. -3.]
 [-3. -3.]
 [-3. -3.]
 [-3. -3.]
 [-3. -3.]
 [-3. -3.]
 [-3. -3.]
 [-3. -3.]
 [-3. -3.]]
